长条形标签叠放实验， 拟合出正确顺序
speed   : 2.5
epc_type: 2
epc     : 000f - 0015
order   : 000f - 0015
0000 0014 2000 0000 0000 0000#1624798408323914#-45.0#4.368777283898306#1
0000 0011 2000 0000 0000 0000#1624798408329003#-57.0#2.0371264863121317#1
3008 33B2 DDD9 0140 2018 0626#1624798408330047#-56.0#3.663146121470911#1
E200 001B 2014 0164 1580 8A56#1624798408331161#-63.5#5.9088939949354895#1
0000 0013 2000 0000 0000 0000#1624798408332256#-50.5#4.749204519293945#1
0000 0012 2000 0000 0000 0000#1624798408333299#-56.0#6.013204688511713#1
E200 001B 2014 0201 1580 B140#1624798408334661#-64.0#2.337786720737717#1
0000 0010 2000 0000 0000 0000#1624798408336297#-51.0#3.9638063558964967#1
0000 000F 2000 0000 0000 0000#1624798408337629#-49.0#5.117359908386499#1
0000 0015 2000 0000 0000 0000#1624798408344837#-56.5#3.9269908169872414#1
0000 0011 2000 0000 0000 0000#1624798408349585#-56.0#2.030990563160589#1
0000 0010 2000 0000 0000 0000#1624798408351754#-52.5#3.9760782021995817#1
0000 0012 2000 0000 0000 0000#1624798408352815#-56.0#6.043884304269426#1
0000 000F 2000 0000 0000 0000#1624798408353876#-48.5#5.123495831538041#1
E200 001B 2014 0201 1580 B140#1624798408354997#-65.0#2.3746022596469727#1
3008 33B2 DDD9 0140 2018 0626#1624798408356340#-56.0#3.6999616603801666#1
0000 0015 2000 0000 0000 0000#1624798408357632#-56.5#3.9638063558964967#1
0000 0014 2000 0000 0000 0000#1624798408359168#-45.0#4.362641360746763#1
0000 0013 2000 0000 0000 0000#1624798408360222#-50.0#4.792155981354743#1
E200 001B 2014 0164 1580 8A56#1624798408363594#-64.0#6.019340611663256#1
0000 0015 2000 0000 0000 0000#1624798408626543#-57.0#3.663146121470911#1
0000 0013 2000 0000 0000 0000#1624798408629507#-50.5#4.466952054322987#1
0000 0012 2000 0000 0000 0000#1624798408630582#-56.5#5.749359992995383#1
0000 000F 2000 0000 0000 0000#1624798408631901#-49.0#4.822835597112456#1
0000 0011 2000 0000 0000 0000#1624798408633501#-57.5#1.8407769454627694#1
0000 0014 2000 0000 0000 0000#1624798408634568#-46.0#4.0987966652304335#1
0000 0010 2000 0000 0000 0000#1624798408637307#-52.5#3.6324665057131984#1
3008 33B2 DDD9 0140 2018 0626#1624798408638397#-57.5#3.3379421944391554#1
E200 001B 2014 0201 1580 B140#1624798408639458#-62.5#1.8530487917658545#1
E200 001B 2014 0164 1580 8A56#1624798408641236#-63.0#5.497787143782138#1
3008 33B2 DDD9 0140 2018 0626#1624798408651229#-57.5#3.2459033471660166#1
E200 001B 2014 0164 1580 8A56#1624798408652282#-63.5#5.546874528994478#1
0000 000F 2000 0000 0000 0000#1624798408653828#-49.0#4.841243366567084#1
0000 0010 2000 0000 0000 0000#1624798408654874#-52.5#3.663146121470911#1
0000 0013 2000 0000 0000 0000#1624798408659343#-50.5#4.491495746929157#1
0000 0011 2000 0000 0000 0000#1624798408660430#-57.5#1.7855536370988863#1
0000 0012 2000 0000 0000 0000#1624798408661515#-56.0#5.730952223540755#1
0000 0015 2000 0000 0000 0000#1624798408663320#-56.5#3.5833791205008576#1
0000 0014 2000 0000 0000 0000#1624798408664373#-45.5#4.09266074207889#1
E200 001B 2014 0201 1580 B140#1624798408666079#-62.5#1.7426021750380885#1
0000 0014 2000 0000 0000 0000#1624798408931653#-45.0#4.565126824747668#1
E200 001B 2014 0201 1580 B140#1624798408942039#-63.5#2.073942025221387#1
0000 0015 2000 0000 0000 0000#1624798408943685#-57.0#3.8410878928656453#1
0000 0012 2000 0000 0000 0000#1624798408944960#-56.0#5.93343768754166#1
0000 0013 2000 0000 0000 0000#1624798408945969#-50.5#4.663301595172349#1
0000 0010 2000 0000 0000 0000#1624798408946999#-52.5#3.877903431774901#1
0000 000F 2000 0000 0000 0000#1624798408949982#-49.0#4.988505522204105#1
E200 001B 2014 0164 1580 8A56#1624798408952232#-63.0#5.663457068873787#1
3008 33B2 DDD9 0140 2018 0626#1624798408953308#-56.5#3.5342917352885173#1
0000 0011 2000 0000 0000 0000#1624798408957084#-57.5#1.9144080232812801#1
3008 33B2 DDD9 0140 2018 0626#1624798408964483#-57.0#3.5281558121369745#1
0000 0013 2000 0000 0000 0000#1624798408965774#-50.5#4.663301595172349#1
E200 001B 2014 0164 1580 8A56#1624798408967370#-63.5#5.773903685601553#1
0000 0010 2000 0000 0000 0000#1624798408968963#-51.0#3.9085830475326135#1
0000 000F 2000 0000 0000 0000#1624798408970013#-48.5#5.00077736850719#1
0000 0011 2000 0000 0000 0000#1624798408974415#-56.5#1.9512235621905356#1
E200 001B 2014 0201 1580 B140#1624798408975906#-63.5#1.9757672547967058#1
0000 0012 2000 0000 0000 0000#1624798408977177#-56.0#5.890486225480862#1
0000 0014 2000 0000 0000 0000#1624798408978970#-45.0#4.270602513473625#1
0000 0015 2000 0000 0000 0000#1624798408980176#-57.0#3.8410878928656453#1
0000 000F 2000 0000 0000 0000#1624798409245389#-49.5#4.675573441475434#1
0000 0013 2000 0000 0000 0000#1624798409246455#-50.0#4.399456899656019#1
0000 0012 2000 0000 0000 0000#1624798409247787#-56.5#5.608233760509904#1
0000 0011 2000 0000 0000 0000#1624798409248802#-58.0#1.6996507129772904#1
0000 0015 2000 0000 0000 0000#1624798409250107#-57.0#3.5833791205008576#1
0000 0014 2000 0000 0000 0000#1624798409251159#-46.5#4.000621894805752#1
E200 001B 2014 0164 1580 8A56#1624798409252285#-63.0#5.295301679781233#1
E200 001B 2014 0201 1580 B140#1624798409255458#-62.5#1.662835174068035#1
0000 0010 2000 0000 0000 0000#1624798409256757#-52.0#3.5956509668039427#1
3008 33B2 DDD9 0140 2018 0626#1624798409259825#-57.5#2.9697868053466014#1
0000 0011 2000 0000 0000 0000#1624798409269858#-57.5#1.7241944055834606#1
0000 0014 2000 0000 0000 0000#1624798409270882#-46.0#3.988350048502667#1
0000 0015 2000 0000 0000 0000#1624798409272172#-57.0#3.485204350076177#1
0000 0013 2000 0000 0000 0000#1624798409273736#-50.5#4.3933209765044765#1
0000 0010 2000 0000 0000 0000#1624798409275036#-52.0#3.6017868899554855#1
E200 001B 2014 0164 1580 8A56#1624798409276174#-63.0#5.289165756629691#1
3008 33B2 DDD9 0140 2018 0626#1624798409280603#-57.5#3.06182565261974#1
0000 000F 2000 0000 0000 0000#1624798409282234#-49.5#4.681709364626977#1
E200 001B 2014 0201 1580 B140#1624798409284180#-63.0#1.5830681730979816#1
0000 0012 2000 0000 0000 0000#1624798409285723#-56.5#5.64504929941916#1
0000 000F 2000 0000 0000 0000#1624798409554688#-48.5#5.135767677841127#1
0000 0013 2000 0000 0000 0000#1624798409556692#-50.0#4.841243366567084#1
0000 0010 2000 0000 0000 0000#1624798409557666#-52.5#4.049709280018092#1
0000 0015 2000 0000 0000 0000#1624798409558986#-56.5#4.09266074207889#1
0000 0014 2000 0000 0000 0000#1624798409562616#-45.0#4.479223900626073#1
E200 001B 2014 0164 1580 8A56#1624798409565239#-63.5#5.816855147662351#1
0000 0011 2000 0000 0000 0000#1624798409567266#-57.0#2.061670178918302#1
E200 001B 2014 0201 1580 B140#1624798409570990#-64.0#2.325514874434632#1
3008 33B2 DDD9 0140 2018 0626#1624798409572205#-56.0#3.6815538909255388#1
0000 0012 2000 0000 0000 0000#1624798409574382#-55.5#6.062292073724054#1
0000 0014 2000 0000 0000 0000#1624798409578169#-45.5#4.485359823777615#1
0000 000F 2000 0000 0000 0000#1624798409579474#-48.5#5.123495831538041#1
0000 0012 2000 0000 0000 0000#1624798409580519#-56.0#6.056156150572511#1
E200 001B 2014 0164 1580 8A56#1624798409582382#-64.5#5.816855147662351#1
0000 0010 2000 0000 0000 0000#1624798409590105#-51.0#4.06811704947272#1
0000 0013 2000 0000 0000 0000#1624798409591414#-49.5#4.841243366567084#1
3008 33B2 DDD9 0140 2018 0626#1624798409592829#-56.0#3.6447383520162835#1
0000 0015 2000 0000 0000 0000#1624798409593881#-56.5#4.111068511533518#1
0000 0011 2000 0000 0000 0000#1624798409595053#-57.0#2.141437179888355#1
E200 001B 2014 0201 1580 B140#1624798409596277#-64.5#2.2457478734645786#1
0000 0011 2000 0000 0000 0000#1624798409859753#-57.5#1.7855536370988863#1
0000 0010 2000 0000 0000 0000#1624798409860809#-52.5#3.7551849687440497#1
E200 001B 2014 0201 1580 B140#1624798409862127#-64.0#1.88986433067511#1
0000 0015 2000 0000 0000 0000#1624798409863961#-57.0#3.792000507653305#1
3008 33B2 DDD9 0140 2018 0626#1624798409865749#-57.5#3.2581751934691017#1
0000 0014 2000 0000 0000 0000#1624798409867296#-45.5#4.184699589352029#1
0000 0013 2000 0000 0000 0000#1624798409868590#-50.0#4.565126824747668#1
0000 0012 2000 0000 0000 0000#1624798409869636#-56.0#5.767767762450011#1
0000 000F 2000 0000 0000 0000#1624798409873030#-49.0#4.841243366567084#1
E200 001B 2014 0164 1580 8A56#1624798409879725#-64.0#5.632777453116074#1
E200 001B 2014 0164 1580 8A56#1624798409885107#-64.0#5.473243451175968#1
0000 0014 2000 0000 0000 0000#1624798409886160#-45.5#4.184699589352029#1
0000 0013 2000 0000 0000 0000#1624798409887269#-50.0#4.565126824747668#1
E200 001B 2014 0201 1580 B140#1624798409888632#-63.0#1.7241944055834606#1
0000 000F 2000 0000 0000 0000#1624798409890204#-49.0#4.816699673960914#1
0000 0011 2000 0000 0000 0000#1624798409891749#-57.5#1.8653206380689396#1
0000 0010 2000 0000 0000 0000#1624798409893320#-52.5#3.730641276137879#1
0000 0012 2000 0000 0000 0000#1624798409896300#-56.0#5.810719224510809#1
0000 0015 2000 0000 0000 0000#1624798409898727#-56.5#3.7551849687440497#1
3008 33B2 DDD9 0140 2018 0626#1624798409903079#-57.5#3.2336315008629315#1
0000 0013 2000 0000 0000 0000#1624798410167049#-50.0#4.724660826687775#1
0000 000F 2000 0000 0000 0000#1624798410168797#-48.5#4.994641445355648#1
0000 0011 2000 0000 0000 0000#1624798410170711#-57.5#1.9634954084936207#1
E200 001B 2014 0201 1580 B140#1624798410171804#-64.0#2.3071071049800045#1
0000 0010 2000 0000 0000 0000#1624798410173600#-52.5#3.8840393549264434#1
3008 33B2 DDD9 0140 2018 0626#1624798410174917#-57.0#3.4606606574700063#1
0000 0014 2000 0000 0000 0000#1624798410176924#-45.0#4.331961744989051#1
E200 001B 2014 0164 1580 8A56#1624798410178890#-65.0#5.577554144752192#1
0000 0012 2000 0000 0000 0000#1624798410179949#-56.0#5.896622148632405#1
0000 0015 2000 0000 0000 0000#1624798410181846#-56.5#3.9085830475326135#1
0000 0010 2000 0000 0000 0000#1624798410189189#-52.5#3.8840393549264434#1
0000 000F 2000 0000 0000 0000#1624798410191999#-48.5#4.994641445355648#1
0000 0014 2000 0000 0000 0000#1624798410193010#-45.0#4.313553975534423#1
0000 0013 2000 0000 0000 0000#1624798410194291#-50.0#4.706253057233147#1
3008 33B2 DDD9 0140 2018 0626#1624798410196080#-56.5#3.454524734318464#1
0000 0015 2000 0000 0000 0000#1624798410198381#-56.5#3.9515345095934116#1
0000 0012 2000 0000 0000 0000#1624798410199526#-55.5#5.945709533844745#1
0000 0011 2000 0000 0000 0000#1624798410202616#-57.0#2.000310947402876#1
E200 001B 2014 0164 1580 8A56#1624798410203841#-64.0#5.620505606812989#1
E200 001B 2014 0201 1580 B140#1624798410205218#-63.5#2.067806102069844#1
0000 000F 2000 0000 0000 0000#1624798410467453#-49.0#4.669437518323892#1
0000 0014 2000 0000 0000 0000#1624798410468590#-46.0#4.01902966426038#1
0000 0015 2000 0000 0000 0000#1624798410469870#-57.0#3.6386024288647407#1
E200 001B 2014 0164 1580 8A56#1624798410472689#-64.0#5.141903600992669#1
0000 0010 2000 0000 0000 0000#1624798410473991#-52.0#3.6447383520162835#1
0000 0013 2000 0000 0000 0000#1624798410477522#-50.0#4.405592822807561#1
3008 33B2 DDD9 0140 2018 0626#1624798410479969#-57.0#2.9943304979527716#1
0000 0011 2000 0000 0000 0000#1624798410481782#-57.5#1.748738098189631#1
E200 001B 2014 0201 1580 B140#1624798410483583#-64.0#1.6505633277649499#1
0000 0012 2000 0000 0000 0000#1624798410487451#-56.5#5.602097837358362#1
0000 0013 2000 0000 0000 0000#1624798410493027#-50.0#4.387185053352934#1
0000 000F 2000 0000 0000 0000#1624798410494377#-49.0#4.663301595172349#1
0000 0010 2000 0000 0000 0000#1624798410496519#-52.0#3.6017868899554855#1
E200 001B 2014 0164 1580 8A56#1624798410498496#-63.0#5.190990986205009#1
0000 0011 2000 0000 0000 0000#1624798410499628#-57.5#1.7241944055834606#1
3008 33B2 DDD9 0140 2018 0626#1624798410500959#-57.5#2.988194574801229#1
0000 0014 2000 0000 0000 0000#1624798410502026#-46.0#4.01902966426038#1
0000 0015 2000 0000 0000 0000#1624798410503103#-57.0#3.5465635815916023#1
0000 0012 2000 0000 0000 0000#1624798410505061#-56.5#5.602097837358362#1
E200 001B 2014 0201 1580 B140#1624798410506378#-63.0#1.7303303287350031#1
0000 0012 2000 0000 0000 0000#1624798410776104#-56.0#6.086835766330224#1
0000 0015 2000 0000 0000 0000#1624798410777139#-56.5#4.0558452031696355#1
E200 001B 2014 0164 1580 8A56#1624798410778235#-65.0#5.829126993965437#1
0000 0010 2000 0000 0000 0000#1624798410779777#-52.0#4.025165587411922#1
0000 000F 2000 0000 0000 0000#1624798410785083#-48.5#5.148039524144211#1
3008 33B2 DDD9 0140 2018 0626#1624798410788941#-56.0#3.6876898140770815#1
0000 0013 2000 0000 0000 0000#1624798410789978#-49.0#4.871922982324796#1
0000 0014 2000 0000 0000 0000#1624798410791076#-45.0#4.479223900626073#1
0000 0011 2000 0000 0000 0000#1624798410792778#-57.5#2.086213871524472#1
0000 0012 2000 0000 0000 0000#1624798410798524#-55.5#6.080699843178682#1
3008 33B2 DDD9 0140 2018 0626#1624798410799987#-56.0#3.693825737228624#1
0000 0013 2000 0000 0000 0000#1624798410801791#-49.0#4.865787059173254#1
0000 0010 2000 0000 0000 0000#1624798410803681#-52.0#4.049709280018092#1
0000 0015 2000 0000 0000 0000#1624798410804701#-56.0#4.09266074207889#1
0000 000F 2000 0000 0000 0000#1624798410805734#-48.5#5.141903600992669#1
E200 001B 2014 0164 1580 8A56#1624798410807030#-64.0#5.780039608753096#1
0000 0011 2000 0000 0000 0000#1624798410808073#-57.5#2.0923497946760143#1
0000 0014 2000 0000 0000 0000#1624798410809140#-45.0#4.485359823777615#1
0000 0010 2000 0000 0000 0000#1624798411071980#-52.0#3.736777199289422#1
0000 0014 2000 0000 0000 0000#1624798411075356#-45.5#4.190835512503572#1
0000 0013 2000 0000 0000 0000#1624798411076434#-50.5#4.565126824747668#1
0000 0012 2000 0000 0000 0000#1624798411078001#-56.0#5.749359992995383#1
0000 000F 2000 0000 0000 0000#1624798411079588#-48.5#4.816699673960914#1
E200 001B 2014 0164 1580 8A56#1624798411083677#-65.5#5.45483568172134#1
0000 0015 2000 0000 0000 0000#1624798411084810#-57.0#3.706097583531709#1
3008 33B2 DDD9 0140 2018 0626#1624798411085941#-57.5#3.184544115650591#1
0000 0011 2000 0000 0000 0000#1624798411087233#-57.5#1.8714565612204823#1
E200 001B 2014 0201 1580 B140#1624798411089222#-63.5#1.8775924843720249#1
3008 33B2 DDD9 0140 2018 0626#1624798411094858#-57.5#3.1968159619536762#1
E200 001B 2014 0164 1580 8A56#1624798411095913#-65.0#5.602097837358362#1
0000 0010 2000 0000 0000 0000#1624798411096984#-52.0#3.7122335066832517#1
0000 0014 2000 0000 0000 0000#1624798411098036#-45.5#4.178563666200486#1
0000 0011 2000 0000 0000 0000#1624798411100020#-57.5#1.8653206380689396#1
0000 0013 2000 0000 0000 0000#1624798411101327#-50.0#4.571262747899211#1
0000 000F 2000 0000 0000 0000#1624798411104807#-49.0#4.816699673960914#1
0000 0012 2000 0000 0000 0000#1624798411107193#-56.0#5.798447378207723#1
E200 001B 2014 0201 1580 B140#1624798411109124#-62.5#1.932815792735908#1
0000 0015 2000 0000 0000 0000#1624798411111255#-57.0#3.761320891895592#1
0000 0011 2000 0000 0000 0000#1624798411376835#-57.5#2.2334760271614935#1
0000 0010 2000 0000 0000 0000#1624798411378260#-50.5#4.178563666200486#1
0000 000F 2000 0000 0000 0000#1624798411380406#-48.5#5.264622064023521#1
0000 0015 2000 0000 0000 0000#1624798411381454#-55.5#4.252194744018997#1
3008 33B2 DDD9 0140 2018 0626#1624798411383041#-56.5#3.9147189706841563#1
0000 0012 2000 0000 0000 0000#1624798411398927#-56.0#5.939573610693203#1
E200 001B 2014 0201 1580 B140#1624798411400504#-64.0#2.2212041808584084#1
0000 0013 2000 0000 0000 0000#1624798411402108#-50.0#4.718524903536232#1
0000 0014 2000 0000 0000 0000#1624798411403146#-45.5#4.331961744989051#1
E200 001B 2014 0164 1580 8A56#1624798411404459#-64.0#5.602097837358362#1
0000 0013 2000 0000 0000 0000#1624798411408811#-50.0#4.706253057233147#1
0000 0011 2000 0000 0000 0000#1624798411410097#-57.0#2.018718716857504#1
3008 33B2 DDD9 0140 2018 0626#1624798411412182#-56.5#3.423845118560751#1
0000 000F 2000 0000 0000 0000#1624798411413985#-48.5#4.970097752749477#1
0000 0012 2000 0000 0000 0000#1624798411415301#-56.0#5.921165841238575#1
E200 001B 2014 0201 1580 B140#1624798411416875#-64.5#2.2150682577068657#1
0000 0010 2000 0000 0000 0000#1624798411417919#-52.5#3.902447124381071#1
0000 0014 2000 0000 0000 0000#1624798411420211#-45.5#4.319689898685965#1
0000 0015 2000 0000 0000 0000#1624798411424990#-57.0#3.9085830475326135#1
E200 001B 2014 0164 1580 8A56#1624798411427839#-65.0#5.706408530934585#1
0000 000F 2000 0000 0000 0000#1624798411690099#-49.0#4.675573441475434#1
0000 0010 2000 0000 0000 0000#1624798411691398#-52.0#3.5895150436524004#1
0000 0014 2000 0000 0000 0000#1624798411692466#-46.0#4.037437433715008#1
3008 33B2 DDD9 0140 2018 0626#1624798411693571#-57.5#3.031146036862027#1
E200 001B 2014 0164 1580 8A56#1624798411697657#-63.0#5.2339424482658075#1
0000 0015 2000 0000 0000 0000#1624798411698764#-57.0#3.522019888985432#1
0000 0012 2000 0000 0000 0000#1624798411700628#-56.5#5.663457068873787#1
E200 001B 2014 0201 1580 B140#1624798411701988#-63.5#1.7732817907958012#1
0000 0013 2000 0000 0000 0000#1624798411704050#-50.0#4.4362724385652745#1
0000 0011 2000 0000 0000 0000#1624798411705464#-56.0#1.7671458676442586#1
3008 33B2 DDD9 0140 2018 0626#1624798411715770#-58.0#3.06182565261974#1
0000 000F 2000 0000 0000 0000#1624798411717584#-49.0#4.663301595172349#1
0000 0010 2000 0000 0000 0000#1624798411719215#-52.0#3.6201946594101133#1
0000 0015 2000 0000 0000 0000#1624798411720759#-57.0#3.5465635815916023#1
0000 0014 2000 0000 0000 0000#1624798411722057#-46.0#4.0128937411088375#1
E200 001B 2014 0201 1580 B140#1624798411723176#-63.5#1.761009944492716#1
0000 0011 2000 0000 0000 0000#1624798411724448#-57.5#1.7671458676442586#1
E200 001B 2014 0164 1580 8A56#1624798411725574#-63.5#5.264622064023521#1
0000 0012 2000 0000 0000 0000#1624798411726919#-56.5#5.675728915176872#1
0000 0013 2000 0000 0000 0000#1624798411727942#-50.0#4.3933209765044765#1
0000 0013 2000 0000 0000 0000#1624798411992552#-49.0#5.1725832167503825#1
3008 33B2 DDD9 0140 2018 0626#1624798411993641#-55.5#4.123340357836604#1
0000 0011 2000 0000 0000 0000#1624798411996747#-57.5#2.380738182798515#1
0000 000F 2000 0000 0000 0000#1624798411998098#-49.0#5.473243451175968#1
0000 0014 2000 0000 0000 0000#1624798411999195#-44.5#4.804427827657828#1
0000 0015 2000 0000 0000 0000#1624798412007969#-56.5#4.04357335686655#1
0000 0012 2000 0000 0000 0000#1624798412009257#-56.0#6.105243535784852#1
0000 0010 2000 0000 0000 0000#1624798412011885#-50.5#4.06811704947272#1
E200 001B 2014 0164 1580 8A56#1624798412013708#-64.5#5.822991070813893#1
E200 001B 2014 0201 1580 B140#1624798412014814#-64.5#2.442097414313941#1
0000 0015 2000 0000 0000 0000#1624798412028489#-56.5#4.1172044346850605#1
0000 0013 2000 0000 0000 0000#1624798412029809#-49.5#4.871922982324796#1
0000 0014 2000 0000 0000 0000#1624798412031147#-45.0#4.485359823777615#1
0000 0012 2000 0000 0000 0000#1624798412034291#-56.0#6.0991076126333095#1
E200 001B 2014 0201 1580 B140#1624798412035655#-64.5#2.3316507975861747#1
0000 0010 2000 0000 0000 0000#1624798412037847#-50.5#4.061981126321178#1
E200 001B 2014 0164 1580 8A56#1624798412039372#-64.5#5.884350302329319#1
0000 000F 2000 0000 0000 0000#1624798412040704#-48.5#5.135767677841127#1
3008 33B2 DDD9 0140 2018 0626#1624798412043305#-56.5#3.749049045592507#1
0000 0011 2000 0000 0000 0000#1624798412044431#-56.5#2.116893487282185#1
0000 0013 2000 0000 0000 0000#1624798412305430#-50.0#4.583534594202296#1
0000 000F 2000 0000 0000 0000#1624798412306494#-48.5#4.841243366567084#1
0000 0011 2000 0000 0000 0000#1624798412308053#-57.0#1.9144080232812801#1
0000 0014 2000 0000 0000 0000#1624798412310841#-45.5#4.184699589352029#1
E200 001B 2014 0201 1580 B140#1624798412313512#-63.0#1.9819031779482483#1
0000 0015 2000 0000 0000 0000#1624798412315715#-57.0#3.767456815047135#1
3008 33B2 DDD9 0140 2018 0626#1624798412316778#-58.0#3.1968159619536762#1
0000 0012 2000 0000 0000 0000#1624798412317794#-56.0#5.798447378207723#1
0000 0010 2000 0000 0000 0000#1624798412318822#-52.0#3.730641276137879#1
0000 0012 2000 0000 0000 0000#1624798412328260#-56.0#5.816855147662351#1
0000 0013 2000 0000 0000 0000#1624798412330139#-50.5#4.583534594202296#1
0000 000F 2000 0000 0000 0000#1624798412331127#-48.5#4.816699673960914#1
0000 0014 2000 0000 0000 0000#1624798412332711#-45.5#4.2031073588066565#1
0000 0010 2000 0000 0000 0000#1624798412333727#-52.0#3.730641276137879#1
0000 0011 2000 0000 0000 0000#1624798412335042#-57.5#1.859184714917397#1
3008 33B2 DDD9 0140 2018 0626#1624798412336344#-57.5#3.1906800388021335#1
0000 0015 2000 0000 0000 0000#1624798412338118#-57.0#3.7429131224409646#1
E200 001B 2014 0201 1580 B140#1624798412340679#-63.5#1.9696313316451632#1
0000 0014 2000 0000 0000 0000#1624798412604025#-45.0#4.657165672020807#1
E200 001B 2014 0164 1580 8A56#1624798412605406#-66.0#6.086835766330224#1
0000 0013 2000 0000 0000 0000#1624798412608045#-49.0#5.013049214810275#1
0000 0015 2000 0000 0000 0000#1624798412611689#-56.0#4.221515128261284#1
3008 33B2 DDD9 0140 2018 0626#1624798412620661#-56.5#3.429981041712294#1
0000 0012 2000 0000 0000 0000#1624798412621689#-56.0#5.927301764390117#1
0000 000F 2000 0000 0000 0000#1624798412623647#-48.5#4.988505522204105#1
0000 0011 2000 0000 0000 0000#1624798412624949#-57.5#1.9819031779482483#1
0000 0010 2000 0000 0000 0000#1624798412627035#-51.0#3.902447124381071#1
0000 0015 2000 0000 0000 0000#1624798412638223#-56.5#3.8840393549264434#1
0000 0013 2000 0000 0000 0000#1624798412639218#-50.5#4.718524903536232#1
0000 0010 2000 0000 0000 0000#1624798412640276#-52.5#3.9269908169872414#1
E200 001B 2014 0164 1580 8A56#1624798412643011#-64.0#5.675728915176872#1
0000 0012 2000 0000 0000 0000#1624798412644595#-56.0#5.896622148632405#1
0000 0014 2000 0000 0000 0000#1624798412646188#-45.0#4.319689898685965#1
0000 0011 2000 0000 0000 0000#1624798412649071#-57.5#1.9696313316451632#1
0000 000F 2000 0000 0000 0000#1624798412650770#-48.5#4.988505522204105#1
3008 33B2 DDD9 0140 2018 0626#1624798412652060#-56.5#3.442252888015379#1
0000 0012 2000 0000 0000 0000#1624798412915040#-57.0#5.595961914206819#1
0000 000F 2000 0000 0000 0000#1624798412916629#-49.0#4.589670517353839#1
0000 0011 2000 0000 0000 0000#1624798412917755#-56.5#1.7855536370988863#1
0000 0010 2000 0000 0000 0000#1624798412920580#-50.5#3.552699504743145#1
0000 0014 2000 0000 0000 0000#1624798412924820#-46.0#3.8410878928656453#1
0000 0013 2000 0000 0000 0000#1624798412927709#-50.0#4.276738436625168#1
E200 001B 2014 0164 1580 8A56#1624798412928860#-63.5#5.381204603902829#1
3008 33B2 DDD9 0140 2018 0626#1624798412929966#-57.0#2.8716120349219203#1
0000 0015 2000 0000 0000 0000#1624798412931173#-56.5#3.3624858870453256#1
E200 001B 2014 0201 1580 B140#1624798412933099#-64.0#1.718058482431918#1
E200 001B 2014 0201 1580 B140#1624798412939520#-62.5#1.6014759425526093#1
0000 0013 2000 0000 0000 0000#1624798412941966#-50.0#4.264466590322082#1
0000 0011 2000 0000 0000 0000#1624798412943150#-56.0#1.6935147898257479#1
3008 33B2 DDD9 0140 2018 0626#1624798412944479#-57.5#2.84706834231575#1
0000 0014 2000 0000 0000 0000#1624798412946923#-46.0#3.8533597391687304#1
0000 000F 2000 0000 0000 0000#1624798412948199#-48.5#4.620350133111551#1
E200 001B 2014 0164 1580 8A56#1624798412949253#-64.0#5.387340527054372#1
0000 0010 2000 0000 0000 0000#1624798412950365#-50.5#3.54042765844006#1
0000 0015 2000 0000 0000 0000#1624798412951386#-56.5#3.3195344249845276#1
0000 0012 2000 0000 0000 0000#1624798412953917#-56.5#5.4671075280244255#1
3008 33B2 DDD9 0140 2018 0626#1624798413215636#-57.5#5.074408446325701#1
0000 000F 2000 0000 0000 0000#1624798413224768#-48.5#5.160311370447297#1
0000 0012 2000 0000 0000 0000#1624798413226968#-55.5#5.994796919057086#1
0000 0010 2000 0000 0000 0000#1624798413228224#-52.5#4.0128937411088375#1
E200 001B 2014 0201 1580 B140#1624798413229312#-64.5#2.5034566458293663#1
0000 0013 2000 0000 0000 0000#1624798413230438#-49.5#4.804427827657828#1
0000 0014 2000 0000 0000 0000#1624798413232895#-45.0#4.387185053352934#1
E200 001B 2014 0200 1580 ACEC#1624798413234198#-69.5#4.01902966426038#1
0000 0015 2000 0000 0000 0000#1624798413237958#-56.5#3.9085830475326135#1
3008 33B2 DDD9 0140 2018 0626#1624798413239034#-56.0#3.5342917352885173#1
0000 0011 2000 0000 0000 0000#1624798413240476#-57.5#2.055534255766759#1
E200 001B 2014 0164 1580 8A56#1624798413241644#-63.5#6.12365130523948#1
E200 001B 2014 0200 1580 ACEC#1624798413247154#-69.5#4.0558452031696355#1
3008 33B2 DDD9 0140 2018 0626#1624798413248214#-56.5#3.6140587362585705#1
0000 0010 2000 0000 0000 0000#1624798413250482#-52.5#4.000621894805752#1
0000 0015 2000 0000 0000 0000#1624798413251774#-56.0#3.9147189706841563#1
0000 0013 2000 0000 0000 0000#1624798413253325#-50.0#4.81056375080937#1
0000 0014 2000 0000 0000 0000#1624798413254377#-45.0#4.387185053352934#1
0000 000F 2000 0000 0000 0000#1624798413255413#-48.5#5.135767677841127#1
0000 0012 2000 0000 0000 0000#1624798413256459#-55.5#6.013204688511713#1
E200 001B 2014 0201 1580 B140#1624798413257963#-63.5#2.5464081078901644#1
0000 0011 2000 0000 0000 0000#1624798413259008#-57.5#2.024854640009046#1
E200 001B 2014 0164 1580 8A56#1624798413260118#-64.0#6.111379458936394#1
0000 0014 2000 0000 0000 0000#1624798413525211#-45.5#3.988350048502667#1
0000 0012 2000 0000 0000 0000#1624798413526894#-56.5#5.620505606812989#1
0000 0010 2000 0000 0000 0000#1624798413528434#-52.0#3.693825737228624#1
E200 001B 2014 0164 1580 8A56#1624798413529487#-63.0#5.522330836388308#1
E200 001B 2014 0201 1580 B140#1624798413530777#-63.0#1.9512235621905356#1
0000 0013 2000 0000 0000 0000#1624798413531828#-50.0#4.430136515413731#1
0000 0011 2000 0000 0000 0000#1624798413534954#-58.0#1.8530487917658545#1
0000 000F 2000 0000 0000 0000#1624798413536028#-49.0#4.767612288748572#1
3008 33B2 DDD9 0140 2018 0626#1624798413537476#-57.5#3.1231848841351653#1
0000 0015 2000 0000 0000 0000#1624798413540239#-56.5#3.509748042682347#1
0000 0011 2000 0000 0000 0000#1624798413546977#-58.0#1.902136176978195#1
0000 000F 2000 0000 0000 0000#1624798413548910#-49.0#4.76147636559703#1
0000 0014 2000 0000 0000 0000#1624798413550819#-46.0#3.9944859716542096#1
0000 0012 2000 0000 0000 0000#1624798413552149#-57.0#5.663457068873787#1
0000 0010 2000 0000 0000 0000#1624798413553253#-52.0#3.693825737228624#1
0000 0013 2000 0000 0000 0000#1624798413554589#-50.0#4.368777283898306#1
0000 0015 2000 0000 0000 0000#1624798413555937#-56.5#3.442252888015379#1
3008 33B2 DDD9 0140 2018 0626#1624798413557137#-58.0#3.117048960983623#1
E200 001B 2014 0201 1580 B140#1624798413558698#-63.5#1.9696313316451632#1
E200 001B 2014 0164 1580 8A56#1624798413559977#-63.5#5.546874528994478#1
0000 0010 2000 0000 0000 0000#1624798413822395#-52.0#4.166291819897402#1
3008 33B2 DDD9 0140 2018 0626#1624798413823699#-56.0#3.761320891895592#1
0000 000F 2000 0000 0000 0000#1624798413825229#-48.5#5.252350217720435#1
0000 0015 2000 0000 0000 0000#1624798413826532#-55.5#4.049709280018092#1
0000 0012 2000 0000 0000 0000#1624798413828619#-56.5#6.17273869045182#1
0000 0013 2000 0000 0000 0000#1624798413830407#-49.5#4.884194828627882#1
0000 0014 2000 0000 0000 0000#1624798413839923#-45.5#4.147884050442774#1
0000 0011 2000 0000 0000 0000#1624798413842713#-56.5#2.0064468705544187#1
E200 001B 2014 0164 1580 8A56#1624798413844688#-64.0#5.816855147662351#1
E200 001B 2014 0201 1580 B140#1624798413845749#-64.0#2.2886993355253766#1
0000 000F 2000 0000 0000 0000#1624798413854227#-48.5#4.963961829597935#1
0000 0014 2000 0000 0000 0000#1624798413855762#-45.0#4.1417481272912315#1
0000 0013 2000 0000 0000 0000#1624798413858204#-50.0#4.558990901596125#1
0000 0015 2000 0000 0000 0000#1624798413859285#-56.0#3.6324665057131984#1
0000 0010 2000 0000 0000 0000#1624798413861468#-52.5#3.8840393549264434#1
0000 0011 2000 0000 0000 0000#1624798413862498#-57.5#1.9573594853420782#1
0000 0012 2000 0000 0000 0000#1624798413864285#-56.0#5.8045833013592665#1
3008 33B2 DDD9 0140 2018 0626#1624798413865797#-57.0#3.3440781175906977#1
E200 001B 2014 0164 1580 8A56#1624798413866880#-64.0#5.71868037723767#1
E200 001B 2014 0201 1580 B140#1624798413868880#-64.0#2.2150682577068657#1
3008 33B2 DDD9 0140 2018 0626#1624798414130253#-57.5#2.8286605728611223#1
0000 000F 2000 0000 0000 0000#1624798414131560#-49.0#4.614214209960009#1
0000 0015 2000 0000 0000 0000#1624798414133337#-56.5#3.2949907323783574#1
0000 0014 2000 0000 0000 0000#1624798414134375#-45.5#3.834951969714103#1
0000 0012 2000 0000 0000 0000#1624798414135390#-57.0#5.497787143782138#1
0000 0010 2000 0000 0000 0000#1624798414138008#-50.5#3.522019888985432#1
E200 001B 2014 0164 1580 8A56#1624798414139328#-63.5#5.325981295538946#1
E200 001B 2014 0201 1580 B140#1624798414140876#-63.0#1.736466251886546#1
0000 0013 2000 0000 0000 0000#1624798414143360#-50.5#4.239922897715912#1
0000 0011 2000 0000 0000 0000#1624798414146384#-58.5#1.748738098189631#1
3008 33B2 DDD9 0140 2018 0626#1624798414154591#-57.5#2.8654761117703775#1
E200 001B 2014 0164 1580 8A56#1624798414155730#-63.0#5.283029833478148#1
0000 0012 2000 0000 0000 0000#1624798414158344#-57.0#5.559146375297564#1
0000 000F 2000 0000 0000 0000#1624798414160315#-49.5#4.595806440505381#1
0000 0014 2000 0000 0000 0000#1624798414161570#-45.5#3.822680123411018#1
0000 0011 2000 0000 0000 0000#1624798414162656#-58.0#1.7548740213411735#1
E200 001B 2014 0201 1580 B140#1624798414163744#-63.5#1.7794177139473437#1
0000 0013 2000 0000 0000 0000#1624798414165039#-50.0#4.23378697456437#1
0000 0015 2000 0000 0000 0000#1624798414166773#-57.0#3.3379421944391554#1
0000 0010 2000 0000 0000 0000#1624798414168171#-50.5#3.5281558121369745#1
0000 0013 2000 0000 0000 0000#1624798414430530#-49.0#5.080544369477243#1
0000 0012 2000 0000 0000 0000#1624798414432886#-56.0#0.03681553890925539#1
E200 001B 2014 0164 1580 8A56#1624798414434752#-65.5#0.17794177139473438#1
0000 0014 2000 0000 0000 0000#1624798414435861#-45.0#4.681709364626977#1
0000 0010 2000 0000 0000 0000#1624798414437015#-50.5#4.295146206079795#1
0000 000F 2000 0000 0000 0000#1624798414439487#-49.0#5.43029198911517#1
3008 33B2 DDD9 0140 2018 0626#1624798414440575#-55.5#4.031301510563465#1
0000 0015 2000 0000 0000 0000#1624798414441599#-55.5#4.227651051412827#1
0000 0011 2000 0000 0000 0000#1624798414443141#-58.0#2.337786720737717#1
E200 001B 2014 0200 1580 ACEC#1624798414445582#-67.0#4.411728745959104#1
E200 001B 2014 0201 1580 B140#1624798414456266#-64.0#2.399145952253143#1
E200 001B 2014 0201 1580 B140#1624798414460985#-64.0#2.429825568010856#1
E200 001B 2014 0200 1580 ACEC#1624798414462116#-68.5#4.1417481272912315#1
0000 0011 2000 0000 0000 0000#1624798414463883#-57.5#2.0923497946760143#1
0000 0015 2000 0000 0000 0000#1624798414465388#-56.0#3.9269908169872414#1
E200 001B 2014 0164 1580 8A56#1624798414466982#-64.5#6.000932842208628#1
0000 0013 2000 0000 0000 0000#1624798414471255#-50.0#4.779884135051658#1
0000 0014 2000 0000 0000 0000#1624798414472593#-45.0#4.374913207049849#1
0000 0012 2000 0000 0000 0000#1624798414473683#-56.0#5.9518454569962875#1
0000 0010 2000 0000 0000 0000#1624798414475089#-51.0#4.031301510563465#1
3008 33B2 DDD9 0140 2018 0626#1624798414477021#-56.5#3.5465635815916023#1
0000 000F 2000 0000 0000 0000#1624798414478312#-48.5#5.105088062083414#1
E200 001B 2014 0164 1580 8A56#1624798414741432#-64.0#5.651185222570702#1
0000 0013 2000 0000 0000 0000#1624798414742739#-49.5#4.460816131171445#1
E200 001B 2014 0201 1580 B140#1624798414743858#-63.5#1.9573594853420782#1
0000 000F 2000 0000 0000 0000#1624798414746941#-49.0#4.804427827657828#1
0000 0011 2000 0000 0000 0000#1624798414748015#-58.0#1.8162332528565992#1
0000 0010 2000 0000 0000 0000#1624798414749141#-51.0#3.6876898140770815#1
3008 33B2 DDD9 0140 2018 0626#1624798414750702#-58.0#3.153864499892878#1
0000 0015 2000 0000 0000 0000#1624798414753529#-56.5#3.5956509668039427#1
0000 0012 2000 0000 0000 0000#1624798414754861#-56.0#5.700272607783043#1
0000 0014 2000 0000 0000 0000#1624798414756224#-45.5#4.074252972624263#1
3008 33B2 DDD9 0140 2018 0626#1624798414764407#-57.5#3.104777114680538#1
E200 001B 2014 0164 1580 8A56#1624798414765518#-64.0#5.559146375297564#1
0000 0010 2000 0000 0000 0000#1624798414767160#-52.5#3.693825737228624#1
0000 0014 2000 0000 0000 0000#1624798414768242#-45.5#4.080388895775806#1
0000 0011 2000 0000 0000 0000#1624798414770064#-56.5#1.8346410223112268#1
0000 0015 2000 0000 0000 0000#1624798414772937#-56.5#3.5711072741977725#1
0000 000F 2000 0000 0000 0000#1624798414774213#-49.0#4.822835597112456#1
0000 0013 2000 0000 0000 0000#1624798414775763#-50.0#4.479223900626073#1
E200 001B 2014 0201 1580 B140#1624798414777210#-63.5#1.9634954084936207#1
0000 0012 2000 0000 0000 0000#1624798414778724#-56.0#5.66959299202533#1
3008 33B2 DDD9 0140 2018 0626#1624798415041258#-56.0#3.792000507653305#1
0000 0015 2000 0000 0000 0000#1624798415042308#-55.5#4.1172044346850605#1
E200 001B 2014 0200 1580 ACEC#1624798415045279#-68.5#3.9944859716542096#1
0000 0011 2000 0000 0000 0000#1624798415047261#-56.0#2.2212041808584084#1
E200 001B 2014 0164 1580 8A56#1624798415048899#-64.0#6.227961998815704#1
0000 0013 2000 0000 0000 0000#1624798415049926#-49.0#4.963961829597935#1
0000 0014 2000 0000 0000 0000#1624798415051206#-44.5#4.522175362686871#1
0000 000F 2000 0000 0000 0000#1624798415053137#-49.0#5.289165756629691#1
0000 0010 2000 0000 0000 0000#1624798415055329#-52.0#4.184699589352029#1
0000 0012 2000 0000 0000 0000#1624798415056388#-56.0#6.160466844148735#1
E200 001B 2014 0201 1580 B140#1624798415066724#-63.5#1.9634954084936207#1
0000 0010 2000 0000 0000 0000#1624798415071068#-52.5#3.8963112012295285#1
E200 001B 2014 0164 1580 8A56#1624798415072377#-64.5#5.8045833013592665#1
E200 001B 2014 0201 1580 B140#1624798415076860#-63.5#2.0800779483729293#1
0000 0012 2000 0000 0000 0000#1624798415077933#-56.0#5.859806609723149#1
0000 0014 2000 0000 0000 0000#1624798415079498#-45.0#4.215379205109742#1
0000 0013 2000 0000 0000 0000#1624798415080607#-50.0#4.6448938257177215#1
0000 000F 2000 0000 0000 0000#1624798415081640#-48.5#4.95168998329485#1
0000 0015 2000 0000 0000 0000#1624798415083019#-56.0#3.767456815047135#1
0000 0011 2000 0000 0000 0000#1624798415085519#-57.5#1.9512235621905356#1
3008 33B2 DDD9 0140 2018 0626#1624798415086965#-57.0#3.313398501832985#1
E200 001B 2014 0201 1580 B140#1624798415352221#-63.0#1.761009944492716#1
0000 0011 2000 0000 0000 0000#1624798415353862#-57.5#1.7916895602504288#1
0000 0014 2000 0000 0000 0000#1624798415355243#-46.0#3.877903431774901#1
0000 0015 2000 0000 0000 0000#1624798415356533#-56.5#3.411573272257666#1
0000 0010 2000 0000 0000 0000#1624798415357619#-50.5#3.5895150436524004#1
0000 0013 2000 0000 0000 0000#1624798415359462#-50.0#4.289010282928253#1
3008 33B2 DDD9 0140 2018 0626#1624798415360570#-57.5#2.8102528034064944#1
0000 000F 2000 0000 0000 0000#1624798415362099#-49.0#4.632621979414636#1
0000 0012 2000 0000 0000 0000#1624798415364326#-55.5#5.559146375297564#1
E200 001B 2014 0164 1580 8A56#1624798415368274#-63.5#5.436427912266712#1
0000 0010 2000 0000 0000 0000#1624798415373955#-52.0#3.5956509668039427#1
0000 0013 2000 0000 0000 0000#1624798415375006#-50.0#4.289010282928253#1
0000 0012 2000 0000 0000 0000#1624798415376865#-57.0#5.522330836388308#1
3008 33B2 DDD9 0140 2018 0626#1624798415377971#-58.0#2.8532042654672924#1
0000 0014 2000 0000 0000 0000#1624798415379078#-46.0#3.8840393549264434#1
E200 001B 2014 0201 1580 B140#1624798415380694#-63.5#1.705786636128833#1
0000 0011 2000 0000 0000 0000#1624798415383226#-58.0#1.7303303287350031#1
0000 000F 2000 0000 0000 0000#1624798415384276#-49.0#4.651029748869264#1
E200 001B 2014 0164 1580 8A56#1624798415385342#-63.5#5.325981295538946#1
0000 0015 2000 0000 0000 0000#1624798415387703#-56.5#3.411573272257666#1
0000 0010 2000 0000 0000 0000#1624798415652463#-48.5#4.9823695990525625#1
0000 0012 2000 0000 0000 0000#1624798415657371#-58.5#1.2455923997631406#1
3008 33B2 DDD9 0140 2018 0626#1624798415658701#-55.5#4.049709280018092#1
0000 000F 2000 0000 0000 0000#1624798415660887#-49.5#0.07976700097005335#1
0000 0013 2000 0000 0000 0000#1624798415661953#-55.5#5.927301764390117#1
0000 0015 2000 0000 0000 0000#1624798415663760#-48.0#4.6878452877785195#1
0000 0014 2000 0000 0000 0000#1624798415667158#-46.0#4.9823695990525625#1
E200 001B 2014 0164 1580 8A56#1624798415668268#-65.5#0.17794177139473438#1
E200 001B 2014 0201 1580 B140#1624798415677735#-65.0#2.521864415283994#1
0000 0011 2000 0000 0000 0000#1624798415679294#-55.5#3.497476196379262#1
0000 0013 2000 0000 0000 0000#1624798415685969#-56.5#5.737088146692298#1
0000 0014 2000 0000 0000 0000#1624798415688349#-48.0#4.706253057233147#1
0000 0011 2000 0000 0000 0000#1624798415690106#-55.0#3.5956509668039427#1
0000 000F 2000 0000 0000 0000#1624798415692222#-50.0#6.191146459906448#1
3008 33B2 DDD9 0140 2018 0626#1624798415693812#-56.5#3.5281558121369745#1
0000 0010 2000 0000 0000 0000#1624798415695596#-50.0#4.853515212870168#1
E200 001B 2014 0164 1580 8A56#1624798415696965#-64.5#6.037748381117884#1
0000 0015 2000 0000 0000 0000#1624798415698528#-46.5#4.387185053352934#1
0000 0012 2000 0000 0000 0000#1624798415699802#-60.0#1.325359400733194#1
E200 001B 2014 0201 1580 B140#1624798415703830#-64.0#2.5280003384355365#1
0000 0010 2000 0000 0000 0000#1624798415966026#-50.0#6.037748381117884#1
0000 0015 2000 0000 0000 0000#1624798415968837#-51.5#4.706253057233147#1
0000 0014 2000 0000 0000 0000#1624798415971046#-59.5#5.890486225480862#1
0000 0011 2000 0000 0000 0000#1624798415972133#-52.0#4.700117134081604#1
0000 000F 2000 0000 0000 0000#1624798415973652#-44.5#0.8774370106705868#1
0000 0013 2000 0000 0000 0000#1624798415974733#-61.5#1.5953400194010667#1
0000 0012 2000 0000 0000 0000#1624798415976165#-56.5#3.5711072741977725#1
3008 33B2 DDD9 0140 2018 0626#1624798415977736#-57.5#3.160000423044421#1
E200 001B 2014 0164 1580 8A56#1624798415980364#-64.0#5.4671075280244255#1
E200 001B 2014 0201 1580 B140#1624798415983449#-63.5#2.1659808724945253#1
E200 001B 2014 0201 1580 B140#1624798415989784#-63.5#1.9082721001297376#1
0000 0010 2000 0000 0000 0000#1624798415991192#-48.5#6.2463697682703305#1
0000 0011 2000 0000 0000 0000#1624798415992861#-50.0#4.804427827657828#1
0000 000F 2000 0000 0000 0000#1624798415993922#-43.5#0.9081166264282996#1
0000 0013 2000 0000 0000 0000#1624798415996497#-60.5#1.8530487917658545#1
0000 0012 2000 0000 0000 0000#1624798415998470#-56.5#3.6263305825616556#1
3008 33B2 DDD9 0140 2018 0626#1624798415999844#-58.0#3.06182565261974#1
0000 0014 2000 0000 0000 0000#1624798416000894#-60.5#6.086835766330224#1
0000 0015 2000 0000 0000 0000#1624798416002198#-54.0#4.878058905476339#1
E200 001B 2014 0164 1580 8A56#1624798416004871#-64.5#5.700272607783043#1
3008 33B2 DDD9 0140 2018 0626#1624798416269619#-56.5#3.865631585471816#1
0000 0011 2000 0000 0000 0000#1624798416270664#-50.0#0.5092816215780329#1
0000 0012 2000 0000 0000 0000#1624798416271750#-54.0#5.442563835418255#1
0000 0010 2000 0000 0000 0000#1624798416273993#-43.5#1.3192234775816514#1
E200 001B 2014 0201 1580 B140#1624798416275072#-63.5#2.7979809571034093#1
0000 000F 2000 0000 0000 0000#1624798416277817#-37.5#1.9389517158874505#1
0000 0014 2000 0000 0000 0000#1624798416279082#-62.0#2.767301341345697#1
0000 0013 2000 0000 0000 0000#1624798416280889#-56.5#4.509903516383785#1
0000 0015 2000 0000 0000 0000#1624798416281982#-61.0#0.6135923151542565#1
E200 001B 2014 0164 1580 8A56#1624798416283817#-65.5#6.19728238305799#1
0000 0014 2000 0000 0000 0000#1624798416301493#-62.0#2.724349879284899#1
0000 0011 2000 0000 0000 0000#1624798416302937#-49.5#0.3313398501832985#1
3008 33B2 DDD9 0140 2018 0626#1624798416306712#-57.0#3.3072625786814425#1
0000 000F 2000 0000 0000 0000#1624798416307762#-37.0#1.736466251886546#1
0000 0015 2000 0000 0000 0000#1624798416308811#-62.0#0.6504078540635119#1
0000 0013 2000 0000 0000 0000#1624798416309848#-56.0#4.289010282928253#1
E200 001B 2014 0164 1580 8A56#1624798416310914#-65.5#5.9088939949354895#1
0000 0010 2000 0000 0000 0000#1624798416312072#-41.0#1.1228739367322893#1
0000 0012 2000 0000 0000 0000#1624798416313073#-53.5#5.338253141842031#1
E200 001B 2014 0201 1580 B140#1624798416314565#-63.0#2.3930100291016#1
E200 001B 2014 0201 1580 B140#1624798416579810#-64.0#1.736466251886546#1
0000 0015 2000 0000 0000 0000#1624798416580875#-61.5#2.5770877236478773#1
0000 0013 2000 0000 0000 0000#1624798416582379#-55.0#5.2339424482658075#1
0000 0011 2000 0000 0000 0000#1624798416584525#-45.0#0.7915340865489908#1
0000 0012 2000 0000 0000 0000#1624798416585810#-52.0#0.14726215563702155#1
E200 001B 2014 0164 1580 8A56#1624798416587195#-64.0#5.3198453723874035#1
0000 000F 2000 0000 0000 0000#1624798416589161#-34.5#2.0493983326152168#1
0000 0014 2000 0000 0000 0000#1624798416590952#-58.0#4.190835512503572#1
3008 33B2 DDD9 0140 2018 0626#1624798416592528#-58.0#2.8654761117703775#1
0000 0010 2000 0000 0000 0000#1624798416593810#-39.0#1.533980787885641#1
3008 33B2 DDD9 0140 2018 0626#1624798416601142#-57.5#2.9145634969827183#1
0000 0015 2000 0000 0000 0000#1624798416602405#-61.5#2.9084275738311756#1
0000 000F 2000 0000 0000 0000#1624798416603511#-34.0#2.067806102069844#1
0000 0013 2000 0000 0000 0000#1624798416604620#-55.5#5.3627968344482015#1
0000 0012 2000 0000 0000 0000#1624798416605696#-51.5#0.18407769454627693#1
E200 001B 2014 0201 1580 B140#1624798416606758#-62.5#1.7732817907958012#1
0000 0011 2000 0000 0000 0000#1624798416608555#-44.0#0.8467573949128739#1
0000 0014 2000 0000 0000 0000#1624798416609621#-58.0#4.3074180523828804#1
0000 0010 2000 0000 0000 0000#1624798416613555#-39.0#1.564660403643354#1
E200 001B 2014 0164 1580 8A56#1624798416617180#-63.5#5.405748296509#1
0000 0013 2000 0000 0000 0000#1624798416883718#-51.0#1.1903690913992575#1
0000 0011 2000 0000 0000 0000#1624798416886432#-40.5#2.3071071049800045#1
0000 0012 2000 0000 0000 0000#1624798416887680#-45.5#1.6751070203711202#1
0000 000F 2000 0000 0000 0000#1624798416891731#-33.0#3.3624858870453256#1
0000 0014 2000 0000 0000 0000#1624798416892853#-57.5#0.5338253141842031#1
3008 33B2 DDD9 0140 2018 0626#1624798416893972#-55.5#4.166291819897402#1
0000 0010 2000 0000 0000 0000#1624798416895001#-35.5#2.9206994201342606#1
0000 0015 2000 0000 0000 0000#1624798416896194#-58.0#5.264622064023521#1
0000 0011 2000 0000 0000 0000#1624798416900312#-39.0#2.3316507975861747#1
0000 000F 2000 0000 0000 0000#1624798416903342#-32.5#3.380893656499953#1
0000 0015 2000 0000 0000 0000#1624798416904421#-58.0#5.240078371417351#1
0000 0010 2000 0000 0000 0000#1624798416905575#-34.5#2.9329712664373457#1
0000 0012 2000 0000 0000 0000#1624798416907825#-45.0#1.7303303287350031#1
0000 0014 2000 0000 0000 0000#1624798416917080#-57.5#0.28838838812250056#1
3008 33B2 DDD9 0140 2018 0626#1624798416919502#-56.5#3.706097583531709#1
0000 0013 2000 0000 0000 0000#1624798416920852#-50.5#0.9694758579437253#1
0000 0011 2000 0000 0000 0000#1624798417183849#-38.0#2.356194490192345#1
E200 001B 2014 0164 1580 8A56#1624798417185162#-64.5#5.393476450205914#1
3008 33B2 DDD9 0140 2018 0626#1624798417186266#-57.5#3.2029518851052186#1
0000 0013 2000 0000 0000 0000#1624798417188630#-46.0#1.2762720155208536#1
0000 000F 2000 0000 0000 0000#1624798417189735#-32.0#3.0925052683774528#1
0000 0014 2000 0000 0000 0000#1624798417192149#-52.5#0.8528933180644165#1
0000 0012 2000 0000 0000 0000#1624798417194277#-40.5#1.8039614065535141#1
0000 0010 2000 0000 0000 0000#1624798417195320#-34.0#2.7857091108003242#1
0000 0015 2000 0000 0000 0000#1624798417197967#-57.5#6.154330920997192#1
E200 001B 2014 0201 1580 B140#1624798417199586#-63.0#1.9389517158874505#1
0000 0015 2000 0000 0000 0000#1624798417204784#-57.5#6.178874613603362#1
0000 0010 2000 0000 0000 0000#1624798417206109#-32.5#2.804116880254952#1
0000 0011 2000 0000 0000 0000#1624798417208804#-37.0#2.386874105950058#1
0000 0014 2000 0000 0000 0000#1624798417209971#-52.0#0.8958447801252144#1
3008 33B2 DDD9 0140 2018 0626#1624798417211287#-57.5#3.215223731408304#1
E200 001B 2014 0164 1580 8A56#1624798417212587#-65.5#5.301437602932776#1
0000 000F 2000 0000 0000 0000#1624798417213647#-32.0#3.117048960983623#1
E200 001B 2014 0201 1580 B140#1624798417216571#-63.5#2.012582793705961#1
0000 0012 2000 0000 0000 0000#1624798417217634#-41.5#1.859184714917397#1
0000 0013 2000 0000 0000 0000#1624798417218803#-45.5#1.337631247036279#1
E200 001B 2014 0201 1580 B140#1624798417481238#-65.0#2.497320722677824#1
0000 000F 2000 0000 0000 0000#1624798417482786#-31.0#3.761320891895592#1
0000 0010 2000 0000 0000 0000#1624798417484631#-33.5#3.5956509668039427#1
0000 0012 2000 0000 0000 0000#1624798417485722#-40.0#2.8654761117703775#1
0000 0011 2000 0000 0000 0000#1624798417486862#-35.5#3.3011266555298997#1
0000 0015 2000 0000 0000 0000#1624798417488668#-52.0#1.2701360923693108#1
E200 001B 2014 0164 1580 8A56#1624798417489807#-64.0#5.927301764390117#1
3008 33B2 DDD9 0140 2018 0626#1624798417491691#-56.0#3.9147189706841563#1
0000 0013 2000 0000 0000 0000#1624798417494313#-43.5#2.448233337465483#1
0000 0014 2000 0000 0000 0000#1624798417495737#-47.5#1.9941750242513334#1
0000 0010 2000 0000 0000 0000#1624798417502536#-32.0#3.6140587362585705#1
0000 0012 2000 0000 0000 0000#1624798417503800#-40.0#2.890019804376548#1
0000 0015 2000 0000 0000 0000#1624798417505933#-52.0#1.3192234775816514#1
0000 0013 2000 0000 0000 0000#1624798417508427#-43.0#2.5034566458293663#1
0000 0011 2000 0000 0000 0000#1624798417510084#-35.5#3.3318062712876126#1
3008 33B2 DDD9 0140 2018 0626#1624798417511149#-56.5#4.031301510563465#1
0000 000F 2000 0000 0000 0000#1624798417512254#-31.0#3.749049045592507#1
0000 0014 2000 0000 0000 0000#1624798417513547#-47.5#2.030990563160589#1
E200 001B 2014 0164 1580 8A56#1624798417515141#-65.0#5.945709533844745#1
E200 001B 2014 0201 1580 B140#1624798417518633#-64.0#2.386874105950058#1
E200 001B 2014 0201 1580 B140#1624798417784018#-62.5#1.4726215563702154#1
0000 0013 2000 0000 0000 0000#1624798417785071#-41.5#2.3930100291016#1
0000 0014 2000 0000 0000 0000#1624798417787249#-45.0#2.0064468705544187#1
0000 0011 2000 0000 0000 0000#1624798417788659#-35.0#2.9820586516496865#1
E200 001B 2014 0199 1580 B13F#1624798417789718#-66.0#1.5155730184310134#1
0000 0012 2000 0000 0000 0000#1624798417791007#-38.5#2.7120780329818137#1
0000 0010 2000 0000 0000 0000#1624798417793077#-33.5#3.0925052683774528#1
0000 000F 2000 0000 0000 0000#1624798417794624#-31.5#3.0802334220743677#1
0000 0015 2000 0000 0000 0000#1624798417798808#-48.5#1.4603497100671303#1
E200 001B 2014 0164 1580 8A56#1624798417800530#-62.0#5.270757987175063#1
0000 000F 2000 0000 0000 0000#1624798417804150#-31.5#3.055689729468197#1
0000 0011 2000 0000 0000 0000#1624798417805340#-35.0#2.9636508821950587#1
E200 001B 2014 0164 1580 8A56#1624798417806634#-63.0#5.221670601962723#1
0000 0013 2000 0000 0000 0000#1624798417808429#-41.5#2.442097414313941#1
E200 001B 2014 0199 1580 B13F#1624798417809479#-65.0#1.5892040962495242#1
0000 0012 2000 0000 0000 0000#1624798417811849#-37.5#2.730485802436441#1
0000 0010 2000 0000 0000 0000#1624798417812990#-32.0#3.0925052683774528#1
0000 0014 2000 0000 0000 0000#1624798417814543#-44.5#2.067806102069844#1
0000 0015 2000 0000 0000 0000#1624798417815879#-48.5#1.4910293258248433#1
E200 001B 2014 0201 1580 B140#1624798417819175#-63.0#1.4726215563702154#1
0000 000F 2000 0000 0000 0000#1624798418084793#-31.0#3.706097583531709#1
E200 001B 2014 0164 1580 8A56#1624798418085865#-63.5#6.080699843178682#1
3008 33B2 DDD9 0140 2018 0626#1624798418087237#-56.0#4.215379205109742#1
0000 0011 2000 0000 0000 0000#1624798418088979#-36.0#3.8963112012295285#1
0000 0014 2000 0000 0000 0000#1624798418091239#-43.5#3.3870295796514958#1
0000 0010 2000 0000 0000 0000#1624798418092411#-32.0#3.859495662320273#1
0000 0015 2000 0000 0000 0000#1624798418097425#-45.5#2.9329712664373457#1
0000 0013 2000 0000 0000 0000#1624798418099718#-40.5#3.6692820446224537#1
0000 0012 2000 0000 0000 0000#1624798418101050#-38.5#3.7981364308048478#1
E200 001B 2014 0201 1580 B140#1624798418102541#-63.5#2.466641106920111#1
0000 0013 2000 0000 0000 0000#1624798418108851#-40.0#3.6754179677739964#1
0000 0010 2000 0000 0000 0000#1624798418110036#-31.5#3.8410878928656453#1
0000 0011 2000 0000 0000 0000#1624798418111281#-36.0#3.9085830475326135#1
E200 001B 2014 0164 1580 8A56#1624798418112648#-64.0#6.178874613603362#1
0000 000F 2000 0000 0000 0000#1624798418113738#-31.0#3.6815538909255388#1
0000 0015 2000 0000 0000 0000#1624798418114788#-46.0#2.9759227284981438#1
0000 0012 2000 0000 0000 0000#1624798418115822#-38.0#3.8288160465625602#1
E200 001B 2014 0201 1580 B140#1624798418117173#-64.0#2.399145952253143#1
0000 0014 2000 0000 0000 0000#1624798418118238#-43.0#3.442252888015379#1
3008 33B2 DDD9 0140 2018 0626#1624798418122926#-56.0#4.264466590322082#1
0000 000F 2000 0000 0000 0000#1624798418389026#-32.0#2.60776733940559#1
E200 001B 2014 0201 1580 B140#1624798418390386#-62.5#1.7426021750380885#1
0000 0010 2000 0000 0000 0000#1624798418392289#-32.0#2.9022916506796332#1
0000 0014 2000 0000 0000 0000#1624798418393310#-42.5#3.1906800388021335#1
0000 0013 2000 0000 0000 0000#1624798418394807#-40.0#3.3011266555298997#1
0000 0015 2000 0000 0000 0000#1624798418395845#-44.0#2.8716120349219203#1
E200 001B 2014 0164 1580 8A56#1624798418397395#-63.5#5.418020142812084#1
0000 0011 2000 0000 0000 0000#1624798418399881#-36.5#3.153864499892878#1
0000 0012 2000 0000 0000 0000#1624798418400899#-38.0#3.2827188860752723#1
3008 33B2 DDD9 0140 2018 0626#1624798418403277#-57.5#3.2459033471660166#1
0000 0015 2000 0000 0000 0000#1624798418408262#-44.5#2.859340188618835#1
0000 000F 2000 0000 0000 0000#1624798418410279#-32.0#2.5709518004963345#1
0000 0010 2000 0000 0000 0000#1624798418411932#-32.0#2.8838838812250054#1
E200 001B 2014 0164 1580 8A56#1624798418413054#-63.0#5.436427912266712#1
0000 0012 2000 0000 0000 0000#1624798418414212#-36.5#3.2704470397721868#1
0000 0011 2000 0000 0000 0000#1624798418415272#-36.5#3.1354567304382504#1
0000 0013 2000 0000 0000 0000#1624798418416313#-39.5#3.3072625786814425#1
3008 33B2 DDD9 0140 2018 0626#1624798418417846#-58.0#3.356349963893783#1
E200 001B 2014 0201 1580 B140#1624798418420006#-63.0#1.6751070203711202#1
0000 0014 2000 0000 0000 0000#1624798418422256#-42.5#3.2213596545598464#1
0000 0013 2000 0000 0000 0000#1624798418684886#-40.0#3.865631585471816#1
E200 001B 2014 0164 1580 8A56#1624798418686208#-65.0#6.019340611663256#1
0000 0010 2000 0000 0000 0000#1624798418687333#-34.0#3.043417883165112#1
0000 0015 2000 0000 0000 0000#1624798418690698#-43.0#3.724505352986337#1
0000 0014 2000 0000 0000 0000#1624798418692504#-42.0#3.9269908169872414#1
3008 33B2 DDD9 0140 2018 0626#1624798418693567#-56.0#3.9822141253511245#1
0000 0012 2000 0000 0000 0000#1624798418695083#-38.0#3.6999616603801666#1
0000 000F 2000 0000 0000 0000#1624798418697576#-34.0#2.5157284921324514#1
0000 0011 2000 0000 0000 0000#1624798418699445#-36.0#3.399301425954581#1
0000 0011 2000 0000 0000 0000#1624798418705367#-36.5#3.4177091954092087#1
0000 0013 2000 0000 0000 0000#1624798418707547#-39.5#3.8533597391687304#1
0000 0014 2000 0000 0000 0000#1624798418708869#-42.0#3.933126740138784#1
E200 001B 2014 0164 1580 8A56#1624798418710933#-64.0#5.921165841238575#1
0000 000F 2000 0000 0000 0000#1624798418713184#-34.0#2.4727770300716534#1
0000 0012 2000 0000 0000 0000#1624798418714283#-37.0#3.6815538909255388#1
0000 0010 2000 0000 0000 0000#1624798418715361#-35.5#2.9820586516496865#1
0000 0015 2000 0000 0000 0000#1624798418716638#-43.5#3.767456815047135#1
E200 001B 2014 0200 1580 ACEC#1624798418718103#-67.0#4.356505437595221#1
3008 33B2 DDD9 0140 2018 0626#1624798418720244#-56.0#3.9822141253511245#1
3008 33B2 DDD9 0140 2018 0626#1624798418982934#-58.0#3.0372819600135696#1
0000 0014 2000 0000 0000 0000#1624798418985624#-41.5#3.2643111166206444#1
E200 001B 2014 0164 1580 8A56#1624798418986734#-63.5#5.209398755659637#1
0000 0011 2000 0000 0000 0000#1624798418988535#-38.0#2.356194490192345#1
E200 001B 2014 0201 1580 B140#1624798418989667#-63.0#1.6812429435226628#1
0000 0013 2000 0000 0000 0000#1624798418990721#-40.0#3.0250101137104846#1
0000 0015 2000 0000 0000 0000#1624798418992012#-43.0#3.2765829629237295#1
0000 0012 2000 0000 0000 0000#1624798418993118#-38.5#2.7550294950426117#1
0000 0010 2000 0000 0000 0000#1624798418997506#-35.0#1.8346410223112268#1
0000 000F 2000 0000 0000 0000#1624798418998815#-35.5#1.214912784005428#1
0000 0011 2000 0000 0000 0000#1624798419007193#-37.0#2.3009711818284617#1
0000 0015 2000 0000 0000 0000#1624798419008489#-43.0#3.2765829629237295#1
0000 000F 2000 0000 0000 0000#1624798419009551#-35.5#1.1903690913992575#1
E200 001B 2014 0201 1580 B140#1624798419010939#-63.5#1.6873788666742053#1
0000 0010 2000 0000 0000 0000#1624798419012067#-35.5#1.7916895602504288#1
3008 33B2 DDD9 0140 2018 0626#1624798419013161#-58.0#3.0250101137104846#1
0000 0012 2000 0000 0000 0000#1624798419017395#-38.5#2.730485802436441#1
E200 001B 2014 0164 1580 8A56#1624798419021133#-64.0#4.828971520263998#1
0000 0013 2000 0000 0000 0000#1624798419024720#-40.0#3.0127382674073995#1
0000 0014 2000 0000 0000 0000#1624798419025757#-41.5#3.2581751934691017#1
0000 0014 2000 0000 0000 0000#1624798419288903#-42.0#3.933126740138784#1
0000 0013 2000 0000 0000 0000#1624798419290212#-40.5#3.5895150436524004#1
0000 0010 2000 0000 0000 0000#1624798419291340#-37.0#1.8223691760081417#1
3008 33B2 DDD9 0140 2018 0626#1624798419293428#-55.5#4.129476280988146#1
E200 001B 2014 0164 1580 8A56#1624798419295040#-64.5#6.215690152512618#1
0000 0015 2000 0000 0000 0000#1624798419296077#-42.5#4.074252972624263#1
0000 000F 2000 0000 0000 0000#1624798419297156#-37.5#1.055378782065321#1
0000 0012 2000 0000 0000 0000#1624798419298461#-40.5#3.1784081924990484#1
0000 0011 2000 0000 0000 0000#1624798419299750#-40.0#2.509592568980909#1
E200 001B 2014 0200 1580 ACEC#1624798419301478#-67.0#4.509903516383785#1
E200 001B 2014 0200 1580 ACEC#1624798419307459#-65.5#4.381049130201391#1
0000 0013 2000 0000 0000 0000#1624798419308538#-40.5#3.5711072741977725#1
0000 0011 2000 0000 0000 0000#1624798419310421#-39.0#2.466641106920111#1
E200 001B 2014 0164 1580 8A56#1624798419312497#-66.0#6.2463697682703305#1
0000 0010 2000 0000 0000 0000#1624798419313558#-38.5#1.7671458676442586#1
0000 0015 2000 0000 0000 0000#1624798419315379#-42.5#4.061981126321178#1
3008 33B2 DDD9 0140 2018 0626#1624798419317459#-57.0#5.141903600992669#1
0000 0012 2000 0000 0000 0000#1624798419318731#-41.5#3.147728576741336#1
0000 0014 2000 0000 0000 0000#1624798419320550#-42.0#3.9269908169872414#1
0000 000F 2000 0000 0000 0000#1624798419322114#-38.0#0.9817477042468103#1
3008 33B2 DDD9 0140 2018 0626#1624798419326015#-55.5#4.252194744018997#1
0000 0010 2000 0000 0000 0000#1624798419591119#-40.0#0.18407769454627693#1
0000 000F 2000 0000 0000 0000#1624798419593023#-40.0#5.577554144752192#1
0000 0012 2000 0000 0000 0000#1624798419595426#-41.5#1.859184714917397#1
0000 0011 2000 0000 0000 0000#1624798419596470#-42.0#1.0676506283684062#1
0000 0015 2000 0000 0000 0000#1624798419597994#-43.5#3.184544115650591#1
0000 0013 2000 0000 0000 0000#1624798419599019#-42.0#2.3930100291016#1
0000 0014 2000 0000 0000 0000#1624798419600057#-42.5#2.8532042654672924#1
E200 001B 2014 0201 1580 B140#1624798419601259#-63.0#1.902136176978195#1
3008 33B2 DDD9 0140 2018 0626#1624798419602278#-57.5#3.2827188860752723#1
E200 001B 2014 0164 1580 8A56#1624798419606521#-63.0#5.424156065963627#1
E200 001B 2014 0164 1580 8A56#1624798419612105#-64.0#5.47937937432751#1
0000 0015 2000 0000 0000 0000#1624798419614211#-43.5#3.1661363461959633#1
0000 000F 2000 0000 0000 0000#1624798419616450#-40.5#5.50392306693368#1
0000 0011 2000 0000 0000 0000#1624798419617608#-41.0#0.9940195505498954#1
0000 0014 2000 0000 0000 0000#1624798419618663#-42.5#2.8286605728611223#1
0000 0013 2000 0000 0000 0000#1624798419619746#-42.0#2.356194490192345#1
0000 0010 2000 0000 0000 0000#1624798419620849#-41.5#0.09817477042468103#1
0000 0012 2000 0000 0000 0000#1624798419622168#-42.0#1.7855536370988863#1
3008 33B2 DDD9 0140 2018 0626#1624798419624100#-58.0#3.2827188860752723#1
E200 001B 2014 0201 1580 B140#1624798419625175#-62.5#1.846912868614312#1
0000 0015 2000 0000 0000 0000#1624798419892686#-44.5#3.2459033471660166#1
0000 000F 2000 0000 0000 0000#1624798419894391#-41.5#4.6448938257177215#1
0000 0012 2000 0000 0000 0000#1624798419896166#-43.0#1.368310862793992#1
E200 001B 2014 0201 1580 B140#1624798419898120#-65.0#2.4727770300716534#1
3008 33B2 DDD9 0140 2018 0626#1624798419899707#-56.0#3.9147189706841563#1
0000 0011 2000 0000 0000 0000#1624798419901373#-44.5#0.4663301595172349#1
E200 001B 2014 0164 1580 8A56#1624798419902499#-64.0#5.884350302329319#1
0000 0010 2000 0000 0000 0000#1624798419904751#-43.5#5.6941366846315#1
0000 0014 2000 0000 0000 0000#1624798419906433#-44.5#2.736621725587984#1
0000 0013 2000 0000 0000 0000#1624798419907502#-44.0#2.073942025221387#1
0000 0010 2000 0000 0000 0000#1624798419913049#-42.0#5.64504929941916#1
3008 33B2 DDD9 0140 2018 0626#1624798419915233#-56.0#3.9515345095934116#1
0000 0011 2000 0000 0000 0000#1624798419916747#-44.5#0.4111068511533518#1
0000 0014 2000 0000 0000 0000#1624798419918272#-44.5#2.6998061866787286#1
0000 000F 2000 0000 0000 0000#1624798419920087#-41.5#4.479223900626073#1
E200 001B 2014 0164 1580 8A56#1624798419921399#-64.5#5.964117303299373#1
0000 0015 2000 0000 0000 0000#1624798419922436#-45.0#3.184544115650591#1
0000 0013 2000 0000 0000 0000#1624798419924388#-44.0#2.000310947402876#1
0000 0012 2000 0000 0000 0000#1624798419925449#-44.5#1.2946797849754812#1
0000 0013 2000 0000 0000 0000#1624798420193678#-46.0#0.6135923151542565#1
E200 001B 2014 0164 1580 8A56#1624798420194789#-63.5#5.013049214810275#1
0000 0014 2000 0000 0000 0000#1624798420196084#-46.0#1.3928545554001621#1
0000 0011 2000 0000 0000 0000#1624798420197368#-46.5#4.859651136021712#1
3008 33B2 DDD9 0140 2018 0626#1624798420198488#-57.5#3.018874190558942#1
0000 0010 2000 0000 0000 0000#1624798420201001#-43.0#3.399301425954581#1
0000 000F 2000 0000 0000 0000#1624798420202123#-40.0#2.386874105950058#1
0000 0015 2000 0000 0000 0000#1624798420203187#-45.5#1.9634954084936207#1
0000 0012 2000 0000 0000 0000#1624798420204833#-47.0#5.945709533844745#1
0000 0011 2000 0000 0000 0000#1624798420211491#-45.5#4.767612288748572#1
0000 0010 2000 0000 0000 0000#1624798420212978#-43.0#3.2949907323783574#1
3008 33B2 DDD9 0140 2018 0626#1624798420214953#-57.0#3.1231848841351653#1
0000 0015 2000 0000 0000 0000#1624798420215959#-45.5#1.9205439464328227#1
E200 001B 2014 0201 1580 B140#1624798420217066#-63.5#1.6198837120072371#1
E200 001B 2014 0164 1580 8A56#1624798420218451#-63.5#5.074408446325701#1
0000 000F 2000 0000 0000 0000#1624798420219502#-40.0#2.313243028131547#1
0000 0012 2000 0000 0000 0000#1624798420220804#-47.0#5.884350302329319#1
0000 0014 2000 0000 0000 0000#1624798420222014#-46.0#1.3069516312785663#1
0000 0013 2000 0000 0000 0000#1624798420223294#-46.0#0.5031456984264903#1
0000 0015 2000 0000 0000 0000#1624798420488936#-47.0#1.9696313316451632#1
0000 0011 2000 0000 0000 0000#1624798420491350#-44.0#3.865631585471816#1
3008 33B2 DDD9 0140 2018 0626#1624798420492483#-55.5#4.190835512503572#1
0000 0013 2000 0000 0000 0000#1624798420493592#-48.0#0.32520392703175593#1
0000 000F 2000 0000 0000 0000#1624798420495082#-45.0#1.8837284075235674#1
0000 0014 2000 0000 0000 0000#1624798420496662#-47.5#1.214912784005428#1
0000 0012 2000 0000 0000 0000#1624798420497905#-49.0#5.522330836388308#1
3008 33B2 DDD9 0140 2018 0626#1624798420499207#-57.0#5.166447293598839#1
0000 0010 2000 0000 0000 0000#1624798420500309#-41.5#2.7979809571034093#1
E200 001B 2014 0164 1580 8A56#1624798420505093#-65.0#5.93343768754166#1
E200 001B 2014 0164 1580 8A56#1624798420512357#-65.5#5.915029918087033#1
0000 0014 2000 0000 0000 0000#1624798420513922#-47.5#1.1596894756415448#1
0000 0015 2000 0000 0000 0000#1624798420515000#-47.5#1.9082721001297376#1
0000 0010 2000 0000 0000 0000#1624798420517140#-40.5#2.736621725587984#1
3008 33B2 DDD9 0140 2018 0626#1624798420518921#-56.5#5.178719139901925#1
0000 000F 2000 0000 0000 0000#1624798420519970#-46.0#1.7732817907958012#1
0000 0011 2000 0000 0000 0000#1624798420523046#-41.0#3.650874275167826#1
0000 0012 2000 0000 0000 0000#1624798420525948#-48.5#5.3198453723874035#1
0000 0013 2000 0000 0000 0000#1624798420528125#-48.0#0.1595340019401067#1
3008 33B2 DDD9 0140 2018 0626#1624798420529614#-55.0#4.221515128261284#1
0000 0012 2000 0000 0000 0000#1624798420799296#-42.0#2.9022916506796332#1
3008 33B2 DDD9 0140 2018 0626#1624798420801098#-57.0#3.227495577711389#1
E200 001B 2014 0164 1580 8A56#1624798420802177#-63.5#5.227806525114265#1
E200 001B 2014 0201 1580 B140#1624798420803273#-64.0#1.6751070203711202#1
0000 0010 2000 0000 0000 0000#1624798420804666#-51.0#0.760854470791278#1
0000 0013 2000 0000 0000 0000#1624798420806186#-49.0#4.399456899656019#1
0000 0011 2000 0000 0000 0000#1624798420807992#-42.5#1.9634954084936207#1
0000 0014 2000 0000 0000 0000#1624798420810308#-50.5#5.663457068873787#1
0000 000F 2000 0000 0000 0000#1624798420814244#-48.5#5.209398755659637#1
0000 0015 2000 0000 0000 0000#1624798420816735#-50.0#0.32520392703175593#1
E200 001B 2014 0164 1580 8A56#1624798420823620#-64.5#5.270757987175063#1
0000 0013 2000 0000 0000 0000#1624798420824930#-48.5#4.3074180523828804#1
0000 0011 2000 0000 0000 0000#1624798420826006#-43.5#1.9082721001297376#1
0000 000F 2000 0000 0000 0000#1624798420829120#-48.0#5.105088062083414#1
0000 0010 2000 0000 0000 0000#1624798420830190#-52.0#0.5338253141842031#1
0000 0015 2000 0000 0000 0000#1624798420831299#-50.5#0.2638446955163303#1
E200 001B 2014 0201 1580 B140#1624798420833159#-64.0#1.846912868614312#1
0000 0012 2000 0000 0000 0000#1624798420834222#-40.5#2.736621725587984#1
0000 0014 2000 0000 0000 0000#1624798420835558#-51.0#5.5714182216006485#1
3008 33B2 DDD9 0140 2018 0626#1624798420838558#-57.0#3.2459033471660166#1
3008 33B2 DDD9 0140 2018 0626#1624798421102102#-56.0#3.890175278077986#1
0000 0012 2000 0000 0000 0000#1624798421104932#-46.0#2.2518837966161214#1
0000 0014 2000 0000 0000 0000#1624798421106594#-49.0#4.448544284868359#1
0000 0011 2000 0000 0000 0000#1624798421109781#-53.0#0.47860200582032003#1
0000 000F 2000 0000 0000 0000#1624798421112418#-51.0#3.2581751934691017#1
3008 33B2 DDD9 0140 2018 0626#1624798421113488#-57.5#4.963961829597935#1
0000 0015 2000 0000 0000 0000#1624798421114779#-52.5#5.945709533844745#1
0000 0010 2000 0000 0000 0000#1624798421116062#-51.0#4.884194828627882#1
0000 0013 2000 0000 0000 0000#1624798421118301#-41.5#3.0066023442558567#1
E200 001B 2014 0164 1580 8A56#1624798421120466#-65.0#5.816855147662351#1
0000 0015 2000 0000 0000 0000#1624798421126353#-52.0#5.853670686571607#1
E200 001B 2014 0164 1580 8A56#1624798421128133#-64.5#5.890486225480862#1
0000 000F 2000 0000 0000 0000#1624798421129223#-51.5#3.129320807286708#1
0000 0010 2000 0000 0000 0000#1624798421130539#-51.5#4.816699673960914#1
3008 33B2 DDD9 0140 2018 0626#1624798421131637#-57.5#4.933282213840222#1
3008 33B2 DDD9 0140 2018 0626#1624798421132739#-56.0#3.9085830475326135#1
0000 0013 2000 0000 0000 0000#1624798421134717#-41.0#2.9268353432858034#1
0000 0012 2000 0000 0000 0000#1624798421135704#-47.5#2.12916533358527#1
0000 0014 2000 0000 0000 0000#1624798421136987#-47.5#4.246058820867455#1
0000 0011 2000 0000 0000 0000#1624798421144014#-53.0#0.1902136176978195#1
0000 0013 2000 0000 0000 0000#1624798421407781#-51.0#1.3008157081270237#1
0000 0012 2000 0000 0000 0000#1624798421409115#-53.0#5.7616318392984684#1
3008 33B2 DDD9 0140 2018 0626#1624798421411333#-57.5#3.043417883165112#1
0000 0011 2000 0000 0000 0000#1624798421413057#-49.5#3.6876898140770815#1
0000 0010 2000 0000 0000 0000#1624798421415266#-51.5#1.6996507129772904#1
E200 001B 2014 0164 1580 8A56#1624798421416405#-64.0#5.178719139901925#1
0000 0015 2000 0000 0000 0000#1624798421417456#-46.5#3.3318062712876126#1
0000 0014 2000 0000 0000 0000#1624798421418552#-43.0#2.2580197197676637#1
0000 000F 2000 0000 0000 0000#1624798421421055#-51.0#0.2638446955163303#1
E200 001B 2014 0201 1580 B140#1624798421422216#-63.0#1.5953400194010667#1
0000 0014 2000 0000 0000 0000#1624798421425365#-43.0#2.2396119503130363#1
0000 0010 2000 0000 0000 0000#1624798421426652#-51.0#1.6260196351587797#1
0000 0013 2000 0000 0000 0000#1624798421428187#-52.0#1.1596894756415448#1
E200 001B 2014 0164 1580 8A56#1624798421429766#-63.0#5.1725832167503825#1
E200 001B 2014 0201 1580 B140#1624798421431114#-63.5#1.5953400194010667#1
0000 0015 2000 0000 0000 0000#1624798421433386#-46.0#3.227495577711389#1
0000 0012 2000 0000 0000 0000#1624798421435897#-53.0#5.534602682691394#1
0000 000F 2000 0000 0000 0000#1624798421437711#-51.5#0.1718058482431918#1
3008 33B2 DDD9 0140 2018 0626#1624798421440614#-57.5#3.067961575771282#1
0000 0011 2000 0000 0000 0000#1624798421443112#-51.5#3.442252888015379#1
0000 0013 2000 0000 0000 0000#1624798421707875#-52.5#6.019340611663256#1
0000 0012 2000 0000 0000 0000#1624798421708953#-51.0#4.399456899656019#1
3008 33B2 DDD9 0140 2018 0626#1624798421712428#-55.5#4.221515128261284#1
3008 33B2 DDD9 0140 2018 0626#1624798421715162#-57.0#5.141903600992669#1
0000 0010 2000 0000 0000 0000#1624798421716206#-52.5#0.6872233929727672#1
0000 0015 2000 0000 0000 0000#1624798421717742#-45.5#3.074097498922825#1
0000 000F 2000 0000 0000 0000#1624798421718830#-54.0#5.583690067903734#1
0000 0011 2000 0000 0000 0000#1624798421722242#-50.5#2.0923497946760143#1
0000 0014 2000 0000 0000 0000#1624798421725001#-57.0#1.5278448647340985#1
E200 001B 2014 0164 1580 8A56#1624798421726297#-64.0#5.976389149602458#1
3008 33B2 DDD9 0140 2018 0626#1624798421731369#-55.0#4.252194744018997#1
0000 0010 2000 0000 0000 0000#1624798421732541#-52.0#0.5890486225480862#1
3008 33B2 DDD9 0140 2018 0626#1624798421733882#-57.0#5.197126909356553#1
0000 0015 2000 0000 0000 0000#1624798421735172#-46.5#2.9943304979527716#1
0000 0014 2000 0000 0000 0000#1624798421736707#-56.5#1.3437671701878218#1
0000 000F 2000 0000 0000 0000#1624798421738953#-54.5#5.411884219660542#1
E200 001B 2014 0164 1580 8A56#1624798421740697#-65.0#6.031612457966341#1
0000 0011 2000 0000 0000 0000#1624798421741801#-50.5#1.945087639038993#1
0000 0012 2000 0000 0000 0000#1624798421743614#-51.5#4.09266074207889#1
0000 0013 2000 0000 0000 0000#1624798421745805#-52.0#5.730952223540755#1
0000 0014 2000 0000 0000 0000#1624798422017446#-54.0#4.871922982324796#1
0000 0012 2000 0000 0000 0000#1624798422018823#-50.5#0.8774370106705868#1
0000 0010 2000 0000 0000 0000#1624798422021219#-54.5#4.190835512503572#1
0000 0015 2000 0000 0000 0000#1624798422022238#-58.5#0.07976700097005335#1
E200 001B 2014 0201 1580 B140#1624798422023571#-63.0#1.7916895602504288#1
0000 0011 2000 0000 0000 0000#1624798422024644#-51.0#5.553010452146021#1
E200 001B 2014 0164 1580 8A56#1624798422026054#-63.5#5.436427912266712#1
0000 0013 2000 0000 0000 0000#1624798422027561#-52.0#2.5402721847386216#1
0000 000F 2000 0000 0000 0000#1624798422028626#-57.5#2.435961491162398#1
3008 33B2 DDD9 0140 2018 0626#1624798422030131#-57.0#3.356349963893783#1
E200 001B 2014 0164 1580 8A56#1624798422037096#-64.0#5.332117218690489#1
E200 001B 2014 0201 1580 B140#1624798422038231#-64.0#1.6812429435226628#1
0000 0014 2000 0000 0000 0000#1624798422039496#-54.5#4.718524903536232#1
0000 0012 2000 0000 0000 0000#1624798422041752#-50.5#0.662679700366597#1
3008 33B2 DDD9 0140 2018 0626#1624798422044877#-57.5#3.2520392703175593#1
0000 000F 2000 0000 0000 0000#1624798422046312#-57.0#2.3071071049800045#1
0000 0010 2000 0000 0000 0000#1624798422047414#-55.0#3.9515345095934116#1
0000 0013 2000 0000 0000 0000#1624798422048992#-52.0#2.313243028131547#1
0000 0011 2000 0000 0000 0000#1624798422050592#-51.0#5.307573526084319#1
0000 0015 2000 0000 0000 0000#1624798422051798#-59.0#6.074563920027139#1
0000 0010 2000 0000 0000 0000#1624798422316023#-59.5#3.3318062712876126#1
0000 000F 2000 0000 0000 0000#1624798422317750#-59.5#1.2455923997631406#1
0000 0014 2000 0000 0000 0000#1624798422318783#-58.0#3.3379421944391554#1
3008 33B2 DDD9 0140 2018 0626#1624798422320157#-58.0#4.97623367590102#1
E200 001B 2014 0164 1580 8A56#1624798422322076#-64.5#5.878214379177777#1
0000 0013 2000 0000 0000 0000#1624798422323414#-52.0#1.2333205534600555#1
3008 33B2 DDD9 0140 2018 0626#1624798422324760#-56.0#4.000621894805752#1
0000 0012 2000 0000 0000 0000#1624798422327366#-52.5#0.03681553890925539#1
0000 0011 2000 0000 0000 0000#1624798422331605#-53.5#4.847379289718626#1
0000 0015 2000 0000 0000 0000#1624798422334013#-67.0#5.301437602932776#1
0000 0014 2000 0000 0000 0000#1624798422338642#-58.0#3.32567034813607#1
0000 0015 2000 0000 0000 0000#1624798422340222#-68.0#5.3627968344482015#1
0000 0010 2000 0000 0000 0000#1624798422343727#-61.5#3.3195344249845276#1
3008 33B2 DDD9 0140 2018 0626#1624798422344844#-56.5#3.9760782021995817#1
0000 0012 2000 0000 0000 0000#1624798422345892#-52.0#0.0#1
E200 001B 2014 0164 1580 8A56#1624798422347293#-65.0#5.982525072754001#1
0000 0011 2000 0000 0000 0000#1624798422349224#-54.0#4.779884135051658#1
0000 0013 2000 0000 0000 0000#1624798422350519#-52.0#1.2701360923693108#1
0000 000F 2000 0000 0000 0000#1624798422351693#-59.5#1.3069516312785663#1
0000 0014 2000 0000 0000 0000#1624798422616973#-57.0#2.82252464970958#1
E200 001B 2014 0201 1580 B140#1624798422618725#-64.0#2.055534255766759#1
E200 001B 2014 0164 1580 8A56#1624798422620066#-65.0#5.522330836388308#1
0000 000F 2000 0000 0000 0000#1624798422621429#-60.0#1.0983302441261191#1
3008 33B2 DDD9 0140 2018 0626#1624798422622802#-56.5#3.479068426924634#1
0000 0013 2000 0000 0000 0000#1624798422624096#-52.0#0.8467573949128739#1
0000 0012 2000 0000 0000 0000#1624798422634478#-51.5#5.522330836388308#1
0000 0015 2000 0000 0000 0000#1624798422637203#-67.5#4.534447208989955#1
0000 0011 2000 0000 0000 0000#1624798422639501#-52.5#4.031301510563465#1
E200 001B 2014 0201 1580 B140#1624798422645705#-63.5#1.6014759425526093#1
0000 0011 2000 0000 0000 0000#1624798422646793#-53.0#4.074252972624263#1
0000 0010 2000 0000 0000 0000#1624798422648404#-57.5#2.718213956133356#1
0000 000F 2000 0000 0000 0000#1624798422649438#-60.0#1.0246991663076084#1
0000 0012 2000 0000 0000 0000#1624798422650683#-51.5#5.5100589900852235#1
0000 0013 2000 0000 0000 0000#1624798422652020#-51.5#0.4724660826687775#1
0000 0014 2000 0000 0000 0000#1624798422653553#-57.0#2.356194490192345#1
3008 33B2 DDD9 0140 2018 0626#1624798422654774#-57.5#3.0495538063166547#1
E200 001B 2014 0164 1580 8A56#1624798422656402#-63.5#5.037592907416445#1
0000 0015 2000 0000 0000 0000#1624798422659085#-68.0#4.626486056263094#1
0000 0014 2000 0000 0000 0000#1624798422923933#-58.0#3.5036121195308043#1
3008 33B2 DDD9 0140 2018 0626#1624798422925519#-55.0#4.190835512503572#1
0000 0012 2000 0000 0000 0000#1624798422926992#-52.0#0.2086213871524472#1
0000 0011 2000 0000 0000 0000#1624798422929456#-54.0#5.049864753719531#1
0000 0010 2000 0000 0000 0000#1624798422930810#-60.0#3.436116964863836#1
E200 001B 2014 0164 1580 8A56#1624798422931949#-64.0#6.013204688511713#1
0000 0013 2000 0000 0000 0000#1624798422933285#-52.0#1.380582709097077#1
0000 000F 2000 0000 0000 0000#1624798422935545#-59.5#1.2946797849754812#1
0000 0015 2000 0000 0000 0000#1624798422938442#-67.5#5.620505606812989#1
3008 33B2 DDD9 0140 2018 0626#1624798422943833#-57.5#5.160311370447297#1
0000 0010 2000 0000 0000 0000#1624798422945754#-61.5#3.497476196379262#1
0000 0014 2000 0000 0000 0000#1624798422946832#-58.0#3.5158839658338894#1
0000 000F 2000 0000 0000 0000#1624798422947868#-59.5#1.368310862793992#1
0000 0012 2000 0000 0000 0000#1624798422949668#-52.0#0.21475731030398976#1
0000 0015 2000 0000 0000 0000#1624798422950718#-67.5#5.66959299202533#1
E200 001B 2014 0164 1580 8A56#1624798422951800#-65.0#6.0991076126333095#1
3008 33B2 DDD9 0140 2018 0626#1624798422954100#-55.5#4.246058820867455#1
0000 0011 2000 0000 0000 0000#1624798422956384#-54.0#5.049864753719531#1
0000 0013 2000 0000 0000 0000#1624798422957649#-52.5#1.368310862793992#1
0000 000F 2000 0000 0000 0000#1624798423221047#-59.5#1.1106020904292042#1
0000 0014 2000 0000 0000 0000#1624798423222112#-57.5#2.988194574801229#1
0000 0012 2000 0000 0000 0000#1624798423223130#-51.5#6.043884304269426#1
0000 0015 2000 0000 0000 0000#1624798423228515#-67.5#5.289165756629691#1
3008 33B2 DDD9 0140 2018 0626#1624798423229575#-56.5#3.7122335066832517#1
0000 0011 2000 0000 0000 0000#1624798423231090#-53.5#4.614214209960009#1
E200 001B 2014 0164 1580 8A56#1624798423232174#-64.5#5.743224069843841#1
0000 0013 2000 0000 0000 0000#1624798423233239#-52.0#1.000155473701438#1
0000 0010 2000 0000 0000 0000#1624798423235024#-59.0#3.3011266555298997#1
E200 001B 2014 0164 1580 8A56#1624798423247709#-65.0#5.368932757599744#1
0000 0013 2000 0000 0000 0000#1624798423249288#-52.0#0.6013204688511713#1
0000 0012 2000 0000 0000 0000#1624798423252170#-51.0#5.688000761479957#1
0000 0010 2000 0000 0000 0000#1624798423253316#-59.5#2.8654761117703775#1
0000 000F 2000 0000 0000 0000#1624798423254363#-60.0#1.055378782065321#1
0000 0011 2000 0000 0000 0000#1624798423256163#-52.5#4.2031073588066565#1
3008 33B2 DDD9 0140 2018 0626#1624798423257229#-57.5#3.2336315008629315#1
0000 0014 2000 0000 0000 0000#1624798423258277#-57.0#2.4605051837685683#1
0000 0015 2000 0000 0000 0000#1624798423259417#-68.0#4.7860200582032#1
0000 0011 2000 0000 0000 0000#1624798423522570#-54.0#4.859651136021712#1
E200 001B 2014 0200 1580 ACEC#1624798423524116#-66.5#4.1417481272912315#1
3008 33B2 DDD9 0140 2018 0626#1624798423525659#-56.5#3.9085830475326135#1
0000 0014 2000 0000 0000 0000#1624798423527478#-57.5#3.1784081924990484#1
0000 0010 2000 0000 0000 0000#1624798423528780#-61.0#3.2397674240144743#1
0000 0015 2000 0000 0000 0000#1624798423530142#-66.5#5.393476450205914#1
0000 0012 2000 0000 0000 0000#1624798423534559#-52.0#6.270913460876501#1
0000 0013 2000 0000 0000 0000#1624798423535626#-51.5#1.1780972450961724#1
0000 000F 2000 0000 0000 0000#1624798423537700#-59.5#1.3621749396424494#1
E200 001B 2014 0164 1580 8A56#1624798423539052#-66.0#5.982525072754001#1
3008 33B2 DDD9 0140 2018 0626#1624798423547316#-56.0#3.77972866135022#1
0000 0011 2000 0000 0000 0000#1624798423549171#-53.5#4.841243366567084#1
0000 0015 2000 0000 0000 0000#1624798423550696#-67.5#5.553010452146021#1
0000 0012 2000 0000 0000 0000#1624798423551823#-50.5#6.277049384028044#1
0000 0013 2000 0000 0000 0000#1624798423553636#-51.5#1.1780972450961724#1
0000 0010 2000 0000 0000 0000#1624798423556212#-59.0#3.2581751934691017#1
0000 0014 2000 0000 0000 0000#1624798423557678#-58.0#3.1661363461959633#1
E200 001B 2014 0200 1580 ACEC#1624798423558813#-68.5#4.215379205109742#1
0000 000F 2000 0000 0000 0000#1624798423559862#-59.0#1.2946797849754812#1
E200 001B 2014 0164 1580 8A56#1624798423561014#-65.5#6.025476534814799#1
0000 0015 2000 0000 0000 0000#1624798423825802#-67.5#4.902602598082509#1
0000 000F 2000 0000 0000 0000#1624798423827333#-59.0#1.214912784005428#1
0000 0014 2000 0000 0000 0000#1624798423828857#-56.5#2.650718801466388#1
0000 0011 2000 0000 0000 0000#1624798423832670#-53.0#4.381049130201391#1
E200 001B 2014 0201 1580 B140#1624798423834105#-63.5#2.423689644859313#1
0000 0010 2000 0000 0000 0000#1624798423835402#-59.5#2.9513790358919736#1
0000 0013 2000 0000 0000 0000#1624798423836710#-51.5#0.8160777791551611#1
3008 33B2 DDD9 0140 2018 0626#1624798423838054#-56.5#3.393165502803038#1
0000 0012 2000 0000 0000 0000#1624798423839156#-51.0#5.890486225480862#1
E200 001B 2014 0164 1580 8A56#1624798423841956#-65.5#5.8475347634200645#1
E200 001B 2014 0200 1580 ACEC#1624798423844096#-70.0#3.859495662320273#1
0000 0013 2000 0000 0000 0000#1624798423847826#-51.5#0.8099418560036186#1
0000 0011 2000 0000 0000 0000#1624798423849727#-53.0#4.417864669110647#1
E200 001B 2014 0164 1580 8A56#1624798423850839#-64.5#5.743224069843841#1
0000 0012 2000 0000 0000 0000#1624798423860016#-51.0#5.540738605842936#1
0000 0015 2000 0000 0000 0000#1624798423861121#-67.5#4.466952054322987#1
0000 0014 2000 0000 0000 0000#1624798423862459#-57.0#2.2334760271614935#1
E200 001B 2014 0201 1580 B140#1624798423864049#-63.0#1.8407769454627694#1
0000 000F 2000 0000 0000 0000#1624798423866642#-59.0#1.0676506283684062#1
0000 0010 2000 0000 0000 0000#1624798423868145#-58.0#2.6016314162540475#1
