长条形标签叠放实验， 拟合出正确顺序
speed   : 3
epc_type: 2
epc     : 000f - 0015
order   : 000f - 0015
0000 0010 2000 0000 0000 0000#1624798500962199#-54.5#5.583690067903734#1
0000 000F 2000 0000 0000 0000#1624798500963822#-52.0#0.6749515466696822#1
0000 0014 2000 0000 0000 0000#1624798500964885#-52.0#5.497787143782138#1
0000 0011 2000 0000 0000 0000#1624798500967597#-61.0#3.8840393549264434#1
0000 0013 2000 0000 0000 0000#1624798500968706#-53.0#5.810719224510809#1
0000 0012 2000 0000 0000 0000#1624798500970764#-61.0#1.055378782065321#1
0000 0015 2000 0000 0000 0000#1624798500972067#-61.0#4.841243366567084#1
0000 0010 2000 0000 0000 0000#1624798500978772#-56.0#5.6143696836614465#1
0000 0011 2000 0000 0000 0000#1624798500982509#-61.0#3.9208548938356986#1
0000 0013 2000 0000 0000 0000#1624798500983813#-53.5#5.8475347634200645#1
0000 0014 2000 0000 0000 0000#1624798500984852#-52.0#5.50392306693368#1
0000 000F 2000 0000 0000 0000#1624798500985947#-52.5#0.6688156235181395#1
0000 0015 2000 0000 0000 0000#1624798500987822#-61.0#4.798291904506286#1
0000 0012 2000 0000 0000 0000#1624798500989367#-61.0#1.0737865515199487#1
0000 0014 2000 0000 0000 0000#1624798501254476#-52.5#5.240078371417351#1
0000 000F 2000 0000 0000 0000#1624798501258963#-51.5#0.44178646691106466#1
0000 0013 2000 0000 0000 0000#1624798501260101#-54.5#5.5714182216006485#1
0000 0012 2000 0000 0000 0000#1624798501261161#-62.5#0.8344855486097889#1
0000 0011 2000 0000 0000 0000#1624798501262206#-61.0#3.767456815047135#1
0000 0010 2000 0000 0000 0000#1624798501263306#-55.5#5.283029833478148#1
0000 0015 2000 0000 0000 0000#1624798501264722#-62.0#4.595806440505381#1
0000 0015 2000 0000 0000 0000#1624798501269530#-62.0#4.522175362686871#1
0000 000F 2000 0000 0000 0000#1624798501270619#-52.0#0.42337869745643697#1
0000 0014 2000 0000 0000 0000#1624798501273018#-52.0#5.2339424482658075#1
0000 0013 2000 0000 0000 0000#1624798501274955#-54.5#5.583690067903734#1
0000 0012 2000 0000 0000 0000#1624798501276000#-61.5#0.9387962421860124#1
0000 0010 2000 0000 0000 0000#1624798501277109#-54.0#5.338253141842031#1
0000 0011 2000 0000 0000 0000#1624798501278812#-61.5#3.706097583531709#1
0000 0011 2000 0000 0000 0000#1624798501542782#-61.0#3.6386024288647407#1
0000 0010 2000 0000 0000 0000#1624798501544116#-53.5#5.080544369477243#1
0000 0014 2000 0000 0000 0000#1624798501546281#-52.5#4.970097752749477#1
0000 000F 2000 0000 0000 0000#1624798501549642#-52.5#0.11044661672776616#1
0000 0013 2000 0000 0000 0000#1624798501550699#-54.5#5.3198453723874035#1
0000 0012 2000 0000 0000 0000#1624798501555507#-63.5#0.6381360077604268#1
0000 0015 2000 0000 0000 0000#1624798501557069#-62.5#4.227651051412827#1
0000 0015 2000 0000 0000 0000#1624798501561420#-62.5#4.196971435655114#1
0000 000F 2000 0000 0000 0000#1624798501562482#-52.5#0.09203884727313846#1
0000 0011 2000 0000 0000 0000#1624798501564496#-59.5#3.5711072741977725#1
0000 0012 2000 0000 0000 0000#1624798501566625#-63.0#0.7240389318820226#1
0000 0013 2000 0000 0000 0000#1624798501568808#-54.5#5.301437602932776#1
0000 0010 2000 0000 0000 0000#1624798501578759#-54.5#5.460971604872882#1
0000 0014 2000 0000 0000 0000#1624798501579783#-52.0#5.325981295538946#1
0000 0015 2000 0000 0000 0000#1624798501841424#-62.0#4.399456899656019#1
0000 0014 2000 0000 0000 0000#1624798501842490#-52.5#5.117359908386499#1
0000 0012 2000 0000 0000 0000#1624798501845689#-62.5#0.8651651643675016#1
0000 0010 2000 0000 0000 0000#1624798501846748#-55.5#5.190990986205009#1
0000 0011 2000 0000 0000 0000#1624798501849715#-61.5#3.650874275167826#1
0000 000F 2000 0000 0000 0000#1624798501851018#-52.0#0.25157284921324513#1
0000 0013 2000 0000 0000 0000#1624798501853124#-55.0#5.442563835418255#1
0000 000F 2000 0000 0000 0000#1624798501863853#-52.0#0.23316507975861744#1
0000 0011 2000 0000 0000 0000#1624798501865542#-61.0#3.5772431973493153#1
0000 0010 2000 0000 0000 0000#1624798501866856#-55.5#5.197126909356553#1
0000 0013 2000 0000 0000 0000#1624798501867936#-55.0#5.460971604872882#1
0000 0014 2000 0000 0000 0000#1624798501869534#-52.5#5.117359908386499#1
0000 0012 2000 0000 0000 0000#1624798501871207#-63.0#0.8160777791551611#1
0000 0015 2000 0000 0000 0000#1624798501872287#-62.5#4.4362724385652745#1
0000 0010 2000 0000 0000 0000#1624798502136436#-54.0#4.921010367537137#1
0000 0014 2000 0000 0000 0000#1624798502137790#-53.0#4.865787059173254#1
0000 0013 2000 0000 0000 0000#1624798502139400#-54.5#5.197126909356553#1
0000 0012 2000 0000 0000 0000#1624798502140956#-63.0#0.6381360077604268#1
0C21 0537 8123 1003 2202 062F#1624798502142784#-67.0#1.509437095279471#1
0000 000F 2000 0000 0000 0000#1624798502143829#-52.0#6.1850105367549055#1
0000 0015 2000 0000 0000 0000#1624798502145350#-63.0#4.147884050442774#1
0000 0011 2000 0000 0000 0000#1624798502148065#-61.0#3.399301425954581#1
0000 0013 2000 0000 0000 0000#1624798502153811#-55.0#5.2339424482658075#1
0000 0010 2000 0000 0000 0000#1624798502155168#-55.0#4.884194828627882#1
0000 0015 2000 0000 0000 0000#1624798502157527#-62.5#4.1172044346850605#1
0000 0014 2000 0000 0000 0000#1624798502159706#-53.0#4.859651136021712#1
0000 0012 2000 0000 0000 0000#1624798502160994#-63.0#0.607456392002714#1
0000 000F 2000 0000 0000 0000#1624798502162524#-52.5#6.17273869045182#1
0000 0011 2000 0000 0000 0000#1624798502164685#-61.0#3.313398501832985#1
0C21 0537 8123 1003 2202 062F#1624798502165784#-68.0#1.6014759425526093#1
0000 0011 2000 0000 0000 0000#1624798502428873#-61.5#3.6447383520162835#1
0000 0013 2000 0000 0000 0000#1624798502431748#-54.0#5.6143696836614465#1
0000 0010 2000 0000 0000 0000#1624798502433744#-54.0#5.301437602932776#1
0000 000F 2000 0000 0000 0000#1624798502435150#-52.0#0.4111068511533518#1
0000 0014 2000 0000 0000 0000#1624798502436231#-52.0#5.264622064023521#1
0000 0012 2000 0000 0000 0000#1624798502440475#-62.0#0.8958447801252144#1
0000 0015 2000 0000 0000 0000#1624798502441512#-62.0#4.583534594202296#1
0000 0015 2000 0000 0000 0000#1624798502446114#-62.0#4.565126824747668#1
0000 000F 2000 0000 0000 0000#1624798502449510#-52.0#0.4172427743048944#1
0000 0010 2000 0000 0000 0000#1624798502451381#-55.5#5.307573526084319#1
0000 0012 2000 0000 0000 0000#1624798502452443#-62.0#0.7363107781851077#1
0000 0011 2000 0000 0000 0000#1624798502453791#-61.5#3.7429131224409646#1
0000 0013 2000 0000 0000 0000#1624798502455467#-54.0#5.620505606812989#1
0000 0014 2000 0000 0000 0000#1624798502458019#-52.0#5.264622064023521#1
0000 0014 2000 0000 0000 0000#1624798502719374#-52.5#4.994641445355648#1
0000 000F 2000 0000 0000 0000#1624798502722003#-52.0#0.04295146206079795#1
0000 0015 2000 0000 0000 0000#1624798502723297#-62.0#4.362641360746763#1
0000 0011 2000 0000 0000 0000#1624798502724851#-60.5#3.509748042682347#1
0000 0012 2000 0000 0000 0000#1624798502726184#-63.0#0.5829126993965437#1
0000 0010 2000 0000 0000 0000#1624798502730114#-53.5#5.00077736850719#1
0000 0013 2000 0000 0000 0000#1624798502732282#-55.0#5.332117218690489#1
0000 0014 2000 0000 0000 0000#1624798502737946#-52.5#5.0253210611133605#1
0000 0011 2000 0000 0000 0000#1624798502740359#-61.0#3.485204350076177#1
0000 000F 2000 0000 0000 0000#1624798502743844#-52.5#0.02454369260617026#1
0000 0012 2000 0000 0000 0000#1624798502744859#-62.5#0.6688156235181395#1
0000 0013 2000 0000 0000 0000#1624798502745925#-54.5#5.350524988145116#1
0000 0010 2000 0000 0000 0000#1624798502747083#-55.0#5.006913291658733#1
0000 0015 2000 0000 0000 0000#1624798502748162#-62.0#4.25833066717054#1
0000 0015 2000 0000 0000 0000#1624798503017044#-62.0#4.485359823777615#1
0000 0010 2000 0000 0000 0000#1624798503018766#-53.5#5.154175447295755#1
0000 0011 2000 0000 0000 0000#1624798503019810#-61.0#3.5342917352885173#1
0000 0013 2000 0000 0000 0000#1624798503020893#-54.5#5.5100589900852235#1
0000 000F 2000 0000 0000 0000#1624798503022482#-51.5#0.22089323345553233#1
0000 0014 2000 0000 0000 0000#1624798503025755#-52.0#5.160311370447297#1
0000 0012 2000 0000 0000 0000#1624798503027701#-62.5#0.803805932852076#1
0000 0013 2000 0000 0000 0000#1624798503035300#-54.5#5.534602682691394#1
0000 0011 2000 0000 0000 0000#1624798503036586#-61.0#3.5158839658338894#1
0000 0010 2000 0000 0000 0000#1624798503037617#-55.0#5.1725832167503825#1
0000 0015 2000 0000 0000 0000#1624798503040703#-62.0#4.4362724385652745#1
0000 000F 2000 0000 0000 0000#1624798503042305#-52.0#0.22089323345553233#1
0000 0014 2000 0000 0000 0000#1624798503043356#-52.0#5.160311370447297#1
0000 0012 2000 0000 0000 0000#1624798503044616#-62.0#0.7853981633974483#1
0000 0011 2000 0000 0000 0000#1624798503309776#-61.0#3.3747577333484107#1
0000 0015 2000 0000 0000 0000#1624798503311409#-62.5#4.1417481272912315#1
0000 0010 2000 0000 0000 0000#1624798503312506#-55.0#4.902602598082509#1
0C21 0537 8123 1003 2202 062F#1624798503313625#-68.0#1.7119225592803755#1
0000 0013 2000 0000 0000 0000#1624798503314718#-54.5#5.2339424482658075#1
0000 0014 2000 0000 0000 0000#1624798503317755#-53.0#4.890330751779424#1
0000 000F 2000 0000 0000 0000#1624798503318848#-52.5#6.160466844148735#1
0000 0012 2000 0000 0000 0000#1624798503322764#-63.5#0.5951845456996288#1
0000 0014 2000 0000 0000 0000#1624798503326924#-53.0#4.890330751779424#1
0000 0011 2000 0000 0000 0000#1624798503328198#-61.0#3.3502140407422405#1
0000 0013 2000 0000 0000 0000#1624798503329834#-54.5#5.2339424482658075#1
0000 0010 2000 0000 0000 0000#1624798503330906#-55.0#4.908738521234052#1
0000 000F 2000 0000 0000 0000#1624798503334053#-52.5#6.160466844148735#1
0000 0015 2000 0000 0000 0000#1624798503337525#-62.5#4.0558452031696355#1
0000 0012 2000 0000 0000 0000#1624798503338813#-63.5#0.5522330836388308#1
3008 33B2 DDD9 0140 2018 0626#1624798503602826#-58.5#4.779884135051658#1
0000 0013 2000 0000 0000 0000#1624798503604902#-59.5#0.14726215563702155#1
0000 000F 2000 0000 0000 0000#1624798503605994#-50.0#1.1474176293384597#1
0000 0010 2000 0000 0000 0000#1624798503608248#-54.5#6.050020227420969#1
0000 0012 2000 0000 0000 0000#1624798503609992#-63.0#1.9696313316451632#1
0000 0011 2000 0000 0000 0000#1624798503612573#-59.5#4.601942363656923#1
0000 0014 2000 0000 0000 0000#1624798503615433#-50.5#5.688000761479957#1
0000 0015 2000 0000 0000 0000#1624798503617496#-57.5#5.399612373357457#1
0000 000F 2000 0000 0000 0000#1624798503629410#-50.0#0.9019807032767571#1
0000 0011 2000 0000 0000 0000#1624798503631793#-58.5#4.534447208989955#1
0000 0014 2000 0000 0000 0000#1624798503634445#-52.0#5.448699758569798#1
0000 0013 2000 0000 0000 0000#1624798503635497#-61.0#0.06135923151542565#1
0000 0010 2000 0000 0000 0000#1624798503636950#-52.0#5.872078456026235#1
0000 0015 2000 0000 0000 0000#1624798503637986#-56.0#5.166447293598839#1
0000 0012 2000 0000 0000 0000#1624798503640131#-64.0#2.098485717827557#1
0000 0011 2000 0000 0000 0000#1624798503902729#-54.0#5.638913376267617#1
0000 0010 2000 0000 0000 0000#1624798503904567#-47.5#0.5031456984264903#1
0000 0012 2000 0000 0000 0000#1624798503908948#-60.0#4.503767593232243#1
0000 0013 2000 0000 0000 0000#1624798503910113#-66.5#2.2396119503130363#1
0000 0014 2000 0000 0000 0000#1624798503911192#-64.5#0.14726215563702155#1
0000 0015 2000 0000 0000 0000#1624798503912310#-52.5#5.332117218690489#1
0000 000F 2000 0000 0000 0000#1624798503913644#-43.5#1.3437671701878218#1
0000 0011 2000 0000 0000 0000#1624798503918873#-52.0#5.743224069843841#1
0000 0013 2000 0000 0000 0000#1624798503920666#-66.0#2.5954954931025047#1
0000 000F 2000 0000 0000 0000#1624798503922212#-43.5#1.3437671701878218#1
0000 0010 2000 0000 0000 0000#1624798503925095#-49.0#0.5583690067903734#1
0000 0015 2000 0000 0000 0000#1624798503926757#-53.5#5.418020142812084#1
0000 0012 2000 0000 0000 0000#1624798503927818#-60.0#4.571262747899211#1
0000 0014 2000 0000 0000 0000#1624798503930249#-65.0#0.3374757733348411#1
0000 0010 2000 0000 0000 0000#1624798504199062#-42.0#1.8100973297050567#1
0000 0011 2000 0000 0000 0000#1624798504200201#-48.0#1.043106935762236#1
0000 000F 2000 0000 0000 0000#1624798504201573#-39.0#2.423689644859313#1
0000 0012 2000 0000 0000 0000#1624798504202634#-56.0#0.2270291566070749#1
0000 0013 2000 0000 0000 0000#1624798504205065#-62.0#5.356660911296659#1
0000 0014 2000 0000 0000 0000#1624798504206087#-67.5#3.4054373491061236#1
0000 0015 2000 0000 0000 0000#1624798504207167#-64.0#1.0615147052168636#1
0000 000F 2000 0000 0000 0000#1624798504212300#-38.5#2.435961491162398#1
0000 0013 2000 0000 0000 0000#1624798504213581#-61.5#5.411884219660542#1
0000 0014 2000 0000 0000 0000#1624798504214891#-68.0#3.749049045592507#1
0000 0011 2000 0000 0000 0000#1624798504217343#-49.0#1.1228739367322893#1
0000 0012 2000 0000 0000 0000#1624798504218705#-55.5#0.25770877236478773#1
0000 0010 2000 0000 0000 0000#1624798504221918#-43.0#1.8775924843720249#1
0000 0015 2000 0000 0000 0000#1624798504223210#-64.0#1.3499030933393643#1
0000 0014 2000 0000 0000 0000#1624798504488165#-63.5#5.436427912266712#1
0000 0010 2000 0000 0000 0000#1624798504490187#-38.0#2.018718716857504#1
0000 000F 2000 0000 0000 0000#1624798504491565#-35.5#2.5341362615870793#1
0000 0013 2000 0000 0000 0000#1624798504492633#-56.5#6.270913460876501#1
0C21 0537 8123 1003 2202 062F#1624798504493948#-67.5#1.4971652489763858#1
0000 0011 2000 0000 0000 0000#1624798504495231#-43.5#1.3437671701878218#1
0000 0012 2000 0000 0000 0000#1624798504496491#-51.0#0.6933593161243098#1
0000 0015 2000 0000 0000 0000#1624798504497656#-66.5#3.724505352986337#1
0000 0013 2000 0000 0000 0000#1624798504503797#-56.5#0.018407769454627694#1
0000 0010 2000 0000 0000 0000#1624798504505442#-39.0#2.055534255766759#1
0000 0014 2000 0000 0000 0000#1624798504506523#-63.0#5.546874528994478#1
0000 0011 2000 0000 0000 0000#1624798504509209#-45.0#1.3928545554001621#1
0000 0012 2000 0000 0000 0000#1624798504510285#-51.0#0.7915340865489908#1
0000 0015 2000 0000 0000 0000#1624798504511306#-67.0#3.7981364308048478#1
0000 000F 2000 0000 0000 0000#1624798504513094#-35.0#2.5832236467994196#1
0C21 0537 8123 1003 2202 062F#1624798504515608#-67.5#1.6260196351587797#1
0000 0014 2000 0000 0000 0000#1624798504778353#-57.5#1.368310862793992#1
0000 0013 2000 0000 0000 0000#1624798504780312#-50.0#1.8100973297050567#1
0000 000F 2000 0000 0000 0000#1624798504782083#-33.5#3.933126740138784#1
0000 0015 2000 0000 0000 0000#1624798504783135#-61.0#0.11044661672776616#1
0000 0010 2000 0000 0000 0000#1624798504784533#-34.5#3.5281558121369745#1
0000 0012 2000 0000 0000 0000#1624798504785606#-45.5#2.3623304133438876#1
0000 0011 2000 0000 0000 0000#1624798504788849#-41.0#3.031146036862027#1
0000 000F 2000 0000 0000 0000#1624798504792857#-33.0#3.9453985864418692#1
0000 0013 2000 0000 0000 0000#1624798504794137#-50.0#1.8530487917658545#1
0000 0015 2000 0000 0000 0000#1624798504795802#-61.0#0.18407769454627693#1
0000 0010 2000 0000 0000 0000#1624798504797090#-35.5#3.5833791205008576#1
0000 0012 2000 0000 0000 0000#1624798504798917#-45.5#2.399145952253143#1
0000 0014 2000 0000 0000 0000#1624798504800227#-57.0#1.4848934026733007#1
0000 0011 2000 0000 0000 0000#1624798504802011#-41.0#3.0802334220743677#1
3008 33B2 DDD9 0140 2018 0626#1624798504805327#-58.5#4.853515212870168#1
0000 000F 2000 0000 0000 0000#1624798505069166#-31.5#3.6570101983193686#1
0000 0015 2000 0000 0000 0000#1624798505070233#-55.5#0.8958447801252144#1
0000 0012 2000 0000 0000 0000#1624798505072234#-42.0#2.6139032625571326#1
0000 0011 2000 0000 0000 0000#1624798505075344#-37.5#3.147728576741336#1
0000 0010 2000 0000 0000 0000#1624798505077569#-32.5#3.448388811166921#1
0000 0013 2000 0000 0000 0000#1624798505078893#-46.0#2.1046216409791#1
0000 0014 2000 0000 0000 0000#1624798505080202#-51.0#1.6751070203711202#1
0C21 0537 8123 1003 2202 062F#1624798505081546#-68.5#1.9880391010997909#1
0000 0013 2000 0000 0000 0000#1624798505086330#-45.5#2.116893487282185#1
0000 0012 2000 0000 0000 0000#1624798505087889#-41.5#2.650718801466388#1
0000 000F 2000 0000 0000 0000#1624798505089651#-31.5#3.650874275167826#1
0000 0011 2000 0000 0000 0000#1624798505091422#-38.0#3.172272269347506#1
0000 0010 2000 0000 0000 0000#1624798505093620#-32.5#3.485204350076177#1
0000 0014 2000 0000 0000 0000#1624798505098139#-50.5#1.7241944055834606#1
0000 0015 2000 0000 0000 0000#1624798505099430#-54.5#0.9940195505498954#1
0000 0010 2000 0000 0000 0000#1624798505362514#-31.0#4.1601558967458585#1
0000 0012 2000 0000 0000 0000#1624798505363620#-39.5#3.724505352986337#1
0000 0013 2000 0000 0000 0000#1624798505366555#-42.5#3.3440781175906977#1
0000 000F 2000 0000 0000 0000#1624798505368778#-30.5#4.190835512503572#1
0000 0011 2000 0000 0000 0000#1624798505370176#-35.0#4.025165587411922#1
0000 0015 2000 0000 0000 0000#1624798505371213#-50.5#2.350058567040802#1
0000 0014 2000 0000 0000 0000#1624798505372780#-47.0#2.945243112740431#1
0000 0014 2000 0000 0000 0000#1624798505382557#-47.0#2.988194574801229#1
0000 0011 2000 0000 0000 0000#1624798505384232#-36.0#4.049709280018092#1
0000 0010 2000 0000 0000 0000#1624798505385307#-32.5#4.1601558967458585#1
0000 000F 2000 0000 0000 0000#1624798505386855#-30.5#4.190835512503572#1
0000 0013 2000 0000 0000 0000#1624798505389712#-42.5#3.4177091954092087#1
0000 0012 2000 0000 0000 0000#1624798505390787#-39.0#3.785864584501762#1
0000 0015 2000 0000 0000 0000#1624798505392038#-50.0#2.4175537217077703#1
0000 0015 2000 0000 0000 0000#1624798505654624#-47.0#2.9391071895888885#1
0000 0011 2000 0000 0000 0000#1624798505656199#-35.5#3.847223816017188#1
0000 000F 2000 0000 0000 0000#1624798505657760#-31.0#3.650874275167826#1
0000 0013 2000 0000 0000 0000#1624798505658871#-40.5#3.6201946594101133#1
0000 0010 2000 0000 0000 0000#1624798505661277#-31.5#3.785864584501762#1
0000 0012 2000 0000 0000 0000#1624798505662327#-38.0#3.785864584501762#1
0000 0014 2000 0000 0000 0000#1624798505663907#-44.0#3.411573272257666#1
9999 33B2 DDD9 0140 0000 0000#1624798505675394#-64.0#1.0676506283684062#1
0000 0011 2000 0000 0000 0000#1624798505683249#-35.5#3.5281558121369745#1
0000 000F 2000 0000 0000 0000#1624798505685438#-31.0#3.2949907323783574#1
0000 0015 2000 0000 0000 0000#1624798505686474#-46.0#2.724349879284899#1
0000 0012 2000 0000 0000 0000#1624798505687594#-38.0#3.479068426924634#1
0000 0013 2000 0000 0000 0000#1624798505690074#-40.5#3.3502140407422405#1
0000 0010 2000 0000 0000 0000#1624798505691188#-31.0#3.4606606574700063#1
0C21 0537 8123 1003 2202 062F#1624798505693214#-68.5#1.552388557340269#1
0000 0014 2000 0000 0000 0000#1624798505694749#-44.5#3.141592653589793#1
0000 0011 2000 0000 0000 0000#1624798505960173#-35.5#4.23378697456437#1
0000 0015 2000 0000 0000 0000#1624798505961267#-44.0#4.104932588381976#1
0000 0010 2000 0000 0000 0000#1624798505962406#-32.5#4.0128937411088375#1
0000 000F 2000 0000 0000 0000#1624798505964183#-32.0#3.6815538909255388#1
0000 0012 2000 0000 0000 0000#1624798505968012#-37.0#4.338097668140593#1
0000 0013 2000 0000 0000 0000#1624798505969383#-38.5#4.374913207049849#1
0000 0014 2000 0000 0000 0000#1624798505970707#-41.5#4.344233591292136#1
0000 000F 2000 0000 0000 0000#1624798505976913#-32.0#3.650874275167826#1
0000 0015 2000 0000 0000 0000#1624798505978820#-43.5#4.135612204139688#1
0000 0014 2000 0000 0000 0000#1624798505980142#-41.5#4.356505437595221#1
0000 0012 2000 0000 0000 0000#1624798505981903#-37.0#4.344233591292136#1
0000 0013 2000 0000 0000 0000#1624798505982973#-38.5#4.387185053352934#1
0000 0011 2000 0000 0000 0000#1624798505987641#-35.5#4.215379205109742#1
0000 0010 2000 0000 0000 0000#1624798505989365#-32.5#3.9822141253511245#1
0000 0014 2000 0000 0000 0000#1624798506253346#-40.5#4.215379205109742#1
0000 000F 2000 0000 0000 0000#1624798506255251#-33.5#2.5770877236478773#1
0000 0010 2000 0000 0000 0000#1624798506256295#-36.0#3.11091303783208#1
0000 0013 2000 0000 0000 0000#1624798506257594#-39.0#4.074252972624263#1
0000 0011 2000 0000 0000 0000#1624798506258927#-37.0#3.54042765844006#1
0000 0012 2000 0000 0000 0000#1624798506261156#-38.5#3.902447124381071#1
0000 0015 2000 0000 0000 0000#1624798506265740#-42.0#4.135612204139688#1
0000 0010 2000 0000 0000 0000#1624798506273497#-36.0#3.08636934522591#1
0000 0013 2000 0000 0000 0000#1624798506274583#-38.5#4.074252972624263#1
0000 0014 2000 0000 0000 0000#1624798506276363#-40.5#4.221515128261284#1
0000 000F 2000 0000 0000 0000#1624798506277398#-33.5#2.5280003384355365#1
0000 0012 2000 0000 0000 0000#1624798506279046#-38.5#3.865631585471816#1
0000 0011 2000 0000 0000 0000#1624798506280305#-37.0#3.509748042682347#1
0000 0015 2000 0000 0000 0000#1624798506281713#-42.0#4.172427743048944#1
0000 0015 2000 0000 0000 0000#1624798506544929#-41.5#4.374913207049849#1
0000 0014 2000 0000 0000 0000#1624798506546467#-40.5#4.3074180523828804#1
0000 000F 2000 0000 0000 0000#1624798506548116#-35.0#1.902136176978195#1
0000 0012 2000 0000 0000 0000#1624798506549419#-39.0#3.6754179677739964#1
0000 0011 2000 0000 0000 0000#1624798506550604#-38.0#3.141592653589793#1
0000 0010 2000 0000 0000 0000#1624798506553132#-37.0#2.5157284921324514#1
0000 0013 2000 0000 0000 0000#1624798506554456#-39.5#4.000621894805752#1
0000 0010 2000 0000 0000 0000#1624798506562657#-35.5#2.5034566458293663#1
0000 0012 2000 0000 0000 0000#1624798506564579#-38.5#3.6447383520162835#1
0000 0014 2000 0000 0000 0000#1624798506566204#-40.5#4.289010282928253#1
0000 000F 2000 0000 0000 0000#1624798506567284#-35.5#1.846912868614312#1
0000 0015 2000 0000 0000 0000#1624798506568561#-41.5#4.362641360746763#1
0000 0011 2000 0000 0000 0000#1624798506569609#-39.5#3.0925052683774528#1
0000 0013 2000 0000 0000 0000#1624798506571058#-39.5#3.988350048502667#1
0000 0015 2000 0000 0000 0000#1624798506837340#-42.5#3.8840393549264434#1
0000 0010 2000 0000 0000 0000#1624798506839322#-37.5#1.1106020904292042#1
0000 0011 2000 0000 0000 0000#1624798506840368#-40.5#1.8530487917658545#1
0000 0013 2000 0000 0000 0000#1624798506842633#-41.0#3.104777114680538#1
0000 0014 2000 0000 0000 0000#1624798506844867#-41.5#3.5833791205008576#1
0000 000F 2000 0000 0000 0000#1624798506846399#-38.0#0.3190680038802134#1
0000 0012 2000 0000 0000 0000#1624798506848547#-41.0#2.5341362615870793#1
0000 0010 2000 0000 0000 0000#1624798506856930#-39.0#1.043106935762236#1
0000 0014 2000 0000 0000 0000#1624798506858241#-41.5#3.54042765844006#1
0000 0015 2000 0000 0000 0000#1624798506859332#-42.5#3.8410878928656453#1
0000 0012 2000 0000 0000 0000#1624798506860412#-41.0#2.4850488763747385#1
0000 0013 2000 0000 0000 0000#1624798506861438#-41.0#3.0066023442558567#1
0000 0011 2000 0000 0000 0000#1624798506862443#-41.0#1.761009944492716#1
0000 000F 2000 0000 0000 0000#1624798506863491#-38.5#0.22089323345553233#1
0000 0013 2000 0000 0000 0000#1624798507128160#-42.0#2.742757648739526#1
0000 0011 2000 0000 0000 0000#1624798507130462#-41.5#1.1903690913992575#1
0000 0014 2000 0000 0000 0000#1624798507132411#-43.0#3.436116964863836#1
0000 0012 2000 0000 0000 0000#1624798507133729#-41.5#2.043262409463674#1
0000 0010 2000 0000 0000 0000#1624798507134885#-40.5#0.3129320807286708#1
0000 000F 2000 0000 0000 0000#1624798507136177#-41.0#5.638913376267617#1
3008 33B2 DDD9 0140 2018 0626#1624798507137426#-59.0#4.743068596142402#1
0000 0015 2000 0000 0000 0000#1624798507138476#-44.0#3.9208548938356986#1
0000 0011 2000 0000 0000 0000#1624798507141516#-43.0#1.141281706186917#1
0000 0013 2000 0000 0000 0000#1624798507142614#-42.5#2.6875343403756435#1
0000 000F 2000 0000 0000 0000#1624798507144429#-41.0#5.595961914206819#1
3008 33B2 DDD9 0140 2018 0626#1624798507145496#-59.0#4.841243366567084#1
0000 0015 2000 0000 0000 0000#1624798507147498#-44.0#3.902447124381071#1
0000 0010 2000 0000 0000 0000#1624798507148896#-40.0#0.2761165418194154#1
0000 0012 2000 0000 0000 0000#1624798507152109#-42.5#1.9941750242513334#1
0000 0014 2000 0000 0000 0000#1624798507153632#-43.0#3.368621810196868#1
0000 0011 2000 0000 0000 0000#1624798507423631#-44.0#5.859806609723149#1
0000 000F 2000 0000 0000 0000#1624798507424665#-40.5#3.522019888985432#1
0000 0015 2000 0000 0000 0000#1624798507426829#-45.5#2.816388726558037#1
0000 0013 2000 0000 0000 0000#1624798507428154#-44.5#1.3867186322486196#1
0000 0012 2000 0000 0000 0000#1624798507430569#-45.0#0.6135923151542565#1
0000 0010 2000 0000 0000 0000#1624798507432011#-43.0#4.706253057233147#1
0000 0014 2000 0000 0000 0000#1624798507433348#-45.0#2.141437179888355#1
0000 0012 2000 0000 0000 0000#1624798507438173#-45.0#0.5951845456996288#1
0000 0011 2000 0000 0000 0000#1624798507439288#-44.5#5.792311455056181#1
0000 0013 2000 0000 0000 0000#1624798507441500#-44.5#1.3560390164909069#1
0000 000F 2000 0000 0000 0000#1624798507444658#-40.5#3.399301425954581#1
0000 0010 2000 0000 0000 0000#1624798507446419#-42.5#4.601942363656923#1
0000 0014 2000 0000 0000 0000#1624798507448525#-44.5#2.086213871524472#1
0000 0015 2000 0000 0000 0000#1624798507449689#-45.5#2.767301341345697#1
0000 0013 2000 0000 0000 0000#1624798507711129#-47.5#6.14819499784565#1
0000 0012 2000 0000 0000 0000#1624798507712731#-48.0#5.203262832508095#1
0000 0015 2000 0000 0000 0000#1624798507715576#-47.5#1.5155730184310134#1
0000 0011 2000 0000 0000 0000#1624798507716995#-46.5#3.6447383520162835#1
0000 000F 2000 0000 0000 0000#1624798507718087#-42.5#1.6198837120072371#1
0000 0010 2000 0000 0000 0000#1624798507719091#-40.5#2.356194490192345#1
0000 0014 2000 0000 0000 0000#1624798507728096#-47.0#1.214912784005428#1
0000 0014 2000 0000 0000 0000#1624798507734676#-46.5#1.184233168247715#1
0000 0015 2000 0000 0000 0000#1624798507735797#-47.0#1.9082721001297376#1
0000 0011 2000 0000 0000 0000#1624798507737443#-46.5#3.9453985864418692#1
0000 000F 2000 0000 0000 0000#1624798507738535#-43.0#1.9512235621905356#1
0000 0013 2000 0000 0000 0000#1624798507741669#-47.0#0.2761165418194154#1
0000 0010 2000 0000 0000 0000#1624798507744348#-41.0#2.7120780329818137#1
0000 0012 2000 0000 0000 0000#1624798507745440#-49.0#5.522330836388308#1
0000 0014 2000 0000 0000 0000#1624798508008302#-49.5#5.915029918087033#1
0000 0012 2000 0000 0000 0000#1624798508009705#-42.0#3.0250101137104846#1
0000 0010 2000 0000 0000 0000#1624798508010875#-49.0#1.1596894756415448#1
0000 0011 2000 0000 0000 0000#1624798508011965#-41.5#2.061670178918302#1
0000 0015 2000 0000 0000 0000#1624798508013273#-50.0#0.521553467881118#1
0000 0013 2000 0000 0000 0000#1624798508016333#-49.0#4.601942363656923#1
0000 000F 2000 0000 0000 0000#1624798508017383#-48.5#5.71868037723767#1
0000 0014 2000 0000 0000 0000#1624798508028184#-50.0#5.816855147662351#1
0000 000F 2000 0000 0000 0000#1624798508030047#-48.5#5.602097837358362#1
0000 0011 2000 0000 0000 0000#1624798508031736#-42.0#2.000310947402876#1
0000 0012 2000 0000 0000 0000#1624798508033069#-42.0#2.9022916506796332#1
0000 0010 2000 0000 0000 0000#1624798508034625#-51.0#0.9940195505498954#1
0000 0015 2000 0000 0000 0000#1624798508035947#-50.5#0.4111068511533518#1
0000 0013 2000 0000 0000 0000#1624798508037352#-48.5#4.454680208019902#1
0000 0012 2000 0000 0000 0000#1624798508303463#-44.5#1.521708941582556#1
0000 0013 2000 0000 0000 0000#1624798508307026#-41.0#2.2212041808584084#1
0000 0011 2000 0000 0000 0000#1624798508308243#-52.5#5.970253226450915#1
0000 0014 2000 0000 0000 0000#1624798508309352#-48.0#3.522019888985432#1
0000 0015 2000 0000 0000 0000#1624798508310672#-51.5#5.129631754689584#1
0000 0010 2000 0000 0000 0000#1624798508313289#-49.0#4.3074180523828804#1
0000 000F 2000 0000 0000 0000#1624798508314320#-49.5#2.5954954931025047#1
0000 0012 2000 0000 0000 0000#1624798508318600#-46.5#1.4848934026733007#1
0000 0010 2000 0000 0000 0000#1624798508320595#-49.5#4.246058820867455#1
0000 0014 2000 0000 0000 0000#1624798508321589#-48.0#3.423845118560751#1
0000 0011 2000 0000 0000 0000#1624798508323119#-52.0#5.8659425328746915#1
0000 000F 2000 0000 0000 0000#1624798508324481#-50.0#2.5157284921324514#1
0000 0013 2000 0000 0000 0000#1624798508336728#-41.0#2.890019804376548#1
0000 0015 2000 0000 0000 0000#1624798508337777#-52.0#5.767767762450011#1
0000 0010 2000 0000 0000 0000#1624798508600847#-51.5#2.1537090261914402#1
0000 0015 2000 0000 0000 0000#1624798508601883#-45.0#3.3502140407422405#1
0000 0014 2000 0000 0000 0000#1624798508604159#-44.0#2.429825568010856#1
0000 0011 2000 0000 0000 0000#1624798508606557#-51.0#4.0128937411088375#1
0000 0012 2000 0000 0000 0000#1624798508608736#-51.5#5.835262917116979#1
0000 000F 2000 0000 0000 0000#1624798508611711#-52.0#0.6381360077604268#1
0000 0013 2000 0000 0000 0000#1624798508613077#-53.5#1.1719613219446299#1
0000 0014 2000 0000 0000 0000#1624798508619313#-45.0#2.399145952253143#1
0000 0011 2000 0000 0000 0000#1624798508620771#-51.5#3.9208548938356986#1
0000 0015 2000 0000 0000 0000#1624798508622319#-45.0#3.2520392703175593#1
0000 0012 2000 0000 0000 0000#1624798508623489#-49.5#5.71868037723767#1
0000 0013 2000 0000 0000 0000#1624798508624558#-53.5#1.0369710126106935#1
0000 0010 2000 0000 0000 0000#1624798508626571#-51.0#1.9266798695843652#1
0000 000F 2000 0000 0000 0000#1624798508628246#-51.5#0.5522330836388308#1
0000 0012 2000 0000 0000 0000#1624798508891049#-51.0#2.9575149590435164#1
0000 0014 2000 0000 0000 0000#1624798508892385#-57.0#0.19634954084936207#1
0000 0011 2000 0000 0000 0000#1624798508895282#-50.0#0.9387962421860124#1
0000 0015 2000 0000 0000 0000#1624798508898054#-49.0#1.9819031779482483#1
0000 0010 2000 0000 0000 0000#1624798508899565#-50.5#5.8475347634200645#1
0000 000F 2000 0000 0000 0000#1624798508901264#-54.0#4.4976316700806995#1
0000 0013 2000 0000 0000 0000#1624798508902319#-51.5#4.7860200582032#1
0000 0015 2000 0000 0000 0000#1624798508906459#-49.0#1.9634954084936207#1
0000 0011 2000 0000 0000 0000#1624798508907746#-50.5#0.9203884727313847#1
0000 0010 2000 0000 0000 0000#1624798508908747#-52.0#5.767767762450011#1
0000 0013 2000 0000 0000 0000#1624798508912176#-51.0#4.6448938257177215#1
0000 0012 2000 0000 0000 0000#1624798508914598#-51.0#2.7550294950426117#1
0000 0014 2000 0000 0000 0000#1624798508917052#-57.0#0.03681553890925539#1
0000 000F 2000 0000 0000 0000#1624798508918102#-53.5#4.466952054322987#1
0000 0010 2000 0000 0000 0000#1624798509180626#-54.5#3.724505352986337#1
0000 0014 2000 0000 0000 0000#1624798509183380#-54.5#4.424000592262189#1
0000 0011 2000 0000 0000 0000#1624798509184397#-51.0#5.098952138931871#1
0000 000F 2000 0000 0000 0000#1624798509185516#-58.0#2.12916533358527#1
0000 0012 2000 0000 0000 0000#1624798509186579#-50.5#0.4295146206079795#1
0000 0015 2000 0000 0000 0000#1624798509189826#-60.0#5.755495916146925#1
0000 0013 2000 0000 0000 0000#1624798509190907#-51.5#2.055534255766759#1
0000 0014 2000 0000 0000 0000#1624798509200015#-54.5#4.3074180523828804#1
0000 0012 2000 0000 0000 0000#1624798509201089#-50.5#0.28838838812250056#1
0000 0015 2000 0000 0000 0000#1624798509203284#-61.0#5.583690067903734#1
0000 0010 2000 0000 0000 0000#1624798509204897#-57.0#3.436116964863836#1
0000 0011 2000 0000 0000 0000#1624798509205929#-51.5#4.890330751779424#1
0000 0013 2000 0000 0000 0000#1624798509206914#-52.0#1.8530487917658545#1
0000 000F 2000 0000 0000 0000#1624798509208020#-59.5#1.9144080232812801#1
0000 0011 2000 0000 0000 0000#1624798509472763#-52.5#3.6079228131070282#1
0000 000F 2000 0000 0000 0000#1624798509475423#-62.0#1.0062913968529805#1
0C21 0537 8123 1003 2202 062F#1624798509476596#-68.0#1.5278448647340985#1
0000 0012 2000 0000 0000 0000#1624798509477597#-50.5#5.258486140871978#1
0000 0015 2000 0000 0000 0000#1624798509478666#-64.5#4.97623367590102#1
0000 0013 2000 0000 0000 0000#1624798509479687#-51.0#0.1718058482431918#1
0000 0010 2000 0000 0000 0000#1624798509481487#-59.5#2.60776733940559#1
0000 0014 2000 0000 0000 0000#1624798509482937#-55.5#2.1537090261914402#1
0000 0010 2000 0000 0000 0000#1624798509488549#-59.5#2.6261751088602177#1
0000 0011 2000 0000 0000 0000#1624798509490007#-53.0#3.6692820446224537#1
0000 0014 2000 0000 0000 0000#1624798509491543#-55.0#2.172116795646068#1
0000 0015 2000 0000 0000 0000#1624798509492849#-65.5#4.95168998329485#1
0000 0013 2000 0000 0000 0000#1624798509494886#-51.0#0.14112623248547898#1
0000 0012 2000 0000 0000 0000#1624798509495960#-50.5#5.283029833478148#1
0000 000F 2000 0000 0000 0000#1624798509498081#-62.0#1.012427320004523#1
0C21 0537 8123 1003 2202 062F#1624798509502019#-68.5#1.6444274046134073#1
0000 0015 2000 0000 0000 0000#1624798509772475#-65.0#5.522330836388308#1
0000 0012 2000 0000 0000 0000#1624798509773593#-51.0#5.749359992995383#1
0000 0014 2000 0000 0000 0000#1624798509776022#-56.0#2.736621725587984#1
0000 0011 2000 0000 0000 0000#1624798509777700#-53.5#4.276738436625168#1
0000 0013 2000 0000 0000 0000#1624798509779382#-51.5#0.662679700366597#1
0000 0010 2000 0000 0000 0000#1624798509780483#-61.5#3.018874190558942#1
0000 000F 2000 0000 0000 0000#1624798509782146#-61.0#1.1535535524900022#1
0000 0011 2000 0000 0000 0000#1624798509786825#-53.5#4.227651051412827#1
0000 0013 2000 0000 0000 0000#1624798509788779#-51.5#0.6381360077604268#1
0000 0012 2000 0000 0000 0000#1624798509790323#-51.0#5.730952223540755#1
0000 000F 2000 0000 0000 0000#1624798509791899#-61.0#1.1167380135807468#1
0000 0014 2000 0000 0000 0000#1624798509793718#-55.5#2.742757648739526#1
0000 0010 2000 0000 0000 0000#1624798509796710#-60.0#3.0127382674073995#1
0000 0015 2000 0000 0000 0000#1624798509798164#-65.5#5.45483568172134#1
0000 0011 2000 0000 0000 0000#1624798510061235#-53.5#3.8533597391687304#1
0000 0013 2000 0000 0000 0000#1624798510063625#-51.0#0.2945243112740431#1
0000 0012 2000 0000 0000 0000#1624798510066279#-50.5#5.399612373357457#1
0000 0014 2000 0000 0000 0000#1624798510067999#-55.5#2.3009711818284617#1
0000 000F 2000 0000 0000 0000#1624798510069765#-61.0#0.9081166264282996#1
0000 0010 2000 0000 0000 0000#1624798510071167#-58.5#2.8102528034064944#1
0000 0015 2000 0000 0000 0000#1624798510072163#-64.0#4.9823695990525625#1
0000 0013 2000 0000 0000 0000#1624798510077033#-50.5#0.25770877236478773#1
0000 0010 2000 0000 0000 0000#1624798510078177#-58.5#2.84706834231575#1
0000 0015 2000 0000 0000 0000#1624798510080569#-65.0#5.080544369477243#1
0000 0014 2000 0000 0000 0000#1624798510081647#-55.5#2.3193789512830896#1
0000 000F 2000 0000 0000 0000#1624798510084086#-61.5#0.9756117810952678#1
0000 0012 2000 0000 0000 0000#1624798510087645#-50.5#5.375068680751287#1
0000 0011 2000 0000 0000 0000#1624798510089131#-52.0#3.847223816017188#1
0000 0013 2000 0000 0000 0000#1624798510351590#-51.5#0.8651651643675016#1
0000 000F 2000 0000 0000 0000#1624798510352612#-60.5#1.1903690913992575#1
0000 0015 2000 0000 0000 0000#1624798510355505#-65.5#5.730952223540755#1
0000 0010 2000 0000 0000 0000#1624798510358539#-62.0#3.06182565261974#1
0000 0011 2000 0000 0000 0000#1624798510360462#-54.0#4.411728745959104#1
0000 0012 2000 0000 0000 0000#1624798510361552#-51.0#5.927301764390117#1
0000 0014 2000 0000 0000 0000#1624798510362676#-56.0#2.890019804376548#1
0000 0013 2000 0000 0000 0000#1624798510365917#-51.5#0.8344855486097889#1
0000 0011 2000 0000 0000 0000#1624798510369267#-54.0#4.411728745959104#1
0000 0014 2000 0000 0000 0000#1624798510371615#-56.0#2.9575149590435164#1
0000 0012 2000 0000 0000 0000#1624798510372748#-51.0#5.896622148632405#1
0000 000F 2000 0000 0000 0000#1624798510373826#-60.5#1.1290098598838318#1
0000 0015 2000 0000 0000 0000#1624798510374892#-65.0#5.559146375297564#1
0000 0010 2000 0000 0000 0000#1624798510384212#-60.5#2.9575149590435164#1
0000 0013 2000 0000 0000 0000#1624798510647972#-51.0#0.1043106935762236#1
0000 000F 2000 0000 0000 0000#1624798510649063#-61.5#1.0921943209745766#1
0000 0014 2000 0000 0000 0000#1624798510650113#-55.0#2.1046216409791#1
0000 0010 2000 0000 0000 0000#1624798510652727#-59.5#2.6813984172241008#1
0000 0011 2000 0000 0000 0000#1624798510654510#-53.0#3.6263305825616556#1
0000 0012 2000 0000 0000 0000#1624798510655588#-50.5#5.209398755659637#1
0C21 0537 8123 1003 2202 062F#1624798510657857#-68.0#1.6444274046134073#1
0000 0015 2000 0000 0000 0000#1624798510661344#-66.0#4.878058905476339#1
0000 0014 2000 0000 0000 0000#1624798510665518#-55.0#2.086213871524472#1
0000 0012 2000 0000 0000 0000#1624798510666806#-50.5#5.2339424482658075#1
0000 0013 2000 0000 0000 0000#1624798510668640#-51.0#0.11658253987930872#1
0000 0015 2000 0000 0000 0000#1624798510672785#-65.0#4.878058905476339#1
0000 0010 2000 0000 0000 0000#1624798510674011#-58.0#2.6261751088602177#1
0000 0011 2000 0000 0000 0000#1624798510675087#-53.0#3.6263305825616556#1
0000 000F 2000 0000 0000 0000#1624798510676863#-61.5#1.055378782065321#1
0C21 0537 8123 1003 2202 062F#1624798510677936#-68.0#1.3437671701878218#1
3008 33B2 DDD9 0140 2018 0626#1624798510942048#-59.0#4.816699673960914#1
0000 000F 2000 0000 0000 0000#1624798510943111#-60.0#1.239456476611598#1
0000 0013 2000 0000 0000 0000#1624798510944446#-51.0#1.0062913968529805#1
0000 0015 2000 0000 0000 0000#1624798510947335#-65.5#5.841398840268521#1
0000 0010 2000 0000 0000 0000#1624798510948691#-62.5#3.172272269347506#1
0000 0014 2000 0000 0000 0000#1624798510950613#-56.5#3.141592653589793#1
0000 0012 2000 0000 0000 0000#1624798510951861#-51.5#6.1420590746941075#1
0000 0011 2000 0000 0000 0000#1624798510953376#-54.5#4.601942363656923#1
0000 0014 2000 0000 0000 0000#1624798510958388#-56.5#3.104777114680538#1
0000 0011 2000 0000 0000 0000#1624798510960855#-53.0#4.614214209960009#1
0000 000F 2000 0000 0000 0000#1624798510963003#-60.5#1.239456476611598#1
0000 0013 2000 0000 0000 0000#1624798510964068#-51.0#1.000155473701438#1
0000 0012 2000 0000 0000 0000#1624798510966557#-51.5#6.111379458936394#1
0000 0010 2000 0000 0000 0000#1624798510967617#-62.0#3.11091303783208#1
0000 0015 2000 0000 0000 0000#1624798510971186#-65.0#5.884350302329319#1
0000 0012 2000 0000 0000 0000#1624798511233750#-50.5#5.3627968344482015#1
0000 000F 2000 0000 0000 0000#1624798511235129#-61.5#0.9019807032767571#1
0000 0011 2000 0000 0000 0000#1624798511236173#-53.5#3.890175278077986#1
0000 0015 2000 0000 0000 0000#1624798511238827#-63.5#4.908738521234052#1
0000 0013 2000 0000 0000 0000#1624798511240363#-50.5#0.2638446955163303#1
0000 0014 2000 0000 0000 0000#1624798511241443#-55.0#2.2641556429192065#1
0000 0015 2000 0000 0000 0000#1624798511248608#-64.0#4.970097752749477#1
0000 000F 2000 0000 0000 0000#1624798511249759#-61.0#0.8344855486097889#1
0000 0013 2000 0000 0000 0000#1624798511251550#-50.5#0.30066023442558565#1
0000 0011 2000 0000 0000 0000#1624798511252597#-53.5#3.9453985864418692#1
0000 0010 2000 0000 0000 0000#1624798511254242#-58.5#2.9513790358919736#1
0000 0012 2000 0000 0000 0000#1624798511259903#-51.0#5.356660911296659#1
0000 0014 2000 0000 0000 0000#1624798511260998#-55.5#2.2212041808584084#1
