0000 0015 2000 0000 0000 0000#1625390556731194#-66.0#2.5832236467994196#1
0000 001C 2000 0000 0000 0000#1625390556732979#-64.0#5.031456984264903#1
0000 001D 2000 0000 0000 0000#1625390556739196#-66.5#1.055378782065321#1
0000 0027 2000 0000 0000 0000#1625390556740269#-60.5#4.06811704947272#1
0C21 0537 8123 1003 2202 062F#1625390556742146#-64.5#5.436427912266712#1
0000 002B 2000 0000 0000 0000#1625390556743613#-66.5#4.841243366567084#1
0000 0027 2000 0000 0000 0000#1625390556753566#-60.5#4.344233591292136#1
0C21 0537 8123 1003 2202 062F#1625390556760874#-63.5#5.368932757599744#1
0000 001F 2000 0000 0000 0000#1625390557022344#-56.0#1.214912784005428#1
0000 0023 2000 0000 0000 0000#1625390557023927#-66.0#2.84706834231575#1
0000 0022 2000 0000 0000 0000#1625390557024997#-52.5#3.749049045592507#1
0000 0024 2000 0000 0000 0000#1625390557026076#-60.0#4.239922897715912#1
0000 0016 2000 0000 0000 0000#1625390557027156#-67.0#0.19634954084936207#1
0000 0021 2000 0000 0000 0000#1625390557028220#-60.0#2.2641556429192065#1
0000 0014 2000 0000 0000 0000#1625390557031940#-64.0#1.6137477888556946#1
0000 002C 2000 0000 0000 0000#1625390557033795#-55.0#1.2517283229146832#1
0C21 0537 8123 1003 2202 062F#1625390557035161#-68.0#0.0859029241215959#1
0000 0028 2000 0000 0000 0000#1625390557036531#-65.0#5.595961914206819#1
0000 001E 2000 0000 0000 0000#1625390557037613#-53.5#0.9817477042468103#1
0000 001B 2000 0000 0000 0000#1625390557039859#-62.5#4.9823695990525625#1
0000 0020 2000 0000 0000 0000#1625390557041278#-57.5#1.6751070203711202#1
0000 0025 2000 0000 0000 0000#1625390557043174#-64.0#4.289010282928253#1
0000 002A 2000 0000 0000 0000#1625390557044718#-63.5#0.4295146206079795#1
0000 0027 2000 0000 0000 0000#1625390557045795#-59.5#5.166447293598839#1
0000 0026 2000 0000 0000 0000#1625390557047102#-62.5#4.154019973594316#1
0000 0013 2000 0000 0000 0000#1625390557048171#-62.5#5.773903685601553#1
0000 0021 2000 0000 0000 0000#1625390557053854#-59.0#2.448233337465483#1
0000 0015 2000 0000 0000 0000#1625390557054906#-61.0#4.295146206079795#1
0000 0016 2000 0000 0000 0000#1625390557056171#-67.0#0.1595340019401067#1
0000 0027 2000 0000 0000 0000#1625390557057190#-59.0#5.148039524144211#1
0000 002B 2000 0000 0000 0000#1625390557058482#-59.5#0.7485826244881929#1
0000 002C 2000 0000 0000 0000#1625390557059820#-55.0#1.368310862793992#1
0000 001D 2000 0000 0000 0000#1625390557061191#-60.0#3.129320807286708#1
0000 0013 2000 0000 0000 0000#1625390557062256#-63.5#5.810719224510809#1
0000 002A 2000 0000 0000 0000#1625390557063817#-61.5#0.2454369260617026#1
0000 0028 2000 0000 0000 0000#1625390557065367#-63.0#5.681864838328415#1
0000 001E 2000 0000 0000 0000#1625390557066434#-53.0#1.214912784005428#1
0000 0025 2000 0000 0000 0000#1625390557067987#-63.5#4.460816131171445#1
0000 0022 2000 0000 0000 0000#1625390557069590#-51.0#4.061981126321178#1
0000 001F 2000 0000 0000 0000#1625390557070654#-55.0#1.5033011721279284#1
0000 0020 2000 0000 0000 0000#1625390557072217#-55.5#1.8960002538266525#1
0000 0014 2000 0000 0000 0000#1625390557074596#-63.0#1.4971652489763858#1
0000 001C 2000 0000 0000 0000#1625390557075782#-60.5#0.8160777791551611#1
0000 001B 2000 0000 0000 0000#1625390557076833#-61.0#4.97623367590102#1
0000 0026 2000 0000 0000 0000#1625390557078369#-60.5#4.374913207049849#1
0000 0024 2000 0000 0000 0000#1625390557079659#-58.0#4.516039439535327#1
0000 0023 2000 0000 0000 0000#1625390557081334#-62.5#3.1354567304382504#1
0C21 0537 8123 1003 2202 062F#1625390557082674#-67.0#0.23316507975861744#1
0000 001F 2000 0000 0000 0000#1625390557345510#-52.5#1.8039614065535141#1
0000 0020 2000 0000 0000 0000#1625390557346548#-55.0#2.141437179888355#1
0000 0014 2000 0000 0000 0000#1625390557347615#-63.5#2.067806102069844#1
0000 0013 2000 0000 0000 0000#1625390557348642#-65.5#0.07976700097005335#1
0C21 0537 8123 1003 2202 062F#1625390557350424#-68.5#0.9878836273983529#1
0000 0023 2000 0000 0000 0000#1625390557351737#-59.5#2.82252464970958#1
0000 0021 2000 0000 0000 0000#1625390557353009#-55.5#2.761165418194154#1
0000 001E 2000 0000 0000 0000#1625390557354108#-50.5#1.4910293258248433#1
0000 002A 2000 0000 0000 0000#1625390557355140#-67.0#0.944932165337555#1
0000 001C 2000 0000 0000 0000#1625390557356451#-61.0#1.4173982480063325#1
0000 0026 2000 0000 0000 0000#1625390557357530#-59.5#3.80427235395639#1
0000 0028 2000 0000 0000 0000#1625390557359334#-65.0#5.221670601962723#1
0000 002C 2000 0000 0000 0000#1625390557360657#-52.0#1.8837284075235674#1
0000 001B 2000 0000 0000 0000#1625390557362209#-63.5#5.632777453116074#1
0000 0024 2000 0000 0000 0000#1625390557363727#-58.0#4.0558452031696355#1
0000 0022 2000 0000 0000 0000#1625390557365027#-48.0#3.822680123411018#1
0000 0025 2000 0000 0000 0000#1625390557366125#-62.5#3.6876898140770815#1
0000 0016 2000 0000 0000 0000#1625390557368967#-66.5#0.5583690067903734#1
0000 0027 2000 0000 0000 0000#1625390557370056#-60.0#4.933282213840222#1
0000 001D 2000 0000 0000 0000#1625390557371351#-62.5#3.3747577333484107#1
0000 002B 2000 0000 0000 0000#1625390557372402#-58.5#1.282407938672396#1
0000 0015 2000 0000 0000 0000#1625390557374551#-63.0#4.914874444385594#1
0000 0025 2000 0000 0000 0000#1625390557379581#-62.0#3.77972866135022#1
0C21 0537 8123 1003 2202 062F#1625390557381647#-68.5#0.9203884727313847#1
0000 001F 2000 0000 0000 0000#1625390557382734#-53.0#1.761009944492716#1
0000 0026 2000 0000 0000 0000#1625390557383785#-59.5#3.8717675086233583#1
0000 0022 2000 0000 0000 0000#1625390557384843#-48.0#3.822680123411018#1
0000 002B 2000 0000 0000 0000#1625390557386395#-59.5#1.2640001692177683#1
0000 0024 2000 0000 0000 0000#1625390557387960#-57.5#4.104932588381976#1
0000 0021 2000 0000 0000 0000#1625390557389037#-55.5#2.675262494072558#1
0000 0014 2000 0000 0000 0000#1625390557390801#-64.5#2.0371264863121317#1
0000 0015 2000 0000 0000 0000#1625390557392642#-63.0#4.92714629068868#1
0000 001D 2000 0000 0000 0000#1625390557394235#-62.0#3.448388811166921#1
0000 0020 2000 0000 0000 0000#1625390557395330#-55.5#2.1353012567368124#1
0000 001B 2000 0000 0000 0000#1625390557396666#-63.5#5.583690067903734#1
0000 0016 2000 0000 0000 0000#1625390557397987#-64.5#0.4970097752749477#1
0000 001C 2000 0000 0000 0000#1625390557399302#-61.0#1.3437671701878218#1
0000 0028 2000 0000 0000 0000#1625390557401219#-66.0#5.154175447295755#1
0000 002C 2000 0000 0000 0000#1625390557402256#-52.5#2.012582793705961#1
0000 001E 2000 0000 0000 0000#1625390557403808#-51.5#1.6321555583103222#1
0000 0023 2000 0000 0000 0000#1625390557404880#-59.5#2.9697868053466014#1
0000 0027 2000 0000 0000 0000#1625390557406452#-59.5#4.816699673960914#1
0000 0013 2000 0000 0000 0000#1625390557412474#-64.5#0.0674951546669682#1
0000 001F 2000 0000 0000 0000#1625390557677997#-51.0#1.0246991663076084#1
0000 0021 2000 0000 0000 0000#1625390557679077#-53.5#1.9819031779482483#1
0000 0025 2000 0000 0000 0000#1625390557680132#-60.5#3.0495538063166547#1
0000 001C 2000 0000 0000 0000#1625390557681202#-58.5#0.2761165418194154#1
0000 0013 2000 0000 0000 0000#1625390557682290#-61.0#4.9823695990525625#1
0000 0020 2000 0000 0000 0000#1625390557683793#-54.0#1.368310862793992#1
0000 0024 2000 0000 0000 0000#1625390557684829#-56.5#3.2765829629237295#1
0000 0026 2000 0000 0000 0000#1625390557686622#-58.5#3.08636934522591#1
0000 0014 2000 0000 0000 0000#1625390557687673#-61.0#1.0185632431560658#1
0000 002B 2000 0000 0000 0000#1625390557688981#-59.5#0.1902136176978195#1
0000 001E 2000 0000 0000 0000#1625390557690305#-50.5#0.7301748550335652#1
0000 0023 2000 0000 0000 0000#1625390557691405#-58.5#2.1782527187976104#1
0000 001D 2000 0000 0000 0000#1625390557692491#-58.0#2.2764274892222915#1
0000 0015 2000 0000 0000 0000#1625390557693556#-60.0#3.6570101983193686#1
0000 0029 2000 0000 0000 0000#1625390557697970#-68.0#4.23378697456437#1
0000 0022 2000 0000 0000 0000#1625390557699057#-46.5#2.9022916506796332#1
0000 0027 2000 0000 0000 0000#1625390557701441#-58.5#4.1172044346850605#1
0000 0012 2000 0000 0000 0000#1625390557702747#-62.5#2.6568547246179306#1
0000 001B 2000 0000 0000 0000#1625390557704009#-59.5#4.172427743048944#1
0000 002C 2000 0000 0000 0000#1625390557705332#-52.0#1.1596894756415448#1
0000 0028 2000 0000 0000 0000#1625390557707339#-63.5#4.546719055293041#1
0000 002C 2000 0000 0000 0000#1625390557715345#-52.0#1.1106020904292042#1
0000 0026 2000 0000 0000 0000#1625390557717164#-59.0#3.129320807286708#1
0000 0022 2000 0000 0000 0000#1625390557718220#-47.0#2.9145634969827183#1
0000 001F 2000 0000 0000 0000#1625390557719309#-52.0#1.0062913968529805#1
0000 0021 2000 0000 0000 0000#1625390557720841#-53.5#1.9757672547967058#1
0000 0025 2000 0000 0000 0000#1625390557722416#-61.0#3.018874190558942#1
0000 002B 2000 0000 0000 0000#1625390557723923#-59.0#0.09203884727313846#1
0000 001C 2000 0000 0000 0000#1625390557725007#-58.5#0.09203884727313846#1
0000 0020 2000 0000 0000 0000#1625390557727510#-54.0#1.337631247036279#1
0000 001D 2000 0000 0000 0000#1625390557728513#-58.0#2.141437179888355#1
0000 0023 2000 0000 0000 0000#1625390557729582#-58.0#2.2212041808584084#1
0000 001B 2000 0000 0000 0000#1625390557739345#-59.0#4.417864669110647#1
0000 0012 2000 0000 0000 0000#1625390557740596#-62.0#2.718213956133356#1
0000 0014 2000 0000 0000 0000#1625390557742144#-60.0#1.239456476611598#1
0000 0015 2000 0000 0000 0000#1625390557743452#-59.5#3.8717675086233583#1
0000 0027 2000 0000 0000 0000#1625390557744980#-58.5#4.448544284868359#1
0000 001E 2000 0000 0000 0000#1625390557746505#-49.5#0.9817477042468103#1
0000 0028 2000 0000 0000 0000#1625390557748087#-64.0#4.81056375080937#1
0000 0013 2000 0000 0000 0000#1625390557750375#-61.0#5.313709449235861#1
0000 0024 2000 0000 0000 0000#1625390557751473#-56.5#3.5588354278946874#1
0000 002A 2000 0000 0000 0000#1625390557753261#-65.5#6.080699843178682#1
0000 0013 2000 0000 0000 0000#1625390558023176#-62.0#4.97623367590102#1
0000 002B 2000 0000 0000 0000#1625390558024260#-60.5#0.7731263170943632#1
0000 001B 2000 0000 0000 0000#1625390558025281#-61.0#4.037437433715008#1
0000 001E 2000 0000 0000 0000#1625390558026548#-50.5#0.9694758579437253#1
0000 0025 2000 0000 0000 0000#1625390558028556#-59.5#2.9820586516496865#1
0000 0021 2000 0000 0000 0000#1625390558029619#-54.5#2.116893487282185#1
0000 0023 2000 0000 0000 0000#1625390558030703#-58.0#2.429825568010856#1
0000 001D 2000 0000 0000 0000#1625390558031806#-58.0#2.0923497946760143#1
0000 0024 2000 0000 0000 0000#1625390558032902#-57.0#3.2520392703175593#1
0000 0027 2000 0000 0000 0000#1625390558033962#-59.5#3.9515345095934116#1
0000 0020 2000 0000 0000 0000#1625390558035754#-55.0#1.5155730184310134#1
0000 0012 2000 0000 0000 0000#1625390558037308#-64.5#2.2089323345553233#1
0000 0022 2000 0000 0000 0000#1625390558039093#-47.0#2.9513790358919736#1
0000 0026 2000 0000 0000 0000#1625390558040659#-57.5#2.9575149590435164#1
0000 0028 2000 0000 0000 0000#1625390558041693#-63.5#3.9638063558964967#1
0000 0015 2000 0000 0000 0000#1625390558043877#-60.0#3.2827188860752723#1
0000 001C 2000 0000 0000 0000#1625390558045262#-59.0#0.1043106935762236#1
0C21 0537 8123 1003 2202 062F#1625390558047231#-66.5#5.602097837358362#1
0000 001F 2000 0000 0000 0000#1625390558050557#-52.5#1.2333205534600555#1
0000 0016 2000 0000 0000 0000#1625390558054776#-65.0#5.418020142812084#1
0000 0014 2000 0000 0000 0000#1625390558057350#-61.5#0.8897088569736719#1
0000 002C 2000 0000 0000 0000#1625390558058418#-52.5#1.4480778637640452#1
0000 002C 2000 0000 0000 0000#1625390558064168#-53.0#1.4664856332186729#1
0000 0025 2000 0000 0000 0000#1625390558065237#-59.0#3.031146036862027#1
0000 0027 2000 0000 0000 0000#1625390558067227#-59.5#3.9085830475326135#1
0000 0026 2000 0000 0000 0000#1625390558068306#-57.5#3.018874190558942#1
0000 0015 2000 0000 0000 0000#1625390558069629#-59.5#3.2888548092268146#1
0000 0023 2000 0000 0000 0000#1625390558070938#-57.5#2.3930100291016#1
0000 0022 2000 0000 0000 0000#1625390558072265#-46.5#3.067961575771282#1
0000 0020 2000 0000 0000 0000#1625390558074328#-55.0#1.607611865704152#1
0000 0016 2000 0000 0000 0000#1625390558075379#-65.5#5.301437602932776#1
0000 001B 2000 0000 0000 0000#1625390558076474#-61.5#4.037437433715008#1
0000 001D 2000 0000 0000 0000#1625390558077514#-58.0#2.1537090261914402#1
0000 001C 2000 0000 0000 0000#1625390558078800#-59.0#0.1043106935762236#1
0000 0012 2000 0000 0000 0000#1625390558079877#-64.0#2.2886993355253766#1
0000 001E 2000 0000 0000 0000#1625390558080931#-49.5#1.0676506283684062#1
0000 0021 2000 0000 0000 0000#1625390558082245#-54.0#2.1966604882522383#1
0000 002B 2000 0000 0000 0000#1625390558083357#-60.5#0.5706408530934585#1
0000 001F 2000 0000 0000 0000#1625390558084414#-51.5#1.2640001692177683#1
0000 0024 2000 0000 0000 0000#1625390558085748#-56.0#3.356349963893783#1
0000 0013 2000 0000 0000 0000#1625390558087404#-62.5#4.902602598082509#1
0000 0014 2000 0000 0000 0000#1625390558090247#-61.0#0.8406214717613314#1
0000 0028 2000 0000 0000 0000#1625390558091326#-64.5#4.111068511533518#1
0C21 0537 8123 1003 2202 062F#1625390558092399#-67.5#5.546874528994478#1
0000 001E 2000 0000 0000 0000#1625390558362467#-49.5#1.000155473701438#1
0000 002A 2000 0000 0000 0000#1625390558365853#-68.0#0.09203884727313846#1
0000 001F 2000 0000 0000 0000#1625390558366926#-52.0#1.2762720155208536#1
0000 001D 2000 0000 0000 0000#1625390558368454#-60.5#2.767301341345697#1
0000 0021 2000 0000 0000 0000#1625390558369516#-55.5#2.3009711818284617#1
0000 0020 2000 0000 0000 0000#1625390558370623#-54.5#1.6505633277649499#1
0000 002B 2000 0000 0000 0000#1625390558371703#-60.0#0.8651651643675016#1
0000 0025 2000 0000 0000 0000#1625390558372977#-60.0#3.3379421944391554#1
0000 0022 2000 0000 0000 0000#1625390558374020#-47.5#3.3011266555298997#1
0000 001C 2000 0000 0000 0000#1625390558375333#-61.0#0.7792622402459057#1
0000 0023 2000 0000 0000 0000#1625390558376401#-58.5#2.509592568980909#1
0000 002C 2000 0000 0000 0000#1625390558378591#-51.5#1.3744467859455345#1
0000 0028 2000 0000 0000 0000#1625390558380326#-66.0#4.546719055293041#1
0000 0026 2000 0000 0000 0000#1625390558381417#-58.5#3.3502140407422405#1
0000 0024 2000 0000 0000 0000#1625390558382966#-57.5#3.6324665057131984#1
0000 0014 2000 0000 0000 0000#1625390558386446#-62.5#1.3928545554001621#1
0000 0013 2000 0000 0000 0000#1625390558387497#-65.0#5.638913376267617#1
0000 0015 2000 0000 0000 0000#1625390558388523#-62.0#4.147884050442774#1
0000 001B 2000 0000 0000 0000#1625390558390721#-62.5#4.73693267299086#1
0000 0027 2000 0000 0000 0000#1625390558391896#-59.5#4.3074180523828804#1
0C21 0537 8123 1003 2202 062F#1625390558392983#-64.5#0.3865631585471816#1
0000 001C 2000 0000 0000 0000#1625390558398011#-60.0#0.7301748550335652#1
0000 002C 2000 0000 0000 0000#1625390558400059#-51.5#1.337631247036279#1
0000 0014 2000 0000 0000 0000#1625390558401169#-63.0#1.4726215563702154#1
0000 001E 2000 0000 0000 0000#1625390558402221#-50.0#0.9326603190344698#1
0000 002B 2000 0000 0000 0000#1625390558404820#-60.0#0.9081166264282996#1
0000 0020 2000 0000 0000 0000#1625390558406381#-55.5#1.6444274046134073#1
0000 001D 2000 0000 0000 0000#1625390558407442#-60.0#2.6875343403756435#1
0000 0028 2000 0000 0000 0000#1625390558408988#-66.5#4.417864669110647#1
0000 0013 2000 0000 0000 0000#1625390558410073#-64.5#5.66959299202533#1
0000 0022 2000 0000 0000 0000#1625390558411398#-48.0#3.2581751934691017#1
0C21 0537 8123 1003 2202 062F#1625390558412969#-67.5#0.5767767762450011#1
0000 001B 2000 0000 0000 0000#1625390558414064#-63.0#4.663301595172349#1
0000 0021 2000 0000 0000 0000#1625390558415184#-55.0#2.2641556429192065#1
0000 001F 2000 0000 0000 0000#1625390558416255#-52.5#1.184233168247715#1
0000 0026 2000 0000 0000 0000#1625390558417905#-59.0#3.2949907323783574#1
0000 0024 2000 0000 0000 0000#1625390558418940#-57.5#3.5711072741977725#1
0000 0025 2000 0000 0000 0000#1625390558420237#-61.5#3.2459033471660166#1
0000 002A 2000 0000 0000 0000#1625390558422073#-68.5#0.37429131224409645#1
0000 0023 2000 0000 0000 0000#1625390558423383#-59.0#2.497320722677824#1
0000 0015 2000 0000 0000 0000#1625390558424423#-61.5#4.111068511533518#1
0000 0027 2000 0000 0000 0000#1625390558426422#-60.0#4.3503695144436785#1
0000 002B 2000 0000 0000 0000#1625390558692557#-60.5#1.6137477888556946#1
0C21 0537 8123 1003 2202 062F#1625390558693600#-67.5#0.8160777791551611#1
0000 0014 2000 0000 0000 0000#1625390558694668#-62.5#1.8960002538266525#1
0000 001D 2000 0000 0000 0000#1625390558695926#-60.5#3.2090878082567613#1
0000 001C 2000 0000 0000 0000#1625390558698282#-60.5#1.1596894756415448#1
0000 0027 2000 0000 0000 0000#1625390558699328#-61.0#4.503767593232243#1
0000 0025 2000 0000 0000 0000#1625390558700397#-60.5#3.485204350076177#1
0000 0026 2000 0000 0000 0000#1625390558701461#-58.5#3.472932503773092#1
0000 0023 2000 0000 0000 0000#1625390558702731#-58.5#2.705942109830271#1
0000 001B 2000 0000 0000 0000#1625390558704053#-62.5#5.013049214810275#1
0000 001E 2000 0000 0000 0000#1625390558705122#-48.5#1.1965050145508#1
0000 0015 2000 0000 0000 0000#1625390558707178#-61.5#4.546719055293041#1
0000 001F 2000 0000 0000 0000#1625390558709218#-52.5#1.4480778637640452#1
0000 0020 2000 0000 0000 0000#1625390558710825#-55.0#1.7978254834019713#1
0000 0013 2000 0000 0000 0000#1625390558712677#-65.0#5.964117303299373#1
0000 0016 2000 0000 0000 0000#1625390558713715#-67.0#0.3129320807286708#1
0000 0021 2000 0000 0000 0000#1625390558715217#-55.5#2.454369260617026#1
0000 0024 2000 0000 0000 0000#1625390558716538#-58.0#3.80427235395639#1
0000 0022 2000 0000 0000 0000#1625390558717581#-47.5#3.5281558121369745#1
0000 002C 2000 0000 0000 0000#1625390558720986#-51.0#1.6444274046134073#1
0000 0023 2000 0000 0000 0000#1625390558728289#-58.5#2.773437264497239#1
0000 0020 2000 0000 0000 0000#1625390558729312#-54.5#1.7916895602504288#1
0000 001B 2000 0000 0000 0000#1625390558730847#-63.0#5.148039524144211#1
0000 0025 2000 0000 0000 0000#1625390558731914#-61.0#3.399301425954581#1
0000 0027 2000 0000 0000 0000#1625390558733002#-61.0#4.4976316700806995#1
0000 001E 2000 0000 0000 0000#1625390558734069#-48.5#1.227184630308513#1
0000 0024 2000 0000 0000 0000#1625390558735620#-57.5#3.822680123411018#1
0000 0026 2000 0000 0000 0000#1625390558739125#-58.0#3.509748042682347#1
0000 001F 2000 0000 0000 0000#1625390558740183#-52.0#1.4480778637640452#1
0000 0013 2000 0000 0000 0000#1625390558741182#-65.0#6.135923151542564#1
0000 0021 2000 0000 0000 0000#1625390558742243#-55.5#2.4605051837685683#1
0000 0022 2000 0000 0000 0000#1625390558743798#-47.5#3.5036121195308043#1
0000 002C 2000 0000 0000 0000#1625390558744863#-51.0#1.6198837120072371#1
0000 0016 2000 0000 0000 0000#1625390558746145#-67.0#0.2761165418194154#1
0000 001D 2000 0000 0000 0000#1625390558749829#-60.0#3.2643111166206444#1
0000 0014 2000 0000 0000 0000#1625390558750911#-63.0#1.932815792735908#1
0000 002B 2000 0000 0000 0000#1625390558752256#-59.5#1.576932249946439#1
0000 0015 2000 0000 0000 0000#1625390558753479#-60.0#4.534447208989955#1
0000 001C 2000 0000 0000 0000#1625390558755862#-60.5#1.1290098598838318#1
0C21 0537 8123 1003 2202 062F#1625390558756974#-67.0#0.8897088569736719#1
0000 0014 2000 0000 0000 0000#1625390559020487#-62.5#1.2885438618239387#1
0000 0027 2000 0000 0000 0000#1625390559021576#-60.5#4.252194744018997#1
0000 0023 2000 0000 0000 0000#1625390559022688#-58.5#2.4175537217077703#1
0000 0024 2000 0000 0000 0000#1625390559024522#-57.5#3.479068426924634#1
0000 002B 2000 0000 0000 0000#1625390559026058#-59.5#0.8222137023067037#1
0000 001F 2000 0000 0000 0000#1625390559027602#-52.0#1.0185632431560658#1
0000 0022 2000 0000 0000 0000#1625390559028674#-48.5#3.129320807286708#1
0000 001E 2000 0000 0000 0000#1625390559029759#-49.5#0.760854470791278#1
0000 0020 2000 0000 0000 0000#1625390559031036#-55.0#1.4358060174609601#1
0000 001B 2000 0000 0000 0000#1625390559032375#-62.0#4.387185053352934#1
0000 0021 2000 0000 0000 0000#1625390559033921#-54.5#2.030990563160589#1
0000 001D 2000 0000 0000 0000#1625390559035784#-60.0#2.5954954931025047#1
0000 0026 2000 0000 0000 0000#1625390559037957#-59.5#3.1906800388021335#1
0000 0015 2000 0000 0000 0000#1625390559039234#-61.0#3.9085830475326135#1
0000 001C 2000 0000 0000 0000#1625390559040303#-60.5#0.619728238305799#1
0000 0025 2000 0000 0000 0000#1625390559042084#-61.5#3.1906800388021335#1
0000 0013 2000 0000 0000 0000#1625390559043194#-64.0#5.43029198911517#1
0000 0028 2000 0000 0000 0000#1625390559045430#-66.5#4.411728745959104#1
0000 002C 2000 0000 0000 0000#1625390559046465#-51.0#1.1780972450961724#1
0C21 0537 8123 1003 2202 062F#1625390559049922#-68.0#0.11658253987930872#1
0000 002A 2000 0000 0000 0000#1625390559052246#-66.5#0.1902136176978195#1
0000 002C 2000 0000 0000 0000#1625390559058661#-51.0#1.1780972450961724#1
0000 0024 2000 0000 0000 0000#1625390559059955#-58.0#3.4913402732277192#1
0000 0028 2000 0000 0000 0000#1625390559061063#-67.0#4.479223900626073#1
0000 002B 2000 0000 0000 0000#1625390559062131#-60.0#0.7853981633974483#1
0000 0013 2000 0000 0000 0000#1625390559063984#-64.0#5.313709449235861#1
0000 0023 2000 0000 0000 0000#1625390559065105#-58.5#2.399145952253143#1
0000 001D 2000 0000 0000 0000#1625390559066154#-60.0#2.5954954931025047#1
0000 0022 2000 0000 0000 0000#1625390559067468#-48.0#3.104777114680538#1
0000 001E 2000 0000 0000 0000#1625390559071271#-49.5#0.760854470791278#1
0000 001F 2000 0000 0000 0000#1625390559072871#-52.0#1.0492428589137786#1
0000 0021 2000 0000 0000 0000#1625390559073860#-54.5#2.110757564130642#1
0000 0027 2000 0000 0000 0000#1625390559075207#-60.0#4.264466590322082#1
0000 001B 2000 0000 0000 0000#1625390559078547#-61.5#4.430136515413731#1
0000 0014 2000 0000 0000 0000#1625390559079628#-63.0#1.3130875544301088#1
0000 0025 2000 0000 0000 0000#1625390559080654#-61.0#3.160000423044421#1
0000 0026 2000 0000 0000 0000#1625390559081977#-58.5#3.1906800388021335#1
0000 0015 2000 0000 0000 0000#1625390559083307#-61.0#3.859495662320273#1
0000 0020 2000 0000 0000 0000#1625390559084959#-55.0#1.423534171157875#1
0C21 0537 8123 1003 2202 062F#1625390559086031#-67.0#0.11658253987930872#1
0000 002A 2000 0000 0000 0000#1625390559087925#-67.5#6.264777537724958#1
0000 001C 2000 0000 0000 0000#1625390559089361#-60.5#0.5829126993965437#1
0000 0024 2000 0000 0000 0000#1625390559352007#-58.0#3.067961575771282#1
0C21 0537 8123 1003 2202 062F#1625390559353079#-68.0#6.240233845118788#1
0000 0022 2000 0000 0000 0000#1625390559354660#-47.0#2.736621725587984#1
0000 001E 2000 0000 0000 0000#1625390559356170#-49.0#0.662679700366597#1
0000 0027 2000 0000 0000 0000#1625390559357673#-61.0#3.6079228131070282#1
0000 0023 2000 0000 0000 0000#1625390559359814#-58.0#2.098485717827557#1
0000 002B 2000 0000 0000 0000#1625390559361107#-60.5#0.9940195505498954#1
0000 002C 2000 0000 0000 0000#1625390559362641#-51.0#1.1228739367322893#1
0000 0025 2000 0000 0000 0000#1625390559363996#-60.0#2.724349879284899#1
0000 0021 2000 0000 0000 0000#1625390559365969#-55.0#1.8653206380689396#1
0000 001F 2000 0000 0000 0000#1625390559367315#-52.5#0.8958447801252144#1
0000 0020 2000 0000 0000 0000#1625390559368364#-55.0#1.2455923997631406#1
0000 001C 2000 0000 0000 0000#1625390559369453#-60.0#0.44178646691106466#1
0000 0026 2000 0000 0000 0000#1625390559370546#-57.5#2.779573187648782#1
0000 0014 2000 0000 0000 0000#1625390559380748#-61.5#1.7916895602504288#1
0000 0015 2000 0000 0000 0000#1625390559383180#-60.5#4.190835512503572#1
0000 0016 2000 0000 0000 0000#1625390559385827#-66.5#0.18407769454627693#1
0000 001B 2000 0000 0000 0000#1625390559387962#-62.5#4.828971520263998#1
0000 001D 2000 0000 0000 0000#1625390559390841#-60.0#3.043417883165112#1
0000 0013 2000 0000 0000 0000#1625390559392169#-63.5#5.915029918087033#1
0000 0024 2000 0000 0000 0000#1625390559396336#-57.5#3.5895150436524004#1
0000 001B 2000 0000 0000 0000#1625390559397371#-62.0#4.865787059173254#1
0000 002C 2000 0000 0000 0000#1625390559398717#-51.0#1.5401167110371838#1
0000 001E 2000 0000 0000 0000#1625390559399801#-48.5#1.0983302441261191#1
0000 001C 2000 0000 0000 0000#1625390559401086#-60.0#1.1658253987930873#1
0000 0016 2000 0000 0000 0000#1625390559402123#-67.5#0.3436116964863836#1
0000 0025 2000 0000 0000 0000#1625390559403188#-60.0#3.2213596545598464#1
0000 0020 2000 0000 0000 0000#1625390559404723#-55.5#1.6566992509164924#1
0000 001F 2000 0000 0000 0000#1625390559406011#-52.0#1.3008157081270237#1
0000 0013 2000 0000 0000 0000#1625390559407751#-63.5#5.829126993965437#1
0C21 0537 8123 1003 2202 062F#1625390559408876#-68.5#0.6258641614573416#1
0000 002B 2000 0000 0000 0000#1625390559409987#-61.5#1.4358060174609601#1
0000 0022 2000 0000 0000 0000#1625390559412453#-47.5#3.2581751934691017#1
0000 0015 2000 0000 0000 0000#1625390559413473#-60.5#4.190835512503572#1
0000 0027 2000 0000 0000 0000#1625390559414509#-60.0#4.123340357836604#1
0000 001D 2000 0000 0000 0000#1625390559417281#-60.0#3.0250101137104846#1
0000 0014 2000 0000 0000 0000#1625390559418576#-62.5#1.8530487917658545#1
0000 0021 2000 0000 0000 0000#1625390559419654#-55.5#2.2641556429192065#1
0000 0023 2000 0000 0000 0000#1625390559421179#-58.5#2.5157284921324514#1
0000 0026 2000 0000 0000 0000#1625390559423726#-58.0#3.2765829629237295#1
0000 0022 2000 0000 0000 0000#1625390559686129#-48.0#3.129320807286708#1
0000 0027 2000 0000 0000 0000#1625390559687659#-60.5#4.006757817957295#1
0000 0021 2000 0000 0000 0000#1625390559688750#-55.5#2.1475731030398975#1
0000 0026 2000 0000 0000 0000#1625390559690067#-58.5#3.147728576741336#1
0000 002B 2000 0000 0000 0000#1625390559691138#-60.5#1.2946797849754812#1
0000 0020 2000 0000 0000 0000#1625390559692526#-55.5#1.5462526341887264#1
0C21 0537 8123 1003 2202 062F#1625390559694872#-64.5#0.46019423636569234#1
0000 002C 2000 0000 0000 0000#1625390559695939#-51.0#1.4419419406125027#1
0000 001C 2000 0000 0000 0000#1625390559697023#-60.5#0.7792622402459057#1
0000 001F 2000 0000 0000 0000#1625390559698053#-51.5#1.184233168247715#1
0000 001E 2000 0000 0000 0000#1625390559699392#-48.5#0.9817477042468103#1
0000 0016 2000 0000 0000 0000#1625390559701170#-65.5#6.111379458936394#1
0000 0013 2000 0000 0000 0000#1625390559705195#-64.5#5.589825991055276#1
0000 001D 2000 0000 0000 0000#1625390559707971#-59.5#2.7120780329818137#1
0000 0023 2000 0000 0000 0000#1625390559709340#-58.5#2.454369260617026#1
0000 0014 2000 0000 0000 0000#1625390559710439#-62.5#1.41126232485479#1
0000 0015 2000 0000 0000 0000#1625390559712942#-61.5#3.9453985864418692#1
0000 0025 2000 0000 0000 0000#1625390559714239#-60.5#3.098641191528995#1
0000 0024 2000 0000 0000 0000#1625390559716409#-57.5#3.4177091954092087#1
0000 001B 2000 0000 0000 0000#1625390559719190#-62.5#4.473087977474529#1
0000 001F 2000 0000 0000 0000#1625390559723358#-51.5#1.2026409377023426#1
0000 001C 2000 0000 0000 0000#1625390559724384#-61.0#0.7547185476397354#1
0000 0020 2000 0000 0000 0000#1625390559725493#-55.5#1.607611865704152#1
0000 0021 2000 0000 0000 0000#1625390559726539#-55.0#2.1475731030398975#1
0000 002B 2000 0000 0000 0000#1625390559727842#-60.5#1.337631247036279#1
0000 0027 2000 0000 0000 0000#1625390559729919#-60.5#4.154019973594316#1
0000 002C 2000 0000 0000 0000#1625390559731196#-51.5#1.4358060174609601#1
0000 001E 2000 0000 0000 0000#1625390559733245#-48.5#0.9878836273983529#1
0000 0016 2000 0000 0000 0000#1625390559734339#-65.5#6.135923151542564#1
0000 0022 2000 0000 0000 0000#1625390559735408#-48.0#3.117048960983623#1
0C21 0537 8123 1003 2202 062F#1625390559736465#-66.5#0.4908738521234052#1
0000 0026 2000 0000 0000 0000#1625390559739209#-58.0#3.104777114680538#1
0000 0024 2000 0000 0000 0000#1625390559740259#-57.5#3.448388811166921#1
0000 0023 2000 0000 0000 0000#1625390559741359#-58.5#2.466641106920111#1
0000 0015 2000 0000 0000 0000#1625390559743951#-62.0#3.9822141253511245#1
0000 0014 2000 0000 0000 0000#1625390559745061#-63.0#1.4910293258248433#1
0000 001B 2000 0000 0000 0000#1625390559747116#-62.5#4.516039439535327#1
0000 0025 2000 0000 0000 0000#1625390559749404#-60.5#2.9759227284981438#1
0000 001D 2000 0000 0000 0000#1625390559750458#-59.5#2.675262494072558#1
0000 0013 2000 0000 0000 0000#1625390559751675#-64.5#5.2768939103266055#1
0000 0022 2000 0000 0000 0000#1625390560013662#-46.5#2.6016314162540475#1
0000 0020 2000 0000 0000 0000#1625390560014711#-55.0#1.1044661672776617#1
0000 0015 2000 0000 0000 0000#1625390560016204#-62.0#3.184544115650591#1
0000 0026 2000 0000 0000 0000#1625390560017269#-56.5#2.6384469551633027#1
0000 0023 2000 0000 0000 0000#1625390560018789#-57.5#2.018718716857504#1
0000 0021 2000 0000 0000 0000#1625390560019869#-54.5#1.705786636128833#1
0000 002B 2000 0000 0000 0000#1625390560020963#-61.0#0.7117670855789375#1
0000 0025 2000 0000 0000 0000#1625390560022018#-58.5#2.6016314162540475#1
0000 001D 2000 0000 0000 0000#1625390560023321#-59.0#1.8530487917658545#1
0000 0014 2000 0000 0000 0000#1625390560024372#-63.0#0.8283496254582462#1
0000 002C 2000 0000 0000 0000#1625390560025409#-51.0#1.055378782065321#1
0000 001E 2000 0000 0000 0000#1625390560027175#-49.0#0.5767767762450011#1
0000 0016 2000 0000 0000 0000#1625390560029937#-65.5#5.356660911296659#1
0000 001F 2000 0000 0000 0000#1625390560032413#-52.5#0.7424467013366504#1
0000 0027 2000 0000 0000 0000#1625390560034721#-59.0#3.4913402732277192#1
0000 0013 2000 0000 0000 0000#1625390560035747#-64.0#4.822835597112456#1
0000 0024 2000 0000 0000 0000#1625390560038627#-57.0#2.8716120349219203#1
0000 001C 2000 0000 0000 0000#1625390560044043#-60.5#6.2463697682703305#1
0000 001B 2000 0000 0000 0000#1625390560045109#-62.5#3.7551849687440497#1
0C21 0537 8123 1003 2202 062F#1625390560048360#-67.0#5.884350302329319#1
0000 0020 2000 0000 0000 0000#1625390560053161#-55.0#1.1596894756415448#1
0000 0014 2000 0000 0000 0000#1625390560054471#-62.5#0.7976700097005334#1
0000 0027 2000 0000 0000 0000#1625390560056146#-60.0#3.466796580621549#1
0000 0022 2000 0000 0000 0000#1625390560057494#-46.5#2.5954954931025047#1
0000 002B 2000 0000 0000 0000#1625390560060454#-61.5#0.6565437772150544#1
0000 0026 2000 0000 0000 0000#1625390560061557#-57.5#2.6568547246179306#1
0000 001D 2000 0000 0000 0000#1625390560062592#-59.0#1.9266798695843652#1
0000 001E 2000 0000 0000 0000#1625390560063688#-49.5#0.6135923151542565#1
0000 001C 2000 0000 0000 0000#1625390560064762#-60.0#0.0#1
0000 0025 2000 0000 0000 0000#1625390560067625#-59.0#2.6568547246179306#1
0000 001B 2000 0000 0000 0000#1625390560068705#-62.0#3.7429131224409646#1
0000 0024 2000 0000 0000 0000#1625390560071400#-57.0#2.8286605728611223#1
0000 002C 2000 0000 0000 0000#1625390560072423#-51.0#1.1228739367322893#1
0000 001F 2000 0000 0000 0000#1625390560073754#-52.5#0.7976700097005334#1
0000 0023 2000 0000 0000 0000#1625390560074822#-57.5#2.024854640009046#1
0000 0016 2000 0000 0000 0000#1625390560075889#-65.5#5.283029833478148#1
0000 0013 2000 0000 0000 0000#1625390560076899#-64.0#4.792155981354743#1
0000 0021 2000 0000 0000 0000#1625390560078104#-54.5#1.7671458676442586#1
0C21 0537 8123 1003 2202 062F#1625390560079446#-66.0#6.000932842208628#1
0000 0015 2000 0000 0000 0000#1625390560080526#-61.0#3.160000423044421#1
0000 0023 2000 0000 0000 0000#1625390560343395#-58.0#2.7979809571034093#1
0000 0022 2000 0000 0000 0000#1625390560344935#-46.5#3.479068426924634#1
0000 001F 2000 0000 0000 0000#1625390560345966#-50.5#1.509437095279471#1
0000 0013 2000 0000 0000 0000#1625390560348144#-67.0#5.767767762450011#1
0000 0014 2000 0000 0000 0000#1625390560350208#-64.0#1.9205439464328227#1
0000 0026 2000 0000 0000 0000#1625390560351230#-58.0#3.9760782021995817#1
0000 002B 2000 0000 0000 0000#1625390560352526#-58.0#1.2762720155208536#1
0000 0020 2000 0000 0000 0000#1625390560353549#-53.5#1.932815792735908#1
0000 001E 2000 0000 0000 0000#1625390560354589#-48.0#1.4480778637640452#1
0000 001D 2000 0000 0000 0000#1625390560355638#-60.5#2.9022916506796332#1
0000 0025 2000 0000 0000 0000#1625390560356962#-60.5#3.8840393549264434#1
0000 002A 2000 0000 0000 0000#1625390560358494#-64.0#0.7731263170943632#1
0000 002C 2000 0000 0000 0000#1625390560360279#-49.5#1.932815792735908#1
0000 0028 2000 0000 0000 0000#1625390560361402#-65.0#5.3627968344482015#1
0000 0024 2000 0000 0000 0000#1625390560362750#-57.0#3.9638063558964967#1
0000 0021 2000 0000 0000 0000#1625390560363841#-53.5#2.6016314162540475#1
0000 0015 2000 0000 0000 0000#1625390560364934#-63.0#3.8963112012295285#1
0000 0027 2000 0000 0000 0000#1625390560366082#-59.5#5.037592907416445#1
0000 001C 2000 0000 0000 0000#1625390560368961#-63.0#1.1780972450961724#1
0000 001B 2000 0000 0000 0000#1625390560370418#-65.5#4.657165672020807#1
0000 0022 2000 0000 0000 0000#1625390560376496#-46.5#3.6754179677739964#1
0000 0014 2000 0000 0000 0000#1625390560377508#-65.0#2.1598449493429825#1
0000 0028 2000 0000 0000 0000#1625390560379026#-64.0#5.577554144752192#1
0000 001E 2000 0000 0000 0000#1625390560380109#-48.5#1.5278448647340985#1
0000 0029 2000 0000 0000 0000#1625390560381150#-67.0#5.411884219660542#1
0000 0024 2000 0000 0000 0000#1625390560382286#-57.0#4.129476280988146#1
0000 001B 2000 0000 0000 0000#1625390560384108#-64.0#4.669437518323892#1
0000 0026 2000 0000 0000 0000#1625390560385171#-57.5#4.23378697456437#1
0000 0020 2000 0000 0000 0000#1625390560386209#-54.0#2.116893487282185#1
0000 001F 2000 0000 0000 0000#1625390560387510#-50.5#1.718058482431918#1
0000 0025 2000 0000 0000 0000#1625390560388566#-60.0#4.1172044346850605#1
0000 0023 2000 0000 0000 0000#1625390560390418#-59.0#3.117048960983623#1
0000 002C 2000 0000 0000 0000#1625390560391725#-50.0#2.043262409463674#1
0000 002B 2000 0000 0000 0000#1625390560393275#-58.0#1.282407938672396#1
0000 002A 2000 0000 0000 0000#1625390560403080#-63.0#0.4111068511533518#1
0000 001D 2000 0000 0000 0000#1625390560404369#-61.5#2.748893571891069#1
0000 0015 2000 0000 0000 0000#1625390560407898#-62.5#3.8533597391687304#1
0000 0021 2000 0000 0000 0000#1625390560408961#-53.5#2.662990647769473#1
0000 001C 2000 0000 0000 0000#1625390560410032#-63.5#0.9572040116406401#1
0000 0027 2000 0000 0000 0000#1625390560411066#-58.5#5.203262832508095#1
0C21 0537 8123 1003 2202 062F#1625390560676098#-68.0#6.2034183062095325#1
0000 0023 2000 0000 0000 0000#1625390560677922#-54.5#4.878058905476339#1
0000 0029 2000 0000 0000 0000#1625390560679017#-57.0#5.5284667595398505#1
0000 001D 2000 0000 0000 0000#1625390560680107#-67.0#3.9269908169872414#1
0000 001F 2000 0000 0000 0000#1625390560681594#-49.5#3.429981041712294#1
0000 0028 2000 0000 0000 0000#1625390560682858#-56.5#5.927301764390117#1
0000 002C 2000 0000 0000 0000#1625390560683939#-49.5#3.773592738198677#1
0000 0015 2000 0000 0000 0000#1625390560685264#-66.5#5.135767677841127#1
0000 0021 2000 0000 0000 0000#1625390560687094#-51.0#4.491495746929157#1
0000 001E 2000 0000 0000 0000#1625390560688604#-47.0#3.4054373491061236#1
0000 0026 2000 0000 0000 0000#1625390560689642#-52.0#5.424156065963627#1
0000 002A 2000 0000 0000 0000#1625390560691685#-59.5#6.22182607566416#1
0000 0022 2000 0000 0000 0000#1625390560692770#-42.0#5.3198453723874035#1
0000 0027 2000 0000 0000 0000#1625390560696774#-54.0#6.031612457966341#1
0000 0020 2000 0000 0000 0000#1625390560698026#-53.0#3.9453985864418692#1
0000 0024 2000 0000 0000 0000#1625390560699292#-53.5#5.50392306693368#1
0000 0025 2000 0000 0000 0000#1625390560700346#-54.0#5.4671075280244255#1
0000 002B 2000 0000 0000 0000#1625390560701385#-60.0#1.1044661672776617#1
0000 0015 2000 0000 0000 0000#1625390560707195#-67.0#5.056000676871073#1
0000 001E 2000 0000 0000 0000#1625390560708753#-47.0#3.5036121195308043#1
0000 002A 2000 0000 0000 0000#1625390560710414#-59.5#6.160466844148735#1
0000 0028 2000 0000 0000 0000#1625390560712607#-56.5#5.927301764390117#1
0000 0023 2000 0000 0000 0000#1625390560715283#-53.5#4.95168998329485#1
0000 0021 2000 0000 0000 0000#1625390560716829#-51.0#4.632621979414636#1
0000 0029 2000 0000 0000 0000#1625390560718377#-55.5#5.50392306693368#1
0000 0022 2000 0000 0000 0000#1625390560719423#-41.5#5.393476450205914#1
0000 0026 2000 0000 0000 0000#1625390560720731#-51.5#5.460971604872882#1
0000 0020 2000 0000 0000 0000#1625390560721811#-52.5#4.0128937411088375#1
0000 0027 2000 0000 0000 0000#1625390560722872#-53.5#6.025476534814799#1
0000 0024 2000 0000 0000 0000#1625390560723952#-53.0#5.540738605842936#1
0000 0025 2000 0000 0000 0000#1625390560724991#-54.0#5.522330836388308#1
0000 002C 2000 0000 0000 0000#1625390560726451#-50.0#4.01902966426038#1
0000 001F 2000 0000 0000 0000#1625390560727735#-49.0#3.6447383520162835#1
0C21 0537 8123 1003 2202 062F#1625390560728839#-67.5#6.2034183062095325#1
0000 002B 2000 0000 0000 0000#1625390560729870#-60.5#0.9817477042468103#1
0000 001D 2000 0000 0000 0000#1625390560732279#-68.5#3.736777199289422#1
0000 0020 2000 0000 0000 0000#1625390560996200#-51.0#5.043728830567988#1
0000 0024 2000 0000 0000 0000#1625390560997549#-51.5#5.9518454569962875#1
0000 002C 2000 0000 0000 0000#1625390560998601#-46.5#5.105088062083414#1
0000 002B 2000 0000 0000 0000#1625390561000594#-67.0#6.080699843178682#1
0000 001F 2000 0000 0000 0000#1625390561001909#-48.0#4.804427827657828#1
0000 0029 2000 0000 0000 0000#1625390561003473#-54.5#5.264622064023521#1
0000 001E 2000 0000 0000 0000#1625390561005585#-45.0#4.767612288748572#1
0000 0028 2000 0000 0000 0000#1625390561006551#-56.0#5.872078456026235#1
0000 0026 2000 0000 0000 0000#1625390561018794#-50.5#6.037748381117884#1
0000 0021 2000 0000 0000 0000#1625390561021669#-49.5#5.988660995905543#1
0000 0022 2000 0000 0000 0000#1625390561023357#-40.5#0.11044661672776616#1
0000 0025 2000 0000 0000 0000#1625390561024697#-52.0#6.117515382087937#1
0000 0027 2000 0000 0000 0000#1625390561025888#-53.5#0.15339807878856412#1
0000 001C 2000 0000 0000 0000#1625390561026976#-68.5#6.135923151542564#1
0000 0023 2000 0000 0000 0000#1625390561028273#-51.0#5.994796919057086#1
0C21 0537 8123 1003 2202 062F#1625390561029374#-65.5#0.3620194659410113#1
0000 0015 2000 0000 0000 0000#1625390561030426#-66.0#4.086524818927348#1
0000 001D 2000 0000 0000 0000#1625390561031459#-67.0#2.478912953223196#1
0000 002A 2000 0000 0000 0000#1625390561033781#-59.5#6.019340611663256#1
0000 0028 2000 0000 0000 0000#1625390561038220#-57.5#6.1420590746941075#1
0000 0025 2000 0000 0000 0000#1625390561040290#-52.0#6.209554229361076#1
0000 0029 2000 0000 0000 0000#1625390561041558#-55.5#5.632777453116074#1
0000 0020 2000 0000 0000 0000#1625390561042819#-51.5#5.491651220630596#1
0000 0026 2000 0000 0000 0000#1625390561043885#-50.5#6.086835766330224#1
0000 0022 2000 0000 0000 0000#1625390561044961#-40.5#0.14726215563702155#1
0000 0024 2000 0000 0000 0000#1625390561046277#-52.5#0.1349903093339364#1
0000 001F 2000 0000 0000 0000#1625390561047806#-47.5#5.160311370447297#1
0000 0021 2000 0000 0000 0000#1625390561048869#-49.5#5.9088939949354895#1
0C21 0537 8123 1003 2202 062F#1625390561049941#-66.0#0.3865631585471816#1
0000 002C 2000 0000 0000 0000#1625390561051447#-46.5#5.50392306693368#1
0000 001E 2000 0000 0000 0000#1625390561053939#-44.5#5.111223985234957#1
0000 001C 2000 0000 0000 0000#1625390561055224#-68.5#6.1850105367549055#1
0000 0027 2000 0000 0000 0000#1625390561056664#-54.0#0.2699806186678728#1
0000 0023 2000 0000 0000 0000#1625390561057991#-51.5#6.092971689481767#1
0000 002A 2000 0000 0000 0000#1625390561061668#-60.5#6.056156150572511#1
0000 001D 2000 0000 0000 0000#1625390561062957#-65.0#2.4727770300716534#1
0000 0015 2000 0000 0000 0000#1625390561064507#-68.0#4.09266074207889#1
0000 002B 2000 0000 0000 0000#1625390561066798#-69.5#0.11658253987930872#1
0000 0014 2000 0000 0000 0000#1625390561329273#-68.5#0.36815538909255385#1
0000 0025 2000 0000 0000 0000#1625390561331688#-55.5#6.2463697682703305#1
0000 001F 2000 0000 0000 0000#1625390561332960#-48.0#5.123495831538041#1
0000 001E 2000 0000 0000 0000#1625390561334015#-45.0#5.080544369477243#1
0000 002C 2000 0000 0000 0000#1625390561335111#-47.0#5.4671075280244255#1
0000 002B 2000 0000 0000 0000#1625390561336178#-64.0#3.9147189706841563#1
0000 0020 2000 0000 0000 0000#1625390561337285#-52.5#5.5100589900852235#1
0000 0027 2000 0000 0000 0000#1625390561338371#-57.0#0.521553467881118#1
0000 0022 2000 0000 0000 0000#1625390561339473#-43.5#0.16566992509164924#1
0000 0024 2000 0000 0000 0000#1625390561340810#-54.5#0.30066023442558565#1
0000 0023 2000 0000 0000 0000#1625390561342380#-53.0#5.964117303299373#1
0000 0026 2000 0000 0000 0000#1625390561344040#-54.5#6.258641614573416#1
0000 001D 2000 0000 0000 0000#1625390561345619#-64.0#1.423534171157875#1
0000 0021 2000 0000 0000 0000#1625390561346955#-51.0#5.902758071783947#1
0C21 0537 8123 1003 2202 062F#1625390561348906#-63.5#5.399612373357457#1
0000 0029 2000 0000 0000 0000#1625390561350400#-63.0#5.264622064023521#1
0000 0015 2000 0000 0000 0000#1625390561351427#-66.5#2.8654761117703775#1
0000 0028 2000 0000 0000 0000#1625390561352487#-61.5#0.1227184630308513#1
0000 001C 2000 0000 0000 0000#1625390561354017#-66.5#5.64504929941916#1
0000 0023 2000 0000 0000 0000#1625390561364889#-54.0#6.086835766330224#1
0000 001D 2000 0000 0000 0000#1625390561366474#-64.5#1.509437095279471#1
0000 001E 2000 0000 0000 0000#1625390561367742#-46.0#5.184855063053467#1
0000 001F 2000 0000 0000 0000#1625390561368857#-48.5#5.258486140871978#1
0000 0024 2000 0000 0000 0000#1625390561370423#-54.5#0.36815538909255385#1
0C21 0537 8123 1003 2202 062F#1625390561371522#-62.5#5.2768939103266055#1
0000 0025 2000 0000 0000 0000#1625390561372844#-56.0#0.07976700097005335#1
0000 0026 2000 0000 0000 0000#1625390561373883#-55.0#0.07363107781851078#1
0000 002B 2000 0000 0000 0000#1625390561374964#-64.0#4.031301510563465#1
0000 0020 2000 0000 0000 0000#1625390561376498#-52.5#5.632777453116074#1
0000 0028 2000 0000 0000 0000#1625390561377606#-61.5#0.23316507975861744#1
0000 0021 2000 0000 0000 0000#1625390561380140#-51.5#6.013204688511713#1
0000 0029 2000 0000 0000 0000#1625390561381224#-63.5#5.436427912266712#1
0000 002C 2000 0000 0000 0000#1625390561384762#-47.5#5.6143696836614465#1
0000 0015 2000 0000 0000 0000#1625390561385818#-66.0#2.767301341345697#1
0000 0027 2000 0000 0000 0000#1625390561387304#-58.0#0.7117670855789375#1
0000 0022 2000 0000 0000 0000#1625390561388887#-43.5#0.34974761963792617#1
0000 001C 2000 0000 0000 0000#1625390561390075#-66.5#5.688000761479957#1
0000 0014 2000 0000 0000 0000#1625390561392010#-70.0#0.03681553890925539#1
0000 0028 2000 0000 0000 0000#1625390561657071#-61.5#1.086058397823034#1
0000 001F 2000 0000 0000 0000#1625390561658885#-51.0#5.884350302329319#1
0000 0025 2000 0000 0000 0000#1625390561659939#-57.5#0.7915340865489908#1
0000 0024 2000 0000 0000 0000#1625390561661020#-55.0#1.012427320004523#1
0C21 0537 8123 1003 2202 062F#1625390561662092#-62.5#5.8045833013592665#1
0000 0023 2000 0000 0000 0000#1625390561663146#-55.0#0.4724660826687775#1
0000 0026 2000 0000 0000 0000#1625390561664495#-55.5#0.859029241215959#1
0000 0015 2000 0000 0000 0000#1625390561665852#-63.5#2.9513790358919736#1
0000 0029 2000 0000 0000 0000#1625390561667181#-62.0#0.3865631585471816#1
0000 001D 2000 0000 0000 0000#1625390561668299#-64.5#1.9266798695843652#1
0000 0020 2000 0000 0000 0000#1625390561669617#-55.0#0.0#1
0000 0022 2000 0000 0000 0000#1625390561671429#-44.5#0.9572040116406401#1
0000 002C 2000 0000 0000 0000#1625390561674778#-50.0#0.018407769454627694#1
0000 002B 2000 0000 0000 0000#1625390561676657#-65.0#4.080388895775806#1
0000 0027 2000 0000 0000 0000#1625390561679169#-57.5#1.4542137869155878#1
0000 0021 2000 0000 0000 0000#1625390561681118#-53.5#0.36815538909255385#1
0000 001E 2000 0000 0000 0000#1625390561684894#-48.5#5.902758071783947#1
0000 001C 2000 0000 0000 0000#1625390561685953#-68.0#5.921165841238575#1
0000 0020 2000 0000 0000 0000#1625390561690394#-55.0#0.01227184630308513#1
0000 0015 2000 0000 0000 0000#1625390561691490#-64.5#2.890019804376548#1
0000 0021 2000 0000 0000 0000#1625390561692507#-53.0#0.35588354278946877#1
0000 0027 2000 0000 0000 0000#1625390561694279#-57.0#1.4542137869155878#1
0C21 0537 8123 1003 2202 062F#1625390561695336#-63.0#5.743224069843841#1
0000 002B 2000 0000 0000 0000#1625390561697884#-68.0#4.129476280988146#1
0000 0026 2000 0000 0000 0000#1625390561698975#-55.5#0.8774370106705868#1
0000 001C 2000 0000 0000 0000#1625390561700559#-68.5#5.829126993965437#1
0000 0029 2000 0000 0000 0000#1625390561701659#-61.5#0.4049709280018093#1
0000 001F 2000 0000 0000 0000#1625390561702974#-51.5#5.9088939949354895#1
0000 0022 2000 0000 0000 0000#1625390561704516#-44.5#0.9694758579437253#1
0000 0023 2000 0000 0000 0000#1625390561705614#-55.5#0.5154175447295755#1
0000 002C 2000 0000 0000 0000#1625390561707164#-50.5#0.04295146206079795#1
0000 0028 2000 0000 0000 0000#1625390561708415#-61.0#1.1596894756415448#1
0000 001E 2000 0000 0000 0000#1625390561709468#-49.0#5.915029918087033#1
0000 0024 2000 0000 0000 0000#1625390561711133#-55.5#1.0615147052168636#1
0000 001D 2000 0000 0000 0000#1625390561713920#-64.5#1.9389517158874505#1
0000 0025 2000 0000 0000 0000#1625390561715229#-57.0#0.8467573949128739#1
0000 002C 2000 0000 0000 0000#1625390561979723#-52.5#1.1167380135807468#1
0000 002B 2000 0000 0000 0000#1625390561981843#-63.0#2.675262494072558#1
0000 001F 2000 0000 0000 0000#1625390561983155#-55.0#0.4049709280018093#1
0000 0025 2000 0000 0000 0000#1625390561984715#-57.0#1.5401167110371838#1
0000 001D 2000 0000 0000 0000#1625390561986044#-68.5#3.0250101137104846#1
0000 0027 2000 0000 0000 0000#1625390561987047#-55.5#2.12916533358527#1
0000 001E 2000 0000 0000 0000#1625390561988598#-52.5#0.705631162427395#1
0000 0028 2000 0000 0000 0000#1625390561989881#-59.0#1.8714565612204823#1
0000 0022 2000 0000 0000 0000#1625390561991197#-45.0#1.6935147898257479#1
0000 0023 2000 0000 0000 0000#1625390561992893#-56.5#1.2087768608538851#1
0000 0026 2000 0000 0000 0000#1625390561995167#-53.5#1.6689710972195777#1
0C21 0537 8123 1003 2202 062F#1625390561996519#-65.5#0.06135923151542565#1
0000 0021 2000 0000 0000 0000#1625390561998425#-54.5#1.1106020904292042#1
0000 0029 2000 0000 0000 0000#1625390561999875#-58.5#1.1658253987930873#1
0000 0024 2000 0000 0000 0000#1625390562001211#-55.5#1.6751070203711202#1
0000 0020 2000 0000 0000 0000#1625390562002619#-58.0#0.9019807032767571#1
0000 002A 2000 0000 0000 0000#1625390562003812#-59.0#1.7794177139473437#1
0000 0015 2000 0000 0000 0000#1625390562004976#-66.5#3.8963112012295285#1
0000 0020 2000 0000 0000 0000#1625390562008950#-58.0#0.8344855486097889#1
0000 001F 2000 0000 0000 0000#1625390562010284#-55.0#0.4356505437595221#1
0000 0029 2000 0000 0000 0000#1625390562011311#-58.0#1.1596894756415448#1
0000 0022 2000 0000 0000 0000#1625390562012365#-45.0#1.6812429435226628#1
0000 0015 2000 0000 0000 0000#1625390562013420#-66.0#3.865631585471816#1
0000 002A 2000 0000 0000 0000#1625390562015210#-59.0#1.7916895602504288#1
0000 0025 2000 0000 0000 0000#1625390562016251#-56.0#1.6198837120072371#1
0000 002B 2000 0000 0000 0000#1625390562017575#-61.5#2.779573187648782#1
0000 0027 2000 0000 0000 0000#1625390562018592#-55.5#2.141437179888355#1
0000 0028 2000 0000 0000 0000#1625390562020704#-58.5#1.846912868614312#1
0C21 0537 8123 1003 2202 062F#1625390562024228#-66.0#0.1349903093339364#1
0000 0021 2000 0000 0000 0000#1625390562025305#-54.5#1.1474176293384597#1
0000 001E 2000 0000 0000 0000#1625390562036661#-53.0#0.7547185476397354#1
0000 002C 2000 0000 0000 0000#1625390562038096#-52.0#1.214912784005428#1
0000 0026 2000 0000 0000 0000#1625390562039160#-53.5#1.5585244804918115#1
0000 0024 2000 0000 0000 0000#1625390562040829#-55.0#1.5462526341887264#1
0000 0023 2000 0000 0000 0000#1625390562041859#-56.0#1.0676506283684062#1
0000 001D 2000 0000 0000 0000#1625390562043065#-69.0#2.693670263527186#1
0000 0024 2000 0000 0000 0000#1625390562304317#-53.0#1.5033011721279284#1
0000 001E 2000 0000 0000 0000#1625390562305651#-50.5#1.3192234775816514#1
0000 0021 2000 0000 0000 0000#1625390562306956#-53.0#1.3989904785517047#1
0000 0027 2000 0000 0000 0000#1625390562308522#-52.5#1.7794177139473437#1
0000 0028 2000 0000 0000 0000#1625390562310542#-55.5#1.4603497100671303#1
0000 0029 2000 0000 0000 0000#1625390562311838#-54.0#0.8222137023067037#1
0000 0022 2000 0000 0000 0000#1625390562312909#-42.0#1.7855536370988863#1
0000 002A 2000 0000 0000 0000#1625390562313956#-55.5#1.380582709097077#1
0000 0026 2000 0000 0000 0000#1625390562315238#-50.5#1.3928545554001621#1
0000 0023 2000 0000 0000 0000#1625390562316534#-53.5#1.3437671701878218#1
0000 0020 2000 0000 0000 0000#1625390562318155#-56.0#1.2701360923693108#1
0000 0025 2000 0000 0000 0000#1625390562319224#-53.0#1.41126232485479#1
0000 001F 2000 0000 0000 0000#1625390562320570#-53.5#1.030835089459151#1
0000 0015 2000 0000 0000 0000#1625390562323322#-67.5#4.411728745959104#1
0000 002C 2000 0000 0000 0000#1625390562324586#-50.5#1.7978254834019713#1
0000 001D 2000 0000 0000 0000#1625390562326461#-70.0#3.0495538063166547#1
0000 002B 2000 0000 0000 0000#1625390562327471#-55.0#1.7916895602504288#1
0C21 0537 8123 1003 2202 062F#1625390562329494#-66.0#6.17273869045182#1
0000 001D 2000 0000 0000 0000#1625390562336051#-69.5#3.0250101137104846#1
0000 001E 2000 0000 0000 0000#1625390562337568#-50.5#1.3130875544301088#1
0000 0021 2000 0000 0000 0000#1625390562339249#-52.5#1.3560390164909069#1
0000 0026 2000 0000 0000 0000#1625390562340570#-50.5#1.380582709097077#1
0000 0022 2000 0000 0000 0000#1625390562341877#-42.0#1.7426021750380885#1
0000 001F 2000 0000 0000 0000#1625390562343187#-53.5#1.0369710126106935#1
0000 0024 2000 0000 0000 0000#1625390562344222#-53.0#1.4664856332186729#1
0000 002B 2000 0000 0000 0000#1625390562345330#-55.0#1.7855536370988863#1
0000 0028 2000 0000 0000 0000#1625390562346934#-55.5#1.3560390164909069#1
0000 002C 2000 0000 0000 0000#1625390562348942#-50.5#1.7855536370988863#1
0000 0027 2000 0000 0000 0000#1625390562350347#-52.5#1.6996507129772904#1
0000 0029 2000 0000 0000 0000#1625390562351663#-54.0#0.7301748550335652#1
0000 0023 2000 0000 0000 0000#1625390562352720#-53.5#1.2946797849754812#1
0000 0015 2000 0000 0000 0000#1625390562355337#-67.5#4.503767593232243#1
0C21 0537 8123 1003 2202 062F#1625390562356450#-63.5#0.06135923151542565#1
0000 002A 2000 0000 0000 0000#1625390562357767#-55.0#1.2640001692177683#1
0000 0020 2000 0000 0000 0000#1625390562358833#-56.0#1.239456476611598#1
0000 0025 2000 0000 0000 0000#1625390562359917#-53.0#1.337631247036279#1
0000 001E 2000 0000 0000 0000#1625390562622960#-48.5#0.18407769454627693#1
0000 001F 2000 0000 0000 0000#1625390562624248#-52.0#0.04908738521234052#1
0000 0022 2000 0000 0000 0000#1625390562626316#-42.0#0.5829126993965437#1
0000 0026 2000 0000 0000 0000#1625390562627609#-50.0#0.14726215563702155#1
0000 0029 2000 0000 0000 0000#1625390562628678#-53.0#5.589825991055276#1
0000 002B 2000 0000 0000 0000#1625390562629986#-56.5#0.11044661672776616#1
0000 001D 2000 0000 0000 0000#1625390562632116#-69.0#2.454369260617026#1
0000 0023 2000 0000 0000 0000#1625390562633172#-52.5#0.1902136176978195#1
0000 0027 2000 0000 0000 0000#1625390562635873#-52.5#0.3374757733348411#1
0000 0020 2000 0000 0000 0000#1625390562636882#-54.5#0.25157284921324513#1
0000 0024 2000 0000 0000 0000#1625390562638119#-52.5#0.21475731030398976#1
0000 0025 2000 0000 0000 0000#1625390562639198#-52.5#0.1595340019401067#1
0000 0028 2000 0000 0000 0000#1625390562641223#-56.0#6.111379458936394#1
0000 0021 2000 0000 0000 0000#1625390562644295#-51.5#0.28225246497095796#1
0000 002A 2000 0000 0000 0000#1625390562654258#-56.0#6.2463697682703305#1
0000 002C 2000 0000 0000 0000#1625390562655582#-49.0#0.9756117810952678#1
0C21 0537 8123 1003 2202 062F#1625390562657150#-65.0#5.184855063053467#1
0000 0029 2000 0000 0000 0000#1625390562665918#-52.5#5.773903685601553#1
0000 0025 2000 0000 0000 0000#1625390562667728#-52.0#0.3865631585471816#1
0000 0028 2000 0000 0000 0000#1625390562670014#-55.5#0.07363107781851078#1
0000 0022 2000 0000 0000 0000#1625390562671142#-42.0#0.8713010875190442#1
0000 0023 2000 0000 0000 0000#1625390562672212#-52.0#0.44178646691106466#1
0000 0026 2000 0000 0000 0000#1625390562673533#-50.0#0.3374757733348411#1
0000 002A 2000 0000 0000 0000#1625390562674567#-56.0#6.160466844148735#1
0000 0020 2000 0000 0000 0000#1625390562675604#-54.0#0.46019423636569234#1
0000 0021 2000 0000 0000 0000#1625390562676935#-52.0#0.5154175447295755#1
0000 001E 2000 0000 0000 0000#1625390562678510#-48.0#0.3865631585471816#1
0C21 0537 8123 1003 2202 062F#1625390562680140#-63.0#5.313709449235861#1
0000 0024 2000 0000 0000 0000#1625390562681291#-52.0#0.4172427743048944#1
0000 002C 2000 0000 0000 0000#1625390562682313#-49.5#0.9387962421860124#1
0000 002B 2000 0000 0000 0000#1625390562683337#-56.5#0.1902136176978195#1
0000 001D 2000 0000 0000 0000#1625390562685627#-67.5#3.0250101137104846#1
0000 001F 2000 0000 0000 0000#1625390562686965#-51.0#0.2270291566070749#1
0000 0027 2000 0000 0000 0000#1625390562688087#-53.0#0.47860200582032003#1
0000 002B 2000 0000 0000 0000#1625390562954395#-58.5#5.368932757599744#1
0000 002A 2000 0000 0000 0000#1625390562957808#-57.0#5.092816215780329#1
0000 001E 2000 0000 0000 0000#1625390562959504#-50.0#0.09817477042468103#1
0000 001F 2000 0000 0000 0000#1625390562960565#-53.0#6.277049384028044#1
0000 0022 2000 0000 0000 0000#1625390562962854#-46.0#0.4663301595172349#1
0000 002C 2000 0000 0000 0000#1625390562963961#-51.5#0.5951845456996288#1
0000 0026 2000 0000 0000 0000#1625390562965439#-52.5#5.927301764390117#1
0000 0028 2000 0000 0000 0000#1625390562966732#-58.5#5.485515297479052#1
0C21 0537 8123 1003 2202 062F#1625390562968886#-64.0#4.853515212870168#1
0000 0025 2000 0000 0000 0000#1625390562969937#-54.0#6.019340611663256#1
0000 0024 2000 0000 0000 0000#1625390562972035#-55.5#6.129787228391022#1
0000 0029 2000 0000 0000 0000#1625390562975321#-54.0#4.767612288748572#1
0000 0021 2000 0000 0000 0000#1625390562976833#-55.5#0.15339807878856412#1
0000 0027 2000 0000 0000 0000#1625390562978069#-55.5#6.068427996875596#1
0000 001D 2000 0000 0000 0000#1625390562980058#-69.0#2.6200391857086753#1
0000 0023 2000 0000 0000 0000#1625390562981453#-55.5#6.215690152512618#1
0000 0020 2000 0000 0000 0000#1625390562983372#-55.0#0.25770877236478773#1
0000 001F 2000 0000 0000 0000#1625390562991008#-53.0#6.252505691421874#1
0000 002C 2000 0000 0000 0000#1625390562992103#-51.0#0.5645049299419159#1
0000 0021 2000 0000 0000 0000#1625390562993436#-55.5#0.15339807878856412#1
0000 0024 2000 0000 0000 0000#1625390562994745#-56.0#6.129787228391022#1
0000 0022 2000 0000 0000 0000#1625390562995746#-46.5#0.4049709280018093#1
0000 0023 2000 0000 0000 0000#1625390562997330#-55.0#6.240233845118788#1
0000 0028 2000 0000 0000 0000#1625390562998397#-58.5#5.448699758569798#1
0000 001E 2000 0000 0000 0000#1625390562999451#-50.5#0.07976700097005335#1
0C21 0537 8123 1003 2202 062F#1625390563001283#-64.5#5.123495831538041#1
0000 0029 2000 0000 0000 0000#1625390563006214#-54.5#4.657165672020807#1
0000 002A 2000 0000 0000 0000#1625390563008726#-57.0#4.957825906446392#1
0000 0025 2000 0000 0000 0000#1625390563009841#-54.5#5.988660995905543#1
0000 001D 2000 0000 0000 0000#1625390563012376#-69.0#2.497320722677824#1
0000 0020 2000 0000 0000 0000#1625390563013595#-56.5#0.22089323345553233#1
0000 002B 2000 0000 0000 0000#1625390563015152#-57.5#5.0253210611133605#1
0000 0026 2000 0000 0000 0000#1625390563016288#-53.0#5.829126993965437#1
0000 0027 2000 0000 0000 0000#1625390563017293#-56.0#5.988660995905543#1
0000 0028 2000 0000 0000 0000#1625390563279820#-59.5#4.988505522204105#1
0000 002C 2000 0000 0000 0000#1625390563281355#-56.0#0.6994952392758523#1
0000 0022 2000 0000 0000 0000#1625390563282702#-53.0#0.28838838812250056#1
0000 002B 2000 0000 0000 0000#1625390563284898#-58.5#4.6448938257177215#1
0000 001E 2000 0000 0000 0000#1625390563285995#-55.5#0.11044661672776616#1
0000 0025 2000 0000 0000 0000#1625390563287019#-57.5#5.595961914206819#1
0000 0029 2000 0000 0000 0000#1625390563288401#-55.5#4.4976316700806995#1
0000 002A 2000 0000 0000 0000#1625390563290196#-58.0#4.675573441475434#1
0000 001C 2000 0000 0000 0000#1625390563292078#-65.5#0.1349903093339364#1
0000 0027 2000 0000 0000 0000#1625390563293421#-57.5#5.5714182216006485#1
0000 0026 2000 0000 0000 0000#1625390563294715#-55.5#5.344389064993574#1
0000 001F 2000 0000 0000 0000#1625390563295819#-58.5#6.178874613603362#1
0000 0024 2000 0000 0000 0000#1625390563297336#-59.0#5.6143696836614465#1
0000 0015 2000 0000 0000 0000#1625390563301809#-68.0#4.534447208989955#1
0000 0023 2000 0000 0000 0000#1625390563304268#-58.5#5.767767762450011#1
0000 001D 2000 0000 0000 0000#1625390563305770#-67.0#2.7857091108003242#1
0C21 0537 8123 1003 2202 062F#1625390563307123#-63.5#6.258641614573416#1
0000 0026 2000 0000 0000 0000#1625390563316297#-55.5#5.301437602932776#1
0000 0024 2000 0000 0000 0000#1625390563317947#-60.0#5.534602682691394#1
0000 001F 2000 0000 0000 0000#1625390563319499#-59.0#6.135923151542564#1
0000 0025 2000 0000 0000 0000#1625390563320512#-57.5#5.626641529964532#1
0000 0029 2000 0000 0000 0000#1625390563321607#-55.5#4.289010282928253#1
0C21 0537 8123 1003 2202 062F#1625390563323454#-63.5#5.8045833013592665#1
0000 0022 2000 0000 0000 0000#1625390563324527#-53.5#0.21475731030398976#1
0000 001E 2000 0000 0000 0000#1625390563326307#-57.0#0.0859029241215959#1
0000 0027 2000 0000 0000 0000#1625390563327792#-57.5#5.436427912266712#1
0000 002C 2000 0000 0000 0000#1625390563329112#-57.0#0.662679700366597#1
0000 0023 2000 0000 0000 0000#1625390563330128#-59.0#5.749359992995383#1
0000 002A 2000 0000 0000 0000#1625390563331204#-57.5#4.479223900626073#1
0000 001C 2000 0000 0000 0000#1625390563332568#-70.0#0.2086213871524472#1
0000 001D 2000 0000 0000 0000#1625390563334539#-67.0#2.2580197197676637#1
0000 002B 2000 0000 0000 0000#1625390563337307#-58.0#4.632621979414636#1
0000 0028 2000 0000 0000 0000#1625390563338373#-58.0#4.816699673960914#1
0000 0015 2000 0000 0000 0000#1625390563340518#-68.0#4.540583132141498#1
0000 0027 2000 0000 0000 0000#1625390563605296#-57.0#4.865787059173254#1
0000 0028 2000 0000 0000 0000#1625390563606393#-59.0#4.509903516383785#1
0000 001D 2000 0000 0000 0000#1625390563607412#-67.0#4.000621894805752#1
0000 0029 2000 0000 0000 0000#1625390563609322#-55.5#3.9944859716542096#1
0000 0026 2000 0000 0000 0000#1625390563610600#-56.0#4.73693267299086#1
0000 0024 2000 0000 0000 0000#1625390563611667#-59.5#4.724660826687775#1
0000 0025 2000 0000 0000 0000#1625390563613221#-57.0#4.908738521234052#1
0000 002B 2000 0000 0000 0000#1625390563615050#-57.0#4.252194744018997#1
0000 002A 2000 0000 0000 0000#1625390563617104#-57.0#4.227651051412827#1
0000 002C 2000 0000 0000 0000#1625390563618666#-62.5#0.5276893910326605#1
0C21 0537 8123 1003 2202 062F#1625390563625907#-65.5#6.277049384028044#1
0000 0023 2000 0000 0000 0000#1625390563626932#-61.5#4.92714629068868#1
0000 0015 2000 0000 0000 0000#1625390563627987#-67.5#5.375068680751287#1
0000 001C 2000 0000 0000 0000#1625390563630940#-69.5#1.2946797849754812#1
0000 0027 2000 0000 0000 0000#1625390563635637#-57.5#4.792155981354743#1
0000 002B 2000 0000 0000 0000#1625390563636692#-57.5#3.9453985864418692#1
0000 002C 2000 0000 0000 0000#1625390563638997#-62.5#0.5583690067903734#1
0000 0024 2000 0000 0000 0000#1625390563640800#-59.5#4.651029748869264#1
0000 002A 2000 0000 0000 0000#1625390563642346#-57.5#4.074252972624263#1
0000 001D 2000 0000 0000 0000#1625390563643365#-66.0#3.988350048502667#1
0000 0015 2000 0000 0000 0000#1625390563645706#-68.0#5.375068680751287#1
0000 0029 2000 0000 0000 0000#1625390563646744#-55.5#3.822680123411018#1
0000 0026 2000 0000 0000 0000#1625390563648052#-54.5#4.552854978444583#1
0000 0028 2000 0000 0000 0000#1625390563649118#-59.0#4.301282129231338#1
0000 001C 2000 0000 0000 0000#1625390563653597#-70.0#1.5462526341887264#1
0000 0025 2000 0000 0000 0000#1625390563654907#-57.5#4.675573441475434#1
0000 0023 2000 0000 0000 0000#1625390563656030#-61.5#4.718524903536232#1
0C21 0537 8123 1003 2202 062F#1625390563659710#-66.5#6.117515382087937#1
0000 0027 2000 0000 0000 0000#1625390563923810#-58.0#3.1661363461959633#1
0000 0025 2000 0000 0000 0000#1625390563926236#-58.0#3.172272269347506#1
0000 002A 2000 0000 0000 0000#1625390563927327#-57.0#2.2764274892222915#1
0000 0028 2000 0000 0000 0000#1625390563928908#-59.0#2.6384469551633027#1
0C21 0537 8123 1003 2202 062F#1625390563930009#-65.5#5.184855063053467#1
0000 0029 2000 0000 0000 0000#1625390563931074#-54.5#2.184388641949153#1
0000 0023 2000 0000 0000 0000#1625390563932374#-62.5#3.000466421104314#1
0000 0015 2000 0000 0000 0000#1625390563934983#-65.5#4.988505522204105#1
0000 002B 2000 0000 0000 0000#1625390563936421#-57.5#2.1782527187976104#1
0000 0026 2000 0000 0000 0000#1625390563937706#-55.5#2.8286605728611223#1
0000 0024 2000 0000 0000 0000#1625390563938788#-60.0#2.736621725587984#1
0000 002C 2000 0000 0000 0000#1625390563942689#-64.0#6.074563920027139#1
0000 001D 2000 0000 0000 0000#1625390563948712#-66.0#3.877903431774901#1
0000 001C 2000 0000 0000 0000#1625390563950640#-68.5#1.000155473701438#1
0C21 0537 8123 1003 2202 062F#1625390563956271#-65.0#5.43029198911517#1
0000 002B 2000 0000 0000 0000#1625390563957308#-57.0#2.110757564130642#1
0000 002C 2000 0000 0000 0000#1625390563958361#-64.5#5.810719224510809#1
0000 0026 2000 0000 0000 0000#1625390563959438#-55.5#2.736621725587984#1
0000 001C 2000 0000 0000 0000#1625390563962534#-68.0#0.9817477042468103#1
0000 0028 2000 0000 0000 0000#1625390563963584#-59.0#2.405281875404685#1
0000 0029 2000 0000 0000 0000#1625390563964666#-54.0#1.9696313316451632#1
0000 0025 2000 0000 0000 0000#1625390563966974#-57.5#2.8286605728611223#1
0000 002A 2000 0000 0000 0000#1625390563968034#-56.5#2.024854640009046#1
0000 0024 2000 0000 0000 0000#1625390563969130#-59.5#2.5586799541932495#1
0000 0023 2000 0000 0000 0000#1625390563970185#-62.0#2.8838838812250054#1
0000 0015 2000 0000 0000 0000#1625390563972450#-65.5#5.019185137961818#1
0000 001D 2000 0000 0000 0000#1625390563976428#-65.5#3.6386024288647407#1
0000 0027 2000 0000 0000 0000#1625390563977821#-57.5#2.791845033951867#1
0000 0028 2000 0000 0000 0000#1625390564240925#-57.5#1.1228739367322893#1
0000 001D 2000 0000 0000 0000#1625390564243313#-65.5#3.172272269347506#1
0000 0029 2000 0000 0000 0000#1625390564245534#-54.0#0.803805932852076#1
0000 0023 2000 0000 0000 0000#1625390564246891#-61.0#1.4726215563702154#1
0000 0027 2000 0000 0000 0000#1625390564248491#-57.0#1.4848934026733007#1
0000 0025 2000 0000 0000 0000#1625390564249817#-57.0#1.5830681730979816#1
0000 002B 2000 0000 0000 0000#1625390564250938#-55.5#0.8651651643675016#1
0000 0015 2000 0000 0000 0000#1625390564252492#-66.0#4.638757902566179#1
0C21 0537 8123 1003 2202 062F#1625390564253788#-65.5#5.062136600022616#1
0000 0024 2000 0000 0000 0000#1625390564254870#-59.5#1.227184630308513#1
0000 002A 2000 0000 0000 0000#1625390564257299#-56.0#0.803805932852076#1
0000 002C 2000 0000 0000 0000#1625390564258606#-62.5#4.9394181369917645#1
0000 0026 2000 0000 0000 0000#1625390564259928#-55.0#1.368310862793992#1
0000 001C 2000 0000 0000 0000#1625390564262451#-68.0#0.8099418560036186#1
0000 002B 2000 0000 0000 0000#1625390564281640#-55.5#1.2517283229146832#1
0000 0024 2000 0000 0000 0000#1625390564283533#-60.0#1.6751070203711202#1
0000 002C 2000 0000 0000 0000#1625390564284586#-67.0#5.203262832508095#1
0000 0026 2000 0000 0000 0000#1625390564285851#-55.0#1.7794177139473437#1
0000 0029 2000 0000 0000 0000#1625390564288221#-54.5#1.141281706186917#1
0000 002A 2000 0000 0000 0000#1625390564289230#-55.5#1.1903690913992575#1
0000 0028 2000 0000 0000 0000#1625390564290309#-58.5#1.4848934026733007#1
0000 0027 2000 0000 0000 0000#1625390564291572#-57.0#1.7978254834019713#1
0000 0025 2000 0000 0000 0000#1625390564293138#-57.0#1.9205439464328227#1
0000 0023 2000 0000 0000 0000#1625390564296179#-61.5#1.8714565612204823#1
0000 001D 2000 0000 0000 0000#1625390564299041#-66.0#4.0987966652304335#1
0000 0015 2000 0000 0000 0000#1625390564300943#-66.5#5.21553467881118#1
0C21 0537 8123 1003 2202 062F#1625390564302011#-66.0#6.068427996875596#1
0000 001C 2000 0000 0000 0000#1625390564303868#-69.0#1.6014759425526093#1
0000 002A 2000 0000 0000 0000#1625390564569940#-56.5#0.09817477042468103#1
0000 0026 2000 0000 0000 0000#1625390564571017#-55.0#0.7731263170943632#1
0000 0016 2000 0000 0000 0000#1625390564572568#-68.0#5.522330836388308#1
0000 001D 2000 0000 0000 0000#1625390564576052#-67.0#3.54042765844006#1
0000 0023 2000 0000 0000 0000#1625390564577441#-60.5#1.0921943209745766#1
0000 0024 2000 0000 0000 0000#1625390564578507#-61.0#0.7669903939428205#1
0000 0029 2000 0000 0000 0000#1625390564579867#-55.5#0.006135923151542565#1
0000 002C 2000 0000 0000 0000#1625390564580934#-65.5#2.2212041808584084#1
0000 0015 2000 0000 0000 0000#1625390564582057#-67.5#5.086680292628786#1
0000 002B 2000 0000 0000 0000#1625390564583863#-57.0#0.15339807878856412#1
0000 0028 2000 0000 0000 0000#1625390564585213#-59.0#0.39269908169872414#1
0000 0027 2000 0000 0000 0000#1625390564588921#-57.0#0.8713010875190442#1
0C21 0537 8123 1003 2202 062F#1625390564593447#-65.0#5.516194913236766#1
0000 0025 2000 0000 0000 0000#1625390564594530#-57.5#0.9694758579437253#1
0000 0027 2000 0000 0000 0000#1625390564600636#-57.5#0.8099418560036186#1
0000 0023 2000 0000 0000 0000#1625390564602455#-61.0#1.0737865515199487#1
0000 0028 2000 0000 0000 0000#1625390564603562#-58.5#0.37429131224409645#1
0000 002B 2000 0000 0000 0000#1625390564605179#-57.0#0.09203884727313846#1
0000 0024 2000 0000 0000 0000#1625390564606247#-60.0#0.6442719309119693#1
0000 002A 2000 0000 0000 0000#1625390564608033#-56.5#0.06135923151542565#1
0C21 0537 8123 1003 2202 062F#1625390564609797#-64.5#5.6143696836614465#1
0000 0029 2000 0000 0000 0000#1625390564610850#-56.5#6.19728238305799#1
0000 0025 2000 0000 0000 0000#1625390564612160#-57.5#0.9878836273983529#1
0000 0026 2000 0000 0000 0000#1625390564613517#-55.5#0.7117670855789375#1
0000 001D 2000 0000 0000 0000#1625390564615442#-67.5#3.479068426924634#1
0000 0016 2000 0000 0000 0000#1625390564616747#-68.0#5.460971604872882#1
0000 0015 2000 0000 0000 0000#1625390564619671#-64.5#4.9823695990525625#1
0000 002C 2000 0000 0000 0000#1625390564620766#-63.5#1.902136176978195#1
