0000 001C 2000 0000 0000 0000#1626595618520773#-37.0#5.019185137961818#9
0000 0011 2000 0000 0000 0000#1626595618521853#-37.0#3.54042765844006#9
0000 0013 2000 0000 0000 0000#1626595618524980#-38.0#4.847379289718626#9
0000 0010 2000 0000 0000 0000#1626595618526041#-37.0#2.6445828783148455#9
0000 001D 2000 0000 0000 0000#1626595618527956#-40.0#5.154175447295755#9
0000 0016 2000 0000 0000 0000#1626595618529024#-35.0#0.8713010875190442#9
0000 0019 2000 0000 0000 0000#1626595618530086#-37.5#3.3870295796514958#9
0000 0012 2000 0000 0000 0000#1626595618531411#-36.5#4.356505437595221#9
0000 0014 2000 0000 0000 0000#1626595618532494#-38.5#5.105088062083414#9
0000 000F 2000 0000 0000 0000#1626595618533770#-34.5#1.5892040962495242#9
0000 001A 2000 0000 0000 0000#1626595618534902#-35.5#3.9944859716542096#9
0000 0017 2000 0000 0000 0000#1626595618535951#-29.0#0.8406214717613314#9
0000 0018 2000 0000 0000 0000#1626595618537282#-36.5#2.184388641949153#9
0000 001B 2000 0000 0000 0000#1626595618538720#-36.5#4.638757902566179#9
0000 0015 2000 0000 0000 0000#1626595618539913#-44.0#5.289165756629691#9
0000 001B 2000 0000 0000 0000#1626595618545084#-36.5#4.6448938257177215#9
0000 001C 2000 0000 0000 0000#1626595618547532#-37.0#5.037592907416445#9
0000 000F 2000 0000 0000 0000#1626595618548566#-34.0#1.6321555583103222#9
0000 0019 2000 0000 0000 0000#1626595618549659#-37.5#3.423845118560751#9
0000 0015 2000 0000 0000 0000#1626595618550923#-44.5#5.3198453723874035#9
0000 0010 2000 0000 0000 0000#1626595618551954#-37.0#2.705942109830271#9
0000 0013 2000 0000 0000 0000#1626595618553313#-38.0#4.890330751779424#9
0000 0014 2000 0000 0000 0000#1626595618554594#-38.5#5.129631754689584#9
0000 0017 2000 0000 0000 0000#1626595618555658#-29.0#0.9142525495798421#9
0000 001A 2000 0000 0000 0000#1626595618557196#-35.0#4.04357335686655#9
0000 0016 2000 0000 0000 0000#1626595618558303#-34.5#0.9756117810952678#9
0000 001D 2000 0000 0000 0000#1626595618559977#-39.5#5.1725832167503825#9
0000 0011 2000 0000 0000 0000#1626595618561323#-37.0#3.6201946594101133#9
0000 0018 2000 0000 0000 0000#1626595618562399#-36.5#2.2641556429192065#9
0000 0012 2000 0000 0000 0000#1626595618564571#-36.0#4.417864669110647#9
0000 0019 2000 0000 0000 0000#1626595618829689#-36.5#4.123340357836604#9
0000 001C 2000 0000 0000 0000#1626595618831083#-37.5#5.491651220630596#9
0000 0017 2000 0000 0000 0000#1626595618832188#-27.0#1.9634954084936207#9
0000 001D 2000 0000 0000 0000#1626595618833976#-40.5#5.473243451175968#9
0000 0011 2000 0000 0000 0000#1626595618835094#-35.5#4.295146206079795#9
0000 0014 2000 0000 0000 0000#1626595618836444#-39.0#5.5284667595398505#9
0000 001A 2000 0000 0000 0000#1626595618837945#-35.0#4.6878452877785195#9
0000 000F 2000 0000 0000 0000#1626595618839010#-31.5#2.5586799541932495#9
0000 0012 2000 0000 0000 0000#1626595618840312#-35.5#5.006913291658733#9
0000 0010 2000 0000 0000 0000#1626595618841647#-35.0#3.509748042682347#9
0000 001B 2000 0000 0000 0000#1626595618842942#-35.5#5.184855063053467#9
0000 0018 2000 0000 0000 0000#1626595618844502#-35.0#3.06182565261974#9
0000 0013 2000 0000 0000 0000#1626595618845612#-38.0#5.405748296509#9
0000 0016 2000 0000 0000 0000#1626595618846876#-33.0#2.1230294104337273#9
0000 0015 2000 0000 0000 0000#1626595618858229#-44.5#4.970097752749477#9
0000 0011 2000 0000 0000 0000#1626595618864670#-36.0#3.730641276137879#9
0000 0018 2000 0000 0000 0000#1626595618866585#-34.5#2.497320722677824#9
0000 0012 2000 0000 0000 0000#1626595618867645#-36.0#4.466952054322987#9
0000 0016 2000 0000 0000 0000#1626595618868953#-34.0#1.5707963267948966#9
0000 0010 2000 0000 0000 0000#1626595618870043#-35.5#2.9022916506796332#9
0000 0015 2000 0000 0000 0000#1626595618871166#-44.5#4.97623367590102#9
0000 0017 2000 0000 0000 0000#1626595618872215#-27.5#1.4603497100671303#9
0000 001D 2000 0000 0000 0000#1626595618873630#-39.0#4.945554060143307#9
0000 000F 2000 0000 0000 0000#1626595618874654#-32.0#2.030990563160589#9
0000 0019 2000 0000 0000 0000#1626595618875642#-36.5#3.5833791205008576#9
0000 0014 2000 0000 0000 0000#1626595618878463#-38.5#4.970097752749477#9
0000 001B 2000 0000 0000 0000#1626595618879499#-36.5#4.669437518323892#9
0000 001C 2000 0000 0000 0000#1626595618880545#-37.0#4.933282213840222#9
0000 001A 2000 0000 0000 0000#1626595618881645#-34.5#4.135612204139688#9
0000 0013 2000 0000 0000 0000#1626595618883057#-38.0#4.871922982324796#9
0000 0017 2000 0000 0000 0000#1626595619147681#-27.0#2.4175537217077703#9
0000 000F 2000 0000 0000 0000#1626595619149002#-31.5#2.8716120349219203#9
0000 0011 2000 0000 0000 0000#1626595619150130#-34.5#4.331961744989051#9
0000 0010 2000 0000 0000 0000#1626595619151558#-33.5#3.6447383520162835#9
0000 0016 2000 0000 0000 0000#1626595619152667#-32.0#2.6813984172241008#9
0000 0013 2000 0000 0000 0000#1626595619154228#-38.5#5.227806525114265#9
0000 0014 2000 0000 0000 0000#1626595619155294#-40.0#5.203262832508095#9
0000 0018 2000 0000 0000 0000#1626595619156422#-32.5#3.2949907323783574#9
0000 001A 2000 0000 0000 0000#1626595619157763#-36.0#4.669437518323892#9
0000 001C 2000 0000 0000 0000#1626595619159207#-38.0#5.21553467881118#9
0000 001B 2000 0000 0000 0000#1626595619160529#-36.5#5.043728830567988#9
0000 0019 2000 0000 0000 0000#1626595619161606#-36.5#4.23378697456437#9
0000 0012 2000 0000 0000 0000#1626595619163262#-35.5#4.95168998329485#9
0000 001D 2000 0000 0000 0000#1626595619164679#-41.5#5.037592907416445#9
0000 0015 2000 0000 0000 0000#1626595619165972#-46.0#5.037592907416445#9
0000 001C 2000 0000 0000 0000#1626595619170646#-38.0#5.21553467881118#9
0000 0011 2000 0000 0000 0000#1626595619172650#-34.5#4.368777283898306#9
0000 0017 2000 0000 0000 0000#1626595619173711#-26.5#2.4850488763747385#9
0000 0014 2000 0000 0000 0000#1626595619174766#-40.0#5.197126909356553#9
0000 0016 2000 0000 0000 0000#1626595619175842#-32.5#2.748893571891069#9
0000 0018 2000 0000 0000 0000#1626595619176970#-32.5#3.3318062712876126#9
0000 0013 2000 0000 0000 0000#1626595619178329#-38.5#5.221670601962723#9
0000 0010 2000 0000 0000 0000#1626595619179445#-35.0#3.6815538909255388#9
0000 001A 2000 0000 0000 0000#1626595619181811#-34.5#4.675573441475434#9
0000 000F 2000 0000 0000 0000#1626595619182864#-31.5#2.945243112740431#9
0000 001D 2000 0000 0000 0000#1626595619184323#-40.5#5.019185137961818#9
0000 0019 2000 0000 0000 0000#1626595619185868#-36.5#4.246058820867455#9
0000 0012 2000 0000 0000 0000#1626595619187025#-35.5#4.963961829597935#9
0000 001B 2000 0000 0000 0000#1626595619188307#-36.5#5.049864753719531#9
0000 0015 2000 0000 0000 0000#1626595619190254#-46.5#4.994641445355648#9
0000 0010 2000 0000 0000 0000#1626595619453268#-34.5#4.792155981354743#9
0000 0017 2000 0000 0000 0000#1626595619454556#-27.0#3.9392626632903265#9
0000 0016 2000 0000 0000 0000#1626595619455792#-31.5#4.301282129231338#9
0000 000F 2000 0000 0000 0000#1626595619456857#-30.0#4.295146206079795#9
0000 0011 2000 0000 0000 0000#1626595619458013#-34.5#5.209398755659637#9
0000 001C 2000 0000 0000 0000#1626595619460023#-40.0#5.71868037723767#9
0000 001A 2000 0000 0000 0000#1626595619470346#-36.0#5.246214294568893#9
0000 0019 2000 0000 0000 0000#1626595619472200#-36.5#5.037592907416445#9
0000 0013 2000 0000 0000 0000#1626595619473753#-40.5#5.626641529964532#9
0000 0018 2000 0000 0000 0000#1626595619475122#-32.0#4.374913207049849#9
0000 0015 2000 0000 0000 0000#1626595619477726#-48.0#5.080544369477243#9
0000 001D 2000 0000 0000 0000#1626595619479567#-43.5#5.148039524144211#9
0000 0014 2000 0000 0000 0000#1626595619480879#-42.5#5.448699758569798#9
0000 001B 2000 0000 0000 0000#1626595619482681#-39.0#5.4671075280244255#9
0000 0012 2000 0000 0000 0000#1626595619483941#-38.5#5.4671075280244255#9
0000 0018 2000 0000 0000 0000#1626595619491397#-33.0#4.3933209765044765#9
0000 001D 2000 0000 0000 0000#1626595619492803#-43.5#5.129631754689584#9
0000 0010 2000 0000 0000 0000#1626595619493973#-33.0#4.6448938257177215#9
0000 001C 2000 0000 0000 0000#1626595619495329#-40.5#5.491651220630596#9
0000 001A 2000 0000 0000 0000#1626595619496435#-36.0#5.227806525114265#9
0000 0019 2000 0000 0000 0000#1626595619497482#-36.5#5.037592907416445#9
0000 0013 2000 0000 0000 0000#1626595619498523#-40.5#5.595961914206819#9
0000 000F 2000 0000 0000 0000#1626595619499571#-30.5#4.166291819897402#9
0000 0016 2000 0000 0000 0000#1626595619500665#-32.0#4.2092432819582#9
0000 0011 2000 0000 0000 0000#1626595619502077#-35.0#5.043728830567988#9
0000 0017 2000 0000 0000 0000#1626595619503261#-25.0#3.785864584501762#9
0000 0014 2000 0000 0000 0000#1626595619504812#-42.5#5.399612373357457#9
0000 001B 2000 0000 0000 0000#1626595619506193#-39.0#5.448699758569798#9
0000 0012 2000 0000 0000 0000#1626595619508421#-37.5#5.436427912266712#9
0000 0015 2000 0000 0000 0000#1626595619509471#-48.0#5.00077736850719#9
0000 0017 2000 0000 0000 0000#1626595619772886#-27.0#3.773592738198677#9
0000 0014 2000 0000 0000 0000#1626595619774167#-44.5#4.571262747899211#9
0000 0012 2000 0000 0000 0000#1626595619775309#-38.5#4.749204519293945#9
0000 0019 2000 0000 0000 0000#1626595619777558#-37.0#4.626486056263094#9
0000 0011 2000 0000 0000 0000#1626595619778874#-36.5#4.528311285838413#9
0000 0018 2000 0000 0000 0000#1626595619780273#-31.5#4.23378697456437#9
0000 0013 2000 0000 0000 0000#1626595619782285#-42.5#4.7860200582032#9
0000 001B 2000 0000 0000 0000#1626595619785065#-40.5#4.669437518323892#9
0000 001C 2000 0000 0000 0000#1626595619787104#-42.5#4.638757902566179#9
0000 001D 2000 0000 0000 0000#1626595619788365#-46.5#4.178563666200486#9
0000 0016 2000 0000 0000 0000#1626595619790243#-32.0#4.338097668140593#9
0000 000F 2000 0000 0000 0000#1626595619791576#-30.5#4.09266074207889#9
0000 0015 2000 0000 0000 0000#1626595619792853#-51.0#4.080388895775806#9
0000 0010 2000 0000 0000 0000#1626595619794763#-32.5#4.356505437595221#9
0000 001A 2000 0000 0000 0000#1626595619796331#-36.0#4.528311285838413#9
0000 001D 2000 0000 0000 0000#1626595619804724#-46.5#4.1601558967458585#9
0000 0014 2000 0000 0000 0000#1626595619806425#-44.5#4.509903516383785#9
0000 0015 2000 0000 0000 0000#1626595619807503#-51.0#4.086524818927348#9
0000 001A 2000 0000 0000 0000#1626595619809277#-37.5#4.509903516383785#9
0000 0010 2000 0000 0000 0000#1626595619810294#-34.0#4.356505437595221#9
0000 001C 2000 0000 0000 0000#1626595619811350#-42.5#4.589670517353839#9
0000 0017 2000 0000 0000 0000#1626595619813150#-27.0#3.834951969714103#9
0000 0011 2000 0000 0000 0000#1626595619814877#-36.5#4.485359823777615#9
0000 0018 2000 0000 0000 0000#1626595619815896#-32.5#4.239922897715912#9
0000 0012 2000 0000 0000 0000#1626595619817015#-39.5#4.6878452877785195#9
0000 0019 2000 0000 0000 0000#1626595619819052#-36.5#4.583534594202296#9
0000 0013 2000 0000 0000 0000#1626595619820235#-43.0#4.718524903536232#9
0000 0016 2000 0000 0000 0000#1626595619821287#-32.0#4.411728745959104#9
0000 000F 2000 0000 0000 0000#1626595619822607#-30.5#4.123340357836604#9
0000 001B 2000 0000 0000 0000#1626595619823788#-40.5#4.620350133111551#9
0000 0014 2000 0000 0000 0000#1626595620087915#-46.5#3.5895150436524004#9
0000 0012 2000 0000 0000 0000#1626595620088977#-40.5#3.767456815047135#9
0000 0017 2000 0000 0000 0000#1626595620090052#-26.5#3.6201946594101133#9
0000 0016 2000 0000 0000 0000#1626595620091117#-32.0#4.338097668140593#9
0000 0013 2000 0000 0000 0000#1626595620093121#-44.5#3.792000507653305#9
0000 001A 2000 0000 0000 0000#1626595620094182#-38.0#3.5772431973493153#9
0000 0011 2000 0000 0000 0000#1626595620095199#-36.5#3.663146121470911#9
0000 0018 2000 0000 0000 0000#1626595620096730#-32.5#3.761320891895592#9
0000 001B 2000 0000 0000 0000#1626595620098326#-41.5#3.706097583531709#9
0000 0010 2000 0000 0000 0000#1626595620100240#-33.5#3.7429131224409646#9
0000 0019 2000 0000 0000 0000#1626595620101375#-37.0#3.834951969714103#9
0000 001D 2000 0000 0000 0000#1626595620102464#-50.5#3.1231848841351653#9
0000 000F 2000 0000 0000 0000#1626595620103513#-30.5#3.77972866135022#9
0000 001C 2000 0000 0000 0000#1626595620104884#-45.0#3.650874275167826#9
0000 0015 2000 0000 0000 0000#1626595620105962#-55.0#2.9820586516496865#9
0000 0015 2000 0000 0000 0000#1626595620109410#-55.0#2.9697868053466014#9
0000 001A 2000 0000 0000 0000#1626595620111035#-37.0#3.54042765844006#9
0000 0018 2000 0000 0000 0000#1626595620112209#-31.0#3.767456815047135#9
0000 0019 2000 0000 0000 0000#1626595620113230#-37.0#3.810408277107933#9
0000 001B 2000 0000 0000 0000#1626595620114310#-42.0#3.663146121470911#9
0000 0010 2000 0000 0000 0000#1626595620115964#-32.0#3.7429131224409646#9
0000 0014 2000 0000 0000 0000#1626595620117072#-47.0#3.5036121195308043#9
0000 0016 2000 0000 0000 0000#1626595620118609#-32.0#4.356505437595221#9
0000 001C 2000 0000 0000 0000#1626595620120892#-45.0#3.6140587362585705#9
0000 0017 2000 0000 0000 0000#1626595620122152#-26.5#3.6263305825616556#9
0000 000F 2000 0000 0000 0000#1626595620123926#-30.0#3.767456815047135#9
0000 0012 2000 0000 0000 0000#1626595620124943#-40.5#3.6999616603801666#9
0000 001D 2000 0000 0000 0000#1626595620126462#-50.5#3.0127382674073995#9
0000 0013 2000 0000 0000 0000#1626595620129710#-44.5#3.724505352986337#9
0000 0011 2000 0000 0000 0000#1626595620131626#-36.0#3.6017868899554855#9
0000 0018 2000 0000 0000 0000#1626595620395341#-31.5#3.6999616603801666#9
0000 0012 2000 0000 0000 0000#1626595620396317#-42.5#3.2827188860752723#9
0000 001B 2000 0000 0000 0000#1626595620397608#-45.0#3.1784081924990484#9
0000 0016 2000 0000 0000 0000#1626595620399401#-31.5#4.638757902566179#9
0000 0015 2000 0000 0000 0000#1626595620401461#-59.0#1.8714565612204823#9
0000 0019 2000 0000 0000 0000#1626595620403534#-36.5#3.485204350076177#9
0000 0017 2000 0000 0000 0000#1626595620404610#-26.0#3.7429131224409646#9
0000 0011 2000 0000 0000 0000#1626595620405658#-37.0#3.2888548092268146#9
0000 001A 2000 0000 0000 0000#1626595620407188#-39.5#3.0802334220743677#9
0000 000F 2000 0000 0000 0000#1626595620408994#-29.5#3.785864584501762#9
0000 0010 2000 0000 0000 0000#1626595620410151#-31.5#3.56497135104623#9
0000 0014 2000 0000 0000 0000#1626595620411245#-51.0#2.7120780329818137#9
0000 0013 2000 0000 0000 0000#1626595620412822#-48.5#3.1661363461959633#9
0000 001D 2000 0000 0000 0000#1626595620414255#-54.5#2.073942025221387#9
0000 001C 2000 0000 0000 0000#1626595620417276#-49.5#2.8838838812250054#9
0000 0015 2000 0000 0000 0000#1626595620422772#-59.5#1.705786636128833#9
0000 0017 2000 0000 0000 0000#1626595620424595#-26.0#3.736777199289422#9
0000 0014 2000 0000 0000 0000#1626595620425689#-51.5#2.6568547246179306#9
0000 0010 2000 0000 0000 0000#1626595620427099#-32.0#3.5342917352885173#9
0000 001C 2000 0000 0000 0000#1626595620428883#-49.0#2.84706834231575#9
0000 000F 2000 0000 0000 0000#1626595620430422#-30.0#3.77972866135022#9
0000 0018 2000 0000 0000 0000#1626595620431968#-31.5#3.6447383520162835#9
0000 0016 2000 0000 0000 0000#1626595620433289#-31.5#4.638757902566179#9
0000 0011 2000 0000 0000 0000#1626595620437928#-37.0#3.2029518851052186#9
0000 001B 2000 0000 0000 0000#1626595620438992#-45.5#3.067961575771282#9
0000 001D 2000 0000 0000 0000#1626595620440766#-54.5#1.9512235621905356#9
0000 0019 2000 0000 0000 0000#1626595620442898#-36.5#3.411573272257666#9
0000 001A 2000 0000 0000 0000#1626595620444429#-39.5#2.9513790358919736#9
0000 0013 2000 0000 0000 0000#1626595620445753#-48.5#3.043417883165112#9
0000 0012 2000 0000 0000 0000#1626595620447042#-42.5#3.1231848841351653#9
0000 0012 2000 0000 0000 0000#1626595620711457#-42.5#2.8716120349219203#9
0000 0019 2000 0000 0000 0000#1626595620713362#-36.0#3.423845118560751#9
0000 0014 2000 0000 0000 0000#1626595620714683#-54.0#1.6873788666742053#9
0000 001C 2000 0000 0000 0000#1626595620716252#-52.0#1.9266798695843652#9
0000 001A 2000 0000 0000 0000#1626595620718264#-41.0#2.8102528034064944#9
0000 001D 2000 0000 0000 0000#1626595620719341#-55.5#0.9019807032767571#9
0000 0018 2000 0000 0000 0000#1626595620720468#-31.5#3.816544200259475#9
0000 0017 2000 0000 0000 0000#1626595620721544#-25.5#4.080388895775806#9
0000 0010 2000 0000 0000 0000#1626595620723425#-32.0#3.6386024288647407#9
0000 0011 2000 0000 0000 0000#1626595620726196#-38.0#3.147728576741336#9
0000 001B 2000 0000 0000 0000#1626595620727459#-47.5#2.5709518004963345#9
0000 000F 2000 0000 0000 0000#1626595620728620#-30.0#4.025165587411922#9
0000 0016 2000 0000 0000 0000#1626595620731467#-31.0#5.0253210611133605#9
0000 0015 2000 0000 0000 0000#1626595620732903#-52.5#0.2761165418194154#9
0000 0013 2000 0000 0000 0000#1626595620734225#-51.0#2.3623304133438876#9
0000 0017 2000 0000 0000 0000#1626595620738363#-26.0#4.074252972624263#9
0000 0013 2000 0000 0000 0000#1626595620739429#-51.0#2.350058567040802#9
0000 0015 2000 0000 0000 0000#1626595620740749#-52.0#0.16566992509164924#9
0000 001B 2000 0000 0000 0000#1626595620741813#-47.5#2.4911847995262812#9
0000 0018 2000 0000 0000 0000#1626595620743402#-32.5#3.761320891895592#9
0000 0011 2000 0000 0000 0000#1626595620746223#-37.5#3.08636934522591#9
0000 0010 2000 0000 0000 0000#1626595620747408#-32.0#3.5895150436524004#9
0000 0012 2000 0000 0000 0000#1626595620749153#-44.5#2.7550294950426117#9
0000 0019 2000 0000 0000 0000#1626595620751219#-37.5#3.3502140407422405#9
0000 000F 2000 0000 0000 0000#1626595620753034#-30.0#3.9944859716542096#9
0000 0016 2000 0000 0000 0000#1626595620754115#-31.0#5.013049214810275#9
0000 001A 2000 0000 0000 0000#1626595620755844#-41.0#2.6998061866787286#9
0000 0014 2000 0000 0000 0000#1626595620757383#-54.5#1.4358060174609601#9
0000 001D 2000 0000 0000 0000#1626595620759584#-55.0#0.6135923151542565#9
0000 001C 2000 0000 0000 0000#1626595620760641#-52.0#1.6812429435226628#9
0000 001A 2000 0000 0000 0000#1626595621026030#-42.0#1.4480778637640452#9
0000 000F 2000 0000 0000 0000#1626595621027337#-32.0#3.153864499892878#9
0000 0012 2000 0000 0000 0000#1626595621028384#-46.5#1.3314953238847365#9
0000 001B 2000 0000 0000 0000#1626595621030180#-50.0#0.8344855486097889#9
0000 0011 2000 0000 0000 0000#1626595621031242#-39.5#1.9144080232812801#9
0000 0016 2000 0000 0000 0000#1626595621032521#-32.0#4.399456899656019#9
0000 0017 2000 0000 0000 0000#1626595621034307#-27.0#3.2520392703175593#9
0000 0019 2000 0000 0000 0000#1626595621035613#-39.5#2.2212041808584084#9
0000 0010 2000 0000 0000 0000#1626595621037736#-34.0#2.5586799541932495#9
0000 0018 2000 0000 0000 0000#1626595621038836#-32.5#2.7857091108003242#9
0000 0013 2000 0000 0000 0000#1626595621040871#-52.0#0.3865631585471816#9
0000 0014 2000 0000 0000 0000#1626595621042209#-46.0#4.957825906446392#9
0000 001C 2000 0000 0000 0000#1626595621044121#-48.0#5.264622064023521#9
0000 001D 2000 0000 0000 0000#1626595621047107#-44.5#4.221515128261284#9
0000 0015 2000 0000 0000 0000#1626595621048728#-49.0#4.399456899656019#9
0000 0011 2000 0000 0000 0000#1626595621053064#-39.5#1.8775924843720249#9
0000 0017 2000 0000 0000 0000#1626595621054136#-27.5#3.2090878082567613#9
0000 000F 2000 0000 0000 0000#1626595621055644#-32.0#3.0925052683774528#9
0000 001D 2000 0000 0000 0000#1626595621056777#-44.5#4.2092432819582#9
0000 0014 2000 0000 0000 0000#1626595621058098#-45.5#4.81056375080937#9
0000 0019 2000 0000 0000 0000#1626595621059674#-39.5#2.1659808724945253#9
0000 0018 2000 0000 0000 0000#1626595621061518#-34.0#2.748893571891069#9
0000 001C 2000 0000 0000 0000#1626595621063101#-47.0#5.037592907416445#9
0000 001B 2000 0000 0000 0000#1626595621064322#-50.5#0.6565437772150544#9
0000 0016 2000 0000 0000 0000#1626595621066611#-32.5#4.368777283898306#9
0000 0012 2000 0000 0000 0000#1626595621067941#-47.0#1.1780972450961724#9
0000 0010 2000 0000 0000 0000#1626595621069001#-35.5#2.478912953223196#9
0000 001A 2000 0000 0000 0000#1626595621070034#-44.0#1.282407938672396#9
0000 0015 2000 0000 0000 0000#1626595621073049#-50.5#4.3074180523828804#9
0000 0013 2000 0000 0000 0000#1626595621074701#-52.0#0.16566992509164924#9
0000 0010 2000 0000 0000 0000#1626595621338902#-38.5#1.4603497100671303#9
0000 0018 2000 0000 0000 0000#1626595621341326#-35.0#1.748738098189631#9
0000 0017 2000 0000 0000 0000#1626595621342413#-28.0#2.2457478734645786#9
0000 001B 2000 0000 0000 0000#1626595621343448#-46.0#4.0128937411088375#9
0000 001A 2000 0000 0000 0000#1626595621345393#-47.0#5.970253226450915#9
0000 0016 2000 0000 0000 0000#1626595621346444#-34.5#3.56497135104623#9
0000 0012 2000 0000 0000 0000#1626595621347490#-48.5#5.565282298449106#9
0000 0014 2000 0000 0000 0000#1626595621348569#-46.5#3.1231848841351653#9
0000 0019 2000 0000 0000 0000#1626595621349873#-42.5#0.9817477042468103#9
0000 000F 2000 0000 0000 0000#1626595621351122#-33.5#2.073942025221387#9
0000 001C 2000 0000 0000 0000#1626595621353697#-43.5#3.153864499892878#9
0000 0015 2000 0000 0000 0000#1626595621354747#-61.5#2.0493983326152168#9
0000 001D 2000 0000 0000 0000#1626595621355876#-56.0#2.724349879284899#9
0000 0013 2000 0000 0000 0000#1626595621358077#-42.0#3.497476196379262#9
0000 0011 2000 0000 0000 0000#1626595621359121#-43.5#0.48473792897186263#9
0000 001A 2000 0000 0000 0000#1626595621364501#-47.0#5.878214379177777#9
0000 0019 2000 0000 0000 0000#1626595621365562#-43.0#0.9203884727313847#9
0000 0016 2000 0000 0000 0000#1626595621367513#-34.5#3.522019888985432#9
0000 0017 2000 0000 0000 0000#1626595621368830#-29.5#2.1782527187976104#9
0000 000F 2000 0000 0000 0000#1626595621369936#-33.5#2.0371264863121317#9
0000 0010 2000 0000 0000 0000#1626595621371107#-37.0#1.3499030933393643#9
0000 0011 2000 0000 0000 0000#1626595621372453#-43.5#0.42337869745643697#9
0000 001C 2000 0000 0000 0000#1626595621373483#-44.0#3.117048960983623#9
0000 001B 2000 0000 0000 0000#1626595621374577#-44.5#3.7429131224409646#9
0000 0014 2000 0000 0000 0000#1626595621375915#-48.0#3.06182565261974#9
0000 0018 2000 0000 0000 0000#1626595621377031#-36.5#1.6689710972195777#9
0000 0012 2000 0000 0000 0000#1626595621378366#-48.0#5.307573526084319#9
0000 001D 2000 0000 0000 0000#1626595621379783#-58.0#2.4850488763747385#9
0000 0013 2000 0000 0000 0000#1626595621381304#-42.0#3.399301425954581#9
0000 0015 2000 0000 0000 0000#1626595621382416#-61.0#2.030990563160589#9
0000 0011 2000 0000 0000 0000#1626595621647312#-45.5#5.160311370447297#9
0000 0019 2000 0000 0000 0000#1626595621649158#-47.5#5.915029918087033#9
0000 0010 2000 0000 0000 0000#1626595621650258#-41.5#0.6135923151542565#9
0000 001B 2000 0000 0000 0000#1626595621651339#-44.0#3.0127382674073995#9
0000 0017 2000 0000 0000 0000#1626595621652887#-32.0#1.705786636128833#9
0000 001A 2000 0000 0000 0000#1626595621653935#-40.0#3.411573272257666#9
0000 0013 2000 0000 0000 0000#1626595621655029#-48.0#2.945243112740431#9
0000 001C 2000 0000 0000 0000#1626595621656511#-55.0#2.497320722677824#9
0000 000F 2000 0000 0000 0000#1626595621658273#-38.0#1.533980787885641#9
0000 0016 2000 0000 0000 0000#1626595621659873#-37.5#3.0372819600135696#9
0000 0014 2000 0000 0000 0000#1626595621661623#-55.0#2.141437179888355#9
0000 0018 2000 0000 0000 0000#1626595621663879#-41.0#1.043106935762236#9
0000 0012 2000 0000 0000 0000#1626595621667607#-38.5#3.08636934522591#9
0000 001D 2000 0000 0000 0000#1626595621668998#-60.0#1.1044661672776617#9
0000 0011 2000 0000 0000 0000#1626595621674224#-45.0#4.828971520263998#9
0000 0018 2000 0000 0000 0000#1626595621675314#-41.5#1.000155473701438#9
0000 001B 2000 0000 0000 0000#1626595621676365#-45.0#3.000466421104314#9
0000 001D 2000 0000 0000 0000#1626595621678895#-60.0#1.0921943209745766#9
0000 001C 2000 0000 0000 0000#1626595621680206#-55.0#2.270291566070749#9
0000 0014 2000 0000 0000 0000#1626595621681259#-54.5#2.012582793705961#9
0000 0019 2000 0000 0000 0000#1626595621684888#-47.5#5.546874528994478#9
0000 000F 2000 0000 0000 0000#1626595621686252#-38.0#1.4173982480063325#9
0000 0016 2000 0000 0000 0000#1626595621687588#-37.5#2.9575149590435164#9
0000 0012 2000 0000 0000 0000#1626595621688635#-40.0#3.0066023442558567#9
0000 0013 2000 0000 0000 0000#1626595621690243#-50.5#2.8409324191642074#9
0000 0017 2000 0000 0000 0000#1626595621691249#-33.0#1.576932249946439#9
0000 001A 2000 0000 0000 0000#1626595621693545#-39.5#3.160000423044421#9
0000 0010 2000 0000 0000 0000#1626595621695328#-42.5#0.35588354278946877#9
0000 0012 2000 0000 0000 0000#1626595621966867#-51.5#3.2397674240144743#9
0000 0018 2000 0000 0000 0000#1626595621968057#-46.0#6.013204688511713#9
0000 0019 2000 0000 0000 0000#1626595621970231#-39.5#4.166291819897402#9
0000 0017 2000 0000 0000 0000#1626595621971280#-39.0#1.3069516312785663#9
0000 000F 2000 0000 0000 0000#1626595621972316#-45.0#0.8344855486097889#9
0000 0011 2000 0000 0000 0000#1626595621973378#-40.0#3.767456815047135#9
0000 0010 2000 0000 0000 0000#1626595621974491#-41.0#5.00077736850719#9
0000 001A 2000 0000 0000 0000#1626595621975566#-47.5#3.4606606574700063#9
0000 001B 2000 0000 0000 0000#1626595621976901#-53.0#1.9512235621905356#9
0000 001C 2000 0000 0000 0000#1626595621978072#-53.5#0.3436116964863836#9
0000 0015 2000 0000 0000 0000#1626595621979166#-53.5#1.2640001692177683#9
0000 0013 2000 0000 0000 0000#1626595621980219#-51.5#1.3621749396424494#9
0000 0016 2000 0000 0000 0000#1626595621981271#-41.0#2.9268353432858034#9
0000 0014 2000 0000 0000 0000#1626595621982420#-55.5#5.712544454086128#9
0000 001D 2000 0000 0000 0000#1626595621983470#-55.0#2.8532042654672924#9
0000 0011 2000 0000 0000 0000#1626595621988254#-39.0#3.767456815047135#9
0000 000F 2000 0000 0000 0000#1626595621989391#-45.5#0.7117670855789375#9
0000 0013 2000 0000 0000 0000#1626595621990444#-51.0#1.2701360923693108#9
0000 0017 2000 0000 0000 0000#1626595621991991#-39.5#1.2087768608538851#9
0000 0019 2000 0000 0000 0000#1626595621993295#-39.5#4.1172044346850605#9
0000 0012 2000 0000 0000 0000#1626595621994427#-50.5#3.043417883165112#9
0000 0010 2000 0000 0000 0000#1626595621995757#-42.0#4.890330751779424#9
0000 0016 2000 0000 0000 0000#1626595621997094#-41.0#2.9084275738311756#9
0000 0015 2000 0000 0000 0000#1626595621998145#-53.5#1.2578642460662257#9
0000 0014 2000 0000 0000 0000#1626595621999228#-55.5#5.553010452146021#9
0000 001D 2000 0000 0000 0000#1626595622001099#-54.5#2.773437264497239#9
0000 0018 2000 0000 0000 0000#1626595622002129#-45.5#5.743224069843841#9
0000 001A 2000 0000 0000 0000#1626595622003120#-49.0#3.4606606574700063#9
0000 001B 2000 0000 0000 0000#1626595622004456#-53.0#1.6873788666742053#9
0000 001C 2000 0000 0000 0000#1626595622005757#-54.5#0.018407769454627694#9
0000 0019 2000 0000 0000 0000#1626595622270638#-49.5#3.442252888015379#9
0000 0014 2000 0000 0000 0000#1626595622271947#-56.5#2.662990647769473#9
0000 001A 2000 0000 0000 0000#1626595622273036#-54.0#1.1535535524900022#9
0000 0013 2000 0000 0000 0000#1626595622275339#-53.5#4.902602598082509#9
0000 001D 2000 0000 0000 0000#1626595622276345#-54.0#0.5031456984264903#9
0000 0012 2000 0000 0000 0000#1626595622277407#-53.5#0.44178646691106466#9
0000 0016 2000 0000 0000 0000#1626595622278457#-48.5#1.4910293258248433#9
0000 0010 2000 0000 0000 0000#1626595622279972#-44.5#3.816544200259475#9
0000 0017 2000 0000 0000 0000#1626595622281277#-42.0#5.184855063053467#9
0000 001B 2000 0000 0000 0000#1626595622282627#-54.5#5.270757987175063#9
0000 0011 2000 0000 0000 0000#1626595622285395#-51.0#2.6384469551633027#9
0000 0015 2000 0000 0000 0000#1626595622286433#-56.5#5.6143696836614465#9
0000 000F 2000 0000 0000 0000#1626595622288036#-44.5#4.743068596142402#9
0000 0018 2000 0000 0000 0000#1626595622289438#-42.5#4.184699589352029#9
0000 001C 2000 0000 0000 0000#1626595622291480#-57.5#3.693825737228624#9
0000 001C 2000 0000 0000 0000#1626595622299104#-58.0#3.6017868899554855#9
0000 0013 2000 0000 0000 0000#1626595622301542#-54.0#4.681709364626977#9
0000 0016 2000 0000 0000 0000#1626595622303173#-48.5#1.325359400733194#9
0000 001D 2000 0000 0000 0000#1626595622304300#-53.0#0.37429131224409645#9
0000 0010 2000 0000 0000 0000#1626595622305349#-45.0#3.792000507653305#9
0000 0018 2000 0000 0000 0000#1626595622306546#-42.5#4.147884050442774#9
0000 0017 2000 0000 0000 0000#1626595622307650#-41.5#5.031456984264903#9
0000 001B 2000 0000 0000 0000#1626595622308732#-54.5#5.062136600022616#9
0000 000F 2000 0000 0000 0000#1626595622310102#-44.0#4.669437518323892#9
0000 0014 2000 0000 0000 0000#1626595622312056#-57.0#2.411417798556228#9
0000 001A 2000 0000 0000 0000#1626595622313771#-54.5#0.7792622402459057#9
0000 0011 2000 0000 0000 0000#1626595622315757#-50.0#2.448233337465483#9
0000 0019 2000 0000 0000 0000#1626595622317030#-51.0#3.313398501832985#9
0000 0012 2000 0000 0000 0000#1626595622318232#-54.0#0.04295146206079795#9
0000 0015 2000 0000 0000 0000#1626595622319300#-56.5#5.356660911296659#9
0000 0017 2000 0000 0000 0000#1626595622585986#-41.0#3.6201946594101133#9
0000 0013 2000 0000 0000 0000#1626595622587310#-55.0#2.270291566070749#9
0000 001A 2000 0000 0000 0000#1626595622588383#-53.0#4.1417481272912315#9
0000 000F 2000 0000 0000 0000#1626595622589446#-46.5#3.497476196379262#9
0000 001D 2000 0000 0000 0000#1626595622590818#-54.5#4.3074180523828804#9
0000 0018 2000 0000 0000 0000#1626595622592671#-49.0#2.890019804376548#9
0000 0010 2000 0000 0000 0000#1626595622594228#-52.0#2.116893487282185#9
0000 0011 2000 0000 0000 0000#1626595622596242#-53.5#5.798447378207723#9
0000 001B 2000 0000 0000 0000#1626595622598261#-54.5#2.6200391857086753#9
0000 0016 2000 0000 0000 0000#1626595622599566#-48.0#5.350524988145116#9
0000 001C 2000 0000 0000 0000#1626595622600596#-58.5#1.1535535524900022#9
0000 0012 2000 0000 0000 0000#1626595622602433#-52.5#3.6079228131070282#9
0000 0015 2000 0000 0000 0000#1626595622603468#-56.5#2.82252464970958#9
0000 0019 2000 0000 0000 0000#1626595622606453#-55.5#0.8344855486097889#9
0000 0014 2000 0000 0000 0000#1626595622608347#-58.0#0.1227184630308513#9
0000 0011 2000 0000 0000 0000#1626595622613015#-53.5#5.6143696836614465#9
0000 0018 2000 0000 0000 0000#1626595622615428#-51.0#2.742757648739526#9
0000 0012 2000 0000 0000 0000#1626595622617622#-52.5#3.522019888985432#9
0000 0010 2000 0000 0000 0000#1626595622618639#-52.0#1.8960002538266525#9
0000 0013 2000 0000 0000 0000#1626595622619647#-54.5#2.055534255766759#9
0000 0015 2000 0000 0000 0000#1626595622620712#-56.0#2.60776733940559#9
0000 0016 2000 0000 0000 0000#1626595622622682#-47.5#5.270757987175063#9
0000 000F 2000 0000 0000 0000#1626595622623717#-47.5#3.3870295796514958#9
0000 0017 2000 0000 0000 0000#1626595622624751#-41.0#3.5036121195308043#9
0000 001A 2000 0000 0000 0000#1626595622627353#-53.0#3.80427235395639#9
0000 001D 2000 0000 0000 0000#1626595622628401#-56.0#4.037437433715008#9
0000 0019 2000 0000 0000 0000#1626595622629476#-56.0#0.607456392002714#9
0000 001B 2000 0000 0000 0000#1626595622630540#-54.5#2.454369260617026#9
0000 0014 2000 0000 0000 0000#1626595622631948#-58.0#6.111379458936394#9
0000 001C 2000 0000 0000 0000#1626595622633118#-58.5#0.8958447801252144#9
0000 0017 2000 0000 0000 0000#1626595622897285#-45.0#2.9759227284981438#9
0000 0018 2000 0000 0000 0000#1626595622898345#-52.5#1.3437671701878218#9
0000 0014 2000 0000 0000 0000#1626595622899699#-47.5#3.3318062712876126#9
0000 000F 2000 0000 0000 0000#1626595622903374#-51.0#2.4727770300716534#9
0000 0016 2000 0000 0000 0000#1626595622905087#-48.0#4.755340442445488#9
0000 001C 2000 0000 0000 0000#1626595622908848#-53.0#4.822835597112456#9
0000 001B 2000 0000 0000 0000#1626595622911334#-52.0#0.9019807032767571#9
0000 0012 2000 0000 0000 0000#1626595622912816#-50.0#1.9634954084936207#9
0000 001A 2000 0000 0000 0000#1626595622914110#-51.0#2.497320722677824#9
0000 001D 2000 0000 0000 0000#1626595622915513#-50.5#1.7548740213411735#9
0000 0019 2000 0000 0000 0000#1626595622916577#-55.0#5.307573526084319#9
0000 0015 2000 0000 0000 0000#1626595622917910#-52.5#1.214912784005428#9
0000 0011 2000 0000 0000 0000#1626595622919467#-52.0#4.147884050442774#9
0000 0010 2000 0000 0000 0000#1626595622920978#-51.0#0.34974761963792617#9
0000 0013 2000 0000 0000 0000#1626595622922019#-52.5#0.2699806186678728#9
0000 0013 2000 0000 0000 0000#1626595622926452#-53.0#0.2270291566070749#9
0000 0016 2000 0000 0000 0000#1626595622927773#-48.5#4.743068596142402#9
0000 0018 2000 0000 0000 0000#1626595622929843#-52.5#1.1965050145508#9
0000 0017 2000 0000 0000 0000#1626595622931204#-45.5#2.8838838812250054#9
0000 0014 2000 0000 0000 0000#1626595622932273#-48.0#3.147728576741336#9
0000 0015 2000 0000 0000 0000#1626595622934827#-52.0#1.1535535524900022#9
0000 001A 2000 0000 0000 0000#1626595622937796#-51.0#2.4175537217077703#9
0000 0019 2000 0000 0000 0000#1626595622939654#-55.5#5.2339424482658075#9
0000 0012 2000 0000 0000 0000#1626595622940688#-50.5#1.8714565612204823#9
0000 001D 2000 0000 0000 0000#1626595622943437#-50.5#1.662835174068035#9
0000 000F 2000 0000 0000 0000#1626595622944471#-51.5#2.3439226438892597#9
