0000 0011 2000 0000 0000 0000#1626595637031143#-44.5#4.374913207049849#9
0000 0012 2000 0000 0000 0000#1626595637032191#-49.0#5.460971604872882#9
0000 000F 2000 0000 0000 0000#1626595637034110#-48.0#3.5956509668039427#9
0000 0017 2000 0000 0000 0000#1626595637036060#-47.5#2.8961557275280905#9
0000 0014 2000 0000 0000 0000#1626595637037098#-50.5#1.9389517158874505#9
0000 0018 2000 0000 0000 0000#1626595637038373#-47.0#3.890175278077986#9
0000 001B 2000 0000 0000 0000#1626595637040469#-50.0#0.14726215563702155#9
0000 001A 2000 0000 0000 0000#1626595637041624#-44.0#4.945554060143307#9
0000 001D 2000 0000 0000 0000#1626595637043129#-49.0#2.466641106920111#9
0000 0010 2000 0000 0000 0000#1626595637044628#-43.5#4.0558452031696355#9
0000 0019 2000 0000 0000 0000#1626595637045876#-44.5#4.289010282928253#9
0000 0013 2000 0000 0000 0000#1626595637047702#-52.5#0.6749515466696822#9
0000 0015 2000 0000 0000 0000#1626595637049180#-50.5#2.7550294950426117#9
0000 001C 2000 0000 0000 0000#1626595637050707#-50.5#1.5585244804918115#9
0000 0018 2000 0000 0000 0000#1626595637054754#-47.0#3.890175278077986#9
0000 001B 2000 0000 0000 0000#1626595637055819#-50.0#0.1227184630308513#9
0000 0014 2000 0000 0000 0000#1626595637057113#-50.5#1.932815792735908#9
0000 001A 2000 0000 0000 0000#1626595637058426#-45.5#4.957825906446392#9
0000 0010 2000 0000 0000 0000#1626595637059503#-45.0#4.0558452031696355#9
0000 001D 2000 0000 0000 0000#1626595637068683#-49.0#2.6384469551633027#9
0000 0013 2000 0000 0000 0000#1626595637070277#-52.0#0.8897088569736719#9
0000 000F 2000 0000 0000 0000#1626595637072418#-48.0#3.761320891895592#9
0000 0015 2000 0000 0000 0000#1626595637073709#-51.0#2.9513790358919736#9
0000 0019 2000 0000 0000 0000#1626595637074756#-44.5#4.473087977474529#9
0000 0011 2000 0000 0000 0000#1626595637076153#-43.5#4.565126824747668#9
0000 0017 2000 0000 0000 0000#1626595637078403#-48.0#3.074097498922825#9
0000 0012 2000 0000 0000 0000#1626595637081284#-48.5#5.663457068873787#9
0000 001C 2000 0000 0000 0000#1626595637082339#-50.0#1.7241944055834606#9
0000 001C 2000 0000 0000 0000#1626595637347832#-50.0#1.1535535524900022#9
0000 0019 2000 0000 0000 0000#1626595637348895#-45.0#3.9269908169872414#9
0000 000F 2000 0000 0000 0000#1626595637350668#-49.0#3.215223731408304#9
0000 001A 2000 0000 0000 0000#1626595637354699#-46.0#4.583534594202296#9
0000 0018 2000 0000 0000 0000#1626595637355903#-47.0#3.4913402732277192#9
0000 0010 2000 0000 0000 0000#1626595637358056#-45.5#3.6876898140770815#9
0000 001B 2000 0000 0000 0000#1626595637359159#-50.0#6.019340611663256#9
0000 0012 2000 0000 0000 0000#1626595637360179#-48.5#5.105088062083414#9
0000 0015 2000 0000 0000 0000#1626595637362608#-51.0#2.399145952253143#9
0000 001D 2000 0000 0000 0000#1626595637364400#-47.5#2.073942025221387#9
0000 0017 2000 0000 0000 0000#1626595637366653#-47.5#2.521864415283994#9
0000 0014 2000 0000 0000 0000#1626595637367704#-51.0#1.552388557340269#9
0000 0011 2000 0000 0000 0000#1626595637369006#-45.0#4.01902966426038#9
0000 0013 2000 0000 0000 0000#1626595637370843#-52.5#0.28838838812250056#9
0000 001D 2000 0000 0000 0000#1626595637376268#-47.5#2.067806102069844#9
0000 0013 2000 0000 0000 0000#1626595637378716#-52.0#0.2699806186678728#9
0000 0018 2000 0000 0000 0000#1626595637379887#-45.5#3.485204350076177#9
0000 0011 2000 0000 0000 0000#1626595637381496#-44.0#4.025165587411922#9
0000 001B 2000 0000 0000 0000#1626595637383227#-50.0#6.019340611663256#9
0000 0010 2000 0000 0000 0000#1626595637384303#-45.5#3.6692820446224537#9
0000 0012 2000 0000 0000 0000#1626595637386205#-48.5#5.129631754689584#9
0000 001C 2000 0000 0000 0000#1626595637387277#-50.0#1.1535535524900022#9
0000 001A 2000 0000 0000 0000#1626595637388319#-46.0#4.589670517353839#9
0000 000F 2000 0000 0000 0000#1626595637389643#-48.5#3.227495577711389#9
0000 0019 2000 0000 0000 0000#1626595637390988#-45.5#3.9147189706841563#9
0000 0015 2000 0000 0000 0000#1626595637392453#-51.0#2.386874105950058#9
0000 0014 2000 0000 0000 0000#1626595637393574#-51.5#1.5830681730979816#9
0000 0017 2000 0000 0000 0000#1626595637394907#-48.0#2.5464081078901644#9
0000 0010 2000 0000 0000 0000#1626595637658585#-44.0#3.877903431774901#9
0000 001A 2000 0000 0000 0000#1626595637659930#-46.0#4.7860200582032#9
0000 001B 2000 0000 0000 0000#1626595637660950#-50.5#6.2463697682703305#9
0000 0011 2000 0000 0000 0000#1626595637664061#-45.0#4.227651051412827#9
0000 001C 2000 0000 0000 0000#1626595637665104#-49.5#1.380582709097077#9
0000 0013 2000 0000 0000 0000#1626595637667329#-52.5#0.5645049299419159#9
0000 0014 2000 0000 0000 0000#1626595637670173#-50.5#1.8039614065535141#9
0000 0018 2000 0000 0000 0000#1626595637671710#-46.5#3.6754179677739964#9
0000 0019 2000 0000 0000 0000#1626595637682622#-44.0#4.871922982324796#9
0000 000F 2000 0000 0000 0000#1626595637683653#-46.5#4.147884050442774#9
0000 0017 2000 0000 0000 0000#1626595637685470#-46.0#3.509748042682347#9
0000 0015 2000 0000 0000 0000#1626595637688439#-50.5#3.454524734318464#9
0000 001D 2000 0000 0000 0000#1626595637689500#-49.5#3.1354567304382504#9
0000 0012 2000 0000 0000 0000#1626595637692254#-47.0#6.1420590746941075#9
0000 0017 2000 0000 0000 0000#1626595637696699#-45.5#3.5036121195308043#9
0000 0015 2000 0000 0000 0000#1626595637699487#-50.5#3.429981041712294#9
0000 0010 2000 0000 0000 0000#1626595637701118#-44.5#4.638757902566179#9
0000 0013 2000 0000 0000 0000#1626595637702687#-51.5#1.41126232485479#9
0000 0014 2000 0000 0000 0000#1626595637703767#-50.5#2.6261751088602177#9
0000 0019 2000 0000 0000 0000#1626595637704843#-44.0#4.890330751779424#9
0000 001C 2000 0000 0000 0000#1626595637706153#-49.5#2.2641556429192065#9
0000 001B 2000 0000 0000 0000#1626595637708215#-49.5#0.9081166264282996#9
0000 000F 2000 0000 0000 0000#1626595637709507#-45.5#4.123340357836604#9
0000 0012 2000 0000 0000 0000#1626595637711450#-49.0#6.227961998815704#9
0000 0011 2000 0000 0000 0000#1626595637713430#-42.5#5.0253210611133605#9
0000 0018 2000 0000 0000 0000#1626595637714508#-45.0#4.442408361716817#9
0000 001A 2000 0000 0000 0000#1626595637715963#-45.5#5.651185222570702#9
0000 001D 2000 0000 0000 0000#1626595637717126#-49.0#3.2090878082567613#9
0000 0019 2000 0000 0000 0000#1626595637979768#-47.0#5.5100589900852235#9
0000 0018 2000 0000 0000 0000#1626595637980828#-43.0#4.374913207049849#9
0000 0010 2000 0000 0000 0000#1626595637981862#-44.5#4.773748211900116#9
0000 0011 2000 0000 0000 0000#1626595637983406#-47.5#5.927301764390117#9
0000 001C 2000 0000 0000 0000#1626595637985024#-45.0#3.098641191528995#9
0000 0013 2000 0000 0000 0000#1626595637986803#-47.0#2.5709518004963345#9
0000 001B 2000 0000 0000 0000#1626595637987839#-46.0#2.1782527187976104#9
0000 0017 2000 0000 0000 0000#1626595637990339#-36.0#3.2765829629237295#9
0000 001D 2000 0000 0000 0000#1626595637992563#-45.0#3.718369429834794#9
0000 0015 2000 0000 0000 0000#1626595637994111#-47.5#3.9576704327449543#9
0000 000F 2000 0000 0000 0000#1626595637995841#-41.0#3.9269908169872414#9
0000 0016 2000 0000 0000 0000#1626595637996910#-45.0#3.792000507653305#9
0000 001A 2000 0000 0000 0000#1626595637999084#-47.0#0.8713010875190442#9
0000 0014 2000 0000 0000 0000#1626595638001864#-45.5#3.3747577333484107#9
0000 0012 2000 0000 0000 0000#1626595638002938#-48.0#1.6321555583103222#9
0000 0010 2000 0000 0000 0000#1626595638008114#-44.5#4.871922982324796#9
0000 0014 2000 0000 0000 0000#1626595638009195#-45.5#3.393165502803038#9
0000 001D 2000 0000 0000 0000#1626595638010829#-45.0#3.736777199289422#9
0000 0011 2000 0000 0000 0000#1626595638012356#-48.0#6.0991076126333095#9
0000 0017 2000 0000 0000 0000#1626595638013477#-35.5#3.2704470397721868#9
0000 0015 2000 0000 0000 0000#1626595638014514#-47.0#3.9822141253511245#9
0000 0018 2000 0000 0000 0000#1626595638017004#-43.0#4.448544284868359#9
0000 001B 2000 0000 0000 0000#1626595638018299#-46.0#2.3071071049800045#9
0000 001A 2000 0000 0000 0000#1626595638019359#-46.5#1.0062913968529805#9
0000 000F 2000 0000 0000 0000#1626595638020708#-41.0#3.9576704327449543#9
0000 001C 2000 0000 0000 0000#1626595638022899#-44.5#3.1968159619536762#9
0000 0013 2000 0000 0000 0000#1626595638024066#-46.0#2.730485802436441#9
0000 0016 2000 0000 0000 0000#1626595638025669#-43.5#3.7981364308048478#9
0000 0019 2000 0000 0000 0000#1626595638027873#-47.0#5.743224069843841#9
0000 0012 2000 0000 0000 0000#1626595638028933#-47.0#1.7426021750380885#9
0000 001D 2000 0000 0000 0000#1626595638291563#-42.5#4.166291819897402#9
0000 001C 2000 0000 0000 0000#1626595638293616#-41.5#3.6876898140770815#9
0000 0012 2000 0000 0000 0000#1626595638296918#-42.5#2.5954954931025047#9
0000 0016 2000 0000 0000 0000#1626595638298015#-38.5#4.006757817957295#9
0000 001B 2000 0000 0000 0000#1626595638299080#-42.0#2.9759227284981438#9
0000 001A 2000 0000 0000 0000#1626595638300112#-42.5#2.184388641949153#9
0000 0017 2000 0000 0000 0000#1626595638301146#-34.5#3.736777199289422#9
0000 0014 2000 0000 0000 0000#1626595638302269#-43.0#3.9392626632903265#9
0000 0018 2000 0000 0000 0000#1626595638303360#-46.0#5.325981295538946#9
0000 0010 2000 0000 0000 0000#1626595638304823#-48.0#6.166602767300278#9
0000 0013 2000 0000 0000 0000#1626595638305919#-43.0#3.3624858870453256#9
0000 0019 2000 0000 0000 0000#1626595638306980#-47.0#1.184233168247715#9
0000 0011 2000 0000 0000 0000#1626595638308151#-46.0#1.5830681730979816#9
0000 000F 2000 0000 0000 0000#1626595638309489#-41.0#4.583534594202296#9
0000 0015 2000 0000 0000 0000#1626595638310582#-45.0#4.424000592262189#9
0000 0010 2000 0000 0000 0000#1626595638319394#-48.0#6.227961998815704#9
0000 0017 2000 0000 0000 0000#1626595638320782#-33.5#3.816544200259475#9
0000 001C 2000 0000 0000 0000#1626595638321868#-41.5#3.761320891895592#9
0000 001D 2000 0000 0000 0000#1626595638323418#-42.5#4.246058820867455#9
0000 0012 2000 0000 0000 0000#1626595638324949#-42.0#2.693670263527186#9
0000 001B 2000 0000 0000 0000#1626595638326574#-42.0#3.0925052683774528#9
0000 0019 2000 0000 0000 0000#1626595638327866#-47.0#1.3314953238847365#9
0000 0016 2000 0000 0000 0000#1626595638329845#-38.5#4.080388895775806#9
0000 000F 2000 0000 0000 0000#1626595638330895#-41.5#4.657165672020807#9
0000 0014 2000 0000 0000 0000#1626595638332006#-43.0#4.006757817957295#9
0000 0011 2000 0000 0000 0000#1626595638333052#-45.5#1.7426021750380885#9
0000 001A 2000 0000 0000 0000#1626595638334782#-40.5#2.3439226438892597#9
0000 0013 2000 0000 0000 0000#1626595638336118#-42.5#3.448388811166921#9
0000 0015 2000 0000 0000 0000#1626595638337543#-45.0#4.466952054322987#9
0000 0018 2000 0000 0000 0000#1626595638338574#-46.5#5.5100589900852235#9
0000 001A 2000 0000 0000 0000#1626595638603262#-39.5#2.4605051837685683#9
0000 0017 2000 0000 0000 0000#1626595638605153#-35.5#4.442408361716817#9
0000 0012 2000 0000 0000 0000#1626595638606427#-40.0#2.82252464970958#9
0000 0016 2000 0000 0000 0000#1626595638607479#-38.0#4.399456899656019#9
0000 000F 2000 0000 0000 0000#1626595638608583#-42.5#5.43029198911517#9
0000 0014 2000 0000 0000 0000#1626595638610393#-42.0#4.000621894805752#9
0000 0019 2000 0000 0000 0000#1626595638611484#-43.0#1.902136176978195#9
0000 0011 2000 0000 0000 0000#1626595638612616#-41.5#2.055534255766759#9
0000 001C 2000 0000 0000 0000#1626595638614706#-40.5#3.822680123411018#9
0000 001D 2000 0000 0000 0000#1626595638615869#-42.0#4.2092432819582#9
0000 0010 2000 0000 0000 0000#1626595638617841#-45.5#1.030835089459151#9
0000 0013 2000 0000 0000 0000#1626595638619091#-41.0#3.5158839658338894#9
0000 001B 2000 0000 0000 0000#1626595638620145#-40.0#3.2213596545598464#9
0000 0015 2000 0000 0000 0000#1626595638621224#-44.5#4.399456899656019#9
0000 0018 2000 0000 0000 0000#1626595638622285#-46.0#0.19634954084936207#9
0000 0013 2000 0000 0000 0000#1626595638628082#-41.0#3.5281558121369745#9
0000 0015 2000 0000 0000 0000#1626595638630250#-44.5#4.417864669110647#9
0000 001C 2000 0000 0000 0000#1626595638631537#-40.5#3.877903431774901#9
0000 0017 2000 0000 0000 0000#1626595638632799#-35.5#4.601942363656923#9
0000 0018 2000 0000 0000 0000#1626595638634863#-45.5#0.23930100291016002#9
0000 0016 2000 0000 0000 0000#1626595638636656#-38.0#4.522175362686871#9
0000 001A 2000 0000 0000 0000#1626595638637831#-39.0#2.521864415283994#9
0000 0011 2000 0000 0000 0000#1626595638639132#-41.0#2.0923497946760143#9
0000 0019 2000 0000 0000 0000#1626595638640183#-43.0#1.9389517158874505#9
0000 001D 2000 0000 0000 0000#1626595638641468#-42.0#4.264466590322082#9
0000 001B 2000 0000 0000 0000#1626595638642561#-40.0#3.2581751934691017#9
0000 0012 2000 0000 0000 0000#1626595638643656#-40.0#2.890019804376548#9
0000 000F 2000 0000 0000 0000#1626595638644802#-42.0#5.589825991055276#9
0000 0014 2000 0000 0000 0000#1626595638646128#-42.0#4.0558452031696355#9
0000 0010 2000 0000 0000 0000#1626595638648135#-44.5#1.086058397823034#9
0000 0018 2000 0000 0000 0000#1626595638913218#-41.0#2.2641556429192065#9
0000 001A 2000 0000 0000 0000#1626595638914879#-36.5#4.111068511533518#9
0000 000F 2000 0000 0000 0000#1626595638915957#-39.0#1.533980787885641#9
0000 0014 2000 0000 0000 0000#1626595638917999#-40.5#5.350524988145116#9
0000 0012 2000 0000 0000 0000#1626595638919544#-37.5#4.448544284868359#9
0000 0013 2000 0000 0000 0000#1626595638920628#-39.0#5.013049214810275#9
0000 0017 2000 0000 0000 0000#1626595638922150#-33.0#0.6442719309119693#9
0000 001D 2000 0000 0000 0000#1626595638923298#-40.0#5.497787143782138#9
0000 0011 2000 0000 0000 0000#1626595638924446#-38.5#3.693825737228624#9
0000 001C 2000 0000 0000 0000#1626595638925770#-38.5#5.252350217720435#9
0000 0015 2000 0000 0000 0000#1626595638927022#-44.5#5.589825991055276#9
0000 001B 2000 0000 0000 0000#1626595638928569#-38.0#4.773748211900116#9
0000 0016 2000 0000 0000 0000#1626595638929765#-37.0#0.48473792897186263#9
0000 0019 2000 0000 0000 0000#1626595638931083#-39.0#3.5895150436524004#9
0000 0010 2000 0000 0000 0000#1626595638932530#-40.5#2.890019804376548#9
0000 0017 2000 0000 0000 0000#1626595638936248#-33.5#0.7240389318820226#9
0000 000F 2000 0000 0000 0000#1626595638939677#-38.0#1.6137477888556946#9
0000 0019 2000 0000 0000 0000#1626595638942037#-39.5#3.6263305825616556#9
0000 0015 2000 0000 0000 0000#1626595638943088#-44.5#5.626641529964532#9
0000 0011 2000 0000 0000 0000#1626595638944148#-38.0#3.724505352986337#9
0000 0014 2000 0000 0000 0000#1626595638945230#-40.0#5.393476450205914#9
0000 001C 2000 0000 0000 0000#1626595638946787#-38.5#5.264622064023521#9
0000 0016 2000 0000 0000 0000#1626595638948323#-37.0#0.5276893910326605#9
0000 001D 2000 0000 0000 0000#1626595638949452#-40.0#5.50392306693368#9
0000 0012 2000 0000 0000 0000#1626595638950471#-37.5#4.4976316700806995#9
0000 001A 2000 0000 0000 0000#1626595638952103#-34.5#4.172427743048944#9
0000 001B 2000 0000 0000 0000#1626595638953115#-37.5#4.822835597112456#9
0000 0018 2000 0000 0000 0000#1626595638954575#-40.5#2.386874105950058#9
0000 0010 2000 0000 0000 0000#1626595638957201#-40.0#2.9697868053466014#9
0000 0013 2000 0000 0000 0000#1626595638958526#-39.0#5.056000676871073#9
0000 0010 2000 0000 0000 0000#1626595639222604#-37.5#3.3318062712876126#9
0000 0015 2000 0000 0000 0000#1626595639223696#-44.0#5.6143696836614465#9
0000 0016 2000 0000 0000 0000#1626595639226368#-35.5#1.3867186322486196#9
0000 001A 2000 0000 0000 0000#1626595639227558#-35.0#4.3933209765044765#9
0000 000F 2000 0000 0000 0000#1626595639228582#-35.5#2.2886993355253766#9
0000 0013 2000 0000 0000 0000#1626595639229663#-38.5#5.2339424482658075#9
0000 0012 2000 0000 0000 0000#1626595639230755#-36.5#4.749204519293945#9
0000 0017 2000 0000 0000 0000#1626595639232358#-30.5#1.5585244804918115#9
0000 0019 2000 0000 0000 0000#1626595639234310#-37.5#3.9208548938356986#9
0000 0011 2000 0000 0000 0000#1626595639236625#-36.0#4.025165587411922#9
0000 0014 2000 0000 0000 0000#1626595639237877#-39.5#5.516194913236766#9
0000 0018 2000 0000 0000 0000#1626595639238982#-37.0#2.890019804376548#9
0000 001B 2000 0000 0000 0000#1626595639240558#-36.0#5.031456984264903#9
0000 001C 2000 0000 0000 0000#1626595639242225#-38.0#5.424156065963627#9
0000 001D 2000 0000 0000 0000#1626595639243301#-40.5#5.559146375297564#9
0000 0013 2000 0000 0000 0000#1626595639247771#-38.5#5.264622064023521#9
0000 001B 2000 0000 0000 0000#1626595639250150#-36.5#5.037592907416445#9
0000 000F 2000 0000 0000 0000#1626595639251229#-35.0#2.3746022596469727#9
0000 0016 2000 0000 0000 0000#1626595639252267#-35.5#1.509437095279471#9
0000 0017 2000 0000 0000 0000#1626595639253342#-30.0#1.6321555583103222#9
0000 0012 2000 0000 0000 0000#1626595639255180#-37.0#4.779884135051658#9
0000 001A 2000 0000 0000 0000#1626595639256214#-35.0#4.430136515413731#9
0000 0018 2000 0000 0000 0000#1626595639257245#-37.0#2.9391071895888885#9
0000 0011 2000 0000 0000 0000#1626595639258592#-36.0#4.061981126321178#9
0000 0014 2000 0000 0000 0000#1626595639259660#-39.5#5.546874528994478#9
0000 0010 2000 0000 0000 0000#1626595639260706#-37.0#3.3870295796514958#9
0000 001D 2000 0000 0000 0000#1626595639262351#-41.0#5.577554144752192#9
0000 0019 2000 0000 0000 0000#1626595639263643#-37.0#3.9576704327449543#9
0000 001C 2000 0000 0000 0000#1626595639265696#-38.0#5.473243451175968#9
0000 0015 2000 0000 0000 0000#1626595639268013#-43.5#5.638913376267617#9
0000 0011 2000 0000 0000 0000#1626595639535260#-34.0#4.3074180523828804#9
0000 0016 2000 0000 0000 0000#1626595639537640#-33.5#2.356194490192345#9
0000 001A 2000 0000 0000 0000#1626595639539009#-34.0#4.693981210930062#9
0000 000F 2000 0000 0000 0000#1626595639540357#-32.5#2.859340188618835#9
0000 001B 2000 0000 0000 0000#1626595639541677#-36.5#5.221670601962723#9
0000 0012 2000 0000 0000 0000#1626595639543560#-36.5#5.019185137961818#9
0000 0010 2000 0000 0000 0000#1626595639544700#-33.5#3.663146121470911#9
0000 0017 2000 0000 0000 0000#1626595639545847#-26.5#2.356194490192345#9
0000 0018 2000 0000 0000 0000#1626595639547229#-33.5#3.32567034813607#9
0000 001D 2000 0000 0000 0000#1626595639549840#-41.0#5.534602682691394#9
0000 0015 2000 0000 0000 0000#1626595639551877#-45.0#5.534602682691394#9
0000 001C 2000 0000 0000 0000#1626595639552936#-38.0#5.546874528994478#9
0000 0014 2000 0000 0000 0000#1626595639554001#-40.0#5.589825991055276#9
0000 0019 2000 0000 0000 0000#1626595639555790#-36.0#4.227651051412827#9
0000 0013 2000 0000 0000 0000#1626595639556873#-39.0#5.4671075280244255#9
0000 001A 2000 0000 0000 0000#1626595639563122#-35.5#4.73693267299086#9
0000 001D 2000 0000 0000 0000#1626595639565003#-41.5#5.522330836388308#9
0000 001B 2000 0000 0000 0000#1626595639567963#-36.5#5.246214294568893#9
0000 0015 2000 0000 0000 0000#1626595639569100#-44.5#5.50392306693368#9
0000 0017 2000 0000 0000 0000#1626595639570187#-27.5#2.399145952253143#9
0000 0011 2000 0000 0000 0000#1626595639571787#-35.0#4.362641360746763#9
0000 0012 2000 0000 0000 0000#1626595639572807#-36.0#5.062136600022616#9
0000 0013 2000 0000 0000 0000#1626595639574540#-39.0#5.485515297479052#9
0000 0010 2000 0000 0000 0000#1626595639575630#-35.0#3.718369429834794#9
0000 001C 2000 0000 0000 0000#1626595639576685#-38.5#5.553010452146021#9
0000 0014 2000 0000 0000 0000#1626595639577754#-40.0#5.608233760509904#9
0000 000F 2000 0000 0000 0000#1626595639579061#-32.0#2.945243112740431#9
0000 0019 2000 0000 0000 0000#1626595639580892#-36.0#4.25833066717054#9
0000 0016 2000 0000 0000 0000#1626595639585767#-33.0#2.5034566458293663#9
0000 0018 2000 0000 0000 0000#1626595639587025#-33.0#3.4177091954092087#9
0000 0012 2000 0000 0000 0000#1626595639849870#-37.5#4.7860200582032#9
0000 0017 2000 0000 0000 0000#1626595639851200#-27.0#2.552544031041707#9
0000 0018 2000 0000 0000 0000#1626595639852310#-34.0#3.3195344249845276#9
0000 001D 2000 0000 0000 0000#1626595639853611#-42.5#4.871922982324796#9
0000 000F 2000 0000 0000 0000#1626595639854919#-31.5#2.9943304979527716#9
0000 001B 2000 0000 0000 0000#1626595639855971#-38.0#4.884194828627882#9
0000 0011 2000 0000 0000 0000#1626595639857275#-36.0#4.190835512503572#9
0000 0019 2000 0000 0000 0000#1626595639859846#-37.0#4.123340357836604#9
0000 001C 2000 0000 0000 0000#1626595639861418#-39.0#5.056000676871073#9
0000 0010 2000 0000 0000 0000#1626595639862721#-35.0#3.6263305825616556#9
0000 001A 2000 0000 0000 0000#1626595639864933#-36.5#4.509903516383785#9
0000 0013 2000 0000 0000 0000#1626595639866014#-40.0#5.092816215780329#9
0000 0016 2000 0000 0000 0000#1626595639868381#-32.0#2.834796496012665#9
0000 0015 2000 0000 0000 0000#1626595639869428#-46.5#4.76147636559703#9
0000 0014 2000 0000 0000 0000#1626595639873562#-41.0#5.049864753719531#9
0000 0019 2000 0000 0000 0000#1626595639877963#-37.0#4.154019973594316#9
0000 0017 2000 0000 0000 0000#1626595639879235#-26.5#2.6261751088602177#9
0000 001A 2000 0000 0000 0000#1626595639881865#-36.5#4.4976316700806995#9
0000 0011 2000 0000 0000 0000#1626595639883198#-36.0#4.215379205109742#9
0000 0010 2000 0000 0000 0000#1626595639884638#-33.5#3.650874275167826#9
0000 001B 2000 0000 0000 0000#1626595639885690#-38.0#4.884194828627882#9
0000 0014 2000 0000 0000 0000#1626595639887043#-41.5#5.043728830567988#9
0000 001C 2000 0000 0000 0000#1626595639888112#-39.5#5.049864753719531#9
0000 0018 2000 0000 0000 0000#1626595639889618#-34.0#3.3870295796514958#9
0000 000F 2000 0000 0000 0000#1626595639890946#-31.5#3.074097498922825#9
0000 0016 2000 0000 0000 0000#1626595639892025#-32.0#2.890019804376548#9
0000 0012 2000 0000 0000 0000#1626595639893184#-38.0#4.81056375080937#9
0000 001D 2000 0000 0000 0000#1626595639894633#-42.0#4.81056375080937#9
0000 0013 2000 0000 0000 0000#1626595639896469#-40.0#5.092816215780329#9
0000 0015 2000 0000 0000 0000#1626595639897477#-47.0#4.693981210930062#9
0000 001C 2000 0000 0000 0000#1626595640162422#-41.5#5.638913376267617#9
0000 0010 2000 0000 0000 0000#1626595640164033#-33.0#4.902602598082509#9
0000 0016 2000 0000 0000 0000#1626595640165898#-31.5#4.601942363656923#9
0000 001A 2000 0000 0000 0000#1626595640166988#-37.0#5.338253141842031#9
0000 0011 2000 0000 0000 0000#1626595640168174#-35.0#5.166447293598839#9
0000 001B 2000 0000 0000 0000#1626595640170469#-39.5#5.577554144752192#9
0000 0017 2000 0000 0000 0000#1626595640171515#-26.5#4.2092432819582#9
0000 0012 2000 0000 0000 0000#1626595640172592#-39.0#5.546874528994478#9
0000 0013 2000 0000 0000 0000#1626595640174158#-41.5#5.737088146692298#9
0000 0019 2000 0000 0000 0000#1626595640177342#-37.0#5.203262832508095#9
0000 0018 2000 0000 0000 0000#1626595640178390#-34.0#4.73693267299086#9
0000 000F 2000 0000 0000 0000#1626595640179738#-31.0#4.540583132141498#9
0000 001D 2000 0000 0000 0000#1626595640180887#-44.5#5.2768939103266055#9
0000 0014 2000 0000 0000 0000#1626595640181952#-43.5#5.559146375297564#9
0000 0015 2000 0000 0000 0000#1626595640183175#-48.0#5.117359908386499#9
0000 0015 2000 0000 0000 0000#1626595640186608#-48.0#5.117359908386499#9
0000 001D 2000 0000 0000 0000#1626595640187894#-44.5#5.264622064023521#9
0000 0018 2000 0000 0000 0000#1626595640189442#-34.0#4.749204519293945#9
0000 0016 2000 0000 0000 0000#1626595640190521#-32.0#4.657165672020807#9
0000 0010 2000 0000 0000 0000#1626595640191539#-34.5#4.921010367537137#9
0000 0014 2000 0000 0000 0000#1626595640192631#-43.0#5.565282298449106#9
0000 0017 2000 0000 0000 0000#1626595640193778#-25.0#4.25833066717054#9
0000 001B 2000 0000 0000 0000#1626595640195114#-40.0#5.546874528994478#9
0000 0013 2000 0000 0000 0000#1626595640196662#-41.5#5.700272607783043#9
0000 000F 2000 0000 0000 0000#1626595640197743#-31.0#4.552854978444583#9
0000 0019 2000 0000 0000 0000#1626595640199759#-36.5#5.21553467881118#9
0000 0012 2000 0000 0000 0000#1626595640201118#-39.0#5.5284667595398505#9
0000 001C 2000 0000 0000 0000#1626595640203372#-41.5#5.5714182216006485#9
0000 001A 2000 0000 0000 0000#1626595640204717#-36.0#5.295301679781233#9
0000 0011 2000 0000 0000 0000#1626595640208813#-36.0#5.160311370447297#9
0000 001A 2000 0000 0000 0000#1626595640473042#-38.0#4.816699673960914#9
0000 0019 2000 0000 0000 0000#1626595640474122#-36.5#4.914874444385594#9
0000 0018 2000 0000 0000 0000#1626595640475518#-32.5#4.681709364626977#9
0000 0015 2000 0000 0000 0000#1626595640476569#-50.0#4.362641360746763#9
0000 0013 2000 0000 0000 0000#1626595640477893#-43.0#5.074408446325701#9
0000 0017 2000 0000 0000 0000#1626595640479183#-27.0#4.344233591292136#9
0000 0010 2000 0000 0000 0000#1626595640480382#-33.0#4.73693267299086#9
0000 001B 2000 0000 0000 0000#1626595640481691#-40.5#4.945554060143307#9
0000 0016 2000 0000 0000 0000#1626595640482740#-31.5#4.853515212870168#9
0000 000F 2000 0000 0000 0000#1626595640483821#-31.0#4.589670517353839#9
0000 0011 2000 0000 0000 0000#1626595640486105#-36.5#4.773748211900116#9
0000 0014 2000 0000 0000 0000#1626595640487886#-45.0#4.859651136021712#9
0000 001C 2000 0000 0000 0000#1626595640489925#-43.0#4.902602598082509#9
0000 001D 2000 0000 0000 0000#1626595640493922#-47.0#4.485359823777615#9
0000 0012 2000 0000 0000 0000#1626595640495223#-39.5#4.945554060143307#9
0000 0010 2000 0000 0000 0000#1626595640505621#-34.5#4.7307967498393175#9
0000 001C 2000 0000 0000 0000#1626595640506681#-43.0#4.865787059173254#9
0000 0017 2000 0000 0000 0000#1626595640507822#-25.0#4.356505437595221#9
0000 001A 2000 0000 0000 0000#1626595640509279#-38.0#4.76147636559703#9
0000 0015 2000 0000 0000 0000#1626595640510342#-50.5#4.319689898685965#9
0000 0014 2000 0000 0000 0000#1626595640511638#-45.0#4.816699673960914#9
0000 0016 2000 0000 0000 0000#1626595640513200#-31.5#4.890330751779424#9
0000 000F 2000 0000 0000 0000#1626595640514865#-31.0#4.595806440505381#9
0000 001B 2000 0000 0000 0000#1626595640516002#-40.5#4.884194828627882#9
0000 0018 2000 0000 0000 0000#1626595640517129#-32.5#4.681709364626977#9
0000 0019 2000 0000 0000 0000#1626595640518307#-36.5#4.871922982324796#9
0000 0013 2000 0000 0000 0000#1626595640519384#-43.5#5.00077736850719#9
0000 0011 2000 0000 0000 0000#1626595640520529#-35.5#4.73693267299086#9
0000 001D 2000 0000 0000 0000#1626595640530633#-47.5#4.049709280018092#9
0000 0012 2000 0000 0000 0000#1626595640531693#-40.0#4.534447208989955#9
0000 001B 2000 0000 0000 0000#1626595640798926#-42.5#4.215379205109742#9
0000 0019 2000 0000 0000 0000#1626595640800625#-36.5#4.344233591292136#9
0000 0011 2000 0000 0000 0000#1626595640801688#-36.0#4.166291819897402#9
0000 0013 2000 0000 0000 0000#1626595640803253#-45.0#4.28287435977671#9
0000 001A 2000 0000 0000 0000#1626595640804557#-38.5#4.0558452031696355#9
0000 001D 2000 0000 0000 0000#1626595640806383#-50.5#3.6447383520162835#9
0000 0010 2000 0000 0000 0000#1626595640807768#-32.0#4.362641360746763#9
0000 0016 2000 0000 0000 0000#1626595640809089#-31.0#5.006913291658733#9
0000 0017 2000 0000 0000 0000#1626595640811418#-26.5#4.338097668140593#9
0000 0014 2000 0000 0000 0000#1626595640812513#-48.0#4.061981126321178#9
0000 000F 2000 0000 0000 0000#1626595640813562#-30.5#4.4362724385652745#9
0000 001C 2000 0000 0000 0000#1626595640814647#-46.0#4.104932588381976#9
0000 0018 2000 0000 0000 0000#1626595640815901#-31.0#4.387185053352934#9
0000 0012 2000 0000 0000 0000#1626595640816936#-40.5#4.196971435655114#9
0000 0015 2000 0000 0000 0000#1626595640818170#-55.0#3.423845118560751#9
0000 0011 2000 0000 0000 0000#1626595640821665#-35.0#4.154019973594316#9
0000 001A 2000 0000 0000 0000#1626595640823779#-37.5#4.01902966426038#9
0000 001D 2000 0000 0000 0000#1626595640824800#-51.0#3.5895150436524004#9
0000 0016 2000 0000 0000 0000#1626595640826384#-31.0#5.006913291658733#9
0000 0010 2000 0000 0000 0000#1626595640828727#-32.0#4.344233591292136#9
0000 000F 2000 0000 0000 0000#1626595640831183#-30.5#4.430136515413731#9
0000 001B 2000 0000 0000 0000#1626595640833316#-43.0#4.1417481272912315#9
0000 001C 2000 0000 0000 0000#1626595640834345#-46.5#4.074252972624263#9
0000 0018 2000 0000 0000 0000#1626595640835434#-32.5#4.381049130201391#9
0000 0017 2000 0000 0000 0000#1626595640836423#-26.0#4.338097668140593#9
0000 0019 2000 0000 0000 0000#1626595640838555#-36.5#4.3074180523828804#9
0000 0015 2000 0000 0000 0000#1626595640840281#-55.5#3.356349963893783#9
0000 0012 2000 0000 0000 0000#1626595640841766#-40.5#4.147884050442774#9
0000 0014 2000 0000 0000 0000#1626595640842832#-49.0#3.988350048502667#9
0000 0013 2000 0000 0000 0000#1626595640844515#-45.0#4.2031073588066565#9
0000 0015 2000 0000 0000 0000#1626595641107177#-61.0#1.4664856332186729#9
0000 001C 2000 0000 0000 0000#1626595641108295#-50.0#2.650718801466388#9
0000 0016 2000 0000 0000 0000#1626595641111637#-31.5#4.503767593232243#9
0000 0013 2000 0000 0000 0000#1626595641113048#-49.0#2.834796496012665#9
0000 0010 2000 0000 0000 0000#1626595641114150#-34.5#3.368621810196868#9
0000 0018 2000 0000 0000 0000#1626595641115248#-32.0#3.497476196379262#9
0000 0019 2000 0000 0000 0000#1626595641116298#-37.5#3.2029518851052186#9
0000 001A 2000 0000 0000 0000#1626595641117618#-40.0#2.730485802436441#9
0000 0014 2000 0000 0000 0000#1626595641118884#-52.5#2.4911847995262812#9
0000 0017 2000 0000 0000 0000#1626595641120076#-26.5#3.6201946594101133#9
0000 000F 2000 0000 0000 0000#1626595641121179#-31.0#3.6447383520162835#9
0000 0011 2000 0000 0000 0000#1626595641123242#-37.5#2.9268353432858034#9
0000 001D 2000 0000 0000 0000#1626595641124915#-56.0#1.748738098189631#9
0000 0012 2000 0000 0000 0000#1626595641125943#-43.0#2.8777479580734626#9
0000 001B 2000 0000 0000 0000#1626595641127010#-45.5#2.7979809571034093#9
0000 0011 2000 0000 0000 0000#1626595641133567#-36.5#2.9206994201342606#9
0000 001D 2000 0000 0000 0000#1626595641134657#-56.5#1.718058482431918#9
0000 001A 2000 0000 0000 0000#1626595641136057#-38.5#2.6813984172241008#9
0000 000F 2000 0000 0000 0000#1626595641137559#-30.5#3.6263305825616556#9
0000 0016 2000 0000 0000 0000#1626595641138598#-31.0#4.503767593232243#9
0000 0012 2000 0000 0000 0000#1626595641140158#-43.0#2.8286605728611223#9
0000 0013 2000 0000 0000 0000#1626595641142179#-49.0#2.7550294950426117#9
0000 0014 2000 0000 0000 0000#1626595641153480#-53.0#2.466641106920111#9
0000 0018 2000 0000 0000 0000#1626595641155497#-31.5#3.6324665057131984#9
0000 0010 2000 0000 0000 0000#1626595641156532#-34.0#3.4913402732277192#9
0000 0017 2000 0000 0000 0000#1626595641157564#-26.5#3.810408277107933#9
0000 0019 2000 0000 0000 0000#1626595641158722#-36.5#3.3072625786814425#9
0000 001B 2000 0000 0000 0000#1626595641159790#-45.5#2.8716120349219203#9
0000 0015 2000 0000 0000 0000#1626595641161769#-61.0#1.0921943209745766#9
0000 001C 2000 0000 0000 0000#1626595641162825#-51.0#2.5770877236478773#9
0000 000F 2000 0000 0000 0000#1626595641426108#-30.5#4.221515128261284#9
0000 001A 2000 0000 0000 0000#1626595641427709#-41.5#2.791845033951867#9
0000 0011 2000 0000 0000 0000#1626595641428853#-37.5#3.1661363461959633#9
0000 0012 2000 0000 0000 0000#1626595641431738#-44.5#2.791845033951867#9
0000 0019 2000 0000 0000 0000#1626595641433933#-38.0#3.454524734318464#9
0000 0016 2000 0000 0000 0000#1626595641435011#-31.0#5.2768939103266055#9
0000 0017 2000 0000 0000 0000#1626595641436167#-24.5#4.301282129231338#9
0000 0010 2000 0000 0000 0000#1626595641437535#-33.0#3.724505352986337#9
0000 0018 2000 0000 0000 0000#1626595641438695#-32.0#3.9576704327449543#9
0000 001D 2000 0000 0000 0000#1626595641439742#-51.5#0.2761165418194154#9
0000 0015 2000 0000 0000 0000#1626595641442141#-45.5#5.945709533844745#9
0000 001B 2000 0000 0000 0000#1626595641443206#-48.0#2.429825568010856#9
0000 0014 2000 0000 0000 0000#1626595641444920#-54.0#1.3867186322486196#9
0000 001C 2000 0000 0000 0000#1626595641446377#-53.0#1.6321555583103222#9
0000 0013 2000 0000 0000 0000#1626595641447458#-51.5#2.2396119503130363#9
0000 0019 2000 0000 0000 0000#1626595641451739#-38.5#3.4054373491061236#9
0000 000F 2000 0000 0000 0000#1626595641453027#-30.5#4.178563666200486#9
0000 001A 2000 0000 0000 0000#1626595641454316#-41.5#2.7120780329818137#9
0000 0013 2000 0000 0000 0000#1626595641456082#-51.5#2.1905245651006955#9
0000 001C 2000 0000 0000 0000#1626595641457622#-53.0#1.5278448647340985#9
0000 0017 2000 0000 0000 0000#1626595641458792#-25.0#4.270602513473625#9
0000 0014 2000 0000 0000 0000#1626595641460313#-53.5#1.2701360923693108#9
0000 0015 2000 0000 0000 0000#1626595641461390#-44.5#5.780039608753096#9
0000 0010 2000 0000 0000 0000#1626595641462772#-33.0#3.6692820446224537#9
0000 0016 2000 0000 0000 0000#1626595641464522#-31.0#5.240078371417351#9
0000 001D 2000 0000 0000 0000#1626595641465676#-48.5#6.240233845118788#9
0000 0012 2000 0000 0000 0000#1626595641466979#-45.0#2.6691265709210157#9
0000 0018 2000 0000 0000 0000#1626595641468495#-33.5#3.8840393549264434#9
0000 0011 2000 0000 0000 0000#1626595641469596#-37.5#3.08636934522591#9
0000 001B 2000 0000 0000 0000#1626595641473366#-49.0#2.325514874434632#9
0000 0010 2000 0000 0000 0000#1626595641740544#-35.0#2.761165418194154#9
0000 000F 2000 0000 0000 0000#1626595641741708#-33.0#3.3440781175906977#9
0000 0018 2000 0000 0000 0000#1626595641743549#-35.5#3.000466421104314#9
0000 001D 2000 0000 0000 0000#1626595641744692#-42.0#4.295146206079795#9
0000 0012 2000 0000 0000 0000#1626595641745768#-47.5#1.3989904785517047#9
0000 001C 2000 0000 0000 0000#1626595641746826#-43.0#4.896466674930966#9
0000 001A 2000 0000 0000 0000#1626595641748113#-45.0#1.564660403643354#9
0000 0016 2000 0000 0000 0000#1626595641749192#-33.0#4.718524903536232#9
0000 0013 2000 0000 0000 0000#1626595641750201#-51.5#0.25770877236478773#9
0000 0019 2000 0000 0000 0000#1626595641751220#-40.5#2.386874105950058#9
0000 0017 2000 0000 0000 0000#1626595641752298#-28.5#3.466796580621549#9
0000 001B 2000 0000 0000 0000#1626595641754004#-51.5#0.619728238305799#9
0000 0011 2000 0000 0000 0000#1626595641755307#-40.5#2.024854640009046#9
0000 0015 2000 0000 0000 0000#1626595641765646#-51.5#3.988350048502667#9
0000 0014 2000 0000 0000 0000#1626595641767364#-42.5#4.227651051412827#9
0000 0016 2000 0000 0000 0000#1626595641771776#-33.0#4.295146206079795#9
0000 0017 2000 0000 0000 0000#1626595641773146#-27.5#3.0127382674073995#9
0000 0011 2000 0000 0000 0000#1626595641774238#-41.5#1.5953400194010667#9
0000 001A 2000 0000 0000 0000#1626595641776320#-44.0#1.0369710126106935#9
0000 0013 2000 0000 0000 0000#1626595641777643#-51.0#5.859806609723149#9
0000 000F 2000 0000 0000 0000#1626595641779217#-33.0#2.834796496012665#9
0000 0010 2000 0000 0000 0000#1626595641780814#-36.0#2.270291566070749#9
0000 0019 2000 0000 0000 0000#1626595641782150#-40.5#1.9144080232812801#9
0000 001C 2000 0000 0000 0000#1626595641783449#-42.5#4.25833066717054#9
0000 0014 2000 0000 0000 0000#1626595641785213#-42.5#4.135612204139688#9
0000 0012 2000 0000 0000 0000#1626595641786786#-49.0#0.8344855486097889#9
0000 0015 2000 0000 0000 0000#1626595641787835#-53.0#3.890175278077986#9
0000 001D 2000 0000 0000 0000#1626595641790251#-45.5#3.767456815047135#9
0000 001B 2000 0000 0000 0000#1626595641792997#-52.0#6.227961998815704#9
0000 0018 2000 0000 0000 0000#1626595641794086#-36.0#2.4911847995262812#9
0000 0018 2000 0000 0000 0000#1626595642059920#-38.5#2.030990563160589#9
0000 0019 2000 0000 0000 0000#1626595642060981#-45.5#1.1719613219446299#9
0000 0012 2000 0000 0000 0000#1626595642062072#-44.5#4.914874444385594#9
0000 0016 2000 0000 0000 0000#1626595642063377#-35.5#3.8410878928656453#9
0000 0017 2000 0000 0000 0000#1626595642064754#-30.5#2.466641106920111#9
0000 001A 2000 0000 0000 0000#1626595642066338#-47.5#5.595961914206819#9
0000 0013 2000 0000 0000 0000#1626595642067463#-41.0#3.718369429834794#9
0000 0015 2000 0000 0000 0000#1626595642070216#-61.5#3.6324665057131984#9
0000 0014 2000 0000 0000 0000#1626595642071283#-51.0#3.6079228131070282#9
0000 001B 2000 0000 0000 0000#1626595642073059#-41.0#3.7981364308048478#9
0000 001D 2000 0000 0000 0000#1626595642074618#-59.0#2.9513790358919736#9
0000 001C 2000 0000 0000 0000#1626595642075660#-46.5#3.663146121470911#9
0000 0011 2000 0000 0000 0000#1626595642076677#-45.5#0.4908738521234052#9
0000 000F 2000 0000 0000 0000#1626595642079520#-36.0#2.3009711818284617#9
0000 0010 2000 0000 0000 0000#1626595642081916#-39.5#1.6873788666742053#9
0000 0010 2000 0000 0000 0000#1626595642087064#-41.0#1.6689710972195777#9
0000 000F 2000 0000 0000 0000#1626595642088386#-36.0#2.2948352586769194#9
0000 001A 2000 0000 0000 0000#1626595642090500#-46.5#5.289165756629691#9
0000 0015 2000 0000 0000 0000#1626595642092084#-62.5#3.6815538909255388#9
0000 0018 2000 0000 0000 0000#1626595642093116#-39.0#1.932815792735908#9
0000 0014 2000 0000 0000 0000#1626595642094451#-53.0#3.6079228131070282#9
0000 0016 2000 0000 0000 0000#1626595642096485#-35.5#3.7551849687440497#9
0000 0017 2000 0000 0000 0000#1626595642097743#-31.0#2.386874105950058#9
0000 001B 2000 0000 0000 0000#1626595642098996#-40.5#3.7122335066832517#9
0000 001C 2000 0000 0000 0000#1626595642100142#-48.5#3.693825737228624#9
0000 0013 2000 0000 0000 0000#1626595642101451#-41.5#3.663146121470911#9
0000 0012 2000 0000 0000 0000#1626595642102512#-42.0#4.460816131171445#9
0000 0019 2000 0000 0000 0000#1626595642103572#-46.5#0.9572040116406401#9
0000 0011 2000 0000 0000 0000#1626595642104618#-46.0#0.3374757733348411#9
0000 001D 2000 0000 0000 0000#1626595642106822#-59.0#2.890019804376548#9
0000 001C 2000 0000 0000 0000#1626595642377445#-56.5#2.2764274892222915#9
0000 0017 2000 0000 0000 0000#1626595642378821#-35.5#1.4603497100671303#9
0000 0019 2000 0000 0000 0000#1626595642380950#-45.5#4.638757902566179#9
0000 0018 2000 0000 0000 0000#1626595642382240#-46.0#0.607456392002714#9
0000 0014 2000 0000 0000 0000#1626595642384249#-58.0#1.8346410223112268#9
0000 0015 2000 0000 0000 0000#1626595642386203#-54.0#0.5338253141842031#9
0000 001A 2000 0000 0000 0000#1626595642387277#-40.5#3.043417883165112#9
0000 001B 2000 0000 0000 0000#1626595642388370#-52.5#3.2029518851052186#9
0000 0012 2000 0000 0000 0000#1626595642389389#-43.5#3.0495538063166547#9
0000 0016 2000 0000 0000 0000#1626595642390410#-38.0#2.730485802436441#9
0000 0013 2000 0000 0000 0000#1626595642393551#-55.0#2.767301341345697#9
0000 000F 2000 0000 0000 0000#1626595642394730#-41.5#1.1780972450961724#9
0000 0011 2000 0000 0000 0000#1626595642396005#-41.0#3.792000507653305#9
0000 0010 2000 0000 0000 0000#1626595642397502#-45.5#5.988660995905543#9
0000 001B 2000 0000 0000 0000#1626595642401467#-53.5#3.160000423044421#9
0000 0012 2000 0000 0000 0000#1626595642402838#-43.0#3.0802334220743677#9
0000 0019 2000 0000 0000 0000#1626595642403931#-44.5#4.454680208019902#9
0000 001A 2000 0000 0000 0000#1626595642405329#-40.0#3.0372819600135696#9
0000 0013 2000 0000 0000 0000#1626595642408077#-55.0#2.662990647769473#9
0000 0014 2000 0000 0000 0000#1626595642410483#-59.0#1.4664856332186729#9
0000 000F 2000 0000 0000 0000#1626595642412286#-42.0#1.1351457830353744#9
0000 0011 2000 0000 0000 0000#1626595642413305#-40.5#3.718369429834794#9
0000 0015 2000 0000 0000 0000#1626595642414412#-54.5#0.5829126993965437#9
0000 0016 2000 0000 0000 0000#1626595642415489#-38.0#2.6813984172241008#9
0000 001C 2000 0000 0000 0000#1626595642416777#-56.0#1.9389517158874505#9
0000 0017 2000 0000 0000 0000#1626595642417852#-36.5#1.3437671701878218#9
0000 0018 2000 0000 0000 0000#1626595642421376#-45.0#0.3988350048502667#9
0000 0010 2000 0000 0000 0000#1626595642422677#-47.0#5.767767762450011#9
0000 001D 2000 0000 0000 0000#1626595642696405#-56.0#2.779573187648782#9
0000 0012 2000 0000 0000 0000#1626595642697480#-52.5#2.8532042654672924#9
0000 0016 2000 0000 0000 0000#1626595642698787#-42.5#2.890019804376548#9
0000 0019 2000 0000 0000 0000#1626595642699878#-42.0#4.239922897715912#9
0000 001A 2000 0000 0000 0000#1626595642701706#-52.0#3.32567034813607#9
0000 0017 2000 0000 0000 0000#1626595642702767#-42.5#0.9203884727313847#9
0000 0010 2000 0000 0000 0000#1626595642704298#-42.0#4.779884135051658#9
0000 000F 2000 0000 0000 0000#1626595642705346#-46.0#0.20248546400090464#9
0000 0013 2000 0000 0000 0000#1626595642706828#-53.0#1.1658253987930873#9
0000 0011 2000 0000 0000 0000#1626595642708480#-43.0#3.933126740138784#9
0000 0014 2000 0000 0000 0000#1626595642711407#-58.0#5.086680292628786#9
0000 0018 2000 0000 0000 0000#1626595642713206#-44.5#5.387340527054372#9
0000 001C 2000 0000 0000 0000#1626595642715987#-58.0#5.9518454569962875#9
0000 001B 2000 0000 0000 0000#1626595642717305#-54.5#1.5585244804918115#9
0000 0015 2000 0000 0000 0000#1626595642719129#-56.0#1.8775924843720249#9
0000 0014 2000 0000 0000 0000#1626595642724611#-58.0#4.957825906446392#9
0000 0017 2000 0000 0000 0000#1626595642725927#-43.5#0.760854470791278#9
0000 0011 2000 0000 0000 0000#1626595642726946#-45.5#3.890175278077986#9
0000 001B 2000 0000 0000 0000#1626595642728509#-54.5#1.3867186322486196#9
0000 0010 2000 0000 0000 0000#1626595642729610#-40.5#4.71238898038469#9
0000 0019 2000 0000 0000 0000#1626595642731098#-42.5#4.215379205109742#9
0000 0016 2000 0000 0000 0000#1626595642733117#-43.0#2.7979809571034093#9
0000 0015 2000 0000 0000 0000#1626595642734639#-56.0#1.7916895602504288#9
0000 0012 2000 0000 0000 0000#1626595642735700#-52.5#2.552544031041707#9
0000 001A 2000 0000 0000 0000#1626595642736742#-53.0#3.067961575771282#9
0000 0013 2000 0000 0000 0000#1626595642738765#-53.5#0.9019807032767571#9
0000 000F 2000 0000 0000 0000#1626595642740039#-46.5#6.209554229361076#9
0000 0018 2000 0000 0000 0000#1626595642741072#-44.0#5.246214294568893#9
0000 001D 2000 0000 0000 0000#1626595642742718#-56.0#2.448233337465483#9
0000 001C 2000 0000 0000 0000#1626595642744274#-58.5#5.6573211457222445#9
0000 0014 2000 0000 0000 0000#1626595643010912#-60.0#2.2027964114037806#9
0000 0010 2000 0000 0000 0000#1626595643012256#-49.0#3.6017868899554855#9
0000 0018 2000 0000 0000 0000#1626595643013872#-47.0#4.000621894805752#9
0000 001D 2000 0000 0000 0000#1626595643014920#-57.5#5.786175531904639#9
0000 0017 2000 0000 0000 0000#1626595643016287#-41.5#4.589670517353839#9
0000 0011 2000 0000 0000 0000#1626595643018344#-53.0#1.8775924843720249#9
0000 0012 2000 0000 0000 0000#1626595643019919#-55.5#5.485515297479052#9
0000 0016 2000 0000 0000 0000#1626595643020998#-49.5#0.705631162427395#9
0000 001C 2000 0000 0000 0000#1626595643022097#-59.5#3.1231848841351653#9
0000 0013 2000 0000 0000 0000#1626595643024122#-55.0#3.9944859716542096#9
0000 000F 2000 0000 0000 0000#1626595643026184#-44.5#4.344233591292136#9
0000 0015 2000 0000 0000 0000#1626595643027250#-55.0#4.221515128261284#9
0000 0019 2000 0000 0000 0000#1626595643029801#-54.0#2.779573187648782#9
0000 001A 2000 0000 0000 0000#1626595643030863#-57.0#6.037748381117884#9
0000 001B 2000 0000 0000 0000#1626595643032426#-55.5#4.227651051412827#9
0000 0015 2000 0000 0000 0000#1626595643039136#-55.5#4.154019973594316#9
0000 0010 2000 0000 0000 0000#1626595643040554#-50.0#3.509748042682347#9
0000 001B 2000 0000 0000 0000#1626595643041530#-55.5#4.1601558967458585#9
0000 0017 2000 0000 0000 0000#1626595643042808#-41.0#4.491495746929157#9
0000 0014 2000 0000 0000 0000#1626595643043889#-59.0#1.9634954084936207#9
0000 0018 2000 0000 0000 0000#1626595643044932#-48.0#3.9392626632903265#9
0000 000F 2000 0000 0000 0000#1626595643046024#-44.5#4.276738436625168#9
0000 0013 2000 0000 0000 0000#1626595643049088#-55.5#3.847223816017188#9
0000 0011 2000 0000 0000 0000#1626595643050249#-53.5#1.607611865704152#9
0000 0019 2000 0000 0000 0000#1626595643051296#-54.0#2.675262494072558#9
0000 0016 2000 0000 0000 0000#1626595643052587#-49.5#0.42337869745643697#9
0000 001C 2000 0000 0000 0000#1626595643053900#-59.0#2.8838838812250054#9
0000 001A 2000 0000 0000 0000#1626595643054957#-56.5#5.712544454086128#9
0000 0012 2000 0000 0000 0000#1626595643056064#-54.0#5.1725832167503825#9
0000 001D 2000 0000 0000 0000#1626595643057480#-56.5#5.381204603902829#9
0000 0010 2000 0000 0000 0000#1626595643324125#-53.0#1.7978254834019713#9
0000 0017 2000 0000 0000 0000#1626595643325274#-44.0#3.816544200259475#9
0000 001C 2000 0000 0000 0000#1626595643326652#-59.0#0.8897088569736719#9
0000 001D 2000 0000 0000 0000#1626595643329284#-52.5#3.32567034813607#9
0000 0013 2000 0000 0000 0000#1626595643331018#-54.5#1.9205439464328227#9
0000 0011 2000 0000 0000 0000#1626595643332047#-54.0#5.2339424482658075#9
0000 001B 2000 0000 0000 0000#1626595643333081#-55.0#2.399145952253143#9
0000 0016 2000 0000 0000 0000#1626595643334646#-47.5#5.418020142812084#9
0000 0019 2000 0000 0000 0000#1626595643336434#-58.0#0.380427235395639#9
0000 0014 2000 0000 0000 0000#1626595643337514#-58.5#5.896622148632405#9
0000 001A 2000 0000 0000 0000#1626595643338546#-53.5#3.6140587362585705#9
0000 0018 2000 0000 0000 0000#1626595643339683#-51.5#2.5832236467994196#9
0000 000F 2000 0000 0000 0000#1626595643341241#-50.0#3.466796580621549#9
0000 0015 2000 0000 0000 0000#1626595643344371#-54.5#2.435961491162398#9
0000 0012 2000 0000 0000 0000#1626595643345461#-53.0#3.2029518851052186#9
0000 0013 2000 0000 0000 0000#1626595643350809#-54.5#1.8039614065535141#9
0000 0010 2000 0000 0000 0000#1626595643351853#-54.0#1.576932249946439#9
0000 0018 2000 0000 0000 0000#1626595643353906#-53.5#2.4727770300716534#9
0000 001A 2000 0000 0000 0000#1626595643355036#-51.5#3.522019888985432#9
0000 0017 2000 0000 0000 0000#1626595643356621#-44.0#3.718369429834794#9
0000 001C 2000 0000 0000 0000#1626595643358197#-59.0#0.7179030087304801#9
0000 0015 2000 0000 0000 0000#1626595643360324#-54.5#2.356194490192345#9
0000 0016 2000 0000 0000 0000#1626595643361775#-47.5#5.344389064993574#9
0000 0011 2000 0000 0000 0000#1626595643363329#-52.5#4.994641445355648#9
0000 000F 2000 0000 0000 0000#1626595643364662#-50.5#3.356349963893783#9
0000 0014 2000 0000 0000 0000#1626595643366466#-58.0#5.638913376267617#9
0000 001D 2000 0000 0000 0000#1626595643368055#-52.5#3.043417883165112#9
0000 0012 2000 0000 0000 0000#1626595643371193#-51.5#3.043417883165112#9
0000 001B 2000 0000 0000 0000#1626595643372530#-54.5#2.1353012567368124#9
0000 0019 2000 0000 0000 0000#1626595643373949#-58.0#0.018407769454627694#9
0000 0012 2000 0000 0000 0000#1626595643637937#-52.5#1.748738098189631#9
0000 001A 2000 0000 0000 0000#1626595643639076#-51.0#2.2027964114037806#9
0000 0019 2000 0000 0000 0000#1626595643640139#-58.0#4.700117134081604#9
0000 001B 2000 0000 0000 0000#1626595643642533#-55.5#0.9326603190344698#9
0000 0011 2000 0000 0000 0000#1626595643644303#-53.5#3.6017868899554855#9
0000 0013 2000 0000 0000 0000#1626595643645328#-55.0#0.3436116964863836#9
0000 0016 2000 0000 0000 0000#1626595643646634#-49.0#4.516039439535327#9
0000 0010 2000 0000 0000 0000#1626595643647731#-53.5#6.154330920997192#9
0000 0018 2000 0000 0000 0000#1626595643649327#-53.5#0.8835729338221293#9
0000 0017 2000 0000 0000 0000#1626595643650847#-47.0#2.742757648739526#9
0000 0015 2000 0000 0000 0000#1626595643651910#-53.0#1.1965050145508#9
0000 000F 2000 0000 0000 0000#1626595643654680#-53.0#2.116893487282185#9
0000 001D 2000 0000 0000 0000#1626595643655786#-52.0#1.6198837120072371#9
0000 0014 2000 0000 0000 0000#1626595643656942#-56.5#4.04357335686655#9
0000 001C 2000 0000 0000 0000#1626595643661306#-58.5#5.240078371417351#9
0000 000F 2000 0000 0000 0000#1626595643665933#-53.0#2.098485717827557#9
0000 0018 2000 0000 0000 0000#1626595643666993#-55.0#0.8713010875190442#9
0000 001C 2000 0000 0000 0000#1626595643668308#-58.5#5.184855063053467#9
0000 0019 2000 0000 0000 0000#1626595643669625#-58.0#4.651029748869264#9
0000 001D 2000 0000 0000 0000#1626595643670997#-51.0#1.5830681730979816#9
0000 001B 2000 0000 0000 0000#1626595643673751#-54.5#0.8958447801252144#9
0000 0014 2000 0000 0000 0000#1626595643675250#-56.5#4.0128937411088375#9
0000 0017 2000 0000 0000 0000#1626595643676765#-47.0#2.6691265709210157#9
0000 0016 2000 0000 0000 0000#1626595643677802#-48.5#4.460816131171445#9
0000 0010 2000 0000 0000 0000#1626595643680573#-53.0#5.994796919057086#9
0000 0012 2000 0000 0000 0000#1626595643681546#-52.5#1.6935147898257479#9
0000 0015 2000 0000 0000 0000#1626595643682584#-53.0#1.1474176293384597#9
0000 001A 2000 0000 0000 0000#1626595643685986#-52.5#2.1537090261914402#9
0000 0013 2000 0000 0000 0000#1626595643687038#-55.0#0.25157284921324513#9
0000 0011 2000 0000 0000 0000#1626595643688369#-53.0#3.5342917352885173#9
