
0000 0014 2000 0000 0000 0000#1626595308690095#-49.5#1.8346410223112268#9
0000 001A 2000 0000 0000 0000#1626595308691112#-46.0#5.056000676871073#9
0000 0011 2000 0000 0000 0000#1626595308692670#-45.5#4.405592822807561#9
0000 0013 2000 0000 0000 0000#1626595308693739#-51.0#0.8099418560036186#9
0000 0010 2000 0000 0000 0000#1626595308694814#-46.0#3.890175278077986#9
0000 0017 2000 0000 0000 0000#1626595308695863#-43.0#2.6568547246179306#9
0000 0012 2000 0000 0000 0000#1626595308697195#-49.0#5.675728915176872#9
0000 0019 2000 0000 0000 0000#1626595308698515#-45.0#4.221515128261284#9
0000 000F 2000 0000 0000 0000#1626595308701704#-46.5#3.2949907323783574#9
0000 001D 2000 0000 0000 0000#1626595308703234#-49.5#2.270291566070749#9
0000 001C 2000 0000 0000 0000#1626595308704575#-49.0#1.4910293258248433#9
0000 0018 2000 0000 0000 0000#1626595308707061#-46.5#3.6386024288647407#9
0000 0015 2000 0000 0000 0000#1626595308708371#-51.0#2.325514874434632#9
0000 001B 2000 0000 0000 0000#1626595308712141#-49.5#0.32520392703175593#9
0000 0016 2000 0000 0000 0000#1626595308714401#-64.0#4.221515128261284#9
0000 0015 2000 0000 0000 0000#1626595308718755#-51.0#2.356194490192345#9
0000 0010 2000 0000 0000 0000#1626595308720122#-44.5#3.902447124381071#9
0000 0019 2000 0000 0000 0000#1626595308722552#-45.5#4.221515128261284#9
0000 0018 2000 0000 0000 0000#1626595308723841#-46.5#3.663146121470911#9
0000 001C 2000 0000 0000 0000#1626595308724914#-49.0#1.4787574795217582#9
0000 001D 2000 0000 0000 0000#1626595308725960#-49.5#2.3071071049800045#9
0000 0013 2000 0000 0000 0000#1626595308727027#-51.0#0.8283496254582462#9
0000 0011 2000 0000 0000 0000#1626595308728617#-46.0#4.411728745959104#9
0000 000F 2000 0000 0000 0000#1626595308729868#-46.5#3.2949907323783574#9
0000 001A 2000 0000 0000 0000#1626595308731166#-46.0#5.0682725231741586#9
0000 0017 2000 0000 0000 0000#1626595308732785#-43.0#2.6568547246179306#9
0000 0014 2000 0000 0000 0000#1626595308733924#-50.0#1.8653206380689396#9
0000 0012 2000 0000 0000 0000#1626595308735466#-49.0#5.6941366846315#9
0000 001B 2000 0000 0000 0000#1626595308736506#-49.5#0.3190680038802134#9
0000 0016 2000 0000 0000 0000#1626595308738642#-63.0#4.172427743048944#9
0000 0019 2000 0000 0000 0000#1626595309003841#-45.5#4.448544284868359#9
0000 000F 2000 0000 0000 0000#1626595309004862#-46.5#3.4913402732277192#9
0000 0010 2000 0000 0000 0000#1626595309006975#-45.5#4.111068511533518#9
0000 0018 2000 0000 0000 0000#1626595309008810#-47.0#3.8963112012295285#9
0000 001C 2000 0000 0000 0000#1626595309009838#-48.5#1.705786636128833#9
0000 001B 2000 0000 0000 0000#1626595309011867#-49.5#0.5767767762450011#9
0000 0017 2000 0000 0000 0000#1626595309012915#-44.0#2.834796496012665#9
0000 001A 2000 0000 0000 0000#1626595309014309#-45.0#5.301437602932776#9
0000 0014 2000 0000 0000 0000#1626595309015388#-50.0#2.061670178918302#9
0000 001D 2000 0000 0000 0000#1626595309016834#-49.5#2.4850488763747385#9
0000 0011 2000 0000 0000 0000#1626595309018361#-46.0#4.663301595172349#9
0000 0015 2000 0000 0000 0000#1626595309019698#-50.5#2.5280003384355365#9
0000 0012 2000 0000 0000 0000#1626595309020746#-49.5#5.976389149602458#9
0000 0013 2000 0000 0000 0000#1626595309022396#-50.5#1.043106935762236#9
0000 0016 2000 0000 0000 0000#1626595309023705#-63.5#4.442408361716817#9
0000 0019 2000 0000 0000 0000#1626595309028057#-45.5#4.430136515413731#9
0000 0017 2000 0000 0000 0000#1626595309037062#-44.5#2.2580197197676637#9
0000 0012 2000 0000 0000 0000#1626595309038351#-49.5#5.43029198911517#9
0000 001B 2000 0000 0000 0000#1626595309039442#-50.5#0.018407769454627694#9
0000 000F 2000 0000 0000 0000#1626595309040749#-47.0#2.859340188618835#9
0000 001C 2000 0000 0000 0000#1626595309043314#-48.5#1.1167380135807468#9
0000 001D 2000 0000 0000 0000#1626595309045358#-49.0#1.8714565612204823#9
0000 0010 2000 0000 0000 0000#1626595309046459#-46.5#3.5342917352885173#9
0000 0016 2000 0000 0000 0000#1626595309047496#-64.0#3.834951969714103#9
0000 0018 2000 0000 0000 0000#1626595309050015#-48.0#3.2581751934691017#9
0000 0013 2000 0000 0000 0000#1626595309053721#-51.0#0.47860200582032003#9
0000 0011 2000 0000 0000 0000#1626595309054877#-45.5#4.129476280988146#9
0000 001A 2000 0000 0000 0000#1626595309055919#-47.0#4.773748211900116#9
0000 0015 2000 0000 0000 0000#1626595309057229#-50.5#1.9266798695843652#9
0000 0014 2000 0000 0000 0000#1626595309058281#-50.5#1.4848934026733007#9
0000 0018 2000 0000 0000 0000#1626595309323389#-47.0#3.3747577333484107#9
0000 0016 2000 0000 0000 0000#1626595309324441#-63.5#3.9085830475326135#9
0000 0010 2000 0000 0000 0000#1626595309325457#-46.0#3.6263305825616556#9
0000 0017 2000 0000 0000 0000#1626595309328228#-44.0#2.380738182798515#9
0000 0011 2000 0000 0000 0000#1626595309329757#-46.5#4.2092432819582#9
0000 001B 2000 0000 0000 0000#1626595309331290#-50.0#0.17794177139473438#9
0000 0019 2000 0000 0000 0000#1626595309332844#-46.5#3.9944859716542096#9
0000 001A 2000 0000 0000 0000#1626595309333904#-47.0#4.884194828627882#9
0000 000F 2000 0000 0000 0000#1626595309334953#-47.0#2.9943304979527716#9
0000 001D 2000 0000 0000 0000#1626595309336485#-49.0#2.098485717827557#9
0000 0013 2000 0000 0000 0000#1626595309338275#-51.5#0.6872233929727672#9
0000 0015 2000 0000 0000 0000#1626595309339797#-50.5#2.1046216409791#9
0000 001C 2000 0000 0000 0000#1626595309342192#-48.5#1.3314953238847365#9
0000 0014 2000 0000 0000 0000#1626595309343628#-50.0#1.7119225592803755#9
0000 0012 2000 0000 0000 0000#1626595309346711#-50.0#5.5714182216006485#9
0000 0011 2000 0000 0000 0000#1626595309353211#-46.5#4.221515128261284#9
0000 0018 2000 0000 0000 0000#1626595309355120#-47.5#3.393165502803038#9
0000 000F 2000 0000 0000 0000#1626595309356417#-47.5#3.0127382674073995#9
0000 0019 2000 0000 0000 0000#1626595309357990#-46.5#3.9944859716542096#9
0000 001A 2000 0000 0000 0000#1626595309359267#-47.0#4.896466674930966#9
0000 0017 2000 0000 0000 0000#1626595309360785#-44.0#2.411417798556228#9
0000 0016 2000 0000 0000 0000#1626595309362394#-62.5#4.025165587411922#9
0000 0010 2000 0000 0000 0000#1626595309364563#-46.0#3.6447383520162835#9
0000 0013 2000 0000 0000 0000#1626595309366315#-51.5#0.6749515466696822#9
0000 001B 2000 0000 0000 0000#1626595309367612#-50.5#0.19634954084936207#9
0000 001C 2000 0000 0000 0000#1626595309369301#-48.5#1.337631247036279#9
0000 001D 2000 0000 0000 0000#1626595309370347#-49.0#2.110757564130642#9
0000 0014 2000 0000 0000 0000#1626595309371399#-50.5#1.7119225592803755#9
0000 0012 2000 0000 0000 0000#1626595309373785#-50.0#5.589825991055276#9
0000 0015 2000 0000 0000 0000#1626595309374892#-51.0#2.1046216409791#9
0000 0016 2000 0000 0000 0000#1626595309646078#-64.5#4.399456899656019#9
0000 0012 2000 0000 0000 0000#1626595309647954#-50.0#6.013204688511713#9
0000 001A 2000 0000 0000 0000#1626595309649488#-47.0#5.3198453723874035#9
0000 0015 2000 0000 0000 0000#1626595309651065#-51.0#2.6384469551633027#9
0000 0010 2000 0000 0000 0000#1626595309652366#-46.0#4.147884050442774#9
0000 000F 2000 0000 0000 0000#1626595309653473#-46.5#3.5158839658338894#9
0000 0017 2000 0000 0000 0000#1626595309654806#-43.5#2.8777479580734626#9
0000 0018 2000 0000 0000 0000#1626595309656336#-47.5#3.902447124381071#9
0000 0019 2000 0000 0000 0000#1626595309657982#-46.0#4.448544284868359#9
0000 0013 2000 0000 0000 0000#1626595309659742#-51.0#1.1474176293384597#9
0000 0011 2000 0000 0000 0000#1626595309661014#-47.0#4.657165672020807#9
0000 0014 2000 0000 0000 0000#1626595309662738#-50.5#2.2518837966161214#9
0000 001C 2000 0000 0000 0000#1626595309663922#-48.5#1.8530487917658545#9
0000 001D 2000 0000 0000 0000#1626595309665823#-49.0#2.6384469551633027#9
0000 001B 2000 0000 0000 0000#1626595309666931#-50.5#0.6872233929727672#9
0000 000F 2000 0000 0000 0000#1626595309673805#-46.5#3.5158839658338894#9
0000 0013 2000 0000 0000 0000#1626595309674929#-51.0#1.1474176293384597#9
0000 0019 2000 0000 0000 0000#1626595309676021#-46.0#4.4362724385652745#9
0000 001D 2000 0000 0000 0000#1626595309677807#-49.0#2.6384469551633027#9
0000 0017 2000 0000 0000 0000#1626595309679110#-44.0#2.9022916506796332#9
0000 0018 2000 0000 0000 0000#1626595309680884#-47.5#3.9208548938356986#9
0000 0010 2000 0000 0000 0000#1626595309682011#-44.0#4.147884050442774#9
0000 001B 2000 0000 0000 0000#1626595309684796#-50.5#0.705631162427395#9
0000 0015 2000 0000 0000 0000#1626595309686132#-50.5#2.693670263527186#9
0000 0012 2000 0000 0000 0000#1626595309687450#-49.5#6.013204688511713#9
0000 001C 2000 0000 0000 0000#1626595309688748#-48.5#1.8285050991596843#9
0000 001A 2000 0000 0000 0000#1626595309689793#-47.0#5.338253141842031#9
0000 0011 2000 0000 0000 0000#1626595309690934#-45.0#4.669437518323892#9
0000 0016 2000 0000 0000 0000#1626595309695080#-63.5#4.344233591292136#9
0000 0014 2000 0000 0000 0000#1626595309696656#-50.5#2.1966604882522383#9
0000 0017 2000 0000 0000 0000#1626595309962590#-43.5#2.6200391857086753#9
0000 0019 2000 0000 0000 0000#1626595309963667#-45.5#4.184699589352029#9
0000 0010 2000 0000 0000 0000#1626595309964864#-44.5#3.859495662320273#9
0000 001D 2000 0000 0000 0000#1626595309968339#-49.5#2.2948352586769194#9
0000 0011 2000 0000 0000 0000#1626595309969415#-45.5#4.387185053352934#9
0000 000F 2000 0000 0000 0000#1626595309971247#-46.5#3.2459033471660166#9
0000 0014 2000 0000 0000 0000#1626595309972415#-50.0#1.8775924843720249#9
0000 0016 2000 0000 0000 0000#1626595309973494#-63.5#4.06811704947272#9
0000 001A 2000 0000 0000 0000#1626595309975543#-46.5#5.062136600022616#9
0000 0018 2000 0000 0000 0000#1626595309976536#-47.0#3.6140587362585705#9
0000 001B 2000 0000 0000 0000#1626595309978248#-49.5#0.35588354278946877#9
0000 001C 2000 0000 0000 0000#1626595309979904#-49.0#1.509437095279471#9
0000 0012 2000 0000 0000 0000#1626595309981644#-49.5#5.71868037723767#9
0000 0013 2000 0000 0000 0000#1626595309982966#-51.0#0.8897088569736719#9
0000 0015 2000 0000 0000 0000#1626595309984016#-51.0#2.3623304133438876#9
0000 0016 2000 0000 0000 0000#1626595309989384#-63.0#4.166291819897402#9
0000 0013 2000 0000 0000 0000#1626595309990691#-51.0#0.859029241215959#9
0000 0011 2000 0000 0000 0000#1626595309992687#-44.5#4.411728745959104#9
0000 001B 2000 0000 0000 0000#1626595309994829#-50.0#0.3865631585471816#9
0000 001C 2000 0000 0000 0000#1626595309997921#-49.0#1.5462526341887264#9
0000 0017 2000 0000 0000 0000#1626595309999391#-43.5#2.6261751088602177#9
0000 001D 2000 0000 0000 0000#1626595310000423#-49.0#2.313243028131547#9
0000 0018 2000 0000 0000 0000#1626595310001499#-46.5#3.6079228131070282#9
0000 001A 2000 0000 0000 0000#1626595310002684#-44.5#5.098952138931871#9
0000 0015 2000 0000 0000 0000#1626595310003721#-51.0#2.380738182798515#9
0000 0012 2000 0000 0000 0000#1626595310006271#-47.5#5.767767762450011#9
0000 0010 2000 0000 0000 0000#1626595310007960#-46.0#3.859495662320273#9
0000 0014 2000 0000 0000 0000#1626595310011000#-50.0#1.9205439464328227#9
0000 000F 2000 0000 0000 0000#1626595310014090#-46.5#3.2765829629237295#9
0000 0019 2000 0000 0000 0000#1626595310015137#-45.5#4.190835512503572#9
0000 0010 2000 0000 0000 0000#1626595310277801#-45.0#3.9453985864418692#9
0000 0013 2000 0000 0000 0000#1626595310279572#-47.5#1.5401167110371838#9
0000 001D 2000 0000 0000 0000#1626595310280944#-44.5#2.5893595699509624#9
0000 001B 2000 0000 0000 0000#1626595310283847#-46.0#1.1535535524900022#9
0000 001A 2000 0000 0000 0000#1626595310284907#-47.0#6.129787228391022#9
0000 0019 2000 0000 0000 0000#1626595310286248#-47.5#4.73693267299086#9
0000 0016 2000 0000 0000 0000#1626595310287342#-46.0#2.8961557275280905#9
0000 0015 2000 0000 0000 0000#1626595310288677#-48.0#2.6200391857086753#9
0000 000F 2000 0000 0000 0000#1626595310289998#-43.0#2.9391071895888885#9
0000 0017 2000 0000 0000 0000#1626595310291531#-37.5#2.2764274892222915#9
0000 001C 2000 0000 0000 0000#1626595310292604#-45.0#1.9880391010997909#9
0000 0011 2000 0000 0000 0000#1626595310295978#-46.5#5.252350217720435#9
0000 0014 2000 0000 0000 0000#1626595310299042#-47.0#2.2886993355253766#9
0000 0018 2000 0000 0000 0000#1626595310300169#-44.0#3.522019888985432#9
0000 0012 2000 0000 0000 0000#1626595310303424#-47.5#0.6320000846088841#9
0000 001D 2000 0000 0000 0000#1626595310307752#-46.0#2.6568547246179306#9
0000 0011 2000 0000 0000 0000#1626595310308838#-48.5#5.332117218690489#9
0000 001B 2000 0000 0000 0000#1626595310310206#-45.5#1.2333205534600555#9
0000 0014 2000 0000 0000 0000#1626595310312439#-47.0#2.337786720737717#9
0000 000F 2000 0000 0000 0000#1626595310313476#-43.0#2.9513790358919736#9
0000 0013 2000 0000 0000 0000#1626595310314528#-47.0#1.6260196351587797#9
0000 0016 2000 0000 0000 0000#1626595310315623#-45.5#2.890019804376548#9
0000 0012 2000 0000 0000 0000#1626595310316698#-47.5#0.705631162427395#9
0000 001A 2000 0000 0000 0000#1626595310317943#-47.0#0.02454369260617026#9
0000 001C 2000 0000 0000 0000#1626595310319227#-44.5#2.0493983326152168#9
0000 0017 2000 0000 0000 0000#1626595310322254#-37.5#2.3009711818284617#9
0000 0018 2000 0000 0000 0000#1626595310323681#-44.5#3.6017868899554855#9
0000 0010 2000 0000 0000 0000#1626595310325889#-45.0#4.123340357836604#9
0000 0015 2000 0000 0000 0000#1626595310326927#-48.0#2.724349879284899#9
0000 0019 2000 0000 0000 0000#1626595310329327#-47.5#4.970097752749477#9
0000 001B 2000 0000 0000 0000#1626595310594168#-43.0#2.270291566070749#9
0000 001C 2000 0000 0000 0000#1626595310595256#-42.5#2.9636508821950587#9
0000 0013 2000 0000 0000 0000#1626595310596367#-43.5#2.6200391857086753#9
0000 001D 2000 0000 0000 0000#1626595310599528#-44.0#3.5711072741977725#9
3008 33B2 DDD9 0140 2018 0626#1626595310600629#-61.5#4.546719055293041#9
0000 0015 2000 0000 0000 0000#1626595310601679#-46.0#3.6079228131070282#9
0000 0012 2000 0000 0000 0000#1626595310602926#-42.5#1.9082721001297376#9
0000 0016 2000 0000 0000 0000#1626595310605018#-40.5#3.6079228131070282#9
0000 0017 2000 0000 0000 0000#1626595310607331#-36.5#3.3195344249845276#9
0000 0018 2000 0000 0000 0000#1626595310608488#-45.0#5.019185137961818#9
0000 0014 2000 0000 0000 0000#1626595310609557#-44.5#3.313398501832985#9
0000 0010 2000 0000 0000 0000#1626595310611116#-47.5#5.749359992995383#9
0000 0011 2000 0000 0000 0000#1626595310613058#-45.5#0.9019807032767571#9
0000 0019 2000 0000 0000 0000#1626595310614961#-47.0#0.48473792897186263#9
0000 000F 2000 0000 0000 0000#1626595310619385#-42.5#4.25833066717054#9
0000 001A 2000 0000 0000 0000#1626595310620446#-42.5#1.521708941582556#9
0000 001A 2000 0000 0000 0000#1626595310626533#-42.5#1.521708941582556#9
0000 0016 2000 0000 0000 0000#1626595310627867#-40.5#3.6692820446224537#9
0000 0011 2000 0000 0000 0000#1626595310629428#-45.5#0.9878836273983529#9
0000 0012 2000 0000 0000 0000#1626595310630546#-42.5#1.9757672547967058#9
0000 0017 2000 0000 0000 0000#1626595310632307#-36.0#3.423845118560751#9
0000 0015 2000 0000 0000 0000#1626595310633370#-46.0#3.6754179677739964#9
0000 0014 2000 0000 0000 0000#1626595310634437#-44.0#3.3747577333484107#9
0000 000F 2000 0000 0000 0000#1626595310635986#-42.5#4.344233591292136#9
0000 0013 2000 0000 0000 0000#1626595310638008#-43.0#2.724349879284899#9
0000 001D 2000 0000 0000 0000#1626595310639113#-44.0#3.6692820446224537#9
0000 001C 2000 0000 0000 0000#1626595310640709#-43.0#3.0925052683774528#9
3008 33B2 DDD9 0140 2018 0626#1626595310641826#-61.5#4.651029748869264#9
0000 0010 2000 0000 0000 0000#1626595310644410#-47.0#5.902758071783947#9
0000 001B 2000 0000 0000 0000#1626595310646185#-42.0#2.405281875404685#9
0000 0018 2000 0000 0000 0000#1626595310648375#-46.5#5.21553467881118#9
0000 0019 2000 0000 0000 0000#1626595310650563#-47.0#0.6749515466696822#9
0000 0012 2000 0000 0000 0000#1626595310916343#-38.5#3.3502140407422405#9
0000 0016 2000 0000 0000 0000#1626595310919505#-39.5#5.252350217720435#9
0000 0018 2000 0000 0000 0000#1626595310920952#-45.5#0.859029241215959#9
0000 0015 2000 0000 0000 0000#1626595310922002#-44.5#4.81056375080937#9
0000 001C 2000 0000 0000 0000#1626595310923601#-40.0#4.399456899656019#9
0000 0017 2000 0000 0000 0000#1626595310924679#-35.5#5.2768939103266055#9
0000 0013 2000 0000 0000 0000#1626595310926380#-41.5#4.0987966652304335#9
0000 0011 2000 0000 0000 0000#1626595310927507#-40.0#2.5280003384355365#9
3008 33B2 DDD9 0140 2018 0626#1626595310930405#-61.0#5.50392306693368#9
0000 001D 2000 0000 0000 0000#1626595310931439#-42.5#4.822835597112456#9
0000 001B 2000 0000 0000 0000#1626595310932759#-40.5#3.761320891895592#9
0000 000F 2000 0000 0000 0000#1626595310933809#-42.5#0.04908738521234052#9
0000 001A 2000 0000 0000 0000#1626595310934857#-39.0#3.0066023442558567#9
0000 0019 2000 0000 0000 0000#1626595310935934#-43.0#2.3316507975861747#9
0000 0010 2000 0000 0000 0000#1626595310938016#-44.5#1.5953400194010667#9
0000 0014 2000 0000 0000 0000#1626595310939039#-42.5#4.657165672020807#9
0000 001D 2000 0000 0000 0000#1626595310943120#-42.5#4.8351074434155406#9
0000 0017 2000 0000 0000 0000#1626595310944197#-36.0#5.387340527054372#9
0000 0016 2000 0000 0000 0000#1626595310945534#-39.5#5.344389064993574#9
0000 0012 2000 0000 0000 0000#1626595310946565#-40.0#3.436116964863836#9
0000 0011 2000 0000 0000 0000#1626595310949557#-41.0#2.5954954931025047#9
0000 0018 2000 0000 0000 0000#1626595310951068#-45.0#0.9878836273983529#9
0000 001B 2000 0000 0000 0000#1626595310952802#-40.5#3.810408277107933#9
0000 0019 2000 0000 0000 0000#1626595310954114#-43.0#2.3746022596469727#9
0000 0010 2000 0000 0000 0000#1626595310955159#-44.5#1.6505633277649499#9
0000 000F 2000 0000 0000 0000#1626595310956463#-42.0#0.1718058482431918#9
0000 0015 2000 0000 0000 0000#1626595310957980#-44.5#4.859651136021712#9
0000 0013 2000 0000 0000 0000#1626595310960149#-41.0#4.172427743048944#9
0000 001A 2000 0000 0000 0000#1626595310962337#-39.5#3.06182565261974#9
0000 001C 2000 0000 0000 0000#1626595310963750#-40.0#4.473087977474529#9
0000 0014 2000 0000 0000 0000#1626595310964803#-42.5#4.681709364626977#9
3008 33B2 DDD9 0140 2018 0626#1626595310965936#-61.0#5.491651220630596#9
0000 000F 2000 0000 0000 0000#1626595311228599#-39.5#0.8528933180644165#9
0000 0014 2000 0000 0000 0000#1626595311231275#-41.5#4.693981210930062#9
0000 001B 2000 0000 0000 0000#1626595311232385#-39.0#3.9638063558964967#9
3008 33B2 DDD9 0140 2018 0626#1626595311233469#-60.5#5.105088062083414#9
0000 0016 2000 0000 0000 0000#1626595311235271#-39.5#6.178874613603362#9
0000 0019 2000 0000 0000 0000#1626595311236303#-40.0#2.6323110320117604#9
0000 0013 2000 0000 0000 0000#1626595311237555#-40.0#4.28287435977671#9
0000 001D 2000 0000 0000 0000#1626595311239072#-42.0#4.822835597112456#9
0000 0017 2000 0000 0000 0000#1626595311240124#-34.5#6.264777537724958#9
0000 001A 2000 0000 0000 0000#1626595311241212#-37.5#3.2459033471660166#9
0000 0011 2000 0000 0000 0000#1626595311242344#-39.0#2.816388726558037#9
0000 0018 2000 0000 0000 0000#1626595311243620#-41.5#1.564660403643354#9
0000 001C 2000 0000 0000 0000#1626595311244664#-39.0#4.509903516383785#9
0000 0015 2000 0000 0000 0000#1626595311245742#-44.0#4.779884135051658#9
0000 0012 2000 0000 0000 0000#1626595311247061#-38.5#3.6324665057131984#9
0000 0010 2000 0000 0000 0000#1626595311248121#-40.5#2.061670178918302#9
0000 0011 2000 0000 0000 0000#1626595311253837#-39.0#2.834796496012665#9
0000 0017 2000 0000 0000 0000#1626595311255115#-34.0#0.05522330836388308#9
3008 33B2 DDD9 0140 2018 0626#1626595311256846#-61.0#5.123495831538041#9
0000 001C 2000 0000 0000 0000#1626595311258465#-39.0#4.534447208989955#9
0000 001A 2000 0000 0000 0000#1626595311259776#-37.5#3.2704470397721868#9
0000 001B 2000 0000 0000 0000#1626595311260798#-38.5#4.006757817957295#9
0000 0013 2000 0000 0000 0000#1626595311262080#-40.0#4.301282129231338#9
0000 0014 2000 0000 0000 0000#1626595311263161#-41.5#4.7307967498393175#9
0000 0010 2000 0000 0000 0000#1626595311264706#-40.5#2.0800779483729293#9
0000 0018 2000 0000 0000 0000#1626595311266067#-41.0#1.6444274046134073#9
0000 001D 2000 0000 0000 0000#1626595311267454#-41.5#4.859651136021712#9
0000 0012 2000 0000 0000 0000#1626595311268477#-38.0#3.6754179677739964#9
0000 0016 2000 0000 0000 0000#1626595311269556#-39.5#0.018407769454627694#9
0000 000F 2000 0000 0000 0000#1626595311270862#-39.0#0.9756117810952678#9
0000 0019 2000 0000 0000 0000#1626595311272168#-39.5#2.6813984172241008#9
0000 0015 2000 0000 0000 0000#1626595311274446#-44.0#4.792155981354743#9
0000 0019 2000 0000 0000 0000#1626595311538299#-38.0#2.761165418194154#9
0000 0014 2000 0000 0000 0000#1626595311539583#-40.5#4.651029748869264#9
0000 001A 2000 0000 0000 0000#1626595311540645#-36.0#3.3624858870453256#9
0000 0017 2000 0000 0000 0000#1626595311541963#-31.0#0.5767767762450011#9
0000 0011 2000 0000 0000 0000#1626595311544016#-37.5#2.9391071895888885#9
0000 0013 2000 0000 0000 0000#1626595311545085#-39.0#4.313553975534423#9
0000 0012 2000 0000 0000 0000#1626595311547371#-37.5#3.7429131224409646#9
0000 001D 2000 0000 0000 0000#1626595311550015#-41.5#4.669437518323892#9
0000 0018 2000 0000 0000 0000#1626595311552336#-37.5#1.8653206380689396#9
0000 001B 2000 0000 0000 0000#1626595311553373#-37.5#4.061981126321178#9
0000 001C 2000 0000 0000 0000#1626595311554784#-38.0#4.485359823777615#9
0000 000F 2000 0000 0000 0000#1626595311555865#-35.5#1.3437671701878218#9
0000 0016 2000 0000 0000 0000#1626595311557371#-37.0#0.7240389318820226#9
0000 0015 2000 0000 0000 0000#1626595311558906#-43.5#4.583534594202296#9
0000 0010 2000 0000 0000 0000#1626595311560920#-38.0#2.2641556429192065#9
0000 0013 2000 0000 0000 0000#1626595311569260#-39.0#4.344233591292136#9
0000 0017 2000 0000 0000 0000#1626595311570418#-29.5#0.6688156235181395#9
0000 0010 2000 0000 0000 0000#1626595311572286#-36.5#2.282563412373834#9
0000 0019 2000 0000 0000 0000#1626595311574070#-37.5#2.804116880254952#9
0000 0018 2000 0000 0000 0000#1626595311575203#-37.0#1.902136176978195#9
0000 0015 2000 0000 0000 0000#1626595311576538#-43.5#4.583534594202296#9
0000 001B 2000 0000 0000 0000#1626595311577620#-37.5#4.09266074207889#9
0000 0011 2000 0000 0000 0000#1626595311579449#-37.0#2.9943304979527716#9
0000 001D 2000 0000 0000 0000#1626595311581715#-41.5#4.693981210930062#9
0000 0014 2000 0000 0000 0000#1626595311583525#-40.5#4.675573441475434#9
0000 001A 2000 0000 0000 0000#1626595311584630#-35.5#3.4177091954092087#9
0000 0016 2000 0000 0000 0000#1626595311586024#-37.0#0.8160777791551611#9
0000 000F 2000 0000 0000 0000#1626595311587074#-35.5#1.4296700943094176#9
0000 001C 2000 0000 0000 0000#1626595311588389#-38.0#4.528311285838413#9
0000 0012 2000 0000 0000 0000#1626595311590392#-37.0#3.816544200259475#9
0000 0016 2000 0000 0000 0000#1626595311857994#-34.0#1.9266798695843652#9
0000 0012 2000 0000 0000 0000#1626595311859554#-36.0#4.417864669110647#9
0000 0019 2000 0000 0000 0000#1626595311860603#-36.5#3.522019888985432#9
0000 0014 2000 0000 0000 0000#1626595311863265#-40.0#5.056000676871073#9
0000 001A 2000 0000 0000 0000#1626595311865757#-35.0#4.09266074207889#9
0000 0018 2000 0000 0000 0000#1626595311867172#-33.5#2.693670263527186#9
0000 0013 2000 0000 0000 0000#1626595311868535#-38.5#4.890330751779424#9
0000 001B 2000 0000 0000 0000#1626595311869630#-37.0#4.675573441475434#9
0000 0017 2000 0000 0000 0000#1626595311870676#-27.5#1.7732817907958012#9
0000 001D 2000 0000 0000 0000#1626595311872094#-41.0#5.0253210611133605#9
0000 000F 2000 0000 0000 0000#1626595311874739#-33.0#2.337786720737717#9
0000 001C 2000 0000 0000 0000#1626595311876154#-37.5#4.957825906446392#9
0000 0015 2000 0000 0000 0000#1626595311877481#-44.0#4.878058905476339#9
0000 0011 2000 0000 0000 0000#1626595311880275#-36.0#3.724505352986337#9
0000 0010 2000 0000 0000 0000#1626595311881862#-35.5#3.06182565261974#9
0000 001D 2000 0000 0000 0000#1626595311886970#-41.0#5.031456984264903#9
0000 0018 2000 0000 0000 0000#1626595311888016#-34.5#2.742757648739526#9
0000 0014 2000 0000 0000 0000#1626595311889085#-40.0#5.080544369477243#9
0000 001A 2000 0000 0000 0000#1626595311890418#-35.0#4.111068511533518#9
0000 0013 2000 0000 0000 0000#1626595311893520#-38.5#4.908738521234052#9
0000 0012 2000 0000 0000 0000#1626595311894810#-36.0#4.454680208019902#9
0000 0017 2000 0000 0000 0000#1626595311904162#-27.5#2.6813984172241008#9
0000 001C 2000 0000 0000 0000#1626595311905902#-38.0#5.743224069843841#9
0000 0011 2000 0000 0000 0000#1626595311907451#-35.5#4.601942363656923#9
0000 000F 2000 0000 0000 0000#1626595311908486#-32.5#3.2581751934691017#9
0000 0016 2000 0000 0000 0000#1626595311910739#-33.5#2.890019804376548#9
0000 0019 2000 0000 0000 0000#1626595311913300#-36.0#4.430136515413731#9
0000 0010 2000 0000 0000 0000#1626595311914362#-35.0#3.9760782021995817#9
0000 001B 2000 0000 0000 0000#1626595311915684#-37.0#5.473243451175968#9
0000 0015 2000 0000 0000 0000#1626595311916879#-44.0#5.602097837358362#9
3008 33B2 DDD9 0140 2018 0626#1626595312179691#-63.0#5.399612373357457#9
0000 001A 2000 0000 0000 0000#1626595312180978#-35.5#4.988505522204105#9
0000 0018 2000 0000 0000 0000#1626595312182054#-34.0#3.9576704327449543#9
0000 0019 2000 0000 0000 0000#1626595312183602#-36.0#4.620350133111551#9
0000 0017 2000 0000 0000 0000#1626595312185162#-26.5#3.2336315008629315#9
0000 000F 2000 0000 0000 0000#1626595312186723#-31.0#3.6692820446224537#9
0000 0013 2000 0000 0000 0000#1626595312187778#-39.5#5.626641529964532#9
0000 0015 2000 0000 0000 0000#1626595312188854#-45.5#5.264622064023521#9
0000 0011 2000 0000 0000 0000#1626595312190696#-34.5#4.718524903536232#9
0000 0016 2000 0000 0000 0000#1626595312191804#-32.0#3.5711072741977725#9
0000 0012 2000 0000 0000 0000#1626595312192837#-37.0#5.2768939103266055#9
0000 001C 2000 0000 0000 0000#1626595312194150#-39.5#5.620505606812989#9
0000 0010 2000 0000 0000 0000#1626595312195291#-32.5#4.227651051412827#9
0000 001B 2000 0000 0000 0000#1626595312197094#-38.0#5.424156065963627#9
0000 001D 2000 0000 0000 0000#1626595312198466#-42.0#5.516194913236766#9
0000 0014 2000 0000 0000 0000#1626595312202571#-41.5#5.66959299202533#9
0000 001C 2000 0000 0000 0000#1626595312208442#-39.5#5.602097837358362#9
0000 0018 2000 0000 0000 0000#1626595312209791#-33.5#3.9944859716542096#9
0000 000F 2000 0000 0000 0000#1626595312211412#-31.5#3.724505352986337#9
0000 001D 2000 0000 0000 0000#1626595312212429#-44.0#5.491651220630596#9
0000 0016 2000 0000 0000 0000#1626595312213748#-32.0#3.6324665057131984#9
0000 0010 2000 0000 0000 0000#1626595312215060#-34.0#4.239922897715912#9
0000 0011 2000 0000 0000 0000#1626595312216243#-34.5#4.7307967498393175#9
0000 0014 2000 0000 0000 0000#1626595312218022#-42.0#5.638913376267617#9
0000 0019 2000 0000 0000 0000#1626595312219302#-36.0#4.6448938257177215#9
0000 0013 2000 0000 0000 0000#1626595312220385#-40.0#5.626641529964532#9
0000 0017 2000 0000 0000 0000#1626595312221462#-26.5#3.3072625786814425#9
0000 001A 2000 0000 0000 0000#1626595312222895#-35.5#5.00077736850719#9
0000 001B 2000 0000 0000 0000#1626595312223959#-38.0#5.418020142812084#9
0000 0012 2000 0000 0000 0000#1626595312224981#-37.5#5.295301679781233#9
0000 0015 2000 0000 0000 0000#1626595312226756#-46.0#5.21553467881118#9
0000 0018 2000 0000 0000 0000#1626595312492274#-34.0#3.9822141253511245#9
0000 0011 2000 0000 0000 0000#1626595312494486#-35.0#4.448544284868359#9
0000 0019 2000 0000 0000 0000#1626595312495579#-36.5#4.4362724385652745#9
0000 0016 2000 0000 0000 0000#1626595312504672#-32.0#4.129476280988146#9
0000 0015 2000 0000 0000 0000#1626595312505722#-48.5#4.583534594202296#9
0000 0017 2000 0000 0000 0000#1626595312507040#-26.5#3.6754179677739964#9
0000 0012 2000 0000 0000 0000#1626595312508144#-38.5#5.019185137961818#9
0000 000F 2000 0000 0000 0000#1626595312509195#-31.0#4.01902966426038#9
0000 001C 2000 0000 0000 0000#1626595312510507#-42.0#5.098952138931871#9
0000 001B 2000 0000 0000 0000#1626595312512270#-39.5#5.037592907416445#9
0000 0010 2000 0000 0000 0000#1626595312513693#-32.5#4.344233591292136#9
0000 001A 2000 0000 0000 0000#1626595312515129#-37.0#4.779884135051658#9
0000 0013 2000 0000 0000 0000#1626595312516211#-42.0#5.203262832508095#9
0000 0014 2000 0000 0000 0000#1626595312517265#-44.0#5.098952138931871#9
0000 001D 2000 0000 0000 0000#1626595312519718#-46.0#4.822835597112456#9
0000 001C 2000 0000 0000 0000#1626595312526573#-41.5#5.074408446325701#9
0000 0012 2000 0000 0000 0000#1626595312527663#-38.5#4.994641445355648#9
0000 0013 2000 0000 0000 0000#1626595312529473#-42.0#5.184855063053467#9
0000 0015 2000 0000 0000 0000#1626595312530524#-48.0#4.528311285838413#9
0000 0017 2000 0000 0000 0000#1626595312531571#-26.5#3.718369429834794#9
0000 0014 2000 0000 0000 0000#1626595312532946#-44.0#5.092816215780329#9
0000 001A 2000 0000 0000 0000#1626595312533992#-37.5#4.76147636559703#9
0000 0011 2000 0000 0000 0000#1626595312535055#-36.5#4.638757902566179#9
0000 0010 2000 0000 0000 0000#1626595312536209#-32.5#4.374913207049849#9
0000 001B 2000 0000 0000 0000#1626595312538487#-40.0#5.013049214810275#9
0000 000F 2000 0000 0000 0000#1626595312539897#-31.0#4.0558452031696355#9
0000 0019 2000 0000 0000 0000#1626595312540931#-36.5#4.632621979414636#9
0000 0016 2000 0000 0000 0000#1626595312543386#-32.0#4.221515128261284#9
0000 0018 2000 0000 0000 0000#1626595312544490#-33.0#4.227651051412827#9
0000 001D 2000 0000 0000 0000#1626595312545790#-46.5#4.773748211900116#9
0000 001B 2000 0000 0000 0000#1626595312808987#-42.0#3.9822141253511245#9
0000 0012 2000 0000 0000 0000#1626595312810290#-40.5#3.9944859716542096#9
0000 001D 2000 0000 0000 0000#1626595312812216#-48.5#3.6815538909255388#9
0000 0017 2000 0000 0000 0000#1626595312814004#-27.0#3.448388811166921#9
0000 0010 2000 0000 0000 0000#1626595312816362#-33.0#3.792000507653305#9
0000 0014 2000 0000 0000 0000#1626595312817657#-46.5#4.000621894805752#9
0000 0013 2000 0000 0000 0000#1626595312818724#-44.0#4.0987966652304335#9
0000 001C 2000 0000 0000 0000#1626595312820534#-44.5#3.9760782021995817#9
0000 0011 2000 0000 0000 0000#1626595312821823#-37.0#3.767456815047135#9
0000 000F 2000 0000 0000 0000#1626595312822886#-31.5#3.693825737228624#9
0000 0016 2000 0000 0000 0000#1626595312824906#-32.0#4.1172044346850605#9
0000 001A 2000 0000 0000 0000#1626595312827263#-38.5#3.730641276137879#9
0000 0019 2000 0000 0000 0000#1626595312829140#-37.5#3.8963112012295285#9
0000 0018 2000 0000 0000 0000#1626595312830258#-33.5#3.736777199289422#9
0000 0015 2000 0000 0000 0000#1626595312831336#-50.5#3.393165502803038#9
0000 0010 2000 0000 0000 0000#1626595312838878#-33.0#3.785864584501762#9
0000 000F 2000 0000 0000 0000#1626595312839941#-31.5#3.6999616603801666#9
0000 001D 2000 0000 0000 0000#1626595312841857#-48.5#3.6201946594101133#9
0000 0011 2000 0000 0000 0000#1626595312843025#-36.0#3.736777199289422#9
0000 0015 2000 0000 0000 0000#1626595312844105#-51.0#3.368621810196868#9
0000 0016 2000 0000 0000 0000#1626595312845199#-32.0#4.154019973594316#9
0000 0017 2000 0000 0000 0000#1626595312846567#-25.5#3.472932503773092#9
0000 001B 2000 0000 0000 0000#1626595312848588#-42.5#3.8963112012295285#9
0000 001C 2000 0000 0000 0000#1626595312849661#-45.0#3.9085830475326135#9
0000 0018 2000 0000 0000 0000#1626595312850736#-33.5#3.7429131224409646#9
0000 0013 2000 0000 0000 0000#1626595312851730#-44.5#4.04357335686655#9
0000 0014 2000 0000 0000 0000#1626595312854712#-47.0#3.933126740138784#9
0000 0012 2000 0000 0000 0000#1626595312856409#-41.0#3.890175278077986#9
0000 0019 2000 0000 0000 0000#1626595312861175#-37.5#3.834951969714103#9
0000 001A 2000 0000 0000 0000#1626595312862249#-37.0#3.663146121470911#9
0000 0017 2000 0000 0000 0000#1626595313126549#-26.5#4.516039439535327#9
0000 001C 2000 0000 0000 0000#1626595313127649#-45.0#4.270602513473625#9
0000 0010 2000 0000 0000 0000#1626595313128788#-31.5#4.503767593232243#9
0000 0019 2000 0000 0000 0000#1626595313132361#-36.0#4.448544284868359#9
0000 0011 2000 0000 0000 0000#1626595313133649#-36.0#4.270602513473625#9
0000 001B 2000 0000 0000 0000#1626595313134727#-42.0#4.289010282928253#9
0000 0018 2000 0000 0000 0000#1626595313135819#-32.5#4.571262747899211#9
0000 001A 2000 0000 0000 0000#1626595313136894#-38.0#4.135612204139688#9
0000 0013 2000 0000 0000 0000#1626595313137960#-44.5#4.381049130201391#9
0000 000F 2000 0000 0000 0000#1626595313139025#-30.5#4.638757902566179#9
0000 0015 2000 0000 0000 0000#1626595313140341#-54.0#3.5895150436524004#9
0000 0014 2000 0000 0000 0000#1626595313141653#-48.0#4.264466590322082#9
0000 0016 2000 0000 0000 0000#1626595313142717#-31.5#5.270757987175063#9
0000 001D 2000 0000 0000 0000#1626595313143815#-50.0#3.9208548938356986#9
0000 0012 2000 0000 0000 0000#1626595313145249#-40.0#4.270602513473625#9
0000 0014 2000 0000 0000 0000#1626595313151408#-48.5#4.23378697456437#9
0000 001C 2000 0000 0000 0000#1626595313152480#-46.0#4.239922897715912#9
0000 001B 2000 0000 0000 0000#1626595313156477#-42.5#4.246058820867455#9
0000 0012 2000 0000 0000 0000#1626595313157824#-40.0#4.25833066717054#9
0000 000F 2000 0000 0000 0000#1626595313159180#-30.5#4.620350133111551#9
0000 0017 2000 0000 0000 0000#1626595313160240#-26.0#4.509903516383785#9
0000 0013 2000 0000 0000 0000#1626595313161308#-45.0#4.331961744989051#9
3008 33B2 DDD9 0140 2018 0626#1626595313163121#-62.0#5.9088939949354895#9
0000 0019 2000 0000 0000 0000#1626595313165328#-35.5#4.374913207049849#9
0000 001A 2000 0000 0000 0000#1626595313166404#-38.0#4.080388895775806#9
0000 0010 2000 0000 0000 0000#1626595313168211#-33.0#4.479223900626073#9
0000 0016 2000 0000 0000 0000#1626595313169662#-31.5#5.289165756629691#9
0000 0018 2000 0000 0000 0000#1626595313171020#-32.5#4.540583132141498#9
0000 0011 2000 0000 0000 0000#1626595313172468#-35.5#4.215379205109742#9
0000 001D 2000 0000 0000 0000#1626595313173499#-52.0#3.834951969714103#9
0000 0015 2000 0000 0000 0000#1626595313174734#-54.5#3.485204350076177#9
0000 0016 2000 0000 0000 0000#1626595313446022#-31.0#5.0682725231741586#9
3008 33B2 DDD9 0140 2018 0626#1626595313447710#-61.0#5.663457068873787#9
0000 0018 2000 0000 0000 0000#1626595313448821#-31.5#4.049709280018092#9
0000 000F 2000 0000 0000 0000#1626595313449885#-30.0#4.2031073588066565#9
0000 0011 2000 0000 0000 0000#1626595313451038#-35.5#3.479068426924634#9
0000 0017 2000 0000 0000 0000#1626595313452514#-24.5#4.154019973594316#9
0000 0012 2000 0000 0000 0000#1626595313453563#-42.5#3.3502140407422405#9
0000 001A 2000 0000 0000 0000#1626595313454753#-40.0#3.2213596545598464#9
0000 0010 2000 0000 0000 0000#1626595313455924#-32.5#3.902447124381071#9
0000 0019 2000 0000 0000 0000#1626595313457931#-36.5#3.6815538909255388#9
0000 0015 2000 0000 0000 0000#1626595313459357#-58.5#1.6996507129772904#9
0000 001B 2000 0000 0000 0000#1626595313461582#-45.5#3.227495577711389#9
0000 001C 2000 0000 0000 0000#1626595313462983#-50.5#2.9145634969827183#9
0000 0014 2000 0000 0000 0000#1626595313464034#-53.0#2.84706834231575#9
0000 0013 2000 0000 0000 0000#1626595313465073#-49.0#3.1968159619536762#9
0000 001D 2000 0000 0000 0000#1626595313466761#-56.0#2.12916533358527#9
0000 001C 2000 0000 0000 0000#1626595313471162#-50.5#2.9022916506796332#9
0000 0011 2000 0000 0000 0000#1626595313472556#-35.5#3.429981041712294#9
0000 000F 2000 0000 0000 0000#1626595313473865#-30.0#4.166291819897402#9
0000 0010 2000 0000 0000 0000#1626595313475020#-32.5#3.859495662320273#9
0000 0017 2000 0000 0000 0000#1626595313476324#-26.0#4.123340357836604#9
0000 0016 2000 0000 0000 0000#1626595313477360#-31.0#5.037592907416445#9
0000 0012 2000 0000 0000 0000#1626595313478436#-43.0#3.2520392703175593#9
0000 0019 2000 0000 0000 0000#1626595313479796#-36.5#3.6324665057131984#9
0000 0013 2000 0000 0000 0000#1626595313481092#-49.0#3.153864499892878#9
0000 0018 2000 0000 0000 0000#1626595313482249#-31.5#4.006757817957295#9
0000 001B 2000 0000 0000 0000#1626595313484764#-46.0#3.129320807286708#9
0000 001A 2000 0000 0000 0000#1626595313486569#-40.0#3.1661363461959633#9
0000 0015 2000 0000 0000 0000#1626595313487862#-58.5#1.509437095279471#9
0000 001D 2000 0000 0000 0000#1626595313491129#-56.0#2.018718716857504#9
3008 33B2 DDD9 0140 2018 0626#1626595313493431#-60.5#5.921165841238575#9
0000 0014 2000 0000 0000 0000#1626595313494483#-52.5#2.650718801466388#9
3008 33B2 DDD9 0140 2018 0626#1626595313757576#-60.5#5.5284667595398505#9
0000 000F 2000 0000 0000 0000#1626595313758896#-31.0#3.5895150436524004#9
0000 0011 2000 0000 0000 0000#1626595313760454#-38.5#2.509592568980909#9
0000 001B 2000 0000 0000 0000#1626595313762217#-47.5#1.8039614065535141#9
0000 001A 2000 0000 0000 0000#1626595313763322#-41.5#2.086213871524472#9
0000 0012 2000 0000 0000 0000#1626595313765336#-44.5#2.061670178918302#9
0000 0013 2000 0000 0000 0000#1626595313766590#-51.0#1.6505633277649499#9
0000 0018 2000 0000 0000 0000#1626595313767922#-33.5#3.3502140407422405#9
0000 0010 2000 0000 0000 0000#1626595313768984#-35.5#3.104777114680538#9
0000 0015 2000 0000 0000 0000#1626595313770077#-52.0#5.93343768754166#9
0000 0017 2000 0000 0000 0000#1626595313771108#-26.5#3.5956509668039427#9
0000 001C 2000 0000 0000 0000#1626595313772676#-52.0#1.1167380135807468#9
0000 0016 2000 0000 0000 0000#1626595313774480#-32.0#4.681709364626977#9
0000 001D 2000 0000 0000 0000#1626595313777498#-56.5#0.11044661672776616#9
0000 0019 2000 0000 0000 0000#1626595313779642#-38.0#2.7550294950426117#9
0000 0014 2000 0000 0000 0000#1626595313782037#-54.0#0.9572040116406401#9
0000 0010 2000 0000 0000 0000#1626595313786582#-35.5#3.0802334220743677#9
0000 0015 2000 0000 0000 0000#1626595313787633#-50.5#5.749359992995383#9
3008 33B2 DDD9 0140 2018 0626#1626595313788665#-60.5#5.5100589900852235#9
0000 0016 2000 0000 0000 0000#1626595313789757#-32.0#4.663301595172349#9
0000 0014 2000 0000 0000 0000#1626595313791048#-54.0#0.9081166264282996#9
0000 001C 2000 0000 0000 0000#1626595313792375#-52.5#0.9878836273983529#9
0000 001A 2000 0000 0000 0000#1626595313794256#-40.5#1.9941750242513334#9
0000 0019 2000 0000 0000 0000#1626595313795733#-38.5#2.705942109830271#9
0000 0011 2000 0000 0000 0000#1626595313797076#-38.0#2.429825568010856#9
0000 0018 2000 0000 0000 0000#1626595313798187#-32.5#3.3011266555298997#9
0000 0017 2000 0000 0000 0000#1626595313799506#-27.0#3.5465635815916023#9
0000 0012 2000 0000 0000 0000#1626595313800838#-45.0#1.9573594853420782#9
0000 000F 2000 0000 0000 0000#1626595313803112#-31.5#3.522019888985432#9
0000 001D 2000 0000 0000 0000#1626595313805512#-55.0#6.068427996875596#9
0000 001B 2000 0000 0000 0000#1626595313806676#-48.5#1.6505633277649499#9
0000 0013 2000 0000 0000 0000#1626595313808241#-51.5#1.4787574795217582#9
0000 001C 2000 0000 0000 0000#1626595314074264#-50.5#4.080388895775806#9
0000 0016 2000 0000 0000 0000#1626595314075601#-34.0#3.6692820446224537#9
0000 0019 2000 0000 0000 0000#1626595314076861#-41.5#1.4971652489763858#9
0000 001B 2000 0000 0000 0000#1626595314078166#-53.5#6.234097921967246#9
0000 0010 2000 0000 0000 0000#1626595314079740#-37.0#1.8530487917658545#9
0000 0018 2000 0000 0000 0000#1626595314081057#-35.5#2.098485717827557#9
0000 000F 2000 0000 0000 0000#1626595314082377#-33.5#2.386874105950058#9
0000 0011 2000 0000 0000 0000#1626595314083707#-41.5#1.1658253987930873#9
0000 0014 2000 0000 0000 0000#1626595314085743#-48.5#3.706097583531709#9
0000 001D 2000 0000 0000 0000#1626595314087272#-47.5#3.055689729468197#9
0000 0013 2000 0000 0000 0000#1626595314088297#-55.5#5.64504929941916#9
0000 0012 2000 0000 0000 0000#1626595314089371#-49.0#0.47860200582032003#9
3008 33B2 DDD9 0140 2018 0626#1626595314090475#-60.0#4.4976316700806995#9
0000 0017 2000 0000 0000 0000#1626595314091763#-28.5#2.380738182798515#9
0000 0015 2000 0000 0000 0000#1626595314094752#-50.0#2.9697868053466014#9
0000 001A 2000 0000 0000 0000#1626595314095842#-46.0#0.5767767762450011#9
0000 0016 2000 0000 0000 0000#1626595314103495#-34.0#3.6263305825616556#9
0000 001A 2000 0000 0000 0000#1626595314104767#-46.5#0.5706408530934585#9
0000 0015 2000 0000 0000 0000#1626595314105819#-50.5#2.9329712664373457#9
0000 001B 2000 0000 0000 0000#1626595314107167#-53.5#6.080699843178682#9
0000 0013 2000 0000 0000 0000#1626595314108973#-55.5#5.516194913236766#9
0000 0010 2000 0000 0000 0000#1626595314110357#-35.5#1.8223691760081417#9
0000 0018 2000 0000 0000 0000#1626595314111768#-35.0#2.0493983326152168#9
0000 0011 2000 0000 0000 0000#1626595314113298#-42.0#1.0983302441261191#9
0000 0019 2000 0000 0000 0000#1626595314115075#-41.5#1.4051264017032472#9
0000 0017 2000 0000 0000 0000#1626595314116875#-29.5#2.356194490192345#9
3008 33B2 DDD9 0140 2018 0626#1626595314118051#-60.5#4.503767593232243#9
0000 000F 2000 0000 0000 0000#1626595314119086#-34.0#2.3071071049800045#9
0000 001C 2000 0000 0000 0000#1626595314120398#-48.5#3.6263305825616556#9
0000 0014 2000 0000 0000 0000#1626595314123101#-47.5#3.4606606574700063#9
0000 0012 2000 0000 0000 0000#1626595314124420#-49.5#0.3374757733348411#9
0000 001D 2000 0000 0000 0000#1626595314125539#-47.5#2.9697868053466014#9
0000 0015 2000 0000 0000 0000#1626595314391464#-63.5#2.9575149590435164#9
0000 0016 2000 0000 0000 0000#1626595314393009#-35.0#4.006757817957295#9
3008 33B2 DDD9 0140 2018 0626#1626595314394116#-60.0#5.6573211457222445#9
0000 0010 2000 0000 0000 0000#1626595314395298#-37.5#1.9941750242513334#9
0000 001C 2000 0000 0000 0000#1626595314396359#-44.5#3.522019888985432#9
0000 001A 2000 0000 0000 0000#1626595314397475#-49.5#6.240233845118788#9
0000 0011 2000 0000 0000 0000#1626595314399019#-44.5#0.9878836273983529#9
0000 0018 2000 0000 0000 0000#1626595314400373#-37.0#2.2764274892222915#9
0000 0012 2000 0000 0000 0000#1626595314403406#-49.0#5.375068680751287#9
0000 0014 2000 0000 0000 0000#1626595314404473#-49.0#3.6079228131070282#9
0000 0013 2000 0000 0000 0000#1626595314405528#-43.0#3.7429131224409646#9
0000 0019 2000 0000 0000 0000#1626595314406618#-44.5#1.4971652489763858#9
0000 001D 2000 0000 0000 0000#1626595314407663#-59.5#3.442252888015379#9
0000 001B 2000 0000 0000 0000#1626595314410096#-44.0#3.9392626632903265#9
0000 000F 2000 0000 0000 0000#1626595314412013#-34.5#2.5464081078901644#9
0000 0017 2000 0000 0000 0000#1626595314413417#-29.5#2.5954954931025047#9
0000 001B 2000 0000 0000 0000#1626595314419211#-43.5#3.877903431774901#9
0000 0018 2000 0000 0000 0000#1626595314420553#-37.0#2.2334760271614935#9
0000 0011 2000 0000 0000 0000#1626595314422356#-45.5#0.8713010875190442#9
3008 33B2 DDD9 0140 2018 0626#1626595314423914#-60.0#5.681864838328415#9
0000 001A 2000 0000 0000 0000#1626595314426211#-49.0#5.945709533844745#9
0000 0010 2000 0000 0000 0000#1626595314427594#-38.0#1.9266798695843652#9
0000 000F 2000 0000 0000 0000#1626595314429143#-35.0#2.509592568980909#9
0000 0016 2000 0000 0000 0000#1626595314430451#-35.5#3.933126740138784#9
0000 0013 2000 0000 0000 0000#1626595314431747#-43.0#3.650874275167826#9
0000 0015 2000 0000 0000 0000#1626595314432798#-64.5#2.9022916506796332#9
0000 001D 2000 0000 0000 0000#1626595314433886#-61.0#3.2336315008629315#9
0000 0014 2000 0000 0000 0000#1626595314434922#-51.0#3.5895150436524004#9
0000 0017 2000 0000 0000 0000#1626595314436185#-30.0#2.552544031041707#9
0000 0019 2000 0000 0000 0000#1626595314437275#-44.5#1.3744467859455345#9
0000 0012 2000 0000 0000 0000#1626595314438403#-45.5#4.945554060143307#9
0000 001C 2000 0000 0000 0000#1626595314441640#-46.5#3.509748042682347#9
0000 0011 2000 0000 0000 0000#1626595314715407#-43.5#4.301282129231338#9
0000 001C 2000 0000 0000 0000#1626595314716474#-59.5#2.9820586516496865#9
0000 0016 2000 0000 0000 0000#1626595314717789#-37.5#3.1968159619536762#9
0000 0012 2000 0000 0000 0000#1626595314719364#-41.5#3.11091303783208#9
0000 001A 2000 0000 0000 0000#1626595314721865#-40.0#3.1784081924990484#9
0000 0017 2000 0000 0000 0000#1626595314722973#-34.0#1.8714565612204823#9
0000 0010 2000 0000 0000 0000#1626595314724811#-45.5#0.5706408530934585#9
0000 0018 2000 0000 0000 0000#1626595314726328#-45.0#1.2701360923693108#9
0000 0019 2000 0000 0000 0000#1626595314728115#-48.5#5.166447293598839#9
0000 0014 2000 0000 0000 0000#1626595314729865#-64.0#1.9880391010997909#9
0000 000F 2000 0000 0000 0000#1626595314730898#-40.5#1.7548740213411735#9
3008 33B2 DDD9 0140 2018 0626#1626595314732377#-62.0#5.559146375297564#9
0000 001B 2000 0000 0000 0000#1626595314734581#-49.5#3.3747577333484107#9
0000 0013 2000 0000 0000 0000#1626595314737322#-55.5#3.356349963893783#9
0000 0015 2000 0000 0000 0000#1626595314738643#-56.0#1.8100973297050567#9
0000 0010 2000 0000 0000 0000#1626595314743386#-46.0#0.44178646691106466#9
0000 001B 2000 0000 0000 0000#1626595314744663#-50.0#3.393165502803038#9
0000 0016 2000 0000 0000 0000#1626595314746579#-38.0#3.1661363461959633#9
0000 0019 2000 0000 0000 0000#1626595314747914#-47.0#4.9823695990525625#9
0000 0018 2000 0000 0000 0000#1626595314749002#-45.5#1.1719613219446299#9
0000 000F 2000 0000 0000 0000#1626595314750083#-41.0#1.7119225592803755#9
0000 001C 2000 0000 0000 0000#1626595314751963#-60.5#2.730485802436441#9
0000 001A 2000 0000 0000 0000#1626595314752993#-40.5#3.1354567304382504#9
0000 0013 2000 0000 0000 0000#1626595314754119#-56.0#3.2459033471660166#9
0000 0015 2000 0000 0000 0000#1626595314755197#-56.0#1.6566992509164924#9
0000 0017 2000 0000 0000 0000#1626595314756261#-35.0#1.8285050991596843#9
0000 0011 2000 0000 0000 0000#1626595314757805#-42.0#4.0128937411088375#9
3008 33B2 DDD9 0140 2018 0626#1626595314759279#-62.0#5.559146375297564#9
0000 0012 2000 0000 0000 0000#1626595314760255#-43.5#3.11091303783208#9
0000 0014 2000 0000 0000 0000#1626595314771746#-67.0#1.0799224746714913#9
0000 0017 2000 0000 0000 0000#1626595315034678#-43.5#0.8099418560036186#9
0000 0010 2000 0000 0000 0000#1626595315035952#-44.5#4.196971435655114#9
0000 0014 2000 0000 0000 0000#1626595315037019#-62.0#4.767612288748572#9
0000 0019 2000 0000 0000 0000#1626595315038069#-43.5#3.393165502803038#9
0000 0011 2000 0000 0000 0000#1626595315039370#-45.0#3.06182565261974#9
0000 001A 2000 0000 0000 0000#1626595315042514#-52.0#2.724349879284899#9
0000 0012 2000 0000 0000 0000#1626595315043845#-54.5#2.380738182798515#9
0000 0018 2000 0000 0000 0000#1626595315045683#-46.5#5.031456984264903#9
3008 33B2 DDD9 0140 2018 0626#1626595315046776#-61.5#5.197126909356553#9
0000 000F 2000 0000 0000 0000#1626595315048332#-49.5#0.09817477042468103#9
0000 0016 2000 0000 0000 0000#1626595315049440#-42.5#2.4850488763747385#9
0000 001D 2000 0000 0000 0000#1626595315050987#-56.0#1.6751070203711202#9
0000 0015 2000 0000 0000 0000#1626595315052521#-52.5#0.1902136176978195#9
0000 001B 2000 0000 0000 0000#1626595315054170#-57.5#1.5033011721279284#9
0000 001C 2000 0000 0000 0000#1626595315055243#-61.5#5.767767762450011#9
0000 0013 2000 0000 0000 0000#1626595315058376#-56.0#0.8099418560036186#9
0000 0018 2000 0000 0000 0000#1626595315063642#-48.0#4.921010367537137#9
0000 0019 2000 0000 0000 0000#1626595315064934#-44.0#3.4054373491061236#9
0000 0011 2000 0000 0000 0000#1626595315066036#-46.0#3.08636934522591#9
0000 000F 2000 0000 0000 0000#1626595315067071#-50.0#6.191146459906448#9
0000 001D 2000 0000 0000 0000#1626595315068929#-55.5#1.6014759425526093#9
0000 001C 2000 0000 0000 0000#1626595315069956#-62.0#5.6143696836614465#9
0000 0010 2000 0000 0000 0000#1626595315074323#-44.5#4.049709280018092#9
0000 0013 2000 0000 0000 0000#1626595315076146#-56.0#0.619728238305799#9
0000 0016 2000 0000 0000 0000#1626595315077706#-43.0#2.429825568010856#9
0000 0015 2000 0000 0000 0000#1626595315078946#-52.5#0.09817477042468103#9
3008 33B2 DDD9 0140 2018 0626#1626595315080760#-61.5#5.135767677841127#9
0000 0017 2000 0000 0000 0000#1626595315082040#-44.5#0.5092816215780329#9
0000 0014 2000 0000 0000 0000#1626595315083705#-60.5#4.289010282928253#9
0000 001A 2000 0000 0000 0000#1626595315084766#-53.5#2.6200391857086753#9
0000 0012 2000 0000 0000 0000#1626595315085839#-54.0#2.110757564130642#9
0000 001B 2000 0000 0000 0000#1626595315087458#-56.5#1.2946797849754812#9
0000 0019 2000 0000 0000 0000#1626595315352690#-55.5#2.466641106920111#9
0000 0013 2000 0000 0000 0000#1626595315354270#-57.5#3.6079228131070282#9
0000 0011 2000 0000 0000 0000#1626595315355442#-52.5#1.4603497100671303#9
0000 000F 2000 0000 0000 0000#1626595315366608#-47.0#4.147884050442774#9
0000 001D 2000 0000 0000 0000#1626595315367616#-56.5#6.2034183062095325#9
0000 0014 2000 0000 0000 0000#1626595315369516#-56.5#1.9634954084936207#9
0000 0012 2000 0000 0000 0000#1626595315370856#-57.0#5.5714182216006485#9
0000 0010 2000 0000 0000 0000#1626595315373949#-49.0#3.2949907323783574#9
0000 0017 2000 0000 0000 0000#1626595315374998#-44.5#4.424000592262189#9
0000 0018 2000 0000 0000 0000#1626595315376086#-49.0#3.6447383520162835#9
0000 0016 2000 0000 0000 0000#1626595315377149#-51.0#0.859029241215959#9
0000 001C 2000 0000 0000 0000#1626595315379752#-58.5#2.497320722677824#9
0000 001B 2000 0000 0000 0000#1626595315381218#-59.0#4.1172044346850605#9
0000 001A 2000 0000 0000 0000#1626595315383375#-59.0#0.11658253987930872#9
0000 0017 2000 0000 0000 0000#1626595315388201#-44.0#4.362641360746763#9
0000 0018 2000 0000 0000 0000#1626595315389203#-49.0#3.6140587362585705#9
0000 001B 2000 0000 0000 0000#1626595315390510#-59.0#4.037437433715008#9
0000 001D 2000 0000 0000 0000#1626595315391573#-55.5#6.062292073724054#9
