0000 0015 2000 0000 0000 0000#1626595657710216#-50.5#3.5342917352885173#9
0000 0010 2000 0000 0000 0000#1626595657711873#-44.0#4.565126824747668#9
0000 0014 2000 0000 0000 0000#1626595657713209#-49.5#2.6568547246179306#9
0000 001D 2000 0000 0000 0000#1626595657714231#-48.5#3.1906800388021335#9
0000 0013 2000 0000 0000 0000#1626595657715512#-51.0#1.4910293258248433#9
0000 001A 2000 0000 0000 0000#1626595657716586#-45.5#5.632777453116074#9
0000 0011 2000 0000 0000 0000#1626595657718131#-44.0#5.0253210611133605#9
0000 000F 2000 0000 0000 0000#1626595657719165#-47.0#4.04357335686655#9
0000 0017 2000 0000 0000 0000#1626595657721210#-46.5#3.3195344249845276#9
0000 001C 2000 0000 0000 0000#1626595657722531#-48.5#2.3071071049800045#9
0000 001B 2000 0000 0000 0000#1626595657723992#-49.0#0.9633399347921826#9
0000 0012 2000 0000 0000 0000#1626595657726412#-49.0#6.258641614573416#9
0000 0019 2000 0000 0000 0000#1626595657728977#-44.0#4.8351074434155406#9
0000 0018 2000 0000 0000 0000#1626595657730006#-45.5#4.368777283898306#9
0000 0011 2000 0000 0000 0000#1626595657735466#-44.0#5.031456984264903#9
0000 0014 2000 0000 0000 0000#1626595657736532#-49.5#2.650718801466388#9
0000 001B 2000 0000 0000 0000#1626595657738066#-49.0#0.9326603190344698#9
0000 0013 2000 0000 0000 0000#1626595657740997#-51.0#1.509437095279471#9
0000 0010 2000 0000 0000 0000#1626595657742570#-44.0#4.577398671050753#9
0000 0017 2000 0000 0000 0000#1626595657744087#-46.0#3.3379421944391554#9
0000 0015 2000 0000 0000 0000#1626595657746190#-50.5#3.54042765844006#9
0000 0012 2000 0000 0000 0000#1626595657747587#-48.5#0.006135923151542565#9
0000 001A 2000 0000 0000 0000#1626595657751725#-45.5#5.651185222570702#9
0000 0018 2000 0000 0000 0000#1626595657752928#-45.5#4.3933209765044765#9
0000 0019 2000 0000 0000 0000#1626595657753989#-44.0#4.859651136021712#9
0000 001D 2000 0000 0000 0000#1626595657755033#-48.5#3.2213596545598464#9
0000 000F 2000 0000 0000 0000#1626595657756114#-47.0#4.04357335686655#9
0000 001C 2000 0000 0000 0000#1626595657757541#-49.0#2.2948352586769194#9
0000 001A 2000 0000 0000 0000#1626595658020561#-45.5#5.460971604872882#9
0000 0011 2000 0000 0000 0000#1626595658021892#-44.0#4.8351074434155406#9
0000 0019 2000 0000 0000 0000#1626595658024097#-44.5#4.681709364626977#9
0000 001C 2000 0000 0000 0000#1626595658025126#-48.5#2.1230294104337273#9
0000 0010 2000 0000 0000 0000#1626595658026174#-44.0#4.368777283898306#9
0000 001D 2000 0000 0000 0000#1626595658027995#-48.5#3.018874190558942#9
0000 0018 2000 0000 0000 0000#1626595658030136#-45.5#4.184699589352029#9
0000 0015 2000 0000 0000 0000#1626595658031657#-50.5#3.32567034813607#9
0000 000F 2000 0000 0000 0000#1626595658032720#-47.0#3.8840393549264434#9
0000 0017 2000 0000 0000 0000#1626595658033725#-47.0#3.1354567304382504#9
0000 001B 2000 0000 0000 0000#1626595658034788#-49.5#0.7792622402459057#9
0000 0012 2000 0000 0000 0000#1626595658036162#-48.5#6.092971689481767#9
0000 0013 2000 0000 0000 0000#1626595658037243#-50.5#1.3069516312785663#9
0000 0014 2000 0000 0000 0000#1626595658046999#-49.5#2.0800779483729293#9
0000 001B 2000 0000 0000 0000#1626595658054446#-49.0#0.36815538909255385#9
0000 000F 2000 0000 0000 0000#1626595658055509#-47.0#3.479068426924634#9
0000 0011 2000 0000 0000 0000#1626595658057636#-44.5#4.473087977474529#9
0000 0018 2000 0000 0000 0000#1626595658058671#-46.5#3.785864584501762#9
0000 0010 2000 0000 0000 0000#1626595658060212#-44.5#3.9944859716542096#9
0000 0012 2000 0000 0000 0000#1626595658061731#-48.5#5.730952223540755#9
0000 001A 2000 0000 0000 0000#1626595658063059#-45.0#5.092816215780329#9
0000 0019 2000 0000 0000 0000#1626595658064095#-44.0#4.28287435977671#9
0000 0013 2000 0000 0000 0000#1626595658066165#-50.5#0.9633399347921826#9
0000 0014 2000 0000 0000 0000#1626595658067867#-49.5#2.0800779483729293#9
0000 0015 2000 0000 0000 0000#1626595658068902#-50.5#2.890019804376548#9
0000 0017 2000 0000 0000 0000#1626595658069950#-47.0#2.718213956133356#9
0000 001D 2000 0000 0000 0000#1626595658071864#-48.5#2.5893595699509624#9
0000 001C 2000 0000 0000 0000#1626595658073390#-48.5#1.705786636128833#9
0000 001B 2000 0000 0000 0000#1626595658336948#-49.0#0.5460971604872883#9
0000 000F 2000 0000 0000 0000#1626595658338026#-47.0#3.6263305825616556#9
0000 001C 2000 0000 0000 0000#1626595658339947#-48.0#1.9266798695843652#9
0000 0011 2000 0000 0000 0000#1626595658341596#-45.0#4.651029748869264#9
0000 0017 2000 0000 0000 0000#1626595658343171#-46.5#2.9206994201342606#9
0000 0015 2000 0000 0000 0000#1626595658344238#-50.5#3.0802334220743677#9
0000 0019 2000 0000 0000 0000#1626595658345554#-44.5#4.454680208019902#9
0000 0013 2000 0000 0000 0000#1626595658347346#-50.5#1.1290098598838318#9
0000 0014 2000 0000 0000 0000#1626595658348669#-50.0#2.282563412373834#9
0000 0018 2000 0000 0000 0000#1626595658353172#-46.0#4.006757817957295#9
0000 0010 2000 0000 0000 0000#1626595658354231#-44.0#4.178563666200486#9
0000 001A 2000 0000 0000 0000#1626595658356871#-45.5#5.258486140871978#9
0000 0012 2000 0000 0000 0000#1626595658359372#-48.5#5.872078456026235#9
0000 001D 2000 0000 0000 0000#1626595658360674#-48.0#2.7857091108003242#9
0000 001C 2000 0000 0000 0000#1626595658364813#-48.5#1.9144080232812801#9
0000 000F 2000 0000 0000 0000#1626595658365877#-46.5#3.6324665057131984#9
0000 001D 2000 0000 0000 0000#1626595658367913#-48.5#2.761165418194154#9
0000 0017 2000 0000 0000 0000#1626595658369215#-47.0#2.9084275738311756#9
0000 0012 2000 0000 0000 0000#1626595658371457#-48.5#5.902758071783947#9
0000 0015 2000 0000 0000 0000#1626595658372507#-51.0#3.1231848841351653#9
0000 0010 2000 0000 0000 0000#1626595658373821#-44.0#4.172427743048944#9
0000 001A 2000 0000 0000 0000#1626595658374867#-45.5#5.252350217720435#9
0000 0011 2000 0000 0000 0000#1626595658376518#-43.5#4.651029748869264#9
0000 0013 2000 0000 0000 0000#1626595658377546#-51.0#1.1228739367322893#9
0000 0014 2000 0000 0000 0000#1626595658380305#-50.0#2.282563412373834#9
0000 001B 2000 0000 0000 0000#1626595658383350#-49.0#0.5951845456996288#9
0000 0018 2000 0000 0000 0000#1626595658385451#-46.0#3.9822141253511245#9
0000 0019 2000 0000 0000 0000#1626595658386496#-44.0#4.4362724385652745#9
0000 001C 2000 0000 0000 0000#1626595658651291#-48.5#1.3314953238847365#9
0000 0010 2000 0000 0000 0000#1626595658652337#-44.5#3.5772431973493153#9
0000 0011 2000 0000 0000 0000#1626595658653521#-43.5#4.0987966652304335#9
0000 0019 2000 0000 0000 0000#1626595658654583#-45.0#3.9085830475326135#9
0000 0012 2000 0000 0000 0000#1626595658663774#-49.0#5.522330836388308#9
0000 0017 2000 0000 0000 0000#1626595658665890#-47.0#2.5464081078901644#9
0000 0015 2000 0000 0000 0000#1626595658670872#-50.5#2.730485802436441#9
0000 0018 2000 0000 0000 0000#1626595658672143#-46.0#3.6017868899554855#9
0000 001A 2000 0000 0000 0000#1626595658673769#-44.0#4.890330751779424#9
0000 0014 2000 0000 0000 0000#1626595658674835#-49.5#1.9082721001297376#9
0000 0013 2000 0000 0000 0000#1626595658676602#-51.0#0.7669903939428205#9
0000 001B 2000 0000 0000 0000#1626595658679083#-49.5#0.16566992509164924#9
0000 000F 2000 0000 0000 0000#1626595658680246#-47.5#3.2520392703175593#9
0000 001D 2000 0000 0000 0000#1626595658681776#-48.5#2.386874105950058#9
0000 0018 2000 0000 0000 0000#1626595658688024#-46.0#3.5895150436524004#9
0000 000F 2000 0000 0000 0000#1626595658689941#-47.5#3.2459033471660166#9
0000 001D 2000 0000 0000 0000#1626595658691758#-48.5#2.386874105950058#9
0000 0013 2000 0000 0000 0000#1626595658693306#-51.5#0.760854470791278#9
0000 001A 2000 0000 0000 0000#1626595658694389#-43.5#4.890330751779424#9
0000 0012 2000 0000 0000 0000#1626595658695694#-48.5#5.516194913236766#9
0000 0010 2000 0000 0000 0000#1626595658697073#-44.5#3.761320891895592#9
0000 001C 2000 0000 0000 0000#1626595658698386#-49.0#1.521708941582556#9
0000 0019 2000 0000 0000 0000#1626595658700650#-44.5#4.074252972624263#9
0000 0017 2000 0000 0000 0000#1626595658701829#-46.5#2.5464081078901644#9
0000 0014 2000 0000 0000 0000#1626595658702895#-49.0#1.8960002538266525#9
0000 0011 2000 0000 0000 0000#1626595658703983#-44.5#4.252194744018997#9
0000 001B 2000 0000 0000 0000#1626595658705065#-49.0#0.15339807878856412#9
0000 0015 2000 0000 0000 0000#1626595658706484#-50.5#2.6875343403756435#9
0000 001B 2000 0000 0000 0000#1626595658969355#-49.0#0.9265243958829272#9
0000 0013 2000 0000 0000 0000#1626595658971161#-51.0#1.509437095279471#9
0000 0017 2000 0000 0000 0000#1626595658972451#-46.0#3.3195344249845276#9
0000 0012 2000 0000 0000 0000#1626595658974966#-48.5#6.234097921967246#9
0000 001A 2000 0000 0000 0000#1626595658979353#-45.0#5.589825991055276#9
0000 0019 2000 0000 0000 0000#1626595658980658#-43.5#4.798291904506286#9
0000 0010 2000 0000 0000 0000#1626595658981662#-43.5#4.503767593232243#9
0000 001D 2000 0000 0000 0000#1626595658982935#-48.5#3.215223731408304#9
0000 001C 2000 0000 0000 0000#1626595658984240#-48.5#2.350058567040802#9
0000 0018 2000 0000 0000 0000#1626595658985399#-44.5#4.338097668140593#9
0000 000F 2000 0000 0000 0000#1626595658986463#-46.0#4.0128937411088375#9
0000 0011 2000 0000 0000 0000#1626595658987511#-43.5#4.957825906446392#9
0000 0014 2000 0000 0000 0000#1626595658990162#-49.5#2.6691265709210157#9
0000 0015 2000 0000 0000 0000#1626595658991356#-50.0#3.54042765844006#9
0000 0011 2000 0000 0000 0000#1626595658996975#-43.5#4.970097752749477#9
0000 0015 2000 0000 0000 0000#1626595658998683#-50.0#3.5281558121369745#9
0000 0012 2000 0000 0000 0000#1626595659000250#-48.5#6.240233845118788#9
0000 000F 2000 0000 0000 0000#1626595659001541#-46.0#4.0128937411088375#9
0000 0017 2000 0000 0000 0000#1626595659003090#-45.5#3.3195344249845276#9
0000 0010 2000 0000 0000 0000#1626595659004534#-41.5#4.4976316700806995#9
0000 0014 2000 0000 0000 0000#1626595659006325#-49.0#2.6813984172241008#9
0000 001B 2000 0000 0000 0000#1626595659007389#-48.5#0.9387962421860124#9
0000 001A 2000 0000 0000 0000#1626595659008589#-45.0#5.577554144752192#9
0000 0019 2000 0000 0000 0000#1626595659010804#-43.5#4.798291904506286#9
0000 0018 2000 0000 0000 0000#1626595659011865#-44.5#4.338097668140593#9
0000 001D 2000 0000 0000 0000#1626595659012926#-48.5#3.2090878082567613#9
0000 001C 2000 0000 0000 0000#1626595659014081#-48.5#2.337786720737717#9
0000 0013 2000 0000 0000 0000#1626595659015191#-51.0#1.5155730184310134#9
0000 001A 2000 0000 0000 0000#1626595659287684#-44.5#0.28225246497095796#9
0000 0018 2000 0000 0000 0000#1626595659288976#-44.0#3.890175278077986#9
0000 001B 2000 0000 0000 0000#1626595659290084#-45.0#1.6812429435226628#9
0000 0016 2000 0000 0000 0000#1626595659291122#-46.0#3.3318062712876126#9
0000 0011 2000 0000 0000 0000#1626595659292166#-47.0#5.595961914206819#9
0000 0017 2000 0000 0000 0000#1626595659294098#-35.5#2.6323110320117604#9
0000 001C 2000 0000 0000 0000#1626595659295455#-44.0#2.6200391857086753#9
0000 0010 2000 0000 0000 0000#1626595659296540#-44.0#4.338097668140593#9
0000 001D 2000 0000 0000 0000#1626595659297605#-45.0#3.313398501832985#9
0000 0012 2000 0000 0000 0000#1626595659298907#-46.5#1.0799224746714913#9
0000 0014 2000 0000 0000 0000#1626595659300573#-45.5#2.8838838812250054#9
0000 0019 2000 0000 0000 0000#1626595659301861#-46.0#5.160311370447297#9
0000 0013 2000 0000 0000 0000#1626595659302900#-46.0#2.141437179888355#9
0000 000F 2000 0000 0000 0000#1626595659304193#-40.5#3.380893656499953#9
0000 0015 2000 0000 0000 0000#1626595659305598#-48.0#3.6570101983193686#9
0000 0014 2000 0000 0000 0000#1626595659310447#-45.5#2.9206994201342606#9
0000 001D 2000 0000 0000 0000#1626595659312834#-45.0#3.3502140407422405#9
0000 001C 2000 0000 0000 0000#1626595659314389#-43.5#2.650718801466388#9
0000 0018 2000 0000 0000 0000#1626595659315926#-43.5#3.9453985864418692#9
0000 000F 2000 0000 0000 0000#1626595659317283#-40.5#3.399301425954581#9
0000 0010 2000 0000 0000 0000#1626595659318635#-44.0#4.399456899656019#9
0000 0017 2000 0000 0000 0000#1626595659319911#-35.0#2.675262494072558#9
0000 001A 2000 0000 0000 0000#1626595659322957#-45.5#0.5154175447295755#9
0000 0019 2000 0000 0000 0000#1626595659324950#-46.5#5.2768939103266055#9
0000 0011 2000 0000 0000 0000#1626595659326465#-47.0#5.8045833013592665#9
0000 0013 2000 0000 0000 0000#1626595659330205#-46.0#2.2334760271614935#9
0000 001B 2000 0000 0000 0000#1626595659332145#-44.5#1.846912868614312#9
0000 0015 2000 0000 0000 0000#1626595659333508#-47.5#3.7122335066832517#9
0000 0012 2000 0000 0000 0000#1626595659335048#-46.0#1.2578642460662257#9
0000 0016 2000 0000 0000 0000#1626595659336056#-44.0#3.3440781175906977#9
0000 0019 2000 0000 0000 0000#1626595659599162#-46.5#0.9694758579437253#9
0000 0012 2000 0000 0000 0000#1626595659600433#-42.0#2.5157284921324514#9
0000 0013 2000 0000 0000 0000#1626595659601518#-42.5#3.2888548092268146#9
0000 0011 2000 0000 0000 0000#1626595659603987#-45.0#1.4603497100671303#9
0000 000F 2000 0000 0000 0000#1626595659605022#-40.0#4.442408361716817#9
0000 001C 2000 0000 0000 0000#1626595659606093#-41.5#3.693825737228624#9
0000 0017 2000 0000 0000 0000#1626595659607128#-33.0#3.5956509668039427#9
0000 0010 2000 0000 0000 0000#1626595659608723#-45.0#6.019340611663256#9
0000 0016 2000 0000 0000 0000#1626595659609791#-39.0#3.9760782021995817#9
0000 001A 2000 0000 0000 0000#1626595659610837#-41.5#2.0923497946760143#9
0000 0014 2000 0000 0000 0000#1626595659612373#-43.0#3.9576704327449543#9
0000 001D 2000 0000 0000 0000#1626595659614900#-42.5#4.264466590322082#9
0000 0018 2000 0000 0000 0000#1626595659618112#-44.5#5.270757987175063#9
0000 001B 2000 0000 0000 0000#1626595659619164#-41.0#2.945243112740431#9
0000 0015 2000 0000 0000 0000#1626595659620228#-46.0#4.546719055293041#9
0000 0016 2000 0000 0000 0000#1626595659627368#-38.5#4.049709280018092#9
0000 001D 2000 0000 0000 0000#1626595659628429#-42.5#4.295146206079795#9
0000 000F 2000 0000 0000 0000#1626595659629735#-40.5#4.546719055293041#9
0000 0019 2000 0000 0000 0000#1626595659630740#-46.0#1.1351457830353744#9
0000 0018 2000 0000 0000 0000#1626595659631815#-45.0#5.356660911296659#9
0000 0012 2000 0000 0000 0000#1626595659632848#-41.5#2.6139032625571326#9
0000 0017 2000 0000 0000 0000#1626595659633956#-33.5#3.6999616603801666#9
0000 0010 2000 0000 0000 0000#1626595659636560#-45.5#6.215690152512618#9
0000 001B 2000 0000 0000 0000#1626595659638125#-41.0#3.0127382674073995#9
0000 001A 2000 0000 0000 0000#1626595659639793#-39.5#2.1905245651006955#9
0000 0015 2000 0000 0000 0000#1626595659640829#-46.0#4.601942363656923#9
0000 001C 2000 0000 0000 0000#1626595659643097#-41.5#3.785864584501762#9
0000 0011 2000 0000 0000 0000#1626595659644295#-43.0#1.6444274046134073#9
0000 0013 2000 0000 0000 0000#1626595659645624#-42.0#3.4177091954092087#9
0000 0014 2000 0000 0000 0000#1626595659648870#-42.5#4.031301510563465#9
0000 001D 2000 0000 0000 0000#1626595659915036#-42.5#4.411728745959104#9
0000 0015 2000 0000 0000 0000#1626595659916622#-46.0#4.651029748869264#9
0000 001C 2000 0000 0000 0000#1626595659918776#-40.0#4.0128937411088375#9
0000 0014 2000 0000 0000 0000#1626595659920526#-41.5#4.196971435655114#9
0000 0017 2000 0000 0000 0000#1626595659921533#-34.5#4.577398671050753#9
0000 0013 2000 0000 0000 0000#1626595659922875#-41.0#3.6815538909255388#9
0000 0019 2000 0000 0000 0000#1626595659923956#-42.5#1.9819031779482483#9
0000 001A 2000 0000 0000 0000#1626595659925454#-38.5#2.60776733940559#9
0000 0010 2000 0000 0000 0000#1626595659926517#-44.5#1.1044661672776617#9
0000 000F 2000 0000 0000 0000#1626595659927795#-41.5#5.6143696836614465#9
0000 001B 2000 0000 0000 0000#1626595659929190#-39.5#3.356349963893783#9
0000 0011 2000 0000 0000 0000#1626595659931456#-40.0#2.1905245651006955#9
0000 0012 2000 0000 0000 0000#1626595659932547#-39.5#3.000466421104314#9
0000 0016 2000 0000 0000 0000#1626595659933625#-39.0#4.71238898038469#9
0000 0018 2000 0000 0000 0000#1626595659934815#-44.5#0.3190680038802134#9
0000 0018 2000 0000 0000 0000#1626595659938851#-43.0#0.35588354278946877#9
0000 001D 2000 0000 0000 0000#1626595659940127#-42.0#4.442408361716817#9
0000 0010 2000 0000 0000 0000#1626595659943110#-44.0#1.141281706186917#9
0000 0016 2000 0000 0000 0000#1626595659944218#-39.0#4.73693267299086#9
0000 001A 2000 0000 0000 0000#1626595659945279#-38.0#2.6323110320117604#9
0000 0017 2000 0000 0000 0000#1626595659946626#-34.5#4.693981210930062#9
0000 001C 2000 0000 0000 0000#1626595659947740#-40.0#4.074252972624263#9
0000 0011 2000 0000 0000 0000#1626595659948998#-41.0#2.2518837966161214#9
0000 0019 2000 0000 0000 0000#1626595659950532#-42.0#2.0493983326152168#9
0000 000F 2000 0000 0000 0000#1626595659952926#-41.0#5.724816300389213#9
0000 0012 2000 0000 0000 0000#1626595659955331#-40.0#3.08636934522591#9
0000 001B 2000 0000 0000 0000#1626595659957234#-39.5#3.4177091954092087#9
0000 0014 2000 0000 0000 0000#1626595659958286#-41.5#4.270602513473625#9
0000 0015 2000 0000 0000 0000#1626595659959352#-46.0#4.706253057233147#9
0000 0013 2000 0000 0000 0000#1626595659960750#-41.0#3.749049045592507#9
0000 0011 2000 0000 0000 0000#1626595660226959#-38.0#3.6815538909255388#9
0000 000F 2000 0000 0000 0000#1626595660228036#-38.5#1.4542137869155878#9
0000 0010 2000 0000 0000 0000#1626595660229179#-39.0#2.816388726558037#9
0000 001C 2000 0000 0000 0000#1626595660230227#-38.5#5.258486140871978#9
0000 001B 2000 0000 0000 0000#1626595660231560#-38.0#4.749204519293945#9
0000 0017 2000 0000 0000 0000#1626595660232883#-32.5#0.4908738521234052#9
0000 0018 2000 0000 0000 0000#1626595660234400#-41.0#2.2580197197676637#9
0000 0013 2000 0000 0000 0000#1626595660235682#-39.0#5.0253210611133605#9
0000 001A 2000 0000 0000 0000#1626595660237509#-36.5#4.104932588381976#9
0000 0014 2000 0000 0000 0000#1626595660239019#-40.5#5.399612373357457#9
0000 001D 2000 0000 0000 0000#1626595660240779#-41.0#5.553010452146021#9
0000 0019 2000 0000 0000 0000#1626595660242098#-39.0#3.5588354278946874#9
0000 0016 2000 0000 0000 0000#1626595660243361#-38.0#0.4540583132141498#9
0000 0012 2000 0000 0000 0000#1626595660244410#-38.0#4.479223900626073#9
0000 0015 2000 0000 0000 0000#1626595660249392#-44.5#5.706408530934585#9
0000 0014 2000 0000 0000 0000#1626595660254836#-40.5#5.43029198911517#9
0000 0016 2000 0000 0000 0000#1626595660257057#-38.0#0.5276893910326605#9
0000 001A 2000 0000 0000 0000#1626595660258366#-36.0#4.135612204139688#9
0000 0017 2000 0000 0000 0000#1626595660259713#-33.0#0.607456392002714#9
0000 0019 2000 0000 0000 0000#1626595660261039#-39.0#3.5956509668039427#9
0000 000F 2000 0000 0000 0000#1626595660262260#-38.5#1.576932249946439#9
0000 0013 2000 0000 0000 0000#1626595660263570#-39.0#5.062136600022616#9
0000 001B 2000 0000 0000 0000#1626595660264649#-37.5#4.804427827657828#9
0000 0015 2000 0000 0000 0000#1626595660266200#-44.5#5.71868037723767#9
0000 001D 2000 0000 0000 0000#1626595660267487#-41.5#5.5714182216006485#9
0000 0011 2000 0000 0000 0000#1626595660268537#-38.0#3.7551849687440497#9
0000 0012 2000 0000 0000 0000#1626595660269832#-37.5#4.509903516383785#9
0000 001C 2000 0000 0000 0000#1626595660271361#-38.5#5.307573526084319#9
0000 0010 2000 0000 0000 0000#1626595660275892#-40.0#2.9268353432858034#9
0000 0018 2000 0000 0000 0000#1626595660276954#-40.5#2.380738182798515#9
0000 0016 2000 0000 0000 0000#1626595660542222#-36.0#1.0492428589137786#9
0000 0010 2000 0000 0000 0000#1626595660544690#-35.5#2.816388726558037#9
0000 001C 2000 0000 0000 0000#1626595660546091#-37.5#5.049864753719531#9
0000 001B 2000 0000 0000 0000#1626595660547358#-36.5#4.638757902566179#9
0000 001A 2000 0000 0000 0000#1626595660548468#-34.0#4.006757817957295#9
0000 0015 2000 0000 0000 0000#1626595660550326#-44.0#5.264622064023521#9
0000 0013 2000 0000 0000 0000#1626595660551405#-38.5#4.884194828627882#9
0000 000F 2000 0000 0000 0000#1626595660552515#-34.5#1.8407769454627694#9
0000 0014 2000 0000 0000 0000#1626595660553871#-39.5#5.148039524144211#9
0000 0017 2000 0000 0000 0000#1626595660554977#-29.5#1.0737865515199487#9
0000 001D 2000 0000 0000 0000#1626595660556182#-40.5#5.190990986205009#9
0000 0019 2000 0000 0000 0000#1626595660558072#-37.5#3.4606606574700063#9
0000 0012 2000 0000 0000 0000#1626595660559392#-36.5#4.381049130201391#9
0000 0018 2000 0000 0000 0000#1626595660560860#-37.0#2.411417798556228#9
0000 0011 2000 0000 0000 0000#1626595660561910#-36.0#3.6201946594101133#9
0000 001D 2000 0000 0000 0000#1626595660567628#-40.5#5.203262832508095#9
0000 0019 2000 0000 0000 0000#1626595660568734#-37.0#3.479068426924634#9
0000 0015 2000 0000 0000 0000#1626595660569797#-44.0#5.2768939103266055#9
0000 0016 2000 0000 0000 0000#1626595660571090#-36.0#1.1658253987930873#9
0000 0012 2000 0000 0000 0000#1626595660573414#-35.5#4.405592822807561#9
0000 001A 2000 0000 0000 0000#1626595660574840#-34.0#4.0558452031696355#9
0000 0014 2000 0000 0000 0000#1626595660575909#-39.0#5.160311370447297#9
0000 000F 2000 0000 0000 0000#1626595660577727#-34.0#1.902136176978195#9
0000 0010 2000 0000 0000 0000#1626595660578857#-35.0#2.8654761117703775#9
0000 0013 2000 0000 0000 0000#1626595660579938#-38.0#4.92714629068868#9
0000 0017 2000 0000 0000 0000#1626595660582313#-29.0#1.1596894756415448#9
0000 001C 2000 0000 0000 0000#1626595660584693#-37.5#5.098952138931871#9
0000 0011 2000 0000 0000 0000#1626595660586474#-35.0#3.6815538909255388#9
0000 001B 2000 0000 0000 0000#1626595660588357#-37.0#4.700117134081604#9
0000 0018 2000 0000 0000 0000#1626595660591113#-36.5#2.4911847995262812#9
0000 0010 2000 0000 0000 0000#1626595660854460#-35.0#3.5956509668039427#9
0000 0014 2000 0000 0000 0000#1626595660855824#-39.5#5.553010452146021#9
0000 0017 2000 0000 0000 0000#1626595660857186#-27.5#2.2212041808584084#9
0000 0016 2000 0000 0000 0000#1626595660859246#-34.0#2.3930100291016#9
0000 001D 2000 0000 0000 0000#1626595660860563#-41.5#5.516194913236766#9
0000 0013 2000 0000 0000 0000#1626595660862753#-38.5#5.442563835418255#9
0000 0015 2000 0000 0000 0000#1626595660863831#-45.0#5.50392306693368#9
0000 001C 2000 0000 0000 0000#1626595660864886#-38.0#5.5100589900852235#9
0000 000F 2000 0000 0000 0000#1626595660866664#-31.5#2.7979809571034093#9
0000 0018 2000 0000 0000 0000#1626595660869210#-34.5#3.2643111166206444#9
0000 0019 2000 0000 0000 0000#1626595660870273#-36.0#4.178563666200486#9
0000 0011 2000 0000 0000 0000#1626595660871336#-35.5#4.344233591292136#9
0000 001A 2000 0000 0000 0000#1626595660874338#-35.5#4.743068596142402#9
0000 0012 2000 0000 0000 0000#1626595660875400#-36.0#5.049864753719531#9
0000 001B 2000 0000 0000 0000#1626595660876974#-36.0#5.2339424482658075#9
0000 0017 2000 0000 0000 0000#1626595660882907#-26.0#2.3193789512830896#9
0000 000F 2000 0000 0000 0000#1626595660884469#-31.5#2.8409324191642074#9
0000 001D 2000 0000 0000 0000#1626595660886014#-41.5#5.491651220630596#9
0000 0011 2000 0000 0000 0000#1626595660887952#-34.0#4.368777283898306#9
0000 0015 2000 0000 0000 0000#1626595660890300#-45.0#5.485515297479052#9
0000 0012 2000 0000 0000 0000#1626595660891687#-35.0#5.080544369477243#9
0000 001A 2000 0000 0000 0000#1626595660893314#-33.5#4.755340442445488#9
0000 001C 2000 0000 0000 0000#1626595660894905#-38.0#5.540738605842936#9
0000 0016 2000 0000 0000 0000#1626595660895996#-33.5#2.5157284921324514#9
0000 0010 2000 0000 0000 0000#1626595660898928#-33.0#3.6692820446224537#9
0000 0018 2000 0000 0000 0000#1626595660901144#-34.0#3.3379421944391554#9
0000 0014 2000 0000 0000 0000#1626595660902183#-39.5#5.583690067903734#9
0000 0013 2000 0000 0000 0000#1626595660912927#-38.5#4.92714629068868#9
0000 001B 2000 0000 0000 0000#1626595660913978#-37.0#4.706253057233147#9
0000 0019 2000 0000 0000 0000#1626595660915159#-36.0#3.6447383520162835#9
0000 0010 2000 0000 0000 0000#1626595661177331#-33.0#3.693825737228624#9
0000 0014 2000 0000 0000 0000#1626595661179975#-41.0#5.190990986205009#9
0000 0015 2000 0000 0000 0000#1626595661181380#-46.5#4.957825906446392#9
0000 0018 2000 0000 0000 0000#1626595661182413#-34.0#3.423845118560751#9
0000 000F 2000 0000 0000 0000#1626595661183505#-31.5#3.098641191528995#9
0000 0017 2000 0000 0000 0000#1626595661185329#-26.0#2.6384469551633027#9
0000 001B 2000 0000 0000 0000#1626595661186380#-37.5#5.049864753719531#9
0000 0016 2000 0000 0000 0000#1626595661188093#-32.5#2.9943304979527716#9
0000 0011 2000 0000 0000 0000#1626595661189156#-36.0#4.368777283898306#9
0000 001A 2000 0000 0000 0000#1626595661191323#-36.5#4.681709364626977#9
0000 0012 2000 0000 0000 0000#1626595661192428#-37.0#4.9823695990525625#9
0000 0019 2000 0000 0000 0000#1626595661193461#-36.5#4.246058820867455#9
0000 001D 2000 0000 0000 0000#1626595661194652#-42.5#5.019185137961818#9
0000 001C 2000 0000 0000 0000#1626595661195710#-39.5#5.203262832508095#9
0000 0013 2000 0000 0000 0000#1626595661197034#-39.5#5.2339424482658075#9
0000 0014 2000 0000 0000 0000#1626595661203322#-41.0#5.184855063053467#9
0000 0016 2000 0000 0000 0000#1626595661205443#-32.5#3.0495538063166547#9
0000 001C 2000 0000 0000 0000#1626595661206484#-39.0#5.190990986205009#9
0000 000F 2000 0000 0000 0000#1626595661207532#-31.5#3.141592653589793#9
0000 0012 2000 0000 0000 0000#1626595661208581#-37.5#4.970097752749477#9
0000 0018 2000 0000 0000 0000#1626595661209751#-32.5#3.485204350076177#9
0000 0015 2000 0000 0000 0000#1626595661211046#-46.5#4.908738521234052#9
0000 001A 2000 0000 0000 0000#1626595661212048#-36.5#4.681709364626977#9
0000 0010 2000 0000 0000 0000#1626595661213096#-35.0#3.7429131224409646#9
0000 001D 2000 0000 0000 0000#1626595661214411#-42.5#4.988505522204105#9
0000 0019 2000 0000 0000 0000#1626595661215491#-36.5#4.28287435977671#9
0000 0017 2000 0000 0000 0000#1626595661216609#-26.0#2.718213956133356#9
0000 001B 2000 0000 0000 0000#1626595661217875#-37.5#5.056000676871073#9
0000 0011 2000 0000 0000 0000#1626595661219549#-36.0#4.3933209765044765#9
0000 0013 2000 0000 0000 0000#1626595661221729#-40.0#5.221670601962723#9
0000 0015 2000 0000 0000 0000#1626595661485540#-48.0#5.252350217720435#9
0000 0018 2000 0000 0000 0000#1626595661487166#-32.5#4.608078286808466#9
0000 0014 2000 0000 0000 0000#1626595661488232#-42.5#5.626641529964532#9
0000 0010 2000 0000 0000 0000#1626595661489374#-33.0#4.773748211900116#9
0000 0017 2000 0000 0000 0000#1626595661490956#-26.5#4.037437433715008#9
0000 001C 2000 0000 0000 0000#1626595661492270#-41.0#5.663457068873787#9
0000 001D 2000 0000 0000 0000#1626595661493286#-44.5#5.350524988145116#9
0000 0013 2000 0000 0000 0000#1626595661494355#-41.0#5.749359992995383#9
0000 000F 2000 0000 0000 0000#1626595661496615#-30.5#4.3933209765044765#9
0000 0016 2000 0000 0000 0000#1626595661497651#-32.5#4.528311285838413#9
0000 0012 2000 0000 0000 0000#1626595661499437#-38.5#5.565282298449106#9
0000 0019 2000 0000 0000 0000#1626595661501227#-36.5#5.117359908386499#9
0000 001A 2000 0000 0000 0000#1626595661502400#-35.5#5.307573526084319#9
0000 0011 2000 0000 0000 0000#1626595661506915#-36.0#5.148039524144211#9
0000 001B 2000 0000 0000 0000#1626595661507994#-39.5#5.589825991055276#9
0000 001A 2000 0000 0000 0000#1626595661512554#-37.0#5.313709449235861#9
0000 0019 2000 0000 0000 0000#1626595661514942#-36.5#5.135767677841127#9
0000 0010 2000 0000 0000 0000#1626595661516571#-33.0#4.7860200582032#9
0000 0011 2000 0000 0000 0000#1626595661518380#-36.5#5.135767677841127#9
0000 0012 2000 0000 0000 0000#1626595661519439#-39.0#5.546874528994478#9
0000 000F 2000 0000 0000 0000#1626595661528770#-30.5#4.239922897715912#9
0000 001C 2000 0000 0000 0000#1626595661530124#-41.5#5.43029198911517#9
0000 001D 2000 0000 0000 0000#1626595661531242#-44.5#5.117359908386499#9
0000 0017 2000 0000 0000 0000#1626595661532292#-27.0#3.8717675086233583#9
0000 0016 2000 0000 0000 0000#1626595661534617#-32.0#4.387185053352934#9
0000 001B 2000 0000 0000 0000#1626595661535895#-39.5#5.356660911296659#9
0000 0018 2000 0000 0000 0000#1626595661537182#-33.0#4.442408361716817#9
0000 0015 2000 0000 0000 0000#1626595661538373#-48.0#5.013049214810275#9
0000 0014 2000 0000 0000 0000#1626595661539668#-43.0#5.368932757599744#9
0000 0013 2000 0000 0000 0000#1626595661540775#-42.0#5.534602682691394#9
0000 001A 2000 0000 0000 0000#1626595661806862#-37.5#4.442408361716817#9
0000 0013 2000 0000 0000 0000#1626595661808312#-43.5#4.755340442445488#9
0000 0015 2000 0000 0000 0000#1626595661809592#-50.0#4.166291819897402#9
0000 0016 2000 0000 0000 0000#1626595661811434#-32.5#4.3933209765044765#9
0000 0019 2000 0000 0000 0000#1626595661813516#-36.5#4.485359823777615#9
0000 001C 2000 0000 0000 0000#1626595661814616#-43.0#4.632621979414636#9
0000 0017 2000 0000 0000 0000#1626595661815942#-27.0#3.785864584501762#9
0000 001B 2000 0000 0000 0000#1626595661817022#-41.0#4.626486056263094#9
0000 0018 2000 0000 0000 0000#1626595661818098#-33.5#4.2031073588066565#9
0000 0011 2000 0000 0000 0000#1626595661819160#-36.5#4.405592822807561#9
0000 0014 2000 0000 0000 0000#1626595661820554#-45.0#4.552854978444583#9
0000 0010 2000 0000 0000 0000#1626595661821709#-32.5#4.276738436625168#9
0000 000F 2000 0000 0000 0000#1626595661822716#-31.0#4.09266074207889#9
0000 0012 2000 0000 0000 0000#1626595661825959#-40.0#4.651029748869264#9
0000 001D 2000 0000 0000 0000#1626595661827233#-47.0#4.215379205109742#9
0000 000F 2000 0000 0000 0000#1626595661831611#-31.0#4.080388895775806#9
0000 001C 2000 0000 0000 0000#1626595661832926#-43.0#4.595806440505381#9
0000 0013 2000 0000 0000 0000#1626595661834756#-43.5#4.724660826687775#9
0000 0018 2000 0000 0000 0000#1626595661836128#-32.0#4.2031073588066565#9
0000 0010 2000 0000 0000 0000#1626595661837242#-32.5#4.270602513473625#9
0000 0017 2000 0000 0000 0000#1626595661838547#-26.5#3.810408277107933#9
0000 0011 2000 0000 0000 0000#1626595661839580#-36.5#4.387185053352934#9
0000 0016 2000 0000 0000 0000#1626595661840858#-32.5#4.4362724385652745#9
0000 001A 2000 0000 0000 0000#1626595661842502#-36.5#4.387185053352934#9
0000 001B 2000 0000 0000 0000#1626595661843766#-41.0#4.595806440505381#9
0000 0012 2000 0000 0000 0000#1626595661846052#-40.0#4.614214209960009#9
0000 0019 2000 0000 0000 0000#1626595661847102#-36.5#4.454680208019902#9
0000 001D 2000 0000 0000 0000#1626595661851570#-47.0#4.196971435655114#9
0000 0014 2000 0000 0000 0000#1626595661853205#-45.0#4.509903516383785#9
0000 0015 2000 0000 0000 0000#1626595661854257#-50.5#4.080388895775806#9
0000 0019 2000 0000 0000 0000#1626595662117436#-36.0#4.344233591292136#9
0000 0010 2000 0000 0000 0000#1626595662119044#-31.5#4.295146206079795#9
0000 0016 2000 0000 0000 0000#1626595662120353#-31.5#4.908738521234052#9
0000 001B 2000 0000 0000 0000#1626595662121432#-41.5#4.313553975534423#9
0000 000F 2000 0000 0000 0000#1626595662122967#-30.0#4.3503695144436785#9
0000 001C 2000 0000 0000 0000#1626595662124750#-45.0#4.264466590322082#9
0000 0017 2000 0000 0000 0000#1626595662126821#-26.0#4.190835512503572#9
0000 0014 2000 0000 0000 0000#1626595662128195#-47.0#4.23378697456437#9
0000 001A 2000 0000 0000 0000#1626595662131990#-38.0#4.111068511533518#9
0000 0012 2000 0000 0000 0000#1626595662133866#-40.0#4.3074180523828804#9
0000 0013 2000 0000 0000 0000#1626595662143513#-45.5#3.8288160465625602#9
0000 0015 2000 0000 0000 0000#1626595662144822#-55.0#3.08636934522591#9
0000 0018 2000 0000 0000 0000#1626595662145869#-32.5#3.749049045592507#9
0000 0011 2000 0000 0000 0000#1626595662146916#-36.5#3.5833791205008576#9
0000 001D 2000 0000 0000 0000#1626595662149459#-51.0#3.2029518851052186#9
0000 000F 2000 0000 0000 0000#1626595662152566#-30.5#3.773592738198677#9
0000 0015 2000 0000 0000 0000#1626595662154598#-55.0#3.0372819600135696#9
0000 0017 2000 0000 0000 0000#1626595662155724#-25.0#3.5956509668039427#9
0000 0010 2000 0000 0000 0000#1626595662157108#-32.5#3.6815538909255388#9
0000 001C 2000 0000 0000 0000#1626595662158449#-46.0#3.650874275167826#9
0000 0011 2000 0000 0000 0000#1626595662160347#-35.5#3.552699504743145#9
0000 0013 2000 0000 0000 0000#1626595662161401#-46.0#3.77972866135022#9
0000 001A 2000 0000 0000 0000#1626595662162703#-39.0#3.479068426924634#9
0000 0018 2000 0000 0000 0000#1626595662164233#-33.0#3.724505352986337#9
0000 0012 2000 0000 0000 0000#1626595662165367#-41.0#3.6570101983193686#9
0000 0016 2000 0000 0000 0000#1626595662166914#-32.0#4.387185053352934#9
0000 0019 2000 0000 0000 0000#1626595662168220#-36.5#3.6999616603801666#9
0000 001B 2000 0000 0000 0000#1626595662169570#-42.5#3.650874275167826#9
0000 001D 2000 0000 0000 0000#1626595662170672#-51.5#3.1661363461959633#9
0000 0014 2000 0000 0000 0000#1626595662174446#-48.0#3.5465635815916023#9
0000 0010 2000 0000 0000 0000#1626595662439606#-32.0#3.5833791205008576#9
0000 0017 2000 0000 0000 0000#1626595662440733#-24.5#3.736777199289422#9
0000 000F 2000 0000 0000 0000#1626595662441768#-30.0#3.810408277107933#9
0000 0014 2000 0000 0000 0000#1626595662443037#-51.0#3.000466421104314#9
0000 001C 2000 0000 0000 0000#1626595662445087#-49.5#3.098641191528995#9
0000 0015 2000 0000 0000 0000#1626595662447092#-58.0#2.1475731030398975#9
0000 0018 2000 0000 0000 0000#1626595662449295#-32.0#3.6876898140770815#9
0000 0019 2000 0000 0000 0000#1626595662451128#-36.5#3.479068426924634#9
0000 0012 2000 0000 0000 0000#1626595662452190#-42.5#3.32567034813607#9
0000 0013 2000 0000 0000 0000#1626595662453499#-47.5#3.3195344249845276#9
0000 0011 2000 0000 0000 0000#1626595662454643#-36.0#3.2949907323783574#9
0000 0016 2000 0000 0000 0000#1626595662455766#-32.0#4.620350133111551#9
0000 001B 2000 0000 0000 0000#1626595662456830#-44.5#3.2397674240144743#9
0000 001A 2000 0000 0000 0000#1626595662457891#-40.0#3.11091303783208#9
0000 001D 2000 0000 0000 0000#1626595662459850#-54.5#2.5034566458293663#9
0000 0015 2000 0000 0000 0000#1626595662466526#-58.0#2.043262409463674#9
0000 0010 2000 0000 0000 0000#1626595662468164#-31.5#3.552699504743145#9
0000 001B 2000 0000 0000 0000#1626595662469232#-45.0#3.215223731408304#9
0000 0018 2000 0000 0000 0000#1626595662470278#-32.5#3.663146121470911#9
0000 0014 2000 0000 0000 0000#1626595662472042#-51.0#2.9084275738311756#9
0000 001A 2000 0000 0000 0000#1626595662474057#-40.0#3.067961575771282#9
0000 001C 2000 0000 0000 0000#1626595662475143#-49.0#3.0250101137104846#9
0000 0012 2000 0000 0000 0000#1626595662476944#-42.5#3.2704470397721868#9
0000 0013 2000 0000 0000 0000#1626595662478207#-48.0#3.2581751934691017#9
0000 000F 2000 0000 0000 0000#1626595662479743#-30.0#3.77972866135022#9
0000 0019 2000 0000 0000 0000#1626595662481319#-36.5#3.436116964863836#9
0000 0017 2000 0000 0000 0000#1626595662482352#-26.0#3.718369429834794#9
0000 0016 2000 0000 0000 0000#1626595662483672#-32.0#4.614214209960009#9
0000 001D 2000 0000 0000 0000#1626595662487597#-55.0#2.3009711818284617#9
0000 0011 2000 0000 0000 0000#1626595662488941#-37.5#3.2397674240144743#9
0000 0017 2000 0000 0000 0000#1626595662753212#-24.0#4.166291819897402#9
0000 0013 2000 0000 0000 0000#1626595662754750#-50.0#2.82252464970958#9
0000 001D 2000 0000 0000 0000#1626595662755824#-56.0#1.4971652489763858#9
0000 0019 2000 0000 0000 0000#1626595662758281#-36.5#3.5465635815916023#9
0000 0012 2000 0000 0000 0000#1626595662760538#-44.0#3.08636934522591#9
0000 000F 2000 0000 0000 0000#1626595662762951#-29.5#4.123340357836604#9
0000 0016 2000 0000 0000 0000#1626595662764077#-31.0#5.0682725231741586#9
0000 0018 2000 0000 0000 0000#1626595662765124#-33.0#3.9392626632903265#9
0000 0011 2000 0000 0000 0000#1626595662766142#-37.5#3.2827188860752723#9
0000 0014 2000 0000 0000 0000#1626595662767748#-53.5#2.1537090261914402#9
0000 0010 2000 0000 0000 0000#1626595662769099#-32.0#3.724505352986337#9
0000 001C 2000 0000 0000 0000#1626595662770385#-52.0#2.3623304133438876#9
0000 001A 2000 0000 0000 0000#1626595662771645#-41.0#2.945243112740431#9
0000 0015 2000 0000 0000 0000#1626595662773578#-56.5#0.8406214717613314#9
0000 001B 2000 0000 0000 0000#1626595662775271#-46.5#2.791845033951867#9
0000 0015 2000 0000 0000 0000#1626595662780182#-56.0#0.7915340865489908#9
0000 0011 2000 0000 0000 0000#1626595662782864#-38.0#3.2397674240144743#9
0000 001D 2000 0000 0000 0000#1626595662784213#-56.0#1.3069516312785663#9
0000 0019 2000 0000 0000 0000#1626595662785261#-37.0#3.4913402732277192#9
0000 0018 2000 0000 0000 0000#1626595662786366#-32.5#3.9085830475326135#9
0000 0013 2000 0000 0000 0000#1626595662787460#-50.0#2.6813984172241008#9
0000 0016 2000 0000 0000 0000#1626595662788579#-31.0#5.056000676871073#9
0000 0014 2000 0000 0000 0000#1626595662789889#-53.5#2.0371264863121317#9
0000 001C 2000 0000 0000 0000#1626595662791221#-52.0#2.2089323345553233#9
0000 0017 2000 0000 0000 0000#1626595662792752#-25.5#4.123340357836604#9
0000 0012 2000 0000 0000 0000#1626595662793854#-44.0#2.9943304979527716#9
0000 001A 2000 0000 0000 0000#1626595662795495#-41.0#2.859340188618835#9
0000 0010 2000 0000 0000 0000#1626595662797250#-32.0#3.6692820446224537#9
0000 000F 2000 0000 0000 0000#1626595662798584#-29.5#4.061981126321178#9
0000 001B 2000 0000 0000 0000#1626595662800003#-47.0#2.730485802436441#9
0000 0018 2000 0000 0000 0000#1626595663063174#-34.0#2.9820586516496865#9
0000 0017 2000 0000 0000 0000#1626595663064222#-26.5#3.356349963893783#9
0000 0010 2000 0000 0000 0000#1626595663065363#-33.5#2.724349879284899#9
0000 000F 2000 0000 0000 0000#1626595663066413#-31.5#3.2643111166206444#9
0000 001B 2000 0000 0000 0000#1626595663069130#-49.5#1.2517283229146832#9
0000 0014 2000 0000 0000 0000#1626595663070422#-51.0#5.976389149602458#9
0000 0016 2000 0000 0000 0000#1626595663071473#-32.5#4.479223900626073#9
0000 001A 2000 0000 0000 0000#1626595663073515#-43.5#1.6812429435226628#9
0000 0011 2000 0000 0000 0000#1626595663074604#-39.5#2.110757564130642#9
0000 001D 2000 0000 0000 0000#1626595663075624#-44.5#4.614214209960009#9
0000 0019 2000 0000 0000 0000#1626595663077155#-39.5#2.380738182798515#9
0000 0012 2000 0000 0000 0000#1626595663079434#-47.0#1.6321555583103222#9
0000 0015 2000 0000 0000 0000#1626595663080827#-46.0#4.571262747899211#9
0000 001C 2000 0000 0000 0000#1626595663082708#-53.0#6.1420590746941075#9
0000 0013 2000 0000 0000 0000#1626595663085129#-53.0#0.8344855486097889#9
0000 0015 2000 0000 0000 0000#1626595663089454#-46.5#4.522175362686871#9
0000 0017 2000 0000 0000 0000#1626595663090573#-27.0#3.3011266555298997#9
0000 0019 2000 0000 0000 0000#1626595663092571#-39.5#2.3439226438892597#9
0000 001D 2000 0000 0000 0000#1626595663093693#-44.5#4.4976316700806995#9
0000 0018 2000 0000 0000 0000#1626595663094908#-32.5#2.9022916506796332#9
0000 0011 2000 0000 0000 0000#1626595663095985#-39.5#2.024854640009046#9
0000 0012 2000 0000 0000 0000#1626595663098084#-46.0#1.533980787885641#9
0000 001A 2000 0000 0000 0000#1626595663099184#-42.5#1.5707963267948966#9
0000 000F 2000 0000 0000 0000#1626595663100974#-31.5#3.184544115650591#9
0000 0010 2000 0000 0000 0000#1626595663102089#-33.5#2.6323110320117604#9
0000 001B 2000 0000 0000 0000#1626595663103916#-50.0#1.0615147052168636#9
0000 001C 2000 0000 0000 0000#1626595663107792#-51.5#5.841398840268521#9
0000 0016 2000 0000 0000 0000#1626595663109256#-32.5#4.430136515413731#9
0000 0013 2000 0000 0000 0000#1626595663110279#-53.0#0.6872233929727672#9
0000 0014 2000 0000 0000 0000#1626595663112068#-48.5#5.399612373357457#9
0000 0016 2000 0000 0000 0000#1626595663377062#-35.0#3.6386024288647407#9
0000 0013 2000 0000 0000 0000#1626595663378340#-45.0#4.031301510563465#9
0000 0017 2000 0000 0000 0000#1626595663379605#-29.5#2.313243028131547#9
0000 001B 2000 0000 0000 0000#1626595663381814#-49.0#4.657165672020807#9
0000 001A 2000 0000 0000 0000#1626595663382844#-47.5#6.19728238305799#9
0000 0010 2000 0000 0000 0000#1626595663384361#-38.5#1.521708941582556#9
0000 0018 2000 0000 0000 0000#1626595663385905#-36.5#1.8285050991596843#9
0000 001C 2000 0000 0000 0000#1626595663387486#-43.5#3.3624858870453256#9
0000 0019 2000 0000 0000 0000#1626595663389303#-42.5#1.055378782065321#9
0000 0015 2000 0000 0000 0000#1626595663390638#-62.5#2.442097414313941#9
0000 000F 2000 0000 0000 0000#1626595663392899#-34.0#2.1353012567368124#9
0000 0012 2000 0000 0000 0000#1626595663394060#-49.0#5.896622148632405#9
0000 0011 2000 0000 0000 0000#1626595663395589#-43.5#0.6135923151542565#9
0000 0014 2000 0000 0000 0000#1626595663398008#-46.0#3.3011266555298997#9
0000 001D 2000 0000 0000 0000#1626595663400151#-56.5#3.1354567304382504#9
0000 0017 2000 0000 0000 0000#1626595663405167#-29.5#2.2334760271614935#9
0000 001B 2000 0000 0000 0000#1626595663406216#-47.0#4.331961744989051#9
0000 000F 2000 0000 0000 0000#1626595663407522#-34.0#2.086213871524472#9
0000 0014 2000 0000 0000 0000#1626595663408817#-46.5#3.2765829629237295#9
0000 0013 2000 0000 0000 0000#1626595663409843#-44.5#3.7981364308048478#9
0000 001C 2000 0000 0000 0000#1626595663410886#-43.5#3.2949907323783574#9
0000 0010 2000 0000 0000 0000#1626595663412966#-37.5#1.4480778637640452#9
0000 0016 2000 0000 0000 0000#1626595663414275#-35.5#3.5895150436524004#9
0000 0018 2000 0000 0000 0000#1626595663415366#-37.5#1.7303303287350031#9
0000 0012 2000 0000 0000 0000#1626595663416679#-49.0#5.730952223540755#9
0000 001A 2000 0000 0000 0000#1626595663418468#-47.5#6.000932842208628#9
0000 0019 2000 0000 0000 0000#1626595663419769#-43.0#0.9633399347921826#9
0000 0011 2000 0000 0000 0000#1626595663421074#-43.5#0.5338253141842031#9
0000 001D 2000 0000 0000 0000#1626595663425683#-57.5#2.9820586516496865#9
0000 0015 2000 0000 0000 0000#1626595663427189#-62.0#2.442097414313941#9
0000 0019 2000 0000 0000 0000#1626595663690876#-48.5#6.19728238305799#9
0000 001C 2000 0000 0000 0000#1626595663692460#-55.5#2.9513790358919736#9
0000 0017 2000 0000 0000 0000#1626595663693522#-32.0#1.761009944492716#9
0000 001D 2000 0000 0000 0000#1626595663695523#-61.5#2.0800779483729293#9
0000 0010 2000 0000 0000 0000#1626595663698183#-43.5#0.7915340865489908#9
0000 0011 2000 0000 0000 0000#1626595663699214#-45.0#5.442563835418255#9
0000 0014 2000 0000 0000 0000#1626595663700995#-57.0#2.773437264497239#9
0000 0012 2000 0000 0000 0000#1626595663702042#-40.5#3.3440781175906977#9
0000 000F 2000 0000 0000 0000#1626595663703148#-38.0#1.6198837120072371#9
0000 0018 2000 0000 0000 0000#1626595663704650#-41.0#1.2026409377023426#9
0000 001B 2000 0000 0000 0000#1626595663705971#-43.0#3.1231848841351653#9
0000 0016 2000 0000 0000 0000#1626595663707008#-38.0#3.117048960983623#9
0000 001A 2000 0000 0000 0000#1626595663708313#-41.5#3.6140587362585705#9
0000 0013 2000 0000 0000 0000#1626595663711169#-47.5#3.1231848841351653#9
0000 0019 2000 0000 0000 0000#1626595663716068#-48.0#6.000932842208628#9
0000 001C 2000 0000 0000 0000#1626595663717380#-56.0#2.8654761117703775#9
0000 0016 2000 0000 0000 0000#1626595663718445#-38.0#3.08636934522591#9
0000 0013 2000 0000 0000 0000#1626595663719756#-48.0#3.117048960983623#9
0000 0010 2000 0000 0000 0000#1626595663722260#-44.0#0.7301748550335652#9
0000 0018 2000 0000 0000 0000#1626595663723337#-41.5#1.1351457830353744#9
0000 001B 2000 0000 0000 0000#1626595663726386#-44.0#3.11091303783208#9
0000 0011 2000 0000 0000 0000#1626595663727419#-45.5#5.160311370447297#9
0000 001D 2000 0000 0000 0000#1626595663728495#-65.0#2.2396119503130363#9
0000 0017 2000 0000 0000 0000#1626595663730737#-32.5#1.6935147898257479#9
0000 000F 2000 0000 0000 0000#1626595663733139#-38.5#1.552388557340269#9
0000 0012 2000 0000 0000 0000#1626595663735465#-40.0#3.2581751934691017#9
0000 0014 2000 0000 0000 0000#1626595663736773#-57.5#2.730485802436441#9
0000 001A 2000 0000 0000 0000#1626595663737834#-40.5#3.448388811166921#9
0000 0011 2000 0000 0000 0000#1626595664004770#-38.5#3.9269908169872414#9
0000 001B 2000 0000 0000 0000#1626595664006844#-55.5#3.0127382674073995#9
0000 0015 2000 0000 0000 0000#1626595664007912#-57.0#1.7855536370988863#9
0000 0017 2000 0000 0000 0000#1626595664009443#-37.5#1.5953400194010667#9
0000 0019 2000 0000 0000 0000#1626595664011724#-40.0#4.374913207049849#9
0000 001A 2000 0000 0000 0000#1626595664012728#-43.0#3.5281558121369745#9
0000 0010 2000 0000 0000 0000#1626595664013728#-44.5#5.534602682691394#9
0000 0013 2000 0000 0000 0000#1626595664014750#-54.5#2.36846633649543#9
0000 001C 2000 0000 0000 0000#1626595664015838#-56.0#1.2885438618239387#9
0000 0016 2000 0000 0000 0000#1626595664016946#-40.0#3.104777114680538#9
0000 0018 2000 0000 0000 0000#1626595664018942#-45.0#0.2454369260617026#9
0000 000F 2000 0000 0000 0000#1626595664020118#-44.0#1.1658253987930873#9
0000 0012 2000 0000 0000 0000#1626595664021408#-49.0#3.5158839658338894#9
0000 001D 2000 0000 0000 0000#1626595664022471#-60.0#3.4054373491061236#9
0000 0014 2000 0000 0000 0000#1626595664023679#-58.5#0.39269908169872414#9
0000 0019 2000 0000 0000 0000#1626595664028160#-39.5#4.325825821837508#9
0000 001A 2000 0000 0000 0000#1626595664029449#-44.0#3.5036121195308043#9
0000 0018 2000 0000 0000 0000#1626595664030721#-46.5#0.17794177139473438#9
0000 001D 2000 0000 0000 0000#1626595664031878#-58.5#3.4177091954092087#9
0000 000F 2000 0000 0000 0000#1626595664033680#-44.0#1.0921943209745766#9
0000 0010 2000 0000 0000 0000#1626595664035041#-44.0#5.350524988145116#9
0000 0017 2000 0000 0000 0000#1626595664036402#-38.5#1.5033011721279284#9
0000 0014 2000 0000 0000 0000#1626595664037511#-58.5#0.21475731030398976#9
0000 0015 2000 0000 0000 0000#1626595664038575#-56.5#1.7916895602504288#9
0000 0016 2000 0000 0000 0000#1626595664039684#-40.5#3.067961575771282#9
0000 001C 2000 0000 0000 0000#1626595664040969#-56.5#1.000155473701438#9
0000 0012 2000 0000 0000 0000#1626595664043680#-50.5#3.466796580621549#9
0000 0011 2000 0000 0000 0000#1626595664045050#-38.0#3.834951969714103#9
0000 001B 2000 0000 0000 0000#1626595664048854#-55.0#2.6323110320117604#9
0000 0013 2000 0000 0000 0000#1626595664050176#-53.5#2.012582793705961#9
0000 0017 2000 0000 0000 0000#1626595664316761#-43.0#5.712544454086128#9
0000 0019 2000 0000 0000 0000#1626595664317808#-46.5#3.5036121195308043#9
0000 0010 2000 0000 0000 0000#1626595664318934#-42.0#3.9515345095934116#9
0000 0014 2000 0000 0000 0000#1626595664319987#-58.5#3.2090878082567613#9
0000 0016 2000 0000 0000 0000#1626595664321279#-46.5#1.9144080232812801#9
0000 0013 2000 0000 0000 0000#1626595664322589#-55.0#5.252350217720435#9
0000 0018 2000 0000 0000 0000#1626595664323604#-43.5#4.387185053352934#9
0000 001A 2000 0000 0000 0000#1626595664325420#-55.5#1.7119225592803755#9
0000 001B 2000 0000 0000 0000#1626595664326754#-56.5#5.749359992995383#9
0000 000F 2000 0000 0000 0000#1626595664327835#-44.5#5.049864753719531#9
0000 0011 2000 0000 0000 0000#1626595664329536#-50.5#2.9820586516496865#9
0000 001C 2000 0000 0000 0000#1626595664331242#-60.0#4.031301510563465#9
0000 0015 2000 0000 0000 0000#1626595664332320#-57.5#6.129787228391022#9
0000 0012 2000 0000 0000 0000#1626595664333766#-55.5#0.9940195505498954#9
0000 001D 2000 0000 0000 0000#1626595664334853#-58.0#1.055378782065321#9
0000 0010 2000 0000 0000 0000#1626595664338683#-42.0#3.9208548938356986#9
0000 0012 2000 0000 0000 0000#1626595664339773#-55.0#0.9326603190344698#9
0000 000F 2000 0000 0000 0000#1626595664340862#-44.5#5.006913291658733#9
0000 0018 2000 0000 0000 0000#1626595664341939#-44.0#4.344233591292136#9
0000 0011 2000 0000 0000 0000#1626595664342956#-51.0#2.9084275738311756#9
0000 0019 2000 0000 0000 0000#1626595664344784#-48.0#3.509748042682347#9
0000 001A 2000 0000 0000 0000#1626595664346799#-56.0#1.5155730184310134#9
0000 001B 2000 0000 0000 0000#1626595664348391#-57.0#5.534602682691394#9
0000 0015 2000 0000 0000 0000#1626595664350955#-57.0#6.043884304269426#9
0000 0014 2000 0000 0000 0000#1626595664352513#-58.5#2.9943304979527716#9
0000 0017 2000 0000 0000 0000#1626595664353803#-43.0#5.448699758569798#9
0000 0016 2000 0000 0000 0000#1626595664355068#-47.5#1.7119225592803755#9
0000 0013 2000 0000 0000 0000#1626595664357046#-55.0#4.9823695990525625#9
0000 001D 2000 0000 0000 0000#1626595664358065#-58.5#0.8651651643675016#9
0000 001C 2000 0000 0000 0000#1626595664360224#-59.5#3.822680123411018#9
0000 000F 2000 0000 0000 0000#1626595664625257#-46.5#3.724505352986337#9
0000 0016 2000 0000 0000 0000#1626595664626576#-49.0#5.773903685601553#9
0000 0014 2000 0000 0000 0000#1626595664627900#-61.0#0.7853981633974483#9
0000 001C 2000 0000 0000 0000#1626595664629512#-61.0#1.761009944492716#9
0000 0017 2000 0000 0000 0000#1626595664630802#-41.5#3.847223816017188#9
0000 001D 2000 0000 0000 0000#1626595664631894#-60.0#4.669437518323892#9
0000 0011 2000 0000 0000 0000#1626595664633451#-56.5#0.16566992509164924#9
0000 0015 2000 0000 0000 0000#1626595664634730#-58.0#3.5158839658338894#9
0000 0010 2000 0000 0000 0000#1626595664636084#-51.0#2.6200391857086753#9
0000 001B 2000 0000 0000 0000#1626595664638387#-56.5#3.1354567304382504#9
0000 001A 2000 0000 0000 0000#1626595664640241#-53.5#4.276738436625168#9
0000 0019 2000 0000 0000 0000#1626595664641360#-56.0#1.6260196351587797#9
0000 0018 2000 0000 0000 0000#1626595664642662#-50.5#3.2336315008629315#9
0000 0013 2000 0000 0000 0000#1626595664643702#-56.5#2.60776733940559#9
0000 0012 2000 0000 0000 0000#1626595664645360#-54.5#3.933126740138784#9
0000 0013 2000 0000 0000 0000#1626595664652458#-56.5#2.5280003384355365#9
0000 0015 2000 0000 0000 0000#1626595664654351#-58.5#3.399301425954581#9
0000 000F 2000 0000 0000 0000#1626595664655399#-46.5#3.650874275167826#9
0000 0014 2000 0000 0000 0000#1626595664657206#-60.5#0.5890486225480862#9
0000 001A 2000 0000 0000 0000#1626595664658405#-53.5#4.1417481272912315#9
0000 0017 2000 0000 0000 0000#1626595664659739#-41.5#3.7429131224409646#9
0000 001B 2000 0000 0000 0000#1626595664662051#-56.5#2.84706834231575#9
0000 0016 2000 0000 0000 0000#1626595664663128#-48.5#5.5714182216006485#9
0000 0010 2000 0000 0000 0000#1626595664664257#-53.0#2.442097414313941#9
0000 001C 2000 0000 0000 0000#1626595664665302#-62.0#1.5033011721279284#9
0000 0012 2000 0000 0000 0000#1626595664666648#-54.5#3.7122335066832517#9
0000 0011 2000 0000 0000 0000#1626595664667735#-56.5#5.982525072754001#9
0000 0018 2000 0000 0000 0000#1626595664669374#-50.0#3.147728576741336#9
0000 001D 2000 0000 0000 0000#1626595664670566#-60.0#4.509903516383785#9
0000 0019 2000 0000 0000 0000#1626595664671897#-56.5#1.3989904785517047#9
0000 0011 2000 0000 0000 0000#1626595664936490#-52.5#4.04357335686655#9
0000 001A 2000 0000 0000 0000#1626595664937524#-53.5#2.6261751088602177#9
0000 0019 2000 0000 0000 0000#1626595664938828#-59.0#5.325981295538946#9
0000 001D 2000 0000 0000 0000#1626595664940158#-52.5#2.5954954931025047#9
0000 001B 2000 0000 0000 0000#1626595664943226#-56.0#1.5033011721279284#9
0000 001C 2000 0000 0000 0000#1626595664945024#-60.5#6.080699843178682#9
0000 0018 2000 0000 0000 0000#1626595664946279#-54.5#1.6382914814618648#9
0000 0015 2000 0000 0000 0000#1626595664947590#-54.0#1.2210487071569704#9
0000 0012 2000 0000 0000 0000#1626595664948867#-54.0#2.2764274892222915#9
0000 0017 2000 0000 0000 0000#1626595664950653#-45.5#3.1968159619536762#9
0000 0014 2000 0000 0000 0000#1626595664951734#-59.0#4.884194828627882#9
0000 0016 2000 0000 0000 0000#1626595664953069#-48.0#4.902602598082509#9
0000 000F 2000 0000 0000 0000#1626595664954246#-52.0#2.736621725587984#9
0000 0010 2000 0000 0000 0000#1626595664956784#-53.0#0.4908738521234052#9
0000 0013 2000 0000 0000 0000#1626595664958978#-56.0#0.8222137023067037#9
0000 0014 2000 0000 0000 0000#1626595664964777#-58.5#4.865787059173254#9
0000 001B 2000 0000 0000 0000#1626595664966968#-56.0#1.3989904785517047#9
0000 0016 2000 0000 0000 0000#1626595664968315#-48.5#4.871922982324796#9
0000 0015 2000 0000 0000 0000#1626595664970116#-54.0#1.1474176293384597#9
0000 0017 2000 0000 0000 0000#1626595664971907#-46.0#3.153864499892878#9
0000 001A 2000 0000 0000 0000#1626595664973321#-52.0#2.4911847995262812#9
0000 0018 2000 0000 0000 0000#1626595664974395#-55.0#1.4848934026733007#9
0000 001D 2000 0000 0000 0000#1626595664975765#-52.5#2.36846633649543#9
0000 001C 2000 0000 0000 0000#1626595664976938#-61.0#5.902758071783947#9
0000 0010 2000 0000 0000 0000#1626595664977925#-55.0#0.36815538909255385#9
0000 0019 2000 0000 0000 0000#1626595664979201#-58.5#5.098952138931871#9
0000 0011 2000 0000 0000 0000#1626595664980282#-53.0#3.8717675086233583#9
0000 0013 2000 0000 0000 0000#1626595664981595#-56.5#0.6872233929727672#9
0000 000F 2000 0000 0000 0000#1626595664983942#-52.5#2.6568547246179306#9
0000 0012 2000 0000 0000 0000#1626595664985003#-53.5#2.1537090261914402#9
0000 0011 2000 0000 0000 0000#1626595665249357#-53.5#3.6754179677739964#9
0000 0014 2000 0000 0000 0000#1626595665250395#-55.0#4.172427743048944#9
0000 0019 2000 0000 0000 0000#1626595665251713#-57.5#4.76147636559703#9
0000 0012 2000 0000 0000 0000#1626595665252987#-52.0#1.7548740213411735#9
0000 001B 2000 0000 0000 0000#1626595665254050#-54.0#0.9633399347921826#9
0000 0013 2000 0000 0000 0000#1626595665255105#-53.5#0.3190680038802134#9
0000 001A 2000 0000 0000 0000#1626595665258033#-53.0#2.2212041808584084#9
0000 000F 2000 0000 0000 0000#1626595665259391#-54.0#2.2580197197676637#9
0000 0015 2000 0000 0000 0000#1626595665260987#-52.0#1.4910293258248433#9
0000 0017 2000 0000 0000 0000#1626595665263028#-48.5#2.9759227284981438#9
0000 0016 2000 0000 0000 0000#1626595665264095#-49.5#4.963961829597935#9
0000 0010 2000 0000 0000 0000#1626595665265395#-54.0#6.062292073724054#9
0000 001C 2000 0000 0000 0000#1626595665266706#-57.5#5.307573526084319#9
0000 0018 2000 0000 0000 0000#1626595665268424#-55.0#0.8467573949128739#9
0000 001D 2000 0000 0000 0000#1626595665270797#-51.5#1.6260196351587797#9
0000 001A 2000 0000 0000 0000#1626595665276803#-52.5#2.1659808724945253#9
0000 0019 2000 0000 0000 0000#1626595665278450#-57.5#4.657165672020807#9
0000 0016 2000 0000 0000 0000#1626595665279748#-49.5#4.908738521234052#9
0000 0015 2000 0000 0000 0000#1626595665281510#-52.0#1.4296700943094176#9
0000 0014 2000 0000 0000 0000#1626595665282578#-55.5#4.080388895775806#9
0000 001B 2000 0000 0000 0000#1626595665283630#-54.5#0.859029241215959#9
0000 001C 2000 0000 0000 0000#1626595665284992#-57.5#5.209398755659637#9
0000 0011 2000 0000 0000 0000#1626595665286618#-52.0#3.522019888985432#9
0000 001D 2000 0000 0000 0000#1626595665288732#-51.5#1.521708941582556#9
0000 000F 2000 0000 0000 0000#1626595665289811#-54.0#2.0923497946760143#9
0000 0017 2000 0000 0000 0000#1626595665291356#-48.5#2.8777479580734626#9
0000 0012 2000 0000 0000 0000#1626595665292788#-52.5#1.5830681730979816#9
0000 0013 2000 0000 0000 0000#1626595665294987#-54.5#0.15339807878856412#9
0000 0010 2000 0000 0000 0000#1626595665297109#-52.5#5.915029918087033#9
0000 0018 2000 0000 0000 0000#1626595665298281#-53.5#0.6749515466696822#9
0000 0017 2000 0000 0000 0000#1626595665563213#-61.0#1.325359400733194#9
0000 0018 2000 0000 0000 0000#1626595665564530#-62.5#5.086680292628786#9
0000 0013 2000 0000 0000 0000#1626595665565570#-61.0#5.749359992995383#9
0000 0011 2000 0000 0000 0000#1626595665567097#-61.0#1.748738098189631#9
0000 0019 2000 0000 0000 0000#1626595665568175#-68.5#3.6570101983193686#9
0000 001A 2000 0000 0000 0000#1626595665569447#-59.5#0.7853981633974483#9
0000 0010 2000 0000 0000 0000#1626595665570747#-64.0#4.669437518323892#9
0000 001B 2000 0000 0000 0000#1626595665576081#-60.5#0.21475731030398976#9
0000 000F 2000 0000 0000 0000#1626595665578742#-63.0#0.02454369260617026#9
0000 0012 2000 0000 0000 0000#1626595665579887#-59.5#0.6258641614573416#9
0000 0015 2000 0000 0000 0000#1626595665581149#-55.5#0.662679700366597#9
0000 0016 2000 0000 0000 0000#1626595665582829#-66.5#3.9147189706841563#9
0000 001A 2000 0000 0000 0000#1626595665590147#-61.5#0.8160777791551611#9
0000 0010 2000 0000 0000 0000#1626595665591319#-66.5#4.841243366567084#9
0000 001B 2000 0000 0000 0000#1626595665594657#-61.5#0.47860200582032003#9
0000 0015 2000 0000 0000 0000#1626595665595708#-56.0#0.662679700366597#9
0000 0012 2000 0000 0000 0000#1626595665597668#-62.0#0.8160777791551611#9
0000 0013 2000 0000 0000 0000#1626595665598749#-64.0#6.129787228391022#9
0000 000F 2000 0000 0000 0000#1626595665602647#-64.5#5.822991070813893#9
0000 000F 2000 0000 0000 0000#1626595665874549#-67.0#4.368777283898306#9
0000 000F 2000 0000 0000 0000#1626595665881249#-66.5#4.651029748869264#9
0000 000F 2000 0000 0000 0000#1626595666150370#-68.0#4.767612288748572#9
0000 000F 2000 0000 0000 0000#1626595666157908#-68.5#4.6448938257177215#9
0000 0013 2000 0000 0000 0000#1626595666423423#-60.0#0.06135923151542565#9
0000 000F 2000 0000 0000 0000#1626595666433041#-67.0#0.25157284921324513#9
0000 001A 2000 0000 0000 0000#1626595666436013#-59.5#1.3437671701878218#9
0000 0010 2000 0000 0000 0000#1626595666437625#-65.0#5.4671075280244255#9
0000 001C 2000 0000 0000 0000#1626595666438741#-60.5#4.693981210930062#9
0000 0014 2000 0000 0000 0000#1626595666439992#-55.0#3.6570101983193686#9
3008 33B2 DDD9 0140 2018 0626#1626595666441365#-62.5#5.743224069843841#9
0000 0015 2000 0000 0000 0000#1626595666442459#-56.0#2.380738182798515#9
0000 0012 2000 0000 0000 0000#1626595666443748#-56.5#1.1106020904292042#9
0000 001B 2000 0000 0000 0000#1626595666445136#-57.5#0.3865631585471816#9
0000 0018 2000 0000 0000 0000#1626595666446528#-66.0#5.988660995905543#9
0000 0012 2000 0000 0000 0000#1626595666455153#-56.5#1.0983302441261191#9
0000 001C 2000 0000 0000 0000#1626595666457011#-60.5#4.884194828627882#9
0000 0013 2000 0000 0000 0000#1626595666458576#-59.5#6.215690152512618#9
0000 0014 2000 0000 0000 0000#1626595666459654#-54.5#3.724505352986337#9
0000 001B 2000 0000 0000 0000#1626595666460694#-57.0#0.5154175447295755#9
0000 0018 2000 0000 0000 0000#1626595666462270#-64.5#6.062292073724054#9
0000 0010 2000 0000 0000 0000#1626595666463413#-65.5#5.485515297479052#9
0000 001A 2000 0000 0000 0000#1626595666464500#-59.0#1.4603497100671303#9
0000 0015 2000 0000 0000 0000#1626595666466406#-56.5#2.724349879284899#9
0000 000F 2000 0000 0000 0000#1626595666467442#-65.0#0.3374757733348411#9
0000 0011 2000 0000 0000 0000#1626595666468984#-62.0#2.60776733940559#9
0000 0015 2000 0000 0000 0000#1626595666732747#-58.0#0.4540583132141498#9
0000 0010 2000 0000 0000 0000#1626595666734177#-63.0#5.2768939103266055#9
0000 000F 2000 0000 0000 0000#1626595666735267#-63.0#5.43029198911517#9
0000 0018 2000 0000 0000 0000#1626595666739770#-62.5#5.307573526084319#9
0000 000F 2000 0000 0000 0000#1626595666746208#-64.0#5.356660911296659#9
0000 0016 2000 0000 0000 0000#1626595666749811#-65.0#0.05522330836388308#9
0000 0017 2000 0000 0000 0000#1626595666751952#-63.5#5.006913291658733#9
0000 0015 2000 0000 0000 0000#1626595666753360#-57.5#0.39269908169872414#9
0000 0010 2000 0000 0000 0000#1626595666754725#-61.0#5.43029198911517#9
0000 0018 2000 0000 0000 0000#1626595666755801#-64.0#5.442563835418255#9
0000 0010 2000 0000 0000 0000#1626595667019075#-66.5#0.09203884727313846#9
0000 0015 2000 0000 0000 0000#1626595667020438#-60.0#0.4049709280018093#9
0000 001A 2000 0000 0000 0000#1626595667023337#-63.0#5.424156065963627#9
0000 0018 2000 0000 0000 0000#1626595667024426#-63.5#0.35588354278946877#9
0000 0013 2000 0000 0000 0000#1626595667026332#-56.0#4.724660826687775#9
0000 0012 2000 0000 0000 0000#1626595667027397#-59.0#5.332117218690489#9
0000 0017 2000 0000 0000 0000#1626595667028443#-56.0#0.9817477042468103#9
0000 001B 2000 0000 0000 0000#1626595667030010#-55.5#5.013049214810275#9
0000 0016 2000 0000 0000 0000#1626595667031119#-56.0#2.423689644859313#9
0000 001C 2000 0000 0000 0000#1626595667032176#-59.0#3.890175278077986#9
0000 000F 2000 0000 0000 0000#1626595667033339#-59.0#0.9878836273983529#9
0000 0018 2000 0000 0000 0000#1626595667048859#-63.0#0.0#9
0000 0016 2000 0000 0000 0000#1626595667050164#-55.5#2.1475731030398975#9
0000 0013 2000 0000 0000 0000#1626595667051486#-54.0#4.074252972624263#9
0000 001C 2000 0000 0000 0000#1626595667052557#-57.0#3.1231848841351653#9
0000 001A 2000 0000 0000 0000#1626595667054829#-59.5#4.890330751779424#9
0000 0010 2000 0000 0000 0000#1626595667055889#-65.5#6.240233845118788#9
0000 0017 2000 0000 0000 0000#1626595667057461#-55.5#0.8713010875190442#9
0000 000F 2000 0000 0000 0000#1626595667059506#-59.0#0.6810874698212247#9
0000 001B 2000 0000 0000 0000#1626595667061112#-54.0#4.473087977474529#9
0000 0012 2000 0000 0000 0000#1626595667063141#-56.0#4.945554060143307#9
0000 0015 2000 0000 0000 0000#1626595667064166#-60.0#0.030679615757712823#9
0000 0015 2000 0000 0000 0000#1626595667330762#-48.0#0.3865631585471816#9
0000 000F 2000 0000 0000 0000#1626595667332011#-55.0#2.0923497946760143#9
0000 0014 2000 0000 0000 0000#1626595667333788#-43.0#3.043417883165112#9
0000 0011 2000 0000 0000 0000#1626595667336161#-47.0#3.822680123411018#9
0000 001B 2000 0000 0000 0000#1626595667337935#-45.5#0.7363107781851077#9
0000 0016 2000 0000 0000 0000#1626595667339014#-47.5#6.277049384028044#9
0000 001D 2000 0000 0000 0000#1626595667340090#-46.0#0.619728238305799#9
0000 0017 2000 0000 0000 0000#1626595667341452#-53.5#3.9638063558964967#9
0000 0018 2000 0000 0000 0000#1626595667342738#-51.0#0.5154175447295755#9
0000 0013 2000 0000 0000 0000#1626595667344081#-44.5#0.006135923151542565#9
0000 001A 2000 0000 0000 0000#1626595667345456#-45.0#2.5341362615870793#9
0000 0010 2000 0000 0000 0000#1626595667347340#-48.5#5.939573610693203#9
0000 001C 2000 0000 0000 0000#1626595667350904#-46.0#4.865787059173254#9
0000 0012 2000 0000 0000 0000#1626595667352580#-43.5#1.8775924843720249#9
0000 001B 2000 0000 0000 0000#1626595667357398#-45.0#0.8406214717613314#9
0000 001D 2000 0000 0000 0000#1626595667359156#-45.5#0.7240389318820226#9
0000 0011 2000 0000 0000 0000#1626595667360188#-45.5#3.9944859716542096#9
0000 0018 2000 0000 0000 0000#1626595667361220#-50.5#0.5276893910326605#9
0000 001C 2000 0000 0000 0000#1626595667362288#-46.0#4.921010367537137#9
0000 001A 2000 0000 0000 0000#1626595667363608#-44.5#2.705942109830271#9
0000 0019 2000 0000 0000 0000#1626595667364940#-46.5#4.871922982324796#9
0000 000F 2000 0000 0000 0000#1626595667366284#-54.5#2.000310947402876#9
0000 0010 2000 0000 0000 0000#1626595667368422#-46.0#5.994796919057086#9
0000 0017 2000 0000 0000 0000#1626595667369684#-54.5#4.01902966426038#9
0000 0013 2000 0000 0000 0000#1626595667371491#-44.0#0.1718058482431918#9
0000 0015 2000 0000 0000 0000#1626595667373708#-47.0#0.5890486225480862#9
0000 0016 2000 0000 0000 0000#1626595667375920#-47.5#0.4172427743048944#9
0000 0014 2000 0000 0000 0000#1626595667378073#-42.0#3.2704470397721868#9
0000 0012 2000 0000 0000 0000#1626595667379363#-43.5#2.073942025221387#9
0000 001A 2000 0000 0000 0000#1626595667646668#-50.0#1.6873788666742053#9
0000 000F 2000 0000 0000 0000#1626595667647974#-34.0#2.6384469551633027#9
0000 0018 2000 0000 0000 0000#1626595667649245#-36.5#2.2641556429192065#9
0000 0013 2000 0000 0000 0000#1626595667650501#-40.0#0.1902136176978195#9
0000 0010 2000 0000 0000 0000#1626595667651591#-38.0#1.9819031779482483#9
0000 001B 2000 0000 0000 0000#1626595667653169#-39.5#0.5154175447295755#9
0000 001C 2000 0000 0000 0000#1626595667654199#-38.0#5.270757987175063#9
0000 0017 2000 0000 0000 0000#1626595667663974#-30.5#2.675262494072558#9
0000 0012 2000 0000 0000 0000#1626595667665534#-43.0#1.000155473701438#9
0000 0015 2000 0000 0000 0000#1626595667667051#-41.0#1.6014759425526093#9
0000 0016 2000 0000 0000 0000#1626595667669129#-34.5#3.6570101983193686#9
0000 0014 2000 0000 0000 0000#1626595667670466#-33.5#3.816544200259475#9
0000 0019 2000 0000 0000 0000#1626595667671543#-53.0#1.9696313316451632#9
0000 001D 2000 0000 0000 0000#1626595667673602#-35.0#1.8530487917658545#9
0000 0011 2000 0000 0000 0000#1626595667678741#-58.0#0.47860200582032003#9
0000 0015 2000 0000 0000 0000#1626595667684500#-41.5#1.5830681730979816#9
0000 0013 2000 0000 0000 0000#1626595667685582#-39.0#6.166602767300278#9
0000 0011 2000 0000 0000 0000#1626595667686842#-61.0#0.5031456984264903#9
0000 0016 2000 0000 0000 0000#1626595667687879#-34.0#3.724505352986337#9
0000 0014 2000 0000 0000 0000#1626595667689147#-33.5#3.816544200259475#9
0000 000F 2000 0000 0000 0000#1626595667690958#-34.5#2.693670263527186#9
0000 0017 2000 0000 0000 0000#1626595667694170#-30.5#2.8286605728611223#9
0000 001A 2000 0000 0000 0000#1626595667695742#-43.5#0.9265243958829272#9
0000 001B 2000 0000 0000 0000#1626595667696810#-38.0#0.22089323345553233#9
0000 0012 2000 0000 0000 0000#1626595667698171#-41.0#0.8406214717613314#9
0000 0019 2000 0000 0000 0000#1626595667699716#-57.5#3.3318062712876126#9
0000 001C 2000 0000 0000 0000#1626595667700813#-37.5#5.080544369477243#9
0000 001D 2000 0000 0000 0000#1626595667702474#-35.5#1.9205439464328227#9
0000 0018 2000 0000 0000 0000#1626595667705757#-37.0#2.497320722677824#9
0000 0010 2000 0000 0000 0000#1626595667706860#-42.5#2.380738182798515#9
0000 0018 2000 0000 0000 0000#1626595667973382#-53.5#4.755340442445488#9
0000 0011 2000 0000 0000 0000#1626595667974472#-42.5#0.8222137023067037#9
0000 0012 2000 0000 0000 0000#1626595667975578#-39.0#0.42337869745643697#9
0000 0019 2000 0000 0000 0000#1626595667976875#-44.0#1.0737865515199487#9
0000 0015 2000 0000 0000 0000#1626595667977912#-51.0#0.25157284921324513#9
0000 001C 2000 0000 0000 0000#1626595667980933#-42.0#4.608078286808466#9
0000 0016 2000 0000 0000 0000#1626595667983009#-40.0#3.9822141253511245#9
0000 0013 2000 0000 0000 0000#1626595667984062#-41.5#5.798447378207723#9
0000 001D 2000 0000 0000 0000#1626595667985164#-41.5#1.6137477888556946#9
0000 001B 2000 0000 0000 0000#1626595667986731#-40.5#6.17273869045182#9
0000 001A 2000 0000 0000 0000#1626595667988569#-37.5#0.6013204688511713#9
0000 000F 2000 0000 0000 0000#1626595667989647#-48.0#3.9576704327449543#9
0000 0017 2000 0000 0000 0000#1626595667991777#-39.5#3.3870295796514958#9
0000 0014 2000 0000 0000 0000#1626595667994340#-37.0#3.313398501832985#9
0000 0010 2000 0000 0000 0000#1626595667996253#-55.0#0.7424467013366504#9
