0000 0010 2000 0000 0000 0000#1626595568741377#-45.0#4.166291819897402#9
0000 0012 2000 0000 0000 0000#1626595568742820#-49.0#5.93343768754166#9
0000 001D 2000 0000 0000 0000#1626595568743910#-48.5#2.6445828783148455#9
0000 0018 2000 0000 0000 0000#1626595568744968#-46.5#3.9085830475326135#9
0000 001B 2000 0000 0000 0000#1626595568746291#-49.5#0.5951845456996288#9
0000 001A 2000 0000 0000 0000#1626595568747774#-47.0#5.393476450205914#9
0000 0013 2000 0000 0000 0000#1626595568749112#-51.0#1.0369710126106935#9
0000 000F 2000 0000 0000 0000#1626595568750165#-46.0#3.5036121195308043#9
0000 0017 2000 0000 0000 0000#1626595568751497#-44.5#2.8654761117703775#9
0000 0019 2000 0000 0000 0000#1626595568752502#-45.5#4.546719055293041#9
0000 0011 2000 0000 0000 0000#1626595568753576#-46.5#4.7307967498393175#9
0000 001C 2000 0000 0000 0000#1626595568754760#-48.5#1.761009944492716#9
0000 0015 2000 0000 0000 0000#1626595568756770#-51.5#3.2581751934691017#9
0000 0014 2000 0000 0000 0000#1626595568757782#-50.0#2.1353012567368124#9
0000 0016 2000 0000 0000 0000#1626595568761034#-65.0#4.325825821837508#9
0000 0019 2000 0000 0000 0000#1626595568766248#-46.0#4.571262747899211#9
0000 0017 2000 0000 0000 0000#1626595568767311#-44.0#2.8777479580734626#9
0000 0011 2000 0000 0000 0000#1626595568768372#-46.5#4.743068596142402#9
0000 0010 2000 0000 0000 0000#1626595568769914#-45.5#4.172427743048944#9
0000 0014 2000 0000 0000 0000#1626595568771457#-49.5#2.1353012567368124#9
0000 001C 2000 0000 0000 0000#1626595568772528#-48.5#1.7916895602504288#9
0000 001A 2000 0000 0000 0000#1626595568774811#-47.0#5.393476450205914#9
0000 0016 2000 0000 0000 0000#1626595568776137#-65.5#4.4976316700806995#9
0000 0015 2000 0000 0000 0000#1626595568778194#-51.5#3.2765829629237295#9
0000 0018 2000 0000 0000 0000#1626595568779606#-45.0#3.9147189706841563#9
0000 000F 2000 0000 0000 0000#1626595568780900#-46.0#3.5281558121369745#9
0000 0013 2000 0000 0000 0000#1626595568783033#-51.0#1.043106935762236#9
0000 001D 2000 0000 0000 0000#1626595568784109#-48.5#2.6384469551633027#9
0000 001B 2000 0000 0000 0000#1626595568786326#-49.5#0.5767767762450011#9
0000 0012 2000 0000 0000 0000#1626595568789581#-49.0#5.93343768754166#9
0000 001C 2000 0000 0000 0000#1626595569056214#-49.0#1.214912784005428#9
0000 0016 2000 0000 0000 0000#1626595569057899#-66.0#3.816544200259475#9
0000 0012 2000 0000 0000 0000#1626595569058901#-50.0#5.381204603902829#9
0000 0011 2000 0000 0000 0000#1626595569059990#-46.5#4.190835512503572#9
0000 0017 2000 0000 0000 0000#1626595569060980#-45.0#2.3439226438892597#9
0000 001A 2000 0000 0000 0000#1626595569062282#-47.0#4.828971520263998#9
0000 0015 2000 0000 0000 0000#1626595569063587#-51.5#2.6568547246179306#9
0000 0019 2000 0000 0000 0000#1626595569065154#-46.5#4.000621894805752#9
0000 001D 2000 0000 0000 0000#1626595569066720#-48.5#2.073942025221387#9
0000 0010 2000 0000 0000 0000#1626595569068675#-46.0#3.6079228131070282#9
0000 0018 2000 0000 0000 0000#1626595569070785#-47.0#3.3195344249845276#9
0000 001B 2000 0000 0000 0000#1626595569072286#-50.5#0.018407769454627694#9
0000 000F 2000 0000 0000 0000#1626595569073320#-47.0#2.9391071895888885#9
0000 0013 2000 0000 0000 0000#1626595569086046#-51.5#0.6994952392758523#9
0000 0014 2000 0000 0000 0000#1626595569088142#-49.5#1.7916895602504288#9
0000 0018 2000 0000 0000 0000#1626595569092524#-46.5#3.509748042682347#9
0000 0017 2000 0000 0000 0000#1626595569093814#-44.5#2.5157284921324514#9
0000 0012 2000 0000 0000 0000#1626595569094846#-49.5#5.565282298449106#9
0000 001B 2000 0000 0000 0000#1626595569095924#-50.0#0.1902136176978195#9
0000 0011 2000 0000 0000 0000#1626595569097041#-46.5#4.381049130201391#9
0000 001A 2000 0000 0000 0000#1626595569098827#-46.5#5.0253210611133605#9
0000 001C 2000 0000 0000 0000#1626595569099896#-49.0#1.4173982480063325#9
0000 0010 2000 0000 0000 0000#1626595569101777#-44.5#3.792000507653305#9
0000 0019 2000 0000 0000 0000#1626595569103854#-46.0#4.178563666200486#9
0000 0013 2000 0000 0000 0000#1626595569104920#-51.5#0.6749515466696822#9
0000 000F 2000 0000 0000 0000#1626595569107451#-47.0#3.141592653589793#9
0000 0014 2000 0000 0000 0000#1626595569108474#-50.0#1.7794177139473437#9
0000 0016 2000 0000 0000 0000#1626595569111719#-66.0#4.01902966426038#9
0000 001D 2000 0000 0000 0000#1626595569113876#-49.0#2.2580197197676637#9
0000 0015 2000 0000 0000 0000#1626595569114955#-51.0#2.834796496012665#9
0000 000F 2000 0000 0000 0000#1626595569381645#-46.0#3.933126740138784#9
0000 0017 2000 0000 0000 0000#1626595569382837#-44.0#3.3072625786814425#9
0000 001C 2000 0000 0000 0000#1626595569384376#-48.5#2.1598449493429825#9
0000 0019 2000 0000 0000 0000#1626595569385652#-45.0#4.9394181369917645#9
0000 001A 2000 0000 0000 0000#1626595569387631#-45.0#5.7616318392984684#9
0000 0010 2000 0000 0000 0000#1626595569388817#-43.5#4.558990901596125#9
0000 0013 2000 0000 0000 0000#1626595569389867#-51.0#1.4358060174609601#9
0000 0016 2000 0000 0000 0000#1626595569390951#-65.0#4.6448938257177215#9
0000 0012 2000 0000 0000 0000#1626595569392107#-48.0#0.04295146206079795#9
0000 001D 2000 0000 0000 0000#1626595569394200#-49.0#3.043417883165112#9
0000 0011 2000 0000 0000 0000#1626595569395301#-45.5#5.105088062083414#9
0000 0018 2000 0000 0000 0000#1626595569396473#-44.0#4.295146206079795#9
0000 0014 2000 0000 0000 0000#1626595569397682#-49.5#2.5402721847386216#9
0000 0015 2000 0000 0000 0000#1626595569398973#-51.0#3.6815538909255388#9
0000 001B 2000 0000 0000 0000#1626595569401005#-49.5#0.9756117810952678#9
0000 0014 2000 0000 0000 0000#1626595569405942#-49.5#2.5280003384355365#9
0000 0017 2000 0000 0000 0000#1626595569406990#-44.0#3.3195344249845276#9
0000 001A 2000 0000 0000 0000#1626595569408063#-46.5#5.7616318392984684#9
0000 001C 2000 0000 0000 0000#1626595569409845#-49.0#2.1475731030398975#9
0000 0018 2000 0000 0000 0000#1626595569412391#-45.5#4.270602513473625#9
0000 0012 2000 0000 0000 0000#1626595569416613#-49.5#0.05522330836388308#9
0000 0013 2000 0000 0000 0000#1626595569417637#-51.0#1.4358060174609601#9
0000 000F 2000 0000 0000 0000#1626595569418697#-46.0#3.9576704327449543#9
0000 0019 2000 0000 0000 0000#1626595569419776#-45.0#4.933282213840222#9
0000 0011 2000 0000 0000 0000#1626595569420836#-45.0#5.098952138931871#9
0000 0010 2000 0000 0000 0000#1626595569421894#-45.0#4.546719055293041#9
0000 0015 2000 0000 0000 0000#1626595569423004#-51.0#3.663146121470911#9
0000 001D 2000 0000 0000 0000#1626595569424450#-49.0#3.067961575771282#9
0000 001B 2000 0000 0000 0000#1626595569425785#-49.5#0.9633399347921826#9
0000 0016 2000 0000 0000 0000#1626595569427220#-65.0#4.675573441475434#9
0000 0011 2000 0000 0000 0000#1626595569689553#-44.0#4.921010367537137#9
0000 001C 2000 0000 0000 0000#1626595569698866#-49.0#1.6260196351587797#9
0000 0013 2000 0000 0000 0000#1626595569700803#-52.0#0.8651651643675016#9
0000 0017 2000 0000 0000 0000#1626595569702148#-44.5#2.6998061866787286#9
0000 0018 2000 0000 0000 0000#1626595569704335#-46.5#3.7122335066832517#9
0000 0010 2000 0000 0000 0000#1626595569705447#-44.5#4.01902966426038#9
0000 001B 2000 0000 0000 0000#1626595569706542#-49.5#0.380427235395639#9
0000 0014 2000 0000 0000 0000#1626595569707864#-50.0#1.9634954084936207#9
0000 0019 2000 0000 0000 0000#1626595569709195#-45.5#4.362641360746763#9
0000 000F 2000 0000 0000 0000#1626595569710288#-46.5#3.356349963893783#9
0000 0012 2000 0000 0000 0000#1626595569711319#-49.5#5.773903685601553#9
0000 001A 2000 0000 0000 0000#1626595569712648#-46.5#5.209398755659637#9
0000 0015 2000 0000 0000 0000#1626595569713885#-52.0#3.06182565261974#9
0000 001D 2000 0000 0000 0000#1626595569715387#-49.0#2.4850488763747385#9
0000 0016 2000 0000 0000 0000#1626595569717109#-65.5#4.399456899656019#9
0000 001B 2000 0000 0000 0000#1626595569722633#-49.5#0.4295146206079795#9
0000 001D 2000 0000 0000 0000#1626595569723936#-49.0#2.4727770300716534#9
0000 000F 2000 0000 0000 0000#1626595569725285#-46.5#3.3440781175906977#9
0000 0014 2000 0000 0000 0000#1626595569726564#-50.0#1.9696313316451632#9
0000 001A 2000 0000 0000 0000#1626595569727637#-46.5#5.221670601962723#9
0000 0019 2000 0000 0000 0000#1626595569729680#-46.0#4.368777283898306#9
0000 0018 2000 0000 0000 0000#1626595569731240#-46.5#3.718369429834794#9
0000 0016 2000 0000 0000 0000#1626595569734704#-66.0#4.23378697456437#9
0000 0012 2000 0000 0000 0000#1626595569736021#-49.0#5.767767762450011#9
0000 0015 2000 0000 0000 0000#1626595569737128#-52.0#3.055689729468197#9
0000 0010 2000 0000 0000 0000#1626595569738225#-44.0#4.01902966426038#9
0000 0017 2000 0000 0000 0000#1626595569739275#-44.5#2.6998061866787286#9
0000 0011 2000 0000 0000 0000#1626595569741401#-46.5#4.540583132141498#9
0000 0013 2000 0000 0000 0000#1626595569743692#-51.5#0.8835729338221293#9
0000 001C 2000 0000 0000 0000#1626595569745275#-49.5#1.6260196351587797#9
0000 001B 2000 0000 0000 0000#1626595570009392#-49.5#0.6013204688511713#9
0000 0012 2000 0000 0000 0000#1626595570011748#-49.0#5.939573610693203#9
0000 001C 2000 0000 0000 0000#1626595570013330#-49.0#1.8162332528565992#9
0000 0010 2000 0000 0000 0000#1626595570014346#-45.0#4.184699589352029#9
0000 001A 2000 0000 0000 0000#1626595570015615#-47.0#5.393476450205914#9
0000 0016 2000 0000 0000 0000#1626595570017168#-65.0#4.448544284868359#9
0000 001D 2000 0000 0000 0000#1626595570018241#-48.5#2.675262494072558#9
0000 0017 2000 0000 0000 0000#1626595570019262#-44.5#2.9084275738311756#9
0000 000F 2000 0000 0000 0000#1626595570020297#-46.0#3.552699504743145#9
0000 0018 2000 0000 0000 0000#1626595570021385#-46.5#3.9147189706841563#9
0000 0015 2000 0000 0000 0000#1626595570022432#-51.5#3.2704470397721868#9
0000 0019 2000 0000 0000 0000#1626595570023454#-45.5#4.546719055293041#9
0000 0011 2000 0000 0000 0000#1626595570024855#-46.0#4.743068596142402#9
0000 0013 2000 0000 0000 0000#1626595570027835#-51.0#1.0676506283684062#9
0000 0014 2000 0000 0000 0000#1626595570031911#-50.0#2.1537090261914402#9
0000 0019 2000 0000 0000 0000#1626595570038555#-46.0#4.552854978444583#9
0000 0018 2000 0000 0000 0000#1626595570039669#-45.0#3.933126740138784#9
0000 0016 2000 0000 0000 0000#1626595570040737#-65.0#4.411728745959104#9
0000 0017 2000 0000 0000 0000#1626595570042627#-44.5#2.890019804376548#9
0000 0011 2000 0000 0000 0000#1626595570043741#-46.5#4.724660826687775#9
0000 000F 2000 0000 0000 0000#1626595570044893#-46.0#3.54042765844006#9
0000 0015 2000 0000 0000 0000#1626595570047025#-51.5#3.2827188860752723#9
0000 001A 2000 0000 0000 0000#1626595570048056#-47.0#5.387340527054372#9
0000 0014 2000 0000 0000 0000#1626595570049641#-49.5#2.1598449493429825#9
0000 0010 2000 0000 0000 0000#1626595570050767#-44.0#4.178563666200486#9
0000 001B 2000 0000 0000 0000#1626595570052073#-50.0#0.5951845456996288#9
0000 0013 2000 0000 0000 0000#1626595570053211#-51.0#1.0492428589137786#9
0000 001C 2000 0000 0000 0000#1626595570054225#-49.0#1.8100973297050567#9
0000 0012 2000 0000 0000 0000#1626595570057304#-49.0#5.93343768754166#9
0000 001D 2000 0000 0000 0000#1626595570059207#-48.5#2.662990647769473#9
0000 001C 2000 0000 0000 0000#1626595570323461#-49.5#1.4358060174609601#9
0000 0018 2000 0000 0000 0000#1626595570325219#-46.5#3.522019888985432#9
0000 0017 2000 0000 0000 0000#1626595570326523#-44.5#2.5341362615870793#9
0000 0013 2000 0000 0000 0000#1626595570327836#-52.0#0.6749515466696822#9
0000 0014 2000 0000 0000 0000#1626595570329129#-50.0#1.7794177139473437#9
0000 0012 2000 0000 0000 0000#1626595570331719#-50.0#5.602097837358362#9
0000 001A 2000 0000 0000 0000#1626595570333063#-46.5#5.056000676871073#9
0000 001B 2000 0000 0000 0000#1626595570334383#-50.0#0.19634954084936207#9
0000 0015 2000 0000 0000 0000#1626595570335404#-51.5#2.8532042654672924#9
0000 0011 2000 0000 0000 0000#1626595570336503#-44.5#4.356505437595221#9
0000 001D 2000 0000 0000 0000#1626595570338869#-47.5#2.2886993355253766#9
0000 0019 2000 0000 0000 0000#1626595570340770#-46.0#4.190835512503572#9
0000 000F 2000 0000 0000 0000#1626595570344868#-47.0#3.1661363461959633#9
0000 0010 2000 0000 0000 0000#1626595570346128#-46.0#3.792000507653305#9
0000 0016 2000 0000 0000 0000#1626595570347548#-66.0#4.172427743048944#9
0000 0010 2000 0000 0000 0000#1626595570351028#-46.0#3.8288160465625602#9
0000 0017 2000 0000 0000 0000#1626595570352146#-45.0#2.5341362615870793#9
0000 001A 2000 0000 0000 0000#1626595570353221#-46.5#5.019185137961818#9
0000 0019 2000 0000 0000 0000#1626595570355023#-46.0#4.190835512503572#9
0000 0018 2000 0000 0000 0000#1626595570356056#-46.5#3.5281558121369745#9
0000 0012 2000 0000 0000 0000#1626595570357102#-49.5#5.626641529964532#9
0000 0015 2000 0000 0000 0000#1626595570358123#-51.5#2.859340188618835#9
0000 0013 2000 0000 0000 0000#1626595570359189#-52.0#0.7117670855789375#9
0000 001B 2000 0000 0000 0000#1626595570361222#-50.0#0.22089323345553233#9
0000 0011 2000 0000 0000 0000#1626595570362334#-45.0#4.381049130201391#9
0000 001C 2000 0000 0000 0000#1626595570365126#-49.0#1.4542137869155878#9
0000 000F 2000 0000 0000 0000#1626595570366903#-47.0#3.153864499892878#9
0000 0016 2000 0000 0000 0000#1626595570369038#-64.5#4.23378697456437#9
0000 0014 2000 0000 0000 0000#1626595570370916#-49.5#1.8407769454627694#9
0000 001D 2000 0000 0000 0000#1626595570373299#-49.0#2.313243028131547#9
0000 0011 2000 0000 0000 0000#1626595570637431#-47.0#6.234097921967246#9
0000 001B 2000 0000 0000 0000#1626595570638982#-46.0#2.2027964114037806#9
0000 0019 2000 0000 0000 0000#1626595570640915#-47.0#5.8045833013592665#9
0000 0015 2000 0000 0000 0000#1626595570641922#-48.0#4.301282129231338#9
0000 001A 2000 0000 0000 0000#1626595570642967#-47.0#0.9878836273983529#9
0000 0010 2000 0000 0000 0000#1626595570644364#-43.5#5.006913291658733#9
0000 0013 2000 0000 0000 0000#1626595570645461#-47.5#2.6016314162540475#9
0000 0018 2000 0000 0000 0000#1626595570647118#-43.0#4.528311285838413#9
0000 0012 2000 0000 0000 0000#1626595570648650#-48.0#1.6198837120072371#9
0000 000F 2000 0000 0000 0000#1626595570649757#-41.5#3.9576704327449543#9
0000 0014 2000 0000 0000 0000#1626595570651300#-46.0#3.448388811166921#9
0000 0017 2000 0000 0000 0000#1626595570653593#-36.5#3.2643111166206444#9
0000 001C 2000 0000 0000 0000#1626595570654620#-45.5#3.172272269347506#9
0000 0016 2000 0000 0000 0000#1626595570655700#-45.5#3.902447124381071#9
0000 001D 2000 0000 0000 0000#1626595570656733#-45.5#3.859495662320273#9
0000 0015 2000 0000 0000 0000#1626595570662252#-48.0#4.356505437595221#9
0000 0014 2000 0000 0000 0000#1626595570663348#-45.5#3.479068426924634#9
0000 0012 2000 0000 0000 0000#1626595570665234#-47.5#1.705786636128833#9
0000 0017 2000 0000 0000 0000#1626595570667395#-36.0#3.2643111166206444#9
0000 0019 2000 0000 0000 0000#1626595570671040#-47.5#5.964117303299373#9
0000 0018 2000 0000 0000 0000#1626595570673927#-44.5#4.589670517353839#9
0000 000F 2000 0000 0000 0000#1626595570675093#-41.5#3.988350048502667#9
0000 0013 2000 0000 0000 0000#1626595570676170#-46.5#2.730485802436441#9
0000 001C 2000 0000 0000 0000#1626595570677231#-45.0#3.227495577711389#9
0000 0010 2000 0000 0000 0000#1626595570679581#-44.5#5.129631754689584#9
0000 001B 2000 0000 0000 0000#1626595570680887#-46.0#2.36846633649543#9
0000 001A 2000 0000 0000 0000#1626595570681931#-46.5#1.184233168247715#9
0000 001D 2000 0000 0000 0000#1626595570683051#-45.5#3.933126740138784#9
0000 0016 2000 0000 0000 0000#1626595570684598#-44.5#3.902447124381071#9
0000 0011 2000 0000 0000 0000#1626595570686553#-48.0#0.25770877236478773#9
0000 001C 2000 0000 0000 0000#1626595570952095#-42.0#3.3870295796514958#9
0000 001B 2000 0000 0000 0000#1626595570953459#-42.5#2.6261751088602177#9
0000 0017 2000 0000 0000 0000#1626595570955640#-35.0#3.3502140407422405#9
0000 0010 2000 0000 0000 0000#1626595570956937#-48.0#5.957981380147831#9
0000 001A 2000 0000 0000 0000#1626595570957985#-42.5#1.8714565612204823#9
0000 001D 2000 0000 0000 0000#1626595570959318#-43.0#3.9515345095934116#9
0000 0013 2000 0000 0000 0000#1626595570960384#-44.0#3.043417883165112#9
0000 0018 2000 0000 0000 0000#1626595570961900#-46.5#5.166447293598839#9
0000 0019 2000 0000 0000 0000#1626595570964216#-47.5#0.9387962421860124#9
0000 0012 2000 0000 0000 0000#1626595570965476#-43.5#2.3009711818284617#9
0000 0016 2000 0000 0000 0000#1626595570967526#-40.0#3.706097583531709#9
0000 0014 2000 0000 0000 0000#1626595570968835#-43.0#3.6876898140770815#9
0000 0011 2000 0000 0000 0000#1626595570971445#-46.0#1.325359400733194#9
0000 0015 2000 0000 0000 0000#1626595570974522#-46.0#4.3933209765044765#9
0000 000F 2000 0000 0000 0000#1626595570975629#-42.0#4.356505437595221#9
0000 0015 2000 0000 0000 0000#1626595570980036#-46.0#4.424000592262189#9
0000 0014 2000 0000 0000 0000#1626595570981089#-43.0#3.706097583531709#9
0000 001C 2000 0000 0000 0000#1626595570982176#-41.5#3.479068426924634#9
0000 0017 2000 0000 0000 0000#1626595570983737#-35.0#3.454524734318464#9
0000 0013 2000 0000 0000 0000#1626595570986229#-44.0#3.104777114680538#9
0000 0016 2000 0000 0000 0000#1626595570987521#-40.0#3.767456815047135#9
0000 0011 2000 0000 0000 0000#1626595570988665#-44.0#1.3928545554001621#9
0000 001B 2000 0000 0000 0000#1626595570991807#-42.0#2.748893571891069#9
0000 000F 2000 0000 0000 0000#1626595570992899#-42.5#4.399456899656019#9
0000 001D 2000 0000 0000 0000#1626595570995230#-43.0#4.025165587411922#9
0000 0019 2000 0000 0000 0000#1626595570996263#-47.0#1.1167380135807468#9
0000 0012 2000 0000 0000 0000#1626595570997822#-43.0#2.380738182798515#9
0000 0010 2000 0000 0000 0000#1626595570999710#-47.5#6.227961998815704#9
0000 001A 2000 0000 0000 0000#1626595571002565#-42.0#2.018718716857504#9
0000 0018 2000 0000 0000 0000#1626595571003653#-47.0#5.356660911296659#9
0000 0010 2000 0000 0000 0000#1626595571270972#-46.5#1.5155730184310134#9
0000 0013 2000 0000 0000 0000#1626595571272051#-41.0#4.06811704947272#9
0000 0015 2000 0000 0000 0000#1626595571275340#-45.0#5.111223985234957#9
0000 001A 2000 0000 0000 0000#1626595571276467#-38.5#3.067961575771282#9
0000 0012 2000 0000 0000 0000#1626595571278757#-40.5#3.423845118560751#9
0000 0016 2000 0000 0000 0000#1626595571280049#-38.5#4.9394181369917645#9
0000 0017 2000 0000 0000 0000#1626595571282112#-34.5#4.890330751779424#9
0000 000F 2000 0000 0000 0000#1626595571283691#-42.5#5.957981380147831#9
0000 0014 2000 0000 0000 0000#1626595571288447#-41.0#4.571262747899211#9
0000 001B 2000 0000 0000 0000#1626595571289725#-40.0#3.773592738198677#9
0000 001C 2000 0000 0000 0000#1626595571290797#-39.5#4.411728745959104#9
0000 001D 2000 0000 0000 0000#1626595571291831#-41.5#4.755340442445488#9
0000 0011 2000 0000 0000 0000#1626595571293738#-42.0#2.6691265709210157#9
0000 0019 2000 0000 0000 0000#1626595571294796#-44.0#2.5034566458293663#9
0000 0018 2000 0000 0000 0000#1626595571296585#-45.0#0.7915340865489908#9
0000 0011 2000 0000 0000 0000#1626595571301532#-42.0#2.693670263527186#9
0000 0014 2000 0000 0000 0000#1626595571304153#-41.0#4.614214209960009#9
0000 001A 2000 0000 0000 0000#1626595571305462#-40.0#3.153864499892878#9
0000 0017 2000 0000 0000 0000#1626595571306738#-34.5#4.988505522204105#9
0000 0012 2000 0000 0000 0000#1626595571307802#-40.0#3.5036121195308043#9
0000 001D 2000 0000 0000 0000#1626595571308820#-41.0#4.7860200582032#9
0000 0015 2000 0000 0000 0000#1626595571310615#-45.0#5.154175447295755#9
0000 0010 2000 0000 0000 0000#1626595571312233#-44.0#1.718058482431918#9
0000 0018 2000 0000 0000 0000#1626595571314019#-46.0#0.8897088569736719#9
0000 0013 2000 0000 0000 0000#1626595571315328#-40.5#4.154019973594316#9
0000 0016 2000 0000 0000 0000#1626595571317181#-38.0#5.0682725231741586#9
0000 0019 2000 0000 0000 0000#1626595571318358#-43.5#2.5709518004963345#9
0000 001C 2000 0000 0000 0000#1626595571319647#-39.5#4.448544284868359#9
0000 001B 2000 0000 0000 0000#1626595571321309#-40.0#3.8840393549264434#9
0000 000F 2000 0000 0000 0000#1626595571322546#-42.5#6.154330920997192#9
0000 0019 2000 0000 0000 0000#1626595571586149#-41.0#2.8532042654672924#9
0000 0016 2000 0000 0000 0000#1626595571587455#-38.5#5.712544454086128#9
0000 0017 2000 0000 0000 0000#1626595571588516#-34.0#5.822991070813893#9
0000 0013 2000 0000 0000 0000#1626595571589585#-39.0#4.227651051412827#9
0000 001C 2000 0000 0000 0000#1626595571590628#-38.0#4.448544284868359#9
0000 0010 2000 0000 0000 0000#1626595571591704#-42.5#2.1905245651006955#9
0000 000F 2000 0000 0000 0000#1626595571594732#-41.0#0.6504078540635119#9
0000 0012 2000 0000 0000 0000#1626595571595808#-38.5#3.693825737228624#9
0000 0018 2000 0000 0000 0000#1626595571597353#-43.0#1.5585244804918115#9
0000 0011 2000 0000 0000 0000#1626595571600108#-40.0#3.000466421104314#9
0000 001D 2000 0000 0000 0000#1626595571602268#-41.0#4.700117134081604#9
0000 0015 2000 0000 0000 0000#1626595571604186#-44.5#5.043728830567988#9
0000 0014 2000 0000 0000 0000#1626595571606745#-40.0#4.608078286808466#9
0000 001B 2000 0000 0000 0000#1626595571608068#-38.0#3.9944859716542096#9
0000 001A 2000 0000 0000 0000#1626595571609099#-37.0#3.399301425954581#9
0000 001D 2000 0000 0000 0000#1626595571614815#-41.0#4.71238898038469#9
0000 0011 2000 0000 0000 0000#1626595571615889#-39.5#3.06182565261974#9
0000 001C 2000 0000 0000 0000#1626595571617204#-38.0#4.479223900626073#9
0000 0017 2000 0000 0000 0000#1626595571619264#-34.0#5.93343768754166#9
0000 0012 2000 0000 0000 0000#1626595571620554#-38.0#3.736777199289422#9
0000 000F 2000 0000 0000 0000#1626595571621620#-40.5#0.7853981633974483#9
0000 0014 2000 0000 0000 0000#1626595571622688#-40.0#4.626486056263094#9
0000 0018 2000 0000 0000 0000#1626595571625037#-41.5#1.6382914814618648#9
0000 001B 2000 0000 0000 0000#1626595571626375#-38.0#4.0128937411088375#9
0000 0016 2000 0000 0000 0000#1626595571628137#-38.5#5.872078456026235#9
0000 0013 2000 0000 0000 0000#1626595571629216#-39.0#4.276738436625168#9
0000 001A 2000 0000 0000 0000#1626595571630403#-35.5#3.429981041712294#9
0000 0010 2000 0000 0000 0000#1626595571632628#-40.5#2.3071071049800045#9
0000 0019 2000 0000 0000 0000#1626595571634262#-40.5#2.9575149590435164#9
0000 0015 2000 0000 0000 0000#1626595571636673#-44.5#5.056000676871073#9
0000 0011 2000 0000 0000 0000#1626595571902457#-36.5#4.399456899656019#9
0000 0015 2000 0000 0000 0000#1626595571904020#-44.5#5.921165841238575#9
0000 001B 2000 0000 0000 0000#1626595571905284#-36.0#5.197126909356553#9
0000 000F 2000 0000 0000 0000#1626595571906347#-36.5#2.454369260617026#9
0000 0012 2000 0000 0000 0000#1626595571907504#-35.0#4.988505522204105#9
0000 0010 2000 0000 0000 0000#1626595571908631#-37.0#3.6999616603801666#9
0000 0014 2000 0000 0000 0000#1626595571910903#-39.0#5.64504929941916#9
0000 0017 2000 0000 0000 0000#1626595571913154#-31.0#1.6198837120072371#9
0000 0019 2000 0000 0000 0000#1626595571914201#-37.5#4.313553975534423#9
0000 001D 2000 0000 0000 0000#1626595571916219#-40.0#5.681864838328415#9
0000 0018 2000 0000 0000 0000#1626595571917264#-39.0#3.2029518851052186#9
0000 0013 2000 0000 0000 0000#1626595571918348#-38.0#5.43029198911517#9
0000 001A 2000 0000 0000 0000#1626595571919595#-35.5#4.743068596142402#9
0000 0016 2000 0000 0000 0000#1626595571924954#-36.5#1.6014759425526093#9
0000 001C 2000 0000 0000 0000#1626595571926041#-37.0#5.577554144752192#9
0000 0018 2000 0000 0000 0000#1626595571930415#-38.5#3.2459033471660166#9
0000 001A 2000 0000 0000 0000#1626595571933065#-35.5#4.76147636559703#9
0000 0017 2000 0000 0000 0000#1626595571934113#-30.5#1.6996507129772904#9
0000 0012 2000 0000 0000 0000#1626595571935757#-36.0#5.043728830567988#9
0000 0014 2000 0000 0000 0000#1626595571936836#-38.5#5.651185222570702#9
0000 0016 2000 0000 0000 0000#1626595571937903#-36.5#1.662835174068035#9
0000 001B 2000 0000 0000 0000#1626595571939983#-36.0#5.240078371417351#9
0000 0011 2000 0000 0000 0000#1626595571941273#-36.0#4.448544284868359#9
0000 000F 2000 0000 0000 0000#1626595571942665#-36.0#2.564815877344792#9
0000 001D 2000 0000 0000 0000#1626595571943742#-40.0#5.6941366846315#9
0000 0019 2000 0000 0000 0000#1626595571945281#-37.5#4.362641360746763#9
0000 0015 2000 0000 0000 0000#1626595571946347#-44.5#5.9518454569962875#9
0000 0010 2000 0000 0000 0000#1626595571956937#-38.0#3.5772431973493153#9
0000 0013 2000 0000 0000 0000#1626595571959955#-37.5#5.270757987175063#9
0000 001C 2000 0000 0000 0000#1626595571960982#-37.5#5.418020142812084#9
0000 0013 2000 0000 0000 0000#1626595572227401#-38.0#5.190990986205009#9
0000 0011 2000 0000 0000 0000#1626595572228450#-35.5#4.295146206079795#9
0000 001B 2000 0000 0000 0000#1626595572229773#-36.0#4.994641445355648#9
0000 000F 2000 0000 0000 0000#1626595572230824#-33.0#2.736621725587984#9
0000 0018 2000 0000 0000 0000#1626595572232906#-36.0#3.2765829629237295#9
0000 001A 2000 0000 0000 0000#1626595572236281#-35.0#4.614214209960009#9
0000 0012 2000 0000 0000 0000#1626595572237643#-36.0#4.871922982324796#9
0000 0019 2000 0000 0000 0000#1626595572240342#-36.5#4.221515128261284#9
0000 0016 2000 0000 0000 0000#1626595572241937#-34.5#2.2212041808584084#9
0000 0017 2000 0000 0000 0000#1626595572243013#-28.0#2.1353012567368124#9
0000 001D 2000 0000 0000 0000#1626595572244260#-40.5#5.197126909356553#9
0000 0015 2000 0000 0000 0000#1626595572245338#-46.0#5.356660911296659#9
0000 001C 2000 0000 0000 0000#1626595572248114#-37.5#5.246214294568893#9
0000 0010 2000 0000 0000 0000#1626595572249261#-35.5#3.6999616603801666#9
0000 0014 2000 0000 0000 0000#1626595572250300#-39.5#5.2768939103266055#9
0000 0018 2000 0000 0000 0000#1626595572254515#-35.5#3.32567034813607#9
0000 0010 2000 0000 0000 0000#1626595572255953#-34.5#3.706097583531709#9
0000 0015 2000 0000 0000 0000#1626595572257489#-46.0#5.381204603902829#9
0000 0016 2000 0000 0000 0000#1626595572258875#-34.5#2.3071071049800045#9
0000 001C 2000 0000 0000 0000#1626595572259916#-37.5#5.252350217720435#9
0000 001A 2000 0000 0000 0000#1626595572261191#-35.5#4.6448938257177215#9
0000 000F 2000 0000 0000 0000#1626595572263777#-32.5#2.82252464970958#9
0000 0011 2000 0000 0000 0000#1626595572264855#-35.5#4.331961744989051#9
0000 0019 2000 0000 0000 0000#1626595572266402#-36.0#4.25833066717054#9
0000 001D 2000 0000 0000 0000#1626595572267676#-40.5#5.197126909356553#9
0000 0017 2000 0000 0000 0000#1626595572269747#-28.0#2.2212041808584084#9
0000 0014 2000 0000 0000 0000#1626595572272128#-39.0#5.295301679781233#9
0000 001B 2000 0000 0000 0000#1626595572273417#-36.0#5.043728830567988#9
0000 0013 2000 0000 0000 0000#1626595572275826#-38.5#5.21553467881118#9
0000 0012 2000 0000 0000 0000#1626595572277505#-36.5#4.914874444385594#9
0000 0010 2000 0000 0000 0000#1626595572542192#-34.5#4.325825821837508#9
0000 001D 2000 0000 0000 0000#1626595572543268#-43.0#5.264622064023521#9
0000 0016 2000 0000 0000 0000#1626595572544318#-32.5#3.4606606574700063#9
0000 0017 2000 0000 0000 0000#1626595572545833#-27.0#3.1906800388021335#9
0000 0012 2000 0000 0000 0000#1626595572547155#-37.0#5.2768939103266055#9
0000 0013 2000 0000 0000 0000#1626595572548477#-40.0#5.5284667595398505#9
0000 001C 2000 0000 0000 0000#1626595572549774#-40.0#5.47937937432751#9
0000 0014 2000 0000 0000 0000#1626595572551741#-41.5#5.460971604872882#9
0000 0019 2000 0000 0000 0000#1626595572552830#-36.5#4.779884135051658#9
0000 0015 2000 0000 0000 0000#1626595572564896#-48.0#4.779884135051658#9
0000 0018 2000 0000 0000 0000#1626595572566316#-34.0#3.436116964863836#9
0000 000F 2000 0000 0000 0000#1626595572567608#-32.0#3.098641191528995#9
0000 0011 2000 0000 0000 0000#1626595572568988#-36.0#4.28287435977671#9
0000 001B 2000 0000 0000 0000#1626595572570067#-38.5#4.816699673960914#9
0000 001A 2000 0000 0000 0000#1626595572572912#-36.5#4.522175362686871#9
0000 000F 2000 0000 0000 0000#1626595572576967#-32.5#3.11091303783208#9
0000 001B 2000 0000 0000 0000#1626595572578018#-38.5#4.81056375080937#9
0000 0010 2000 0000 0000 0000#1626595572580170#-34.0#3.736777199289422#9
0000 0017 2000 0000 0000 0000#1626595572582596#-25.0#2.6261751088602177#9
0000 0012 2000 0000 0000 0000#1626595572583928#-38.0#4.773748211900116#9
0000 001D 2000 0000 0000 0000#1626595572585004#-43.5#4.693981210930062#9
0000 001A 2000 0000 0000 0000#1626595572586328#-36.5#4.516039439535327#9
0000 0019 2000 0000 0000 0000#1626595572587622#-37.0#4.252194744018997#9
0000 001C 2000 0000 0000 0000#1626595572588694#-39.5#4.933282213840222#9
0000 0011 2000 0000 0000 0000#1626595572589838#-35.0#4.295146206079795#9
0000 0015 2000 0000 0000 0000#1626595572592542#-48.5#4.76147636559703#9
0000 0014 2000 0000 0000 0000#1626595572593622#-41.5#4.896466674930966#9
0000 0016 2000 0000 0000 0000#1626595572594875#-32.5#2.9636508821950587#9
0000 0018 2000 0000 0000 0000#1626595572596246#-32.5#3.472932503773092#9
0000 0013 2000 0000 0000 0000#1626595572599011#-40.0#4.97623367590102#9
0000 0013 2000 0000 0000 0000#1626595572863017#-42.0#4.9823695990525625#9
0000 0018 2000 0000 0000 0000#1626595572864194#-34.0#3.9822141253511245#9
0000 0014 2000 0000 0000 0000#1626595572865273#-44.0#4.755340442445488#9
0000 000F 2000 0000 0000 0000#1626595572866537#-31.5#3.7429131224409646#9
0000 0017 2000 0000 0000 0000#1626595572867585#-26.5#3.3870295796514958#9
0000 0012 2000 0000 0000 0000#1626595572869365#-39.5#4.828971520263998#9
0000 0016 2000 0000 0000 0000#1626595572870913#-32.0#3.847223816017188#9
0000 0010 2000 0000 0000 0000#1626595572872451#-35.0#4.190835512503572#9
0000 0011 2000 0000 0000 0000#1626595572874097#-37.5#4.516039439535327#9
0000 0019 2000 0000 0000 0000#1626595572875146#-37.5#4.534447208989955#9
0000 0015 2000 0000 0000 0000#1626595572876196#-49.5#4.448544284868359#9
0000 001A 2000 0000 0000 0000#1626595572877299#-38.5#4.6448938257177215#9
0000 001B 2000 0000 0000 0000#1626595572879189#-40.5#4.792155981354743#9
0000 001D 2000 0000 0000 0000#1626595572880253#-45.5#4.399456899656019#9
0000 001C 2000 0000 0000 0000#1626595572881737#-42.0#4.81056375080937#9
0000 0016 2000 0000 0000 0000#1626595572890235#-32.0#3.902447124381071#9
0000 0010 2000 0000 0000 0000#1626595572891911#-35.5#4.2031073588066565#9
0000 0011 2000 0000 0000 0000#1626595572892970#-37.5#4.509903516383785#9
0000 0018 2000 0000 0000 0000#1626595572895063#-34.0#4.006757817957295#9
0000 0019 2000 0000 0000 0000#1626595572896137#-38.0#4.534447208989955#9
0000 000F 2000 0000 0000 0000#1626595572897697#-31.5#3.77972866135022#9
0000 0015 2000 0000 0000 0000#1626595572898763#-49.5#4.417864669110647#9
0000 0017 2000 0000 0000 0000#1626595572900051#-26.5#3.436116964863836#9
0000 0014 2000 0000 0000 0000#1626595572901522#-44.5#4.693981210930062#9
0000 0013 2000 0000 0000 0000#1626595572902563#-42.5#4.914874444385594#9
0000 0012 2000 0000 0000 0000#1626595572903889#-40.0#4.792155981354743#9
0000 001C 2000 0000 0000 0000#1626595572904959#-42.5#4.76147636559703#9
0000 001B 2000 0000 0000 0000#1626595572907321#-40.5#4.773748211900116#9
0000 001A 2000 0000 0000 0000#1626595572908369#-38.5#4.614214209960009#9
0000 001D 2000 0000 0000 0000#1626595572909802#-45.0#4.374913207049849#9
0000 0018 2000 0000 0000 0000#1626595573181602#-34.0#4.651029748869264#9
0000 0013 2000 0000 0000 0000#1626595573182997#-43.5#4.95168998329485#9
0000 0019 2000 0000 0000 0000#1626595573184290#-38.0#4.853515212870168#9
0000 0016 2000 0000 0000 0000#1626595573185354#-31.0#4.902602598082509#9
0000 001C 2000 0000 0000 0000#1626595573186397#-43.0#4.828971520263998#9
0000 0011 2000 0000 0000 0000#1626595573187473#-38.0#4.749204519293945#9
0000 0017 2000 0000 0000 0000#1626595573188521#-26.0#4.319689898685965#9
0000 000F 2000 0000 0000 0000#1626595573189597#-31.0#4.546719055293041#9
0000 0012 2000 0000 0000 0000#1626595573190657#-41.0#4.884194828627882#9
0000 001A 2000 0000 0000 0000#1626595573192147#-39.5#4.724660826687775#9
0000 0015 2000 0000 0000 0000#1626595573193921#-51.0#4.485359823777615#9
0000 0014 2000 0000 0000 0000#1626595573195599#-45.0#4.706253057233147#9
0000 0010 2000 0000 0000 0000#1626595573196753#-34.0#4.6878452877785195#9
0000 001B 2000 0000 0000 0000#1626595573198934#-41.5#4.816699673960914#9
0000 001D 2000 0000 0000 0000#1626595573199982#-46.5#4.411728745959104#9
0000 001D 2000 0000 0000 0000#1626595573205691#-46.5#4.381049130201391#9
0000 0010 2000 0000 0000 0000#1626595573207074#-34.5#4.706253057233147#9
0000 0012 2000 0000 0000 0000#1626595573208235#-39.5#4.8351074434155406#9
0000 0018 2000 0000 0000 0000#1626595573209320#-32.5#4.638757902566179#9
0000 0013 2000 0000 0000 0000#1626595573210876#-43.5#4.908738521234052#9
0000 0016 2000 0000 0000 0000#1626595573212154#-31.5#4.933282213840222#9
0000 000F 2000 0000 0000 0000#1626595573213916#-31.0#4.571262747899211#9
0000 0015 2000 0000 0000 0000#1626595573214980#-51.0#4.4976316700806995#9
0000 001B 2000 0000 0000 0000#1626595573216273#-41.5#4.792155981354743#9
0000 0019 2000 0000 0000 0000#1626595573218331#-38.0#4.828971520263998#9
0000 0017 2000 0000 0000 0000#1626595573220201#-24.5#4.3503695144436785#9
0000 0014 2000 0000 0000 0000#1626595573222885#-45.5#4.693981210930062#9
0000 001C 2000 0000 0000 0000#1626595573225539#-43.5#4.755340442445488#9
0000 001A 2000 0000 0000 0000#1626595573227307#-38.0#4.669437518323892#9
0000 0011 2000 0000 0000 0000#1626595573228436#-37.0#4.675573441475434#9
0000 001C 2000 0000 0000 0000#1626595573493293#-46.0#3.9085830475326135#9
0000 0012 2000 0000 0000 0000#1626595573494941#-42.0#3.9638063558964967#9
0000 0017 2000 0000 0000 0000#1626595573495974#-27.0#4.01902966426038#9
0000 001B 2000 0000 0000 0000#1626595573497050#-43.0#3.9269908169872414#9
0000 000F 2000 0000 0000 0000#1626595573498144#-31.0#4.129476280988146#9
0000 0018 2000 0000 0000 0000#1626595573500479#-33.5#4.086524818927348#9
0000 0019 2000 0000 0000 0000#1626595573503270#-38.5#4.031301510563465#9
0000 0014 2000 0000 0000 0000#1626595573504677#-48.0#3.822680123411018#9
0000 0011 2000 0000 0000 0000#1626595573505739#-38.5#3.8717675086233583#9
0000 001A 2000 0000 0000 0000#1626595573506842#-40.0#3.7551849687440497#9
0000 0010 2000 0000 0000 0000#1626595573507887#-35.5#4.031301510563465#9
0000 0016 2000 0000 0000 0000#1626595573509179#-31.5#4.7860200582032#9
0000 0015 2000 0000 0000 0000#1626595573510843#-55.5#3.466796580621549#9
0000 0013 2000 0000 0000 0000#1626595573511953#-45.5#4.01902966426038#9
0000 001D 2000 0000 0000 0000#1626595573513027#-50.5#3.411573272257666#9
0000 0012 2000 0000 0000 0000#1626595573518685#-42.0#3.9085830475326135#9
0000 0016 2000 0000 0000 0000#1626595573520279#-31.5#4.804427827657828#9
0000 001A 2000 0000 0000 0000#1626595573521325#-40.0#3.736777199289422#9
0000 0013 2000 0000 0000 0000#1626595573523168#-45.5#3.9944859716542096#9
0000 0019 2000 0000 0000 0000#1626595573524499#-38.5#3.9822141253511245#9
0000 0011 2000 0000 0000 0000#1626595573526073#-38.0#3.834951969714103#9
0000 0017 2000 0000 0000 0000#1626595573527177#-27.0#4.006757817957295#9
0000 001C 2000 0000 0000 0000#1626595573528490#-46.5#3.847223816017188#9
0000 0014 2000 0000 0000 0000#1626595573530139#-48.5#3.761320891895592#9
0000 0018 2000 0000 0000 0000#1626595573531669#-33.5#4.0558452031696355#9
0000 000F 2000 0000 0000 0000#1626595573533238#-31.0#4.123340357836604#9
0000 0010 2000 0000 0000 0000#1626595573534656#-35.5#4.01902966426038#9
0000 0015 2000 0000 0000 0000#1626595573536224#-56.0#3.448388811166921#9
0000 001B 2000 0000 0000 0000#1626595573537370#-43.5#3.8533597391687304#9
0000 001D 2000 0000 0000 0000#1626595573538419#-51.0#3.3379421944391554#9
0000 001A 2000 0000 0000 0000#1626595573801415#-41.0#2.761165418194154#9
0000 0018 2000 0000 0000 0000#1626595573802479#-33.5#3.399301425954581#9
0000 0016 2000 0000 0000 0000#1626595573804854#-31.5#4.399456899656019#9
0000 0017 2000 0000 0000 0000#1626595573806857#-26.5#3.479068426924634#9
0000 000F 2000 0000 0000 0000#1626595573807934#-31.0#3.522019888985432#9
0000 0010 2000 0000 0000 0000#1626595573809245#-35.5#3.2704470397721868#9
0000 001C 2000 0000 0000 0000#1626595573810344#-49.5#2.5402721847386216#9
0000 0014 2000 0000 0000 0000#1626595573811622#-52.0#2.399145952253143#9
0000 001B 2000 0000 0000 0000#1626595573813208#-45.0#2.767301341345697#9
0000 001D 2000 0000 0000 0000#1626595573814241#-55.0#1.7794177139473437#9
0000 0012 2000 0000 0000 0000#1626595573817338#-43.5#2.84706834231575#9
0000 0013 2000 0000 0000 0000#1626595573819945#-48.5#2.8102528034064944#9
0000 0015 2000 0000 0000 0000#1626595573822201#-61.0#1.5585244804918115#9
0000 0019 2000 0000 0000 0000#1626595573825816#-39.0#3.08636934522591#9
0000 0011 2000 0000 0000 0000#1626595573826863#-39.0#2.890019804376548#9
0000 0018 2000 0000 0000 0000#1626595573830429#-34.0#3.356349963893783#9
0000 001C 2000 0000 0000 0000#1626595573831984#-50.0#2.478912953223196#9
0000 001D 2000 0000 0000 0000#1626595573834097#-55.0#1.705786636128833#9
0000 001B 2000 0000 0000 0000#1626595573835434#-45.5#2.705942109830271#9
0000 0017 2000 0000 0000 0000#1626595573836987#-26.5#3.454524734318464#9
0000 0015 2000 0000 0000 0000#1626595573838335#-61.0#1.4603497100671303#9
0000 0016 2000 0000 0000 0000#1626595573840146#-31.5#4.387185053352934#9
0000 0012 2000 0000 0000 0000#1626595573842297#-43.5#2.791845033951867#9
0000 0013 2000 0000 0000 0000#1626595573843607#-48.0#2.718213956133356#9
0000 000F 2000 0000 0000 0000#1626595573844656#-31.0#3.479068426924634#9
0000 0010 2000 0000 0000 0000#1626595573846259#-35.5#3.2213596545598464#9
0000 0019 2000 0000 0000 0000#1626595573847608#-39.0#3.031146036862027#9
0000 0011 2000 0000 0000 0000#1626595573849546#-38.5#2.8532042654672924#9
0000 001A 2000 0000 0000 0000#1626595573850635#-41.0#2.6261751088602177#9
0000 0014 2000 0000 0000 0000#1626595573851786#-52.0#2.227340104009951#9
0000 0019 2000 0000 0000 0000#1626595574114417#-39.0#2.6384469551633027#9
0000 001A 2000 0000 0000 0000#1626595574116475#-42.5#2.116893487282185#9
0000 0018 2000 0000 0000 0000#1626595574117508#-34.5#3.055689729468197#9
0000 0010 2000 0000 0000 0000#1626595574119132#-34.5#2.8409324191642074#9
0000 0017 2000 0000 0000 0000#1626595574120138#-27.0#3.313398501832985#9
0000 0013 2000 0000 0000 0000#1626595574121247#-51.5#1.8162332528565992#9
0000 0014 2000 0000 0000 0000#1626595574122825#-54.5#0.9265243958829272#9
0000 0015 2000 0000 0000 0000#1626595574124328#-49.0#5.50392306693368#9
0000 001B 2000 0000 0000 0000#1626595574126519#-48.5#1.8960002538266525#9
0000 0011 2000 0000 0000 0000#1626595574128519#-39.5#2.380738182798515#9
0000 0012 2000 0000 0000 0000#1626595574130342#-45.5#2.12916533358527#9
0000 0016 2000 0000 0000 0000#1626595574132958#-32.0#4.3503695144436785#9
0000 001C 2000 0000 0000 0000#1626595574134428#-53.5#1.1719613219446299#9
0000 001D 2000 0000 0000 0000#1626595574135744#-54.0#5.896622148632405#9
0000 000F 2000 0000 0000 0000#1626595574137578#-32.0#3.2336315008629315#9
0000 001B 2000 0000 0000 0000#1626595574143374#-48.5#1.8407769454627694#9
0000 0015 2000 0000 0000 0000#1626595574145182#-48.0#5.307573526084319#9
0000 0012 2000 0000 0000 0000#1626595574146500#-45.5#2.0923497946760143#9
0000 000F 2000 0000 0000 0000#1626595574147802#-32.5#3.215223731408304#9
0000 0017 2000 0000 0000 0000#1626595574149122#-27.5#3.2704470397721868#9
0000 0018 2000 0000 0000 0000#1626595574150183#-34.5#2.9759227284981438#9
0000 001A 2000 0000 0000 0000#1626595574151259#-43.0#2.018718716857504#9
0000 0011 2000 0000 0000 0000#1626595574152802#-40.0#2.350058567040802#9
0000 001C 2000 0000 0000 0000#1626595574154156#-54.0#1.030835089459151#9
0000 0010 2000 0000 0000 0000#1626595574155481#-34.5#2.773437264497239#9
0000 001D 2000 0000 0000 0000#1626595574157768#-52.5#5.589825991055276#9
0000 0019 2000 0000 0000 0000#1626595574159086#-39.5#2.5280003384355365#9
0000 0016 2000 0000 0000 0000#1626595574160649#-32.0#4.319689898685965#9
0000 0014 2000 0000 0000 0000#1626595574162840#-55.0#0.6810874698212247#9
0000 0013 2000 0000 0000 0000#1626595574164279#-52.5#1.5830681730979816#9
0000 0019 2000 0000 0000 0000#1626595574431510#-41.0#2.435961491162398#9
0000 0016 2000 0000 0000 0000#1626595574432574#-32.5#4.509903516383785#9
0000 0015 2000 0000 0000 0000#1626595574434482#-51.0#4.540583132141498#9
0000 0017 2000 0000 0000 0000#1626595574435572#-28.0#3.3440781175906977#9
0000 001B 2000 0000 0000 0000#1626595574437105#-52.5#0.8283496254582462#9
0000 0010 2000 0000 0000 0000#1626595574438217#-35.5#2.718213956133356#9
0000 0013 2000 0000 0000 0000#1626595574440057#-52.5#0.3190680038802134#9
0000 001A 2000 0000 0000 0000#1626595574441404#-46.5#1.6260196351587797#9
0000 000F 2000 0000 0000 0000#1626595574442438#-33.0#3.2336315008629315#9
0000 0018 2000 0000 0000 0000#1626595574443486#-35.5#2.9391071895888885#9
0000 0011 2000 0000 0000 0000#1626595574444949#-42.0#2.1046216409791#9
0000 0012 2000 0000 0000 0000#1626595574446010#-49.0#1.4480778637640452#9
0000 001C 2000 0000 0000 0000#1626595574447352#-44.5#4.798291904506286#9
0000 001D 2000 0000 0000 0000#1626595574449502#-45.0#4.147884050442774#9
0000 0014 2000 0000 0000 0000#1626595574450855#-44.0#4.601942363656923#9
0000 001D 2000 0000 0000 0000#1626595574455490#-44.5#4.147884050442774#9
0000 001B 2000 0000 0000 0000#1626595574456768#-52.5#0.6565437772150544#9
0000 0016 2000 0000 0000 0000#1626595574458344#-33.0#4.473087977474529#9
0000 0013 2000 0000 0000 0000#1626595574459425#-52.0#0.11658253987930872#9
0000 0015 2000 0000 0000 0000#1626595574460720#-52.5#4.466952054322987#9
0000 0018 2000 0000 0000 0000#1626595574461878#-34.5#2.9022916506796332#9
0000 0012 2000 0000 0000 0000#1626595574462982#-49.0#1.3560390164909069#9
0000 001A 2000 0000 0000 0000#1626595574465978#-47.0#1.533980787885641#9
0000 0014 2000 0000 0000 0000#1626595574467359#-43.5#4.473087977474529#9
0000 0017 2000 0000 0000 0000#1626595574468675#-28.0#3.2765829629237295#9
0000 0010 2000 0000 0000 0000#1626595574470203#-37.0#2.6445828783148455#9
0000 000F 2000 0000 0000 0000#1626595574471256#-33.0#3.1784081924990484#9
0000 001C 2000 0000 0000 0000#1626595574472285#-43.5#4.626486056263094#9
0000 0011 2000 0000 0000 0000#1626595574473668#-40.5#2.0064468705544187#9
0000 0019 2000 0000 0000 0000#1626595574476442#-42.0#2.2948352586769194#9
0000 0010 2000 0000 0000 0000#1626595574742965#-41.5#1.6689710972195777#9
0000 000F 2000 0000 0000 0000#1626595574744055#-35.5#2.227340104009951#9
0000 0018 2000 0000 0000 0000#1626595574748021#-37.5#1.9205439464328227#9
0000 0017 2000 0000 0000 0000#1626595574749084#-30.5#2.325514874434632#9
0000 001B 2000 0000 0000 0000#1626595574750136#-42.0#3.5956509668039427#9
0000 0013 2000 0000 0000 0000#1626595574751453#-41.5#3.4606606574700063#9
0000 0016 2000 0000 0000 0000#1626595574752576#-35.0#3.5895150436524004#9
0000 001A 2000 0000 0000 0000#1626595574753635#-49.5#5.473243451175968#9
0000 001C 2000 0000 0000 0000#1626595574754693#-45.0#3.3870295796514958#9
0000 0012 2000 0000 0000 0000#1626595574755712#-47.0#4.81056375080937#9
0000 001D 2000 0000 0000 0000#1626595574756988#-59.0#2.8838838812250054#9
0000 0014 2000 0000 0000 0000#1626595574759124#-50.0#3.4054373491061236#9
0000 0011 2000 0000 0000 0000#1626595574760153#-47.0#0.4356505437595221#9
0000 0019 2000 0000 0000 0000#1626595574761216#-47.0#1.0369710126106935#9
0000 0015 2000 0000 0000 0000#1626595574762271#-63.0#3.693825737228624#9
0000 0016 2000 0000 0000 0000#1626595574769377#-35.0#3.552699504743145#9
0000 0012 2000 0000 0000 0000#1626595574771009#-46.0#4.638757902566179#9
0000 0011 2000 0000 0000 0000#1626595574772040#-47.0#0.3620194659410113#9
0000 0019 2000 0000 0000 0000#1626595574773102#-47.5#0.9817477042468103#9
0000 001A 2000 0000 0000 0000#1626595574774643#-48.5#5.270757987175063#9
0000 000F 2000 0000 0000 0000#1626595574775650#-36.0#2.184388641949153#9
0000 001D 2000 0000 0000 0000#1626595574777210#-59.0#2.8532042654672924#9
0000 0013 2000 0000 0000 0000#1626595574778291#-41.5#3.399301425954581#9
0000 0017 2000 0000 0000 0000#1626595574779356#-30.5#2.2457478734645786#9
0000 0015 2000 0000 0000 0000#1626595574780660#-64.0#3.822680123411018#9
0000 001B 2000 0000 0000 0000#1626595574781753#-41.0#3.479068426924634#9
0000 0014 2000 0000 0000 0000#1626595574783161#-51.5#3.3747577333484107#9
0000 001C 2000 0000 0000 0000#1626595574784246#-46.5#3.3870295796514958#9
0000 0018 2000 0000 0000 0000#1626595574787860#-38.0#1.846912868614312#9
0000 0010 2000 0000 0000 0000#1626595574788964#-42.5#1.521708941582556#9
0000 0014 2000 0000 0000 0000#1626595575057666#-60.5#1.7241944055834606#9
0000 001C 2000 0000 0000 0000#1626595575059236#-57.5#2.2027964114037806#9
0000 001A 2000 0000 0000 0000#1626595575060326#-40.5#2.816388726558037#9
0000 001B 2000 0000 0000 0000#1626595575063457#-50.5#2.9391071895888885#9
0000 0015 2000 0000 0000 0000#1626595575064536#-60.5#0.6013204688511713#9
0000 000F 2000 0000 0000 0000#1626595575065613#-42.0#1.2087768608538851#9
0000 0012 2000 0000 0000 0000#1626595575066674#-42.5#2.8102528034064944#9
0000 0019 2000 0000 0000 0000#1626595575068842#-47.5#4.491495746929157#9
0000 0018 2000 0000 0000 0000#1626595575069918#-47.0#0.5767767762450011#9
0000 0013 2000 0000 0000 0000#1626595575070998#-55.0#2.705942109830271#9
0000 0016 2000 0000 0000 0000#1626595575073000#-38.0#2.6323110320117604#9
0000 0017 2000 0000 0000 0000#1626595575074079#-35.5#1.3560390164909069#9
0000 0010 2000 0000 0000 0000#1626595575075794#-49.0#5.964117303299373#9
0000 0011 2000 0000 0000 0000#1626595575077212#-42.5#3.6692820446224537#9
0000 0013 2000 0000 0000 0000#1626595575083978#-55.5#2.662990647769473#9
0000 0016 2000 0000 0000 0000#1626595575085928#-38.0#2.6139032625571326#9
0000 0017 2000 0000 0000 0000#1626595575086990#-36.0#1.325359400733194#9
0000 000F 2000 0000 0000 0000#1626595575088026#-42.5#1.1290098598838318#9
0000 001C 2000 0000 0000 0000#1626595575089308#-57.5#2.030990563160589#9
0000 0019 2000 0000 0000 0000#1626595575090600#-46.0#4.3074180523828804#9
0000 0010 2000 0000 0000 0000#1626595575091644#-48.5#5.841398840268521#9
0000 0011 2000 0000 0000 0000#1626595575093232#-42.0#3.5772431973493153#9
0000 0012 2000 0000 0000 0000#1626595575094507#-43.5#2.8102528034064944#9
0000 001A 2000 0000 0000 0000#1626595575095968#-41.0#2.7857091108003242#9
0000 0015 2000 0000 0000 0000#1626595575097638#-59.5#0.5399612373357456#9
0000 0014 2000 0000 0000 0000#1626595575098747#-59.0#1.1658253987930873#9
0000 0018 2000 0000 0000 0000#1626595575099778#-47.5#0.42337869745643697#9
0000 001B 2000 0000 0000 0000#1626595575100815#-52.5#2.9145634969827183#9
0000 000F 2000 0000 0000 0000#1626595575369327#-48.5#5.982525072754001#9
0000 0019 2000 0000 0000 0000#1626595575370388#-44.0#3.497476196379262#9
0000 0017 2000 0000 0000 0000#1626595575371449#-44.0#0.48473792897186263#9
0000 0011 2000 0000 0000 0000#1626595575372524#-46.0#3.2090878082567613#9
0000 0018 2000 0000 0000 0000#1626595575374967#-47.0#4.76147636559703#9
0000 001D 2000 0000 0000 0000#1626595575376344#-53.5#1.3621749396424494#9
0000 0010 2000 0000 0000 0000#1626595575377688#-44.0#4.06811704947272#9
0000 0016 2000 0000 0000 0000#1626595575378767#-44.0#2.350058567040802#9
0000 0014 2000 0000 0000 0000#1626595575379835#-57.5#4.276738436625168#9
0000 0013 2000 0000 0000 0000#1626595575380969#-55.0#0.23316507975861744#9
0000 0015 2000 0000 0000 0000#1626595575382010#-56.5#5.773903685601553#9
0000 001C 2000 0000 0000 0000#1626595575383338#-57.0#5.166447293598839#9
0000 001A 2000 0000 0000 0000#1626595575384609#-53.5#2.6998061866787286#9
0000 001B 2000 0000 0000 0000#1626595575385645#-57.0#0.9878836273983529#9
0000 0012 2000 0000 0000 0000#1626595575386691#-54.5#2.2027964114037806#9
0000 0019 2000 0000 0000 0000#1626595575391614#-44.5#3.479068426924634#9
0000 0013 2000 0000 0000 0000#1626595575392682#-55.0#0.09817477042468103#9
0000 0017 2000 0000 0000 0000#1626595575394243#-44.5#0.3129320807286708#9
0000 0015 2000 0000 0000 0000#1626595575395550#-56.5#5.71868037723767#9
0000 001C 2000 0000 0000 0000#1626595575397333#-57.0#5.056000676871073#9
0000 0012 2000 0000 0000 0000#1626595575398606#-54.0#2.098485717827557#9
0000 000F 2000 0000 0000 0000#1626595575399711#-48.5#5.712544454086128#9
0000 001A 2000 0000 0000 0000#1626595575401227#-54.0#2.6261751088602177#9
0000 0010 2000 0000 0000 0000#1626595575402354#-42.5#4.006757817957295#9
0000 0011 2000 0000 0000 0000#1626595575404137#-47.5#3.1906800388021335#9
0000 0018 2000 0000 0000 0000#1626595575406175#-45.0#4.608078286808466#9
0000 0016 2000 0000 0000 0000#1626595575407711#-45.0#2.2396119503130363#9
0000 001D 2000 0000 0000 0000#1626595575408813#-54.0#1.1719613219446299#9
0000 0014 2000 0000 0000 0000#1626595575411209#-58.0#3.9944859716542096#9
0000 001B 2000 0000 0000 0000#1626595575413484#-57.5#0.6565437772150544#9
0000 0013 2000 0000 0000 0000#1626595575678087#-55.5#4.638757902566179#9
0000 0010 2000 0000 0000 0000#1626595575679160#-48.5#4.166291819897402#9
0000 0014 2000 0000 0000 0000#1626595575681808#-57.0#2.5280003384355365#9
0000 001C 2000 0000 0000 0000#1626595575682926#-58.5#3.5465635815916023#9
0000 0012 2000 0000 0000 0000#1626595575683971#-57.0#0.01227184630308513#9
0000 0018 2000 0000 0000 0000#1626595575685395#-45.0#4.417864669110647#9
0000 001D 2000 0000 0000 0000#1626595575686460#-53.0#0.04908738521234052#9
0000 0016 2000 0000 0000 0000#1626595575688081#-50.0#1.1658253987930873#9
0000 0019 2000 0000 0000 0000#1626595575689099#-54.5#3.5158839658338894#9
0000 0017 2000 0000 0000 0000#1626595575690148#-41.5#5.00077736850719#9
0000 0011 2000 0000 0000 0000#1626595575691678#-53.0#2.5280003384355365#9
0000 000F 2000 0000 0000 0000#1626595575692739#-45.0#4.749204519293945#9
0000 001A 2000 0000 0000 0000#1626595575695569#-58.5#0.7853981633974483#9
0000 001B 2000 0000 0000 0000#1626595575696662#-57.0#4.878058905476339#9
0000 001A 2000 0000 0000 0000#1626595575701473#-57.5#0.7363107781851077#9
0000 0012 2000 0000 0000 0000#1626595575703019#-56.5#6.1420590746941075#9
0000 0019 2000 0000 0000 0000#1626595575704636#-54.5#3.442252888015379#9
0000 001C 2000 0000 0000 0000#1626595575705721#-58.5#3.436116964863836#9
0000 001D 2000 0000 0000 0000#1626595575706797#-53.0#6.17273869045182#9
0000 0011 2000 0000 0000 0000#1626595575708112#-53.5#2.3930100291016#9
0000 0010 2000 0000 0000 0000#1626595575709110#-49.5#4.09266074207889#9
0000 0017 2000 0000 0000 0000#1626595575710646#-41.5#4.914874444385594#9
0000 0016 2000 0000 0000 0000#1626595575712286#-50.5#0.9694758579437253#9
0000 0013 2000 0000 0000 0000#1626595575714758#-55.0#4.417864669110647#9
0000 001B 2000 0000 0000 0000#1626595575716937#-57.0#4.779884135051658#9
0000 0014 2000 0000 0000 0000#1626595575717988#-57.5#2.3193789512830896#9
0000 0018 2000 0000 0000 0000#1626595575719148#-47.0#4.344233591292136#9
0000 000F 2000 0000 0000 0000#1626595575720198#-45.5#4.657165672020807#9
0000 001C 2000 0000 0000 0000#1626595575983240#-59.0#1.1903690913992575#9
0000 001B 2000 0000 0000 0000#1626595575984576#-56.0#2.6384469551633027#9
0000 0016 2000 0000 0000 0000#1626595575986125#-48.0#5.356660911296659#9
0000 0010 2000 0000 0000 0000#1626595575987242#-53.5#2.012582793705961#9
0000 0019 2000 0000 0000 0000#1626595575988530#-58.0#0.6994952392758523#9
0000 0012 2000 0000 0000 0000#1626595575990060#-53.5#3.552699504743145#9
0000 0017 2000 0000 0000 0000#1626595575991363#-43.0#3.706097583531709#9
0000 001D 2000 0000 0000 0000#1626595575992695#-53.0#3.877903431774901#9
0000 000F 2000 0000 0000 0000#1626595575994484#-49.5#3.5465635815916023#9
0000 0015 2000 0000 0000 0000#1626595575995535#-58.0#2.0923497946760143#9
0000 0018 2000 0000 0000 0000#1626595575996552#-53.5#2.7979809571034093#9
0000 0011 2000 0000 0000 0000#1626595575997570#-55.0#5.43029198911517#9
0000 0013 2000 0000 0000 0000#1626595575999094#-55.5#2.055534255766759#9
0000 0014 2000 0000 0000 0000#1626595576001354#-57.5#6.2463697682703305#9
0000 001A 2000 0000 0000 0000#1626595576004651#-55.0#3.8288160465625602#9
0000 001C 2000 0000 0000 0000#1626595576009658#-59.0#1.0185632431560658#9
0000 0015 2000 0000 0000 0000#1626595576010909#-57.5#1.9819031779482483#9
0000 001B 2000 0000 0000 0000#1626595576012474#-56.0#2.448233337465483#9
0000 0017 2000 0000 0000 0000#1626595576013593#-43.5#3.6447383520162835#9
0000 0018 2000 0000 0000 0000#1626595576014652#-53.5#2.6691265709210157#9
0000 0016 2000 0000 0000 0000#1626595576015730#-48.0#5.283029833478148#9
0000 000F 2000 0000 0000 0000#1626595576017818#-50.0#3.448388811166921#9
0000 0013 2000 0000 0000 0000#1626595576019385#-55.5#1.9389517158874505#9
0000 0019 2000 0000 0000 0000#1626595576022131#-58.0#0.37429131224409645#9
0000 0012 2000 0000 0000 0000#1626595576026028#-53.5#3.2520392703175593#9
0000 001A 2000 0000 0000 0000#1626595576027173#-54.5#3.6570101983193686#9
0000 001D 2000 0000 0000 0000#1626595576028205#-52.5#3.6140587362585705#9
0000 0010 2000 0000 0000 0000#1626595576029263#-54.0#1.662835174068035#9
0000 0011 2000 0000 0000 0000#1626595576031064#-54.5#5.135767677841127#9
0000 0014 2000 0000 0000 0000#1626595576032102#-57.0#6.000932842208628#9
0000 0010 2000 0000 0000 0000#1626595576300078#-56.0#5.3627968344482015#9
0000 0011 2000 0000 0000 0000#1626595576301988#-54.0#2.8961557275280905#9
0000 001D 2000 0000 0000 0000#1626595576303049#-52.0#1.3130875544301088#9
0000 000F 2000 0000 0000 0000#1626595576304355#-55.5#1.6505633277649499#9
0000 0012 2000 0000 0000 0000#1626595576305627#-52.5#1.1780972450961724#9
0000 0015 2000 0000 0000 0000#1626595576306909#-55.0#0.7117670855789375#9
0000 0014 2000 0000 0000 0000#1626595576308466#-54.5#3.2213596545598464#9
0000 001C 2000 0000 0000 0000#1626595576309553#-59.5#4.479223900626073#9
0000 001A 2000 0000 0000 0000#1626595576310628#-54.5#1.6137477888556946#9
0000 0017 2000 0000 0000 0000#1626595576311675#-49.0#2.3071071049800045#9
0000 0019 2000 0000 0000 0000#1626595576312990#-58.5#3.859495662320273#9
0000 001B 2000 0000 0000 0000#1626595576314127#-56.5#0.3129320807286708#9
0000 0016 2000 0000 0000 0000#1626595576316077#-50.5#4.104932588381976#9
0000 0018 2000 0000 0000 0000#1626595576317194#-57.0#0.01227184630308513#9
0000 0013 2000 0000 0000 0000#1626595576318475#-56.0#5.884350302329319#9
0000 0017 2000 0000 0000 0000#1626595576324225#-49.5#2.2457478734645786#9
0000 000F 2000 0000 0000 0000#1626595576325316#-56.0#1.5278448647340985#9
0000 0010 2000 0000 0000 0000#1626595576326628#-55.5#5.190990986205009#9
0000 0013 2000 0000 0000 0000#1626595576328001#-56.5#5.7616318392984684#9
0000 0015 2000 0000 0000 0000#1626595576329066#-54.5#0.607456392002714#9
0000 001B 2000 0000 0000 0000#1626595576330373#-56.5#0.25770877236478773#9
0000 0016 2000 0000 0000 0000#1626595576331694#-51.0#4.080388895775806#9
0000 0014 2000 0000 0000 0000#1626595576332704#-54.0#2.9820586516496865#9
0000 001A 2000 0000 0000 0000#1626595576334005#-54.5#1.4787574795217582#9
0000 0012 2000 0000 0000 0000#1626595576335659#-53.0#1.0246991663076084#9
0000 001D 2000 0000 0000 0000#1626595576336692#-52.0#1.055378782065321#9
0000 001C 2000 0000 0000 0000#1626595576338989#-59.0#4.2092432819582#9
0000 0019 2000 0000 0000 0000#1626595576340407#-59.0#3.724505352986337#9
0000 0011 2000 0000 0000 0000#1626595576344572#-54.0#2.6813984172241008#9
0000 0018 2000 0000 0000 0000#1626595576345747#-57.5#6.17273869045182#9
0000 0019 2000 0000 0000 0000#1626595576609641#-64.5#3.117048960983623#9
0000 0016 2000 0000 0000 0000#1626595576611188#-59.0#3.5895150436524004#9
0000 001B 2000 0000 0000 0000#1626595576612493#-59.5#5.516194913236766#9
0000 0011 2000 0000 0000 0000#1626595576615221#-58.5#1.6382914814618648#9
0000 0012 2000 0000 0000 0000#1626595576617850#-57.0#6.270913460876501#9
0000 0015 2000 0000 0000 0000#1626595576619157#-56.0#0.19634954084936207#9
0000 000F 2000 0000 0000 0000#1626595576620207#-61.5#6.234097921967246#9
0000 0014 2000 0000 0000 0000#1626595576621287#-54.0#1.902136176978195#9
0000 001A 2000 0000 0000 0000#1626595576622603#-58.0#0.36815538909255385#9
0000 001C 2000 0000 0000 0000#1626595576624642#-61.5#3.11091303783208#9
0000 0018 2000 0000 0000 0000#1626595576625957#-61.0#4.988505522204105#9
0000 0013 2000 0000 0000 0000#1626595576627640#-60.0#4.773748211900116#9
0000 0017 2000 0000 0000 0000#1626595576629302#-60.5#1.1719613219446299#9
0000 0010 2000 0000 0000 0000#1626595576630599#-61.0#4.2031073588066565#9
0000 001A 2000 0000 0000 0000#1626595576634857#-59.0#0.39269908169872414#9
0000 0011 2000 0000 0000 0000#1626595576636001#-60.0#1.5830681730979816#9
0000 0012 2000 0000 0000 0000#1626595576638003#-58.0#6.240233845118788#9
0000 0010 2000 0000 0000 0000#1626595576639104#-61.5#4.190835512503572#9
0000 0018 2000 0000 0000 0000#1626595576640132#-62.0#4.908738521234052#9
0000 0014 2000 0000 0000 0000#1626595576641940#-55.5#1.8530487917658545#9
0000 000F 2000 0000 0000 0000#1626595576642977#-63.0#6.080699843178682#9
0000 0013 2000 0000 0000 0000#1626595576645497#-60.5#4.859651136021712#9
0000 0015 2000 0000 0000 0000#1626595576646817#-56.0#0.20248546400090464#9
0000 0017 2000 0000 0000 0000#1626595576647866#-63.0#1.0615147052168636#9
0000 001B 2000 0000 0000 0000#1626595576650043#-60.5#5.706408530934585#9
0000 0019 2000 0000 0000 0000#1626595576651804#-68.5#3.018874190558942#9
0000 0016 2000 0000 0000 0000#1626595576653723#-63.5#3.6324665057131984#9
0000 0015 2000 0000 0000 0000#1626595576931461#-58.5#0.4724660826687775#9
0000 0015 2000 0000 0000 0000#1626595576940799#-58.5#0.47860200582032003#9
0000 000F 2000 0000 0000 0000#1626595577211988#-67.5#4.473087977474529#9
0000 000F 2000 0000 0000 0000#1626595577491245#-68.0#3.5956509668039427#9
0000 000F 2000 0000 0000 0000#1626595577499332#-67.5#3.5711072741977725#9
0000 0015 2000 0000 0000 0000#1626595577763907#-56.5#0.9878836273983529#9
0000 0011 2000 0000 0000 0000#1626595577767045#-62.0#1.846912868614312#9
0000 0012 2000 0000 0000 0000#1626595577768707#-59.5#0.5583690067903734#9
0000 0013 2000 0000 0000 0000#1626595577770228#-61.5#5.45483568172134#9
0000 0014 2000 0000 0000 0000#1626595577771323#-52.5#2.2150682577068657#9
0000 001B 2000 0000 0000 0000#1626595577774588#-61.0#6.1850105367549055#9
0000 0010 2000 0000 0000 0000#1626595577775646#-68.0#4.73693267299086#9
0000 001A 2000 0000 0000 0000#1626595577776918#-62.0#0.9572040116406401#9
0000 0014 2000 0000 0000 0000#1626595577780570#-52.5#2.2396119503130363#9
0000 001C 2000 0000 0000 0000#1626595577782959#-61.0#3.5833791205008576#9
0000 001B 2000 0000 0000 0000#1626595577783994#-61.0#6.22182607566416#9
0000 0015 2000 0000 0000 0000#1626595577785000#-56.5#1.1719613219446299#9
0000 001A 2000 0000 0000 0000#1626595577787257#-62.0#0.9633399347921826#9
0000 0010 2000 0000 0000 0000#1626595577788426#-65.0#4.675573441475434#9
0000 0013 2000 0000 0000 0000#1626595577789476#-61.5#5.4671075280244255#9
0000 0012 2000 0000 0000 0000#1626595577790820#-58.0#0.7179030087304801#9
0000 0011 2000 0000 0000 0000#1626595577792802#-61.0#1.9880391010997909#9
0000 0015 2000 0000 0000 0000#1626595578064079#-62.0#1.3499030933393643#9
0000 0016 2000 0000 0000 0000#1626595578065753#-68.0#3.436116964863836#9
0000 000F 2000 0000 0000 0000#1626595578068446#-60.5#0.6994952392758523#9
0000 0018 2000 0000 0000 0000#1626595578069636#-61.0#0.19634954084936207#9
0000 0017 2000 0000 0000 0000#1626595578070668#-61.5#0.9081166264282996#9
0000 0010 2000 0000 0000 0000#1626595578071728#-61.5#5.9088939949354895#9
0000 0011 2000 0000 0000 0000#1626595578072744#-61.5#4.09266074207889#9
0000 0019 2000 0000 0000 0000#1626595578074214#-64.5#4.822835597112456#9
0000 0017 2000 0000 0000 0000#1626595578093081#-60.0#1.325359400733194#9
0000 000F 2000 0000 0000 0000#1626595578094129#-61.0#0.9633399347921826#9
0000 0016 2000 0000 0000 0000#1626595578095209#-63.5#3.3011266555298997#9
0000 0015 2000 0000 0000 0000#1626595578097483#-60.5#0.7240389318820226#9
0000 0019 2000 0000 0000 0000#1626595578099516#-65.5#4.700117134081604#9
0000 0011 2000 0000 0000 0000#1626595578101558#-62.5#3.4054373491061236#9
0000 0018 2000 0000 0000 0000#1626595578106646#-61.5#0.3620194659410113#9
0000 0010 2000 0000 0000 0000#1626595578107750#-60.5#5.424156065963627#9
