0000 001C 2000 0000 0000 0000#1626595499790422#-49.5#1.8223691760081417#9
0000 0016 2000 0000 0000 0000#1626595499791515#-64.0#4.424000592262189#9
0000 0013 2000 0000 0000 0000#1626595499793066#-49.5#1.8223691760081417#9
0000 001B 2000 0000 0000 0000#1626595499794465#-51.5#1.3499030933393643#9
0000 0017 2000 0000 0000 0000#1626595499795541#-44.0#2.9022916506796332#9
0000 0012 2000 0000 0000 0000#1626595499796615#-56.0#6.209554229361076#9
0000 0019 2000 0000 0000 0000#1626595499798888#-48.5#4.049709280018092#9
0000 000F 2000 0000 0000 0000#1626595499801388#-45.5#3.399301425954581#9
0000 0010 2000 0000 0000 0000#1626595499803957#-45.0#3.749049045592507#9
0000 0014 2000 0000 0000 0000#1626595499805493#-52.5#1.748738098189631#9
0000 0011 2000 0000 0000 0000#1626595499806963#-48.0#4.270602513473625#9
0000 0015 2000 0000 0000 0000#1626595499809139#-60.0#2.3746022596469727#9
0000 001D 2000 0000 0000 0000#1626595499810499#-55.0#1.748738098189631#9
0000 001A 2000 0000 0000 0000#1626595499811571#-52.0#5.080544369477243#9
0000 0018 2000 0000 0000 0000#1626595499813130#-46.5#3.6017868899554855#9
0000 0019 2000 0000 0000 0000#1626595499819331#-48.5#4.061981126321178#9
0000 0017 2000 0000 0000 0000#1626595499820439#-43.5#2.890019804376548#9
0000 001C 2000 0000 0000 0000#1626595499821752#-51.0#1.8346410223112268#9
0000 0010 2000 0000 0000 0000#1626595499822767#-46.5#3.761320891895592#9
0000 001D 2000 0000 0000 0000#1626595499823828#-55.0#1.7855536370988863#9
0000 000F 2000 0000 0000 0000#1626595499824863#-45.5#3.3747577333484107#9
0000 0018 2000 0000 0000 0000#1626595499825867#-46.0#3.5772431973493153#9
0000 0016 2000 0000 0000 0000#1626595499827160#-63.5#4.3074180523828804#9
0000 0015 2000 0000 0000 0000#1626595499828466#-59.0#2.478912953223196#9
0000 001A 2000 0000 0000 0000#1626595499830009#-52.0#4.994641445355648#9
0000 0014 2000 0000 0000 0000#1626595499831076#-53.0#1.7671458676442586#9
0000 0013 2000 0000 0000 0000#1626595499832842#-52.5#1.736466251886546#9
0000 0012 2000 0000 0000 0000#1626595499834159#-56.5#6.0991076126333095#9
0000 001B 2000 0000 0000 0000#1626595499835465#-53.5#1.214912784005428#9
0000 0011 2000 0000 0000 0000#1626595499841223#-49.5#4.246058820867455#9
0000 0019 2000 0000 0000 0000#1626595500105090#-48.0#3.5833791205008576#9
0000 0017 2000 0000 0000 0000#1626595500107841#-45.5#1.748738098189631#9
0000 000F 2000 0000 0000 0000#1626595500109165#-48.0#2.36846633649543#9
0000 0010 2000 0000 0000 0000#1626595500112594#-46.5#3.147728576741336#9
0000 0013 2000 0000 0000 0000#1626595500114071#-51.0#0.4295146206079795#9
0000 001C 2000 0000 0000 0000#1626595500115082#-49.0#1.0676506283684062#9
0000 0015 2000 0000 0000 0000#1626595500116468#-52.5#2.2334760271614935#9
0000 0011 2000 0000 0000 0000#1626595500117982#-49.0#4.006757817957295#9
0000 001A 2000 0000 0000 0000#1626595500120010#-49.0#4.749204519293945#9
0000 001B 2000 0000 0000 0000#1626595500121061#-51.0#0.02454369260617026#9
0000 0016 2000 0000 0000 0000#1626595500122227#-66.0#3.074097498922825#9
0000 0012 2000 0000 0000 0000#1626595500123854#-51.5#5.4671075280244255#9
0000 0018 2000 0000 0000 0000#1626595500133891#-47.5#3.08636934522591#9
0000 001D 2000 0000 0000 0000#1626595500134951#-49.5#2.073942025221387#9
0000 0014 2000 0000 0000 0000#1626595500136245#-50.5#1.6566992509164924#9
0000 0001 0000 0000 0000 0000#1626595500139508#-65.0#5.473243451175968#9
0000 001C 2000 0000 0000 0000#1626595500142770#-49.5#1.3867186322486196#9
0000 0017 2000 0000 0000 0000#1626595500143847#-46.0#2.024854640009046#9
0000 0011 2000 0000 0000 0000#1626595500144905#-48.5#4.356505437595221#9
0000 0018 2000 0000 0000 0000#1626595500145937#-49.5#3.1784081924990484#9
0000 0013 2000 0000 0000 0000#1626595500147742#-52.0#0.7976700097005334#9
0000 0015 2000 0000 0000 0000#1626595500149541#-52.5#2.5832236467994196#9
0000 0019 2000 0000 0000 0000#1626595500150558#-48.5#4.111068511533518#9
0000 001B 2000 0000 0000 0000#1626595500152108#-51.0#0.3436116964863836#9
0000 0010 2000 0000 0000 0000#1626595500154678#-46.5#3.6140587362585705#9
0000 0014 2000 0000 0000 0000#1626595500155688#-50.0#1.7671458676442586#9
0000 001A 2000 0000 0000 0000#1626595500157715#-48.0#5.105088062083414#9
0000 0012 2000 0000 0000 0000#1626595500158760#-51.0#5.798447378207723#9
0000 000F 2000 0000 0000 0000#1626595500160665#-48.5#2.804116880254952#9
0000 0016 2000 0000 0000 0000#1626595500162316#-66.0#3.3440781175906977#9
0000 0001 0000 0000 0000 0000#1626595500163386#-65.0#5.491651220630596#9
0000 001D 2000 0000 0000 0000#1626595500165683#-49.5#2.1905245651006955#9
0000 0019 2000 0000 0000 0000#1626595500439732#-44.5#4.743068596142402#9
0000 0018 2000 0000 0000 0000#1626595500442520#-43.0#4.074252972624263#9
0000 0014 2000 0000 0000 0000#1626595500444171#-50.0#2.5464081078901644#9
0000 0013 2000 0000 0000 0000#1626595500445268#-51.0#1.5155730184310134#9
0000 0017 2000 0000 0000 0000#1626595500446299#-43.0#3.129320807286708#9
0000 0015 2000 0000 0000 0000#1626595500447380#-51.0#3.5281558121369745#9
0000 001B 2000 0000 0000 0000#1626595500450090#-49.5#1.0062913968529805#9
0000 001D 2000 0000 0000 0000#1626595500452344#-49.5#3.018874190558942#9
0000 0010 2000 0000 0000 0000#1626595500454209#-44.0#4.362641360746763#9
0000 000F 2000 0000 0000 0000#1626595500455302#-44.5#3.7429131224409646#9
0000 001A 2000 0000 0000 0000#1626595500457075#-45.0#5.6573211457222445#9
0000 0011 2000 0000 0000 0000#1626595500458247#-44.0#4.970097752749477#9
0000 001C 2000 0000 0000 0000#1626595500459926#-49.0#2.227340104009951#9
0000 0012 2000 0000 0000 0000#1626595500460973#-49.5#0.06135923151542565#9
0000 0016 2000 0000 0000 0000#1626595500464693#-62.5#4.460816131171445#9
0000 0017 2000 0000 0000 0000#1626595500471056#-42.5#3.172272269347506#9
0000 0018 2000 0000 0000 0000#1626595500472342#-44.5#4.111068511533518#9
0000 0014 2000 0000 0000 0000#1626595500473610#-50.0#2.5341362615870793#9
0000 000F 2000 0000 0000 0000#1626595500475626#-44.5#3.7429131224409646#9
0000 0011 2000 0000 0000 0000#1626595500476702#-45.0#4.963961829597935#9
0000 001A 2000 0000 0000 0000#1626595500478272#-46.5#5.626641529964532#9
0000 0015 2000 0000 0000 0000#1626595500480021#-51.5#3.5158839658338894#9
0000 001C 2000 0000 0000 0000#1626595500481587#-49.0#2.2212041808584084#9
0000 0019 2000 0000 0000 0000#1626595500482864#-45.0#4.755340442445488#9
0000 0010 2000 0000 0000 0000#1626595500483934#-44.0#4.338097668140593#9
0000 001D 2000 0000 0000 0000#1626595500485766#-49.5#3.0066023442558567#9
0000 0012 2000 0000 0000 0000#1626595500489232#-50.0#0.01227184630308513#9
0000 001B 2000 0000 0000 0000#1626595500490897#-49.5#0.9940195505498954#9
0000 0016 2000 0000 0000 0000#1626595500491920#-63.0#4.338097668140593#9
0000 0013 2000 0000 0000 0000#1626595500492956#-51.0#1.4848934026733007#9
0000 0010 2000 0000 0000 0000#1626595500755840#-43.5#3.7122335066832517#9
0000 0018 2000 0000 0000 0000#1626595500756978#-44.0#3.442252888015379#9
0000 001B 2000 0000 0000 0000#1626595500758273#-50.5#0.4970097752749477#9
0000 000F 2000 0000 0000 0000#1626595500760149#-45.5#3.031146036862027#9
0000 0019 2000 0000 0000 0000#1626595500762691#-45.0#4.129476280988146#9
0000 0012 2000 0000 0000 0000#1626595500764253#-50.0#5.767767762450011#9
0000 0017 2000 0000 0000 0000#1626595500765641#-42.0#2.454369260617026#9
0000 001D 2000 0000 0000 0000#1626595500766730#-49.0#2.4605051837685683#9
0000 0011 2000 0000 0000 0000#1626595500767863#-46.0#4.3503695144436785#9
0000 0016 2000 0000 0000 0000#1626595500769214#-64.5#3.522019888985432#9
0000 0015 2000 0000 0000 0000#1626595500770289#-51.5#2.9145634969827183#9
0000 0014 2000 0000 0000 0000#1626595500772837#-49.5#1.9880391010997909#9
0000 001A 2000 0000 0000 0000#1626595500774010#-47.0#5.074408446325701#9
0000 001C 2000 0000 0000 0000#1626595500775081#-49.0#1.7119225592803755#9
0000 0013 2000 0000 0000 0000#1626595500776390#-51.5#0.9878836273983529#9
0000 001C 2000 0000 0000 0000#1626595500786530#-49.0#1.7119225592803755#9
0000 000F 2000 0000 0000 0000#1626595500788949#-46.0#3.06182565261974#9
0000 0010 2000 0000 0000 0000#1626595500790024#-45.0#3.724505352986337#9
0000 0019 2000 0000 0000 0000#1626595500791754#-45.5#4.154019973594316#9
0000 0015 2000 0000 0000 0000#1626595500792832#-51.5#2.9084275738311756#9
0000 0011 2000 0000 0000 0000#1626595500794105#-46.0#4.368777283898306#9
0000 0018 2000 0000 0000 0000#1626595500795529#-44.5#3.448388811166921#9
0000 001D 2000 0000 0000 0000#1626595500796607#-49.0#2.435961491162398#9
0000 0014 2000 0000 0000 0000#1626595500797702#-49.0#1.9880391010997909#9
0000 001A 2000 0000 0000 0000#1626595500798773#-46.5#5.098952138931871#9
0000 0017 2000 0000 0000 0000#1626595500799809#-43.0#2.466641106920111#9
0000 001B 2000 0000 0000 0000#1626595500800845#-50.0#0.4970097752749477#9
0000 0012 2000 0000 0000 0000#1626595500802344#-48.5#5.780039608753096#9
0000 0016 2000 0000 0000 0000#1626595500803478#-63.5#3.706097583531709#9
0000 0013 2000 0000 0000 0000#1626595500804756#-51.0#0.9878836273983529#9
0000 0013 2000 0000 0000 0000#1626595501070904#-51.0#1.0983302441261191#9
0000 0011 2000 0000 0000 0000#1626595501072832#-46.0#4.651029748869264#9
0000 0019 2000 0000 0000 0000#1626595501073851#-45.5#4.424000592262189#9
0000 000F 2000 0000 0000 0000#1626595501074871#-46.0#3.313398501832985#9
0000 001A 2000 0000 0000 0000#1626595501076400#-46.5#5.289165756629691#9
0000 0012 2000 0000 0000 0000#1626595501077731#-49.5#5.964117303299373#9
0000 0010 2000 0000 0000 0000#1626595501079318#-45.5#3.988350048502667#9
0000 0015 2000 0000 0000 0000#1626595501080396#-52.0#3.153864499892878#9
0000 001D 2000 0000 0000 0000#1626595501083360#-49.0#2.6200391857086753#9
0000 0016 2000 0000 0000 0000#1626595501085439#-64.0#3.9944859716542096#9
0000 0014 2000 0000 0000 0000#1626595501086796#-50.0#2.1353012567368124#9
0000 0017 2000 0000 0000 0000#1626595501088527#-43.5#2.6813984172241008#9
0000 001B 2000 0000 0000 0000#1626595501090617#-50.0#0.6442719309119693#9
0000 0018 2000 0000 0000 0000#1626595501092160#-46.0#3.6999616603801666#9
0000 001C 2000 0000 0000 0000#1626595501093317#-49.0#1.8530487917658545#9
0000 001C 2000 0000 0000 0000#1626595501099116#-49.0#1.8407769454627694#9
0000 0014 2000 0000 0000 0000#1626595501100197#-50.0#2.141437179888355#9
0000 001D 2000 0000 0000 0000#1626595501102235#-49.0#2.6139032625571326#9
0000 0012 2000 0000 0000 0000#1626595501104336#-49.5#5.9518454569962875#9
0000 0013 2000 0000 0000 0000#1626595501105602#-51.0#1.0921943209745766#9
0000 001A 2000 0000 0000 0000#1626595501106661#-46.5#5.307573526084319#9
0000 0010 2000 0000 0000 0000#1626595501108963#-45.0#4.006757817957295#9
0000 0015 2000 0000 0000 0000#1626595501110016#-52.0#3.153864499892878#9
0000 001B 2000 0000 0000 0000#1626595501111080#-50.0#0.6872233929727672#9
0000 0019 2000 0000 0000 0000#1626595501112412#-45.5#4.399456899656019#9
0000 0018 2000 0000 0000 0000#1626595501113458#-46.0#3.693825737228624#9
0000 0016 2000 0000 0000 0000#1626595501115454#-64.0#3.933126740138784#9
0000 000F 2000 0000 0000 0000#1626595501116889#-46.0#3.3072625786814425#9
0000 0017 2000 0000 0000 0000#1626595501118478#-43.5#2.693670263527186#9
0000 0011 2000 0000 0000 0000#1626595501119778#-44.5#4.651029748869264#9
0000 0010 2000 0000 0000 0000#1626595501383392#-44.0#3.6079228131070282#9
0000 0019 2000 0000 0000 0000#1626595501384398#-46.0#4.074252972624263#9
0000 000F 2000 0000 0000 0000#1626595501386517#-45.5#2.8716120349219203#9
0000 001B 2000 0000 0000 0000#1626595501387594#-50.0#0.37429131224409645#9
0000 0011 2000 0000 0000 0000#1626595501388934#-44.5#4.319689898685965#9
0000 0015 2000 0000 0000 0000#1626595501390041#-51.5#2.779573187648782#9
0000 0014 2000 0000 0000 0000#1626595501391165#-49.5#1.8775924843720249#9
0000 0017 2000 0000 0000 0000#1626595501393422#-43.5#2.3623304133438876#9
0000 0012 2000 0000 0000 0000#1626595501394453#-50.0#5.743224069843841#9
0000 001C 2000 0000 0000 0000#1626595501395584#-49.0#1.5830681730979816#9
0000 0018 2000 0000 0000 0000#1626595501396686#-46.0#3.3072625786814425#9
0000 001D 2000 0000 0000 0000#1626595501398924#-49.0#2.337786720737717#9
0000 001A 2000 0000 0000 0000#1626595501400956#-47.0#5.080544369477243#9
0000 0013 2000 0000 0000 0000#1626595501401937#-51.0#0.9142525495798421#9
0000 0016 2000 0000 0000 0000#1626595501405809#-62.0#3.877903431774901#9
0000 0013 2000 0000 0000 0000#1626595501410190#-50.5#0.9326603190344698#9
0000 001D 2000 0000 0000 0000#1626595501412025#-49.0#2.356194490192345#9
0000 001B 2000 0000 0000 0000#1626595501413600#-49.5#0.4724660826687775#9
0000 000F 2000 0000 0000 0000#1626595501414889#-45.0#2.9022916506796332#9
0000 001C 2000 0000 0000 0000#1626595501416003#-48.5#1.6566992509164924#9
0000 0011 2000 0000 0000 0000#1626595501417562#-46.5#4.387185053352934#9
0000 0019 2000 0000 0000 0000#1626595501419119#-46.0#4.111068511533518#9
0000 0010 2000 0000 0000 0000#1626595501420169#-45.0#3.6079228131070282#9
0000 0017 2000 0000 0000 0000#1626595501421271#-42.5#2.3439226438892597#9
0000 0018 2000 0000 0000 0000#1626595501422813#-45.5#3.3011266555298997#9
0000 001A 2000 0000 0000 0000#1626595501425284#-47.0#5.184855063053467#9
0000 0015 2000 0000 0000 0000#1626595501427191#-51.0#2.8716120349219203#9
0000 0014 2000 0000 0000 0000#1626595501428514#-49.0#1.9634954084936207#9
0000 0016 2000 0000 0000 0000#1626595501431403#-60.0#3.767456815047135#9
0000 0012 2000 0000 0000 0000#1626595501433287#-50.0#5.896622148632405#9
0000 0013 2000 0000 0000 0000#1626595501696515#-46.0#2.816388726558037#9
0000 0016 2000 0000 0000 0000#1626595501698591#-43.5#3.7429131224409646#9
0000 000F 2000 0000 0000 0000#1626595501699626#-41.0#3.77972866135022#9
0000 001A 2000 0000 0000 0000#1626595501700700#-46.0#1.3069516312785663#9
0000 0010 2000 0000 0000 0000#1626595501701803#-46.0#5.013049214810275#9
0000 001B 2000 0000 0000 0000#1626595501703343#-45.0#2.4911847995262812#9
0000 001C 2000 0000 0000 0000#1626595501704443#-44.0#3.3502140407422405#9
0000 0014 2000 0000 0000 0000#1626595501705996#-45.5#3.5588354278946874#9
0000 0012 2000 0000 0000 0000#1626595501707299#-46.5#1.9634954084936207#9
0000 0018 2000 0000 0000 0000#1626595501711233#-44.0#4.454680208019902#9
0000 0017 2000 0000 0000 0000#1626595501712327#-35.5#3.0802334220743677#9
0000 001D 2000 0000 0000 0000#1626595501716231#-45.0#3.9638063558964967#9
0000 0019 2000 0000 0000 0000#1626595501717407#-48.5#6.111379458936394#9
0000 0011 2000 0000 0000 0000#1626595501718705#-48.5#0.4970097752749477#9
0000 0015 2000 0000 0000 0000#1626595501719773#-48.0#4.399456899656019#9
0000 0011 2000 0000 0000 0000#1626595501724528#-48.5#0.5338253141842031#9
0000 0017 2000 0000 0000 0000#1626595501725634#-35.5#3.1231848841351653#9
0000 000F 2000 0000 0000 0000#1626595501728560#-41.5#3.8963112012295285#9
0000 0013 2000 0000 0000 0000#1626595501730315#-46.0#2.890019804376548#9
0000 0016 2000 0000 0000 0000#1626595501731381#-43.5#3.761320891895592#9
0000 0018 2000 0000 0000 0000#1626595501732413#-44.5#4.522175362686871#9
0000 0014 2000 0000 0000 0000#1626595501733508#-45.5#3.6201946594101133#9
0000 001C 2000 0000 0000 0000#1626595501734593#-44.0#3.4054373491061236#9
0000 001B 2000 0000 0000 0000#1626595501735671#-44.5#2.5770877236478773#9
0000 0010 2000 0000 0000 0000#1626595501737409#-46.5#5.184855063053467#9
0000 0012 2000 0000 0000 0000#1626595501738513#-46.0#2.067806102069844#9
0000 001A 2000 0000 0000 0000#1626595501739558#-45.5#1.4971652489763858#9
0000 0015 2000 0000 0000 0000#1626595501741476#-48.0#4.448544284868359#9
0000 0019 2000 0000 0000 0000#1626595501742666#-49.0#0.018407769454627694#9
0000 001D 2000 0000 0000 0000#1626595501743727#-45.0#4.04357335686655#9
0000 0012 2000 0000 0000 0000#1626595502007462#-42.5#2.411417798556228#9
0000 0013 2000 0000 0000 0000#1626595502008531#-43.5#3.141592653589793#9
0000 001D 2000 0000 0000 0000#1626595502009578#-43.5#4.0128937411088375#9
0000 0016 2000 0000 0000 0000#1626595502010843#-40.0#3.724505352986337#9
0000 0011 2000 0000 0000 0000#1626595502011960#-45.0#1.5033011721279284#9
0000 0010 2000 0000 0000 0000#1626595502013568#-47.0#6.227961998815704#9
0000 0017 2000 0000 0000 0000#1626595502014876#-34.5#3.4177091954092087#9
0000 0014 2000 0000 0000 0000#1626595502016341#-43.0#3.749049045592507#9
0000 0015 2000 0000 0000 0000#1626595502017431#-46.5#4.442408361716817#9
0000 0019 2000 0000 0000 0000#1626595502018993#-46.5#1.1596894756415448#9
0000 000F 2000 0000 0000 0000#1626595502020028#-42.0#4.405592822807561#9
0000 001C 2000 0000 0000 0000#1626595502022312#-41.5#3.5772431973493153#9
0000 0018 2000 0000 0000 0000#1626595502023358#-46.5#5.350524988145116#9
0000 001B 2000 0000 0000 0000#1626595502024395#-41.5#2.804116880254952#9
0000 001A 2000 0000 0000 0000#1626595502025581#-39.5#2.0371264863121317#9
0000 0019 2000 0000 0000 0000#1626595502034135#-46.0#1.2087768608538851#9
0000 001A 2000 0000 0000 0000#1626595502035938#-41.0#2.073942025221387#9
0000 0018 2000 0000 0000 0000#1626595502037332#-45.5#5.43029198911517#9
0000 0013 2000 0000 0000 0000#1626595502039130#-43.0#3.2397674240144743#9
0000 0016 2000 0000 0000 0000#1626595502040409#-40.0#3.816544200259475#9
0000 001C 2000 0000 0000 0000#1626595502042435#-41.5#3.6263305825616556#9
0000 0012 2000 0000 0000 0000#1626595502043966#-42.0#2.5157284921324514#9
0000 0014 2000 0000 0000 0000#1626595502045019#-43.0#3.810408277107933#9
0000 001B 2000 0000 0000 0000#1626595502046340#-41.5#2.859340188618835#9
0000 001D 2000 0000 0000 0000#1626595502047438#-41.5#4.0987966652304335#9
0000 0010 2000 0000 0000 0000#1626595502048822#-46.5#0.15339807878856412#9
0000 0017 2000 0000 0000 0000#1626595502049887#-34.5#3.552699504743145#9
0000 0015 2000 0000 0000 0000#1626595502051494#-46.5#4.4976316700806995#9
0000 000F 2000 0000 0000 0000#1626595502054963#-42.0#4.546719055293041#9
0000 0011 2000 0000 0000 0000#1626595502057010#-44.0#1.662835174068035#9
0000 0019 2000 0000 0000 0000#1626595502323351#-42.5#2.5280003384355365#9
0000 0018 2000 0000 0000 0000#1626595502324763#-43.5#0.859029241215959#9
0000 001A 2000 0000 0000 0000#1626595502325826#-39.0#3.1354567304382504#9
0000 0011 2000 0000 0000 0000#1626595502327358#-40.5#2.730485802436441#9
0000 0015 2000 0000 0000 0000#1626595502328439#-46.0#5.080544369477243#9
0000 0017 2000 0000 0000 0000#1626595502329846#-33.0#5.043728830567988#9
0000 0014 2000 0000 0000 0000#1626595502331428#-41.0#4.565126824747668#9
0000 0016 2000 0000 0000 0000#1626595502332535#-39.0#5.135767677841127#9
0000 001B 2000 0000 0000 0000#1626595502334295#-40.0#3.865631585471816#9
0000 001C 2000 0000 0000 0000#1626595502338977#-39.5#4.454680208019902#9
0000 0013 2000 0000 0000 0000#1626595502341180#-40.5#4.1601558967458585#9
0000 0010 2000 0000 0000 0000#1626595502343160#-42.5#1.736466251886546#9
0000 0012 2000 0000 0000 0000#1626595502344366#-39.5#3.5711072741977725#9
0000 000F 2000 0000 0000 0000#1626595502345446#-42.0#6.19728238305799#9
0000 001D 2000 0000 0000 0000#1626595502347093#-42.0#4.755340442445488#9
0000 0018 2000 0000 0000 0000#1626595502351635#-44.5#0.9633399347921826#9
0000 0019 2000 0000 0000 0000#1626595502352685#-42.5#2.6261751088602177#9
0000 0015 2000 0000 0000 0000#1626595502353963#-45.5#5.111223985234957#9
0000 001B 2000 0000 0000 0000#1626595502356567#-40.0#3.902447124381071#9
0000 0012 2000 0000 0000 0000#1626595502357642#-39.5#3.6017868899554855#9
0000 0017 2000 0000 0000 0000#1626595502358693#-34.0#5.178719139901925#9
0000 001C 2000 0000 0000 0000#1626595502359737#-39.5#4.479223900626073#9
0000 001D 2000 0000 0000 0000#1626595502360970#-42.5#4.767612288748572#9
0000 0014 2000 0000 0000 0000#1626595502362293#-41.0#4.614214209960009#9
0000 0016 2000 0000 0000 0000#1626595502363612#-39.5#5.264622064023521#9
0000 0010 2000 0000 0000 0000#1626595502364757#-42.5#1.7916895602504288#9
0000 0013 2000 0000 0000 0000#1626595502374947#-40.5#3.6017868899554855#9
0000 0011 2000 0000 0000 0000#1626595502376692#-39.5#2.2334760271614935#9
0000 001A 2000 0000 0000 0000#1626595502377819#-37.0#2.6016314162540475#9
0000 000F 2000 0000 0000 0000#1626595502379070#-41.5#5.749359992995383#9
0000 0010 2000 0000 0000 0000#1626595502644983#-39.0#2.1537090261914402#9
0000 0011 2000 0000 0000 0000#1626595502646516#-39.0#2.9943304979527716#9
0000 0018 2000 0000 0000 0000#1626595502647869#-40.0#1.564660403643354#9
0000 0017 2000 0000 0000 0000#1626595502648948#-33.0#6.043884304269426#9
0000 0019 2000 0000 0000 0000#1626595502651677#-39.5#2.84706834231575#9
0000 0013 2000 0000 0000 0000#1626595502652801#-39.0#4.252194744018997#9
0000 0016 2000 0000 0000 0000#1626595502654564#-39.0#6.086835766330224#9
0000 001C 2000 0000 0000 0000#1626595502656388#-38.5#4.466952054322987#9
0000 001B 2000 0000 0000 0000#1626595502658201#-38.0#3.9944859716542096#9
0000 0012 2000 0000 0000 0000#1626595502660444#-37.0#3.730641276137879#9
0000 0015 2000 0000 0000 0000#1626595502661509#-45.0#4.9394181369917645#9
0000 001A 2000 0000 0000 0000#1626595502663874#-36.5#3.393165502803038#9
0000 000F 2000 0000 0000 0000#1626595502665213#-39.0#0.8283496254582462#9
0000 001D 2000 0000 0000 0000#1626595502667871#-41.5#4.663301595172349#9
0000 0014 2000 0000 0000 0000#1626595502668963#-40.0#4.558990901596125#9
0000 0015 2000 0000 0000 0000#1626595502676037#-45.0#4.957825906446392#9
0000 0014 2000 0000 0000 0000#1626595502678176#-40.5#4.546719055293041#9
0000 0013 2000 0000 0000 0000#1626595502679458#-39.0#4.270602513473625#9
0000 0016 2000 0000 0000 0000#1626595502681935#-39.5#6.22182607566416#9
0000 0017 2000 0000 0000 0000#1626595502682984#-33.0#6.2034183062095325#9
0000 001D 2000 0000 0000 0000#1626595502684016#-41.5#4.669437518323892#9
0000 0019 2000 0000 0000 0000#1626595502685303#-39.5#2.9022916506796332#9
0000 0018 2000 0000 0000 0000#1626595502686460#-39.0#1.6566992509164924#9
0000 001A 2000 0000 0000 0000#1626595502687553#-36.5#3.429981041712294#9
0000 0012 2000 0000 0000 0000#1626595502688601#-38.0#3.77972866135022#9
0000 0010 2000 0000 0000 0000#1626595502689826#-39.0#2.2457478734645786#9
0000 000F 2000 0000 0000 0000#1626595502691192#-38.5#0.8958447801252144#9
0000 001C 2000 0000 0000 0000#1626595502692505#-38.5#4.516039439535327#9
0000 0011 2000 0000 0000 0000#1626595502694375#-37.5#3.08636934522591#9
0000 001B 2000 0000 0000 0000#1626595502696866#-38.0#4.04357335686655#9
0000 000F 2000 0000 0000 0000#1626595502964980#-35.0#2.399145952253143#9
0000 0016 2000 0000 0000 0000#1626595502966692#-36.5#1.736466251886546#9
0000 001B 2000 0000 0000 0000#1626595502967995#-36.5#5.184855063053467#9
0000 0017 2000 0000 0000 0000#1626595502969285#-30.0#1.6321555583103222#9
0000 0018 2000 0000 0000 0000#1626595502970613#-37.5#3.031146036862027#9
0000 0013 2000 0000 0000 0000#1626595502971653#-38.0#5.387340527054372#9
0000 0012 2000 0000 0000 0000#1626595502972731#-36.0#5.006913291658733#9
0000 001C 2000 0000 0000 0000#1626595502973814#-37.5#5.5284667595398505#9
0000 0015 2000 0000 0000 0000#1626595502975106#-44.5#5.810719224510809#9
0000 0014 2000 0000 0000 0000#1626595502976644#-39.5#5.559146375297564#9
0000 0010 2000 0000 0000 0000#1626595502978064#-37.5#3.56497135104623#9
0000 0019 2000 0000 0000 0000#1626595502980245#-37.0#4.2031073588066565#9
0000 001D 2000 0000 0000 0000#1626595502981337#-40.5#5.595961914206819#9
0000 0011 2000 0000 0000 0000#1626595502991337#-36.0#4.166291819897402#9
0000 001A 2000 0000 0000 0000#1626595502992412#-35.0#4.503767593232243#9
0000 0014 2000 0000 0000 0000#1626595502995605#-39.0#5.3627968344482015#9
0000 001B 2000 0000 0000 0000#1626595502996870#-36.0#5.0253210611133605#9
0000 0018 2000 0000 0000 0000#1626595502998738#-37.0#2.8716120349219203#9
0000 0015 2000 0000 0000 0000#1626595503000091#-45.0#5.620505606812989#9
0000 0010 2000 0000 0000 0000#1626595503001414#-37.0#3.380893656499953#9
0000 0013 2000 0000 0000 0000#1626595503002424#-38.0#5.227806525114265#9
0000 001D 2000 0000 0000 0000#1626595503003941#-41.0#5.405748296509#9
0000 0017 2000 0000 0000 0000#1626595503005995#-30.0#1.5707963267948966#9
0000 001A 2000 0000 0000 0000#1626595503007780#-33.5#4.509903516383785#9
0000 001C 2000 0000 0000 0000#1626595503008840#-37.5#5.338253141842031#9
0000 0019 2000 0000 0000 0000#1626595503010407#-37.5#4.025165587411922#9
0000 0011 2000 0000 0000 0000#1626595503011711#-36.0#4.190835512503572#9
0000 0012 2000 0000 0000 0000#1626595503012774#-36.5#4.865787059173254#9
0000 000F 2000 0000 0000 0000#1626595503013967#-35.0#2.325514874434632#9
0000 0016 2000 0000 0000 0000#1626595503015516#-36.5#1.7303303287350031#9
0000 0017 2000 0000 0000 0000#1626595503282964#-25.5#2.000310947402876#9
0000 001C 2000 0000 0000 0000#1626595503284007#-37.5#5.154175447295755#9
0000 0010 2000 0000 0000 0000#1626595503285573#-35.0#3.454524734318464#9
0000 0014 2000 0000 0000 0000#1626595503286625#-39.5#5.141903600992669#9
0000 0016 2000 0000 0000 0000#1626595503287676#-34.5#2.2518837966161214#9
0000 0018 2000 0000 0000 0000#1626595503288818#-33.5#3.067961575771282#9
0000 000F 2000 0000 0000 0000#1626595503289926#-31.5#2.5893595699509624#9
0000 001A 2000 0000 0000 0000#1626595503291054#-33.5#4.528311285838413#9
0000 0015 2000 0000 0000 0000#1626595503292106#-46.0#5.203262832508095#9
0000 0012 2000 0000 0000 0000#1626595503294308#-36.0#4.841243366567084#9
0000 0013 2000 0000 0000 0000#1626595503295631#-38.0#5.129631754689584#9
0000 001B 2000 0000 0000 0000#1626595503297566#-36.5#4.963961829597935#9
0000 0011 2000 0000 0000 0000#1626595503298792#-34.0#4.221515128261284#9
0000 0019 2000 0000 0000 0000#1626595503299885#-36.5#4.061981126321178#9
0000 001D 2000 0000 0000 0000#1626595503301838#-41.5#5.062136600022616#9
0000 0019 2000 0000 0000 0000#1626595503305330#-36.5#4.074252972624263#9
0000 0017 2000 0000 0000 0000#1626595503306901#-27.0#2.098485717827557#9
0000 0012 2000 0000 0000 0000#1626595503308227#-36.5#4.871922982324796#9
0000 0011 2000 0000 0000 0000#1626595503310241#-35.5#4.23378697456437#9
0000 001A 2000 0000 0000 0000#1626595503311382#-33.5#4.558990901596125#9
0000 0015 2000 0000 0000 0000#1626595503312705#-46.5#5.184855063053467#9
0000 0018 2000 0000 0000 0000#1626595503313795#-34.5#3.08636934522591#9
0000 0016 2000 0000 0000 0000#1626595503315103#-34.0#2.3623304133438876#9
0000 0010 2000 0000 0000 0000#1626595503316724#-33.5#3.5036121195308043#9
0000 000F 2000 0000 0000 0000#1626595503318004#-31.5#2.662990647769473#9
0000 001C 2000 0000 0000 0000#1626595503319801#-38.0#5.160311370447297#9
0000 0014 2000 0000 0000 0000#1626595503321626#-39.5#5.148039524144211#9
0000 001B 2000 0000 0000 0000#1626595503323578#-36.5#4.9823695990525625#9
0000 0013 2000 0000 0000 0000#1626595503324861#-38.0#5.141903600992669#9
0000 001D 2000 0000 0000 0000#1626595503326223#-41.5#5.056000676871073#9
0000 0015 2000 0000 0000 0000#1626595503600012#-49.0#4.491495746929157#9
0000 0018 2000 0000 0000 0000#1626595503601029#-33.5#3.184544115650591#9
0000 0016 2000 0000 0000 0000#1626595503603191#-32.5#2.8102528034064944#9
0000 0010 2000 0000 0000 0000#1626595503604818#-33.0#3.522019888985432#9
0000 0013 2000 0000 0000 0000#1626595503606172#-40.0#4.847379289718626#9
0000 000F 2000 0000 0000 0000#1626595503607252#-30.5#2.8409324191642074#9
0000 0011 2000 0000 0000 0000#1626595503608408#-35.0#4.178563666200486#9
0000 0017 2000 0000 0000 0000#1626595503609469#-26.5#2.423689644859313#9
0000 0019 2000 0000 0000 0000#1626595503611529#-37.0#4.080388895775806#9
0000 001C 2000 0000 0000 0000#1626595503612614#-40.5#4.755340442445488#9
0000 001D 2000 0000 0000 0000#1626595503614070#-44.5#4.430136515413731#9
0000 0012 2000 0000 0000 0000#1626595503615403#-38.5#4.700117134081604#9
0000 001A 2000 0000 0000 0000#1626595503616531#-35.0#4.417864669110647#9
0000 001B 2000 0000 0000 0000#1626595503618340#-39.0#4.6878452877785195#9
0000 0014 2000 0000 0000 0000#1626595503619479#-42.5#4.6878452877785195#9
0000 0014 2000 0000 0000 0000#1626595503625021#-43.0#4.669437518323892#9
0000 0015 2000 0000 0000 0000#1626595503626127#-49.5#4.442408361716817#9
0000 0016 2000 0000 0000 0000#1626595503627180#-32.5#2.8716120349219203#9
0000 001D 2000 0000 0000 0000#1626595503628524#-44.5#4.399456899656019#9
0000 001C 2000 0000 0000 0000#1626595503630581#-41.0#4.749204519293945#9
0000 0019 2000 0000 0000 0000#1626595503633125#-37.0#4.06811704947272#9
0000 0017 2000 0000 0000 0000#1626595503634406#-26.0#2.4850488763747385#9
0000 000F 2000 0000 0000 0000#1626595503636713#-31.0#2.9022916506796332#9
0000 0011 2000 0000 0000 0000#1626595503637821#-36.0#4.190835512503572#9
0000 0010 2000 0000 0000 0000#1626595503639892#-35.0#3.5588354278946874#9
0000 0012 2000 0000 0000 0000#1626595503641779#-38.5#4.693981210930062#9
0000 0013 2000 0000 0000 0000#1626595503643702#-40.5#4.828971520263998#9
0000 0018 2000 0000 0000 0000#1626595503644764#-33.5#3.2581751934691017#9
0000 001A 2000 0000 0000 0000#1626595503646536#-36.5#4.417864669110647#9
0000 001B 2000 0000 0000 0000#1626595503648243#-39.5#4.681709364626977#9
0000 0019 2000 0000 0000 0000#1626595503912737#-37.0#4.331961744989051#9
0000 0014 2000 0000 0000 0000#1626595503915145#-44.5#4.405592822807561#9
0000 0012 2000 0000 0000 0000#1626595503916301#-39.0#4.675573441475434#9
0000 0011 2000 0000 0000 0000#1626595503917712#-36.0#4.338097668140593#9
0000 0017 2000 0000 0000 0000#1626595503918789#-26.5#3.1906800388021335#9
0000 0016 2000 0000 0000 0000#1626595503920069#-32.5#3.749049045592507#9
0000 000F 2000 0000 0000 0000#1626595503921388#-30.5#3.5342917352885173#9
0000 001D 2000 0000 0000 0000#1626595503922733#-47.5#4.025165587411922#9
0000 0018 2000 0000 0000 0000#1626595503924102#-32.0#3.730641276137879#9
0000 001C 2000 0000 0000 0000#1626595503925175#-43.0#4.516039439535327#9
0000 001B 2000 0000 0000 0000#1626595503926854#-41.0#4.601942363656923#9
0000 0010 2000 0000 0000 0000#1626595503927916#-35.0#3.9576704327449543#9
0000 0013 2000 0000 0000 0000#1626595503929226#-43.5#4.693981210930062#9
0000 001A 2000 0000 0000 0000#1626595503930668#-36.5#4.454680208019902#9
0000 0015 2000 0000 0000 0000#1626595503931662#-51.5#4.06811704947272#9
0000 0012 2000 0000 0000 0000#1626595503937213#-40.5#4.663301595172349#9
0000 001D 2000 0000 0000 0000#1626595503938787#-47.5#3.9822141253511245#9
0000 001A 2000 0000 0000 0000#1626595503939820#-38.0#4.4362724385652745#9
0000 0019 2000 0000 0000 0000#1626595503940868#-37.0#4.3074180523828804#9
0000 0016 2000 0000 0000 0000#1626595503942145#-32.5#3.77972866135022#9
0000 0018 2000 0000 0000 0000#1626595503944752#-32.0#3.7429131224409646#9
0000 0013 2000 0000 0000 0000#1626595503946590#-43.5#4.675573441475434#9
0000 001C 2000 0000 0000 0000#1626595503947663#-43.0#4.479223900626073#9
0000 0015 2000 0000 0000 0000#1626595503948741#-52.0#4.031301510563465#9
0000 0017 2000 0000 0000 0000#1626595503950297#-26.5#3.2336315008629315#9
0000 0014 2000 0000 0000 0000#1626595503951874#-45.0#4.319689898685965#9
0000 001B 2000 0000 0000 0000#1626595503952986#-41.0#4.546719055293041#9
0000 000F 2000 0000 0000 0000#1626595503954304#-30.5#3.5772431973493153#9
0000 0010 2000 0000 0000 0000#1626595503955690#-33.5#3.9638063558964967#9
0000 0011 2000 0000 0000 0000#1626595503957186#-36.0#4.295146206079795#9
0000 0019 2000 0000 0000 0000#1626595504223515#-37.5#4.571262747899211#9
0000 0018 2000 0000 0000 0000#1626595504224698#-31.0#4.387185053352934#9
0000 001B 2000 0000 0000 0000#1626595504225793#-42.5#4.528311285838413#9
0000 001D 2000 0000 0000 0000#1626595504227815#-49.0#4.000621894805752#9
0000 0010 2000 0000 0000 0000#1626595504229681#-32.5#4.448544284868359#9
0000 0014 2000 0000 0000 0000#1626595504231005#-46.0#4.3074180523828804#9
0000 0017 2000 0000 0000 0000#1626595504232593#-25.5#4.154019973594316#9
0000 000F 2000 0000 0000 0000#1626595504233863#-29.5#4.356505437595221#9
0000 0011 2000 0000 0000 0000#1626595504235247#-36.0#4.448544284868359#9
0000 001A 2000 0000 0000 0000#1626595504237989#-39.0#4.405592822807561#9
0000 0016 2000 0000 0000 0000#1626595504239039#-31.5#4.841243366567084#9
0000 0012 2000 0000 0000 0000#1626595504240501#-41.0#4.601942363656923#9
0000 001C 2000 0000 0000 0000#1626595504242602#-44.5#4.424000592262189#9
0000 0013 2000 0000 0000 0000#1626595504244167#-44.5#4.589670517353839#9
0000 0015 2000 0000 0000 0000#1626595504245274#-53.5#4.123340357836604#9
3008 33B2 DDD9 0140 2018 0626#1626595504247557#-63.0#5.8045833013592665#9
0000 0019 2000 0000 0000 0000#1626595504254595#-37.5#4.509903516383785#9
0000 001C 2000 0000 0000 0000#1626595504255651#-44.5#4.399456899656019#9
0000 0010 2000 0000 0000 0000#1626595504256778#-32.5#4.399456899656019#9
0000 000F 2000 0000 0000 0000#1626595504257843#-30.0#4.331961744989051#9
0000 0011 2000 0000 0000 0000#1626595504258904#-37.0#4.405592822807561#9
0000 0016 2000 0000 0000 0000#1626595504260438#-32.0#4.865787059173254#9
0000 0018 2000 0000 0000 0000#1626595504261772#-32.0#4.362641360746763#9
0000 001D 2000 0000 0000 0000#1626595504263102#-49.5#3.9453985864418692#9
0000 001A 2000 0000 0000 0000#1626595504264149#-38.5#4.338097668140593#9
0000 0015 2000 0000 0000 0000#1626595504267087#-54.0#4.074252972624263#9
0000 0017 2000 0000 0000 0000#1626595504269074#-26.0#4.154019973594316#9
0000 001B 2000 0000 0000 0000#1626595504270138#-42.0#4.460816131171445#9
0000 0014 2000 0000 0000 0000#1626595504271245#-46.5#4.227651051412827#9
0000 0012 2000 0000 0000 0000#1626595504273649#-41.5#4.528311285838413#9
0000 0013 2000 0000 0000 0000#1626595504277779#-44.5#4.509903516383785#9
0000 0010 2000 0000 0000 0000#1626595504540995#-34.0#3.706097583531709#9
0000 000F 2000 0000 0000 0000#1626595504543140#-30.5#3.847223816017188#9
0000 0016 2000 0000 0000 0000#1626595504544904#-32.0#4.657165672020807#9
0000 0019 2000 0000 0000 0000#1626595504546844#-37.5#3.6386024288647407#9
0000 0017 2000 0000 0000 0000#1626595504547891#-26.0#3.736777199289422#9
0000 0013 2000 0000 0000 0000#1626595504548973#-46.5#3.497476196379262#9
0000 001C 2000 0000 0000 0000#1626595504550057#-48.0#3.3379421944391554#9
0000 0012 2000 0000 0000 0000#1626595504551162#-43.0#3.54042765844006#9
0000 0018 2000 0000 0000 0000#1626595504552305#-31.5#3.736777199289422#9
0000 0011 2000 0000 0000 0000#1626595504553609#-37.5#3.466796580621549#9
0000 001B 2000 0000 0000 0000#1626595504555084#-44.5#3.442252888015379#9
0000 001A 2000 0000 0000 0000#1626595504556442#-38.5#3.3379421944391554#9
0000 001D 2000 0000 0000 0000#1626595504557631#-53.5#2.705942109830271#9
0000 0014 2000 0000 0000 0000#1626595504558711#-50.5#3.153864499892878#9
0000 0015 2000 0000 0000 0000#1626595504559917#-58.5#2.834796496012665#9
0000 0018 2000 0000 0000 0000#1626595504566337#-31.5#3.730641276137879#9
0000 001C 2000 0000 0000 0000#1626595504567479#-48.5#3.2765829629237295#9
0000 0016 2000 0000 0000 0000#1626595504569015#-32.0#4.651029748869264#9
0000 0010 2000 0000 0000 0000#1626595504570125#-32.5#3.6570101983193686#9
0000 0017 2000 0000 0000 0000#1626595504572177#-24.5#3.724505352986337#9
0000 0012 2000 0000 0000 0000#1626595504573577#-41.5#3.472932503773092#9
0000 000F 2000 0000 0000 0000#1626595504574668#-30.5#3.822680123411018#9
0000 001A 2000 0000 0000 0000#1626595504575795#-38.5#3.2765829629237295#9
0000 0011 2000 0000 0000 0000#1626595504576942#-36.5#3.4177091954092087#9
0000 001D 2000 0000 0000 0000#1626595504578757#-54.0#2.662990647769473#9
0000 0019 2000 0000 0000 0000#1626595504580691#-37.5#3.5711072741977725#9
0000 001B 2000 0000 0000 0000#1626595504581842#-44.5#3.380893656499953#9
0000 0015 2000 0000 0000 0000#1626595504582891#-59.0#2.736621725587984#9
0000 0014 2000 0000 0000 0000#1626595504583985#-51.0#3.0495538063166547#9
0000 0013 2000 0000 0000 0000#1626595504585080#-47.0#3.429981041712294#9
0000 0017 2000 0000 0000 0000#1626595504849226#-26.5#3.1661363461959633#9
0000 0013 2000 0000 0000 0000#1626595504850336#-50.0#2.1782527187976104#9
0000 0019 2000 0000 0000 0000#1626595504851669#-38.0#2.5893595699509624#9
0000 0014 2000 0000 0000 0000#1626595504852975#-54.0#1.6935147898257479#9
0000 0011 2000 0000 0000 0000#1626595504854075#-38.5#2.423689644859313#9
0000 0010 2000 0000 0000 0000#1626595504856406#-34.0#2.767301341345697#9
0000 0018 2000 0000 0000 0000#1626595504857523#-32.5#2.9391071895888885#9
0000 0016 2000 0000 0000 0000#1626595504858831#-32.0#4.196971435655114#9
0000 001D 2000 0000 0000 0000#1626595504859892#-59.0#0.9694758579437253#9
0000 001B 2000 0000 0000 0000#1626595504861171#-46.5#2.1537090261914402#9
0000 000F 2000 0000 0000 0000#1626595504865045#-31.0#3.11091303783208#9
0000 0015 2000 0000 0000 0000#1626595504866933#-64.0#0.6504078540635119#9
0000 001C 2000 0000 0000 0000#1626595504868264#-52.0#1.7855536370988863#9
0000 0012 2000 0000 0000 0000#1626595504871144#-45.0#2.2948352586769194#9
0000 001A 2000 0000 0000 0000#1626595504872347#-41.5#2.1475731030398975#9
0000 0016 2000 0000 0000 0000#1626595504877637#-32.0#4.178563666200486#9
0000 0017 2000 0000 0000 0000#1626595504879548#-25.0#3.11091303783208#9
0000 001C 2000 0000 0000 0000#1626595504880889#-52.0#1.748738098189631#9
0000 000F 2000 0000 0000 0000#1626595504882678#-31.0#3.074097498922825#9
0000 0019 2000 0000 0000 0000#1626595504883713#-38.0#2.5157284921324514#9
0000 0018 2000 0000 0000 0000#1626595504885127#-31.5#2.8777479580734626#9
0000 0011 2000 0000 0000 0000#1626595504886175#-38.5#2.356194490192345#9
0000 0012 2000 0000 0000 0000#1626595504887266#-44.5#2.2396119503130363#9
0000 001B 2000 0000 0000 0000#1626595504889317#-47.0#2.0800779483729293#9
0000 0010 2000 0000 0000 0000#1626595504890958#-33.0#2.705942109830271#9
0000 001D 2000 0000 0000 0000#1626595504892004#-59.5#0.7731263170943632#9
0000 0015 2000 0000 0000 0000#1626595504897287#-63.5#0.2638446955163303#9
0000 0014 2000 0000 0000 0000#1626595504898350#-54.0#1.4542137869155878#9
0000 0013 2000 0000 0000 0000#1626595504899417#-50.0#2.012582793705961#9
0000 001A 2000 0000 0000 0000#1626595504900786#-40.0#2.067806102069844#9
0000 0011 2000 0000 0000 0000#1626595505167443#-40.0#1.8407769454627694#9
0000 0017 2000 0000 0000 0000#1626595505169321#-26.5#2.8777479580734626#9
0000 000F 2000 0000 0000 0000#1626595505170371#-30.5#2.7979809571034093#9
0000 0018 2000 0000 0000 0000#1626595505171418#-33.0#2.5402721847386216#9
0000 0010 2000 0000 0000 0000#1626595505172547#-34.0#2.3623304133438876#9
0000 0016 2000 0000 0000 0000#1626595505173810#-32.5#4.086524818927348#9
0000 001D 2000 0000 0000 0000#1626595505174858#-51.0#4.123340357836604#9
0000 0013 2000 0000 0000 0000#1626595505176361#-54.0#0.8897088569736719#9
0000 0012 2000 0000 0000 0000#1626595505177935#-47.5#1.4971652489763858#9
0000 001C 2000 0000 0000 0000#1626595505179134#-56.5#0.0674951546669682#9
0000 0019 2000 0000 0000 0000#1626595505181315#-39.0#2.030990563160589#9
0000 0015 2000 0000 0000 0000#1626595505182363#-51.0#4.227651051412827#9
0000 001A 2000 0000 0000 0000#1626595505183809#-44.0#1.4173982480063325#9
0000 001B 2000 0000 0000 0000#1626595505184888#-50.5#1.0983302441261191#9
0000 0014 2000 0000 0000 0000#1626595505186082#-56.5#5.8475347634200645#9
0000 0012 2000 0000 0000 0000#1626595505190269#-47.5#1.4173982480063325#9
0000 0010 2000 0000 0000 0000#1626595505191427#-34.5#2.313243028131547#9
0000 001B 2000 0000 0000 0000#1626595505192732#-50.5#1.0492428589137786#9
0000 0017 2000 0000 0000 0000#1626595505193780#-26.5#2.84706834231575#9
0000 000F 2000 0000 0000 0000#1626595505194829#-31.0#2.761165418194154#9
0000 0016 2000 0000 0000 0000#1626595505196350#-32.5#4.061981126321178#9
0000 001A 2000 0000 0000 0000#1626595505198107#-44.0#1.3499030933393643#9
0000 001D 2000 0000 0000 0000#1626595505199184#-50.5#3.9638063558964967#9
0000 0019 2000 0000 0000 0000#1626595505200475#-39.0#1.9819031779482483#9
0000 0013 2000 0000 0000 0000#1626595505201741#-54.5#0.7179030087304801#9
0000 0014 2000 0000 0000 0000#1626595505203987#-56.5#5.663457068873787#9
0000 0015 2000 0000 0000 0000#1626595505205278#-51.0#4.09266074207889#9
0000 0018 2000 0000 0000 0000#1626595505206392#-32.5#2.4850488763747385#9
0000 001C 2000 0000 0000 0000#1626595505209672#-56.0#6.092971689481767#9
3008 33B2 DDD9 0140 2018 0626#1626595505210732#-61.0#5.301437602932776#9
0000 0011 2000 0000 0000 0000#1626595505212789#-40.5#1.6996507129772904#9
0000 0017 2000 0000 0000 0000#1626595505478894#-26.0#2.8838838812250054#9
0000 0016 2000 0000 0000 0000#1626595505479962#-33.0#4.196971435655114#9
0000 0015 2000 0000 0000 0000#1626595505480997#-63.5#3.80427235395639#9
0000 0011 2000 0000 0000 0000#1626595505482396#-41.0#1.3989904785517047#9
0000 001A 2000 0000 0000 0000#1626595505483469#-47.5#0.8222137023067037#9
0000 001C 2000 0000 0000 0000#1626595505484524#-45.0#3.77972866135022#9
0000 001D 2000 0000 0000 0000#1626595505485572#-52.5#3.429981041712294#9
0000 000F 2000 0000 0000 0000#1626595505486593#-32.0#2.736621725587984#9
0000 001B 2000 0000 0000 0000#1626595505488612#-52.5#5.792311455056181#9
0000 0010 2000 0000 0000 0000#1626595505489687#-37.0#2.1353012567368124#9
0000 0019 2000 0000 0000 0000#1626595505490721#-41.5#1.7241944055834606#9
0000 0014 2000 0000 0000 0000#1626595505491872#-46.5#3.5833791205008576#9
0000 0012 2000 0000 0000 0000#1626595505492962#-50.0#0.5092816215780329#9
0000 0013 2000 0000 0000 0000#1626595505494285#-49.0#4.73693267299086#9
3008 33B2 DDD9 0140 2018 0626#1626595505495359#-62.0#6.068427996875596#9
0000 0018 2000 0000 0000 0000#1626595505496448#-35.5#2.399145952253143#9
0000 001D 2000 0000 0000 0000#1626595505503194#-53.5#3.442252888015379#9
0000 0010 2000 0000 0000 0000#1626595505504321#-36.0#2.110757564130642#9
0000 0013 2000 0000 0000 0000#1626595505505333#-48.5#4.632621979414636#9
3008 33B2 DDD9 0140 2018 0626#1626595505506438#-62.0#6.013204688511713#9
0000 0017 2000 0000 0000 0000#1626595505507496#-27.5#2.82252464970958#9
0000 0014 2000 0000 0000 0000#1626595505508553#-46.0#3.5465635815916023#9
0000 001B 2000 0000 0000 0000#1626595505509588#-52.0#5.460971604872882#9
0000 0016 2000 0000 0000 0000#1626595505512339#-33.5#4.1417481272912315#9
0000 0019 2000 0000 0000 0000#1626595505513373#-42.0#1.6751070203711202#9
0000 001C 2000 0000 0000 0000#1626595505516672#-44.5#3.6570101983193686#9
0000 0015 2000 0000 0000 0000#1626595505518855#-66.5#3.368621810196868#9
0000 0011 2000 0000 0000 0000#1626595505520967#-43.0#1.2701360923693108#9
0000 000F 2000 0000 0000 0000#1626595505521988#-32.5#2.6568547246179306#9
0000 0012 2000 0000 0000 0000#1626595505523021#-50.0#0.34974761963792617#9
0000 0018 2000 0000 0000 0000#1626595505524866#-35.5#2.356194490192345#9
0000 001A 2000 0000 0000 0000#1626595505527436#-48.0#0.5645049299419159#9
0000 0013 2000 0000 0000 0000#1626595505795806#-46.0#2.890019804376548#9
0000 001A 2000 0000 0000 0000#1626595505796837#-46.5#4.129476280988146#9
0000 0011 2000 0000 0000 0000#1626595505798125#-47.5#5.780039608753096#9
0000 001C 2000 0000 0000 0000#1626595505800163#-56.0#3.0127382674073995#9
0000 001B 2000 0000 0000 0000#1626595505801469#-43.5#2.8838838812250054#9
0000 0014 2000 0000 0000 0000#1626595505803520#-61.0#2.2948352586769194#9
0000 000F 2000 0000 0000 0000#1626595505804597#-36.0#1.6996507129772904#9
0000 0010 2000 0000 0000 0000#1626595505805764#-41.0#0.9326603190344698#9
0000 0018 2000 0000 0000 0000#1626595505807769#-39.5#1.2946797849754812#9
0000 0017 2000 0000 0000 0000#1626595505810071#-30.5#1.7978254834019713#9
0000 0019 2000 0000 0000 0000#1626595505812072#-49.0#0.07363107781851078#9
0000 0012 2000 0000 0000 0000#1626595505814360#-43.0#3.3502140407422405#9
0000 0016 2000 0000 0000 0000#1626595505817632#-36.5#3.1661363461959633#9
0000 0014 2000 0000 0000 0000#1626595505822460#-61.0#2.325514874434632#9
0000 0016 2000 0000 0000 0000#1626595505823552#-36.5#3.141592653589793#9
0000 001B 2000 0000 0000 0000#1626595505825345#-43.5#2.859340188618835#9
0000 000F 2000 0000 0000 0000#1626595505826366#-36.5#1.6751070203711202#9
0000 0013 2000 0000 0000 0000#1626595505827932#-47.5#2.8838838812250054#9
0000 0012 2000 0000 0000 0000#1626595505829022#-43.0#3.2765829629237295#9
0000 0011 2000 0000 0000 0000#1626595505830794#-48.0#5.546874528994478#9
0000 0017 2000 0000 0000 0000#1626595505832314#-31.0#1.736466251886546#9
0000 001A 2000 0000 0000 0000#1626595505834666#-43.5#3.7429131224409646#9
0000 0010 2000 0000 0000 0000#1626595505835668#-43.5#0.8467573949128739#9
0000 0018 2000 0000 0000 0000#1626595505837225#-40.0#1.2333205534600555#9
0000 0019 2000 0000 0000 0000#1626595505839601#-49.5#6.178874613603362#9
0000 001C 2000 0000 0000 0000#1626595505841769#-58.0#2.8838838812250054#9
0000 0012 2000 0000 0000 0000#1626595506108224#-49.0#2.399145952253143#9
0000 0011 2000 0000 0000 0000#1626595506110251#-43.0#2.9820586516496865#9
0000 0019 2000 0000 0000 0000#1626595506111556#-46.5#3.7122335066832517#9
0000 0017 2000 0000 0000 0000#1626595506113345#-36.0#0.8774370106705868#9
0000 0016 2000 0000 0000 0000#1626595506114422#-40.0#2.3071071049800045#9
0000 0014 2000 0000 0000 0000#1626595506116020#-63.0#5.197126909356553#9
0000 001A 2000 0000 0000 0000#1626595506119239#-43.0#2.3439226438892597#9
0000 0018 2000 0000 0000 0000#1626595506120271#-47.5#6.209554229361076#9
0000 000F 2000 0000 0000 0000#1626595506121264#-43.0#0.6258641614573416#9
0000 0010 2000 0000 0000 0000#1626595506122390#-47.0#5.190990986205009#9
0000 001C 2000 0000 0000 0000#1626595506123906#-63.5#0.0859029241215959#9
0000 0015 2000 0000 0000 0000#1626595506126630#-59.5#0.944932165337555#9
0000 001B 2000 0000 0000 0000#1626595506131103#-57.0#2.2089323345553233#9
0000 0013 2000 0000 0000 0000#1626595506132215#-60.0#1.3560390164909069#9
0000 0014 2000 0000 0000 0000#1626595506136843#-63.5#5.013049214810275#9
0000 001B 2000 0000 0000 0000#1626595506137921#-58.5#2.184388641949153#9
0000 0017 2000 0000 0000 0000#1626595506138966#-37.0#0.8344855486097889#9
0000 0018 2000 0000 0000 0000#1626595506140112#-46.0#6.080699843178682#9
0000 0011 2000 0000 0000 0000#1626595506142143#-42.5#2.84706834231575#9
0000 0013 2000 0000 0000 0000#1626595506143210#-60.0#1.3314953238847365#9
0000 0016 2000 0000 0000 0000#1626595506144289#-40.0#2.2580197197676637#9
0000 0012 2000 0000 0000 0000#1626595506145306#-50.5#2.386874105950058#9
0000 0019 2000 0000 0000 0000#1626595506146881#-45.0#3.472932503773092#9
0000 000F 2000 0000 0000 0000#1626595506150156#-43.5#0.5460971604872883#9
0000 001A 2000 0000 0000 0000#1626595506151486#-45.5#2.313243028131547#9
0000 001C 2000 0000 0000 0000#1626595506153629#-63.0#6.191146459906448#9
0000 0010 2000 0000 0000 0000#1626595506156866#-48.0#4.921010367537137#9
0000 0015 2000 0000 0000 0000#1626595506158443#-60.0#1.030835089459151#9
0000 001C 2000 0000 0000 0000#1626595506425412#-59.5#3.5833791205008576#9
0000 0012 2000 0000 0000 0000#1626595506426702#-57.5#1.2210487071569704#9
0000 0017 2000 0000 0000 0000#1626595506427977#-44.5#6.240233845118788#9
0000 000F 2000 0000 0000 0000#1626595506429750#-48.5#5.411884219660542#9
0000 0018 2000 0000 0000 0000#1626595506431096#-46.5#4.221515128261284#9
0000 0011 2000 0000 0000 0000#1626595506433039#-49.0#2.730485802436441#9
0000 0015 2000 0000 0000 0000#1626595506434319#-63.0#0.3988350048502667#9
0000 001B 2000 0000 0000 0000#1626595506435343#-62.0#6.074563920027139#9
0000 001A 2000 0000 0000 0000#1626595506436512#-55.0#2.030990563160589#9
0000 0016 2000 0000 0000 0000#1626595506437550#-44.5#2.0064468705544187#9
0000 0019 2000 0000 0000 0000#1626595506440077#-47.0#2.988194574801229#9
0000 001D 2000 0000 0000 0000#1626595506441181#-60.0#1.4848934026733007#9
0000 0010 2000 0000 0000 0000#1626595506443507#-44.5#3.5158839658338894#9
0000 0014 2000 0000 0000 0000#1626595506444660#-57.0#2.9206994201342606#9
0000 0013 2000 0000 0000 0000#1626595506447921#-59.0#4.871922982324796#9
0000 0015 2000 0000 0000 0000#1626595506452789#-63.0#0.18407769454627693#9
0000 000F 2000 0000 0000 0000#1626595506453851#-48.5#5.258486140871978#9
0000 0014 2000 0000 0000 0000#1626595506454949#-56.5#2.84706834231575#9
0000 001D 2000 0000 0000 0000#1626595506464456#-58.0#2.172116795646068#9
0000 0018 2000 0000 0000 0000#1626595506467099#-45.0#4.792155981354743#9
0000 0012 2000 0000 0000 0000#1626595506468417#-57.0#1.7241944055834606#9
0000 0017 2000 0000 0000 0000#1626595506469479#-43.5#0.3865631585471816#9
0000 001C 2000 0000 0000 0000#1626595506471007#-58.0#4.325825821837508#9
0000 0011 2000 0000 0000 0000#1626595506472347#-48.0#3.509748042682347#9
0000 0016 2000 0000 0000 0000#1626595506473653#-44.5#2.5954954931025047#9
0000 0010 2000 0000 0000 0000#1626595506474926#-43.0#4.23378697456437#9
0000 0013 2000 0000 0000 0000#1626595506475993#-57.0#5.47937937432751#9
0000 0019 2000 0000 0000 0000#1626595506478301#-47.0#3.773592738198677#9
0000 001B 2000 0000 0000 0000#1626595506479394#-60.0#6.178874613603362#9
0000 001A 2000 0000 0000 0000#1626595506480410#-56.5#2.478912953223196#9
0000 0018 2000 0000 0000 0000#1626595506744013#-47.5#4.080388895775806#9
0000 001B 2000 0000 0000 0000#1626595506745065#-57.5#4.135612204139688#9
0000 0016 2000 0000 0000 0000#1626595506746159#-50.5#1.1044661672776617#9
0000 0013 2000 0000 0000 0000#1626595506748424#-56.0#3.6692820446224537#9
0000 001C 2000 0000 0000 0000#1626595506749707#-57.5#2.9084275738311756#9
0000 001A 2000 0000 0000 0000#1626595506750862#-59.0#6.013204688511713#9
0000 0010 2000 0000 0000 0000#1626595506753395#-50.5#3.7122335066832517#9
0000 0011 2000 0000 0000 0000#1626595506755425#-55.0#1.8530487917658545#9
0000 0019 2000 0000 0000 0000#1626595506756486#-56.5#2.9084275738311756#9
0000 0014 2000 0000 0000 0000#1626595506757554#-56.0#2.1782527187976104#9
0000 0017 2000 0000 0000 0000#1626595506758599#-42.5#4.792155981354743#9
0000 000F 2000 0000 0000 0000#1626595506760405#-45.0#4.479223900626073#9
0000 0015 2000 0000 0000 0000#1626595506762355#-62.5#4.700117134081604#9
0000 001D 2000 0000 0000 0000#1626595506765113#-63.0#0.5583690067903734#9
0000 0012 2000 0000 0000 0000#1626595506766158#-56.5#5.148039524144211#9
0000 0011 2000 0000 0000 0000#1626595506770629#-53.5#1.761009944492716#9
0000 0016 2000 0000 0000 0000#1626595506771737#-50.5#0.9817477042468103#9
0000 0019 2000 0000 0000 0000#1626595506773026#-55.5#2.8102528034064944#9
0000 0017 2000 0000 0000 0000#1626595506774074#-43.0#4.73693267299086#9
0000 000F 2000 0000 0000 0000#1626595506775623#-45.5#4.4362724385652745#9
0000 0018 2000 0000 0000 0000#1626595506777138#-48.5#4.031301510563465#9
0000 0012 2000 0000 0000 0000#1626595506778412#-56.0#5.092816215780329#9
0000 001D 2000 0000 0000 0000#1626595506779489#-62.5#0.3988350048502667#9
0000 001A 2000 0000 0000 0000#1626595506780550#-60.0#5.688000761479957#9
0000 0013 2000 0000 0000 0000#1626595506782146#-55.5#3.472932503773092#9
0000 0014 2000 0000 0000 0000#1626595506783964#-56.0#2.116893487282185#9
0000 001C 2000 0000 0000 0000#1626595506785819#-57.5#2.724349879284899#9
0000 0010 2000 0000 0000 0000#1626595506786865#-51.0#3.6324665057131984#9
0000 0015 2000 0000 0000 0000#1626595506791071#-62.0#4.663301595172349#9
0000 001B 2000 0000 0000 0000#1626595506792764#-57.0#3.9147189706841563#9
0000 000F 2000 0000 0000 0000#1626595507056728#-50.5#3.3870295796514958#9
0000 0018 2000 0000 0000 0000#1626595507057731#-54.0#2.478912953223196#9
0000 001B 2000 0000 0000 0000#1626595507058824#-57.0#1.9389517158874505#9
0000 0010 2000 0000 0000 0000#1626595507059947#-53.0#1.533980787885641#9
0000 0014 2000 0000 0000 0000#1626595507062437#-54.0#5.749359992995383#9
0000 0017 2000 0000 0000 0000#1626595507064456#-44.5#3.6140587362585705#9
0000 0019 2000 0000 0000 0000#1626595507065974#-57.0#0.16566992509164924#9
0000 001D 2000 0000 0000 0000#1626595507077556#-58.0#3.767456815047135#9
0000 001C 2000 0000 0000 0000#1626595507078856#-55.5#0.2699806186678728#9
0000 0013 2000 0000 0000 0000#1626595507081360#-54.0#1.337631247036279#9
0000 001A 2000 0000 0000 0000#1626595507082449#-55.5#3.5772431973493153#9
0000 0012 2000 0000 0000 0000#1626595507083603#-54.0#3.184544115650591#9
0000 0015 2000 0000 0000 0000#1626595507085157#-51.5#0.8467573949128739#9
0000 0016 2000 0000 0000 0000#1626595507086642#-49.5#5.565282298449106#9
0000 0011 2000 0000 0000 0000#1626595507087718#-54.5#5.135767677841127#9
0000 001B 2000 0000 0000 0000#1626595507091930#-56.5#1.9757672547967058#9
0000 001A 2000 0000 0000 0000#1626595507092946#-55.5#3.56497135104623#9
0000 0015 2000 0000 0000 0000#1626595507094267#-52.0#0.7547185476397354#9
0000 0010 2000 0000 0000 0000#1626595507095948#-52.5#1.4971652489763858#9
0000 001C 2000 0000 0000 0000#1626595507097755#-55.5#6.270913460876501#9
0000 0016 2000 0000 0000 0000#1626595507098776#-49.5#5.516194913236766#9
0000 0014 2000 0000 0000 0000#1626595507099786#-52.0#5.405748296509#9
0000 000F 2000 0000 0000 0000#1626595507100822#-50.5#3.4177091954092087#9
0000 0011 2000 0000 0000 0000#1626595507102633#-54.0#5.129631754689584#9
0000 0012 2000 0000 0000 0000#1626595507104236#-54.0#3.043417883165112#9
0000 0017 2000 0000 0000 0000#1626595507107703#-44.5#3.6876898140770815#9
0000 0018 2000 0000 0000 0000#1626595507109455#-52.5#2.4175537217077703#9
0000 0013 2000 0000 0000 0000#1626595507110438#-54.5#1.1596894756415448#9
0000 0019 2000 0000 0000 0000#1626595507113350#-57.5#6.22182607566416#9
0000 001D 2000 0000 0000 0000#1626595507114542#-58.5#3.3624858870453256#9
