0000 0018 2000 0000 0000 0000#1626595385625806#-44.0#3.9822141253511245#9
0000 001D 2000 0000 0000 0000#1626595385627794#-48.0#2.9697868053466014#9
0000 000F 2000 0000 0000 0000#1626595385629471#-44.5#3.6386024288647407#9
0000 0015 2000 0000 0000 0000#1626595385630806#-50.5#3.5772431973493153#9
0000 0013 2000 0000 0000 0000#1626595385631873#-52.0#1.6444274046134073#9
0000 0010 2000 0000 0000 0000#1626595385633233#-43.5#4.338097668140593#9
0000 0011 2000 0000 0000 0000#1626595385642549#-47.5#4.804427827657828#9
0000 0017 2000 0000 0000 0000#1626595385643599#-42.5#2.9022916506796332#9
0000 0014 2000 0000 0000 0000#1626595385645121#-50.0#2.4605051837685683#9
0000 0019 2000 0000 0000 0000#1626595385646694#-46.5#4.565126824747668#9
0000 001A 2000 0000 0000 0000#1626595385648437#-48.5#5.546874528994478#9
0000 001C 2000 0000 0000 0000#1626595385649793#-49.0#2.098485717827557#9
0000 001B 2000 0000 0000 0000#1626595385650870#-51.0#0.9694758579437253#9
0000 0012 2000 0000 0000 0000#1626595385653419#-51.5#6.264777537724958#9
0000 0016 2000 0000 0000 0000#1626595385655819#-63.5#4.129476280988146#9
0000 001C 2000 0000 0000 0000#1626595385660882#-49.0#2.086213871524472#9
0000 0011 2000 0000 0000 0000#1626595385662877#-45.5#4.822835597112456#9
0000 0010 2000 0000 0000 0000#1626595385664246#-44.0#4.1417481272912315#9
0000 0017 2000 0000 0000 0000#1626595385665537#-43.0#2.8961557275280905#9
0000 0016 2000 0000 0000 0000#1626595385667105#-64.0#4.123340357836604#9
0000 000F 2000 0000 0000 0000#1626595385668168#-45.0#3.429981041712294#9
0000 0018 2000 0000 0000 0000#1626595385669186#-46.0#3.792000507653305#9
0000 0019 2000 0000 0000 0000#1626595385670233#-46.5#4.565126824747668#9
0000 001A 2000 0000 0000 0000#1626595385671250#-48.5#5.5714182216006485#9
0000 0012 2000 0000 0000 0000#1626595385672524#-51.0#6.258641614573416#9
0000 0014 2000 0000 0000 0000#1626595385676911#-50.5#2.4727770300716534#9
0000 001D 2000 0000 0000 0000#1626595385677943#-48.0#2.7550294950426117#9
0000 0015 2000 0000 0000 0000#1626595385680233#-51.0#3.380893656499953#9
0000 0013 2000 0000 0000 0000#1626595385682021#-51.5#1.4480778637640452#9
0000 001B 2000 0000 0000 0000#1626595385683056#-50.5#0.9694758579437253#9
0000 0010 2000 0000 0000 0000#1626595385947454#-44.5#3.761320891895592#9
0000 000F 2000 0000 0000 0000#1626595385948744#-46.0#3.0372819600135696#9
0000 0019 2000 0000 0000 0000#1626595385951168#-46.5#4.215379205109742#9
0000 0017 2000 0000 0000 0000#1626595385952471#-43.5#2.5157284921324514#9
0000 001D 2000 0000 0000 0000#1626595385953561#-48.5#2.380738182798515#9
0000 0015 2000 0000 0000 0000#1626595385955358#-51.0#2.9513790358919736#9
0000 0016 2000 0000 0000 0000#1626595385956892#-65.0#3.749049045592507#9
0000 0018 2000 0000 0000 0000#1626595385958437#-46.0#3.411573272257666#9
0000 001A 2000 0000 0000 0000#1626595385959511#-48.0#5.1725832167503825#9
0000 0011 2000 0000 0000 0000#1626595385960894#-47.5#4.4362724385652745#9
0000 001C 2000 0000 0000 0000#1626595385962246#-48.5#1.736466251886546#9
0000 0014 2000 0000 0000 0000#1626595385963323#-50.0#2.0923497946760143#9
0000 0013 2000 0000 0000 0000#1626595385966095#-51.5#1.0615147052168636#9
0000 0012 2000 0000 0000 0000#1626595385967184#-51.0#5.884350302329319#9
0000 001B 2000 0000 0000 0000#1626595385968419#-51.0#0.5767767762450011#9
0000 0015 2000 0000 0000 0000#1626595385975804#-51.0#2.9636508821950587#9
0000 0018 2000 0000 0000 0000#1626595385976824#-46.0#3.399301425954581#9
0000 0011 2000 0000 0000 0000#1626595385978112#-47.5#4.4362724385652745#9
0000 0019 2000 0000 0000 0000#1626595385979174#-46.5#4.190835512503572#9
0000 001D 2000 0000 0000 0000#1626595385980233#-48.0#2.380738182798515#9
0000 0017 2000 0000 0000 0000#1626595385981323#-43.0#2.5157284921324514#9
0000 000F 2000 0000 0000 0000#1626595385984281#-46.0#3.0495538063166547#9
0000 001C 2000 0000 0000 0000#1626595385987307#-49.0#1.748738098189631#9
0000 0013 2000 0000 0000 0000#1626595385989435#-51.5#1.0737865515199487#9
0000 0016 2000 0000 0000 0000#1626595385991212#-65.0#3.6324665057131984#9
0000 0014 2000 0000 0000 0000#1626595385994827#-50.0#2.086213871524472#9
0000 001B 2000 0000 0000 0000#1626595385995862#-51.0#0.5583690067903734#9
0000 0010 2000 0000 0000 0000#1626595385997178#-46.0#3.749049045592507#9
0000 0012 2000 0000 0000 0000#1626595385998380#-51.0#5.859806609723149#9
0000 001A 2000 0000 0000 0000#1626595385999425#-48.0#5.166447293598839#9
0000 0013 2000 0000 0000 0000#1626595386263840#-49.0#1.4542137869155878#9
0000 0018 2000 0000 0000 0000#1626595386265991#-46.0#3.08636934522591#9
0000 001D 2000 0000 0000 0000#1626595386269001#-46.0#2.435961491162398#9
0000 0017 2000 0000 0000 0000#1626595386270651#-38.0#2.0064468705544187#9
0000 0011 2000 0000 0000 0000#1626595386273282#-50.0#4.933282213840222#9
0000 0012 2000 0000 0000 0000#1626595386274344#-49.5#0.42337869745643697#9
0000 0010 2000 0000 0000 0000#1626595386275916#-47.0#3.6570101983193686#9
0000 001C 2000 0000 0000 0000#1626595386277015#-45.5#1.945087639038993#9
0000 001B 2000 0000 0000 0000#1626595386278393#-47.5#1.1167380135807468#9
0000 0015 2000 0000 0000 0000#1626595386279707#-49.0#2.9513790358919736#9
0000 0016 2000 0000 0000 0000#1626595386280756#-48.5#2.7979809571034093#9
0000 0019 2000 0000 0000 0000#1626595386282657#-49.0#4.509903516383785#9
0000 001A 2000 0000 0000 0000#1626595386283818#-48.5#6.050020227420969#9
0000 0014 2000 0000 0000 0000#1626595386285154#-47.0#2.2396119503130363#9
0000 000F 2000 0000 0000 0000#1626595386286246#-42.5#2.5770877236478773#9
0000 001D 2000 0000 0000 0000#1626595386291834#-45.5#2.466641106920111#9
0000 0019 2000 0000 0000 0000#1626595386294257#-49.0#4.540583132141498#9
0000 000F 2000 0000 0000 0000#1626595386295350#-42.5#2.5893595699509624#9
0000 0014 2000 0000 0000 0000#1626595386296655#-47.5#2.2764274892222915#9
0000 001C 2000 0000 0000 0000#1626595386297770#-45.5#1.9819031779482483#9
0000 0011 2000 0000 0000 0000#1626595386299782#-50.0#5.080544369477243#9
0000 0010 2000 0000 0000 0000#1626595386301162#-47.5#3.6999616603801666#9
0000 001B 2000 0000 0000 0000#1626595386302496#-47.0#1.1965050145508#9
0000 0017 2000 0000 0000 0000#1626595386303589#-38.0#2.0064468705544187#9
0000 0016 2000 0000 0000 0000#1626595386304781#-47.5#2.761165418194154#9
0000 0015 2000 0000 0000 0000#1626595386306694#-49.0#3.0495538063166547#9
0000 001A 2000 0000 0000 0000#1626595386308043#-48.5#6.178874613603362#9
0000 0018 2000 0000 0000 0000#1626595386309076#-46.0#3.172272269347506#9
0000 0013 2000 0000 0000 0000#1626595386310244#-48.0#1.607611865704152#9
0000 0012 2000 0000 0000 0000#1626595386311816#-49.0#0.619728238305799#9
0000 0016 2000 0000 0000 0000#1626595386577919#-42.0#3.0925052683774528#9
0000 000F 2000 0000 0000 0000#1626595386578980#-42.5#3.497476196379262#9
0000 0015 2000 0000 0000 0000#1626595386580049#-47.0#3.8288160465625602#9
0000 0018 2000 0000 0000 0000#1626595386581095#-47.5#4.3503695144436785#9
0000 001A 2000 0000 0000 0000#1626595386582625#-44.0#1.3744467859455345#9
0000 0017 2000 0000 0000 0000#1626595386583943#-35.5#2.6568547246179306#9
0000 001D 2000 0000 0000 0000#1626595386585761#-43.0#3.32567034813607#9
0000 0012 2000 0000 0000 0000#1626595386587075#-44.0#1.8285050991596843#9
0000 0011 2000 0000 0000 0000#1626595386588095#-48.0#0.8344855486097889#9
0000 001C 2000 0000 0000 0000#1626595386589180#-42.5#2.8716120349219203#9
0000 0014 2000 0000 0000 0000#1626595386590262#-44.5#3.1784081924990484#9
0000 0019 2000 0000 0000 0000#1626595386592670#-49.0#0.380427235395639#9
0000 0013 2000 0000 0000 0000#1626595386593780#-44.0#2.552544031041707#9
0000 001B 2000 0000 0000 0000#1626595386595105#-43.0#2.2089323345553233#9
0000 0010 2000 0000 0000 0000#1626595386598814#-50.0#5.43029198911517#9
0000 0012 2000 0000 0000 0000#1626595386604471#-43.5#1.8960002538266525#9
0000 001C 2000 0000 0000 0000#1626595386605800#-42.5#2.9206994201342606#9
0000 0013 2000 0000 0000 0000#1626595386608478#-44.0#2.5832236467994196#9
0000 0019 2000 0000 0000 0000#1626595386609525#-48.5#0.4970097752749477#9
0000 0014 2000 0000 0000 0000#1626595386611756#-44.5#3.2090878082567613#9
0000 001B 2000 0000 0000 0000#1626595386612807#-43.0#2.2641556429192065#9
0000 001A 2000 0000 0000 0000#1626595386613933#-42.0#1.4971652489763858#9
0000 000F 2000 0000 0000 0000#1626595386614970#-43.0#3.5956509668039427#9
0000 0011 2000 0000 0000 0000#1626595386616000#-47.0#0.9633399347921826#9
0000 001D 2000 0000 0000 0000#1626595386617062#-43.0#3.399301425954581#9
0000 0016 2000 0000 0000 0000#1626595386618083#-41.0#3.160000423044421#9
0000 0017 2000 0000 0000 0000#1626595386619105#-35.5#2.7857091108003242#9
0000 0018 2000 0000 0000 0000#1626595386620421#-46.5#4.528311285838413#9
0000 0015 2000 0000 0000 0000#1626595386622010#-47.0#3.9208548938356986#9
0000 0010 2000 0000 0000 0000#1626595386623409#-49.5#5.565282298449106#9
0000 0016 2000 0000 0000 0000#1626595386886705#-39.5#4.614214209960009#9
0000 0015 2000 0000 0000 0000#1626595386889095#-45.5#5.037592907416445#9
0000 0019 2000 0000 0000 0000#1626595386890597#-45.0#2.313243028131547#9
0000 0017 2000 0000 0000 0000#1626595386891675#-36.0#4.509903516383785#9
0000 0011 2000 0000 0000 0000#1626595386893286#-41.0#2.5280003384355365#9
0000 000F 2000 0000 0000 0000#1626595386894308#-43.5#5.5284667595398505#9
0000 0014 2000 0000 0000 0000#1626595386896330#-42.5#4.4362724385652745#9
0000 0018 2000 0000 0000 0000#1626595386897462#-47.5#0.4356505437595221#9
0000 001B 2000 0000 0000 0000#1626595386899113#-40.5#3.5956509668039427#9
0000 0012 2000 0000 0000 0000#1626595386902464#-41.0#3.2827188860752723#9
0000 0010 2000 0000 0000 0000#1626595386903564#-47.5#1.521708941582556#9
0000 001D 2000 0000 0000 0000#1626595386905572#-41.5#4.595806440505381#9
0000 0013 2000 0000 0000 0000#1626595386906597#-42.0#3.9392626632903265#9
0000 001A 2000 0000 0000 0000#1626595386909719#-40.0#2.9636508821950587#9
0000 001C 2000 0000 0000 0000#1626595386910760#-40.5#4.25833066717054#9
0000 0016 2000 0000 0000 0000#1626595386914828#-39.5#4.718524903536232#9
0000 0017 2000 0000 0000 0000#1626595386916902#-36.0#4.6448938257177215#9
0000 0010 2000 0000 0000 0000#1626595386917947#-47.5#1.5707963267948966#9
0000 001D 2000 0000 0000 0000#1626595386919318#-40.5#4.632621979414636#9
0000 001A 2000 0000 0000 0000#1626595386920395#-40.0#2.9575149590435164#9
0000 0013 2000 0000 0000 0000#1626595386921754#-42.0#3.9638063558964967#9
0000 0019 2000 0000 0000 0000#1626595386922815#-44.5#2.4175537217077703#9
0000 0012 2000 0000 0000 0000#1626595386924050#-40.5#3.3318062712876126#9
0000 001B 2000 0000 0000 0000#1626595386925343#-40.0#3.6447383520162835#9
0000 0011 2000 0000 0000 0000#1626595386926461#-42.0#2.6016314162540475#9
0000 001C 2000 0000 0000 0000#1626595386927518#-40.0#4.28287435977671#9
0000 0014 2000 0000 0000 0000#1626595386929385#-42.5#4.503767593232243#9
0000 000F 2000 0000 0000 0000#1626595386930463#-43.5#5.71868037723767#9
0000 0018 2000 0000 0000 0000#1626595386931820#-46.0#0.6320000846088841#9
0000 0015 2000 0000 0000 0000#1626595386933098#-45.5#5.098952138931871#9
0000 000F 2000 0000 0000 0000#1626595387204090#-41.5#0.4970097752749477#9
0000 0012 2000 0000 0000 0000#1626595387205932#-38.5#3.5036121195308043#9
0000 001D 2000 0000 0000 0000#1626595387206964#-41.5#4.669437518323892#9
0000 0017 2000 0000 0000 0000#1626595387208042#-35.5#5.675728915176872#9
0000 001B 2000 0000 0000 0000#1626595387209363#-39.5#3.834951969714103#9
0000 0013 2000 0000 0000 0000#1626595387210445#-40.5#4.129476280988146#9
0000 0018 2000 0000 0000 0000#1626595387211733#-43.0#1.423534171157875#9
0000 001A 2000 0000 0000 0000#1626595387213504#-38.0#3.184544115650591#9
0000 0019 2000 0000 0000 0000#1626595387214681#-40.5#2.7120780329818137#9
0000 0015 2000 0000 0000 0000#1626595387215761#-45.0#5.074408446325701#9
0000 0011 2000 0000 0000 0000#1626595387216888#-38.0#2.834796496012665#9
0000 0016 2000 0000 0000 0000#1626595387219617#-40.0#5.559146375297564#9
0000 0014 2000 0000 0000 0000#1626595387221132#-41.5#4.620350133111551#9
0000 0010 2000 0000 0000 0000#1626595387226131#-40.5#2.110757564130642#9
0000 001C 2000 0000 0000 0000#1626595387227229#-39.0#4.417864669110647#9
0000 0016 2000 0000 0000 0000#1626595387230852#-40.0#5.602097837358362#9
0000 001A 2000 0000 0000 0000#1626595387232052#-36.5#3.215223731408304#9
0000 0010 2000 0000 0000 0000#1626595387233195#-40.5#2.1230294104337273#9
0000 0019 2000 0000 0000 0000#1626595387235219#-40.0#2.718213956133356#9
0000 0015 2000 0000 0000 0000#1626595387236312#-44.5#5.092816215780329#9
0000 0018 2000 0000 0000 0000#1626595387237727#-41.5#1.521708941582556#9
0000 001C 2000 0000 0000 0000#1626595387238825#-39.0#4.448544284868359#9
0000 0011 2000 0000 0000 0000#1626595387241395#-38.0#2.859340188618835#9
0000 0014 2000 0000 0000 0000#1626595387243146#-41.5#4.669437518323892#9
0000 000F 2000 0000 0000 0000#1626595387246152#-41.0#0.6688156235181395#9
0000 001D 2000 0000 0000 0000#1626595387247827#-41.0#4.700117134081604#9
0000 001B 2000 0000 0000 0000#1626595387248934#-39.0#3.9085830475326135#9
0000 0012 2000 0000 0000 0000#1626595387251051#-38.5#3.5895150436524004#9
0000 0013 2000 0000 0000 0000#1626595387252631#-40.0#4.2031073588066565#9
0000 0017 2000 0000 0000 0000#1626595387254163#-35.0#5.896622148632405#9
0000 0015 2000 0000 0000 0000#1626595387519190#-45.0#4.92714629068868#9
0000 000F 2000 0000 0000 0000#1626595387520482#-37.0#1.0615147052168636#9
0000 0014 2000 0000 0000 0000#1626595387521517#-40.5#4.589670517353839#9
0000 0012 2000 0000 0000 0000#1626595387523038#-37.5#3.6570101983193686#9
0000 0011 2000 0000 0000 0000#1626595387524156#-38.0#2.9084275738311756#9
0000 0013 2000 0000 0000 0000#1626595387526226#-39.0#4.221515128261284#9
0000 0017 2000 0000 0000 0000#1626595387529445#-32.0#0.2454369260617026#9
0000 001C 2000 0000 0000 0000#1626595387530561#-38.0#4.4362724385652745#9
0000 0016 2000 0000 0000 0000#1626595387532638#-38.5#0.19634954084936207#9
0000 0018 2000 0000 0000 0000#1626595387533899#-38.5#1.7548740213411735#9
0000 0010 2000 0000 0000 0000#1626595387535001#-39.0#2.227340104009951#9
0000 001B 2000 0000 0000 0000#1626595387538864#-38.0#3.9638063558964967#9
0000 0019 2000 0000 0000 0000#1626595387539912#-38.0#2.804116880254952#9
0000 001A 2000 0000 0000 0000#1626595387540960#-36.5#3.3379421944391554#9
0000 001D 2000 0000 0000 0000#1626595387542064#-40.5#4.595806440505381#9
0000 0019 2000 0000 0000 0000#1626595387546195#-38.0#2.804116880254952#9
0000 001B 2000 0000 0000 0000#1626595387547730#-38.0#3.9760782021995817#9
0000 000F 2000 0000 0000 0000#1626595387549035#-36.5#1.1351457830353744#9
0000 0016 2000 0000 0000 0000#1626595387550555#-38.0#0.2761165418194154#9
0000 0018 2000 0000 0000 0000#1626595387551576#-38.5#1.7794177139473437#9
0000 0010 2000 0000 0000 0000#1626595387552974#-37.5#2.3009711818284617#9
0000 001A 2000 0000 0000 0000#1626595387554305#-36.5#3.3624858870453256#9
0000 0017 2000 0000 0000 0000#1626595387556656#-31.5#0.3313398501832985#9
0000 0011 2000 0000 0000 0000#1626595387558781#-36.5#2.9697868053466014#9
0000 0013 2000 0000 0000 0000#1626595387559792#-39.0#4.276738436625168#9
0000 001C 2000 0000 0000 0000#1626595387562099#-38.0#4.460816131171445#9
0000 0015 2000 0000 0000 0000#1626595387563778#-44.5#4.963961829597935#9
0000 001D 2000 0000 0000 0000#1626595387565111#-40.5#4.614214209960009#9
0000 0014 2000 0000 0000 0000#1626595387567034#-40.5#4.6448938257177215#9
0000 0012 2000 0000 0000 0000#1626595387568068#-37.5#3.724505352986337#9
0000 0012 2000 0000 0000 0000#1626595387835604#-36.5#4.405592822807561#9
0000 0011 2000 0000 0000 0000#1626595387837964#-36.5#3.6815538909255388#9
0000 0017 2000 0000 0000 0000#1626595387840051#-29.0#1.3437671701878218#9
0000 000F 2000 0000 0000 0000#1626595387842212#-33.0#1.9880391010997909#9
0000 0019 2000 0000 0000 0000#1626595387843231#-37.0#3.54042765844006#9
0000 0016 2000 0000 0000 0000#1626595387844327#-35.5#1.521708941582556#9
0000 001A 2000 0000 0000 0000#1626595387846284#-35.5#4.086524818927348#9
0000 0013 2000 0000 0000 0000#1626595387847568#-38.5#4.841243366567084#9
0000 0015 2000 0000 0000 0000#1626595387848904#-45.0#5.1725832167503825#9
0000 0014 2000 0000 0000 0000#1626595387849943#-39.5#5.043728830567988#9
0000 0018 2000 0000 0000 0000#1626595387850990#-35.5#2.5034566458293663#9
0000 001D 2000 0000 0000 0000#1626595387852507#-40.0#4.9394181369917645#9
0000 0010 2000 0000 0000 0000#1626595387854129#-35.0#2.9329712664373457#9
0000 001C 2000 0000 0000 0000#1626595387855726#-37.5#4.95168998329485#9
0000 001B 2000 0000 0000 0000#1626595387858513#-37.0#4.638757902566179#9
0000 0014 2000 0000 0000 0000#1626595387862884#-40.0#5.056000676871073#9
0000 0010 2000 0000 0000 0000#1626595387864415#-36.5#2.9513790358919736#9
0000 001A 2000 0000 0000 0000#1626595387865759#-35.5#4.111068511533518#9
0000 001D 2000 0000 0000 0000#1626595387867547#-40.0#4.9394181369917645#9
0000 0012 2000 0000 0000 0000#1626595387869066#-36.5#4.442408361716817#9
0000 0018 2000 0000 0000 0000#1626595387870463#-34.0#2.5341362615870793#9
0000 0015 2000 0000 0000 0000#1626595387871781#-45.0#5.184855063053467#9
0000 0011 2000 0000 0000 0000#1626595387873178#-35.5#3.7429131224409646#9
0000 0013 2000 0000 0000 0000#1626595387874218#-38.5#4.871922982324796#9
0000 0017 2000 0000 0000 0000#1626595387875292#-28.5#1.4480778637640452#9
0000 001B 2000 0000 0000 0000#1626595387876317#-37.5#4.663301595172349#9
0000 001C 2000 0000 0000 0000#1626595387877899#-37.5#4.95168998329485#9
0000 0019 2000 0000 0000 0000#1626595387879690#-37.5#3.5833791205008576#9
0000 0016 2000 0000 0000 0000#1626595387883703#-35.0#1.6382914814618648#9
0000 000F 2000 0000 0000 0000#1626595387885109#-33.0#2.073942025221387#9
0000 001A 2000 0000 0000 0000#1626595388149770#-35.0#5.0682725231741586#9
0000 001B 2000 0000 0000 0000#1626595388151648#-38.0#5.448699758569798#9
0000 0011 2000 0000 0000 0000#1626595388152980#-36.5#4.779884135051658#9
0000 0010 2000 0000 0000 0000#1626595388154587#-35.5#4.09266074207889#9
0000 000F 2000 0000 0000 0000#1626595388155865#-31.5#3.313398501832985#9
0000 0016 2000 0000 0000 0000#1626595388156932#-33.0#3.08636934522591#9
0000 0019 2000 0000 0000 0000#1626595388158037#-37.0#4.657165672020807#9
0000 0017 2000 0000 0000 0000#1626595388159566#-26.5#2.8102528034064944#9
0000 001C 2000 0000 0000 0000#1626595388160624#-38.5#5.626641529964532#9
0000 0015 2000 0000 0000 0000#1626595388161900#-47.0#5.595961914206819#9
0000 0018 2000 0000 0000 0000#1626595388165272#-34.0#3.724505352986337#9
0000 0013 2000 0000 0000 0000#1626595388166730#-39.0#5.651185222570702#9
0000 001D 2000 0000 0000 0000#1626595388167819#-42.0#5.448699758569798#9
0000 0014 2000 0000 0000 0000#1626595388170718#-41.0#5.66959299202533#9
0000 0012 2000 0000 0000 0000#1626595388172152#-37.0#5.344389064993574#9
0000 0017 2000 0000 0000 0000#1626595388177096#-27.0#2.84706834231575#9
0000 0012 2000 0000 0000 0000#1626595388178130#-37.0#5.3627968344482015#9
0000 0018 2000 0000 0000 0000#1626595388179407#-34.0#3.749049045592507#9
0000 001D 2000 0000 0000 0000#1626595388180413#-42.0#5.43029198911517#9
0000 0010 2000 0000 0000 0000#1626595388181741#-35.0#4.135612204139688#9
0000 001C 2000 0000 0000 0000#1626595388182802#-39.0#5.632777453116074#9
0000 0013 2000 0000 0000 0000#1626595388184596#-39.0#5.651185222570702#9
0000 001A 2000 0000 0000 0000#1626595388185855#-35.5#5.092816215780329#9
0000 0016 2000 0000 0000 0000#1626595388188860#-33.0#3.160000423044421#9
0000 000F 2000 0000 0000 0000#1626595388190952#-31.5#3.380893656499953#9
0000 0011 2000 0000 0000 0000#1626595388192093#-35.0#4.816699673960914#9
0000 0019 2000 0000 0000 0000#1626595388194324#-37.0#4.693981210930062#9
0000 0015 2000 0000 0000 0000#1626595388195445#-47.0#5.559146375297564#9
0000 0014 2000 0000 0000 0000#1626595388197240#-41.0#5.66959299202533#9
0000 001B 2000 0000 0000 0000#1626595388199942#-38.0#5.4671075280244255#9
0000 0019 2000 0000 0000 0000#1626595388464782#-37.0#4.552854978444583#9
0000 0017 2000 0000 0000 0000#1626595388466057#-27.0#3.0925052683774528#9
0000 0010 2000 0000 0000 0000#1626595388467158#-33.5#4.1172044346850605#9
0000 001A 2000 0000 0000 0000#1626595388468285#-36.0#4.81056375080937#9
0000 0014 2000 0000 0000 0000#1626595388471483#-43.0#5.092816215780329#9
0000 001C 2000 0000 0000 0000#1626595388472583#-41.0#5.098952138931871#9
0000 0018 2000 0000 0000 0000#1626595388473696#-32.5#3.810408277107933#9
0000 0015 2000 0000 0000 0000#1626595388474791#-49.0#4.773748211900116#9
0000 0012 2000 0000 0000 0000#1626595388477052#-38.0#5.0253210611133605#9
0000 000F 2000 0000 0000 0000#1626595388478106#-31.0#3.5158839658338894#9
0000 0016 2000 0000 0000 0000#1626595388480195#-32.0#3.5342917352885173#9
0000 0011 2000 0000 0000 0000#1626595388482446#-37.0#4.632621979414636#9
0000 0013 2000 0000 0000 0000#1626595388483515#-41.0#5.1725832167503825#9
0000 001D 2000 0000 0000 0000#1626595388485711#-43.0#4.700117134081604#9
0000 001B 2000 0000 0000 0000#1626595388487887#-39.5#5.006913291658733#9
0000 001D 2000 0000 0000 0000#1626595388493528#-44.5#4.6878452877785195#9
0000 0019 2000 0000 0000 0000#1626595388494578#-37.0#4.577398671050753#9
0000 0017 2000 0000 0000 0000#1626595388495879#-27.0#3.147728576741336#9
0000 0015 2000 0000 0000 0000#1626595388498825#-49.5#4.7307967498393175#9
0000 001C 2000 0000 0000 0000#1626595388499925#-41.0#5.037592907416445#9
0000 000F 2000 0000 0000 0000#1626595388501033#-31.0#3.5465635815916023#9
0000 0013 2000 0000 0000 0000#1626595388502115#-41.0#5.166447293598839#9
0000 0012 2000 0000 0000 0000#1626595388503391#-38.5#5.006913291658733#9
0000 0010 2000 0000 0000 0000#1626595388504450#-35.0#4.135612204139688#9
0000 0018 2000 0000 0000 0000#1626595388505530#-34.0#3.865631585471816#9
0000 001B 2000 0000 0000 0000#1626595388506804#-39.5#4.994641445355648#9
0000 0011 2000 0000 0000 0000#1626595388516221#-35.5#4.792155981354743#9
0000 0014 2000 0000 0000 0000#1626595388518601#-43.0#5.184855063053467#9
0000 0016 2000 0000 0000 0000#1626595388519920#-32.5#3.834951969714103#9
0000 001A 2000 0000 0000 0000#1626595388522108#-37.0#4.957825906446392#9
0000 0015 2000 0000 0000 0000#1626595388786033#-51.5#3.80427235395639#9
0000 0011 2000 0000 0000 0000#1626595388788933#-37.5#4.0558452031696355#9
0000 0016 2000 0000 0000 0000#1626595388789984#-33.0#3.767456815047135#9
0000 001D 2000 0000 0000 0000#1626595388791059#-46.5#3.693825737228624#9
0000 000F 2000 0000 0000 0000#1626595388792338#-31.0#3.485204350076177#9
0000 0017 2000 0000 0000 0000#1626595388793383#-27.0#3.1968159619536762#9
0000 001B 2000 0000 0000 0000#1626595388794409#-41.5#4.2092432819582#9
0000 0013 2000 0000 0000 0000#1626595388795719#-43.0#4.338097668140593#9
0000 0014 2000 0000 0000 0000#1626595388796801#-45.5#4.154019973594316#9
0000 0010 2000 0000 0000 0000#1626595388798169#-34.0#3.8288160465625602#9
0000 0018 2000 0000 0000 0000#1626595388799655#-32.5#3.663146121470911#9
0000 0012 2000 0000 0000 0000#1626595388800976#-40.0#4.25833066717054#9
0000 001C 2000 0000 0000 0000#1626595388802765#-43.5#4.166291819897402#9
0000 001A 2000 0000 0000 0000#1626595388804184#-38.5#4.06811704947272#9
0000 0019 2000 0000 0000 0000#1626595388805289#-38.0#4.06811704947272#9
0000 001D 2000 0000 0000 0000#1626595388812917#-46.5#3.6386024288647407#9
0000 0012 2000 0000 0000 0000#1626595388814010#-40.5#4.215379205109742#9
0000 000F 2000 0000 0000 0000#1626595388815087#-31.0#3.5158839658338894#9
0000 0018 2000 0000 0000 0000#1626595388816160#-33.5#3.6692820446224537#9
0000 001C 2000 0000 0000 0000#1626595388817968#-43.5#4.1172044346850605#9
0000 0010 2000 0000 0000 0000#1626595388819335#-35.5#3.822680123411018#9
0000 0013 2000 0000 0000 0000#1626595388820643#-43.5#4.276738436625168#9
0000 0017 2000 0000 0000 0000#1626595388821720#-27.0#3.2336315008629315#9
0000 0016 2000 0000 0000 0000#1626595388823200#-33.0#3.847223816017188#9
0000 001B 2000 0000 0000 0000#1626595388824265#-41.5#4.1417481272912315#9
0000 001A 2000 0000 0000 0000#1626595388825326#-39.0#4.01902966426038#9
0000 0011 2000 0000 0000 0000#1626595388826402#-37.5#3.9944859716542096#9
0000 0019 2000 0000 0000 0000#1626595388827419#-38.0#4.04357335686655#9
0000 0015 2000 0000 0000 0000#1626595388829085#-51.5#3.736777199289422#9
0000 0014 2000 0000 0000 0000#1626595388830578#-46.0#4.086524818927348#9
0000 001D 2000 0000 0000 0000#1626595389094861#-49.0#3.215223731408304#9
0000 001B 2000 0000 0000 0000#1626595389095997#-43.0#3.736777199289422#9
0000 0013 2000 0000 0000 0000#1626595389097550#-45.5#3.8533597391687304#9
0000 0015 2000 0000 0000 0000#1626595389098599#-54.0#3.3502140407422405#9
0000 0012 2000 0000 0000 0000#1626595389099859#-42.0#3.792000507653305#9
0000 0018 2000 0000 0000 0000#1626595389100949#-33.0#3.810408277107933#9
0000 0019 2000 0000 0000 0000#1626595389102497#-38.5#3.8963112012295285#9
0000 000F 2000 0000 0000 0000#1626595389104059#-31.0#3.77972866135022#9
0000 001C 2000 0000 0000 0000#1626595389105145#-45.5#3.6324665057131984#9
0000 0010 2000 0000 0000 0000#1626595389106969#-33.5#3.8410878928656453#9
0000 0014 2000 0000 0000 0000#1626595389120406#-47.0#4.3933209765044765#9
0000 0011 2000 0000 0000 0000#1626595389121494#-37.5#4.491495746929157#9
0000 0016 2000 0000 0000 0000#1626595389122517#-31.5#5.141903600992669#9
0000 0017 2000 0000 0000 0000#1626595389124105#-26.0#4.466952054322987#9
0000 001A 2000 0000 0000 0000#1626595389126789#-39.0#4.374913207049849#9
0000 0013 2000 0000 0000 0000#1626595389131315#-45.0#4.528311285838413#9
0000 0012 2000 0000 0000 0000#1626595389133525#-41.5#4.4976316700806995#9
0000 0014 2000 0000 0000 0000#1626595389134578#-47.5#4.344233591292136#9
0000 0017 2000 0000 0000 0000#1626595389135639#-26.0#4.454680208019902#9
0000 000F 2000 0000 0000 0000#1626595389136716#-30.5#4.601942363656923#9
0000 001B 2000 0000 0000 0000#1626595389138307#-42.5#4.417864669110647#9
0000 0015 2000 0000 0000 0000#1626595389139343#-54.0#4.025165587411922#9
0000 0016 2000 0000 0000 0000#1626595389140665#-31.0#5.160311370447297#9
0000 001A 2000 0000 0000 0000#1626595389142519#-37.5#4.368777283898306#9
0000 0019 2000 0000 0000 0000#1626595389145131#-37.5#4.601942363656923#9
0000 001D 2000 0000 0000 0000#1626595389146249#-49.0#3.865631585471816#9
0000 0018 2000 0000 0000 0000#1626595389147653#-32.5#4.583534594202296#9
0000 001C 2000 0000 0000 0000#1626595389149131#-45.5#4.338097668140593#9
0000 0010 2000 0000 0000 0000#1626595389150302#-33.0#4.595806440505381#9
0000 0011 2000 0000 0000 0000#1626595389151473#-36.0#4.442408361716817#9
0000 0011 2000 0000 0000 0000#1626595389419586#-36.5#3.6754179677739964#9
0000 0017 2000 0000 0000 0000#1626595389420661#-25.5#4.2031073588066565#9
0000 0018 2000 0000 0000 0000#1626595389421694#-32.5#4.111068511533518#9
0000 001C 2000 0000 0000 0000#1626595389423526#-48.5#3.3440781175906977#9
0000 001D 2000 0000 0000 0000#1626595389424799#-53.0#2.705942109830271#9
0000 0019 2000 0000 0000 0000#1626595389425903#-38.0#3.847223816017188#9
0000 0016 2000 0000 0000 0000#1626595389427015#-31.0#5.037592907416445#9
0000 001B 2000 0000 0000 0000#1626595389428094#-44.5#3.466796580621549#9
0000 0012 2000 0000 0000 0000#1626595389429492#-41.5#3.5772431973493153#9
0000 0010 2000 0000 0000 0000#1626595389430635#-34.5#3.988350048502667#9
0000 000F 2000 0000 0000 0000#1626595389431643#-30.0#4.196971435655114#9
0000 001A 2000 0000 0000 0000#1626595389433313#-39.0#3.436116964863836#9
0000 0013 2000 0000 0000 0000#1626595389434397#-47.5#3.4913402732277192#9
0000 0014 2000 0000 0000 0000#1626595389436078#-51.0#3.2520392703175593#9
0000 0015 2000 0000 0000 0000#1626595389437624#-58.5#2.6691265709210157#9
0000 0012 2000 0000 0000 0000#1626595389442233#-43.0#3.552699504743145#9
0000 0013 2000 0000 0000 0000#1626595389443541#-47.5#3.479068426924634#9
0000 0011 2000 0000 0000 0000#1626595389445086#-38.0#3.6324665057131984#9
0000 001B 2000 0000 0000 0000#1626595389447294#-44.5#3.4177091954092087#9
0000 0016 2000 0000 0000 0000#1626595389448344#-30.5#5.049864753719531#9
0000 0010 2000 0000 0000 0000#1626595389449644#-34.5#3.9515345095934116#9
0000 0017 2000 0000 0000 0000#1626595389451572#-25.5#4.172427743048944#9
0000 0018 2000 0000 0000 0000#1626595389452971#-31.5#4.06811704947272#9
0000 0015 2000 0000 0000 0000#1626595389454038#-59.0#2.60776733940559#9
0000 0014 2000 0000 0000 0000#1626595389455074#-51.0#3.2090878082567613#9
0000 001D 2000 0000 0000 0000#1626595389456134#-53.5#2.6016314162540475#9
0000 000F 2000 0000 0000 0000#1626595389458136#-29.5#4.190835512503572#9
0000 001C 2000 0000 0000 0000#1626595389459860#-49.5#3.1968159619536762#9
0000 0019 2000 0000 0000 0000#1626595389461338#-38.0#3.767456815047135#9
0000 001A 2000 0000 0000 0000#1626595389462898#-40.5#3.356349963893783#9
0000 0017 2000 0000 0000 0000#1626595389726519#-26.5#3.7551849687440497#9
0000 001D 2000 0000 0000 0000#1626595389727607#-58.0#0.803805932852076#9
0000 0013 2000 0000 0000 0000#1626595389729413#-51.0#2.2150682577068657#9
0000 0010 2000 0000 0000 0000#1626595389730553#-34.0#3.2397674240144743#9
0000 0014 2000 0000 0000 0000#1626595389731593#-55.0#1.705786636128833#9
0000 0016 2000 0000 0000 0000#1626595389732685#-31.5#4.822835597112456#9
0000 0015 2000 0000 0000 0000#1626595389733749#-57.0#0.380427235395639#9
0000 000F 2000 0000 0000 0000#1626595389734784#-30.5#3.6815538909255388#9
0000 0019 2000 0000 0000 0000#1626595389735887#-38.0#2.8961557275280905#9
0000 001C 2000 0000 0000 0000#1626595389737436#-52.5#1.7548740213411735#9
0000 001A 2000 0000 0000 0000#1626595389739103#-41.0#2.3623304133438876#9
0000 0018 2000 0000 0000 0000#1626595389740249#-32.0#3.4177091954092087#9
0000 0012 2000 0000 0000 0000#1626595389744103#-45.5#2.411417798556228#9
0000 001B 2000 0000 0000 0000#1626595389746022#-47.5#2.184388641949153#9
0000 0011 2000 0000 0000 0000#1626595389747095#-39.5#2.662990647769473#9
0000 001B 2000 0000 0000 0000#1626595389754303#-48.0#2.1537090261914402#9
0000 000F 2000 0000 0000 0000#1626595389757161#-30.5#3.6386024288647407#9
0000 0011 2000 0000 0000 0000#1626595389758316#-38.0#2.6261751088602177#9
0000 0014 2000 0000 0000 0000#1626595389759641#-55.5#1.4787574795217582#9
0000 0013 2000 0000 0000 0000#1626595389760721#-51.0#2.043262409463674#9
0000 0012 2000 0000 0000 0000#1626595389762249#-45.5#2.3746022596469727#9
0000 0016 2000 0000 0000 0000#1626595389763315#-31.5#4.804427827657828#9
0000 0017 2000 0000 0000 0000#1626595389764421#-26.5#3.7122335066832517#9
0000 0010 2000 0000 0000 0000#1626595389765516#-34.5#3.160000423044421#9
0000 0018 2000 0000 0000 0000#1626595389766623#-33.0#3.368621810196868#9
0000 001C 2000 0000 0000 0000#1626595389767677#-53.5#1.6014759425526093#9
0000 001A 2000 0000 0000 0000#1626595389768763#-42.5#2.2764274892222915#9
0000 001D 2000 0000 0000 0000#1626595389770225#-57.5#0.4540583132141498#9
0000 0015 2000 0000 0000 0000#1626595389771903#-54.5#0.0674951546669682#9
0000 0019 2000 0000 0000 0000#1626595389773192#-39.0#2.8102528034064944#9
0000 0019 2000 0000 0000 0000#1626595390037969#-41.0#1.6014759425526093#9
0000 0018 2000 0000 0000 0000#1626595390039303#-35.0#2.12916533358527#9
0000 001A 2000 0000 0000 0000#1626595390040347#-45.5#0.944932165337555#9
0000 0012 2000 0000 0000 0000#1626595390041648#-48.5#0.9387962421860124#9
0000 001C 2000 0000 0000 0000#1626595390042748#-55.5#5.3198453723874035#9
0000 0010 2000 0000 0000 0000#1626595390043809#-36.5#1.8960002538266525#9
0000 000F 2000 0000 0000 0000#1626595390045144#-32.5#2.411417798556228#9
0000 0013 2000 0000 0000 0000#1626595390046467#-55.0#0.1595340019401067#9
0000 0017 2000 0000 0000 0000#1626595390048497#-27.5#2.5157284921324514#9
0000 0015 2000 0000 0000 0000#1626595390050983#-51.5#3.7429131224409646#9
0000 001D 2000 0000 0000 0000#1626595390052230#-48.0#3.411573272257666#9
0000 0016 2000 0000 0000 0000#1626595390053266#-34.0#3.77972866135022#9
0000 001B 2000 0000 0000 0000#1626595390054601#-52.0#0.3865631585471816#9
0000 0014 2000 0000 0000 0000#1626595390056795#-53.0#4.792155981354743#9
0000 0011 2000 0000 0000 0000#1626595390058228#-41.5#1.2946797849754812#9
3008 33B2 DDD9 0140 2018 0626#1626595390060728#-61.5#4.571262747899211#9
0000 0019 2000 0000 0000 0000#1626595390065638#-41.5#1.533980787885641#9
0000 0011 2000 0000 0000 0000#1626595390066725#-41.5#1.282407938672396#9
0000 001D 2000 0000 0000 0000#1626595390067733#-47.5#3.380893656499953#9
0000 000F 2000 0000 0000 0000#1626595390068797#-32.5#2.36846633649543#9
0000 0010 2000 0000 0000 0000#1626595390070409#-35.5#1.8407769454627694#9
0000 0018 2000 0000 0000 0000#1626595390071485#-35.0#2.061670178918302#9
0000 0014 2000 0000 0000 0000#1626595390072779#-52.5#4.565126824747668#9
0000 0016 2000 0000 0000 0000#1626595390074854#-33.5#3.749049045592507#9
0000 001B 2000 0000 0000 0000#1626595390076148#-52.5#0.2945243112740431#9
0000 0012 2000 0000 0000 0000#1626595390077194#-49.5#0.7731263170943632#9
0000 001A 2000 0000 0000 0000#1626595390080028#-45.0#0.8160777791551611#9
0000 0017 2000 0000 0000 0000#1626595390082316#-28.0#2.442097414313941#9
0000 0015 2000 0000 0000 0000#1626595390084522#-52.5#3.6570101983193686#9
0000 001C 2000 0000 0000 0000#1626595390087018#-53.5#4.755340442445488#9
3008 33B2 DDD9 0140 2018 0626#1626595390088094#-62.0#4.626486056263094#9
0000 0013 2000 0000 0000 0000#1626595390089388#-55.5#6.117515382087937#9
0000 0019 2000 0000 0000 0000#1626595390353239#-43.5#1.6566992509164924#9
0000 000F 2000 0000 0000 0000#1626595390355563#-33.0#2.6998061866787286#9
0000 0017 2000 0000 0000 0000#1626595390356879#-27.0#2.8286605728611223#9
0000 001D 2000 0000 0000 0000#1626595390358023#-55.0#3.6324665057131984#9
0000 0016 2000 0000 0000 0000#1626595390359133#-33.5#4.196971435655114#9
0000 001C 2000 0000 0000 0000#1626595390360401#-45.0#3.5711072741977725#9
0000 0012 2000 0000 0000 0000#1626595390361704#-51.0#6.270913460876501#9
0000 001B 2000 0000 0000 0000#1626595390362999#-47.5#4.583534594202296#9
0000 001A 2000 0000 0000 0000#1626595390364316#-49.0#0.42337869745643697#9
0000 0015 2000 0000 0000 0000#1626595390365411#-66.0#3.6386024288647407#9
0000 0011 2000 0000 0000 0000#1626595390366893#-43.0#1.227184630308513#9
0000 0013 2000 0000 0000 0000#1626595390367919#-45.0#4.06811704947272#9
0000 0014 2000 0000 0000 0000#1626595390369242#-47.5#3.663146121470911#9
0000 0018 2000 0000 0000 0000#1626595390370574#-37.0#2.350058567040802#9
0000 0010 2000 0000 0000 0000#1626595390371944#-37.5#2.055534255766759#9
3008 33B2 DDD9 0140 2018 0626#1626595390373587#-62.5#6.178874613603362#9
0000 001A 2000 0000 0000 0000#1626595390378292#-49.5#0.3374757733348411#9
0000 0019 2000 0000 0000 0000#1626595390379600#-44.5#1.5707963267948966#9
0000 0018 2000 0000 0000 0000#1626595390381430#-37.0#2.325514874434632#9
0000 000F 2000 0000 0000 0000#1626595390382509#-33.5#2.650718801466388#9
0000 001C 2000 0000 0000 0000#1626595390383837#-45.0#3.54042765844006#9
0000 0010 2000 0000 0000 0000#1626595390386564#-39.0#2.012582793705961#9
0000 0017 2000 0000 0000 0000#1626595390387637#-29.0#2.748893571891069#9
0000 0011 2000 0000 0000 0000#1626595390388713#-44.5#1.1351457830353744#9
0000 0016 2000 0000 0000 0000#1626595390390743#-34.0#4.123340357836604#9
0000 0013 2000 0000 0000 0000#1626595390393309#-45.0#3.9392626632903265#9
0000 0014 2000 0000 0000 0000#1626595390394390#-48.5#3.6263305825616556#9
0000 0015 2000 0000 0000 0000#1626595390395484#-65.5#3.834951969714103#9
0000 001B 2000 0000 0000 0000#1626595390398173#-45.5#4.227651051412827#9
0000 001D 2000 0000 0000 0000#1626595390399251#-59.0#3.411573272257666#9
0000 0012 2000 0000 0000 0000#1626595390400609#-50.5#5.859806609723149#9
3008 33B2 DDD9 0140 2018 0626#1626595390403052#-62.5#6.19728238305799#9
0000 0015 2000 0000 0000 0000#1626595390670394#-66.0#2.742757648739526#9
0000 0014 2000 0000 0000 0000#1626595390672085#-60.5#2.5341362615870793#9
0000 0016 2000 0000 0000 0000#1626595390673107#-36.0#3.3440781175906977#9
0000 0013 2000 0000 0000 0000#1626595390674187#-51.5#3.172272269347506#9
0000 0012 2000 0000 0000 0000#1626595390675462#-42.5#3.104777114680538#9
0000 0011 2000 0000 0000 0000#1626595390676764#-47.0#5.019185137961818#9
0000 001B 2000 0000 0000 0000#1626595390677788#-46.5#3.0372819600135696#9
0000 000F 2000 0000 0000 0000#1626595390679123#-37.5#1.8162332528565992#9
0000 0018 2000 0000 0000 0000#1626595390680155#-42.0#1.337631247036279#9
0000 0017 2000 0000 0000 0000#1626595390681699#-32.0#1.945087639038993#9
0000 001A 2000 0000 0000 0000#1626595390683032#-42.0#3.3379421944391554#9
0000 0019 2000 0000 0000 0000#1626595390685439#-50.0#5.829126993965437#9
0000 0010 2000 0000 0000 0000#1626595390687142#-45.5#0.8099418560036186#9
0000 001C 2000 0000 0000 0000#1626595390688242#-59.5#2.742757648739526#9
0000 0010 2000 0000 0000 0000#1626595390692530#-46.0#0.7915340865489908#9
0000 0016 2000 0000 0000 0000#1626595390693609#-36.5#3.3195344249845276#9
0000 0012 2000 0000 0000 0000#1626595390694797#-41.0#3.031146036862027#9
0000 0017 2000 0000 0000 0000#1626595390695860#-32.5#1.9082721001297376#9
0000 001A 2000 0000 0000 0000#1626595390697768#-40.0#3.2765829629237295#9
0000 0019 2000 0000 0000 0000#1626595390699030#-50.0#5.706408530934585#9
0000 0015 2000 0000 0000 0000#1626595390701051#-63.0#2.141437179888355#9
0000 001C 2000 0000 0000 0000#1626595390704077#-60.0#2.60776733940559#9
0000 0018 2000 0000 0000 0000#1626595390705461#-41.0#1.2640001692177683#9
0000 001B 2000 0000 0000 0000#1626595390707523#-48.0#3.0250101137104846#9
0000 0011 2000 0000 0000 0000#1626595390708841#-46.5#4.6878452877785195#9
0000 000F 2000 0000 0000 0000#1626595390709904#-38.5#1.7426021750380885#9
0000 0013 2000 0000 0000 0000#1626595390711813#-53.5#3.117048960983623#9
0000 0014 2000 0000 0000 0000#1626595390715404#-62.0#1.9512235621905356#9
0000 0011 2000 0000 0000 0000#1626595390979729#-42.0#2.9513790358919736#9
0000 0010 2000 0000 0000 0000#1626595390981140#-44.5#4.509903516383785#9
0000 001B 2000 0000 0000 0000#1626595390982221#-59.0#1.5462526341887264#9
0000 0013 2000 0000 0000 0000#1626595390983999#-57.5#0.7179030087304801#9
0000 0016 2000 0000 0000 0000#1626595390986059#-40.5#2.6200391857086753#9
0000 0015 2000 0000 0000 0000#1626595390987590#-56.0#0.1902136176978195#9
0000 0014 2000 0000 0000 0000#1626595390988898#-58.5#5.043728830567988#9
0000 0012 2000 0000 0000 0000#1626595390989931#-55.0#2.429825568010856#9
0000 0017 2000 0000 0000 0000#1626595390991507#-39.5#1.086058397823034#9
0000 001C 2000 0000 0000 0000#1626595390992595#-59.5#5.651185222570702#9
0000 001D 2000 0000 0000 0000#1626595390993655#-56.0#1.9819031779482483#9
0000 0018 2000 0000 0000 0000#1626595390997241#-49.0#5.5714182216006485#9
0000 001A 2000 0000 0000 0000#1626595390998286#-50.5#2.6139032625571326#9
0000 0019 2000 0000 0000 0000#1626595391000458#-43.5#3.32567034813607#9
0000 000F 2000 0000 0000 0000#1626595391002662#-46.5#0.5399612373357456#9
0000 0010 2000 0000 0000 0000#1626595391007470#-44.0#4.325825821837508#9
0000 0016 2000 0000 0000 0000#1626595391010334#-40.5#2.5709518004963345#9
0000 001D 2000 0000 0000 0000#1626595391011380#-56.0#1.9082721001297376#9
0000 0013 2000 0000 0000 0000#1626595391012520#-56.5#0.4111068511533518#9
0000 0017 2000 0000 0000 0000#1626595391014113#-40.0#0.9817477042468103#9
0000 0019 2000 0000 0000 0000#1626595391015376#-43.5#3.3011266555298997#9
0000 000F 2000 0000 0000 0000#1626595391016481#-46.5#0.46019423636569234#9
0000 0011 2000 0000 0000 0000#1626595391017596#-43.0#2.9391071895888885#9
0000 0014 2000 0000 0000 0000#1626595391018648#-58.5#4.798291904506286#9
0000 0018 2000 0000 0000 0000#1626595391020336#-48.5#5.332117218690489#9
0000 001B 2000 0000 0000 0000#1626595391021924#-59.0#1.1351457830353744#9
0000 001C 2000 0000 0000 0000#1626595391023212#-59.0#5.350524988145116#9
0000 001A 2000 0000 0000 0000#1626595391024227#-52.0#2.6139032625571326#9
0000 0015 2000 0000 0000 0000#1626595391026218#-56.5#6.22182607566416#9
0000 0012 2000 0000 0000 0000#1626595391027551#-56.0#2.2027964114037806#9
0000 0011 2000 0000 0000 0000#1626595391291978#-55.5#1.9082721001297376#9
0000 0018 2000 0000 0000 0000#1626595391293252#-48.0#3.3870295796514958#9
0000 0012 2000 0000 0000 0000#1626595391295372#-59.0#5.344389064993574#9
0000 001D 2000 0000 0000 0000#1626595391296421#-55.0#5.546874528994478#9
0000 0017 2000 0000 0000 0000#1626595391297483#-45.5#5.00077736850719#9
0000 000F 2000 0000 0000 0000#1626595391299288#-47.5#4.246058820867455#9
0000 001A 2000 0000 0000 0000#1626595391301588#-63.5#0.09203884727313846#9
0000 0013 2000 0000 0000 0000#1626595391302909#-57.5#3.877903431774901#9
0000 0019 2000 0000 0000 0000#1626595391304425#-54.5#2.497320722677824#9
0000 0010 2000 0000 0000 0000#1626595391306078#-47.0#2.8961557275280905#9
0000 001B 2000 0000 0000 0000#1626595391307313#-59.0#4.1601558967458585#9
0000 0016 2000 0000 0000 0000#1626595391308605#-48.0#1.3008157081270237#9
0000 0014 2000 0000 0000 0000#1626595391312197#-60.5#2.3746022596469727#9
0000 001C 2000 0000 0000 0000#1626595391313780#-59.5#3.129320807286708#9
0000 000F 2000 0000 0000 0000#1626595391318419#-48.0#4.1417481272912315#9
0000 0014 2000 0000 0000 0000#1626595391319732#-60.0#2.1905245651006955#9
0000 0010 2000 0000 0000 0000#1626595391322195#-47.5#2.8838838812250054#9
0000 001C 2000 0000 0000 0000#1626595391323309#-60.0#3.08636934522591#9
0000 001D 2000 0000 0000 0000#1626595391324438#-54.0#5.368932757599744#9
0000 0019 2000 0000 0000 0000#1626595391326288#-55.0#2.448233337465483#9
0000 0012 2000 0000 0000 0000#1626595391327564#-58.5#5.098952138931871#9
0000 0016 2000 0000 0000 0000#1626595391329433#-48.5#1.1965050145508#9
0000 001A 2000 0000 0000 0000#1626595391331217#-62.5#6.0991076126333095#9
0000 0017 2000 0000 0000 0000#1626595391332278#-46.0#4.76147636559703#9
0000 0011 2000 0000 0000 0000#1626595391333678#-55.0#1.6014759425526093#9
0000 0013 2000 0000 0000 0000#1626595391335016#-57.0#3.724505352986337#9
0000 0018 2000 0000 0000 0000#1626595391336146#-46.5#3.2949907323783574#9
0000 001B 2000 0000 0000 0000#1626595391338612#-58.5#4.0128937411088375#9
0000 0012 2000 0000 0000 0000#1626595391603191#-53.0#4.405592822807561#9
0000 000F 2000 0000 0000 0000#1626595391605017#-47.0#4.184699589352029#9
0000 0017 2000 0000 0000 0000#1626595391607031#-41.0#4.362641360746763#9
0000 0010 2000 0000 0000 0000#1626595391608305#-54.5#2.8716120349219203#9
0000 001B 2000 0000 0000 0000#1626595391609626#-55.5#3.706097583531709#9
0000 0019 2000 0000 0000 0000#1626595391610631#-60.5#1.5033011721279284#9
0000 0016 2000 0000 0000 0000#1626595391611695#-50.0#0.07363107781851078#9
0000 001C 2000 0000 0000 0000#1626595391612781#-60.0#2.5893595699509624#9
0000 001D 2000 0000 0000 0000#1626595391613813#-52.0#4.859651136021712#9
0000 0015 2000 0000 0000 0000#1626595391615335#-55.5#2.7857091108003242#9
0000 001A 2000 0000 0000 0000#1626595391616890#-55.0#4.583534594202296#9
0000 0018 2000 0000 0000 0000#1626595391619474#-52.0#3.6079228131070282#9
0000 0014 2000 0000 0000 0000#1626595391621166#-59.5#1.533980787885641#9
0000 0011 2000 0000 0000 0000#1626595391625017#-57.0#6.074563920027139#9
0000 0013 2000 0000 0000 0000#1626595391626068#-55.5#3.172272269347506#9
0000 0013 2000 0000 0000 0000#1626595391629563#-56.0#3.172272269347506#9
0000 0017 2000 0000 0000 0000#1626595391631933#-42.5#4.270602513473625#9
0000 000F 2000 0000 0000 0000#1626595391633788#-48.0#4.104932588381976#9
0000 0011 2000 0000 0000 0000#1626595391635104#-56.5#5.927301764390117#9
0000 0015 2000 0000 0000 0000#1626595391637178#-55.5#2.675262494072558#9
0000 0018 2000 0000 0000 0000#1626595391639978#-52.5#3.4913402732277192#9
0000 001A 2000 0000 0000 0000#1626595391641036#-54.5#4.424000592262189#9
0000 0012 2000 0000 0000 0000#1626595391642591#-52.5#4.172427743048944#9
0000 0016 2000 0000 0000 0000#1626595391644734#-49.5#6.166602767300278#9
0000 0019 2000 0000 0000 0000#1626595391645824#-60.0#1.141281706186917#9
0000 001B 2000 0000 0000 0000#1626595391646920#-55.0#3.472932503773092#9
0000 001D 2000 0000 0000 0000#1626595391648465#-52.0#4.675573441475434#9
0000 0010 2000 0000 0000 0000#1626595391649992#-55.0#2.5770877236478773#9
0000 0014 2000 0000 0000 0000#1626595391651780#-59.5#1.3499030933393643#9
0000 001C 2000 0000 0000 0000#1626595391652985#-60.0#2.2457478734645786#9
0000 001A 2000 0000 0000 0000#1626595391919458#-53.0#2.5832236467994196#9
0000 0019 2000 0000 0000 0000#1626595391920820#-56.5#4.565126824747668#9
0000 0017 2000 0000 0000 0000#1626595391923456#-47.0#3.074097498922825#9
0000 0016 2000 0000 0000 0000#1626595391924662#-49.0#4.884194828627882#9
0000 0015 2000 0000 0000 0000#1626595391925743#-58.0#1.8653206380689396#9
0000 0012 2000 0000 0000 0000#1626595391927031#-52.5#2.1966604882522383#9
0000 0011 2000 0000 0000 0000#1626595391928091#-52.5#3.724505352986337#9
0000 0013 2000 0000 0000 0000#1626595391929676#-56.5#0.7731263170943632#9
0000 0014 2000 0000 0000 0000#1626595391930846#-57.5#4.9823695990525625#9
0000 001D 2000 0000 0000 0000#1626595391932188#-53.0#2.6323110320117604#9
0000 001B 2000 0000 0000 0000#1626595391933255#-56.5#1.4051264017032472#9
0000 001C 2000 0000 0000 0000#1626595391934683#-61.0#5.638913376267617#9
0000 0010 2000 0000 0000 0000#1626595391935726#-55.0#6.037748381117884#9
0000 000F 2000 0000 0000 0000#1626595391937058#-53.0#2.411417798556228#9
0000 0018 2000 0000 0000 0000#1626595391938118#-55.0#1.0921943209745766#9
0000 0019 2000 0000 0000 0000#1626595391943683#-55.5#4.417864669110647#9
0000 000F 2000 0000 0000 0000#1626595391945502#-53.5#2.356194490192345#9
0000 0010 2000 0000 0000 0000#1626595391946868#-53.5#5.945709533844745#9
0000 001A 2000 0000 0000 0000#1626595391949371#-51.5#2.435961491162398#9
0000 0012 2000 0000 0000 0000#1626595391950400#-52.5#2.043262409463674#9
0000 0016 2000 0000 0000 0000#1626595391951738#-49.5#4.798291904506286#9
0000 0011 2000 0000 0000 0000#1626595391953084#-52.5#3.522019888985432#9
0000 001D 2000 0000 0000 0000#1626595391954358#-53.5#2.435961491162398#9
0000 0018 2000 0000 0000 0000#1626595391955559#-54.0#0.8958447801252144#9
0000 0015 2000 0000 0000 0000#1626595391957094#-57.0#1.7303303287350031#9
0000 001B 2000 0000 0000 0000#1626595391958142#-56.0#1.2701360923693108#9
0000 0014 2000 0000 0000 0000#1626595391959197#-58.0#4.651029748869264#9
0000 001C 2000 0000 0000 0000#1626595391960237#-60.5#5.313709449235861#9
0000 0017 2000 0000 0000 0000#1626595391961302#-47.5#2.890019804376548#9
0000 0013 2000 0000 0000 0000#1626595391962783#-56.0#0.5031456984264903#9
