0000 0019 2000 0000 0000 0000#1626595749790754#-47.5#0.1349903093339364#9
0000 001A 2000 0000 0000 0000#1626595749792029#-44.5#1.5462526341887264#9
0000 0017 2000 0000 0000 0000#1626595749793860#-33.5#3.2949907323783574#9
0000 001B 2000 0000 0000 0000#1626595749795210#-42.5#2.5709518004963345#9
0000 0018 2000 0000 0000 0000#1626595749796483#-44.0#4.706253057233147#9
0000 0010 2000 0000 0000 0000#1626595749797501#-45.5#5.295301679781233#9
0000 0011 2000 0000 0000 0000#1626595749798789#-47.0#0.7363107781851077#9
0000 001D 2000 0000 0000 0000#1626595749800796#-43.5#3.9085830475326135#9
0000 0013 2000 0000 0000 0000#1626595749803829#-44.0#2.9513790358919736#9
0000 000F 2000 0000 0000 0000#1626595749805432#-40.0#4.104932588381976#9
0000 0014 2000 0000 0000 0000#1626595749806757#-43.0#3.6079228131070282#9
0000 001C 2000 0000 0000 0000#1626595749809155#-42.0#3.4054373491061236#9
0000 0016 2000 0000 0000 0000#1626595749811060#-40.0#3.816544200259475#9
0000 0015 2000 0000 0000 0000#1626595749812467#-46.0#4.313553975534423#9
0000 0012 2000 0000 0000 0000#1626595749813758#-43.5#2.1782527187976104#9
0000 0015 2000 0000 0000 0000#1626595749818938#-46.0#4.301282129231338#9
0000 0019 2000 0000 0000 0000#1626595749820010#-47.0#0.32520392703175593#9
0000 001C 2000 0000 0000 0000#1626595749821057#-42.0#3.436116964863836#9
0000 0016 2000 0000 0000 0000#1626595749822067#-40.0#3.8288160465625602#9
0000 0017 2000 0000 0000 0000#1626595749823100#-33.5#3.3624858870453256#9
0000 0014 2000 0000 0000 0000#1626595749824944#-43.0#3.650874275167826#9
0000 001A 2000 0000 0000 0000#1626595749826245#-43.0#1.7241944055834606#9
0000 0010 2000 0000 0000 0000#1626595749828053#-46.0#5.50392306693368#9
0000 0018 2000 0000 0000 0000#1626595749831262#-44.0#4.859651136021712#9
0000 000F 2000 0000 0000 0000#1626595749832554#-40.0#4.2092432819582#9
0000 0012 2000 0000 0000 0000#1626595749835193#-43.5#2.2641556429192065#9
0000 0011 2000 0000 0000 0000#1626595749836611#-46.5#0.9694758579437253#9
0000 001D 2000 0000 0000 0000#1626595749837688#-42.5#4.0128937411088375#9
0000 001B 2000 0000 0000 0000#1626595749838981#-42.0#2.705942109830271#9
0000 0013 2000 0000 0000 0000#1626595749840533#-44.0#3.0802334220743677#9
0000 0011 2000 0000 0000 0000#1626595750107790#-43.0#1.6444274046134073#9
0000 0015 2000 0000 0000 0000#1626595750109342#-45.5#4.28287435977671#9
0000 0018 2000 0000 0000 0000#1626595750110402#-45.0#5.743224069843841#9
0000 0010 2000 0000 0000 0000#1626595750112044#-44.5#0.3129320807286708#9
0000 0014 2000 0000 0000 0000#1626595750113795#-42.0#3.6876898140770815#9
0000 001A 2000 0000 0000 0000#1626595750114814#-39.5#2.1230294104337273#9
0000 0013 2000 0000 0000 0000#1626595750116805#-42.0#3.1906800388021335#9
0000 0012 2000 0000 0000 0000#1626595750118111#-40.0#2.5157284921324514#9
0000 0017 2000 0000 0000 0000#1626595750119674#-34.5#3.9208548938356986#9
0000 0019 2000 0000 0000 0000#1626595750121220#-44.5#1.4542137869155878#9
0000 0016 2000 0000 0000 0000#1626595750122313#-38.0#4.154019973594316#9
0000 000F 2000 0000 0000 0000#1626595750133216#-40.5#5.129631754689584#9
0000 001B 2000 0000 0000 0000#1626595750137944#-40.5#3.1231848841351653#9
0000 001D 2000 0000 0000 0000#1626595750141487#-42.0#4.2031073588066565#9
0000 001C 2000 0000 0000 0000#1626595750143044#-40.5#3.785864584501762#9
0000 0014 2000 0000 0000 0000#1626595750148089#-42.0#3.9760782021995817#9
0000 0017 2000 0000 0000 0000#1626595750149718#-33.5#4.270602513473625#9
0000 0013 2000 0000 0000 0000#1626595750150783#-41.0#3.479068426924634#9
0000 0019 2000 0000 0000 0000#1626595750151905#-43.5#1.748738098189631#9
0000 0012 2000 0000 0000 0000#1626595750153394#-39.5#2.773437264497239#9
0000 0010 2000 0000 0000 0000#1626595750154943#-46.0#0.7363107781851077#9
0000 001C 2000 0000 0000 0000#1626595750156488#-40.5#3.8288160465625602#9
0000 0016 2000 0000 0000 0000#1626595750157580#-38.0#4.466952054322987#9
0000 0018 2000 0000 0000 0000#1626595750159473#-45.5#6.1850105367549055#9
0000 001A 2000 0000 0000 0000#1626595750160648#-39.0#2.429825568010856#9
0000 001B 2000 0000 0000 0000#1626595750161726#-40.0#3.184544115650591#9
0000 000F 2000 0000 0000 0000#1626595750162792#-41.0#5.2768939103266055#9
0000 001D 2000 0000 0000 0000#1626595750163851#-42.0#4.25833066717054#9
0000 0011 2000 0000 0000 0000#1626595750165283#-41.5#1.9941750242513334#9
0000 0015 2000 0000 0000 0000#1626595750166505#-46.0#4.589670517353839#9
0000 0016 2000 0000 0000 0000#1626595750430265#-38.5#0.01227184630308513#9
0000 001A 2000 0000 0000 0000#1626595750432665#-37.5#3.890175278077986#9
0000 001D 2000 0000 0000 0000#1626595750434099#-41.5#5.411884219660542#9
0000 0012 2000 0000 0000 0000#1626595750435409#-37.5#4.246058820867455#9
0000 0017 2000 0000 0000 0000#1626595750437256#-33.5#0.07976700097005335#9
0000 0013 2000 0000 0000 0000#1626595750438353#-40.0#4.847379289718626#9
0000 000F 2000 0000 0000 0000#1626595750440495#-39.0#1.1044661672776617#9
0000 0011 2000 0000 0000 0000#1626595750442340#-38.5#3.472932503773092#9
0000 0010 2000 0000 0000 0000#1626595750443994#-40.0#2.5770877236478773#9
0000 0015 2000 0000 0000 0000#1626595750445350#-45.0#5.706408530934585#9
0000 001B 2000 0000 0000 0000#1626595750447038#-38.0#4.608078286808466#9
0000 0014 2000 0000 0000 0000#1626595750448624#-40.5#5.264622064023521#9
0000 001C 2000 0000 0000 0000#1626595750449838#-38.5#5.141903600992669#9
0000 0019 2000 0000 0000 0000#1626595750450898#-40.0#3.368621810196868#9
0000 0018 2000 0000 0000 0000#1626595750452064#-41.5#1.9634954084936207#9
0000 001D 2000 0000 0000 0000#1626595750456826#-41.0#5.473243451175968#9
0000 0011 2000 0000 0000 0000#1626595750458295#-37.5#3.509748042682347#9
0000 0013 2000 0000 0000 0000#1626595750460233#-39.5#4.902602598082509#9
0000 0012 2000 0000 0000 0000#1626595750461861#-36.5#4.301282129231338#9
0000 0010 2000 0000 0000 0000#1626595750463006#-39.5#2.6323110320117604#9
0000 0014 2000 0000 0000 0000#1626595750464059#-40.5#5.289165756629691#9
0000 0017 2000 0000 0000 0000#1626595750466278#-33.0#0.21475731030398976#9
0000 000F 2000 0000 0000 0000#1626595750467383#-39.0#1.214912784005428#9
0000 001A 2000 0000 0000 0000#1626595750468561#-37.0#3.9515345095934116#9
0000 001B 2000 0000 0000 0000#1626595750469884#-38.0#4.651029748869264#9
0000 001C 2000 0000 0000 0000#1626595750471212#-38.5#5.1725832167503825#9
0000 0019 2000 0000 0000 0000#1626595750472275#-40.0#3.4177091954092087#9
0000 0016 2000 0000 0000 0000#1626595750473596#-38.5#0.1902136176978195#9
0000 0018 2000 0000 0000 0000#1626595750474837#-40.0#2.0493983326152168#9
0000 0015 2000 0000 0000 0000#1626595750476386#-44.5#5.730952223540755#9
0000 001C 2000 0000 0000 0000#1626595750740247#-38.0#4.97623367590102#9
0000 0015 2000 0000 0000 0000#1626595750742030#-44.5#5.368932757599744#9
0000 0013 2000 0000 0000 0000#1626595750745636#-39.0#4.767612288748572#9
0000 001B 2000 0000 0000 0000#1626595750746703#-37.0#4.509903516383785#9
0000 000F 2000 0000 0000 0000#1626595750749130#-36.5#1.6321555583103222#9
0000 0019 2000 0000 0000 0000#1626595750750210#-37.5#3.3379421944391554#9
0000 0014 2000 0000 0000 0000#1626595750751619#-39.5#5.074408446325701#9
0000 0016 2000 0000 0000 0000#1626595750752954#-37.5#0.7485826244881929#9
0000 001A 2000 0000 0000 0000#1626595750754029#-35.5#3.847223816017188#9
0000 0017 2000 0000 0000 0000#1626595750755303#-31.0#0.7853981633974483#9
0000 0012 2000 0000 0000 0000#1626595750757121#-36.5#4.227651051412827#9
0000 0011 2000 0000 0000 0000#1626595750758169#-36.5#3.448388811166921#9
0000 0018 2000 0000 0000 0000#1626595750759229#-38.5#2.2641556429192065#9
0000 001D 2000 0000 0000 0000#1626595750760306#-40.5#5.178719139901925#9
0000 0010 2000 0000 0000 0000#1626595750763900#-37.5#2.7120780329818137#9
0000 0019 2000 0000 0000 0000#1626595750767902#-37.5#3.356349963893783#9
0000 0011 2000 0000 0000 0000#1626595750768992#-36.0#3.4606606574700063#9
0000 0015 2000 0000 0000 0000#1626595750770796#-44.5#5.393476450205914#9
0000 0013 2000 0000 0000 0000#1626595750772391#-38.5#4.798291904506286#9
0000 001A 2000 0000 0000 0000#1626595750775324#-36.0#3.8840393549264434#9
0000 0017 2000 0000 0000 0000#1626595750776873#-31.0#0.859029241215959#9
0000 0010 2000 0000 0000 0000#1626595750778130#-37.0#2.742757648739526#9
0000 0016 2000 0000 0000 0000#1626595750780587#-37.0#0.859029241215959#9
0000 001B 2000 0000 0000 0000#1626595750781923#-37.0#4.558990901596125#9
0000 000F 2000 0000 0000 0000#1626595750783229#-35.5#1.736466251886546#9
0000 0012 2000 0000 0000 0000#1626595750784247#-36.5#4.264466590322082#9
0000 001D 2000 0000 0000 0000#1626595750785432#-39.0#5.203262832508095#9
0000 0018 2000 0000 0000 0000#1626595750787301#-36.5#2.356194490192345#9
0000 0014 2000 0000 0000 0000#1626595750791259#-39.5#5.129631754689584#9
0000 001C 2000 0000 0000 0000#1626595750792375#-37.5#5.031456984264903#9
0000 0011 2000 0000 0000 0000#1626595751056333#-33.5#4.1601558967458585#9
0000 0015 2000 0000 0000 0000#1626595751057412#-44.0#5.706408530934585#9
0000 001B 2000 0000 0000 0000#1626595751059227#-36.0#5.166447293598839#9
0000 0018 2000 0000 0000 0000#1626595751060868#-34.0#3.098641191528995#9
0000 0016 2000 0000 0000 0000#1626595751063080#-34.0#2.110757564130642#9
0000 0012 2000 0000 0000 0000#1626595751064114#-35.5#4.933282213840222#9
0000 001C 2000 0000 0000 0000#1626595751065639#-38.0#5.534602682691394#9
0000 001A 2000 0000 0000 0000#1626595751067523#-33.5#4.601942363656923#9
0000 0010 2000 0000 0000 0000#1626595751068654#-33.5#3.466796580621549#9
0000 0017 2000 0000 0000 0000#1626595751070293#-26.0#2.018718716857504#9
0000 0014 2000 0000 0000 0000#1626595751071635#-39.5#5.620505606812989#9
0000 001D 2000 0000 0000 0000#1626595751075967#-39.0#5.583690067903734#9
0000 0019 2000 0000 0000 0000#1626595751077245#-36.0#4.0558452031696355#9
0000 0013 2000 0000 0000 0000#1626595751078356#-38.5#5.43029198911517#9
0000 000F 2000 0000 0000 0000#1626595751079603#-32.0#2.6445828783148455#9
0000 001C 2000 0000 0000 0000#1626595751085901#-37.5#5.565282298449106#9
0000 0010 2000 0000 0000 0000#1626595751087017#-33.5#3.497476196379262#9
0000 001A 2000 0000 0000 0000#1626595751088366#-35.0#4.626486056263094#9
0000 0013 2000 0000 0000 0000#1626595751089901#-38.5#5.448699758569798#9
0000 000F 2000 0000 0000 0000#1626595751091663#-32.0#2.6813984172241008#9
0000 0012 2000 0000 0000 0000#1626595751094028#-35.5#4.97623367590102#9
0000 001B 2000 0000 0000 0000#1626595751095835#-36.0#5.21553467881118#9
0000 0016 2000 0000 0000 0000#1626595751097698#-34.0#2.2334760271614935#9
0000 001D 2000 0000 0000 0000#1626595751098760#-41.0#5.602097837358362#9
0000 0015 2000 0000 0000 0000#1626595751099824#-44.0#5.712544454086128#9
0000 0014 2000 0000 0000 0000#1626595751101103#-39.5#5.626641529964532#9
0000 0017 2000 0000 0000 0000#1626595751102393#-27.0#2.12916533358527#9
0000 0018 2000 0000 0000 0000#1626595751104172#-34.5#3.184544115650591#9
0000 0019 2000 0000 0000 0000#1626595751105235#-35.5#4.111068511533518#9
0000 0011 2000 0000 0000 0000#1626595751106267#-35.0#4.239922897715912#9
0000 000F 2000 0000 0000 0000#1626595751372212#-31.0#2.9391071895888885#9
0000 0016 2000 0000 0000 0000#1626595751373604#-32.5#2.779573187648782#9
0000 0010 2000 0000 0000 0000#1626595751374880#-34.5#3.6201946594101133#9
0000 0012 2000 0000 0000 0000#1626595751376123#-37.0#4.994641445355648#9
0000 0017 2000 0000 0000 0000#1626595751377216#-26.0#2.4911847995262812#9
0000 001A 2000 0000 0000 0000#1626595751378292#-36.0#4.669437518323892#9
0000 0019 2000 0000 0000 0000#1626595751379582#-36.0#4.178563666200486#9
0000 0015 2000 0000 0000 0000#1626595751380660#-46.0#5.252350217720435#9
0000 001C 2000 0000 0000 0000#1626595751381973#-39.5#5.375068680751287#9
0000 0011 2000 0000 0000 0000#1626595751383289#-36.0#4.295146206079795#9
0000 0018 2000 0000 0000 0000#1626595751385044#-34.0#3.3440781175906977#9
0000 001D 2000 0000 0000 0000#1626595751387023#-42.0#5.227806525114265#9
0000 001B 2000 0000 0000 0000#1626595751388594#-37.0#5.160311370447297#9
0000 0014 2000 0000 0000 0000#1626595751389733#-41.0#5.3627968344482015#9
0000 0013 2000 0000 0000 0000#1626595751390801#-40.0#5.344389064993574#9
0000 001B 2000 0000 0000 0000#1626595751395307#-37.0#5.135767677841127#9
0000 0012 2000 0000 0000 0000#1626595751396925#-37.0#5.006913291658733#9
0000 0018 2000 0000 0000 0000#1626595751398001#-33.5#3.3624858870453256#9
0000 001D 2000 0000 0000 0000#1626595751399545#-42.5#5.209398755659637#9
0000 0019 2000 0000 0000 0000#1626595751400864#-36.5#4.196971435655114#9
0000 000F 2000 0000 0000 0000#1626595751402185#-31.5#3.000466421104314#9
0000 001C 2000 0000 0000 0000#1626595751403242#-39.5#5.350524988145116#9
0000 0016 2000 0000 0000 0000#1626595751404335#-32.5#2.859340188618835#9
0000 0011 2000 0000 0000 0000#1626595751405880#-35.5#4.325825821837508#9
0000 001A 2000 0000 0000 0000#1626595751406941#-36.0#4.693981210930062#9
0000 0017 2000 0000 0000 0000#1626595751407945#-26.0#2.5770877236478773#9
0000 0010 2000 0000 0000 0000#1626595751410291#-33.0#3.6692820446224537#9
0000 0013 2000 0000 0000 0000#1626595751411390#-39.5#5.350524988145116#9
0000 0014 2000 0000 0000 0000#1626595751412430#-41.5#5.356660911296659#9
0000 0015 2000 0000 0000 0000#1626595751413549#-46.0#5.209398755659637#9
0000 0019 2000 0000 0000 0000#1626595751678361#-36.5#5.148039524144211#9
0000 0017 2000 0000 0000 0000#1626595751679651#-26.5#4.006757817957295#9
0000 000F 2000 0000 0000 0000#1626595751680987#-30.5#4.374913207049849#9
0000 0011 2000 0000 0000 0000#1626595751683043#-36.0#5.1725832167503825#9
0000 0010 2000 0000 0000 0000#1626595751684574#-34.5#4.779884135051658#9
0000 001C 2000 0000 0000 0000#1626595751685918#-40.5#5.798447378207723#9
0000 0018 2000 0000 0000 0000#1626595751687434#-33.5#4.577398671050753#9
0000 0016 2000 0000 0000 0000#1626595751688698#-31.5#4.454680208019902#9
0000 001B 2000 0000 0000 0000#1626595751690502#-39.0#5.700272607783043#9
0000 001A 2000 0000 0000 0000#1626595751692049#-37.0#5.387340527054372#9
0000 0014 2000 0000 0000 0000#1626595751695229#-42.5#5.743224069843841#9
0000 0012 2000 0000 0000 0000#1626595751696661#-38.5#5.6573211457222445#9
0000 0015 2000 0000 0000 0000#1626595751697956#-48.0#5.485515297479052#9
0000 001D 2000 0000 0000 0000#1626595751698960#-44.5#5.460971604872882#9
0000 0013 2000 0000 0000 0000#1626595751700056#-41.0#5.8659425328746915#9
0000 0013 2000 0000 0000 0000#1626595751707280#-41.5#5.872078456026235#9
0000 0018 2000 0000 0000 0000#1626595751708640#-33.5#4.608078286808466#9
0000 0016 2000 0000 0000 0000#1626595751709706#-31.5#4.509903516383785#9
0000 0019 2000 0000 0000 0000#1626595751710812#-36.5#5.166447293598839#9
0000 0012 2000 0000 0000 0000#1626595751711831#-38.5#5.632777453116074#9
0000 0011 2000 0000 0000 0000#1626595751712974#-35.0#5.148039524144211#9
0000 000F 2000 0000 0000 0000#1626595751714079#-30.5#4.411728745959104#9
0000 001C 2000 0000 0000 0000#1626595751715167#-41.0#5.7616318392984684#9
0000 0017 2000 0000 0000 0000#1626595751716926#-26.0#4.061981126321178#9
0000 0010 2000 0000 0000 0000#1626595751718213#-34.5#4.798291904506286#9
0000 001D 2000 0000 0000 0000#1626595751720501#-44.5#5.460971604872882#9
0000 001A 2000 0000 0000 0000#1626595751722060#-37.0#5.350524988145116#9
0000 0014 2000 0000 0000 0000#1626595751723867#-42.5#5.700272607783043#9
0000 0015 2000 0000 0000 0000#1626595751726912#-48.0#5.43029198911517#9
0000 001B 2000 0000 0000 0000#1626595751727961#-39.0#5.651185222570702#9
0000 001C 2000 0000 0000 0000#1626595751993131#-43.0#4.884194828627882#9
0000 000F 2000 0000 0000 0000#1626595751995250#-31.0#4.1172044346850605#9
0000 0012 2000 0000 0000 0000#1626595751996297#-39.5#4.847379289718626#9
0000 0015 2000 0000 0000 0000#1626595751997875#-50.0#4.454680208019902#9
0000 0014 2000 0000 0000 0000#1626595751998912#-45.0#4.7860200582032#9
0000 0011 2000 0000 0000 0000#1626595751999961#-36.5#4.516039439535327#9
0000 0017 2000 0000 0000 0000#1626595752001009#-27.0#3.822680123411018#9
0000 0010 2000 0000 0000 0000#1626595752002165#-33.0#4.3503695144436785#9
0000 001B 2000 0000 0000 0000#1626595752004488#-40.5#4.822835597112456#9
0000 0016 2000 0000 0000 0000#1626595752006205#-32.0#4.387185053352934#9
0000 0018 2000 0000 0000 0000#1626595752007333#-32.0#4.239922897715912#9
0000 0019 2000 0000 0000 0000#1626595752010065#-37.0#4.589670517353839#9
0000 001A 2000 0000 0000 0000#1626595752011255#-37.5#4.601942363656923#9
0000 001D 2000 0000 0000 0000#1626595752013268#-46.5#4.3933209765044765#9
0000 0013 2000 0000 0000 0000#1626595752014664#-43.0#4.945554060143307#9
0000 001A 2000 0000 0000 0000#1626595752018627#-38.0#4.595806440505381#9
0000 001C 2000 0000 0000 0000#1626595752021023#-43.0#4.816699673960914#9
0000 0014 2000 0000 0000 0000#1626595752022578#-45.5#4.743068596142402#9
0000 000F 2000 0000 0000 0000#1626595752023674#-31.0#4.129476280988146#9
0000 0017 2000 0000 0000 0000#1626595752024720#-27.0#3.834951969714103#9
0000 0019 2000 0000 0000 0000#1626595752025798#-37.0#4.577398671050753#9
0000 0010 2000 0000 0000 0000#1626595752026953#-32.5#4.344233591292136#9
0000 0018 2000 0000 0000 0000#1626595752028111#-32.0#4.246058820867455#9
0000 0012 2000 0000 0000 0000#1626595752029838#-39.5#4.779884135051658#9
0000 001B 2000 0000 0000 0000#1626595752031147#-41.0#4.779884135051658#9
0000 0015 2000 0000 0000 0000#1626595752032582#-50.5#4.3503695144436785#9
0000 0011 2000 0000 0000 0000#1626595752033643#-36.5#4.485359823777615#9
0000 001D 2000 0000 0000 0000#1626595752034961#-47.0#4.362641360746763#9
0000 0013 2000 0000 0000 0000#1626595752035968#-43.0#4.92714629068868#9
0000 0016 2000 0000 0000 0000#1626595752037094#-32.0#4.4362724385652745#9
0000 000F 2000 0000 0000 0000#1626595752301702#-30.0#4.3933209765044765#9
0000 0017 2000 0000 0000 0000#1626595752304462#-24.5#4.227651051412827#9
0000 001C 2000 0000 0000 0000#1626595752306129#-45.0#4.430136515413731#9
0000 0016 2000 0000 0000 0000#1626595752307436#-31.5#4.871922982324796#9
0000 0015 2000 0000 0000 0000#1626595752308461#-54.0#3.9453985864418692#9
0000 001D 2000 0000 0000 0000#1626595752309763#-50.5#3.9085830475326135#9
0000 0012 2000 0000 0000 0000#1626595752310825#-40.5#4.473087977474529#9
0000 001B 2000 0000 0000 0000#1626595752311959#-42.0#4.466952054322987#9
0000 0014 2000 0000 0000 0000#1626595752313086#-47.5#4.331961744989051#9
0000 0010 2000 0000 0000 0000#1626595752314745#-32.0#4.405592822807561#9
0000 0018 2000 0000 0000 0000#1626595752317303#-31.0#4.411728745959104#9
0000 0019 2000 0000 0000 0000#1626595752319775#-36.5#4.473087977474529#9
0000 0011 2000 0000 0000 0000#1626595752322167#-35.0#4.325825821837508#9
0000 001A 2000 0000 0000 0000#1626595752323268#-37.0#4.276738436625168#9
0000 0013 2000 0000 0000 0000#1626595752325205#-45.0#4.558990901596125#9
0000 0015 2000 0000 0000 0000#1626595752329007#-54.0#3.847223816017188#9
0000 001B 2000 0000 0000 0000#1626595752331170#-42.0#4.430136515413731#9
0000 0010 2000 0000 0000 0000#1626595752332217#-33.5#4.387185053352934#9
0000 0013 2000 0000 0000 0000#1626595752333285#-45.0#4.528311285838413#9
0000 001D 2000 0000 0000 0000#1626595752334288#-50.5#3.792000507653305#9
0000 001C 2000 0000 0000 0000#1626595752335359#-45.5#4.368777283898306#9
0000 0016 2000 0000 0000 0000#1626595752336366#-31.5#4.902602598082509#9
0000 0019 2000 0000 0000 0000#1626595752338861#-36.5#4.442408361716817#9
0000 0017 2000 0000 0000 0000#1626595752339976#-24.5#4.227651051412827#9
0000 0018 2000 0000 0000 0000#1626595752341120#-31.0#4.405592822807561#9
0000 000F 2000 0000 0000 0000#1626595752342195#-30.0#4.3933209765044765#9
0000 0011 2000 0000 0000 0000#1626595752343372#-36.0#4.276738436625168#9
0000 001A 2000 0000 0000 0000#1626595752344391#-38.5#4.227651051412827#9
0000 0014 2000 0000 0000 0000#1626595752346451#-47.5#4.239922897715912#9
0000 0012 2000 0000 0000 0000#1626595752347857#-40.5#4.405592822807561#9
0000 0016 2000 0000 0000 0000#1626595752611931#-31.5#4.657165672020807#9
0000 0015 2000 0000 0000 0000#1626595752614047#-58.5#2.1966604882522383#9
0000 000F 2000 0000 0000 0000#1626595752615338#-30.5#3.933126740138784#9
0000 001B 2000 0000 0000 0000#1626595752616888#-44.5#3.3502140407422405#9
0000 0019 2000 0000 0000 0000#1626595752618492#-37.0#3.6140587362585705#9
0000 0013 2000 0000 0000 0000#1626595752619529#-48.5#3.4177091954092087#9
0000 0012 2000 0000 0000 0000#1626595752620591#-42.5#3.399301425954581#9
0000 0017 2000 0000 0000 0000#1626595752621681#-26.0#3.822680123411018#9
0000 0011 2000 0000 0000 0000#1626595752623255#-37.0#3.380893656499953#9
0000 001D 2000 0000 0000 0000#1626595752624736#-55.0#2.399145952253143#9
0000 001C 2000 0000 0000 0000#1626595752626035#-50.0#3.160000423044421#9
0000 0018 2000 0000 0000 0000#1626595752627446#-31.5#3.792000507653305#9
0000 0010 2000 0000 0000 0000#1626595752628495#-33.5#3.6754179677739964#9
0000 001A 2000 0000 0000 0000#1626595752629570#-40.0#3.1906800388021335#9
0000 0014 2000 0000 0000 0000#1626595752631998#-52.0#2.9759227284981438#9
0000 001C 2000 0000 0000 0000#1626595752636548#-50.0#3.117048960983623#9
0000 0015 2000 0000 0000 0000#1626595752637573#-58.5#2.067806102069844#9
0000 0014 2000 0000 0000 0000#1626595752639840#-52.0#2.9513790358919736#9
0000 0018 2000 0000 0000 0000#1626595752641127#-32.5#3.773592738198677#9
0000 001A 2000 0000 0000 0000#1626595752642413#-40.5#3.160000423044421#9
0000 0019 2000 0000 0000 0000#1626595752643692#-37.0#3.552699504743145#9
0000 0011 2000 0000 0000 0000#1626595752644996#-37.0#3.3379421944391554#9
0000 000F 2000 0000 0000 0000#1626595752646302#-30.5#3.9147189706841563#9
0000 0017 2000 0000 0000 0000#1626595752647320#-26.0#3.8288160465625602#9
0000 0016 2000 0000 0000 0000#1626595752649578#-31.5#4.663301595172349#9
0000 0013 2000 0000 0000 0000#1626595752650814#-48.5#3.32567034813607#9
0000 0010 2000 0000 0000 0000#1626595752651925#-32.5#3.6386024288647407#9
0000 001D 2000 0000 0000 0000#1626595752653216#-55.5#2.2518837966161214#9
0000 0012 2000 0000 0000 0000#1626595752656485#-42.5#3.2949907323783574#9
0000 001B 2000 0000 0000 0000#1626595752657508#-45.5#3.2581751934691017#9
0000 000F 2000 0000 0000 0000#1626595752923761#-30.0#4.424000592262189#9
0000 0019 2000 0000 0000 0000#1626595752925036#-37.5#3.736777199289422#9
0000 0018 2000 0000 0000 0000#1626595752926406#-31.5#4.196971435655114#9
0000 0014 2000 0000 0000 0000#1626595752927487#-54.0#2.0923497946760143#9
0000 0010 2000 0000 0000 0000#1626595752929301#-34.5#3.9822141253511245#9
0000 0013 2000 0000 0000 0000#1626595752930594#-51.0#2.8409324191642074#9
0000 001A 2000 0000 0000 0000#1626595752931867#-41.5#3.11091303783208#9
0000 0016 2000 0000 0000 0000#1626595752934139#-31.0#5.332117218690489#9
0000 0015 2000 0000 0000 0000#1626595752935433#-54.0#0.760854470791278#9
0000 0017 2000 0000 0000 0000#1626595752936951#-25.5#4.430136515413731#9
0000 001D 2000 0000 0000 0000#1626595752937983#-56.0#1.1903690913992575#9
0000 0011 2000 0000 0000 0000#1626595752940189#-37.5#3.423845118560751#9
0000 001C 2000 0000 0000 0000#1626595752943179#-53.0#2.3071071049800045#9
0000 001B 2000 0000 0000 0000#1626595752944875#-47.5#2.9084275738311756#9
0000 0012 2000 0000 0000 0000#1626595752946402#-44.5#3.147728576741336#9
0000 0018 2000 0000 0000 0000#1626595752950857#-31.0#4.154019973594316#9
0000 0019 2000 0000 0000 0000#1626595752952661#-37.5#3.6570101983193686#9
0000 000F 2000 0000 0000 0000#1626595752953754#-29.5#4.374913207049849#9
0000 001C 2000 0000 0000 0000#1626595752954826#-52.5#2.2027964114037806#9
0000 0013 2000 0000 0000 0000#1626595752955919#-50.5#2.705942109830271#9
0000 001A 2000 0000 0000 0000#1626595752957235#-41.5#3.0127382674073995#9
0000 0010 2000 0000 0000 0000#1626595752958605#-33.0#3.933126740138784#9
0000 0011 2000 0000 0000 0000#1626595752960179#-37.5#3.380893656499953#9
0000 001D 2000 0000 0000 0000#1626595752961510#-55.5#1.0676506283684062#9
0000 001B 2000 0000 0000 0000#1626595752963755#-47.5#2.816388726558037#9
0000 0017 2000 0000 0000 0000#1626595752965256#-25.5#4.399456899656019#9
0000 0014 2000 0000 0000 0000#1626595752968612#-54.0#1.8653206380689396#9
0000 0015 2000 0000 0000 0000#1626595752969706#-50.5#0.4540583132141498#9
0000 0016 2000 0000 0000 0000#1626595752971570#-31.0#5.313709449235861#9
0000 0012 2000 0000 0000 0000#1626595752973100#-45.0#3.031146036862027#9
0000 000F 2000 0000 0000 0000#1626595753238096#-32.5#3.2520392703175593#9
0000 001C 2000 0000 0000 0000#1626595753239181#-50.5#5.626641529964532#9
0000 0010 2000 0000 0000 0000#1626595753242130#-34.5#2.6139032625571326#9
0000 0016 2000 0000 0000 0000#1626595753243339#-32.5#4.4976316700806995#9
0000 001A 2000 0000 0000 0000#1626595753244383#-44.0#1.4971652489763858#9
0000 0019 2000 0000 0000 0000#1626595753245435#-40.0#2.2518837966161214#9
0000 0017 2000 0000 0000 0000#1626595753246496#-27.5#3.3379421944391554#9
0000 0018 2000 0000 0000 0000#1626595753248306#-34.5#2.8654761117703775#9
0000 0014 2000 0000 0000 0000#1626595753250434#-46.5#5.111223985234957#9
0000 0011 2000 0000 0000 0000#1626595753251812#-38.5#1.9205439464328227#9
0000 0012 2000 0000 0000 0000#1626595753252887#-47.0#1.3867186322486196#9
0000 001B 2000 0000 0000 0000#1626595753254206#-51.0#0.8958447801252144#9
0000 0015 2000 0000 0000 0000#1626595753257897#-46.0#4.417864669110647#9
0000 001D 2000 0000 0000 0000#1626595753259348#-43.0#4.190835512503572#9
0000 0013 2000 0000 0000 0000#1626595753261568#-53.0#0.4172427743048944#9
0000 0011 2000 0000 0000 0000#1626595753266018#-38.5#1.8775924843720249#9
0000 0010 2000 0000 0000 0000#1626595753267774#-34.5#2.5402721847386216#9
0000 000F 2000 0000 0000 0000#1626595753268808#-33.0#3.1661363461959633#9
0000 0013 2000 0000 0000 0000#1626595753270403#-53.0#0.32520392703175593#9
0000 0014 2000 0000 0000 0000#1626595753271498#-45.5#4.902602598082509#9
0000 001C 2000 0000 0000 0000#1626595753272555#-48.0#5.221670601962723#9
0000 001A 2000 0000 0000 0000#1626595753274099#-44.0#1.380582709097077#9
0000 0017 2000 0000 0000 0000#1626595753275415#-27.5#3.2643111166206444#9
0000 0019 2000 0000 0000 0000#1626595753276493#-40.0#2.1659808724945253#9
0000 0018 2000 0000 0000 0000#1626595753279602#-33.5#2.7857091108003242#9
0000 0016 2000 0000 0000 0000#1626595753280914#-33.0#4.442408361716817#9
0000 0015 2000 0000 0000 0000#1626595753283901#-47.5#4.3503695144436785#9
0000 0012 2000 0000 0000 0000#1626595753285625#-47.0#1.239456476611598#9
0000 001D 2000 0000 0000 0000#1626595753286899#-43.0#4.1172044346850605#9
0000 001B 2000 0000 0000 0000#1626595753288306#-51.5#0.6810874698212247#9
0000 0015 2000 0000 0000 0000#1626595753551089#-60.5#3.7551849687440497#9
0000 0016 2000 0000 0000 0000#1626595753552651#-35.0#4.074252972624263#9
0000 0011 2000 0000 0000 0000#1626595753555058#-43.5#1.0062913968529805#9
0000 000F 2000 0000 0000 0000#1626595753557253#-34.0#2.5893595699509624#9
0000 001B 2000 0000 0000 0000#1626595753558317#-43.0#4.338097668140593#9
0000 0012 2000 0000 0000 0000#1626595753559395#-47.5#5.872078456026235#9
0000 0018 2000 0000 0000 0000#1626595753560792#-36.0#2.2334760271614935#9
0000 0010 2000 0000 0000 0000#1626595753561840#-38.5#1.9144080232812801#9
0000 001C 2000 0000 0000 0000#1626595753562925#-42.0#3.792000507653305#9
0000 0017 2000 0000 0000 0000#1626595753563957#-29.5#2.6813984172241008#9
0000 0019 2000 0000 0000 0000#1626595753565034#-44.0#1.4542137869155878#9
0000 001A 2000 0000 0000 0000#1626595753566094#-48.0#0.0#9
0000 0014 2000 0000 0000 0000#1626595753567775#-45.5#3.773592738198677#9
0000 0013 2000 0000 0000 0000#1626595753570783#-41.0#4.01902966426038#9
0000 001D 2000 0000 0000 0000#1626595753571985#-56.5#3.4913402732277192#9
0000 001B 2000 0000 0000 0000#1626595753575779#-42.0#4.227651051412827#9
0000 0011 2000 0000 0000 0000#1626595753576878#-43.0#0.9142525495798421#9
0000 0014 2000 0000 0000 0000#1626595753577932#-46.0#3.77972866135022#9
0000 0012 2000 0000 0000 0000#1626595753578961#-47.5#5.675728915176872#9
0000 0015 2000 0000 0000 0000#1626595753580798#-60.5#3.6692820446224537#9
0000 0016 2000 0000 0000 0000#1626595753583366#-35.5#4.006757817957295#9
0000 001D 2000 0000 0000 0000#1626595753584417#-56.5#3.3747577333484107#9
0000 0018 2000 0000 0000 0000#1626595753585513#-36.5#2.1659808724945253#9
0000 0019 2000 0000 0000 0000#1626595753586760#-44.0#1.3499030933393643#9
0000 001C 2000 0000 0000 0000#1626595753587791#-42.5#3.761320891895592#9
0000 0010 2000 0000 0000 0000#1626595753588809#-39.0#1.846912868614312#9
0000 001A 2000 0000 0000 0000#1626595753590110#-48.0#6.080699843178682#9
0000 0017 2000 0000 0000 0000#1626595753593209#-29.5#2.6016314162540475#9
0000 0013 2000 0000 0000 0000#1626595753595388#-41.0#3.933126740138784#9
0000 000F 2000 0000 0000 0000#1626595753597305#-35.0#2.478912953223196#9
0000 0010 2000 0000 0000 0000#1626595753863828#-43.5#0.46019423636569234#9
0000 001C 2000 0000 0000 0000#1626595753865158#-55.5#2.7979809571034093#9
0000 0019 2000 0000 0000 0000#1626595753867104#-48.0#5.45483568172134#9
0000 001B 2000 0000 0000 0000#1626595753868154#-45.0#3.1784081924990484#9
0000 0013 2000 0000 0000 0000#1626595753869449#-50.0#3.117048960983623#9
0000 0016 2000 0000 0000 0000#1626595753870752#-37.5#2.9206994201342606#9
0000 0012 2000 0000 0000 0000#1626595753871817#-40.0#3.11091303783208#9
0000 0018 2000 0000 0000 0000#1626595753873601#-43.0#0.9940195505498954#9
0000 001A 2000 0000 0000 0000#1626595753874651#-39.5#3.2336315008629315#9
0000 0017 2000 0000 0000 0000#1626595753875713#-33.5#1.5892040962495242#9
0000 000F 2000 0000 0000 0000#1626595753876977#-39.5#1.4480778637640452#9
0000 0011 2000 0000 0000 0000#1626595753880660#-43.0#4.448544284868359#9
0000 0014 2000 0000 0000 0000#1626595753882128#-58.5#2.5341362615870793#9
0000 0015 2000 0000 0000 0000#1626595753883168#-63.0#1.7916895602504288#9
0000 000F 2000 0000 0000 0000#1626595753888297#-40.0#1.4603497100671303#9
0000 0015 2000 0000 0000 0000#1626595753890689#-62.0#1.8653206380689396#9
0000 001B 2000 0000 0000 0000#1626595753891735#-46.5#3.1968159619536762#9
0000 0012 2000 0000 0000 0000#1626595753893007#-40.0#3.0372819600135696#9
0000 0017 2000 0000 0000 0000#1626595753894053#-34.0#1.552388557340269#9
0000 0010 2000 0000 0000 0000#1626595753895399#-45.5#0.2699806186678728#9
0000 0016 2000 0000 0000 0000#1626595753896435#-38.0#2.8532042654672924#9
0000 001A 2000 0000 0000 0000#1626595753898194#-39.0#3.117048960983623#9
0000 0019 2000 0000 0000 0000#1626595753899226#-47.0#5.135767677841127#9
0000 0018 2000 0000 0000 0000#1626595753900544#-43.5#0.8958447801252144#9
0000 0011 2000 0000 0000 0000#1626595753901604#-42.5#4.270602513473625#9
0000 001C 2000 0000 0000 0000#1626595753903032#-55.5#2.5954954931025047#9
0000 0014 2000 0000 0000 0000#1626595753904740#-58.5#2.386874105950058#9
0000 0013 2000 0000 0000 0000#1626595753906089#-52.0#3.0495538063166547#9
0000 0018 2000 0000 0000 0000#1626595754177452#-44.5#6.166602767300278#9
0000 001A 2000 0000 0000 0000#1626595754179823#-47.0#3.5833791205008576#9
0000 0012 2000 0000 0000 0000#1626595754181169#-50.5#3.393165502803038#9
0000 001D 2000 0000 0000 0000#1626595754182458#-56.5#2.748893571891069#9
0000 0010 2000 0000 0000 0000#1626595754183599#-40.5#5.154175447295755#9
0000 0011 2000 0000 0000 0000#1626595754184702#-40.0#3.933126740138784#9
0000 0014 2000 0000 0000 0000#1626595754185698#-55.5#0.4908738521234052#9
0000 0015 2000 0000 0000 0000#1626595754186763#-54.5#1.932815792735908#9
0000 0017 2000 0000 0000 0000#1626595754187822#-39.0#1.3989904785517047#9
0000 001B 2000 0000 0000 0000#1626595754188916#-52.5#2.36846633649543#9
0000 0019 2000 0000 0000 0000#1626595754191419#-39.5#4.28287435977671#9
0000 001C 2000 0000 0000 0000#1626595754192851#-52.5#1.086058397823034#9
0000 000F 2000 0000 0000 0000#1626595754194755#-45.5#0.8897088569736719#9
0000 0016 2000 0000 0000 0000#1626595754196317#-41.5#2.9636508821950587#9
0000 0013 2000 0000 0000 0000#1626595754197570#-50.0#1.859184714917397#9
0000 0015 2000 0000 0000 0000#1626595754202532#-54.5#1.8407769454627694#9
0000 0018 2000 0000 0000 0000#1626595754204585#-44.0#5.9518454569962875#9
0000 0017 2000 0000 0000 0000#1626595754205678#-39.5#1.3130875544301088#9
0000 0019 2000 0000 0000 0000#1626595754206711#-39.5#4.25833066717054#9
0000 0014 2000 0000 0000 0000#1626595754208008#-55.5#0.28225246497095796#9
0000 001A 2000 0000 0000 0000#1626595754209095#-48.5#3.5158839658338894#9
0000 0013 2000 0000 0000 0000#1626595754210417#-50.0#1.761009944492716#9
0000 0012 2000 0000 0000 0000#1626595754211694#-51.5#3.2336315008629315#9
0000 0016 2000 0000 0000 0000#1626595754212756#-41.5#2.9268353432858034#9
0000 000F 2000 0000 0000 0000#1626595754213835#-45.5#0.7976700097005334#9
0000 0010 2000 0000 0000 0000#1626595754214925#-41.5#5.00077736850719#9
0000 0011 2000 0000 0000 0000#1626595754216825#-41.0#3.902447124381071#9
