0000 0011 2000 0000 0000 0000#1626595449922862#-50.0#4.571262747899211#9
0000 001B 2000 0000 0000 0000#1626595449924510#-51.0#1.0615147052168636#9
0000 000F 2000 0000 0000 0000#1626595449926479#-45.0#3.5956509668039427#9
0000 0015 2000 0000 0000 0000#1626595449928286#-61.0#3.8533597391687304#9
0000 0010 2000 0000 0000 0000#1626595449929828#-47.0#4.0987966652304335#9
0000 0017 2000 0000 0000 0000#1626595449931161#-43.0#3.06182565261974#9
0000 0018 2000 0000 0000 0000#1626595449933002#-47.0#3.877903431774901#9
0000 001C 2000 0000 0000 0000#1626595449934186#-51.5#1.4910293258248433#9
0000 001D 2000 0000 0000 0000#1626595449935261#-53.5#1.8407769454627694#9
0000 0014 2000 0000 0000 0000#1626595449936314#-54.0#1.5155730184310134#9
0000 0013 2000 0000 0000 0000#1626595449937381#-51.0#1.4173982480063325#9
0000 001A 2000 0000 0000 0000#1626595449938952#-51.5#5.289165756629691#9
0000 0019 2000 0000 0000 0000#1626595449939984#-49.0#4.405592822807561#9
0000 0012 2000 0000 0000 0000#1626595449941656#-54.5#6.160466844148735#9
0000 0016 2000 0000 0000 0000#1626595449942764#-55.5#4.338097668140593#9
0000 0010 2000 0000 0000 0000#1626595449947182#-45.5#4.0987966652304335#9
0000 0014 2000 0000 0000 0000#1626595449948475#-53.5#1.521708941582556#9
0000 001B 2000 0000 0000 0000#1626595449950296#-51.0#1.0369710126106935#9
0000 0012 2000 0000 0000 0000#1626595449952396#-54.5#6.129787228391022#9
0000 0016 2000 0000 0000 0000#1626595449962973#-56.5#3.761320891895592#9
0000 0013 2000 0000 0000 0000#1626595449964508#-51.5#0.8283496254582462#9
0000 0019 2000 0000 0000 0000#1626595449965556#-50.0#3.834951969714103#9
0000 0017 2000 0000 0000 0000#1626595449967544#-43.5#2.442097414313941#9
0000 001C 2000 0000 0000 0000#1626595449968612#-51.5#0.9019807032767571#9
0000 001D 2000 0000 0000 0000#1626595449969631#-54.0#1.214912784005428#9
0000 0011 2000 0000 0000 0000#1626595449971446#-51.0#4.025165587411922#9
0000 0018 2000 0000 0000 0000#1626595449972705#-46.0#3.2765829629237295#9
0000 001A 2000 0000 0000 0000#1626595449973796#-52.5#4.779884135051658#9
0000 000F 2000 0000 0000 0000#1626595449975599#-46.5#2.9513790358919736#9
0000 0015 2000 0000 0000 0000#1626595449976678#-62.0#3.32567034813607#9
0000 000F 2000 0000 0000 0000#1626595450251432#-47.5#3.2397674240144743#9
0000 001B 2000 0000 0000 0000#1626595450252470#-51.0#0.3865631585471816#9
0000 0016 2000 0000 0000 0000#1626595450254246#-63.5#4.466952054322987#9
0000 0019 2000 0000 0000 0000#1626595450255267#-49.5#3.9392626632903265#9
0000 0011 2000 0000 0000 0000#1626595450256409#-48.0#4.049709280018092#9
0000 0018 2000 0000 0000 0000#1626595450257755#-48.0#3.485204350076177#9
0000 0015 2000 0000 0000 0000#1626595450258862#-61.0#3.429981041712294#9
0000 001A 2000 0000 0000 0000#1626595450260895#-51.5#4.693981210930062#9
0000 0010 2000 0000 0000 0000#1626595450261954#-47.5#3.650874275167826#9
0000 0013 2000 0000 0000 0000#1626595450263020#-51.5#0.8160777791551611#9
0000 0017 2000 0000 0000 0000#1626595450264034#-45.5#2.724349879284899#9
0000 001C 2000 0000 0000 0000#1626595450265575#-52.0#0.8958447801252144#9
0000 0012 2000 0000 0000 0000#1626595450266878#-54.5#5.43029198911517#9
0000 001D 2000 0000 0000 0000#1626595450270516#-54.5#1.2701360923693108#9
0000 0014 2000 0000 0000 0000#1626595450273361#-53.5#0.944932165337555#9
0000 000F 2000 0000 0000 0000#1626595450279231#-48.0#3.2397674240144743#9
0000 001B 2000 0000 0000 0000#1626595450280852#-51.0#0.39269908169872414#9
0000 0012 2000 0000 0000 0000#1626595450281869#-54.5#5.473243451175968#9
0000 0018 2000 0000 0000 0000#1626595450282843#-48.0#3.497476196379262#9
0000 001D 2000 0000 0000 0000#1626595450283835#-54.5#1.2517283229146832#9
0000 0017 2000 0000 0000 0000#1626595450285124#-46.0#2.705942109830271#9
0000 0019 2000 0000 0000 0000#1626595450286144#-49.5#3.9085830475326135#9
0000 001A 2000 0000 0000 0000#1626595450287160#-51.5#4.6878452877785195#9
0000 0016 2000 0000 0000 0000#1626595450289257#-63.5#4.417864669110647#9
0000 0013 2000 0000 0000 0000#1626595450290536#-51.5#0.8344855486097889#9
0000 001C 2000 0000 0000 0000#1626595450293677#-52.0#0.9203884727313847#9
0000 0010 2000 0000 0000 0000#1626595450294860#-46.0#3.650874275167826#9
0000 0011 2000 0000 0000 0000#1626595450296066#-50.0#4.061981126321178#9
0000 0014 2000 0000 0000 0000#1626595450297116#-54.0#0.9633399347921826#9
0000 0015 2000 0000 0000 0000#1626595450298351#-61.5#3.399301425954581#9
0000 000F 2000 0000 0000 0000#1626595450569752#-47.5#3.8963112012295285#9
0000 0010 2000 0000 0000 0000#1626595450570907#-45.5#4.319689898685965#9
0000 0011 2000 0000 0000 0000#1626595450572196#-49.0#4.657165672020807#9
0000 0018 2000 0000 0000 0000#1626595450573294#-46.0#4.147884050442774#9
0000 001B 2000 0000 0000 0000#1626595450574857#-51.0#1.0062913968529805#9
0000 0012 2000 0000 0000 0000#1626595450576403#-53.5#6.050020227420969#9
0000 001C 2000 0000 0000 0000#1626595450577961#-52.5#1.4664856332186729#9
0000 0017 2000 0000 0000 0000#1626595450579022#-45.5#3.4054373491061236#9
0000 001D 2000 0000 0000 0000#1626595450580967#-54.5#1.8285050991596843#9
0000 0013 2000 0000 0000 0000#1626595450582632#-51.5#1.4051264017032472#9
0000 001A 2000 0000 0000 0000#1626595450583688#-50.5#5.264622064023521#9
0000 0019 2000 0000 0000 0000#1626595450585174#-48.5#4.534447208989955#9
0000 0014 2000 0000 0000 0000#1626595450586254#-54.0#1.4910293258248433#9
0000 0016 2000 0000 0000 0000#1626595450588148#-63.0#5.056000676871073#9
0000 0015 2000 0000 0000 0000#1626595450590892#-61.5#3.8533597391687304#9
0000 0015 2000 0000 0000 0000#1626595450597151#-61.5#3.9392626632903265#9
0000 0019 2000 0000 0000 0000#1626595450598213#-48.5#4.540583132141498#9
0000 001C 2000 0000 0000 0000#1626595450599311#-52.0#1.4542137869155878#9
0000 001D 2000 0000 0000 0000#1626595450600870#-54.5#1.8223691760081417#9
0000 0016 2000 0000 0000 0000#1626595450601905#-63.5#5.056000676871073#9
0000 0012 2000 0000 0000 0000#1626595450603692#-53.5#6.019340611663256#9
0000 001B 2000 0000 0000 0000#1626595450604771#-51.5#0.9878836273983529#9
0000 0011 2000 0000 0000 0000#1626595450605832#-49.5#4.651029748869264#9
0000 0010 2000 0000 0000 0000#1626595450607710#-45.5#4.338097668140593#9
0000 001A 2000 0000 0000 0000#1626595450609483#-50.5#5.295301679781233#9
0000 0013 2000 0000 0000 0000#1626595450611104#-51.5#1.3928545554001621#9
0000 0018 2000 0000 0000 0000#1626595450612647#-47.5#4.147884050442774#9
0000 000F 2000 0000 0000 0000#1626595450613724#-47.5#3.902447124381071#9
0000 0017 2000 0000 0000 0000#1626595450614756#-45.0#3.3870295796514958#9
0000 0014 2000 0000 0000 0000#1626595450619758#-54.0#1.4603497100671303#9
0000 0017 2000 0000 0000 0000#1626595450884427#-45.0#3.1354567304382504#9
0000 001A 2000 0000 0000 0000#1626595450885946#-49.5#4.963961829597935#9
0000 0012 2000 0000 0000 0000#1626595450887007#-52.5#5.66959299202533#9
0000 0011 2000 0000 0000 0000#1626595450888122#-46.5#4.3933209765044765#9
0000 0018 2000 0000 0000 0000#1626595450889111#-47.0#3.8533597391687304#9
0000 000F 2000 0000 0000 0000#1626595450890145#-46.0#3.6079228131070282#9
0000 0013 2000 0000 0000 0000#1626595450891183#-51.0#0.9756117810952678#9
0000 0010 2000 0000 0000 0000#1626595450892297#-45.5#4.049709280018092#9
0000 0015 2000 0000 0000 0000#1626595450893843#-61.5#3.56497135104623#9
0000 0019 2000 0000 0000 0000#1626595450895162#-47.5#4.276738436625168#9
0000 0014 2000 0000 0000 0000#1626595450896855#-54.0#1.0921943209745766#9
0000 001D 2000 0000 0000 0000#1626595450898113#-55.5#1.4603497100671303#9
0000 001B 2000 0000 0000 0000#1626595450899691#-51.0#0.521553467881118#9
0000 001C 2000 0000 0000 0000#1626595450900772#-52.5#1.055378782065321#9
0000 0016 2000 0000 0000 0000#1626595450901938#-63.5#4.921010367537137#9
0000 0016 2000 0000 0000 0000#1626595450907802#-64.0#4.896466674930966#9
0000 000F 2000 0000 0000 0000#1626595450909381#-46.5#3.5588354278946874#9
0000 0014 2000 0000 0000 0000#1626595450911572#-54.0#1.086058397823034#9
0000 0019 2000 0000 0000 0000#1626595450912649#-47.5#4.289010282928253#9
0000 0010 2000 0000 0000 0000#1626595450913693#-47.0#4.006757817957295#9
0000 0013 2000 0000 0000 0000#1626595450915001#-51.0#0.9878836273983529#9
0000 001B 2000 0000 0000 0000#1626595450916334#-51.0#0.5829126993965437#9
0000 0017 2000 0000 0000 0000#1626595450918065#-45.5#3.0066023442558567#9
0000 0018 2000 0000 0000 0000#1626595450919394#-47.5#3.77972866135022#9
0000 0011 2000 0000 0000 0000#1626595450920521#-47.0#4.3933209765044765#9
0000 001A 2000 0000 0000 0000#1626595450921553#-50.0#5.019185137961818#9
0000 001C 2000 0000 0000 0000#1626595450922738#-51.5#1.0615147052168636#9
0000 001D 2000 0000 0000 0000#1626595450923827#-55.5#1.521708941582556#9
0000 0015 2000 0000 0000 0000#1626595450925088#-61.0#3.5281558121369745#9
0000 0012 2000 0000 0000 0000#1626595450926861#-53.0#5.688000761479957#9
0000 0010 2000 0000 0000 0000#1626595451191502#-46.5#3.6140587362585705#9
0000 000F 2000 0000 0000 0000#1626595451192538#-48.5#3.1661363461959633#9
0000 0019 2000 0000 0000 0000#1626595451194085#-49.0#3.8840393549264434#9
0000 0016 2000 0000 0000 0000#1626595451195138#-69.0#4.97623367590102#9
3008 33B2 DDD9 0140 2018 0626#1626595451197007#-61.5#4.638757902566179#9
0000 001A 2000 0000 0000 0000#1626595451198145#-49.0#4.516039439535327#9
0000 0018 2000 0000 0000 0000#1626595451200902#-48.0#3.436116964863836#9
0000 0014 2000 0000 0000 0000#1626595451201980#-55.5#0.8774370106705868#9
0000 0017 2000 0000 0000 0000#1626595451203555#-46.5#2.6813984172241008#9
0000 0012 2000 0000 0000 0000#1626595451205439#-52.0#5.129631754689584#9
0000 0011 2000 0000 0000 0000#1626595451206727#-49.5#3.9453985864418692#9
0000 0013 2000 0000 0000 0000#1626595451208645#-55.0#0.42337869745643697#9
0000 001B 2000 0000 0000 0000#1626595451211244#-54.0#6.166602767300278#9
0000 001D 2000 0000 0000 0000#1626595451212470#-53.5#1.325359400733194#9
0000 0015 2000 0000 0000 0000#1626595451213563#-60.5#2.761165418194154#9
0000 001C 2000 0000 0000 0000#1626595451214605#-53.5#0.8835729338221293#9
FFFF FFFF FFFF FFFF FFFF FFFF#1626595451215686#-68.5#4.9823695990525625#9
0000 0014 2000 0000 0000 0000#1626595451220217#-54.5#1.0799224746714913#9
0000 001C 2000 0000 0000 0000#1626595451222040#-53.0#0.9756117810952678#9
0000 0013 2000 0000 0000 0000#1626595451223092#-54.5#0.5767767762450011#9
0000 000F 2000 0000 0000 0000#1626595451224155#-48.0#3.1231848841351653#9
0000 0012 2000 0000 0000 0000#1626595451225743#-54.0#5.209398755659637#9
0000 001B 2000 0000 0000 0000#1626595451226793#-54.5#0.01227184630308513#9
0000 0011 2000 0000 0000 0000#1626595451227888#-48.0#3.9760782021995817#9
0000 0016 2000 0000 0000 0000#1626595451228958#-68.5#5.00077736850719#9
0000 0018 2000 0000 0000 0000#1626595451230029#-48.0#3.380893656499953#9
FFFF FFFF FFFF FFFF FFFF FFFF#1626595451231550#-68.5#4.92714629068868#9
0000 0019 2000 0000 0000 0000#1626595451232880#-49.5#3.859495662320273#9
0000 0017 2000 0000 0000 0000#1626595451234240#-46.5#2.6384469551633027#9
0000 0010 2000 0000 0000 0000#1626595451235650#-46.0#3.5895150436524004#9
0000 001A 2000 0000 0000 0000#1626595451236669#-51.0#4.577398671050753#9
0000 001D 2000 0000 0000 0000#1626595451238498#-54.0#1.5278448647340985#9
3008 33B2 DDD9 0140 2018 0626#1626595451242265#-61.0#4.583534594202296#9
0000 0015 2000 0000 0000 0000#1626595451244158#-58.5#2.6813984172241008#9
0000 001A 2000 0000 0000 0000#1626595451509042#-47.5#5.184855063053467#9
0000 000F 2000 0000 0000 0000#1626595451510491#-47.5#3.06182565261974#9
0000 001D 2000 0000 0000 0000#1626595451511840#-48.0#2.098485717827557#9
0000 0018 2000 0000 0000 0000#1626595451513089#-47.5#3.497476196379262#9
0000 001B 2000 0000 0000 0000#1626595451514648#-50.0#0.44178646691106466#9
0000 0016 2000 0000 0000 0000#1626595451515987#-65.0#4.190835512503572#9
0000 0015 2000 0000 0000 0000#1626595451517020#-52.5#2.988194574801229#9
0000 0011 2000 0000 0000 0000#1626595451518231#-45.5#4.4976316700806995#9
0000 0017 2000 0000 0000 0000#1626595451519296#-45.5#2.4605051837685683#9
0000 0010 2000 0000 0000 0000#1626595451520453#-45.5#3.834951969714103#9
0000 001C 2000 0000 0000 0000#1626595451521867#-48.5#1.4971652489763858#9
0000 0012 2000 0000 0000 0000#1626595451523493#-48.5#5.8475347634200645#9
0000 0019 2000 0000 0000 0000#1626595451524583#-46.5#4.276738436625168#9
0000 0014 2000 0000 0000 0000#1626595451526635#-49.5#1.736466251886546#9
0000 0013 2000 0000 0000 0000#1626595451528059#-51.0#0.9142525495798421#9
0000 0017 2000 0000 0000 0000#1626595451533956#-45.0#2.5402721847386216#9
0000 001A 2000 0000 0000 0000#1626595451535243#-47.0#5.227806525114265#9
0000 000F 2000 0000 0000 0000#1626595451537631#-47.5#3.1906800388021335#9
0000 001C 2000 0000 0000 0000#1626595451538672#-49.0#1.4971652489763858#9
0000 0019 2000 0000 0000 0000#1626595451539736#-46.0#4.3074180523828804#9
0000 001D 2000 0000 0000 0000#1626595451540851#-47.5#2.086213871524472#9
0000 0011 2000 0000 0000 0000#1626595451541900#-46.5#4.528311285838413#9
0000 0012 2000 0000 0000 0000#1626595451543474#-49.5#5.878214379177777#9
0000 0014 2000 0000 0000 0000#1626595451544981#-49.0#1.7303303287350031#9
0000 0018 2000 0000 0000 0000#1626595451546111#-45.5#3.5833791205008576#9
0000 001B 2000 0000 0000 0000#1626595451547203#-49.0#0.4540583132141498#9
0000 0015 2000 0000 0000 0000#1626595451548266#-52.0#2.9513790358919736#9
0000 0010 2000 0000 0000 0000#1626595451549283#-46.5#3.9208548938356986#9
0000 0013 2000 0000 0000 0000#1626595451551003#-50.5#0.9142525495798421#9
0000 0016 2000 0000 0000 0000#1626595451552412#-64.5#4.221515128261284#9
0000 0018 2000 0000 0000 0000#1626595451816687#-45.0#4.061981126321178#9
0000 001D 2000 0000 0000 0000#1626595451817946#-48.5#2.6813984172241008#9
0000 001B 2000 0000 0000 0000#1626595451819498#-49.5#0.8283496254582462#9
0000 001C 2000 0000 0000 0000#1626595451820599#-48.5#1.9819031779482483#9
0000 0016 2000 0000 0000 0000#1626595451821637#-63.0#4.620350133111551#9
0000 000F 2000 0000 0000 0000#1626595451822770#-45.0#3.6999616603801666#9
0000 0012 2000 0000 0000 0000#1626595451823845#-49.0#6.160466844148735#9
0000 0014 2000 0000 0000 0000#1626595451825182#-50.5#2.270291566070749#9
0000 0015 2000 0000 0000 0000#1626595451829049#-52.0#3.6324665057131984#9
0000 0019 2000 0000 0000 0000#1626595451831585#-45.0#4.681709364626977#9
3008 33B2 DDD9 0140 2018 0626#1626595451833501#-62.0#5.43029198911517#9
0000 0011 2000 0000 0000 0000#1626595451836018#-45.0#4.859651136021712#9
0000 0017 2000 0000 0000 0000#1626595451837366#-44.0#3.0925052683774528#9
0000 001A 2000 0000 0000 0000#1626595451838704#-45.0#5.559146375297564#9
0000 0013 2000 0000 0000 0000#1626595451839757#-51.0#1.3069516312785663#9
0000 0010 2000 0000 0000 0000#1626595451840887#-42.5#4.319689898685965#9
0000 0018 2000 0000 0000 0000#1626595451845960#-45.0#4.025165587411922#9
0000 001C 2000 0000 0000 0000#1626595451847244#-49.0#1.9634954084936207#9
0000 0013 2000 0000 0000 0000#1626595451849035#-51.5#1.3130875544301088#9
0000 000F 2000 0000 0000 0000#1626595451850326#-45.0#3.693825737228624#9
0000 0012 2000 0000 0000 0000#1626595451851901#-49.0#6.117515382087937#9
0000 0010 2000 0000 0000 0000#1626595451852918#-44.0#4.289010282928253#9
0000 0017 2000 0000 0000 0000#1626595451854479#-44.0#3.074097498922825#9
0000 0014 2000 0000 0000 0000#1626595451856028#-50.5#2.282563412373834#9
0000 001D 2000 0000 0000 0000#1626595451859303#-48.5#2.662990647769473#9
0000 001B 2000 0000 0000 0000#1626595451860395#-49.5#0.803805932852076#9
0000 0015 2000 0000 0000 0000#1626595451863957#-52.0#3.6324665057131984#9
0000 0019 2000 0000 0000 0000#1626595451865389#-45.0#4.6448938257177215#9
0000 001A 2000 0000 0000 0000#1626595451866477#-46.5#5.534602682691394#9
0000 0011 2000 0000 0000 0000#1626595451867537#-45.5#4.8351074434155406#9
0000 0016 2000 0000 0000 0000#1626595451869059#-63.5#4.479223900626073#9
0000 0018 2000 0000 0000 0000#1626595452133979#-46.0#3.663146121470911#9
0000 001C 2000 0000 0000 0000#1626595452135795#-49.0#1.6260196351587797#9
0000 0014 2000 0000 0000 0000#1626595452136831#-49.5#1.8960002538266525#9
0000 0016 2000 0000 0000 0000#1626595452138379#-63.0#4.331961744989051#9
0000 0010 2000 0000 0000 0000#1626595452139763#-44.5#3.9638063558964967#9
0000 001B 2000 0000 0000 0000#1626595452141041#-49.5#0.5092816215780329#9
0000 0015 2000 0000 0000 0000#1626595452142375#-52.5#3.215223731408304#9
0000 001A 2000 0000 0000 0000#1626595452143662#-47.0#5.2768939103266055#9
0000 0012 2000 0000 0000 0000#1626595452144977#-49.5#5.853670686571607#9
0000 000F 2000 0000 0000 0000#1626595452147671#-46.0#3.3072625786814425#9
0000 0017 2000 0000 0000 0000#1626595452148676#-44.0#2.662990647769473#9
0000 001D 2000 0000 0000 0000#1626595452150932#-48.5#2.227340104009951#9
0000 0011 2000 0000 0000 0000#1626595452152358#-46.5#4.552854978444583#9
0000 0019 2000 0000 0000 0000#1626595452155641#-45.5#4.344233591292136#9
0000 0013 2000 0000 0000 0000#1626595452157064#-51.0#1.0062913968529805#9
0000 001D 2000 0000 0000 0000#1626595452163169#-48.5#2.270291566070749#9
0000 0011 2000 0000 0000 0000#1626595452165174#-44.5#4.577398671050753#9
0000 0012 2000 0000 0000 0000#1626595452166659#-49.5#5.921165841238575#9
0000 0018 2000 0000 0000 0000#1626595452168223#-46.0#3.6815538909255388#9
0000 0010 2000 0000 0000 0000#1626595452170079#-45.5#4.006757817957295#9
0000 000F 2000 0000 0000 0000#1626595452171229#-46.0#3.2827188860752723#9
0000 0016 2000 0000 0000 0000#1626595452172793#-63.5#4.381049130201391#9
0000 001B 2000 0000 0000 0000#1626595452173842#-49.5#0.4908738521234052#9
0000 0019 2000 0000 0000 0000#1626595452175423#-46.0#4.356505437595221#9
0000 001C 2000 0000 0000 0000#1626595452176523#-49.0#1.5953400194010667#9
0000 0013 2000 0000 0000 0000#1626595452179054#-51.0#1.0062913968529805#9
0000 0015 2000 0000 0000 0000#1626595452180232#-52.5#3.1784081924990484#9
0000 001A 2000 0000 0000 0000#1626595452181249#-47.0#5.289165756629691#9
0000 0014 2000 0000 0000 0000#1626595452182813#-49.5#1.88986433067511#9
0000 0017 2000 0000 0000 0000#1626595452184374#-44.0#2.650718801466388#9
0000 0017 2000 0000 0000 0000#1626595452450610#-44.5#2.3193789512830896#9
0000 0016 2000 0000 0000 0000#1626595452451663#-64.0#3.767456815047135#9
0000 001A 2000 0000 0000 0000#1626595452453035#-47.0#4.884194828627882#9
0000 0010 2000 0000 0000 0000#1626595452454149#-44.0#3.5281558121369745#9
0000 0018 2000 0000 0000 0000#1626595452455268#-46.5#3.2397674240144743#9
0000 001C 2000 0000 0000 0000#1626595452456363#-49.0#1.239456476611598#9
0000 0019 2000 0000 0000 0000#1626595452457387#-46.5#3.9147189706841563#9
0000 000F 2000 0000 0000 0000#1626595452459176#-46.0#2.859340188618835#9
0000 0015 2000 0000 0000 0000#1626595452460210#-52.0#2.791845033951867#9
0000 0014 2000 0000 0000 0000#1626595452463447#-50.5#1.4971652489763858#9
0000 0012 2000 0000 0000 0000#1626595452464492#-50.0#5.50392306693368#9
0000 001D 2000 0000 0000 0000#1626595452466010#-48.0#1.88986433067511#9
0000 0011 2000 0000 0000 0000#1626595452467027#-46.5#4.123340357836604#9
0000 001B 2000 0000 0000 0000#1626595452471155#-50.0#0.09817477042468103#9
0000 0013 2000 0000 0000 0000#1626595452472194#-51.0#0.6258641614573416#9
0000 0016 2000 0000 0000 0000#1626595452477906#-64.5#4.0558452031696355#9
0000 000F 2000 0000 0000 0000#1626595452479837#-46.5#2.859340188618835#9
0000 001D 2000 0000 0000 0000#1626595452481925#-48.0#1.9082721001297376#9
0000 0017 2000 0000 0000 0000#1626595452482989#-45.0#2.3009711818284617#9
0000 0012 2000 0000 0000 0000#1626595452484019#-50.0#5.485515297479052#9
0000 0015 2000 0000 0000 0000#1626595452485323#-52.0#2.8286605728611223#9
0000 001A 2000 0000 0000 0000#1626595452486890#-47.0#4.871922982324796#9
0000 0014 2000 0000 0000 0000#1626595452488073#-50.5#1.5278448647340985#9
0000 0011 2000 0000 0000 0000#1626595452490457#-46.5#4.1417481272912315#9
0000 0019 2000 0000 0000 0000#1626595452492622#-46.5#3.9269908169872414#9
0000 0010 2000 0000 0000 0000#1626595452494860#-45.5#3.54042765844006#9
0000 001B 2000 0000 0000 0000#1626595452496349#-50.0#0.1227184630308513#9
0000 001C 2000 0000 0000 0000#1626595452497402#-49.0#1.239456476611598#9
0000 0018 2000 0000 0000 0000#1626595452498424#-46.0#3.2397674240144743#9
0000 0013 2000 0000 0000 0000#1626595452499604#-51.0#0.607456392002714#9
0000 0018 2000 0000 0000 0000#1626595452764159#-46.0#3.472932503773092#9
0000 000F 2000 0000 0000 0000#1626595452765237#-46.5#3.0802334220743677#9
0000 0014 2000 0000 0000 0000#1626595452766531#-50.0#1.7303303287350031#9
0000 0019 2000 0000 0000 0000#1626595452768544#-45.5#4.129476280988146#9
0000 0013 2000 0000 0000 0000#1626595452769628#-51.5#0.7976700097005334#9
0000 001A 2000 0000 0000 0000#1626595452771270#-45.0#5.0253210611133605#9
0000 0010 2000 0000 0000 0000#1626595452772316#-45.0#3.7429131224409646#9
0000 001C 2000 0000 0000 0000#1626595452773840#-49.0#1.4603497100671303#9
0000 001D 2000 0000 0000 0000#1626595452774848#-48.0#2.098485717827557#9
0000 0015 2000 0000 0000 0000#1626595452775896#-52.5#3.0066023442558567#9
0000 0011 2000 0000 0000 0000#1626595452777212#-46.0#4.344233591292136#9
0000 0017 2000 0000 0000 0000#1626595452779940#-44.0#2.497320722677824#9
0000 0012 2000 0000 0000 0000#1626595452781964#-48.0#5.638913376267617#9
0000 001B 2000 0000 0000 0000#1626595452784486#-49.5#0.30679615757712825#9
0000 0016 2000 0000 0000 0000#1626595452786622#-64.0#4.123340357836604#9
0000 0014 2000 0000 0000 0000#1626595452791110#-50.0#1.705786636128833#9
0000 0012 2000 0000 0000 0000#1626595452792252#-48.0#5.6573211457222445#9
0000 0017 2000 0000 0000 0000#1626595452793573#-44.5#2.4911847995262812#9
0000 0018 2000 0000 0000 0000#1626595452794663#-45.5#3.466796580621549#9
0000 0011 2000 0000 0000 0000#1626595452796515#-44.5#4.325825821837508#9
0000 001D 2000 0000 0000 0000#1626595452797792#-48.0#2.0923497946760143#9
0000 000F 2000 0000 0000 0000#1626595452799296#-46.5#3.08636934522591#9
0000 001A 2000 0000 0000 0000#1626595452800466#-45.0#5.037592907416445#9
0000 0013 2000 0000 0000 0000#1626595452801775#-51.5#0.8099418560036186#9
0000 0019 2000 0000 0000 0000#1626595452804075#-45.5#4.135612204139688#9
0000 001C 2000 0000 0000 0000#1626595452805360#-49.0#1.4358060174609601#9
0000 001B 2000 0000 0000 0000#1626595452806452#-49.5#0.30066023442558565#9
0000 0010 2000 0000 0000 0000#1626595452807796#-45.5#3.749049045592507#9
0000 0015 2000 0000 0000 0000#1626595452821598#-52.0#3.80427235395639#9
3008 33B2 DDD9 0140 2018 0626#1626595452822715#-61.5#5.964117303299373#9
0000 0016 2000 0000 0000 0000#1626595452823895#-63.5#4.71238898038469#9
0000 0010 2000 0000 0000 0000#1626595453085914#-44.5#4.313553975534423#9
0000 0014 2000 0000 0000 0000#1626595453087236#-50.0#2.2641556429192065#9
0000 001B 2000 0000 0000 0000#1626595453088770#-49.0#0.8774370106705868#9
0000 0011 2000 0000 0000 0000#1626595453090136#-43.5#4.884194828627882#9
0000 000F 2000 0000 0000 0000#1626595453091402#-45.5#3.7122335066832517#9
0000 001A 2000 0000 0000 0000#1626595453094616#-46.5#5.577554144752192#9
0000 0017 2000 0000 0000 0000#1626595453095650#-44.0#3.098641191528995#9
0000 0015 2000 0000 0000 0000#1626595453097197#-52.0#3.6140587362585705#9
0000 0012 2000 0000 0000 0000#1626595453100605#-49.5#6.191146459906448#9
0000 0019 2000 0000 0000 0000#1626595453102126#-45.5#4.6878452877785195#9
0000 0016 2000 0000 0000 0000#1626595453103493#-63.5#4.540583132141498#9
0000 001D 2000 0000 0000 0000#1626595453104565#-48.0#2.6691265709210157#9
0000 001C 2000 0000 0000 0000#1626595453105907#-48.5#2.0064468705544187#9
0000 0018 2000 0000 0000 0000#1626595453108363#-45.5#4.061981126321178#9
0000 0013 2000 0000 0000 0000#1626595453110561#-50.5#1.3621749396424494#9
0000 0011 2000 0000 0000 0000#1626595453115923#-45.5#4.902602598082509#9
0000 0015 2000 0000 0000 0000#1626595453116988#-52.0#3.6079228131070282#9
0000 0018 2000 0000 0000 0000#1626595453119682#-44.0#4.06811704947272#9
0000 0017 2000 0000 0000 0000#1626595453121029#-44.0#3.141592653589793#9
0000 0010 2000 0000 0000 0000#1626595453122090#-44.5#4.313553975534423#9
0000 001B 2000 0000 0000 0000#1626595453123138#-49.5#0.8774370106705868#9
0000 0019 2000 0000 0000 0000#1626595453124727#-45.5#4.71238898038469#9
0000 0013 2000 0000 0000 0000#1626595453125778#-51.0#1.3560390164909069#9
0000 000F 2000 0000 0000 0000#1626595453126830#-45.5#3.706097583531709#9
0000 0012 2000 0000 0000 0000#1626595453127889#-49.5#6.209554229361076#9
0000 0014 2000 0000 0000 0000#1626595453130866#-50.0#2.3009711818284617#9
0000 001A 2000 0000 0000 0000#1626595453132297#-46.5#5.583690067903734#9
0000 001D 2000 0000 0000 0000#1626595453133627#-48.0#2.6813984172241008#9
0000 001C 2000 0000 0000 0000#1626595453134700#-48.5#2.000310947402876#9
0000 0016 2000 0000 0000 0000#1626595453136180#-63.5#4.657165672020807#9
0000 0015 2000 0000 0000 0000#1626595453399152#-52.5#3.215223731408304#9
0000 000F 2000 0000 0000 0000#1626595453400218#-45.5#3.3072625786814425#9
0000 0010 2000 0000 0000 0000#1626595453401357#-43.5#3.9453985864418692#9
0000 001C 2000 0000 0000 0000#1626595453403157#-49.0#1.6014759425526093#9
0000 0013 2000 0000 0000 0000#1626595453404209#-51.0#0.9572040116406401#9
0000 0019 2000 0000 0000 0000#1626595453407850#-45.5#4.301282129231338#9
0000 0014 2000 0000 0000 0000#1626595453408919#-49.5#1.8530487917658545#9
0000 0016 2000 0000 0000 0000#1626595453409954#-62.5#4.313553975534423#9
0000 001D 2000 0000 0000 0000#1626595453411825#-47.0#2.2457478734645786#9
0000 0017 2000 0000 0000 0000#1626595453413145#-43.5#2.6875343403756435#9
0000 001A 2000 0000 0000 0000#1626595453415506#-45.0#5.184855063053467#9
0000 0018 2000 0000 0000 0000#1626595453417762#-44.5#3.6570101983193686#9
0000 0012 2000 0000 0000 0000#1626595453418908#-49.0#5.798447378207723#9
0000 0011 2000 0000 0000 0000#1626595453419994#-45.5#4.485359823777615#9
0000 001B 2000 0000 0000 0000#1626595453421031#-49.5#0.4295146206079795#9
0000 001C 2000 0000 0000 0000#1626595453436959#-48.5#1.7978254834019713#9
0000 0017 2000 0000 0000 0000#1626595453439005#-43.5#2.8838838812250054#9
0000 0019 2000 0000 0000 0000#1626595453440337#-45.0#4.491495746929157#9
0000 001B 2000 0000 0000 0000#1626595453442840#-49.5#0.6504078540635119#9
0000 0014 2000 0000 0000 0000#1626595453445230#-50.0#2.0800779483729293#9
0000 0013 2000 0000 0000 0000#1626595453446296#-50.5#1.1535535524900022#9
0000 001D 2000 0000 0000 0000#1626595453447358#-48.5#2.466641106920111#9
0000 001A 2000 0000 0000 0000#1626595453449243#-46.5#5.381204603902829#9
0000 0011 2000 0000 0000 0000#1626595453450304#-46.0#4.693981210930062#9
0000 0010 2000 0000 0000 0000#1626595453452549#-44.5#4.135612204139688#9
0000 0015 2000 0000 0000 0000#1626595453454600#-52.5#3.423845118560751#9
0000 000F 2000 0000 0000 0000#1626595453455905#-45.0#3.497476196379262#9
0000 0018 2000 0000 0000 0000#1626595453456980#-46.0#3.877903431774901#9
0000 0012 2000 0000 0000 0000#1626595453458236#-48.0#5.976389149602458#9
0000 0016 2000 0000 0000 0000#1626595453459302#-62.5#4.4976316700806995#9
0000 000F 2000 0000 0000 0000#1626595453723549#-46.0#2.8838838812250054#9
0000 0019 2000 0000 0000 0000#1626595453724697#-46.0#3.9208548938356986#9
0000 0015 2000 0000 0000 0000#1626595453726512#-52.0#2.8286605728611223#9
0000 0011 2000 0000 0000 0000#1626595453727603#-46.0#4.09266074207889#9
0000 0017 2000 0000 0000 0000#1626595453728694#-45.0#2.3316507975861747#9
0000 0012 2000 0000 0000 0000#1626595453730758#-50.0#5.418020142812084#9
0000 001C 2000 0000 0000 0000#1626595453732070#-49.0#1.2455923997631406#9
0000 0018 2000 0000 0000 0000#1626595453733160#-46.0#3.2581751934691017#9
0000 001A 2000 0000 0000 0000#1626595453734563#-47.0#4.822835597112456#9
0000 001D 2000 0000 0000 0000#1626595453735850#-48.5#1.9144080232812801#9
0000 0013 2000 0000 0000 0000#1626595453736946#-51.5#0.5829126993965437#9
0000 0014 2000 0000 0000 0000#1626595453738268#-50.5#1.5278448647340985#9
0000 0010 2000 0000 0000 0000#1626595453739344#-45.0#3.497476196379262#9
0000 0016 2000 0000 0000 0000#1626595453740465#-62.5#3.8410878928656453#9
0000 001B 2000 0000 0000 0000#1626595453741868#-50.0#0.03681553890925539#9
0000 0018 2000 0000 0000 0000#1626595453747406#-46.0#3.2520392703175593#9
0000 0016 2000 0000 0000 0000#1626595453748756#-64.0#3.761320891895592#9
0000 0014 2000 0000 0000 0000#1626595453750091#-50.5#1.509437095279471#9
0000 001C 2000 0000 0000 0000#1626595453751431#-49.0#1.227184630308513#9
0000 0015 2000 0000 0000 0000#1626595453752523#-52.0#2.834796496012665#9
0000 0011 2000 0000 0000 0000#1626595453753558#-46.5#4.080388895775806#9
0000 0017 2000 0000 0000 0000#1626595453754833#-45.0#2.337786720737717#9
0000 000F 2000 0000 0000 0000#1626595453756594#-46.0#2.8961557275280905#9
0000 001D 2000 0000 0000 0000#1626595453759881#-48.5#1.9144080232812801#9
0000 0019 2000 0000 0000 0000#1626595453761383#-46.5#3.9392626632903265#9
0000 001A 2000 0000 0000 0000#1626595453762683#-47.0#4.816699673960914#9
0000 0013 2000 0000 0000 0000#1626595453764593#-51.5#0.5890486225480862#9
0000 001B 2000 0000 0000 0000#1626595453765943#-50.0#0.04295146206079795#9
0000 0010 2000 0000 0000 0000#1626595453767246#-45.0#3.522019888985432#9
0000 0012 2000 0000 0000 0000#1626595453768389#-48.5#5.448699758569798#9
0000 0012 2000 0000 0000 0000#1626595454043412#-49.0#0.9510680884890975#9
0000 0019 2000 0000 0000 0000#1626595454045009#-45.5#5.209398755659637#9
0000 001C 2000 0000 0000 0000#1626595454046606#-46.5#2.724349879284899#9
0000 0015 2000 0000 0000 0000#1626595454047920#-50.5#4.1417481272912315#9
0000 0017 2000 0000 0000 0000#1626595454048968#-38.0#3.2581751934691017#9
0000 0013 2000 0000 0000 0000#1626595454050078#-49.0#2.2212041808584084#9
0000 0014 2000 0000 0000 0000#1626595454052823#-48.0#2.9513790358919736#9
0000 001A 2000 0000 0000 0000#1626595454053868#-47.0#0.25770877236478773#9
0000 0016 2000 0000 0000 0000#1626595454055145#-50.0#4.123340357836604#9
0000 001B 2000 0000 0000 0000#1626595454056723#-47.0#1.8223691760081417#9
0000 000F 2000 0000 0000 0000#1626595454058755#-42.0#3.865631585471816#9
0000 0011 2000 0000 0000 0000#1626595454061265#-45.5#5.6143696836614465#9
0000 0010 2000 0000 0000 0000#1626595454062684#-44.5#4.718524903536232#9
0000 0018 2000 0000 0000 0000#1626595454065217#-43.5#4.289010282928253#9
0000 001D 2000 0000 0000 0000#1626595454066746#-46.0#3.3624858870453256#9
0000 0015 2000 0000 0000 0000#1626595454071174#-50.0#4.2031073588066565#9
0000 0011 2000 0000 0000 0000#1626595454072500#-47.0#5.651185222570702#9
0000 0016 2000 0000 0000 0000#1626595454074036#-49.0#4.080388895775806#9
0000 0018 2000 0000 0000 0000#1626595454076686#-43.5#4.3074180523828804#9
0000 001B 2000 0000 0000 0000#1626595454077722#-47.0#1.9082721001297376#9
0000 0012 2000 0000 0000 0000#1626595454078781#-48.5#1.1351457830353744#9
0000 001C 2000 0000 0000 0000#1626595454079880#-46.0#2.7857091108003242#9
0000 0010 2000 0000 0000 0000#1626595454081430#-45.0#4.7307967498393175#9
0000 0013 2000 0000 0000 0000#1626595454083254#-48.5#2.3746022596469727#9
0000 0017 2000 0000 0000 0000#1626595454084622#-37.5#3.2213596545598464#9
0000 0019 2000 0000 0000 0000#1626595454086255#-46.0#5.338253141842031#9
0000 001A 2000 0000 0000 0000#1626595454087342#-47.5#0.44178646691106466#9
0000 000F 2000 0000 0000 0000#1626595454089332#-42.0#3.859495662320273#9
0000 0014 2000 0000 0000 0000#1626595454091047#-47.5#3.055689729468197#9
0000 001D 2000 0000 0000 0000#1626595454092082#-46.0#3.4054373491061236#9
0000 001C 2000 0000 0000 0000#1626595454360158#-43.0#3.429981041712294#9
0000 0019 2000 0000 0000 0000#1626595454361491#-48.0#0.5645049299419159#9
0000 0012 2000 0000 0000 0000#1626595454362509#-44.5#2.2396119503130363#9
0000 0013 2000 0000 0000 0000#1626595454363592#-45.0#3.098641191528995#9
0000 001D 2000 0000 0000 0000#1626595454364921#-43.5#3.9453985864418692#9
0000 0010 2000 0000 0000 0000#1626595454365985#-47.0#5.6941366846315#9
0000 001A 2000 0000 0000 0000#1626595454367031#-43.5#1.8223691760081417#9
0000 0017 2000 0000 0000 0000#1626595454368534#-34.5#3.479068426924634#9
0000 001B 2000 0000 0000 0000#1626595454371054#-42.5#2.6998061866787286#9
0000 0018 2000 0000 0000 0000#1626595454373341#-45.0#5.013049214810275#9
0000 0016 2000 0000 0000 0000#1626595454376817#-41.0#3.9392626632903265#9
0000 000F 2000 0000 0000 0000#1626595454377884#-41.0#4.319689898685965#9
0000 0014 2000 0000 0000 0000#1626595454379192#-44.5#3.6876898140770815#9
0000 0015 2000 0000 0000 0000#1626595454380740#-48.5#4.718524903536232#9
0000 0011 2000 0000 0000 0000#1626595454381772#-46.5#1.184233168247715#9
0000 0014 2000 0000 0000 0000#1626595454387460#-44.0#3.706097583531709#9
0000 001B 2000 0000 0000 0000#1626595454389500#-42.5#2.761165418194154#9
0000 0011 2000 0000 0000 0000#1626595454391469#-45.0#1.2578642460662257#9
0000 0010 2000 0000 0000 0000#1626595454392849#-45.5#5.902758071783947#9
0000 0016 2000 0000 0000 0000#1626595454394143#-40.5#3.9699422790480394#9
0000 001A 2000 0000 0000 0000#1626595454395178#-43.0#1.9573594853420782#9
0000 001C 2000 0000 0000 0000#1626595454396306#-42.5#3.552699504743145#9
0000 0012 2000 0000 0000 0000#1626595454397367#-44.0#2.36846633649543#9
0000 0013 2000 0000 0000 0000#1626595454398663#-44.5#3.1968159619536762#9
0000 0017 2000 0000 0000 0000#1626595454400281#-34.5#3.5711072741977725#9
0000 001D 2000 0000 0000 0000#1626595454401386#-43.0#3.9944859716542096#9
0000 000F 2000 0000 0000 0000#1626595454402478#-41.0#4.411728745959104#9
0000 0019 2000 0000 0000 0000#1626595454403880#-47.5#0.859029241215959#9
0000 0015 2000 0000 0000 0000#1626595454405541#-48.0#4.779884135051658#9
0000 0018 2000 0000 0000 0000#1626595454406890#-45.0#5.190990986205009#9
0000 0017 2000 0000 0000 0000#1626595454676338#-34.5#4.466952054322987#9
0000 001B 2000 0000 0000 0000#1626595454678520#-40.5#3.368621810196868#9
0000 001A 2000 0000 0000 0000#1626595454679680#-40.0#2.662990647769473#9
0000 000F 2000 0000 0000 0000#1626595454680714#-42.0#5.485515297479052#9
0000 0013 2000 0000 0000 0000#1626595454681771#-41.5#3.724505352986337#9
0000 0012 2000 0000 0000 0000#1626595454683567#-41.0#3.031146036862027#9
0000 001C 2000 0000 0000 0000#1626595454685383#-40.5#4.04357335686655#9
0000 0010 2000 0000 0000 0000#1626595454686459#-45.5#1.1106020904292042#9
0000 001D 2000 0000 0000 0000#1626595454687925#-41.5#4.374913207049849#9
0000 0018 2000 0000 0000 0000#1626595454689284#-45.5#0.22089323345553233#9
0000 0016 2000 0000 0000 0000#1626595454690624#-40.0#4.681709364626977#9
0000 0014 2000 0000 0000 0000#1626595454692232#-41.5#4.221515128261284#9
0000 0011 2000 0000 0000 0000#1626595454694702#-41.5#2.2396119503130363#9
0000 0015 2000 0000 0000 0000#1626595454695880#-46.5#5.062136600022616#9
0000 0019 2000 0000 0000 0000#1626595454697215#-43.5#2.018718716857504#9
0000 0015 2000 0000 0000 0000#1626595454703924#-46.5#5.074408446325701#9
0000 000F 2000 0000 0000 0000#1626595454705029#-42.0#5.602097837358362#9
0000 001B 2000 0000 0000 0000#1626595454706136#-40.5#3.448388811166921#9
0000 001C 2000 0000 0000 0000#1626595454707210#-40.5#4.086524818927348#9
0000 0019 2000 0000 0000 0000#1626595454708506#-44.0#2.055534255766759#9
0000 0017 2000 0000 0000 0000#1626595454709848#-35.0#4.626486056263094#9
0000 001D 2000 0000 0000 0000#1626595454711151#-41.0#4.411728745959104#9
0000 0010 2000 0000 0000 0000#1626595454712320#-44.0#1.1903690913992575#9
0000 001A 2000 0000 0000 0000#1626595454715269#-39.5#2.742757648739526#9
0000 0012 2000 0000 0000 0000#1626595454716373#-41.0#3.098641191528995#9
0000 0011 2000 0000 0000 0000#1626595454717690#-42.5#2.3071071049800045#9
0000 0016 2000 0000 0000 0000#1626595454719389#-39.5#4.7860200582032#9
0000 0014 2000 0000 0000 0000#1626595454720472#-41.5#4.276738436625168#9
0000 0013 2000 0000 0000 0000#1626595454721482#-42.0#3.8410878928656453#9
0000 0018 2000 0000 0000 0000#1626595454723154#-45.5#0.380427235395639#9
0000 0014 2000 0000 0000 0000#1626595454991260#-40.5#4.1417481272912315#9
0000 0013 2000 0000 0000 0000#1626595454992571#-40.5#3.767456815047135#9
0000 0019 2000 0000 0000 0000#1626595454993607#-41.0#2.1966604882522383#9
0000 0017 2000 0000 0000 0000#1626595454996122#-34.0#5.246214294568893#9
0000 0011 2000 0000 0000 0000#1626595454997137#-40.0#2.356194490192345#9
0000 001C 2000 0000 0000 0000#1626595454998194#-39.5#4.01902966426038#9
0000 0012 2000 0000 0000 0000#1626595455000061#-39.5#3.1354567304382504#9
0000 000F 2000 0000 0000 0000#1626595455001355#-40.5#0.006135923151542565#9
0000 0015 2000 0000 0000 0000#1626595455004795#-46.5#4.871922982324796#9
0000 001B 2000 0000 0000 0000#1626595455006614#-38.5#3.4606606574700063#9
0000 0010 2000 0000 0000 0000#1626595455008109#-41.0#1.5401167110371838#9
0000 0018 2000 0000 0000 0000#1626595455009911#-42.5#0.9142525495798421#9
0000 0016 2000 0000 0000 0000#1626595455011008#-39.5#5.301437602932776#9
0000 001A 2000 0000 0000 0000#1626595455013308#-37.5#2.779573187648782#9
0000 001D 2000 0000 0000 0000#1626595455014794#-40.5#4.252194744018997#9
0000 001B 2000 0000 0000 0000#1626595455021143#-38.5#3.4913402732277192#9
0000 0011 2000 0000 0000 0000#1626595455022887#-39.5#2.3930100291016#9
0000 000F 2000 0000 0000 0000#1626595455024218#-40.0#0.09203884727313846#9
0000 0017 2000 0000 0000 0000#1626595455025526#-34.0#5.356660911296659#9
0000 0016 2000 0000 0000 0000#1626595455027594#-39.5#5.3627968344482015#9
0000 0019 2000 0000 0000 0000#1626595455029156#-41.0#2.2764274892222915#9
0000 0014 2000 0000 0000 0000#1626595455030993#-40.5#4.184699589352029#9
0000 001D 2000 0000 0000 0000#1626595455033481#-40.5#4.264466590322082#9
0000 0010 2000 0000 0000 0000#1626595455035888#-42.0#1.6198837120072371#9
0000 0015 2000 0000 0000 0000#1626595455038278#-46.5#4.92714629068868#9
0000 001A 2000 0000 0000 0000#1626595455039696#-38.0#2.8286605728611223#9
0000 0012 2000 0000 0000 0000#1626595455040742#-39.0#3.215223731408304#9
0000 001C 2000 0000 0000 0000#1626595455041824#-39.0#4.080388895775806#9
0000 0013 2000 0000 0000 0000#1626595455042863#-40.5#3.865631585471816#9
0000 0018 2000 0000 0000 0000#1626595455044056#-42.0#0.9940195505498954#9
0000 001D 2000 0000 0000 0000#1626595455310475#-38.5#5.47937937432751#9
0000 0018 2000 0000 0000 0000#1626595455311691#-37.0#2.705942109830271#9
0000 001A 2000 0000 0000 0000#1626595455312795#-35.5#4.424000592262189#9
0000 000F 2000 0000 0000 0000#1626595455313888#-35.5#2.073942025221387#9
0000 0014 2000 0000 0000 0000#1626595455314968#-39.5#5.47937937432751#9
0000 001C 2000 0000 0000 0000#1626595455316308#-38.0#5.405748296509#9
0000 0013 2000 0000 0000 0000#1626595455317363#-38.5#5.258486140871978#9
0000 0010 2000 0000 0000 0000#1626595455318474#-37.0#3.2643111166206444#9
0000 0017 2000 0000 0000 0000#1626595455320425#-29.0#1.2578642460662257#9
0000 0011 2000 0000 0000 0000#1626595455321795#-35.5#4.049709280018092#9
0000 001B 2000 0000 0000 0000#1626595455323701#-36.5#5.019185137961818#9
0000 0016 2000 0000 0000 0000#1626595455324781#-37.0#1.3130875544301088#9
0000 0012 2000 0000 0000 0000#1626595455325910#-35.5#4.773748211900116#9
0000 0015 2000 0000 0000 0000#1626595455328152#-45.5#6.000932842208628#9
0000 0019 2000 0000 0000 0000#1626595455329199#-38.5#3.933126740138784#9
0000 0017 2000 0000 0000 0000#1626595455335349#-30.5#1.3130875544301088#9
0000 0012 2000 0000 0000 0000#1626595455338230#-36.5#4.779884135051658#9
0000 000F 2000 0000 0000 0000#1626595455342680#-35.5#2.1475731030398975#9
0000 0014 2000 0000 0000 0000#1626595455343758#-39.5#5.5100589900852235#9
0000 001C 2000 0000 0000 0000#1626595455344800#-38.0#5.424156065963627#9
0000 0015 2000 0000 0000 0000#1626595455346081#-46.0#6.037748381117884#9
0000 001A 2000 0000 0000 0000#1626595455347775#-35.5#4.473087977474529#9
0000 001B 2000 0000 0000 0000#1626595455349655#-36.5#5.062136600022616#9
0000 0010 2000 0000 0000 0000#1626595455350797#-36.5#3.3318062712876126#9
0000 0011 2000 0000 0000 0000#1626595455351860#-36.5#4.0987966652304335#9
0000 0018 2000 0000 0000 0000#1626595455353978#-37.5#2.816388726558037#9
0000 0016 2000 0000 0000 0000#1626595455355086#-37.0#1.4296700943094176#9
0000 0019 2000 0000 0000 0000#1626595455357049#-38.0#3.9760782021995817#9
0000 001D 2000 0000 0000 0000#1626595455358053#-40.0#5.516194913236766#9
0000 0013 2000 0000 0000 0000#1626595455359249#-38.5#5.313709449235861#9
0000 0016 2000 0000 0000 0000#1626595455630351#-35.0#2.2396119503130363#9
0000 0010 2000 0000 0000 0000#1626595455632583#-34.5#3.693825737228624#9
0000 0011 2000 0000 0000 0000#1626595455633729#-35.5#4.368777283898306#9
0000 0012 2000 0000 0000 0000#1626595455634827#-34.5#5.006913291658733#9
0000 000F 2000 0000 0000 0000#1626595455636202#-32.5#2.748893571891069#9
0000 0019 2000 0000 0000 0000#1626595455637522#-36.0#4.246058820867455#9
0000 0018 2000 0000 0000 0000#1626595455638596#-35.0#3.2827188860752723#9
0000 0017 2000 0000 0000 0000#1626595455639706#-28.0#2.12916533358527#9
0000 0014 2000 0000 0000 0000#1626595455641406#-39.5#5.534602682691394#9
0000 001C 2000 0000 0000 0000#1626595455644031#-38.0#5.497787143782138#9
0000 0013 2000 0000 0000 0000#1626595455645089#-38.5#5.43029198911517#9
0000 001D 2000 0000 0000 0000#1626595455646392#-40.0#5.442563835418255#9
0000 001A 2000 0000 0000 0000#1626595455647662#-33.5#4.73693267299086#9
0000 001B 2000 0000 0000 0000#1626595455649184#-36.0#5.209398755659637#9
0000 0015 2000 0000 0000 0000#1626595455651331#-46.0#5.8659425328746915#9
0000 0018 2000 0000 0000 0000#1626595455656541#-34.0#3.3379421944391554#9
0000 001A 2000 0000 0000 0000#1626595455657560#-35.0#4.755340442445488#9
0000 0012 2000 0000 0000 0000#1626595455659386#-34.5#5.037592907416445#9
0000 0017 2000 0000 0000 0000#1626595455661390#-28.0#2.1905245651006955#9
0000 001D 2000 0000 0000 0000#1626595455662964#-40.5#5.448699758569798#9
0000 000F 2000 0000 0000 0000#1626595455664056#-32.5#2.8286605728611223#9
0000 0013 2000 0000 0000 0000#1626595455665382#-38.5#5.4671075280244255#9
0000 0010 2000 0000 0000 0000#1626595455666386#-35.5#3.749049045592507#9
0000 0016 2000 0000 0000 0000#1626595455668169#-35.0#2.36846633649543#9
0000 0015 2000 0000 0000 0000#1626595455669673#-46.5#5.8659425328746915#9
0000 0011 2000 0000 0000 0000#1626595455671219#-35.0#4.411728745959104#9
0000 001B 2000 0000 0000 0000#1626595455673384#-36.0#5.246214294568893#9
0000 0014 2000 0000 0000 0000#1626595455675806#-39.0#5.5714182216006485#9
0000 0019 2000 0000 0000 0000#1626595455677224#-36.0#4.319689898685965#9
0000 001C 2000 0000 0000 0000#1626595455686881#-37.5#5.141903600992669#9
0000 001D 2000 0000 0000 0000#1626595455950476#-40.0#5.221670601962723#9
0000 000F 2000 0000 0000 0000#1626595455951571#-31.0#3.2949907323783574#9
0000 0011 2000 0000 0000 0000#1626595455952887#-35.5#4.565126824747668#9
0000 0013 2000 0000 0000 0000#1626595455953899#-39.5#5.442563835418255#9
0000 0014 2000 0000 0000 0000#1626595455954937#-41.0#5.424156065963627#9
0000 0012 2000 0000 0000 0000#1626595455956741#-36.5#5.117359908386499#9
0000 0018 2000 0000 0000 0000#1626595455958318#-33.0#3.6754179677739964#9
0000 0016 2000 0000 0000 0000#1626595455959608#-33.5#3.0925052683774528#9
0000 0019 2000 0000 0000 0000#1626595455960783#-35.0#4.485359823777615#9
0000 0017 2000 0000 0000 0000#1626595455963311#-26.5#2.82252464970958#9
0000 001B 2000 0000 0000 0000#1626595455964393#-37.0#5.227806525114265#9
0000 001A 2000 0000 0000 0000#1626595455970464#-34.0#4.878058905476339#9
0000 0010 2000 0000 0000 0000#1626595455971963#-33.0#4.025165587411922#9
0000 0015 2000 0000 0000 0000#1626595455973311#-48.0#5.534602682691394#9
0000 001C 2000 0000 0000 0000#1626595455974525#-39.5#5.411884219660542#9
0000 0014 2000 0000 0000 0000#1626595455979045#-41.0#5.418020142812084#9
0000 001B 2000 0000 0000 0000#1626595455980126#-37.0#5.240078371417351#9
0000 0015 2000 0000 0000 0000#1626595455981176#-48.5#5.50392306693368#9
0000 0016 2000 0000 0000 0000#1626595455983207#-33.0#3.184544115650591#9
0000 0011 2000 0000 0000 0000#1626595455984323#-34.5#4.608078286808466#9
0000 0010 2000 0000 0000 0000#1626595455985450#-33.0#4.031301510563465#9
0000 0017 2000 0000 0000 0000#1626595455986539#-26.5#2.8777479580734626#9
0000 000F 2000 0000 0000 0000#1626595455987873#-31.0#3.3624858870453256#9
0000 001C 2000 0000 0000 0000#1626595455989172#-39.5#5.405748296509#9
0000 0012 2000 0000 0000 0000#1626595455990331#-35.5#5.141903600992669#9
0000 0018 2000 0000 0000 0000#1626595455992214#-32.5#3.730641276137879#9
0000 001A 2000 0000 0000 0000#1626595455993329#-34.0#4.871922982324796#9
0000 0019 2000 0000 0000 0000#1626595455994435#-36.0#4.516039439535327#9
0000 0013 2000 0000 0000 0000#1626595455998144#-39.5#5.45483568172134#9
0000 001D 2000 0000 0000 0000#1626595455999819#-42.0#5.1725832167503825#9
0000 0010 2000 0000 0000 0000#1626595456264420#-33.0#3.7429131224409646#9
0000 0011 2000 0000 0000 0000#1626595456265833#-35.5#4.166291819897402#9
0000 0015 2000 0000 0000 0000#1626595456266870#-50.5#4.583534594202296#9
0000 0018 2000 0000 0000 0000#1626595456268467#-32.0#3.509748042682347#9
0000 001C 2000 0000 0000 0000#1626595456269552#-41.5#4.681709364626977#9
0000 001B 2000 0000 0000 0000#1626595456271370#-39.5#4.614214209960009#9
0000 0014 2000 0000 0000 0000#1626595456272611#-43.5#4.675573441475434#9
0000 0012 2000 0000 0000 0000#1626595456273871#-39.0#4.595806440505381#9
0000 0019 2000 0000 0000 0000#1626595456274919#-37.0#4.1601558967458585#9
0000 0016 2000 0000 0000 0000#1626595456275998#-32.5#3.3318062712876126#9
0000 000F 2000 0000 0000 0000#1626595456277092#-31.0#3.2581751934691017#9
0000 001A 2000 0000 0000 0000#1626595456278410#-37.0#4.362641360746763#9
0000 0013 2000 0000 0000 0000#1626595456280657#-42.0#4.7860200582032#9
0000 0017 2000 0000 0000 0000#1626595456282261#-26.5#2.8838838812250054#9
0000 001D 2000 0000 0000 0000#1626595456286337#-43.0#4.28287435977671#9
0000 000F 2000 0000 0000 0000#1626595456292020#-31.0#3.3011266555298997#9
0000 0010 2000 0000 0000 0000#1626595456294230#-33.5#3.767456815047135#9
0000 001D 2000 0000 0000 0000#1626595456304006#-44.5#4.4362724385652745#9
0000 001A 2000 0000 0000 0000#1626595456305743#-37.5#4.528311285838413#9
0000 001B 2000 0000 0000 0000#1626595456306850#-40.0#4.755340442445488#9
0000 0018 2000 0000 0000 0000#1626595456307900#-33.5#3.7429131224409646#9
0000 0017 2000 0000 0000 0000#1626595456309003#-26.5#3.160000423044421#9
0000 0019 2000 0000 0000 0000#1626595456310083#-36.5#4.356505437595221#9
0000 0015 2000 0000 0000 0000#1626595456311570#-51.0#4.669437518323892#9
0000 0012 2000 0000 0000 0000#1626595456312932#-39.0#4.76147636559703#9
0000 0011 2000 0000 0000 0000#1626595456314250#-36.5#4.362641360746763#9
0000 0014 2000 0000 0000 0000#1626595456317111#-44.0#4.76147636559703#9
0000 001C 2000 0000 0000 0000#1626595456319022#-42.0#4.798291904506286#9
0000 0016 2000 0000 0000 0000#1626595456319988#-32.5#3.663146121470911#9
0000 0013 2000 0000 0000 0000#1626595456321056#-42.0#4.92714629068868#9
0000 0013 2000 0000 0000 0000#1626595456584805#-43.0#5.197126909356553#9
0000 001D 2000 0000 0000 0000#1626595456586095#-45.5#4.663301595172349#9
0000 001A 2000 0000 0000 0000#1626595456587126#-38.0#4.908738521234052#9
0000 0016 2000 0000 0000 0000#1626595456588163#-32.0#4.921010367537137#9
0000 0011 2000 0000 0000 0000#1626595456589453#-36.5#4.878058905476339#9
0000 0018 2000 0000 0000 0000#1626595456590713#-33.0#4.693981210930062#9
0000 000F 2000 0000 0000 0000#1626595456592712#-30.5#4.614214209960009#9
0000 0019 2000 0000 0000 0000#1626595456594229#-36.5#4.945554060143307#9
0000 0017 2000 0000 0000 0000#1626595456595760#-26.0#4.356505437595221#9
0000 0014 2000 0000 0000 0000#1626595456597082#-44.5#5.006913291658733#9
0000 0010 2000 0000 0000 0000#1626595456598979#-32.5#4.804427827657828#9
0000 001C 2000 0000 0000 0000#1626595456600093#-42.5#5.043728830567988#9
0000 001B 2000 0000 0000 0000#1626595456602036#-40.5#5.031456984264903#9
0000 0015 2000 0000 0000 0000#1626595456605106#-51.5#4.92714629068868#9
0000 0012 2000 0000 0000 0000#1626595456607552#-39.5#5.062136600022616#9
0000 0011 2000 0000 0000 0000#1626595456613518#-35.5#4.828971520263998#9
0000 0016 2000 0000 0000 0000#1626595456614954#-32.0#4.95168998329485#9
0000 001D 2000 0000 0000 0000#1626595456617166#-46.0#4.614214209960009#9
0000 0019 2000 0000 0000 0000#1626595456618257#-36.5#4.95168998329485#9
0000 0014 2000 0000 0000 0000#1626595456619323#-44.5#4.97623367590102#9
0000 0017 2000 0000 0000 0000#1626595456620354#-26.0#4.381049130201391#9
0000 001A 2000 0000 0000 0000#1626595456621402#-38.0#4.859651136021712#9
0000 0012 2000 0000 0000 0000#1626595456622764#-39.5#5.006913291658733#9
0000 000F 2000 0000 0000 0000#1626595456623802#-30.5#4.626486056263094#9
0000 0013 2000 0000 0000 0000#1626595456624985#-43.0#5.123495831538041#9
0000 0010 2000 0000 0000 0000#1626595456626839#-32.5#4.779884135051658#9
0000 0015 2000 0000 0000 0000#1626595456628372#-52.0#4.9394181369917645#9
0000 0018 2000 0000 0000 0000#1626595456629526#-32.0#4.6878452877785195#9
0000 001B 2000 0000 0000 0000#1626595456631335#-40.5#4.97623367590102#9
0000 001C 2000 0000 0000 0000#1626595456635511#-43.0#4.9823695990525625#9
0000 0015 2000 0000 0000 0000#1626595456899504#-55.0#4.227651051412827#9
0000 0012 2000 0000 0000 0000#1626595456900564#-40.0#4.3503695144436785#9
0000 001C 2000 0000 0000 0000#1626595456902692#-44.5#4.331961744989051#9
0000 001B 2000 0000 0000 0000#1626595456904226#-41.5#4.338097668140593#9
0000 0018 2000 0000 0000 0000#1626595456905581#-31.0#4.424000592262189#9
0000 0017 2000 0000 0000 0000#1626595456907628#-24.5#4.301282129231338#9
0000 0014 2000 0000 0000 0000#1626595456916796#-48.0#3.890175278077986#9
0000 001D 2000 0000 0000 0000#1626595456918084#-49.0#3.436116964863836#9
0000 0016 2000 0000 0000 0000#1626595456919163#-32.5#4.693981210930062#9
0000 0019 2000 0000 0000 0000#1626595456920667#-37.5#4.025165587411922#9
0000 0013 2000 0000 0000 0000#1626595456921748#-45.0#4.0558452031696355#9
0000 000F 2000 0000 0000 0000#1626595456924205#-30.5#4.061981126321178#9
0000 0011 2000 0000 0000 0000#1626595456925282#-37.0#3.8288160465625602#9
0000 0010 2000 0000 0000 0000#1626595456926921#-33.0#4.006757817957295#9
0000 001A 2000 0000 0000 0000#1626595456928463#-37.5#3.7551849687440497#9
0000 0018 2000 0000 0000 0000#1626595456934300#-32.5#4.031301510563465#9
0000 0017 2000 0000 0000 0000#1626595456935604#-26.5#3.9392626632903265#9
0000 0016 2000 0000 0000 0000#1626595456937795#-32.5#4.700117134081604#9
0000 0010 2000 0000 0000 0000#1626595456939097#-34.5#3.988350048502667#9
0000 001A 2000 0000 0000 0000#1626595456940657#-39.0#3.736777199289422#9
0000 0011 2000 0000 0000 0000#1626595456941731#-37.0#3.816544200259475#9
0000 0013 2000 0000 0000 0000#1626595456942784#-45.5#3.9944859716542096#9
0000 001D 2000 0000 0000 0000#1626595456944862#-49.5#3.3440781175906977#9
0000 001C 2000 0000 0000 0000#1626595456946204#-46.0#3.865631585471816#9
0000 0015 2000 0000 0000 0000#1626595456947852#-56.0#3.77972866135022#9
0000 0012 2000 0000 0000 0000#1626595456949258#-41.5#3.8963112012295285#9
0000 0019 2000 0000 0000 0000#1626595456950335#-37.5#3.9760782021995817#9
0000 000F 2000 0000 0000 0000#1626595456951385#-30.5#4.061981126321178#9
0000 001B 2000 0000 0000 0000#1626595456952464#-43.0#3.865631585471816#9
0000 0014 2000 0000 0000 0000#1626595456953644#-48.0#3.77972866135022#9
0000 0013 2000 0000 0000 0000#1626595457216366#-47.0#3.54042765844006#9
0000 001A 2000 0000 0000 0000#1626595457217412#-39.5#3.3502140407422405#9
0000 0014 2000 0000 0000 0000#1626595457218465#-50.0#3.3072625786814425#9
0000 0012 2000 0000 0000 0000#1626595457219725#-41.5#3.479068426924634#9
0000 000F 2000 0000 0000 0000#1626595457220746#-29.5#4.104932588381976#9
0000 001D 2000 0000 0000 0000#1626595457222758#-52.5#2.736621725587984#9
0000 0018 2000 0000 0000 0000#1626595457223833#-32.5#3.9638063558964967#9
0000 001C 2000 0000 0000 0000#1626595457224876#-48.0#3.3502140407422405#9
0000 0015 2000 0000 0000 0000#1626595457225954#-60.5#3.08636934522591#9
0000 001B 2000 0000 0000 0000#1626595457227247#-44.0#3.423845118560751#9
0000 0010 2000 0000 0000 0000#1626595457228845#-32.5#3.816544200259475#9
0000 0011 2000 0000 0000 0000#1626595457231297#-37.0#3.472932503773092#9
0000 0016 2000 0000 0000 0000#1626595457232574#-31.0#4.9394181369917645#9
0000 0019 2000 0000 0000 0000#1626595457233596#-37.0#3.663146121470911#9
0000 0017 2000 0000 0000 0000#1626595457235667#-26.0#4.061981126321178#9
0000 001A 2000 0000 0000 0000#1626595457244188#-38.0#3.2765829629237295#9
0000 0012 2000 0000 0000 0000#1626595457245945#-41.5#3.436116964863836#9
0000 0019 2000 0000 0000 0000#1626595457246965#-37.0#3.650874275167826#9
0000 0015 2000 0000 0000 0000#1626595457247987#-61.0#2.9206994201342606#9
0000 001D 2000 0000 0000 0000#1626595457249091#-53.0#2.60776733940559#9
0000 001C 2000 0000 0000 0000#1626595457250176#-48.5#3.2704470397721868#9
0000 0013 2000 0000 0000 0000#1626595457251228#-47.0#3.466796580621549#9
0000 001B 2000 0000 0000 0000#1626595457252803#-44.0#3.3624858870453256#9
0000 000F 2000 0000 0000 0000#1626595457254382#-30.0#4.074252972624263#9
0000 0011 2000 0000 0000 0000#1626595457255939#-36.5#3.429981041712294#9
0000 0017 2000 0000 0000 0000#1626595457257259#-26.0#4.0558452031696355#9
0000 0010 2000 0000 0000 0000#1626595457258277#-34.0#3.761320891895592#9
0000 0018 2000 0000 0000 0000#1626595457259606#-32.5#3.9147189706841563#9
0000 0016 2000 0000 0000 0000#1626595457260687#-31.0#4.933282213840222#9
0000 0014 2000 0000 0000 0000#1626595457264645#-51.0#3.141592653589793#9
0000 001A 2000 0000 0000 0000#1626595457529470#-41.5#2.2457478734645786#9
0000 0017 2000 0000 0000 0000#1626595457530532#-26.0#3.380893656499953#9
0000 0015 2000 0000 0000 0000#1626595457532880#-62.5#0.35588354278946877#9
0000 001C 2000 0000 0000 0000#1626595457534205#-52.0#1.8100973297050567#9
0000 0016 2000 0000 0000 0000#1626595457535510#-32.0#4.3933209765044765#9
0000 0018 2000 0000 0000 0000#1626595457536811#-33.5#3.11091303783208#9
0000 0013 2000 0000 0000 0000#1626595457538165#-50.5#2.172116795646068#9
0000 001B 2000 0000 0000 0000#1626595457539258#-47.0#2.1659808724945253#9
0000 000F 2000 0000 0000 0000#1626595457540322#-30.5#3.3379421944391554#9
0000 0011 2000 0000 0000 0000#1626595457541623#-38.0#2.4605051837685683#9
0000 0010 2000 0000 0000 0000#1626595457543138#-34.5#2.890019804376548#9
0000 001D 2000 0000 0000 0000#1626595457544188#-58.0#0.6320000846088841#9
0000 0012 2000 0000 0000 0000#1626595457546826#-43.0#2.3316507975861747#9
0000 0019 2000 0000 0000 0000#1626595457549854#-37.5#2.6568547246179306#9
0000 0014 2000 0000 0000 0000#1626595457552166#-55.0#1.5462526341887264#9
0000 0019 2000 0000 0000 0000#1626595457557642#-37.5#2.6445828783148455#9
0000 0011 2000 0000 0000 0000#1626595457558782#-37.0#2.429825568010856#9
0000 0018 2000 0000 0000 0000#1626595457559912#-32.5#3.08636934522591#9
0000 001B 2000 0000 0000 0000#1626595457561930#-47.0#2.0800779483729293#9
0000 0016 2000 0000 0000 0000#1626595457563265#-31.5#4.368777283898306#9
0000 0013 2000 0000 0000 0000#1626595457564845#-50.5#2.043262409463674#9
0000 000F 2000 0000 0000 0000#1626595457567118#-30.5#3.2888548092268146#9
0000 0010 2000 0000 0000 0000#1626595457568272#-33.0#2.859340188618835#9
0000 0012 2000 0000 0000 0000#1626595457569833#-44.5#2.227340104009951#9
0000 0017 2000 0000 0000 0000#1626595457571104#-26.5#3.3318062712876126#9
0000 001A 2000 0000 0000 0000#1626595457575663#-41.5#2.1353012567368124#9
0000 0014 2000 0000 0000 0000#1626595457577011#-55.0#1.423534171157875#9
0000 001C 2000 0000 0000 0000#1626595457578335#-53.0#1.6198837120072371#9
0000 001D 2000 0000 0000 0000#1626595457580254#-58.5#0.3988350048502667#9
0000 0015 2000 0000 0000 0000#1626595457581331#-59.5#0.09817477042468103#9
0000 0010 2000 0000 0000 0000#1626595457844712#-36.0#3.117048960983623#9
0000 001B 2000 0000 0000 0000#1626595457846191#-50.5#1.6137477888556946#9
0000 0019 2000 0000 0000 0000#1626595457847508#-39.0#2.791845033951867#9
0000 001D 2000 0000 0000 0000#1626595457848581#-44.0#4.871922982324796#9
0000 0017 2000 0000 0000 0000#1626595457849631#-26.5#3.706097583531709#9
0000 001A 2000 0000 0000 0000#1626595457851968#-43.5#2.098485717827557#9
0000 0013 2000 0000 0000 0000#1626595457853259#-52.5#1.2517283229146832#9
0000 0012 2000 0000 0000 0000#1626595457855262#-46.5#2.0064468705544187#9
0000 0016 2000 0000 0000 0000#1626595457856297#-32.0#4.773748211900116#9
0000 000F 2000 0000 0000 0000#1626595457857604#-30.5#3.5956509668039427#9
0000 0011 2000 0000 0000 0000#1626595457859889#-40.0#2.466641106920111#9
0000 0014 2000 0000 0000 0000#1626595457862553#-52.5#6.240233845118788#9
0000 001C 2000 0000 0000 0000#1626595457863709#-53.0#0.22089323345553233#9
0000 0018 2000 0000 0000 0000#1626595457865048#-33.5#3.3011266555298997#9
0000 0015 2000 0000 0000 0000#1626595457866143#-47.0#5.148039524144211#9
0000 001D 2000 0000 0000 0000#1626595457872873#-44.0#4.724660826687775#9
0000 0019 2000 0000 0000 0000#1626595457875261#-39.5#2.7120780329818137#9
0000 0014 2000 0000 0000 0000#1626595457876316#-51.5#6.037748381117884#9
0000 0015 2000 0000 0000 0000#1626595457877380#-47.5#5.092816215780329#9
0000 0018 2000 0000 0000 0000#1626595457878668#-33.5#3.2888548092268146#9
0000 0016 2000 0000 0000 0000#1626595457879775#-32.5#4.743068596142402#9
0000 0011 2000 0000 0000 0000#1626595457881601#-39.0#2.4175537217077703#9
0000 0017 2000 0000 0000 0000#1626595457882701#-25.0#3.6263305825616556#9
0000 000F 2000 0000 0000 0000#1626595457884461#-31.0#3.5342917352885173#9
0000 0010 2000 0000 0000 0000#1626595457885591#-34.5#3.018874190558942#9
0000 0012 2000 0000 0000 0000#1626595457886782#-47.0#1.8714565612204823#9
0000 001A 2000 0000 0000 0000#1626595457887800#-44.0#1.9696313316451632#9
0000 001B 2000 0000 0000 0000#1626595457889074#-51.0#1.3437671701878218#9
0000 0013 2000 0000 0000 0000#1626595457890370#-52.5#1.000155473701438#9
0000 001C 2000 0000 0000 0000#1626595457891655#-52.0#6.178874613603362#9
0000 0018 2000 0000 0000 0000#1626595458156882#-36.5#2.043262409463674#9
0000 0011 2000 0000 0000 0000#1626595458157899#-44.5#0.9265243958829272#9
0000 0014 2000 0000 0000 0000#1626595458160789#-44.5#3.454524734318464#9
0000 000F 2000 0000 0000 0000#1626595458162124#-34.0#2.36846633649543#9
0000 0010 2000 0000 0000 0000#1626595458164010#-39.0#1.761009944492716#9
0000 0012 2000 0000 0000 0000#1626595458165028#-50.0#5.921165841238575#9
0000 001C 2000 0000 0000 0000#1626595458166125#-42.5#3.423845118560751#9
0000 0019 2000 0000 0000 0000#1626595458167177#-44.0#1.3069516312785663#9
0000 0015 2000 0000 0000 0000#1626595458168287#-65.5#3.5711072741977725#9
0000 0017 2000 0000 0000 0000#1626595458169377#-28.5#2.429825568010856#9
0000 001B 2000 0000 0000 0000#1626595458170427#-47.0#4.356505437595221#9
0000 0016 2000 0000 0000 0000#1626595458171492#-34.5#3.6754179677739964#9
0000 0013 2000 0000 0000 0000#1626595458173595#-45.0#3.902447124381071#9
0000 001D 2000 0000 0000 0000#1626595458174658#-53.0#3.5465635815916023#9
0000 001A 2000 0000 0000 0000#1626595458175700#-49.5#6.227961998815704#9
0000 0011 2000 0000 0000 0000#1626595458182083#-45.5#0.7976700097005334#9
0000 000F 2000 0000 0000 0000#1626595458183603#-34.0#2.3009711818284617#9
0000 0019 2000 0000 0000 0000#1626595458185520#-44.5#1.2333205534600555#9
0000 0012 2000 0000 0000 0000#1626595458186763#-50.0#5.743224069843841#9
0000 001C 2000 0000 0000 0000#1626595458187865#-42.5#3.3747577333484107#9
0000 0016 2000 0000 0000 0000#1626595458188874#-34.5#3.650874275167826#9
0000 001A 2000 0000 0000 0000#1626595458190175#-49.5#6.135923151542564#9
0000 0018 2000 0000 0000 0000#1626595458191978#-36.5#1.9573594853420782#9
0000 0014 2000 0000 0000 0000#1626595458193059#-45.0#3.423845118560751#9
0000 001D 2000 0000 0000 0000#1626595458194420#-54.5#3.552699504743145#9
0000 0010 2000 0000 0000 0000#1626595458195488#-38.0#1.662835174068035#9
0000 0017 2000 0000 0000 0000#1626595458196565#-29.5#2.36846633649543#9
0000 0013 2000 0000 0000 0000#1626595458197706#-43.5#3.736777199289422#9
0000 001B 2000 0000 0000 0000#1626595458199040#-46.0#4.0558452031696355#9
0000 0015 2000 0000 0000 0000#1626595458200346#-68.0#3.8288160465625602#9
0000 001C 2000 0000 0000 0000#1626595458467900#-55.5#3.552699504743145#9
0000 0014 2000 0000 0000 0000#1626595458469009#-59.0#3.1968159619536762#9
0000 001B 2000 0000 0000 0000#1626595458470085#-42.5#3.3440781175906977#9
0000 0019 2000 0000 0000 0000#1626595458472116#-49.0#6.1850105367549055#9
0000 0017 2000 0000 0000 0000#1626595458475000#-31.5#1.9941750242513334#9
0000 0011 2000 0000 0000 0000#1626595458476260#-47.0#5.375068680751287#9
0000 0010 2000 0000 0000 0000#1626595458477584#-42.5#0.9878836273983529#9
0000 0016 2000 0000 0000 0000#1626595458479378#-36.5#3.3195344249845276#9
0000 0013 2000 0000 0000 0000#1626595458482412#-47.0#3.454524734318464#9
0000 000F 2000 0000 0000 0000#1626595458483478#-37.5#1.8775924843720249#9
0000 001A 2000 0000 0000 0000#1626595458485182#-41.5#3.6999616603801666#9
0000 0018 2000 0000 0000 0000#1626595458486552#-40.5#1.4296700943094176#9
0000 0012 2000 0000 0000 0000#1626595458487887#-40.0#3.448388811166921#9
0000 0015 2000 0000 0000 0000#1626595458489150#-60.5#1.3867186322486196#9
0000 001A 2000 0000 0000 0000#1626595458495757#-41.0#3.6324665057131984#9
0000 0017 2000 0000 0000 0000#1626595458496804#-32.0#1.9634954084936207#9
0000 0016 2000 0000 0000 0000#1626595458498065#-37.0#3.2888548092268146#9
0000 0012 2000 0000 0000 0000#1626595458499357#-40.5#3.4177091954092087#9
0000 000F 2000 0000 0000 0000#1626595458500450#-37.5#1.8285050991596843#9
0000 0011 2000 0000 0000 0000#1626595458501994#-46.0#5.160311370447297#9
0000 0010 2000 0000 0000 0000#1626595458503793#-44.5#0.8774370106705868#9
0000 0014 2000 0000 0000 0000#1626595458506333#-60.0#3.000466421104314#9
0000 001C 2000 0000 0000 0000#1626595458507831#-57.0#3.3072625786814425#9
0000 0019 2000 0000 0000 0000#1626595458509686#-48.5#5.915029918087033#9
0000 0013 2000 0000 0000 0000#1626595458511895#-49.0#3.442252888015379#9
0000 001B 2000 0000 0000 0000#1626595458513532#-44.5#3.3440781175906977#9
0000 0018 2000 0000 0000 0000#1626595458515662#-42.0#1.337631247036279#9
0000 0015 2000 0000 0000 0000#1626595458517141#-60.0#1.564660403643354#9
0000 0016 2000 0000 0000 0000#1626595458781374#-40.5#2.4850488763747385#9
0000 000F 2000 0000 0000 0000#1626595458782949#-45.5#0.6933593161243098#9
0000 0011 2000 0000 0000 0000#1626595458784465#-42.0#3.147728576741336#9
0000 0019 2000 0000 0000 0000#1626595458786193#-42.5#3.5956509668039427#9
0000 0013 2000 0000 0000 0000#1626595458787264#-56.5#1.662835174068035#9
0000 0010 2000 0000 0000 0000#1626595458788366#-47.0#4.743068596142402#9
0000 0017 2000 0000 0000 0000#1626595458789453#-38.5#1.0062913968529805#9
0000 001C 2000 0000 0000 0000#1626595458791260#-58.5#0.6258641614573416#9
0000 0015 2000 0000 0000 0000#1626595458792807#-60.0#1.8837284075235674#9
0000 001D 2000 0000 0000 0000#1626595458795370#-60.0#2.9943304979527716#9
0000 0018 2000 0000 0000 0000#1626595458798980#-48.5#5.841398840268521#9
0000 0012 2000 0000 0000 0000#1626595458800055#-51.5#2.8409324191642074#9
0000 001B 2000 0000 0000 0000#1626595458802202#-57.5#2.2641556429192065#9
0000 001A 2000 0000 0000 0000#1626595458803248#-46.5#2.816388726558037#9
0000 0014 2000 0000 0000 0000#1626595458806108#-59.5#5.792311455056181#9
0000 0016 2000 0000 0000 0000#1626595458810742#-41.0#2.454369260617026#9
0000 0012 2000 0000 0000 0000#1626595458813114#-52.0#2.7979809571034093#9
0000 0015 2000 0000 0000 0000#1626595458814223#-59.5#1.7916895602504288#9
0000 0019 2000 0000 0000 0000#1626595458815287#-42.5#3.5158839658338894#9
0000 0011 2000 0000 0000 0000#1626595458816333#-42.0#3.08636934522591#9
0000 001A 2000 0000 0000 0000#1626595458817408#-47.5#2.82252464970958#9
0000 0013 2000 0000 0000 0000#1626595458818445#-56.0#1.4173982480063325#9
0000 000F 2000 0000 0000 0000#1626595458819765#-46.0#0.5031456984264903#9
0000 0017 2000 0000 0000 0000#1626595458821069#-39.5#0.9081166264282996#9
0000 0010 2000 0000 0000 0000#1626595458822963#-44.0#4.4976316700806995#9
0000 0018 2000 0000 0000 0000#1626595458824609#-48.5#5.6143696836614465#9
0000 0014 2000 0000 0000 0000#1626595458827507#-60.0#5.565282298449106#9
0000 001D 2000 0000 0000 0000#1626595458829494#-57.5#2.718213956133356#9
0000 001B 2000 0000 0000 0000#1626595458830539#-57.5#1.9941750242513334#9
0000 001C 2000 0000 0000 0000#1626595458831629#-59.5#0.1902136176978195#9
0000 000F 2000 0000 0000 0000#1626595459099836#-45.5#5.546874528994478#9
0000 001B 2000 0000 0000 0000#1626595459100917#-57.5#0.30066023442558565#9
0000 001A 2000 0000 0000 0000#1626595459101948#-55.5#2.3623304133438876#9
0000 0011 2000 0000 0000 0000#1626595459103263#-50.5#3.56497135104623#9
0000 0017 2000 0000 0000 0000#1626595459104525#-43.5#6.160466844148735#9
0000 0014 2000 0000 0000 0000#1626595459105802#-56.5#4.04357335686655#9
0000 0010 2000 0000 0000 0000#1626595459107119#-43.5#4.381049130201391#9
0000 0015 2000 0000 0000 0000#1626595459109381#-61.0#0.8467573949128739#9
0000 0016 2000 0000 0000 0000#1626595459110900#-48.0#2.350058567040802#9
0000 0019 2000 0000 0000 0000#1626595459113179#-49.0#4.01902966426038#9
0000 0013 2000 0000 0000 0000#1626595459114731#-55.5#5.816855147662351#9
0000 0018 2000 0000 0000 0000#1626595459116062#-44.5#4.773748211900116#9
0000 001C 2000 0000 0000 0000#1626595459119326#-59.0#4.565126824747668#9
0000 001D 2000 0000 0000 0000#1626595459120717#-57.0#2.043262409463674#9
0000 0012 2000 0000 0000 0000#1626595459121859#-53.5#1.4787574795217582#9
0000 0012 2000 0000 0000 0000#1626595459127681#-55.0#1.3560390164909069#9
0000 0019 2000 0000 0000 0000#1626595459128785#-49.5#4.037437433715008#9
0000 001A 2000 0000 0000 0000#1626595459130258#-56.0#2.172116795646068#9
0000 0010 2000 0000 0000 0000#1626595459131261#-44.0#4.374913207049849#9
0000 001B 2000 0000 0000 0000#1626595459132612#-58.0#6.22182607566416#9
0000 000F 2000 0000 0000 0000#1626595459134174#-45.0#5.3627968344482015#9
0000 0017 2000 0000 0000 0000#1626595459135464#-43.0#5.9088939949354895#9
0000 001C 2000 0000 0000 0000#1626595459137505#-58.5#4.411728745959104#9
0000 0011 2000 0000 0000 0000#1626595459139275#-51.5#3.399301425954581#9
0000 001D 2000 0000 0000 0000#1626595459140338#-57.0#1.9757672547967058#9
0000 0018 2000 0000 0000 0000#1626595459141735#-43.5#4.718524903536232#9
0000 0014 2000 0000 0000 0000#1626595459142833#-56.5#3.77972866135022#9
0000 0013 2000 0000 0000 0000#1626595459144086#-56.0#5.565282298449106#9
0000 0016 2000 0000 0000 0000#1626595459146731#-49.0#2.184388641949153#9
0000 0015 2000 0000 0000 0000#1626595459149053#-61.5#0.4908738521234052#9
0000 0017 2000 0000 0000 0000#1626595459413274#-41.5#4.104932588381976#9
0000 000F 2000 0000 0000 0000#1626595459415379#-47.0#3.988350048502667#9
0000 0011 2000 0000 0000 0000#1626595459416512#-56.0#0.5154175447295755#9
0000 0014 2000 0000 0000 0000#1626595459417547#-58.0#1.4787574795217582#9
0000 001D 2000 0000 0000 0000#1626595459419903#-60.5#5.872078456026235#9
0000 0018 2000 0000 0000 0000#1626595459421315#-49.0#3.5342917352885173#9
0000 0012 2000 0000 0000 0000#1626595459422442#-53.0#4.411728745959104#9
0000 001B 2000 0000 0000 0000#1626595459423495#-57.0#3.4606606574700063#9
0000 0010 2000 0000 0000 0000#1626595459424584#-53.0#2.84706834231575#9
0000 0019 2000 0000 0000 0000#1626595459426918#-56.5#1.859184714917397#9
0000 0016 2000 0000 0000 0000#1626595459428236#-50.0#5.915029918087033#9
0000 0015 2000 0000 0000 0000#1626595459429774#-62.0#3.7122335066832517#9
0000 001A 2000 0000 0000 0000#1626595459430805#-56.5#4.743068596142402#9
0000 001C 2000 0000 0000 0000#1626595459431918#-59.5#2.043262409463674#9
0000 0013 2000 0000 0000 0000#1626595459433358#-56.5#2.9206994201342606#9
0000 0017 2000 0000 0000 0000#1626595459437979#-41.5#4.031301510563465#9
0000 0018 2000 0000 0000 0000#1626595459439120#-49.5#3.4913402732277192#9
0000 0016 2000 0000 0000 0000#1626595459441182#-49.5#5.890486225480862#9
0000 0019 2000 0000 0000 0000#1626595459442527#-56.5#1.7548740213411735#9
0000 0014 2000 0000 0000 0000#1626595459444321#-57.5#1.325359400733194#9
0000 001B 2000 0000 0000 0000#1626595459445372#-57.0#3.3011266555298997#9
0000 0010 2000 0000 0000 0000#1626595459446956#-53.0#2.730485802436441#9
0000 0013 2000 0000 0000 0000#1626595459448052#-56.0#2.84706834231575#9
0000 001C 2000 0000 0000 0000#1626595459449380#-59.0#1.945087639038993#9
0000 000F 2000 0000 0000 0000#1626595459450856#-47.5#3.902447124381071#9
0000 001D 2000 0000 0000 0000#1626595459452886#-60.5#5.595961914206819#9
0000 0012 2000 0000 0000 0000#1626595459453961#-54.0#4.166291819897402#9
0000 0015 2000 0000 0000 0000#1626595459455027#-62.0#3.472932503773092#9
0000 0011 2000 0000 0000 0000#1626595459457395#-56.0#0.07363107781851078#9
0000 001A 2000 0000 0000 0000#1626595459460409#-56.0#4.552854978444583#9
0000 0011 2000 0000 0000 0000#1626595459727424#-52.5#4.460816131171445#9
0000 001C 2000 0000 0000 0000#1626595459729791#-55.5#5.7616318392984684#9
0000 000F 2000 0000 0000 0000#1626595459731094#-51.5#2.9820586516496865#9
0000 0018 2000 0000 0000 0000#1626595459732947#-51.5#1.7548740213411735#9
0000 001A 2000 0000 0000 0000#1626595459734382#-51.5#2.9943304979527716#9
0000 0016 2000 0000 0000 0000#1626595459735402#-48.5#5.111223985234957#9
0000 0017 2000 0000 0000 0000#1626595459736479#-45.0#3.4177091954092087#9
0000 0014 2000 0000 0000 0000#1626595459737531#-52.0#4.853515212870168#9
0000 001D 2000 0000 0000 0000#1626595459738660#-52.0#2.9513790358919736#9
0000 001B 2000 0000 0000 0000#1626595459739739#-54.5#1.5155730184310134#9
0000 0015 2000 0000 0000 0000#1626595459741916#-53.5#1.6014759425526093#9
0000 0019 2000 0000 0000 0000#1626595459743307#-56.5#5.522330836388308#9
0000 0012 2000 0000 0000 0000#1626595459744368#-52.0#2.399145952253143#9
0000 0013 2000 0000 0000 0000#1626595459745669#-54.0#0.7915340865489908#9
0000 0010 2000 0000 0000 0000#1626595459749136#-53.5#0.5829126993965437#9
0000 0016 2000 0000 0000 0000#1626595459754075#-48.5#5.062136600022616#9
0000 001C 2000 0000 0000 0000#1626595459758518#-55.5#5.5284667595398505#9
0000 0012 2000 0000 0000 0000#1626595459760075#-52.0#2.3193789512830896#9
0000 0017 2000 0000 0000 0000#1626595459761113#-45.5#3.3195344249845276#9
0000 001D 2000 0000 0000 0000#1626595459762132#-53.0#2.8286605728611223#9
0000 001B 2000 0000 0000 0000#1626595459763708#-54.5#1.3437671701878218#9
0000 000F 2000 0000 0000 0000#1626595459765512#-51.5#2.7979809571034093#9
0000 0014 2000 0000 0000 0000#1626595459766549#-51.5#4.608078286808466#9
0000 001A 2000 0000 0000 0000#1626595459767838#-52.5#2.767301341345697#9
0000 0018 2000 0000 0000 0000#1626595459777345#-55.0#0.8897088569736719#9
0000 0019 2000 0000 0000 0000#1626595459782224#-58.0#4.595806440505381#9
0000 0015 2000 0000 0000 0000#1626595459783544#-54.5#0.9203884727313847#9
0000 0011 2000 0000 0000 0000#1626595459785030#-52.0#3.32567034813607#9
0000 0013 2000 0000 0000 0000#1626595459786070#-55.5#6.154330920997192#9
