0000 000F 2000 0000 0000 0000#1626595677929558#-50.5#3.773592738198677#9
0000 0016 2000 0000 0000 0000#1626595677930978#-64.5#4.663301595172349#9
0000 0012 2000 0000 0000 0000#1626595677932039#-48.0#5.730952223540755#9
0000 0014 2000 0000 0000 0000#1626595677933332#-50.0#2.1782527187976104#9
0000 0017 2000 0000 0000 0000#1626595677934919#-52.5#2.6998061866787286#9
0000 0015 2000 0000 0000 0000#1626595677935982#-52.0#3.0802334220743677#9
0000 0019 2000 0000 0000 0000#1626595677937088#-45.0#4.4976316700806995#9
0000 001C 2000 0000 0000 0000#1626595677938101#-49.5#1.7916895602504288#9
0000 001A 2000 0000 0000 0000#1626595677939644#-45.0#5.166447293598839#9
0000 0010 2000 0000 0000 0000#1626595677940701#-45.5#4.25833066717054#9
0000 0011 2000 0000 0000 0000#1626595677941764#-45.0#4.608078286808466#9
0000 0013 2000 0000 0000 0000#1626595677944934#-51.5#0.9387962421860124#9
0000 001B 2000 0000 0000 0000#1626595677945955#-49.5#0.380427235395639#9
0000 001B 2000 0000 0000 0000#1626595677949273#-49.5#0.36815538909255385#9
0000 001D 2000 0000 0000 0000#1626595677950592#-49.0#2.6691265709210157#9
0000 0014 2000 0000 0000 0000#1626595677951714#-50.0#2.172116795646068#9
0000 000F 2000 0000 0000 0000#1626595677952805#-51.0#3.816544200259475#9
0000 0010 2000 0000 0000 0000#1626595677954457#-44.0#4.252194744018997#9
0000 001C 2000 0000 0000 0000#1626595677955827#-49.0#1.7855536370988863#9
0000 0016 2000 0000 0000 0000#1626595677957845#-64.5#4.693981210930062#9
0000 0015 2000 0000 0000 0000#1626595677959118#-51.5#3.0802334220743677#9
0000 0019 2000 0000 0000 0000#1626595677961683#-45.5#4.479223900626073#9
0000 001A 2000 0000 0000 0000#1626595677963027#-43.5#5.148039524144211#9
0000 0011 2000 0000 0000 0000#1626595677964058#-45.0#4.632621979414636#9
0000 0017 2000 0000 0000 0000#1626595677966021#-52.5#2.6998061866787286#9
0000 0012 2000 0000 0000 0000#1626595677968487#-46.5#5.743224069843841#9
0000 0018 2000 0000 0000 0000#1626595677970217#-46.5#4.135612204139688#9
0000 0013 2000 0000 0000 0000#1626595677972995#-51.5#0.9756117810952678#9
0000 0016 2000 0000 0000 0000#1626595678237158#-66.0#3.865631585471816#9
0000 0012 2000 0000 0000 0000#1626595678239410#-48.0#5.166447293598839#9
0000 0019 2000 0000 0000 0000#1626595678240861#-46.0#3.9147189706841563#9
0000 0010 2000 0000 0000 0000#1626595678241879#-46.0#3.6079228131070282#9
0000 000F 2000 0000 0000 0000#1626595678244229#-50.5#3.184544115650591#9
0000 001C 2000 0000 0000 0000#1626595678245415#-49.0#1.1903690913992575#9
0000 001D 2000 0000 0000 0000#1626595678247558#-49.0#2.098485717827557#9
0000 001B 2000 0000 0000 0000#1626595678248636#-49.5#6.074563920027139#9
0000 0015 2000 0000 0000 0000#1626595678250457#-51.0#2.448233337465483#9
0000 0011 2000 0000 0000 0000#1626595678252148#-45.5#4.01902966426038#9
0000 001A 2000 0000 0000 0000#1626595678254765#-46.0#4.571262747899211#9
0000 0017 2000 0000 0000 0000#1626595678256361#-52.5#2.2089323345553233#9
0000 0014 2000 0000 0000 0000#1626595678257552#-50.5#1.6014759425526093#9
0000 0018 2000 0000 0000 0000#1626595678259771#-48.0#3.485204350076177#9
0000 0013 2000 0000 0000 0000#1626595678262062#-51.0#0.3436116964863836#9
0000 0010 2000 0000 0000 0000#1626595678266253#-46.0#3.6017868899554855#9
0000 0011 2000 0000 0000 0000#1626595678267312#-45.5#4.0128937411088375#9
0000 0012 2000 0000 0000 0000#1626595678268827#-48.5#5.184855063053467#9
0000 0018 2000 0000 0000 0000#1626595678269874#-48.0#3.485204350076177#9
0000 0019 2000 0000 0000 0000#1626595678270964#-45.5#3.8963112012295285#9
0000 001B 2000 0000 0000 0000#1626595678271996#-49.5#6.019340611663256#9
0000 0016 2000 0000 0000 0000#1626595678274502#-65.5#3.730641276137879#9
0000 001A 2000 0000 0000 0000#1626595678276103#-46.0#4.571262747899211#9
0000 001D 2000 0000 0000 0000#1626595678277405#-49.0#2.0923497946760143#9
0000 0017 2000 0000 0000 0000#1626595678278423#-52.5#2.2089323345553233#9
0000 0013 2000 0000 0000 0000#1626595678279972#-51.0#0.36815538909255385#9
0000 0014 2000 0000 0000 0000#1626595678281081#-50.5#1.5401167110371838#9
0000 001C 2000 0000 0000 0000#1626595678282402#-49.0#1.1780972450961724#9
0000 000F 2000 0000 0000 0000#1626595678283482#-51.0#3.184544115650591#9
0000 0015 2000 0000 0000 0000#1626595678285015#-51.5#2.442097414313941#9
0000 0018 2000 0000 0000 0000#1626595678552220#-47.5#4.466952054322987#9
0000 0012 2000 0000 0000 0000#1626595678553992#-48.0#5.976389149602458#9
0000 001D 2000 0000 0000 0000#1626595678555068#-50.0#3.147728576741336#9
0000 0014 2000 0000 0000 0000#1626595678556832#-50.5#2.5709518004963345#9
0000 0010 2000 0000 0000 0000#1626595678557862#-45.5#4.620350133111551#9
0000 001C 2000 0000 0000 0000#1626595678558960#-49.5#2.1230294104337273#9
0000 000F 2000 0000 0000 0000#1626595678560050#-50.0#4.190835512503572#9
0000 001B 2000 0000 0000 0000#1626595678561158#-49.5#0.6320000846088841#9
0000 0011 2000 0000 0000 0000#1626595678562204#-44.0#4.933282213840222#9
0000 0017 2000 0000 0000 0000#1626595678565163#-53.0#3.055689729468197#9
0000 0015 2000 0000 0000 0000#1626595678567210#-51.5#3.522019888985432#9
0000 0016 2000 0000 0000 0000#1626595678569372#-63.0#5.135767677841127#9
0000 001A 2000 0000 0000 0000#1626595678571200#-45.0#5.460971604872882#9
0000 0019 2000 0000 0000 0000#1626595678572302#-44.5#4.828971520263998#9
0000 0013 2000 0000 0000 0000#1626595678576529#-51.5#1.2210487071569704#9
0000 001D 2000 0000 0000 0000#1626595678582470#-48.0#3.147728576741336#9
0000 0010 2000 0000 0000 0000#1626595678583811#-43.5#4.608078286808466#9
0000 0012 2000 0000 0000 0000#1626595678585099#-48.0#5.988660995905543#9
0000 0014 2000 0000 0000 0000#1626595678586150#-51.0#2.5464081078901644#9
0000 001B 2000 0000 0000 0000#1626595678587427#-49.5#0.6258641614573416#9
0000 000F 2000 0000 0000 0000#1626595678588461#-50.0#4.1601558967458585#9
0000 0019 2000 0000 0000 0000#1626595678589990#-44.5#4.828971520263998#9
0000 001A 2000 0000 0000 0000#1626595678591404#-43.5#5.4671075280244255#9
0000 0016 2000 0000 0000 0000#1626595678593068#-63.0#5.160311370447297#9
0000 0011 2000 0000 0000 0000#1626595678595359#-44.0#4.945554060143307#9
0000 0015 2000 0000 0000 0000#1626595678596846#-51.5#3.5036121195308043#9
0000 0013 2000 0000 0000 0000#1626595678597907#-51.5#1.214912784005428#9
0000 0017 2000 0000 0000 0000#1626595678599244#-53.0#3.06182565261974#9
0000 001C 2000 0000 0000 0000#1626595678600983#-49.5#2.073942025221387#9
0000 0018 2000 0000 0000 0000#1626595678604494#-46.0#4.485359823777615#9
0000 0016 2000 0000 0000 0000#1626595678867363#-63.0#4.957825906446392#9
0000 0011 2000 0000 0000 0000#1626595678869462#-44.5#4.724660826687775#9
0000 001B 2000 0000 0000 0000#1626595678871047#-49.0#0.36815538909255385#9
0000 0013 2000 0000 0000 0000#1626595678872069#-52.0#0.9756117810952678#9
0000 0010 2000 0000 0000 0000#1626595678873665#-43.5#4.399456899656019#9
0000 001C 2000 0000 0000 0000#1626595678874936#-50.0#1.8714565612204823#9
0000 0015 2000 0000 0000 0000#1626595678876554#-51.5#3.3072625786814425#9
0000 0019 2000 0000 0000 0000#1626595678877603#-44.5#4.620350133111551#9
0000 0014 2000 0000 0000 0000#1626595678878639#-51.5#2.3439226438892597#9
0000 001D 2000 0000 0000 0000#1626595678880085#-50.0#2.9206994201342606#9
0000 001A 2000 0000 0000 0000#1626595678881102#-44.5#5.21553467881118#9
0000 0017 2000 0000 0000 0000#1626595678882562#-52.5#2.834796496012665#9
0000 0018 2000 0000 0000 0000#1626595678883576#-47.5#4.276738436625168#9
0000 0012 2000 0000 0000 0000#1626595678884639#-48.0#5.724816300389213#9
0000 000F 2000 0000 0000 0000#1626595678885731#-50.5#3.9576704327449543#9
0000 0014 2000 0000 0000 0000#1626595678891367#-51.5#2.337786720737717#9
0000 001C 2000 0000 0000 0000#1626595678892481#-50.0#1.8837284075235674#9
0000 0013 2000 0000 0000 0000#1626595678895133#-52.0#0.9633399347921826#9
0000 001D 2000 0000 0000 0000#1626595678896180#-50.0#2.9145634969827183#9
0000 0011 2000 0000 0000 0000#1626595678897909#-44.5#4.71238898038469#9
0000 0015 2000 0000 0000 0000#1626595678899685#-52.0#3.2949907323783574#9
0000 001B 2000 0000 0000 0000#1626595678900962#-49.5#0.36815538909255385#9
0000 0018 2000 0000 0000 0000#1626595678902261#-47.5#4.270602513473625#9
0000 001A 2000 0000 0000 0000#1626595678903339#-44.5#5.203262832508095#9
0000 000F 2000 0000 0000 0000#1626595678905883#-50.5#3.9576704327449543#9
0000 0019 2000 0000 0000 0000#1626595678906930#-44.5#4.601942363656923#9
0000 0010 2000 0000 0000 0000#1626595678909876#-45.0#4.3933209765044765#9
0000 0017 2000 0000 0000 0000#1626595678911051#-52.5#2.816388726558037#9
3008 33B2 DDD9 0140 2018 0626#1626595678912150#-62.5#5.5714182216006485#9
0000 0016 2000 0000 0000 0000#1626595678913472#-63.0#4.871922982324796#9
0000 0012 2000 0000 0000 0000#1626595678914506#-48.0#5.749359992995383#9
0000 0017 2000 0000 0000 0000#1626595679179687#-52.0#2.662990647769473#9
0000 0012 2000 0000 0000 0000#1626595679180958#-48.0#5.540738605842936#9
0000 001C 2000 0000 0000 0000#1626595679182882#-50.0#1.6873788666742053#9
0000 0014 2000 0000 0000 0000#1626595679183965#-51.0#2.12916533358527#9
0000 0015 2000 0000 0000 0000#1626595679185242#-52.0#3.074097498922825#9
0000 0019 2000 0000 0000 0000#1626595679186276#-44.0#4.381049130201391#9
0000 001B 2000 0000 0000 0000#1626595679187625#-49.5#0.14112623248547898#9
0000 0010 2000 0000 0000 0000#1626595679188969#-45.0#4.178563666200486#9
0000 000F 2000 0000 0000 0000#1626595679190018#-50.0#3.718369429834794#9
0000 001A 2000 0000 0000 0000#1626595679191119#-44.5#5.0253210611133605#9
0000 0011 2000 0000 0000 0000#1626595679192223#-44.0#4.491495746929157#9
0000 001D 2000 0000 0000 0000#1626595679193481#-49.5#2.693670263527186#9
0000 0013 2000 0000 0000 0000#1626595679194746#-52.0#0.760854470791278#9
0000 0016 2000 0000 0000 0000#1626595679196678#-63.5#4.669437518323892#9
0000 0018 2000 0000 0000 0000#1626595679197856#-47.5#4.037437433715008#9
3008 33B2 DDD9 0140 2018 0626#1626595679198959#-62.0#5.270757987175063#9
0000 0017 2000 0000 0000 0000#1626595679204669#-52.0#2.675262494072558#9
0000 0019 2000 0000 0000 0000#1626595679207514#-44.0#4.362641360746763#9
0000 0012 2000 0000 0000 0000#1626595679208589#-48.0#5.522330836388308#9
0000 0018 2000 0000 0000 0000#1626595679209636#-47.5#4.037437433715008#9
0000 0011 2000 0000 0000 0000#1626595679210952#-44.0#4.485359823777615#9
0000 0015 2000 0000 0000 0000#1626595679212058#-52.0#3.0802334220743677#9
0000 0010 2000 0000 0000 0000#1626595679213227#-43.5#4.147884050442774#9
0000 0014 2000 0000 0000 0000#1626595679215049#-51.0#2.1353012567368124#9
0000 0013 2000 0000 0000 0000#1626595679216103#-52.5#0.7547185476397354#9
0000 001A 2000 0000 0000 0000#1626595679217136#-44.5#4.988505522204105#9
3008 33B2 DDD9 0140 2018 0626#1626595679219733#-62.0#5.295301679781233#9
0000 001C 2000 0000 0000 0000#1626595679220920#-50.0#1.6444274046134073#9
0000 001D 2000 0000 0000 0000#1626595679221979#-49.5#2.6813984172241008#9
0000 001B 2000 0000 0000 0000#1626595679223045#-49.5#0.15339807878856412#9
0000 0016 2000 0000 0000 0000#1626595679224153#-64.0#4.73693267299086#9
0000 000F 2000 0000 0000 0000#1626595679225599#-50.0#3.706097583531709#9
0000 001A 2000 0000 0000 0000#1626595679488884#-45.0#4.442408361716817#9
0000 0017 2000 0000 0000 0000#1626595679489959#-52.5#2.2089323345553233#9
0000 0018 2000 0000 0000 0000#1626595679491746#-48.0#3.4606606574700063#9
0000 001B 2000 0000 0000 0000#1626595679492851#-49.5#5.829126993965437#9
0000 0013 2000 0000 0000 0000#1626595679494146#-52.5#0.1718058482431918#9
0000 001C 2000 0000 0000 0000#1626595679495700#-50.0#1.0921943209745766#9
0000 0019 2000 0000 0000 0000#1626595679497016#-45.0#3.810408277107933#9
0000 001D 2000 0000 0000 0000#1626595679498805#-49.5#2.110757564130642#9
0000 0011 2000 0000 0000 0000#1626595679499893#-45.0#3.9269908169872414#9
0000 0014 2000 0000 0000 0000#1626595679500946#-51.5#1.5278448647340985#9
0000 0015 2000 0000 0000 0000#1626595679502479#-52.0#2.454369260617026#9
0000 0010 2000 0000 0000 0000#1626595679503890#-44.0#3.56497135104623#9
0000 0012 2000 0000 0000 0000#1626595679505190#-47.5#4.970097752749477#9
0000 0016 2000 0000 0000 0000#1626595679506515#-65.0#3.7122335066832517#9
0000 000F 2000 0000 0000 0000#1626595679508060#-50.5#3.184544115650591#9
0000 001C 2000 0000 0000 0000#1626595679517224#-50.0#1.0921943209745766#9
0000 0014 2000 0000 0000 0000#1626595679518276#-51.5#1.5401167110371838#9
0000 001A 2000 0000 0000 0000#1626595679520048#-45.0#4.430136515413731#9
0000 0011 2000 0000 0000 0000#1626595679521138#-45.0#3.9515345095934116#9
0000 0017 2000 0000 0000 0000#1626595679522141#-52.5#2.2150682577068657#9
0000 001D 2000 0000 0000 0000#1626595679523416#-49.5#2.098485717827557#9
0000 0015 2000 0000 0000 0000#1626595679524750#-51.5#2.4727770300716534#9
0000 0019 2000 0000 0000 0000#1626595679526040#-45.0#3.792000507653305#9
0000 0012 2000 0000 0000 0000#1626595679527846#-48.0#4.945554060143307#9
0000 0013 2000 0000 0000 0000#1626595679529142#-52.5#0.1595340019401067#9
0000 000F 2000 0000 0000 0000#1626595679530220#-50.5#3.1784081924990484#9
0000 0018 2000 0000 0000 0000#1626595679532021#-48.0#3.466796580621549#9
0000 0010 2000 0000 0000 0000#1626595679533081#-45.5#3.5772431973493153#9
0000 001B 2000 0000 0000 0000#1626595679544471#-49.5#6.000932842208628#9
0000 0016 2000 0000 0000 0000#1626595679545651#-65.0#4.086524818927348#9
0000 0010 2000 0000 0000 0000#1626595679815284#-43.5#4.675573441475434#9
0000 001D 2000 0000 0000 0000#1626595679816880#-46.5#3.6692820446224537#9
0000 000F 2000 0000 0000 0000#1626595679819010#-42.5#4.01902966426038#9
0000 0011 2000 0000 0000 0000#1626595679820085#-45.5#5.411884219660542#9
0000 0017 2000 0000 0000 0000#1626595679821639#-39.5#3.2827188860752723#9
0000 0016 2000 0000 0000 0000#1626595679822702#-53.5#4.061981126321178#9
0000 0012 2000 0000 0000 0000#1626595679823874#-47.5#0.7731263170943632#9
0000 0019 2000 0000 0000 0000#1626595679826054#-44.0#5.160311370447297#9
0000 0015 2000 0000 0000 0000#1626595679827092#-49.0#4.01902966426038#9
0000 0018 2000 0000 0000 0000#1626595679828966#-43.0#4.405592822807561#9
0000 001C 2000 0000 0000 0000#1626595679830052#-47.0#2.9268353432858034#9
0000 001B 2000 0000 0000 0000#1626595679831171#-47.5#1.7548740213411735#9
0000 0013 2000 0000 0000 0000#1626595679833226#-49.5#2.3193789512830896#9
0000 0014 2000 0000 0000 0000#1626595679835186#-47.5#3.2888548092268146#9
0000 001A 2000 0000 0000 0000#1626595679836759#-46.5#0.0859029241215959#9
3008 33B2 DDD9 0140 2018 0626#1626595679837948#-62.0#5.859806609723149#9
0000 0019 2000 0000 0000 0000#1626595679842249#-44.5#5.21553467881118#9
0000 000F 2000 0000 0000 0000#1626595679843310#-42.0#4.01902966426038#9
0000 0016 2000 0000 0000 0000#1626595679844619#-52.0#4.049709280018092#9
0000 0015 2000 0000 0000 0000#1626595679845654#-48.5#4.04357335686655#9
0000 0017 2000 0000 0000 0000#1626595679846690#-38.5#3.2765829629237295#9
0000 0010 2000 0000 0000 0000#1626595679848263#-43.0#4.700117134081604#9
0000 0011 2000 0000 0000 0000#1626595679849786#-45.5#5.534602682691394#9
0000 0018 2000 0000 0000 0000#1626595679851105#-43.0#4.424000592262189#9
0000 0014 2000 0000 0000 0000#1626595679853352#-47.0#3.3440781175906977#9
0000 001D 2000 0000 0000 0000#1626595679855204#-46.5#3.7429131224409646#9
0000 001A 2000 0000 0000 0000#1626595679856767#-46.5#0.22089323345553233#9
3008 33B2 DDD9 0140 2018 0626#1626595679861180#-62.0#5.890486225480862#9
0000 001C 2000 0000 0000 0000#1626595679863516#-46.0#3.043417883165112#9
0000 0012 2000 0000 0000 0000#1626595679865042#-48.5#1.0676506283684062#9
0000 001B 2000 0000 0000 0000#1626595679866304#-47.0#1.9573594853420782#9
0000 0013 2000 0000 0000 0000#1626595679868026#-48.5#2.466641106920111#9
0000 0018 2000 0000 0000 0000#1626595680133452#-44.0#4.878058905476339#9
0000 001D 2000 0000 0000 0000#1626595680134769#-43.0#4.172427743048944#9
0000 0019 2000 0000 0000 0000#1626595680135846#-48.0#0.35588354278946877#9
0000 001A 2000 0000 0000 0000#1626595680137370#-43.5#1.8346410223112268#9
0000 0017 2000 0000 0000 0000#1626595680138463#-33.5#3.5036121195308043#9
0000 0014 2000 0000 0000 0000#1626595680139573#-44.0#3.865631585471816#9
0000 0010 2000 0000 0000 0000#1626595680141422#-46.0#5.50392306693368#9
0000 001C 2000 0000 0000 0000#1626595680144923#-42.0#3.6447383520162835#9
0000 0015 2000 0000 0000 0000#1626595680156584#-46.5#4.104932588381976#9
0000 0016 2000 0000 0000 0000#1626595680157877#-40.0#3.6263305825616556#9
0000 001B 2000 0000 0000 0000#1626595680161523#-42.5#2.4605051837685683#9
0000 0013 2000 0000 0000 0000#1626595680162977#-43.5#2.8286605728611223#9
0000 000F 2000 0000 0000 0000#1626595680164026#-41.0#3.9822141253511245#9
0000 0011 2000 0000 0000 0000#1626595680165153#-46.0#0.7363107781851077#9
0000 0012 2000 0000 0000 0000#1626595680166453#-42.0#2.0371264863121317#9
0000 0017 2000 0000 0000 0000#1626595680171690#-34.5#3.1906800388021335#9
0000 001C 2000 0000 0000 0000#1626595680174466#-42.0#3.2949907323783574#9
0000 000F 2000 0000 0000 0000#1626595680175727#-41.0#4.031301510563465#9
0000 0014 2000 0000 0000 0000#1626595680176770#-43.0#3.5342917352885173#9
0000 0016 2000 0000 0000 0000#1626595680177849#-40.0#3.6815538909255388#9
0000 001B 2000 0000 0000 0000#1626595680179426#-42.0#2.5157284921324514#9
0000 0015 2000 0000 0000 0000#1626595680180736#-46.5#4.154019973594316#9
0000 0019 2000 0000 0000 0000#1626595680182056#-48.0#0.28838838812250056#9
0000 0018 2000 0000 0000 0000#1626595680183601#-45.5#4.71238898038469#9
0000 0011 2000 0000 0000 0000#1626595680185758#-47.0#0.859029241215959#9
0000 0012 2000 0000 0000 0000#1626595680187440#-43.5#2.116893487282185#9
0000 0010 2000 0000 0000 0000#1626595680190662#-46.5#5.393476450205914#9
0000 001A 2000 0000 0000 0000#1626595680191680#-43.0#1.6566992509164924#9
0000 0013 2000 0000 0000 0000#1626595680193977#-43.5#2.9206994201342606#9
0000 001D 2000 0000 0000 0000#1626595680194993#-44.0#3.9147189706841563#9
0000 001B 2000 0000 0000 0000#1626595680460009#-40.0#3.5036121195308043#9
0000 000F 2000 0000 0000 0000#1626595680461101#-42.0#5.460971604872882#9
0000 0016 2000 0000 0000 0000#1626595680462167#-38.5#4.700117134081604#9
0000 0012 2000 0000 0000 0000#1626595680464210#-41.0#3.160000423044421#9
0000 0011 2000 0000 0000 0000#1626595680465954#-43.0#2.2886993355253766#9
3008 33B2 DDD9 0140 2018 0626#1626595680467111#-62.0#5.424156065963627#9
0000 0010 2000 0000 0000 0000#1626595680468402#-46.0#0.9756117810952678#9
0000 001A 2000 0000 0000 0000#1626595680469925#-39.5#2.767301341345697#9
0000 0017 2000 0000 0000 0000#1626595680471002#-34.0#4.540583132141498#9
0000 0014 2000 0000 0000 0000#1626595680472084#-41.5#4.3933209765044765#9
0000 0015 2000 0000 0000 0000#1626595680473176#-45.5#4.896466674930966#9
0000 001D 2000 0000 0000 0000#1626595680475725#-42.5#4.663301595172349#9
0000 0013 2000 0000 0000 0000#1626595680477750#-41.5#3.8717675086233583#9
0000 001C 2000 0000 0000 0000#1626595680478792#-40.0#4.23378697456437#9
0000 0018 2000 0000 0000 0000#1626595680481222#-46.0#0.17794177139473438#9
0000 0019 2000 0000 0000 0000#1626595680482412#-44.0#2.1046216409791#9
0000 0017 2000 0000 0000 0000#1626595680489455#-34.5#4.632621979414636#9
0000 0013 2000 0000 0000 0000#1626595680490593#-41.5#3.9208548938356986#9
0000 001B 2000 0000 0000 0000#1626595680491659#-39.5#3.5711072741977725#9
0000 0018 2000 0000 0000 0000#1626595680493175#-46.0#0.25770877236478773#9
0000 001C 2000 0000 0000 0000#1626595680494444#-40.0#4.246058820867455#9
0000 0014 2000 0000 0000 0000#1626595680495796#-41.5#4.448544284868359#9
0000 0016 2000 0000 0000 0000#1626595680496877#-38.5#4.81056375080937#9
0000 0012 2000 0000 0000 0000#1626595680497914#-40.0#3.2459033471660166#9
0000 0019 2000 0000 0000 0000#1626595680498991#-44.0#2.141437179888355#9
0000 0015 2000 0000 0000 0000#1626595680500054#-45.0#4.914874444385594#9
0000 001A 2000 0000 0000 0000#1626595680501129#-39.0#2.834796496012665#9
0000 0010 2000 0000 0000 0000#1626595680502232#-45.5#1.1351457830353744#9
0000 0011 2000 0000 0000 0000#1626595680503999#-42.5#2.386874105950058#9
0000 001D 2000 0000 0000 0000#1626595680506315#-42.5#4.693981210930062#9
0000 000F 2000 0000 0000 0000#1626595680507863#-41.5#5.66959299202533#9
3008 33B2 DDD9 0140 2018 0626#1626595680509083#-62.0#5.50392306693368#9
0000 0018 2000 0000 0000 0000#1626595680776551#-43.0#1.184233168247715#9
0000 0011 2000 0000 0000 0000#1626595680777893#-38.5#2.6139032625571326#9
0000 0012 2000 0000 0000 0000#1626595680780360#-38.0#3.399301425954581#9
0000 001C 2000 0000 0000 0000#1626595680782309#-38.5#4.344233591292136#9
0000 001A 2000 0000 0000 0000#1626595680783356#-37.5#3.0372819600135696#9
0000 0010 2000 0000 0000 0000#1626595680784430#-42.0#1.8100973297050567#9
0000 0016 2000 0000 0000 0000#1626595680785986#-39.5#5.448699758569798#9
0000 0017 2000 0000 0000 0000#1626595680787008#-34.5#5.583690067903734#9
0000 001B 2000 0000 0000 0000#1626595680788059#-38.5#3.7551849687440497#9
0000 0013 2000 0000 0000 0000#1626595680789563#-39.5#4.061981126321178#9
0000 0019 2000 0000 0000 0000#1626595680790611#-40.5#2.5034566458293663#9
0000 001D 2000 0000 0000 0000#1626595680791674#-41.5#4.706253057233147#9
0000 0014 2000 0000 0000 0000#1626595680794423#-40.5#4.522175362686871#9
0000 0015 2000 0000 0000 0000#1626595680795588#-45.0#4.908738521234052#9
0000 000F 2000 0000 0000 0000#1626595680797800#-40.0#0.39269908169872414#9
0000 0017 2000 0000 0000 0000#1626595680801879#-34.0#5.626641529964532#9
0000 0012 2000 0000 0000 0000#1626595680804476#-37.0#3.429981041712294#9
0000 0015 2000 0000 0000 0000#1626595680806353#-44.5#4.914874444385594#9
0000 0010 2000 0000 0000 0000#1626595680807897#-41.5#1.8714565612204823#9
0000 0011 2000 0000 0000 0000#1626595680809192#-38.5#2.675262494072558#9
0000 001B 2000 0000 0000 0000#1626595680810230#-38.5#3.792000507653305#9
0000 001A 2000 0000 0000 0000#1626595680811761#-37.5#3.0925052683774528#9
0000 0019 2000 0000 0000 0000#1626595680812808#-40.0#2.552544031041707#9
0000 0018 2000 0000 0000 0000#1626595680814085#-42.5#1.2885438618239387#9
0000 0016 2000 0000 0000 0000#1626595680815633#-39.0#5.559146375297564#9
0000 0014 2000 0000 0000 0000#1626595680817931#-40.5#4.577398671050753#9
0000 001C 2000 0000 0000 0000#1626595680819287#-38.5#4.387185053352934#9
0000 0013 2000 0000 0000 0000#1626595680821028#-39.5#4.09266074207889#9
0000 000F 2000 0000 0000 0000#1626595680822176#-40.0#0.4724660826687775#9
0000 001D 2000 0000 0000 0000#1626595680823507#-42.0#4.749204519293945#9
0000 0011 2000 0000 0000 0000#1626595681087177#-36.5#4.0128937411088375#9
0000 001A 2000 0000 0000 0000#1626595681088267#-35.0#4.424000592262189#9
0000 0017 2000 0000 0000 0000#1626595681089345#-31.0#1.2701360923693108#9
0000 0019 2000 0000 0000 0000#1626595681091375#-38.0#3.8840393549264434#9
0000 0013 2000 0000 0000 0000#1626595681092898#-38.5#5.325981295538946#9
0000 0012 2000 0000 0000 0000#1626595681094723#-36.5#4.773748211900116#9
0000 0018 2000 0000 0000 0000#1626595681096087#-38.0#2.7857091108003242#9
0000 0010 2000 0000 0000 0000#1626595681097286#-36.5#3.2520392703175593#9
0000 001C 2000 0000 0000 0000#1626595681098600#-37.5#5.559146375297564#9
0000 0015 2000 0000 0000 0000#1626595681099890#-44.0#5.921165841238575#9
0000 0016 2000 0000 0000 0000#1626595681101228#-37.0#1.2455923997631406#9
0000 001B 2000 0000 0000 0000#1626595681102280#-36.0#5.086680292628786#9
0000 000F 2000 0000 0000 0000#1626595681104251#-36.0#2.184388641949153#9
0000 0014 2000 0000 0000 0000#1626595681109250#-39.0#5.688000761479957#9
0000 001D 2000 0000 0000 0000#1626595681111540#-40.0#5.798447378207723#9
0000 0010 2000 0000 0000 0000#1626595681115619#-38.0#3.2888548092268146#9
0000 001C 2000 0000 0000 0000#1626595681116675#-37.5#5.589825991055276#9
0000 0017 2000 0000 0000 0000#1626595681117955#-30.5#1.3989904785517047#9
0000 001D 2000 0000 0000 0000#1626595681119244#-40.0#5.810719224510809#9
0000 0019 2000 0000 0000 0000#1626595681121018#-37.5#3.933126740138784#9
0000 000F 2000 0000 0000 0000#1626595681122550#-36.0#2.2396119503130363#9
0000 0012 2000 0000 0000 0000#1626595681125372#-36.5#4.841243366567084#9
0000 0014 2000 0000 0000 0000#1626595681127355#-39.0#5.712544454086128#9
0000 001B 2000 0000 0000 0000#1626595681128394#-36.5#5.135767677841127#9
0000 001A 2000 0000 0000 0000#1626595681129441#-35.0#4.491495746929157#9
0000 0016 2000 0000 0000 0000#1626595681130733#-37.0#1.3621749396424494#9
0000 0018 2000 0000 0000 0000#1626595681133678#-37.5#2.8777479580734626#9
0000 0015 2000 0000 0000 0000#1626595681135582#-43.5#5.957981380147831#9
0000 0013 2000 0000 0000 0000#1626595681137520#-38.5#5.418020142812084#9
0000 0011 2000 0000 0000 0000#1626595681138579#-36.0#4.0987966652304335#9
0000 001D 2000 0000 0000 0000#1626595681406805#-40.5#5.43029198911517#9
0000 000F 2000 0000 0000 0000#1626595681408096#-33.0#2.423689644859313#9
0000 0013 2000 0000 0000 0000#1626595681409154#-37.5#5.221670601962723#9
0000 0010 2000 0000 0000 0000#1626595681410470#-35.5#3.2704470397721868#9
0000 0015 2000 0000 0000 0000#1626595681412474#-44.5#5.50392306693368#9
0000 001A 2000 0000 0000 0000#1626595681413777#-34.5#4.417864669110647#9
0000 0016 2000 0000 0000 0000#1626595681415085#-34.5#1.9082721001297376#9
0000 0018 2000 0000 0000 0000#1626595681416402#-35.0#2.9145634969827183#9
0000 001B 2000 0000 0000 0000#1626595681418008#-35.5#5.019185137961818#9
0000 0017 2000 0000 0000 0000#1626595681419243#-27.5#1.846912868614312#9
0000 0019 2000 0000 0000 0000#1626595681420606#-36.5#3.8840393549264434#9
0000 0011 2000 0000 0000 0000#1626595681422646#-35.5#4.025165587411922#9
0000 0012 2000 0000 0000 0000#1626595681423709#-36.0#4.792155981354743#9
0000 001C 2000 0000 0000 0000#1626595681427708#-37.0#5.368932757599744#9
0000 0014 2000 0000 0000 0000#1626595681429599#-39.5#5.442563835418255#9
0000 0012 2000 0000 0000 0000#1626595681434249#-36.0#4.81056375080937#9
0000 0015 2000 0000 0000 0000#1626595681435812#-44.5#5.50392306693368#9
0000 0010 2000 0000 0000 0000#1626595681437376#-35.0#3.3318062712876126#9
0000 0013 2000 0000 0000 0000#1626595681438897#-37.5#5.264622064023521#9
0000 0014 2000 0000 0000 0000#1626595681440177#-39.5#5.448699758569798#9
0000 001A 2000 0000 0000 0000#1626595681441996#-34.5#4.473087977474529#9
0000 001B 2000 0000 0000 0000#1626595681443061#-35.5#5.062136600022616#9
0000 0018 2000 0000 0000 0000#1626595681444579#-35.0#2.9697868053466014#9
0000 0011 2000 0000 0000 0000#1626595681446590#-35.0#4.06811704947272#9
0000 0017 2000 0000 0000 0000#1626595681448381#-27.5#1.945087639038993#9
0000 001D 2000 0000 0000 0000#1626595681449456#-41.0#5.448699758569798#9
0000 001C 2000 0000 0000 0000#1626595681450725#-37.5#5.399612373357457#9
0000 000F 2000 0000 0000 0000#1626595681453128#-32.5#2.5586799541932495#9
0000 0016 2000 0000 0000 0000#1626595681454764#-34.5#2.073942025221387#9
0000 0019 2000 0000 0000 0000#1626595681455768#-36.5#3.9453985864418692#9
0000 0018 2000 0000 0000 0000#1626595681724928#-34.0#3.792000507653305#9
0000 001D 2000 0000 0000 0000#1626595681727896#-41.0#5.595961914206819#9
0000 0019 2000 0000 0000 0000#1626595681729366#-36.0#4.626486056263094#9
0000 0014 2000 0000 0000 0000#1626595681731083#-40.5#5.724816300389213#9
0000 001A 2000 0000 0000 0000#1626595681732186#-34.5#5.037592907416445#9
0000 0013 2000 0000 0000 0000#1626595681733467#-39.0#5.700272607783043#9
0000 0012 2000 0000 0000 0000#1626595681734515#-36.5#5.338253141842031#9
0000 001C 2000 0000 0000 0000#1626595681735856#-38.5#5.724816300389213#9
0000 001B 2000 0000 0000 0000#1626595681736921#-37.0#5.5100589900852235#9
0000 000F 2000 0000 0000 0000#1626595681737944#-31.5#3.4913402732277192#9
0000 0017 2000 0000 0000 0000#1626595681739203#-26.5#2.9943304979527716#9
0000 0016 2000 0000 0000 0000#1626595681741296#-33.0#3.2888548092268146#9
0000 0011 2000 0000 0000 0000#1626595681742495#-34.5#4.718524903536232#9
0000 0015 2000 0000 0000 0000#1626595681743531#-47.0#5.553010452146021#9
0000 0010 2000 0000 0000 0000#1626595681745611#-33.0#4.111068511533518#9
0000 000F 2000 0000 0000 0000#1626595681753963#-31.0#3.522019888985432#9
0000 0016 2000 0000 0000 0000#1626595681755211#-33.0#3.3440781175906977#9
0000 0011 2000 0000 0000 0000#1626595681756287#-35.5#4.73693267299086#9
0000 001B 2000 0000 0000 0000#1626595681757552#-37.5#5.5100589900852235#9
0000 0017 2000 0000 0000 0000#1626595681758665#-25.5#3.06182565261974#9
0000 0019 2000 0000 0000 0000#1626595681759758#-36.0#4.657165672020807#9
0000 0018 2000 0000 0000 0000#1626595681760904#-34.0#3.8717675086233583#9
0000 0013 2000 0000 0000 0000#1626595681762251#-39.0#5.706408530934585#9
0000 0014 2000 0000 0000 0000#1626595681764231#-41.0#5.6941366846315#9
0000 0015 2000 0000 0000 0000#1626595681766484#-47.0#5.5100589900852235#9
0000 0010 2000 0000 0000 0000#1626595681767830#-32.5#4.1417481272912315#9
0000 001D 2000 0000 0000 0000#1626595681769747#-43.0#5.553010452146021#9
0000 001A 2000 0000 0000 0000#1626595681771873#-33.5#5.056000676871073#9
0000 001C 2000 0000 0000 0000#1626595681773057#-38.5#5.706408530934585#9
0000 0012 2000 0000 0000 0000#1626595681774105#-36.5#5.381204603902829#9
0000 0010 2000 0000 0000 0000#1626595682039203#-34.5#4.09266074207889#9
0000 000F 2000 0000 0000 0000#1626595682040252#-31.5#3.6447383520162835#9
0000 0012 2000 0000 0000 0000#1626595682041343#-38.0#5.037592907416445#9
0000 0014 2000 0000 0000 0000#1626595682042451#-43.0#5.111223985234957#9
0000 0016 2000 0000 0000 0000#1626595682044691#-32.5#3.6876898140770815#9
0000 001A 2000 0000 0000 0000#1626595682047179#-37.0#4.773748211900116#9
0000 0019 2000 0000 0000 0000#1626595682048255#-36.5#4.528311285838413#9
0000 0018 2000 0000 0000 0000#1626595682049562#-34.5#3.9208548938356986#9
0000 0011 2000 0000 0000 0000#1626595682050622#-36.0#4.565126824747668#9
0000 0017 2000 0000 0000 0000#1626595682051656#-26.5#3.2643111166206444#9
0000 0013 2000 0000 0000 0000#1626595682052809#-41.0#5.227806525114265#9
0000 001B 2000 0000 0000 0000#1626595682054130#-38.5#5.0682725231741586#9
0000 001D 2000 0000 0000 0000#1626595682055205#-45.5#4.798291904506286#9
0000 001C 2000 0000 0000 0000#1626595682056263#-41.0#5.123495831538041#9
0000 0015 2000 0000 0000 0000#1626595682057371#-49.5#4.6448938257177215#9
0000 0016 2000 0000 0000 0000#1626595682063981#-32.5#3.730641276137879#9
0000 0015 2000 0000 0000 0000#1626595682066428#-50.0#4.651029748869264#9
0000 0019 2000 0000 0000 0000#1626595682067519#-36.5#4.534447208989955#9
0000 001D 2000 0000 0000 0000#1626595682068595#-46.0#4.767612288748572#9
0000 0011 2000 0000 0000 0000#1626595682069871#-36.0#4.558990901596125#9
0000 001A 2000 0000 0000 0000#1626595682070914#-37.0#4.76147636559703#9
0000 0012 2000 0000 0000 0000#1626595682072719#-38.0#5.019185137961818#9
0000 0018 2000 0000 0000 0000#1626595682074299#-34.0#3.9576704327449543#9
0000 001B 2000 0000 0000 0000#1626595682076011#-39.0#5.049864753719531#9
0000 0014 2000 0000 0000 0000#1626595682077348#-43.5#5.049864753719531#9
0000 001C 2000 0000 0000 0000#1626595682078647#-41.5#5.092816215780329#9
0000 0013 2000 0000 0000 0000#1626595682079900#-41.0#5.203262832508095#9
0000 0017 2000 0000 0000 0000#1626595682081103#-26.5#3.313398501832985#9
0000 000F 2000 0000 0000 0000#1626595682082125#-31.5#3.706097583531709#9
0000 0010 2000 0000 0000 0000#1626595682083440#-34.5#4.129476280988146#9
0000 000F 2000 0000 0000 0000#1626595682347652#-30.5#4.755340442445488#9
0000 001C 2000 0000 0000 0000#1626595682349181#-43.0#5.295301679781233#9
0000 001A 2000 0000 0000 0000#1626595682350513#-37.0#5.166447293598839#9
0000 0016 2000 0000 0000 0000#1626595682352276#-32.0#5.006913291658733#9
0000 0014 2000 0000 0000 0000#1626595682354907#-45.0#5.203262832508095#9
0000 001D 2000 0000 0000 0000#1626595682356038#-45.5#4.865787059173254#9
0000 0012 2000 0000 0000 0000#1626595682357629#-39.5#5.344389064993574#9
0000 0017 2000 0000 0000 0000#1626595682359197#-24.5#4.4976316700806995#9
0000 0013 2000 0000 0000 0000#1626595682360266#-43.5#5.45483568172134#9
0000 001B 2000 0000 0000 0000#1626595682362040#-40.5#5.338253141842031#9
0000 0018 2000 0000 0000 0000#1626595682363215#-32.0#4.890330751779424#9
0000 0001 0000 0000 0000 0000#1626595682364998#-65.5#0.4049709280018093#9
0000 0011 2000 0000 0000 0000#1626595682368378#-35.0#5.105088062083414#9
0000 0010 2000 0000 0000 0000#1626595682370559#-33.0#4.97623367590102#9
0000 0019 2000 0000 0000 0000#1626595682371577#-36.0#5.184855063053467#9
0000 0015 2000 0000 0000 0000#1626595682372629#-51.5#4.7307967498393175#9
0000 0011 2000 0000 0000 0000#1626595682376829#-36.0#5.098952138931871#9
0000 0019 2000 0000 0000 0000#1626595682378160#-36.0#5.178719139901925#9
0000 001C 2000 0000 0000 0000#1626595682379760#-43.0#5.2339424482658075#9
0000 0010 2000 0000 0000 0000#1626595682380890#-32.0#4.9823695990525625#9
0000 0017 2000 0000 0000 0000#1626595682382904#-26.0#4.528311285838413#9
0000 0013 2000 0000 0000 0000#1626595682383927#-43.5#5.399612373357457#9
0000 0018 2000 0000 0000 0000#1626595682385274#-32.5#4.914874444385594#9
0000 001B 2000 0000 0000 0000#1626595682386537#-40.5#5.2768939103266055#9
0000 0016 2000 0000 0000 0000#1626595682388826#-32.0#5.062136600022616#9
0000 0015 2000 0000 0000 0000#1626595682390145#-51.5#4.669437518323892#9
0000 000F 2000 0000 0000 0000#1626595682393026#-30.5#4.798291904506286#9
0000 0014 2000 0000 0000 0000#1626595682402917#-45.0#4.95168998329485#9
0000 001A 2000 0000 0000 0000#1626595682410937#-37.5#4.908738521234052#9
0000 0012 2000 0000 0000 0000#1626595682412258#-39.5#5.092816215780329#9
0000 001D 2000 0000 0000 0000#1626595682413976#-47.5#4.571262747899211#9
0000 000F 2000 0000 0000 0000#1626595682676723#-30.5#4.319689898685965#9
0000 0011 2000 0000 0000 0000#1626595682679132#-36.5#4.086524818927348#9
0000 0017 2000 0000 0000 0000#1626595682681080#-26.0#4.154019973594316#9
0000 0014 2000 0000 0000 0000#1626595682682118#-48.0#4.0128937411088375#9
0000 0016 2000 0000 0000 0000#1626595682683439#-32.0#4.908738521234052#9
0000 0012 2000 0000 0000 0000#1626595682685023#-39.5#4.1601558967458585#9
0000 0018 2000 0000 0000 0000#1626595682686294#-31.5#4.295146206079795#9
0000 001A 2000 0000 0000 0000#1626595682687408#-37.5#3.9576704327449543#9
0000 0019 2000 0000 0000 0000#1626595682689414#-36.5#4.246058820867455#9
0000 001B 2000 0000 0000 0000#1626595682690492#-42.0#4.111068511533518#9
0000 0015 2000 0000 0000 0000#1626595682691584#-54.5#3.5036121195308043#9
0000 0013 2000 0000 0000 0000#1626595682692637#-45.0#4.196971435655114#9
0000 0010 2000 0000 0000 0000#1626595682694247#-32.0#4.227651051412827#9
0000 001D 2000 0000 0000 0000#1626595682696935#-50.5#3.5833791205008576#9
0000 001C 2000 0000 0000 0000#1626595682698542#-46.0#4.031301510563465#9
0000 0010 2000 0000 0000 0000#1626595682705570#-32.5#4.221515128261284#9
0000 0018 2000 0000 0000 0000#1626595682706668#-31.5#4.295146206079795#9
0000 000F 2000 0000 0000 0000#1626595682708258#-30.5#4.313553975534423#9
0000 0017 2000 0000 0000 0000#1626595682709576#-26.0#4.154019973594316#9
0000 0013 2000 0000 0000 0000#1626595682711837#-45.0#4.154019973594316#9
0000 0014 2000 0000 0000 0000#1626595682713387#-48.5#3.9515345095934116#9
0000 0012 2000 0000 0000 0000#1626595682714690#-41.0#4.086524818927348#9
0000 0019 2000 0000 0000 0000#1626595682716735#-37.0#4.2092432819582#9
0000 0011 2000 0000 0000 0000#1626595682718238#-37.0#4.0128937411088375#9
0000 001B 2000 0000 0000 0000#1626595682719829#-42.5#4.04357335686655#9
0000 001A 2000 0000 0000 0000#1626595682720903#-39.0#3.890175278077986#9
0000 001C 2000 0000 0000 0000#1626595682721975#-46.0#4.000621894805752#9
0000 0016 2000 0000 0000 0000#1626595682725376#-32.0#4.92714629068868#9
0000 0015 2000 0000 0000 0000#1626595682727551#-55.5#3.380893656499953#9
0000 001D 2000 0000 0000 0000#1626595682728853#-51.0#3.5036121195308043#9
0000 0018 2000 0000 0000 0000#1626595682993802#-31.0#4.172427743048944#9
0000 0019 2000 0000 0000 0000#1626595682994838#-37.0#3.9085830475326135#9
0000 0017 2000 0000 0000 0000#1626595682995927#-26.0#4.23378697456437#9
0000 0016 2000 0000 0000 0000#1626595682997263#-31.5#5.105088062083414#9
0000 001C 2000 0000 0000 0000#1626595682998517#-49.0#3.368621810196868#9
0000 0010 2000 0000 0000 0000#1626595682999902#-32.0#4.0128937411088375#9
0000 001D 2000 0000 0000 0000#1626595683001326#-53.0#2.6691265709210157#9
0000 0015 2000 0000 0000 0000#1626595683002620#-59.5#2.2886993355253766#9
0000 0012 2000 0000 0000 0000#1626595683004194#-42.0#3.6140587362585705#9
0000 001B 2000 0000 0000 0000#1626595683007251#-44.0#3.54042765844006#9
0000 0014 2000 0000 0000 0000#1626595683017393#-51.5#2.5893595699509624#9
0000 0013 2000 0000 0000 0000#1626595683018474#-48.5#2.9391071895888885#9
0000 0011 2000 0000 0000 0000#1626595683022266#-36.0#3.0250101137104846#9
0000 001A 2000 0000 0000 0000#1626595683024571#-39.5#2.791845033951867#9
0000 000F 2000 0000 0000 0000#1626595683025647#-30.5#3.6876898140770815#9
0000 0019 2000 0000 0000 0000#1626595683028550#-37.5#3.2581751934691017#9
0000 0014 2000 0000 0000 0000#1626595683029615#-52.0#2.552544031041707#9
0000 0011 2000 0000 0000 0000#1626595683031133#-37.5#2.9697868053466014#9
0000 0018 2000 0000 0000 0000#1626595683032663#-33.0#3.5342917352885173#9
0000 000F 2000 0000 0000 0000#1626595683033982#-30.5#3.6876898140770815#9
0000 001A 2000 0000 0000 0000#1626595683035057#-39.5#2.748893571891069#9
0000 0017 2000 0000 0000 0000#1626595683036439#-25.0#3.6201946594101133#9
0000 0010 2000 0000 0000 0000#1626595683038521#-32.0#3.356349963893783#9
0000 0016 2000 0000 0000 0000#1626595683039617#-32.0#4.577398671050753#9
0000 0012 2000 0000 0000 0000#1626595683041259#-41.0#2.9022916506796332#9
0000 001B 2000 0000 0000 0000#1626595683042338#-45.0#2.816388726558037#9
0000 0015 2000 0000 0000 0000#1626595683043645#-60.5#1.521708941582556#9
0000 0013 2000 0000 0000 0000#1626595683047486#-48.0#2.859340188618835#9
0000 001D 2000 0000 0000 0000#1626595683050746#-55.5#1.9266798695843652#9
0000 001C 2000 0000 0000 0000#1626595683052074#-50.0#2.5770877236478773#9
0000 0013 2000 0000 0000 0000#1626595683316129#-50.5#2.000310947402876#9
0000 0019 2000 0000 0000 0000#1626595683318815#-37.5#2.7979809571034093#9
0000 0011 2000 0000 0000 0000#1626595683319957#-36.5#2.5341362615870793#9
0000 000F 2000 0000 0000 0000#1626595683321541#-30.5#3.497476196379262#9
0000 0016 2000 0000 0000 0000#1626595683322549#-32.5#4.632621979414636#9
0000 001B 2000 0000 0000 0000#1626595683323543#-47.0#2.067806102069844#9
0000 0017 2000 0000 0000 0000#1626595683324633#-26.5#3.5281558121369745#9
0000 001D 2000 0000 0000 0000#1626595683325706#-57.0#0.4970097752749477#9
0000 0015 2000 0000 0000 0000#1626595683327027#-52.5#6.062292073724054#9
0000 001A 2000 0000 0000 0000#1626595683328181#-39.5#2.172116795646068#9
0000 001C 2000 0000 0000 0000#1626595683330393#-52.5#1.4480778637640452#9
0000 0012 2000 0000 0000 0000#1626595683331425#-44.5#2.2641556429192065#9
0000 0018 2000 0000 0000 0000#1626595683332483#-33.5#3.2581751934691017#9
0000 0010 2000 0000 0000 0000#1626595683334059#-34.5#3.018874190558942#9
0000 0014 2000 0000 0000 0000#1626595683335538#-54.0#1.184233168247715#9
0000 0018 2000 0000 0000 0000#1626595683341724#-33.5#3.2397674240144743#9
0000 0011 2000 0000 0000 0000#1626595683343073#-37.5#2.466641106920111#9
0000 0010 2000 0000 0000 0000#1626595683345230#-34.5#2.9697868053466014#9
0000 0019 2000 0000 0000 0000#1626595683346279#-37.5#2.724349879284899#9
0000 000F 2000 0000 0000 0000#1626595683347385#-31.0#3.454524734318464#9
0000 001C 2000 0000 0000 0000#1626595683348639#-53.0#1.3499030933393643#9
0000 0016 2000 0000 0000 0000#1626595683349705#-32.5#4.608078286808466#9
0000 001A 2000 0000 0000 0000#1626595683350994#-41.0#2.110757564130642#9
0000 0017 2000 0000 0000 0000#1626595683352091#-25.0#3.497476196379262#9
0000 001D 2000 0000 0000 0000#1626595683353167#-56.5#0.30679615757712825#9
0000 001B 2000 0000 0000 0000#1626595683354216#-47.0#1.9512235621905356#9
0000 0014 2000 0000 0000 0000#1626595683355550#-54.0#1.0799224746714913#9
0000 0015 2000 0000 0000 0000#1626595683356646#-50.0#5.853670686571607#9
0000 0013 2000 0000 0000 0000#1626595683359000#-50.5#1.8162332528565992#9
0000 0012 2000 0000 0000 0000#1626595683360862#-44.0#2.1598449493429825#9
0000 0012 2000 0000 0000 0000#1626595683631684#-46.5#1.748738098189631#9
0000 001C 2000 0000 0000 0000#1626595683634807#-48.5#5.700272607783043#9
0000 0019 2000 0000 0000 0000#1626595683636568#-38.5#2.6016314162540475#9
0000 0011 2000 0000 0000 0000#1626595683637629#-39.5#2.2641556429192065#9
0000 000F 2000 0000 0000 0000#1626595683638964#-31.5#3.4913402732277192#9
0000 0016 2000 0000 0000 0000#1626595683640012#-33.0#4.779884135051658#9
0000 0017 2000 0000 0000 0000#1626595683641691#-25.5#3.5772431973493153#9
0000 0018 2000 0000 0000 0000#1626595683642968#-34.5#3.215223731408304#9
0000 0015 2000 0000 0000 0000#1626595683644089#-48.5#4.700117134081604#9
0000 0010 2000 0000 0000 0000#1626595683645587#-33.5#2.9084275738311756#9
0000 0013 2000 0000 0000 0000#1626595683647840#-52.5#0.7915340865489908#9
0000 001A 2000 0000 0000 0000#1626595683648930#-43.0#1.7732817907958012#9
0000 001D 2000 0000 0000 0000#1626595683651459#-44.5#4.558990901596125#9
0000 0014 2000 0000 0000 0000#1626595683652486#-45.0#5.178719139901925#9
0000 001B 2000 0000 0000 0000#1626595683653719#-50.0#1.141281706186917#9
0000 001C 2000 0000 0000 0000#1626595683657486#-47.0#5.43029198911517#9
0000 001A 2000 0000 0000 0000#1626595683659817#-43.0#1.748738098189631#9
0000 000F 2000 0000 0000 0000#1626595683662034#-31.5#3.448388811166921#9
0000 0018 2000 0000 0000 0000#1626595683663149#-33.5#3.172272269347506#9
0000 0017 2000 0000 0000 0000#1626595683664213#-27.0#3.5342917352885173#9
0000 0014 2000 0000 0000 0000#1626595683665536#-44.5#5.0682725231741586#9
0000 0012 2000 0000 0000 0000#1626595683666608#-47.0#1.6260196351587797#9
0000 0011 2000 0000 0000 0000#1626595683668178#-39.5#2.184388641949153#9
0000 0019 2000 0000 0000 0000#1626595683669255#-39.0#2.5157284921324514#9
0000 001D 2000 0000 0000 0000#1626595683672515#-44.5#4.460816131171445#9
0000 0016 2000 0000 0000 0000#1626595683673609#-33.0#4.743068596142402#9
0000 0010 2000 0000 0000 0000#1626595683674778#-34.0#2.834796496012665#9
0000 001B 2000 0000 0000 0000#1626595683675859#-50.0#1.000155473701438#9
0000 0013 2000 0000 0000 0000#1626595683677026#-52.0#0.5583690067903734#9
0000 0015 2000 0000 0000 0000#1626595683678103#-49.5#4.546719055293041#9
0000 0011 2000 0000 0000 0000#1626595683941056#-44.0#0.8344855486097889#9
0000 0017 2000 0000 0000 0000#1626595683942601#-29.0#2.497320722677824#9
0000 0016 2000 0000 0000 0000#1626595683944104#-35.5#3.8840393549264434#9
0000 001C 2000 0000 0000 0000#1626595683945688#-42.5#3.429981041712294#9
0000 001A 2000 0000 0000 0000#1626595683946977#-48.0#6.080699843178682#9
0000 000F 2000 0000 0000 0000#1626595683948539#-34.5#2.380738182798515#9
0000 0013 2000 0000 0000 0000#1626595683949618#-41.0#3.650874275167826#9
0000 0010 2000 0000 0000 0000#1626595683951122#-38.5#1.7548740213411735#9
0000 0015 2000 0000 0000 0000#1626595683952726#-59.5#2.9759227284981438#9
0000 0018 2000 0000 0000 0000#1626595683953987#-37.0#2.061670178918302#9
0000 001D 2000 0000 0000 0000#1626595683955047#-56.5#2.9268353432858034#9
0000 0012 2000 0000 0000 0000#1626595683956890#-48.0#5.411884219660542#9
0000 0019 2000 0000 0000 0000#1626595683958425#-43.5#1.2578642460662257#9
0000 0014 2000 0000 0000 0000#1626595683961443#-47.0#3.3870295796514958#9
0000 001B 2000 0000 0000 0000#1626595683963962#-42.5#3.822680123411018#9
0000 001C 2000 0000 0000 0000#1626595683968048#-43.5#3.4054373491061236#9
0000 0014 2000 0000 0000 0000#1626595683969614#-47.5#3.3624858870453256#9
0000 0013 2000 0000 0000 0000#1626595683970924#-41.0#3.56497135104623#9
0000 0010 2000 0000 0000 0000#1626595683972014#-39.0#1.705786636128833#9
0000 0011 2000 0000 0000 0000#1626595683973046#-44.5#0.6565437772150544#9
0000 0016 2000 0000 0000 0000#1626595683974083#-35.5#3.792000507653305#9
0000 0017 2000 0000 0000 0000#1626595683975160#-29.5#2.423689644859313#9
0000 0019 2000 0000 0000 0000#1626595683976919#-43.5#1.2026409377023426#9
0000 0012 2000 0000 0000 0000#1626595683977995#-47.0#5.1725832167503825#9
0000 0018 2000 0000 0000 0000#1626595683979299#-37.0#2.000310947402876#9
0000 001B 2000 0000 0000 0000#1626595683981318#-42.0#3.706097583531709#9
0000 000F 2000 0000 0000 0000#1626595683982625#-35.0#2.350058567040802#9
0000 0015 2000 0000 0000 0000#1626595683983672#-59.0#2.9145634969827183#9
0000 001A 2000 0000 0000 0000#1626595683985228#-47.5#5.755495916146925#9
0000 001D 2000 0000 0000 0000#1626595683988757#-56.5#2.718213956133356#9
0000 0011 2000 0000 0000 0000#1626595684255561#-43.0#4.381049130201391#9
0000 0016 2000 0000 0000 0000#1626595684258196#-37.5#2.834796496012665#9
0000 001B 2000 0000 0000 0000#1626595684259518#-45.5#2.7857091108003242#9
0000 0013 2000 0000 0000 0000#1626595684260614#-50.0#2.6998061866787286#9
0000 0017 2000 0000 0000 0000#1626595684261906#-33.5#1.4971652489763858#9
0000 000F 2000 0000 0000 0000#1626595684262983#-39.5#1.368310862793992#9
0000 0019 2000 0000 0000 0000#1626595684264302#-48.0#5.21553467881118#9
0000 0015 2000 0000 0000 0000#1626595684265392#-63.5#2.018718716857504#9
0000 001D 2000 0000 0000 0000#1626595684266470#-62.0#0.3129320807286708#9
0000 0012 2000 0000 0000 0000#1626595684267473#-39.5#2.761165418194154#9
0000 0014 2000 0000 0000 0000#1626595684268540#-55.5#1.8100973297050567#9
0000 0018 2000 0000 0000 0000#1626595684269695#-42.0#0.8713010875190442#9
0000 001A 2000 0000 0000 0000#1626595684270867#-37.5#2.8532042654672924#9
0000 001C 2000 0000 0000 0000#1626595684272308#-54.5#2.116893487282185#9
0000 0010 2000 0000 0000 0000#1626595684274266#-44.0#0.1718058482431918#9
0000 0012 2000 0000 0000 0000#1626595684278797#-39.5#2.736621725587984#9
0000 0010 2000 0000 0000 0000#1626595684279882#-45.5#0.16566992509164924#9
0000 001D 2000 0000 0000 0000#1626595684281512#-61.0#0.1595340019401067#9
0000 0017 2000 0000 0000 0000#1626595684282557#-34.0#1.4480778637640452#9
0000 0014 2000 0000 0000 0000#1626595684283623#-55.5#1.6812429435226628#9
0000 001B 2000 0000 0000 0000#1626595684284676#-46.5#2.804116880254952#9
0000 0011 2000 0000 0000 0000#1626595684286406#-43.0#4.061981126321178#9
0000 0015 2000 0000 0000 0000#1626595684287486#-61.5#1.9266798695843652#9
0000 001C 2000 0000 0000 0000#1626595684288782#-55.0#2.0064468705544187#9
0000 0019 2000 0000 0000 0000#1626595684290085#-47.0#4.95168998329485#9
0000 000F 2000 0000 0000 0000#1626595684291149#-40.0#1.2762720155208536#9
0000 0018 2000 0000 0000 0000#1626595684293032#-43.0#0.7976700097005334#9
0000 001A 2000 0000 0000 0000#1626595684295665#-37.5#2.791845033951867#9
0000 0016 2000 0000 0000 0000#1626595684297203#-37.5#2.761165418194154#9
0000 0013 2000 0000 0000 0000#1626595684300121#-52.5#2.6445828783148455#9
0000 001D 2000 0000 0000 0000#1626595684566933#-55.5#2.988194574801229#9
0000 0016 2000 0000 0000 0000#1626595684567979#-42.0#2.5402721847386216#9
0000 0014 2000 0000 0000 0000#1626595684570037#-55.5#5.197126909356553#9
0000 001C 2000 0000 0000 0000#1626595684571564#-55.0#6.080699843178682#9
0000 0012 2000 0000 0000 0000#1626595684573094#-51.5#2.552544031041707#9
0000 0013 2000 0000 0000 0000#1626595684574173#-52.5#0.944932165337555#9
0000 001A 2000 0000 0000 0000#1626595684575703#-48.5#2.7857091108003242#9
0000 0015 2000 0000 0000 0000#1626595684577224#-57.0#1.8530487917658545#9
0000 0018 2000 0000 0000 0000#1626595684578252#-47.0#5.1725832167503825#9
0000 000F 2000 0000 0000 0000#1626595684579581#-47.5#0.1227184630308513#9
0000 0010 2000 0000 0000 0000#1626595684581435#-41.0#4.2092432819582#9
0000 0017 2000 0000 0000 0000#1626595684582954#-42.5#0.7363107781851077#9
0000 0011 2000 0000 0000 0000#1626595684585981#-41.5#3.074097498922825#9
0000 001B 2000 0000 0000 0000#1626595684587075#-53.5#1.3130875544301088#9
0000 0019 2000 0000 0000 0000#1626595684588792#-40.5#3.423845118560751#9
0000 0019 2000 0000 0000 0000#1626595684594867#-40.5#3.411573272257666#9
0000 0011 2000 0000 0000 0000#1626595684596169#-42.0#3.0495538063166547#9
0000 000F 2000 0000 0000 0000#1626595684597727#-48.5#6.240233845118788#9
0000 0010 2000 0000 0000 0000#1626595684599081#-42.5#4.1172044346850605#9
0000 001C 2000 0000 0000 0000#1626595684600861#-55.5#5.7616318392984684#9
0000 0012 2000 0000 0000 0000#1626595684602165#-52.0#2.36846633649543#9
0000 0016 2000 0000 0000 0000#1626595684603243#-43.0#2.466641106920111#9
0000 0013 2000 0000 0000 0000#1626595684606006#-52.5#0.6258641614573416#9
0000 0017 2000 0000 0000 0000#1626595684607807#-42.5#0.5460971604872883#9
0000 0015 2000 0000 0000 0000#1626595684609145#-57.5#1.6382914814618648#9
0000 001B 2000 0000 0000 0000#1626595684610519#-53.5#1.1106020904292042#9
0000 0014 2000 0000 0000 0000#1626595684612085#-56.0#4.8351074434155406#9
0000 001A 2000 0000 0000 0000#1626595684613160#-50.5#2.6813984172241008#9
0000 001D 2000 0000 0000 0000#1626595684615432#-55.5#2.6016314162540475#9
0000 0018 2000 0000 0000 0000#1626595684616691#-46.5#4.865787059173254#9
