0000 0010 2000 0000 0000 0000#1626595469230666#-46.0#3.749049045592507#9
0000 0015 2000 0000 0000 0000#1626595469232028#-53.5#3.3011266555298997#9
0000 0017 2000 0000 0000 0000#1626595469233047#-43.5#2.448233337465483#9
0000 001D 2000 0000 0000 0000#1626595469234833#-48.5#2.2089323345553233#9
0000 000F 2000 0000 0000 0000#1626595469235911#-46.0#3.0127382674073995#9
0000 0012 2000 0000 0000 0000#1626595469237897#-50.0#5.780039608753096#9
0000 0011 2000 0000 0000 0000#1626595469238944#-46.5#4.424000592262189#9
0000 001A 2000 0000 0000 0000#1626595469239989#-47.0#5.1725832167503825#9
0000 0019 2000 0000 0000 0000#1626595469241036#-46.0#4.221515128261284#9
0000 001B 2000 0000 0000 0000#1626595469242242#-49.5#0.3620194659410113#9
0000 0018 2000 0000 0000 0000#1626595469243347#-46.0#3.429981041712294#9
0000 001C 2000 0000 0000 0000#1626595469245513#-49.0#1.4848934026733007#9
0000 0013 2000 0000 0000 0000#1626595469246694#-51.5#0.8467573949128739#9
0000 0016 2000 0000 0000 0000#1626595469247985#-62.0#4.025165587411922#9
0000 0014 2000 0000 0000 0000#1626595469249036#-49.5#1.7978254834019713#9
0000 000F 2000 0000 0000 0000#1626595469253370#-46.5#3.0066023442558567#9
0000 0018 2000 0000 0000 0000#1626595469255818#-46.0#3.429981041712294#9
0000 0012 2000 0000 0000 0000#1626595469256878#-50.0#5.773903685601553#9
0000 0013 2000 0000 0000 0000#1626595469257931#-51.5#0.859029241215959#9
0000 0017 2000 0000 0000 0000#1626595469260310#-43.0#2.435961491162398#9
0000 001D 2000 0000 0000 0000#1626595469261601#-48.5#2.2089323345553233#9
0000 0015 2000 0000 0000 0000#1626595469262661#-53.5#3.3624858870453256#9
0000 0019 2000 0000 0000 0000#1626595469263697#-46.0#4.227651051412827#9
0000 001C 2000 0000 0000 0000#1626595469264725#-49.5#1.4910293258248433#9
0000 0014 2000 0000 0000 0000#1626595469265777#-49.5#1.7732817907958012#9
0000 0016 2000 0000 0000 0000#1626595469267239#-63.0#3.9760782021995817#9
0000 0010 2000 0000 0000 0000#1626595469268352#-44.5#3.767456815047135#9
0000 001B 2000 0000 0000 0000#1626595469269399#-49.5#0.36815538909255385#9
0000 0011 2000 0000 0000 0000#1626595469270743#-46.5#4.4362724385652745#9
0000 001A 2000 0000 0000 0000#1626595469272333#-47.0#5.141903600992669#9
0000 001C 2000 0000 0000 0000#1626595469536277#-49.0#2.2334760271614935#9
0000 0010 2000 0000 0000 0000#1626595469537334#-45.0#4.546719055293041#9
0000 001D 2000 0000 0000 0000#1626595469538612#-49.0#3.0250101137104846#9
0000 0014 2000 0000 0000 0000#1626595469540703#-49.5#2.5586799541932495#9
0000 0019 2000 0000 0000 0000#1626595469541779#-45.5#4.970097752749477#9
0000 0011 2000 0000 0000 0000#1626595469542825#-46.0#5.184855063053467#9
0000 0017 2000 0000 0000 0000#1626595469544386#-42.5#3.3011266555298997#9
0000 0016 2000 0000 0000 0000#1626595469545436#-61.5#4.884194828627882#9
0000 000F 2000 0000 0000 0000#1626595469546487#-45.5#3.822680123411018#9
0000 0018 2000 0000 0000 0000#1626595469547559#-45.5#4.227651051412827#9
0000 0012 2000 0000 0000 0000#1626595469550716#-49.5#0.2454369260617026#9
0000 0015 2000 0000 0000 0000#1626595469551762#-53.0#4.147884050442774#9
0000 001A 2000 0000 0000 0000#1626595469552826#-47.0#5.927301764390117#9
0000 0013 2000 0000 0000 0000#1626595469554601#-51.5#1.5830681730979816#9
0000 001B 2000 0000 0000 0000#1626595469568264#-49.5#0.9387962421860124#9
0000 001B 2000 0000 0000 0000#1626595469573093#-49.5#0.9387962421860124#9
0000 001C 2000 0000 0000 0000#1626595469574634#-48.5#2.0493983326152168#9
0000 001D 2000 0000 0000 0000#1626595469576166#-48.5#2.804116880254952#9
0000 000F 2000 0000 0000 0000#1626595469579187#-45.0#3.6570101983193686#9
0000 0019 2000 0000 0000 0000#1626595469580236#-45.5#4.7860200582032#9
0000 001A 2000 0000 0000 0000#1626595469581324#-47.0#5.712544454086128#9
0000 0014 2000 0000 0000 0000#1626595469582648#-50.0#2.36846633649543#9
0000 0016 2000 0000 0000 0000#1626595469583740#-62.0#4.6448938257177215#9
0000 0012 2000 0000 0000 0000#1626595469584815#-50.0#0.03681553890925539#9
0000 0018 2000 0000 0000 0000#1626595469585891#-45.5#4.061981126321178#9
0000 0017 2000 0000 0000 0000#1626595469587525#-43.5#3.055689729468197#9
0000 0011 2000 0000 0000 0000#1626595469588681#-44.5#4.97623367590102#9
0000 0010 2000 0000 0000 0000#1626595469589789#-43.5#4.368777283898306#9
0000 0015 2000 0000 0000 0000#1626595469590968#-53.5#3.9760782021995817#9
0000 0013 2000 0000 0000 0000#1626595469592026#-51.0#1.380582709097077#9
0000 001B 2000 0000 0000 0000#1626595469859705#-47.5#1.4910293258248433#9
0000 0013 2000 0000 0000 0000#1626595469862232#-48.0#1.9266798695843652#9
0000 0017 2000 0000 0000 0000#1626595469863927#-37.5#2.5893595699509624#9
0000 0014 2000 0000 0000 0000#1626595469865011#-46.5#2.6200391857086753#9
0000 0019 2000 0000 0000 0000#1626595469866320#-47.5#5.141903600992669#9
0000 0016 2000 0000 0000 0000#1626595469867413#-47.5#3.3440781175906977#9
0000 001A 2000 0000 0000 0000#1626595469870654#-47.5#0.28225246497095796#9
0000 0012 2000 0000 0000 0000#1626595469872861#-48.5#0.9510680884890975#9
0000 000F 2000 0000 0000 0000#1626595469873954#-42.5#3.2643111166206444#9
0000 001D 2000 0000 0000 0000#1626595469874958#-46.5#3.0250101137104846#9
0000 0015 2000 0000 0000 0000#1626595469876011#-51.5#4.031301510563465#9
0000 0018 2000 0000 0000 0000#1626595469877343#-45.5#3.8410878928656453#9
0000 0011 2000 0000 0000 0000#1626595469878759#-48.5#5.663457068873787#9
0000 0010 2000 0000 0000 0000#1626595469879832#-46.5#4.381049130201391#9
0000 001C 2000 0000 0000 0000#1626595469880919#-46.0#2.399145952253143#9
0000 001A 2000 0000 0000 0000#1626595469887752#-47.0#0.3865631585471816#9
0000 001B 2000 0000 0000 0000#1626595469888788#-47.0#1.6382914814618648#9
0000 0016 2000 0000 0000 0000#1626595469889885#-46.5#3.2949907323783574#9
0000 0018 2000 0000 0000 0000#1626595469891929#-45.5#3.8840393549264434#9
0000 0012 2000 0000 0000 0000#1626595469893004#-48.0#1.0246991663076084#9
0000 0015 2000 0000 0000 0000#1626595469894779#-51.5#4.0558452031696355#9
0000 0011 2000 0000 0000 0000#1626595469896794#-48.5#5.730952223540755#9
0000 000F 2000 0000 0000 0000#1626595469897816#-42.5#3.2827188860752723#9
0000 0010 2000 0000 0000 0000#1626595469898874#-46.5#4.4362724385652745#9
0000 001D 2000 0000 0000 0000#1626595469899923#-46.5#3.055689729468197#9
0000 0014 2000 0000 0000 0000#1626595469900988#-46.5#2.705942109830271#9
0000 001C 2000 0000 0000 0000#1626595469902060#-45.5#2.4727770300716534#9
0000 0017 2000 0000 0000 0000#1626595469903847#-37.0#2.6016314162540475#9
0000 0019 2000 0000 0000 0000#1626595469906125#-48.0#5.338253141842031#9
0000 0013 2000 0000 0000 0000#1626595469909145#-47.0#2.073942025221387#9
0000 0011 2000 0000 0000 0000#1626595470173508#-47.0#0.6749515466696822#9
0000 001A 2000 0000 0000 0000#1626595470174753#-43.0#1.282407938672396#9
0000 0012 2000 0000 0000 0000#1626595470175857#-43.5#1.7241944055834606#9
0000 0017 2000 0000 0000 0000#1626595470178195#-36.5#2.7857091108003242#9
0000 001B 2000 0000 0000 0000#1626595470179235#-42.5#2.110757564130642#9
0000 0010 2000 0000 0000 0000#1626595470180793#-48.5#5.460971604872882#9
0000 0013 2000 0000 0000 0000#1626595470182386#-44.0#2.4727770300716534#9
0000 001D 2000 0000 0000 0000#1626595470183718#-43.0#3.3318062712876126#9
0000 001C 2000 0000 0000 0000#1626595470185319#-42.5#2.7979809571034093#9
0000 000F 2000 0000 0000 0000#1626595470186595#-43.0#3.718369429834794#9
0000 0019 2000 0000 0000 0000#1626595470187698#-47.5#0.35588354278946877#9
0000 0018 2000 0000 0000 0000#1626595470190311#-47.5#4.626486056263094#9
0000 0014 2000 0000 0000 0000#1626595470191876#-44.0#3.067961575771282#9
0000 0016 2000 0000 0000 0000#1626595470192952#-41.5#3.2090878082567613#9
0000 0015 2000 0000 0000 0000#1626595470197213#-49.5#4.276738436625168#9
0000 000F 2000 0000 0000 0000#1626595470203597#-43.0#3.80427235395639#9
0000 0013 2000 0000 0000 0000#1626595470204906#-44.0#2.5341362615870793#9
0000 001D 2000 0000 0000 0000#1626595470207015#-43.0#3.399301425954581#9
0000 001A 2000 0000 0000 0000#1626595470208419#-41.5#1.4051264017032472#9
0000 0017 2000 0000 0000 0000#1626595470210224#-36.5#2.890019804376548#9
0000 0014 2000 0000 0000 0000#1626595470211306#-44.0#3.117048960983623#9
0000 001C 2000 0000 0000 0000#1626595470212391#-42.5#2.8961557275280905#9
0000 0012 2000 0000 0000 0000#1626595470214192#-43.0#1.8346410223112268#9
0000 0011 2000 0000 0000 0000#1626595470215207#-46.0#0.8897088569736719#9
0000 0018 2000 0000 0000 0000#1626595470216838#-47.0#4.804427827657828#9
0000 0019 2000 0000 0000 0000#1626595470217887#-47.0#0.5092816215780329#9
0000 0016 2000 0000 0000 0000#1626595470219235#-41.0#3.2520392703175593#9
0000 0010 2000 0000 0000 0000#1626595470220325#-48.0#5.6941366846315#9
0000 001B 2000 0000 0000 0000#1626595470221845#-42.5#2.2396119503130363#9
0000 0015 2000 0000 0000 0000#1626595470223520#-49.0#4.313553975534423#9
0000 0014 2000 0000 0000 0000#1626595470487546#-42.0#4.000621894805752#9
0000 0017 2000 0000 0000 0000#1626595470488837#-35.5#4.387185053352934#9
0000 0012 2000 0000 0000 0000#1626595470490441#-40.5#2.84706834231575#9
0000 001A 2000 0000 0000 0000#1626595470491517#-39.5#2.497320722677824#9
0000 001B 2000 0000 0000 0000#1626595470494489#-40.5#3.2090878082567613#9
0000 001C 2000 0000 0000 0000#1626595470495548#-41.0#3.8717675086233583#9
0000 0016 2000 0000 0000 0000#1626595470496599#-39.5#4.473087977474529#9
0000 0010 2000 0000 0000 0000#1626595470497646#-45.0#1.043106935762236#9
0000 0015 2000 0000 0000 0000#1626595470499189#-48.5#5.037592907416445#9
0000 0018 2000 0000 0000 0000#1626595470501034#-46.0#0.2086213871524472#9
0000 001D 2000 0000 0000 0000#1626595470504653#-41.5#4.215379205109742#9
0000 0019 2000 0000 0000 0000#1626595470505772#-43.5#1.932815792735908#9
0000 0013 2000 0000 0000 0000#1626595470506824#-41.5#3.5711072741977725#9
0000 0011 2000 0000 0000 0000#1626595470508935#-40.5#2.1230294104337273#9
0000 000F 2000 0000 0000 0000#1626595470510042#-43.0#5.534602682691394#9
0000 0011 2000 0000 0000 0000#1626595470515706#-42.0#2.141437179888355#9
0000 000F 2000 0000 0000 0000#1626595470516998#-43.0#5.565282298449106#9
0000 0016 2000 0000 0000 0000#1626595470518334#-39.5#4.595806440505381#9
0000 001D 2000 0000 0000 0000#1626595470519637#-42.0#4.246058820867455#9
0000 0017 2000 0000 0000 0000#1626595470521933#-36.0#4.552854978444583#9
0000 001B 2000 0000 0000 0000#1626595470523718#-40.5#3.2765829629237295#9
0000 0019 2000 0000 0000 0000#1626595470524811#-43.0#1.9880391010997909#9
0000 0012 2000 0000 0000 0000#1626595470526358#-40.5#2.9329712664373457#9
0000 0018 2000 0000 0000 0000#1626595470528906#-45.5#0.3436116964863836#9
0000 0014 2000 0000 0000 0000#1626595470530657#-42.0#4.09266074207889#9
0000 001C 2000 0000 0000 0000#1626595470532067#-40.5#3.933126740138784#9
0000 0013 2000 0000 0000 0000#1626595470533380#-41.5#3.6447383520162835#9
0000 0010 2000 0000 0000 0000#1626595470534967#-45.0#1.1719613219446299#9
0000 0015 2000 0000 0000 0000#1626595470537623#-48.0#5.098952138931871#9
0000 001A 2000 0000 0000 0000#1626595470539306#-39.5#2.6139032625571326#9
0000 0013 2000 0000 0000 0000#1626595470807238#-40.0#4.773748211900116#9
0000 000F 2000 0000 0000 0000#1626595470808581#-39.5#1.1719613219446299#9
0000 0016 2000 0000 0000 0000#1626595470810768#-39.5#0.1043106935762236#9
0000 001A 2000 0000 0000 0000#1626595470812080#-38.0#3.902447124381071#9
0000 0015 2000 0000 0000 0000#1626595470813607#-48.0#5.921165841238575#9
0000 0011 2000 0000 0000 0000#1626595470814695#-39.0#3.5036121195308043#9
0000 0012 2000 0000 0000 0000#1626595470817178#-37.5#4.221515128261284#9
0000 0014 2000 0000 0000 0000#1626595470818274#-40.0#5.105088062083414#9
0000 001B 2000 0000 0000 0000#1626595470819341#-38.0#4.4976316700806995#9
0000 0017 2000 0000 0000 0000#1626595470820461#-34.0#0.2454369260617026#9
0000 001C 2000 0000 0000 0000#1626595470822146#-39.0#5.006913291658733#9
0000 001D 2000 0000 0000 0000#1626595470823671#-41.0#5.190990986205009#9
0000 0019 2000 0000 0000 0000#1626595470826746#-40.5#3.380893656499953#9
0000 0010 2000 0000 0000 0000#1626595470828236#-41.5#2.675262494072558#9
0000 0018 2000 0000 0000 0000#1626595470829281#-41.0#2.0493983326152168#9
0000 0017 2000 0000 0000 0000#1626595470833773#-34.0#0.30679615757712825#9
0000 000F 2000 0000 0000 0000#1626595470835277#-39.0#1.2762720155208536#9
0000 0011 2000 0000 0000 0000#1626595470836791#-39.0#3.552699504743145#9
0000 001B 2000 0000 0000 0000#1626595470837888#-38.5#4.552854978444583#9
0000 0013 2000 0000 0000 0000#1626595470838958#-39.5#4.816699673960914#9
0000 001A 2000 0000 0000 0000#1626595470841015#-37.5#3.9453985864418692#9
0000 0016 2000 0000 0000 0000#1626595470842306#-39.0#0.2638446955163303#9
0000 0014 2000 0000 0000 0000#1626595470843360#-40.0#5.129631754689584#9
0000 001C 2000 0000 0000 0000#1626595470846115#-38.5#5.031456984264903#9
0000 0012 2000 0000 0000 0000#1626595470847450#-38.5#4.28287435977671#9
0000 001D 2000 0000 0000 0000#1626595470849036#-40.5#5.221670601962723#9
0000 0015 2000 0000 0000 0000#1626595470851994#-48.0#5.945709533844745#9
0000 0019 2000 0000 0000 0000#1626595470854362#-40.5#3.454524734318464#9
0000 0010 2000 0000 0000 0000#1626595470859083#-41.0#2.7550294950426117#9
0000 0018 2000 0000 0000 0000#1626595470860128#-41.0#2.1475731030398975#9
0000 0010 2000 0000 0000 0000#1626595471123960#-38.5#2.8777479580734626#9
0000 001D 2000 0000 0000 0000#1626595471125036#-40.0#5.062136600022616#9
0000 001B 2000 0000 0000 0000#1626595471126146#-37.0#4.614214209960009#9
0000 0013 2000 0000 0000 0000#1626595471129487#-39.0#4.841243366567084#9
0000 0014 2000 0000 0000 0000#1626595471130510#-39.5#5.043728830567988#9
0000 0012 2000 0000 0000 0000#1626595471131558#-37.0#4.368777283898306#9
0000 0016 2000 0000 0000 0000#1626595471132567#-37.0#1.0615147052168636#9
0000 001C 2000 0000 0000 0000#1626595471133664#-38.0#4.97623367590102#9
0000 0018 2000 0000 0000 0000#1626595471135092#-37.0#2.405281875404685#9
0000 0017 2000 0000 0000 0000#1626595471136397#-31.0#1.0369710126106935#9
0000 0019 2000 0000 0000 0000#1626595471137462#-38.0#3.5588354278946874#9
0000 000F 2000 0000 0000 0000#1626595471138797#-35.5#1.8285050991596843#9
0000 0011 2000 0000 0000 0000#1626595471139887#-37.0#3.6876898140770815#9
0000 001A 2000 0000 0000 0000#1626595471141446#-36.0#4.061981126321178#9
0000 0015 2000 0000 0000 0000#1626595471142595#-48.0#5.6941366846315#9
0000 0018 2000 0000 0000 0000#1626595471149897#-37.5#2.448233337465483#9
0000 0012 2000 0000 0000 0000#1626595471152531#-37.0#4.405592822807561#9
0000 0011 2000 0000 0000 0000#1626595471153621#-37.0#3.6999616603801666#9
0000 0017 2000 0000 0000 0000#1626595471154696#-30.5#1.0799224746714913#9
0000 001A 2000 0000 0000 0000#1626595471156258#-36.0#4.080388895775806#9
0000 0019 2000 0000 0000 0000#1626595471157570#-38.0#3.5833791205008576#9
0000 0016 2000 0000 0000 0000#1626595471158913#-36.5#1.1474176293384597#9
0000 0014 2000 0000 0000 0000#1626595471159996#-39.5#5.062136600022616#9
0000 0010 2000 0000 0000 0000#1626595471161015#-38.0#2.9391071895888885#9
0000 001B 2000 0000 0000 0000#1626595471163786#-37.0#4.651029748869264#9
0000 000F 2000 0000 0000 0000#1626595471164907#-35.0#1.88986433067511#9
0000 0013 2000 0000 0000 0000#1626595471165976#-38.5#4.890330751779424#9
0000 001C 2000 0000 0000 0000#1626595471167661#-37.5#5.006913291658733#9
0000 0015 2000 0000 0000 0000#1626595471169083#-48.0#5.712544454086128#9
0000 001D 2000 0000 0000 0000#1626595471170584#-40.0#5.086680292628786#9
0000 0011 2000 0000 0000 0000#1626595471439516#-36.5#3.761320891895592#9
0000 0017 2000 0000 0000 0000#1626595471440638#-28.5#1.6014759425526093#9
0000 001A 2000 0000 0000 0000#1626595471442431#-35.5#4.111068511533518#9
0000 0013 2000 0000 0000 0000#1626595471443710#-39.0#4.828971520263998#9
0000 0018 2000 0000 0000 0000#1626595471444786#-35.0#2.650718801466388#9
0000 0012 2000 0000 0000 0000#1626595471446120#-37.0#4.424000592262189#9
0000 0016 2000 0000 0000 0000#1626595471448168#-34.5#1.8039614065535141#9
0000 001D 2000 0000 0000 0000#1626595471449870#-41.0#4.81056375080937#9
0000 001C 2000 0000 0000 0000#1626595471452087#-38.0#4.878058905476339#9
0000 000F 2000 0000 0000 0000#1626595471454169#-33.0#2.2027964114037806#9
0000 0019 2000 0000 0000 0000#1626595471455235#-37.0#3.6692820446224537#9
0000 0015 2000 0000 0000 0000#1626595471456313#-48.5#5.325981295538946#9
0000 001B 2000 0000 0000 0000#1626595471458163#-37.0#4.601942363656923#9
0000 0010 2000 0000 0000 0000#1626595471459278#-35.0#3.104777114680538#9
0000 0014 2000 0000 0000 0000#1626595471460746#-39.5#4.890330751779424#9
0000 000F 2000 0000 0000 0000#1626595471465880#-33.0#2.2457478734645786#9
0000 0017 2000 0000 0000 0000#1626595471467438#-28.5#1.6812429435226628#9
0000 0015 2000 0000 0000 0000#1626595471469570#-48.5#5.3198453723874035#9
0000 001A 2000 0000 0000 0000#1626595471471244#-36.0#4.1601558967458585#9
0000 0018 2000 0000 0000 0000#1626595471472342#-33.5#2.693670263527186#9
0000 0016 2000 0000 0000 0000#1626595471473608#-34.0#1.88986433067511#9
0000 0013 2000 0000 0000 0000#1626595471474938#-39.0#4.847379289718626#9
0000 0011 2000 0000 0000 0000#1626595471476081#-35.5#3.822680123411018#9
0000 0010 2000 0000 0000 0000#1626595471477843#-35.0#3.11091303783208#9
0000 0012 2000 0000 0000 0000#1626595471478895#-37.0#4.454680208019902#9
0000 0019 2000 0000 0000 0000#1626595471479958#-37.0#3.706097583531709#9
0000 001C 2000 0000 0000 0000#1626595471481085#-38.5#4.890330751779424#9
0000 0014 2000 0000 0000 0000#1626595471483527#-40.0#4.908738521234052#9
0000 001D 2000 0000 0000 0000#1626595471486142#-40.0#4.81056375080937#9
0000 001B 2000 0000 0000 0000#1626595471487195#-37.5#4.6448938257177215#9
0000 0010 2000 0000 0000 0000#1626595471750155#-34.0#3.7551849687440497#9
0000 0017 2000 0000 0000 0000#1626595471751729#-26.5#2.6139032625571326#9
0000 0012 2000 0000 0000 0000#1626595471752788#-37.5#4.896466674930966#9
0000 001A 2000 0000 0000 0000#1626595471753865#-37.0#4.632621979414636#9
0000 0013 2000 0000 0000 0000#1626595471755984#-40.0#5.166447293598839#9
0000 0014 2000 0000 0000 0000#1626595471757351#-41.0#5.098952138931871#9
0000 000F 2000 0000 0000 0000#1626595471758911#-32.0#3.104777114680538#9
0000 001D 2000 0000 0000 0000#1626595471761195#-43.0#4.884194828627882#9
0000 001B 2000 0000 0000 0000#1626595471762275#-38.0#4.963961829597935#9
0000 0019 2000 0000 0000 0000#1626595471764300#-37.0#4.28287435977671#9
0000 0016 2000 0000 0000 0000#1626595471765671#-33.0#2.9636508821950587#9
0000 0011 2000 0000 0000 0000#1626595471769397#-35.0#4.374913207049849#9
0000 0018 2000 0000 0000 0000#1626595471770540#-32.5#3.4606606574700063#9
0000 0015 2000 0000 0000 0000#1626595471772560#-50.0#5.270757987175063#9
0000 001C 2000 0000 0000 0000#1626595471774204#-39.5#5.117359908386499#9
0000 001C 2000 0000 0000 0000#1626595471779138#-39.5#5.117359908386499#9
0000 0010 2000 0000 0000 0000#1626595471780520#-34.0#3.792000507653305#9
0000 0016 2000 0000 0000 0000#1626595471782114#-33.0#3.0066023442558567#9
0000 001A 2000 0000 0000 0000#1626595471784953#-37.0#4.663301595172349#9
0000 0017 2000 0000 0000 0000#1626595471786098#-25.0#2.6875343403756435#9
0000 0013 2000 0000 0000 0000#1626595471787395#-40.0#5.166447293598839#9
0000 001B 2000 0000 0000 0000#1626595471788501#-38.0#4.963961829597935#9
0000 0011 2000 0000 0000 0000#1626595471789660#-35.0#4.3933209765044765#9
0000 0018 2000 0000 0000 0000#1626595471790723#-33.5#3.4913402732277192#9
0000 0019 2000 0000 0000 0000#1626595471791755#-37.0#4.319689898685965#9
0000 000F 2000 0000 0000 0000#1626595471792822#-31.5#3.1784081924990484#9
0000 0012 2000 0000 0000 0000#1626595471795455#-37.5#4.914874444385594#9
0000 001D 2000 0000 0000 0000#1626595471796520#-43.0#4.841243366567084#9
0000 0014 2000 0000 0000 0000#1626595471798068#-41.5#5.080544369477243#9
0000 0015 2000 0000 0000 0000#1626595471800857#-50.5#5.184855063053467#9
0000 0016 2000 0000 0000 0000#1626595472065374#-32.0#4.338097668140593#9
0000 0011 2000 0000 0000 0000#1626595472066692#-37.0#5.006913291658733#9
0000 001B 2000 0000 0000 0000#1626595472068213#-40.5#5.301437602932776#9
0000 001D 2000 0000 0000 0000#1626595472070013#-45.0#4.945554060143307#9
0000 0014 2000 0000 0000 0000#1626595472071649#-43.5#5.270757987175063#9
0000 0010 2000 0000 0000 0000#1626595472072789#-34.0#4.663301595172349#9
0000 000F 2000 0000 0000 0000#1626595472073841#-30.5#4.246058820867455#9
0000 0018 2000 0000 0000 0000#1626595472074966#-32.0#4.448544284868359#9
0000 0012 2000 0000 0000 0000#1626595472076301#-39.0#5.313709449235861#9
0000 001C 2000 0000 0000 0000#1626595472078085#-42.0#5.325981295538946#9
0000 0013 2000 0000 0000 0000#1626595472079109#-43.0#5.47937937432751#9
0000 0017 2000 0000 0000 0000#1626595472080369#-27.0#3.9269908169872414#9
0000 001A 2000 0000 0000 0000#1626595472081757#-36.5#5.117359908386499#9
0000 0015 2000 0000 0000 0000#1626595472085520#-52.0#5.258486140871978#9
0000 0019 2000 0000 0000 0000#1626595472086808#-37.0#5.013049214810275#9
0000 0018 2000 0000 0000 0000#1626595472093448#-33.0#4.473087977474529#9
0000 0014 2000 0000 0000 0000#1626595472095027#-43.5#5.240078371417351#9
0000 0012 2000 0000 0000 0000#1626595472096119#-39.5#5.301437602932776#9
0000 001D 2000 0000 0000 0000#1626595472097380#-45.0#4.878058905476339#9
0000 001B 2000 0000 0000 0000#1626595472099009#-40.0#5.264622064023521#9
0000 001C 2000 0000 0000 0000#1626595472100807#-42.5#5.283029833478148#9
0000 000F 2000 0000 0000 0000#1626595472102341#-30.5#4.28287435977671#9
0000 0017 2000 0000 0000 0000#1626595472103658#-27.0#3.9638063558964967#9
0000 0016 2000 0000 0000 0000#1626595472105976#-32.0#4.4362724385652745#9
0000 0013 2000 0000 0000 0000#1626595472107100#-42.5#5.436427912266712#9
0000 0015 2000 0000 0000 0000#1626595472108222#-52.0#5.197126909356553#9
0000 0011 2000 0000 0000 0000#1626595472109738#-37.0#4.9823695990525625#9
0000 0010 2000 0000 0000 0000#1626595472113242#-35.5#4.693981210930062#9
0000 001A 2000 0000 0000 0000#1626595472116650#-37.5#5.105088062083414#9
0000 0019 2000 0000 0000 0000#1626595472117742#-37.0#5.00077736850719#9
0000 0011 2000 0000 0000 0000#1626595472380503#-36.5#4.356505437595221#9
0000 0016 2000 0000 0000 0000#1626595472382311#-32.0#4.479223900626073#9
0000 0010 2000 0000 0000 0000#1626595472383409#-33.0#4.276738436625168#9
0000 001A 2000 0000 0000 0000#1626595472384811#-38.0#4.344233591292136#9
0000 000F 2000 0000 0000 0000#1626595472386367#-30.5#4.1172044346850605#9
0000 0018 2000 0000 0000 0000#1626595472387869#-33.0#4.2031073588066565#9
0000 0014 2000 0000 0000 0000#1626595472388893#-45.5#4.295146206079795#9
0000 001D 2000 0000 0000 0000#1626595472390878#-47.5#3.9147189706841563#9
0000 001B 2000 0000 0000 0000#1626595472391958#-42.0#4.399456899656019#9
0000 0017 2000 0000 0000 0000#1626595472393717#-27.0#3.865631585471816#9
0000 0019 2000 0000 0000 0000#1626595472395110#-38.0#4.442408361716817#9
0000 0015 2000 0000 0000 0000#1626595472398010#-53.5#4.356505437595221#9
0000 001C 2000 0000 0000 0000#1626595472399109#-44.0#4.362641360746763#9
0000 0012 2000 0000 0000 0000#1626595472401241#-41.0#4.460816131171445#9
0000 0013 2000 0000 0000 0000#1626595472402536#-44.5#4.534447208989955#9
0000 0016 2000 0000 0000 0000#1626595472410115#-32.0#4.509903516383785#9
0000 000F 2000 0000 0000 0000#1626595472411499#-31.0#4.111068511533518#9
0000 001D 2000 0000 0000 0000#1626595472413088#-47.5#3.8717675086233583#9
0000 0017 2000 0000 0000 0000#1626595472414177#-27.0#3.8840393549264434#9
0000 0019 2000 0000 0000 0000#1626595472415254#-38.0#4.417864669110647#9
0000 0018 2000 0000 0000 0000#1626595472416806#-33.0#4.172427743048944#9
0000 001A 2000 0000 0000 0000#1626595472418930#-37.5#4.264466590322082#9
0000 001C 2000 0000 0000 0000#1626595472420344#-44.0#4.325825821837508#9
0000 0012 2000 0000 0000 0000#1626595472421402#-41.0#4.405592822807561#9
0000 0010 2000 0000 0000 0000#1626595472422520#-33.5#4.264466590322082#9
0000 0011 2000 0000 0000 0000#1626595472423610#-37.5#4.289010282928253#9
0000 0014 2000 0000 0000 0000#1626595472425195#-45.5#4.227651051412827#9
0000 0015 2000 0000 0000 0000#1626595472426857#-54.0#4.338097668140593#9
0000 001B 2000 0000 0000 0000#1626595472437962#-42.0#4.485359823777615#9
0000 0013 2000 0000 0000 0000#1626595472439046#-44.5#4.6448938257177215#9
0000 001D 2000 0000 0000 0000#1626595472702066#-49.0#2.9206994201342606#9
0000 0017 2000 0000 0000 0000#1626595472704393#-25.0#3.54042765844006#9
0000 0016 2000 0000 0000 0000#1626595472706086#-32.0#4.374913207049849#9
0000 0019 2000 0000 0000 0000#1626595472707390#-38.0#3.5711072741977725#9
0000 0015 2000 0000 0000 0000#1626595472708454#-58.0#3.423845118560751#9
0000 001B 2000 0000 0000 0000#1626595472709517#-43.0#3.4054373491061236#9
0000 0011 2000 0000 0000 0000#1626595472710565#-37.5#3.4054373491061236#9
0000 001A 2000 0000 0000 0000#1626595472711867#-40.0#3.2888548092268146#9
0000 000F 2000 0000 0000 0000#1626595472712945#-31.0#3.6692820446224537#9
0000 0012 2000 0000 0000 0000#1626595472714326#-40.5#3.448388811166921#9
0000 0010 2000 0000 0000 0000#1626595472715419#-34.5#3.5833791205008576#9
0000 0013 2000 0000 0000 0000#1626595472716699#-45.5#3.522019888985432#9
0000 0018 2000 0000 0000 0000#1626595472717776#-33.0#3.6140587362585705#9
0000 001C 2000 0000 0000 0000#1626595472719215#-46.5#3.368621810196868#9
0000 0014 2000 0000 0000 0000#1626595472721351#-48.5#3.313398501832985#9
0000 0018 2000 0000 0000 0000#1626595472725930#-33.0#3.6079228131070282#9
0000 001A 2000 0000 0000 0000#1626595472728000#-40.0#3.2581751934691017#9
0000 0010 2000 0000 0000 0000#1626595472729058#-34.5#3.5711072741977725#9
0000 0019 2000 0000 0000 0000#1626595472730364#-38.0#3.5342917352885173#9
0000 0017 2000 0000 0000 0000#1626595472731866#-26.5#3.5588354278946874#9
0000 0013 2000 0000 0000 0000#1626595472733413#-46.0#3.509748042682347#9
0000 0015 2000 0000 0000 0000#1626595472734707#-58.0#3.472932503773092#9
0000 0016 2000 0000 0000 0000#1626595472736289#-31.5#4.3933209765044765#9
0000 001B 2000 0000 0000 0000#1626595472738037#-43.5#3.3624858870453256#9
0000 001C 2000 0000 0000 0000#1626595472740571#-46.5#3.3318062712876126#9
0000 000F 2000 0000 0000 0000#1626595472741610#-31.0#3.663146121470911#9
0000 0014 2000 0000 0000 0000#1626595472744868#-49.0#3.2459033471660166#9
0000 0012 2000 0000 0000 0000#1626595472746299#-42.0#3.3870295796514958#9
0000 0011 2000 0000 0000 0000#1626595472747616#-37.5#3.3379421944391554#9
0000 001D 2000 0000 0000 0000#1626595472748788#-51.0#2.8102528034064944#9
0000 0011 2000 0000 0000 0000#1626595473012565#-38.0#3.06182565261974#9
0000 0016 2000 0000 0000 0000#1626595473013617#-32.0#4.571262747899211#9
0000 0013 2000 0000 0000 0000#1626595473014683#-48.5#3.0127382674073995#9
0000 001A 2000 0000 0000 0000#1626595473016805#-39.0#2.8409324191642074#9
0000 0012 2000 0000 0000 0000#1626595473019190#-43.0#2.9943304979527716#9
0000 0017 2000 0000 0000 0000#1626595473020283#-26.5#3.6079228131070282#9
0000 0018 2000 0000 0000 0000#1626595473021425#-31.5#3.472932503773092#9
0000 0014 2000 0000 0000 0000#1626595473023024#-52.0#2.6384469551633027#9
0000 001C 2000 0000 0000 0000#1626595473025746#-50.0#2.761165418194154#9
0000 001D 2000 0000 0000 0000#1626595473027045#-55.5#2.000310947402876#9
0000 001B 2000 0000 0000 0000#1626595473028095#-45.0#2.84706834231575#9
0000 0010 2000 0000 0000 0000#1626595473030866#-33.0#3.3440781175906977#9
0000 000F 2000 0000 0000 0000#1626595473032330#-30.5#3.6201946594101133#9
0000 0019 2000 0000 0000 0000#1626595473033979#-38.5#3.1906800388021335#9
0000 0015 2000 0000 0000 0000#1626595473035058#-64.5#2.2027964114037806#9
0000 000F 2000 0000 0000 0000#1626595473046881#-30.0#4.387185053352934#9
0000 0018 2000 0000 0000 0000#1626595473048356#-32.0#4.25833066717054#9
0000 0013 2000 0000 0000 0000#1626595473050007#-48.0#3.6876898140770815#9
0000 0015 2000 0000 0000 0000#1626595473051341#-63.5#2.779573187648782#9
0000 001A 2000 0000 0000 0000#1626595473052459#-40.0#3.5956509668039427#9
0000 0011 2000 0000 0000 0000#1626595473053734#-38.0#3.792000507653305#9
0000 001C 2000 0000 0000 0000#1626595473054804#-50.0#3.436116964863836#9
0000 0017 2000 0000 0000 0000#1626595473055866#-25.5#4.374913207049849#9
0000 0014 2000 0000 0000 0000#1626595473057421#-52.0#3.2827188860752723#9
0000 001B 2000 0000 0000 0000#1626595473058542#-45.0#3.5895150436524004#9
0000 0012 2000 0000 0000 0000#1626595473059603#-43.0#3.6876898140770815#9
0000 001D 2000 0000 0000 0000#1626595473061176#-55.5#2.552544031041707#9
0000 0016 2000 0000 0000 0000#1626595473062312#-31.0#5.258486140871978#9
0000 0010 2000 0000 0000 0000#1626595473063893#-32.5#4.111068511533518#9
0000 0019 2000 0000 0000 0000#1626595473065428#-37.5#3.9638063558964967#9
0000 0017 2000 0000 0000 0000#1626595473331067#-27.0#3.8840393549264434#9
0000 0012 2000 0000 0000 0000#1626595473334024#-45.5#2.662990647769473#9
0000 0019 2000 0000 0000 0000#1626595473335422#-38.0#3.160000423044421#9
0000 0013 2000 0000 0000 0000#1626595473336462#-52.0#2.2948352586769194#9
0000 0015 2000 0000 0000 0000#1626595473338250#-51.5#0.14112623248547898#9
0000 0016 2000 0000 0000 0000#1626595473339314#-31.5#4.896466674930966#9
0000 001A 2000 0000 0000 0000#1626595473340727#-41.0#2.5770877236478773#9
0000 001D 2000 0000 0000 0000#1626595473342319#-56.5#0.25157284921324513#9
0000 001C 2000 0000 0000 0000#1626595473343446#-54.0#1.6996507129772904#9
0000 000F 2000 0000 0000 0000#1626595473344495#-31.0#3.816544200259475#9
0000 0011 2000 0000 0000 0000#1626595473345956#-39.5#2.8716120349219203#9
0000 0018 2000 0000 0000 0000#1626595473347351#-32.0#3.5711072741977725#9
0000 001B 2000 0000 0000 0000#1626595473348657#-49.0#2.325514874434632#9
0000 0010 2000 0000 0000 0000#1626595473349800#-33.5#3.3747577333484107#9
0000 0014 2000 0000 0000 0000#1626595473351720#-55.0#1.3560390164909069#9
0000 0015 2000 0000 0000 0000#1626595473357037#-51.0#6.270913460876501#9
0000 0016 2000 0000 0000 0000#1626595473358444#-31.5#4.884194828627882#9
0000 0014 2000 0000 0000 0000#1626595473360234#-55.0#1.3069516312785663#9
0000 0019 2000 0000 0000 0000#1626595473361468#-39.0#3.067961575771282#9
0000 0010 2000 0000 0000 0000#1626595473362485#-35.0#3.3624858870453256#9
0000 0013 2000 0000 0000 0000#1626595473363823#-52.0#2.1353012567368124#9
0000 0017 2000 0000 0000 0000#1626595473365110#-27.0#3.8288160465625602#9
0000 0011 2000 0000 0000 0000#1626595473366157#-39.0#2.82252464970958#9
0000 001A 2000 0000 0000 0000#1626595473367232#-42.5#2.4911847995262812#9
0000 000F 2000 0000 0000 0000#1626595473368491#-31.0#3.767456815047135#9
0000 001D 2000 0000 0000 0000#1626595473369656#-56.0#6.258641614573416#9
0000 001B 2000 0000 0000 0000#1626595473370734#-49.0#2.2212041808584084#9
0000 0018 2000 0000 0000 0000#1626595473372294#-33.0#3.5342917352885173#9
0000 0012 2000 0000 0000 0000#1626595473373311#-45.5#2.5034566458293663#9
0000 001C 2000 0000 0000 0000#1626595473376064#-54.5#1.4603497100671303#9
0000 0010 2000 0000 0000 0000#1626595473639004#-37.5#2.3071071049800045#9
0000 000F 2000 0000 0000 0000#1626595473640538#-32.0#2.8286605728611223#9
0000 001C 2000 0000 0000 0000#1626595473642365#-49.0#4.957825906446392#9
0000 0018 2000 0000 0000 0000#1626595473644034#-34.0#2.552544031041707#9
0000 0013 2000 0000 0000 0000#1626595473645099#-54.5#0.04908738521234052#9
0000 0011 2000 0000 0000 0000#1626595473646191#-42.0#1.6812429435226628#9
0000 0017 2000 0000 0000 0000#1626595473647251#-28.0#2.9145634969827183#9
0000 0012 2000 0000 0000 0000#1626595473658974#-49.0#1.1780972450961724#9
0000 0016 2000 0000 0000 0000#1626595473660157#-32.5#4.344233591292136#9
0000 0014 2000 0000 0000 0000#1626595473662292#-46.5#4.601942363656923#9
0000 001A 2000 0000 0000 0000#1626595473663580#-46.0#1.2946797849754812#9
0000 001D 2000 0000 0000 0000#1626595473664684#-44.5#3.877903431774901#9
0000 0019 2000 0000 0000 0000#1626595473666401#-41.5#2.098485717827557#9
0000 001B 2000 0000 0000 0000#1626595473667820#-52.5#0.47860200582032003#9
0000 0015 2000 0000 0000 0000#1626595473668927#-55.5#4.700117134081604#9
0000 0011 2000 0000 0000 0000#1626595473674511#-42.0#1.7855536370988863#9
0000 001C 2000 0000 0000 0000#1626595473675779#-47.5#4.7860200582032#9
0000 0017 2000 0000 0000 0000#1626595473676828#-28.5#3.06182565261974#9
0000 0015 2000 0000 0000 0000#1626595473677834#-56.0#4.657165672020807#9
0000 001A 2000 0000 0000 0000#1626595473679213#-46.0#1.2210487071569704#9
0000 0010 2000 0000 0000 0000#1626595473680272#-37.5#2.411417798556228#9
0000 0012 2000 0000 0000 0000#1626595473682159#-47.5#1.0921943209745766#9
0000 000F 2000 0000 0000 0000#1626595473683466#-32.5#2.9513790358919736#9
0000 0016 2000 0000 0000 0000#1626595473684517#-33.0#4.295146206079795#9
0000 0019 2000 0000 0000 0000#1626595473685922#-41.5#2.0371264863121317#9
0000 0018 2000 0000 0000 0000#1626595473687238#-35.0#2.6384469551633027#9
0000 0014 2000 0000 0000 0000#1626595473689286#-45.0#4.374913207049849#9
0000 0013 2000 0000 0000 0000#1626595473690429#-53.5#6.22182607566416#9
0000 001D 2000 0000 0000 0000#1626595473691719#-44.5#3.77972866135022#9
0000 001B 2000 0000 0000 0000#1626595473692753#-52.5#0.32520392703175593#9
0000 0018 2000 0000 0000 0000#1626595473957002#-39.0#1.4787574795217582#9
0000 0010 2000 0000 0000 0000#1626595473958064#-41.0#1.1719613219446299#9
0000 0012 2000 0000 0000 0000#1626595473959395#-50.0#5.0253210611133605#9
0000 001C 2000 0000 0000 0000#1626595473961664#-45.5#2.859340188618835#9
0000 001D 2000 0000 0000 0000#1626595473962740#-60.5#2.736621725587984#9
0000 0019 2000 0000 0000 0000#1626595473964272#-47.0#0.6258641614573416#9
0000 0014 2000 0000 0000 0000#1626595473965665#-49.5#2.8716120349219203#9
0000 001B 2000 0000 0000 0000#1626595473967485#-45.5#3.3379421944391554#9
0000 0017 2000 0000 0000 0000#1626595473969543#-30.5#1.902136176978195#9
0000 0016 2000 0000 0000 0000#1626595473970594#-36.0#3.2581751934691017#9
0000 000F 2000 0000 0000 0000#1626595473973523#-35.5#1.7978254834019713#9
0000 001A 2000 0000 0000 0000#1626595473975576#-49.0#5.3198453723874035#9
0000 0011 2000 0000 0000 0000#1626595473976649#-47.5#0.07976700097005335#9
0000 0015 2000 0000 0000 0000#1626595473977971#-67.5#3.9269908169872414#9
0000 0013 2000 0000 0000 0000#1626595473979295#-44.5#3.129320807286708#9
0000 001A 2000 0000 0000 0000#1626595473988016#-50.5#5.246214294568893#9
0000 001D 2000 0000 0000 0000#1626595473989633#-62.0#2.5157284921324514#9
0000 0017 2000 0000 0000 0000#1626595473991152#-30.5#1.8653206380689396#9
0000 0016 2000 0000 0000 0000#1626595473992202#-36.0#3.2090878082567613#9
0000 001B 2000 0000 0000 0000#1626595473993256#-45.0#3.2090878082567613#9
0000 0019 2000 0000 0000 0000#1626595473994287#-47.0#0.5460971604872883#9
0000 0015 2000 0000 0000 0000#1626595473995585#-68.5#3.988350048502667#9
0000 000F 2000 0000 0000 0000#1626595473996647#-36.0#1.7671458676442586#9
0000 0013 2000 0000 0000 0000#1626595473998014#-44.5#3.055689729468197#9
0000 0014 2000 0000 0000 0000#1626595473999124#-51.0#2.859340188618835#9
0000 0018 2000 0000 0000 0000#1626595474000200#-39.0#1.368310862793992#9
0000 0010 2000 0000 0000 0000#1626595474002612#-41.5#1.0737865515199487#9
0000 001C 2000 0000 0000 0000#1626595474003796#-47.0#2.84706834231575#9
0000 0011 2000 0000 0000 0000#1626595474004887#-48.0#6.252505691421874#9
0000 0012 2000 0000 0000 0000#1626595474005933#-49.0#4.503767593232243#9
0000 000F 2000 0000 0000 0000#1626595474270645#-39.0#2.1046216409791#9
0000 001A 2000 0000 0000 0000#1626595474271703#-41.0#3.9269908169872414#9
0000 0017 2000 0000 0000 0000#1626595474273095#-33.5#2.2334760271614935#9
0000 0012 2000 0000 0000 0000#1626595474274157#-41.0#3.736777199289422#9
0000 0018 2000 0000 0000 0000#1626595474275288#-43.0#1.6260196351587797#9
0000 0016 2000 0000 0000 0000#1626595474276441#-37.0#3.6447383520162835#9
0000 0019 2000 0000 0000 0000#1626595474278711#-49.0#6.013204688511713#9
0000 0015 2000 0000 0000 0000#1626595474279775#-62.0#1.8837284075235674#9
0000 0013 2000 0000 0000 0000#1626595474281127#-51.5#3.785864584501762#9
0000 001C 2000 0000 0000 0000#1626595474282198#-59.5#3.454524734318464#9
0000 0014 2000 0000 0000 0000#1626595474284745#-61.5#3.2459033471660166#9
0000 0011 2000 0000 0000 0000#1626595474286047#-44.5#5.148039524144211#9
0000 001B 2000 0000 0000 0000#1626595474287995#-46.5#3.736777199289422#9
0000 0010 2000 0000 0000 0000#1626595474290833#-44.5#0.9940195505498954#9
0000 0018 2000 0000 0000 0000#1626595474296520#-44.0#1.5830681730979816#9
0000 0015 2000 0000 0000 0000#1626595474298553#-61.0#1.846912868614312#9
0000 001C 2000 0000 0000 0000#1626595474300223#-59.5#3.32567034813607#9
0000 001B 2000 0000 0000 0000#1626595474302391#-47.5#3.736777199289422#9
0000 0019 2000 0000 0000 0000#1626595474303438#-48.5#5.822991070813893#9
0000 0011 2000 0000 0000 0000#1626595474304514#-44.0#5.013049214810275#9
0000 0012 2000 0000 0000 0000#1626595474305532#-41.0#3.6692820446224537#9
0000 000F 2000 0000 0000 0000#1626595474306654#-39.5#2.024854640009046#9
0000 0017 2000 0000 0000 0000#1626595474307733#-34.0#2.1659808724945253#9
0000 0016 2000 0000 0000 0000#1626595474309026#-37.0#3.5772431973493153#9
0000 0010 2000 0000 0000 0000#1626595474310214#-46.5#0.8958447801252144#9
0000 001A 2000 0000 0000 0000#1626595474311246#-40.5#3.785864584501762#9
0000 0013 2000 0000 0000 0000#1626595474312569#-53.5#3.77972866135022#9
0000 0014 2000 0000 0000 0000#1626595474313721#-62.5#3.098641191528995#9
0000 0016 2000 0000 0000 0000#1626595474578831#-41.0#3.0066023442558567#9
0000 001A 2000 0000 0000 0000#1626595474580618#-48.0#3.399301425954581#9
0000 001C 2000 0000 0000 0000#1626595474582261#-62.0#0.25770877236478773#9
0000 0019 2000 0000 0000 0000#1626595474583281#-42.5#4.04357335686655#9
0000 0013 2000 0000 0000 0000#1626595474585337#-58.5#1.8223691760081417#9
0000 0017 2000 0000 0000 0000#1626595474586455#-40.0#1.3928545554001621#9
0000 0018 2000 0000 0000 0000#1626595474587547#-48.0#6.074563920027139#9
0000 0011 2000 0000 0000 0000#1626595474589306#-41.5#3.650874275167826#9
0000 000F 2000 0000 0000 0000#1626595474590340#-46.0#0.9326603190344698#9
0000 0012 2000 0000 0000 0000#1626595474592526#-53.5#3.32567034813607#9
0000 0015 2000 0000 0000 0000#1626595474593591#-60.5#1.2640001692177683#9
0000 001D 2000 0000 0000 0000#1626595474594666#-59.0#2.3193789512830896#9
0000 0010 2000 0000 0000 0000#1626595474595739#-45.0#4.957825906446392#9
0000 0014 2000 0000 0000 0000#1626595474598862#-61.0#5.086680292628786#9
0000 001B 2000 0000 0000 0000#1626595474599940#-59.5#2.4850488763747385#9
0000 000F 2000 0000 0000 0000#1626595474603714#-46.5#0.8774370106705868#9
0000 0014 2000 0000 0000 0000#1626595474604812#-60.5#5.043728830567988#9
0000 0012 2000 0000 0000 0000#1626595474605895#-52.5#3.2765829629237295#9
0000 001D 2000 0000 0000 0000#1626595474607568#-57.5#2.282563412373834#9
0000 001A 2000 0000 0000 0000#1626595474609366#-49.5#3.411573272257666#9
0000 001B 2000 0000 0000 0000#1626595474611112#-59.5#2.4175537217077703#9
0000 0019 2000 0000 0000 0000#1626595474612403#-42.5#3.9699422790480394#9
0000 0016 2000 0000 0000 0000#1626595474613498#-41.5#2.9391071895888885#9
0000 0011 2000 0000 0000 0000#1626595474614614#-41.0#3.6201946594101133#9
0000 001C 2000 0000 0000 0000#1626595474615713#-62.5#6.105243535784852#9
0000 0010 2000 0000 0000 0000#1626595474618307#-43.0#4.8351074434155406#9
0000 0017 2000 0000 0000 0000#1626595474619626#-41.0#1.2762720155208536#9
0000 0018 2000 0000 0000 0000#1626595474621019#-47.5#5.8045833013592665#9
0000 0015 2000 0000 0000 0000#1626595474624518#-61.0#1.0676506283684062#9
0000 0013 2000 0000 0000 0000#1626595474625655#-59.5#1.4419419406125027#9
0000 0015 2000 0000 0000 0000#1626595474891274#-66.0#5.602097837358362#9
0000 001B 2000 0000 0000 0000#1626595474893052#-64.0#5.700272607783043#9
0000 0013 2000 0000 0000 0000#1626595474894132#-60.0#4.890330751779424#9
0000 0018 2000 0000 0000 0000#1626595474895959#-45.5#4.3074180523828804#9
0000 0014 2000 0000 0000 0000#1626595474897281#-58.5#2.791845033951867#9
0000 001D 2000 0000 0000 0000#1626595474898601#-61.0#1.214912784005428#9
0000 000F 2000 0000 0000 0000#1626595474899607#-46.5#5.031456984264903#9
0000 0010 2000 0000 0000 0000#1626595474900693#-47.0#3.890175278077986#9
0000 001C 2000 0000 0000 0000#1626595474901812#-62.0#3.4054373491061236#9
0000 0011 2000 0000 0000 0000#1626595474903169#-54.0#2.9084275738311756#9
0000 0016 2000 0000 0000 0000#1626595474905470#-48.0#1.9144080232812801#9
0000 0019 2000 0000 0000 0000#1626595474907029#-52.5#3.5036121195308043#9
0000 0012 2000 0000 0000 0000#1626595474908062#-59.0#0.9081166264282996#9
0000 0017 2000 0000 0000 0000#1626595474909364#-45.5#5.5714182216006485#9
0000 001A 2000 0000 0000 0000#1626595474910782#-59.0#1.736466251886546#9
0000 001B 2000 0000 0000 0000#1626595474918485#-63.0#5.270757987175063#9
0000 001C 2000 0000 0000 0000#1626595474920050#-61.5#3.2827188860752723#9
0000 0019 2000 0000 0000 0000#1626595474921353#-53.0#3.4606606574700063#9
0000 0016 2000 0000 0000 0000#1626595474922387#-48.5#1.8407769454627694#9
0000 0012 2000 0000 0000 0000#1626595474923501#-58.5#0.6872233929727672#9
0000 0018 2000 0000 0000 0000#1626595474925287#-46.0#4.252194744018997#9
0000 0017 2000 0000 0000 0000#1626595474926578#-45.0#5.448699758569798#9
0000 0011 2000 0000 0000 0000#1626595474928834#-54.5#2.773437264497239#9
0000 0014 2000 0000 0000 0000#1626595474930871#-58.5#2.6200391857086753#9
0000 001A 2000 0000 0000 0000#1626595474932483#-60.0#1.6382914814618648#9
0000 001D 2000 0000 0000 0000#1626595474934353#-60.5#1.055378782065321#9
0000 0013 2000 0000 0000 0000#1626595474936061#-60.5#4.595806440505381#9
0000 000F 2000 0000 0000 0000#1626595474937962#-46.5#4.865787059173254#9
0000 0010 2000 0000 0000 0000#1626595474939303#-46.0#3.8410878928656453#9
0000 0015 2000 0000 0000 0000#1626595474941440#-65.0#5.031456984264903#9
0000 0016 2000 0000 0000 0000#1626595475207243#-51.0#5.915029918087033#9
0000 0018 2000 0000 0000 0000#1626595475208314#-52.5#3.2581751934691017#9
0000 0010 2000 0000 0000 0000#1626595475210500#-55.5#2.650718801466388#9
0000 001A 2000 0000 0000 0000#1626595475212513#-59.0#4.387185053352934#9
0000 000F 2000 0000 0000 0000#1626595475214388#-48.5#3.6017868899554855#9
0000 0017 2000 0000 0000 0000#1626595475215393#-44.5#3.767456815047135#9
0000 001C 2000 0000 0000 0000#1626595475216452#-64.0#1.4542137869155878#9
0000 0012 2000 0000 0000 0000#1626595475217723#-58.0#3.9576704327449543#9
0000 0019 2000 0000 0000 0000#1626595475218788#-60.0#1.564660403643354#9
0000 0013 2000 0000 0000 0000#1626595475220777#-60.5#2.435961491162398#9
0000 001D 2000 0000 0000 0000#1626595475222738#-65.5#5.436427912266712#9
0000 001B 2000 0000 0000 0000#1626595475223916#-61.5#2.9206994201342606#9
0000 0011 2000 0000 0000 0000#1626595475224989#-59.5#0.01227184630308513#9
0000 0014 2000 0000 0000 0000#1626595475226298#-60.5#0.6688156235181395#9
0000 0015 2000 0000 0000 0000#1626595475228337#-66.0#2.423689644859313#9
0000 0010 2000 0000 0000 0000#1626595475233343#-56.0#2.5157284921324514#9
0000 001A 2000 0000 0000 0000#1626595475234603#-59.5#4.23378697456437#9
0000 0019 2000 0000 0000 0000#1626595475236107#-61.0#1.4787574795217582#9
0000 001C 2000 0000 0000 0000#1626595475237153#-63.5#1.4296700943094176#9
0000 0013 2000 0000 0000 0000#1626595475238924#-61.0#2.3439226438892597#9
0000 0015 2000 0000 0000 0000#1626595475240674#-66.0#2.405281875404685#9
0000 0016 2000 0000 0000 0000#1626595475242256#-51.0#5.743224069843841#9
0000 0017 2000 0000 0000 0000#1626595475244769#-44.5#3.693825737228624#9
0000 001D 2000 0000 0000 0000#1626595475246545#-65.5#5.166447293598839#9
0000 0012 2000 0000 0000 0000#1626595475247818#-57.5#3.7981364308048478#9
0000 0018 2000 0000 0000 0000#1626595475249772#-53.5#3.141592653589793#9
0000 000F 2000 0000 0000 0000#1626595475251721#-49.0#3.552699504743145#9
0000 0014 2000 0000 0000 0000#1626595475253358#-60.0#0.4970097752749477#9
0000 001B 2000 0000 0000 0000#1626595475256366#-61.0#2.8777479580734626#9
0000 0011 2000 0000 0000 0000#1626595475257486#-59.5#6.031612457966341#9
0000 0018 2000 0000 0000 0000#1626595475520070#-56.0#2.5893595699509624#9
0000 0010 2000 0000 0000 0000#1626595475521576#-57.0#1.41126232485479#9
0000 001A 2000 0000 0000 0000#1626595475522718#-54.0#3.56497135104623#9
0000 001D 2000 0000 0000 0000#1626595475524490#-62.0#4.246058820867455#9
0000 0013 2000 0000 0000 0000#1626595475525546#-58.0#1.7426021750380885#9
0000 0016 2000 0000 0000 0000#1626595475527375#-48.5#5.534602682691394#9
0000 0012 2000 0000 0000 0000#1626595475528709#-54.0#3.172272269347506#9
0000 0014 2000 0000 0000 0000#1626595475530231#-59.5#6.129787228391022#9
0000 000F 2000 0000 0000 0000#1626595475531990#-52.5#3.6079228131070282#9
0000 001B 2000 0000 0000 0000#1626595475533041#-58.5#2.380738182798515#9
0000 0019 2000 0000 0000 0000#1626595475534331#-60.0#5.810719224510809#9
0000 0017 2000 0000 0000 0000#1626595475535392#-46.0#3.9269908169872414#9
0000 0011 2000 0000 0000 0000#1626595475537231#-54.5#4.693981210930062#9
0000 0015 2000 0000 0000 0000#1626595475539651#-60.5#2.429825568010856#9
0000 001C 2000 0000 0000 0000#1626595475543034#-63.0#0.6442719309119693#9
0000 0015 2000 0000 0000 0000#1626595475547937#-61.0#2.3930100291016#9
0000 0012 2000 0000 0000 0000#1626595475549828#-55.5#3.000466421104314#9
0000 0017 2000 0000 0000 0000#1626595475550942#-46.0#3.877903431774901#9
0000 0018 2000 0000 0000 0000#1626595475552100#-55.0#2.350058567040802#9
0000 000F 2000 0000 0000 0000#1626595475553375#-53.0#3.5465635815916023#9
0000 001A 2000 0000 0000 0000#1626595475554517#-54.0#3.3379421944391554#9
0000 0011 2000 0000 0000 0000#1626595475555658#-53.5#4.528311285838413#9
0000 001B 2000 0000 0000 0000#1626595475557235#-59.0#2.2518837966161214#9
0000 0016 2000 0000 0000 0000#1626595475558557#-49.0#5.442563835418255#9
0000 0013 2000 0000 0000 0000#1626595475559583#-59.0#1.509437095279471#9
0000 0014 2000 0000 0000 0000#1626595475561118#-59.0#5.9518454569962875#9
0000 001C 2000 0000 0000 0000#1626595475562520#-63.5#0.42337869745643697#9
0000 001D 2000 0000 0000 0000#1626595475563581#-61.5#3.9392626632903265#9
0000 0010 2000 0000 0000 0000#1626595475564735#-56.0#1.0369710126106935#9
0000 0019 2000 0000 0000 0000#1626595475566465#-60.5#5.522330836388308#9
0000 0016 2000 0000 0000 0000#1626595475829989#-53.5#4.479223900626073#9
0000 0018 2000 0000 0000 0000#1626595475831535#-60.5#6.007068765360171#9
0000 0013 2000 0000 0000 0000#1626595475832885#-63.0#6.025476534814799#9
0000 0017 2000 0000 0000 0000#1626595475834172#-54.0#2.5402721847386216#9
0000 0010 2000 0000 0000 0000#1626595475835341#-57.5#4.816699673960914#9
0000 0019 2000 0000 0000 0000#1626595475836434#-61.5#3.5956509668039427#9
0000 0012 2000 0000 0000 0000#1626595475837450#-57.5#1.4051264017032472#9
0000 000F 2000 0000 0000 0000#1626595475839270#-60.5#1.564660403643354#9
0000 0014 2000 0000 0000 0000#1626595475840322#-61.5#3.4054373491061236#9
0000 001B 2000 0000 0000 0000#1626595475841615#-62.5#0.9633399347921826#9
0000 0015 2000 0000 0000 0000#1626595475843647#-59.5#1.1474176293384597#9
0000 0011 2000 0000 0000 0000#1626595475844848#-55.0#2.60776733940559#9
0000 001A 2000 0000 0000 0000#1626595475846592#-58.0#1.7426021750380885#9
0000 0014 2000 0000 0000 0000#1626595475856969#-60.5#3.2520392703175593#9
0000 000F 2000 0000 0000 0000#1626595475858061#-60.5#1.4419419406125027#9
0000 0016 2000 0000 0000 0000#1626595475859964#-54.0#4.460816131171445#9
0000 0011 2000 0000 0000 0000#1626595475861280#-56.5#2.552544031041707#9
0000 0013 2000 0000 0000 0000#1626595475862362#-63.0#5.859806609723149#9
0000 0012 2000 0000 0000 0000#1626595475863665#-56.5#1.2640001692177683#9
0000 0010 2000 0000 0000 0000#1626595475866238#-59.5#4.743068596142402#9
0000 001A 2000 0000 0000 0000#1626595475868440#-57.5#1.6382914814618648#9
0000 0017 2000 0000 0000 0000#1626595475870071#-55.0#2.337786720737717#9
0000 0015 2000 0000 0000 0000#1626595475871151#-59.5#1.2517283229146832#9
0000 0018 2000 0000 0000 0000#1626595475872277#-59.5#5.841398840268521#9
0000 0019 2000 0000 0000 0000#1626595475874838#-62.5#3.4054373491061236#9
0000 001B 2000 0000 0000 0000#1626595475875887#-62.0#0.8406214717613314#9
