0000 001C 2000 0000 0000 0000#1626595367048614#-48.5#2.073942025221387#9
0000 0017 2000 0000 0000 0000#1626595367049959#-41.5#2.945243112740431#9
0000 0016 2000 0000 0000 0000#1626595367051263#-60.0#4.061981126321178#9
0000 0015 2000 0000 0000 0000#1626595367052840#-52.0#3.4177091954092087#9
0000 000F 2000 0000 0000 0000#1626595367055062#-46.0#3.485204350076177#9
0000 0019 2000 0000 0000 0000#1626595367058017#-46.5#4.651029748869264#9
0000 0011 2000 0000 0000 0000#1626595367060102#-45.5#4.878058905476339#9
0000 0018 2000 0000 0000 0000#1626595367061968#-45.5#3.890175278077986#9
0000 0010 2000 0000 0000 0000#1626595367063094#-44.5#4.2031073588066565#9
0000 0011 2000 0000 0000 0000#1626595367070946#-47.0#4.884194828627882#9
0000 0016 2000 0000 0000 0000#1626595367072521#-60.0#4.09266074207889#9
0000 0017 2000 0000 0000 0000#1626595367073610#-43.0#2.9513790358919736#9
0000 0018 2000 0000 0000 0000#1626595367076112#-46.5#3.877903431774901#9
0000 001D 2000 0000 0000 0000#1626595367077187#-49.0#2.8286605728611223#9
0000 001B 2000 0000 0000 0000#1626595367078536#-50.0#0.9817477042468103#9
0000 0010 2000 0000 0000 0000#1626595367079851#-46.0#4.178563666200486#9
0000 0019 2000 0000 0000 0000#1626595367081367#-46.5#4.675573441475434#9
0000 0013 2000 0000 0000 0000#1626595367082919#-50.5#1.4480778637640452#9
0000 0012 2000 0000 0000 0000#1626595367084255#-51.0#0.05522330836388308#9
0000 0014 2000 0000 0000 0000#1626595367085549#-50.0#2.4175537217077703#9
0000 001C 2000 0000 0000 0000#1626595367086662#-48.0#2.061670178918302#9
0000 0015 2000 0000 0000 0000#1626595367090148#-52.0#3.436116964863836#9
0000 000F 2000 0000 0000 0000#1626595367091668#-46.0#3.485204350076177#9
0000 001A 2000 0000 0000 0000#1626595367093453#-48.0#5.632777453116074#9
0000 0015 2000 0000 0000 0000#1626595367359503#-52.0#3.3318062712876126#9
0000 001D 2000 0000 0000 0000#1626595367360888#-48.5#2.748893571891069#9
0000 0016 2000 0000 0000 0000#1626595367361953#-58.5#4.037437433715008#9
0000 0012 2000 0000 0000 0000#1626595367364030#-51.0#0.04295146206079795#9
0000 0013 2000 0000 0000 0000#1626595367365409#-50.5#1.3989904785517047#9
0000 0017 2000 0000 0000 0000#1626595367366932#-42.0#2.718213956133356#9
0000 0011 2000 0000 0000 0000#1626595367368022#-48.0#4.8351074434155406#9
0000 001B 2000 0000 0000 0000#1626595367369085#-50.0#0.9633399347921826#9
0000 000F 2000 0000 0000 0000#1626595367371004#-45.5#3.2643111166206444#9
0000 0010 2000 0000 0000 0000#1626595367372063#-46.5#4.0128937411088375#9
0000 001A 2000 0000 0000 0000#1626595367373466#-47.0#5.663457068873787#9
0000 0018 2000 0000 0000 0000#1626595367375647#-46.5#3.650874275167826#9
0000 0019 2000 0000 0000 0000#1626595367377093#-47.0#4.552854978444583#9
0000 001C 2000 0000 0000 0000#1626595367378758#-48.0#2.030990563160589#9
0000 0014 2000 0000 0000 0000#1626595367379778#-49.5#2.36846633649543#9
0000 001B 2000 0000 0000 0000#1626595367386044#-49.5#1.0615147052168636#9
0000 0011 2000 0000 0000 0000#1626595367388459#-47.5#4.841243366567084#9
0000 0010 2000 0000 0000 0000#1626595367389874#-46.0#4.031301510563465#9
0000 001C 2000 0000 0000 0000#1626595367391002#-47.5#2.061670178918302#9
0000 0018 2000 0000 0000 0000#1626595367392049#-46.0#3.6570101983193686#9
0000 0017 2000 0000 0000 0000#1626595367393125#-41.0#2.705942109830271#9
0000 000F 2000 0000 0000 0000#1626595367394233#-45.0#3.2704470397721868#9
0000 0014 2000 0000 0000 0000#1626595367396222#-49.5#2.399145952253143#9
0000 001A 2000 0000 0000 0000#1626595367397766#-48.0#5.737088146692298#9
0000 0015 2000 0000 0000 0000#1626595367399072#-51.5#3.393165502803038#9
0000 0016 2000 0000 0000 0000#1626595367400106#-56.5#3.9638063558964967#9
0000 001D 2000 0000 0000 0000#1626595367401397#-48.5#2.804116880254952#9
0000 0013 2000 0000 0000 0000#1626595367402972#-50.5#1.552388557340269#9
0000 0019 2000 0000 0000 0000#1626595367404036#-47.5#4.608078286808466#9
0000 0012 2000 0000 0000 0000#1626595367405395#-50.5#0.25770877236478773#9
0000 0010 2000 0000 0000 0000#1626595367670835#-47.0#4.651029748869264#9
0000 0014 2000 0000 0000 0000#1626595367672131#-46.5#2.9145634969827183#9
0000 0012 2000 0000 0000 0000#1626595367673418#-46.5#1.3560390164909069#9
0000 0016 2000 0000 0000 0000#1626595367675010#-44.5#3.172272269347506#9
0000 000F 2000 0000 0000 0000#1626595367676586#-43.5#3.3440781175906977#9
0000 0017 2000 0000 0000 0000#1626595367677706#-37.0#2.5893595699509624#9
0000 0011 2000 0000 0000 0000#1626595367679263#-49.5#6.234097921967246#9
0000 0015 2000 0000 0000 0000#1626595367680313#-50.0#3.8963112012295285#9
0000 001C 2000 0000 0000 0000#1626595367681637#-44.5#2.6445828783148455#9
0000 001D 2000 0000 0000 0000#1626595367682729#-46.0#3.3502140407422405#9
0000 0013 2000 0000 0000 0000#1626595367685742#-46.5#2.2212041808584084#9
0000 001A 2000 0000 0000 0000#1626595367688302#-46.0#0.8713010875190442#9
0000 0018 2000 0000 0000 0000#1626595367690513#-45.5#4.0558452031696355#9
0000 0019 2000 0000 0000 0000#1626595367693028#-49.0#5.798447378207723#9
0000 001B 2000 0000 0000 0000#1626595367694320#-44.5#1.902136176978195#9
0000 001A 2000 0000 0000 0000#1626595367698774#-46.0#0.9387962421860124#9
0000 0012 2000 0000 0000 0000#1626595367700076#-46.0#1.4480778637640452#9
0000 0018 2000 0000 0000 0000#1626595367701892#-47.0#4.0987966652304335#9
0000 001D 2000 0000 0000 0000#1626595367703666#-45.5#3.393165502803038#9
0000 0019 2000 0000 0000 0000#1626595367704728#-49.0#5.872078456026235#9
0000 0013 2000 0000 0000 0000#1626595367706507#-46.0#2.2948352586769194#9
0000 001C 2000 0000 0000 0000#1626595367707537#-44.5#2.6998061866787286#9
0000 0017 2000 0000 0000 0000#1626595367709053#-37.0#2.6323110320117604#9
0000 001B 2000 0000 0000 0000#1626595367710617#-44.5#1.9512235621905356#9
0000 0014 2000 0000 0000 0000#1626595367711671#-46.5#3.0066023442558567#9
0000 0016 2000 0000 0000 0000#1626595367712707#-44.0#3.184544115650591#9
0000 0010 2000 0000 0000 0000#1626595367714076#-47.0#4.841243366567084#9
0000 0015 2000 0000 0000 0000#1626595367715667#-49.5#3.9638063558964967#9
0000 000F 2000 0000 0000 0000#1626595367716716#-43.5#3.442252888015379#9
0000 0011 2000 0000 0000 0000#1626595367718681#-47.5#0.1902136176978195#9
0000 0016 2000 0000 0000 0000#1626595367984656#-42.0#3.172272269347506#9
0000 0010 2000 0000 0000 0000#1626595367986294#-47.0#5.7616318392984684#9
0000 000F 2000 0000 0000 0000#1626595367987943#-45.5#3.9208548938356986#9
0000 001C 2000 0000 0000 0000#1626595367989286#-42.5#2.791845033951867#9
0000 001B 2000 0000 0000 0000#1626595367990606#-42.5#2.055534255766759#9
0000 0013 2000 0000 0000 0000#1626595367991704#-44.0#2.4175537217077703#9
0000 0018 2000 0000 0000 0000#1626595367992817#-46.5#4.92714629068868#9
0000 0017 2000 0000 0000 0000#1626595367994136#-38.0#2.9513790358919736#9
0000 001D 2000 0000 0000 0000#1626595367995241#-44.0#3.436116964863836#9
0000 0012 2000 0000 0000 0000#1626595367996275#-43.0#1.705786636128833#9
0000 001A 2000 0000 0000 0000#1626595367997761#-42.0#1.2946797849754812#9
0000 0014 2000 0000 0000 0000#1626595367998827#-45.0#3.104777114680538#9
0000 0011 2000 0000 0000 0000#1626595367999857#-45.5#0.8344855486097889#9
0000 0015 2000 0000 0000 0000#1626595368001350#-48.5#3.9453985864418692#9
0000 0019 2000 0000 0000 0000#1626595368004121#-46.5#0.5522330836388308#9
0000 0018 2000 0000 0000 0000#1626595368009264#-48.0#4.988505522204105#9
0000 001C 2000 0000 0000 0000#1626595368010590#-42.5#2.8532042654672924#9
0000 001A 2000 0000 0000 0000#1626595368011880#-42.0#1.3499030933393643#9
0000 0017 2000 0000 0000 0000#1626595368012928#-38.0#3.0127382674073995#9
0000 0011 2000 0000 0000 0000#1626595368014259#-45.0#0.8713010875190442#9
0000 0015 2000 0000 0000 0000#1626595368015992#-48.0#3.9576704327449543#9
0000 0012 2000 0000 0000 0000#1626595368017294#-42.5#1.7732817907958012#9
0000 0019 2000 0000 0000 0000#1626595368018357#-46.5#0.5951845456996288#9
0000 0014 2000 0000 0000 0000#1626595368020367#-44.5#3.1661363461959633#9
0000 0010 2000 0000 0000 0000#1626595368024336#-48.0#5.939573610693203#9
0000 001B 2000 0000 0000 0000#1626595368026299#-42.0#2.1353012567368124#9
0000 001D 2000 0000 0000 0000#1626595368027704#-44.0#3.4913402732277192#9
0000 000F 2000 0000 0000 0000#1626595368029030#-45.0#4.123340357836604#9
0000 0016 2000 0000 0000 0000#1626595368031536#-42.0#3.313398501832985#9
0000 0013 2000 0000 0000 0000#1626595368032590#-43.5#2.5157284921324514#9
0000 0019 2000 0000 0000 0000#1626595368297131#-43.5#2.423689644859313#9
0000 0016 2000 0000 0000 0000#1626595368298338#-40.5#5.3198453723874035#9
0000 0010 2000 0000 0000 0000#1626595368299398#-44.5#1.718058482431918#9
0000 0017 2000 0000 0000 0000#1626595368300761#-36.0#5.332117218690489#9
0000 0014 2000 0000 0000 0000#1626595368302055#-42.5#4.804427827657828#9
0000 001B 2000 0000 0000 0000#1626595368303378#-41.0#3.8840393549264434#9
0000 0018 2000 0000 0000 0000#1626595368305205#-45.0#1.055378782065321#9
0000 001A 2000 0000 0000 0000#1626595368306434#-40.5#3.129320807286708#9
0000 001C 2000 0000 0000 0000#1626595368307510#-40.5#4.614214209960009#9
0000 0013 2000 0000 0000 0000#1626595368308563#-41.5#4.25833066717054#9
0000 0011 2000 0000 0000 0000#1626595368309937#-42.0#2.6568547246179306#9
0000 0012 2000 0000 0000 0000#1626595368310971#-40.5#3.5158839658338894#9
0000 001D 2000 0000 0000 0000#1626595368312005#-42.0#5.013049214810275#9
0000 000F 2000 0000 0000 0000#1626595368313283#-43.0#0.17794177139473438#9
0000 0015 2000 0000 0000 0000#1626595368314617#-47.0#5.4671075280244255#9
0000 0014 2000 0000 0000 0000#1626595368320368#-42.0#4.841243366567084#9
0000 001B 2000 0000 0000 0000#1626595368321418#-40.5#3.933126740138784#9
0000 0019 2000 0000 0000 0000#1626595368323454#-43.0#2.509592568980909#9
0000 000F 2000 0000 0000 0000#1626595368324532#-43.0#0.25770877236478773#9
0000 001C 2000 0000 0000 0000#1626595368325632#-40.5#4.651029748869264#9
0000 0011 2000 0000 0000 0000#1626595368326678#-41.5#2.6998061866787286#9
0000 0013 2000 0000 0000 0000#1626595368328228#-41.5#4.325825821837508#9
0000 0016 2000 0000 0000 0000#1626595368330319#-40.5#5.45483568172134#9
0000 0010 2000 0000 0000 0000#1626595368332426#-42.5#1.8100973297050567#9
0000 0017 2000 0000 0000 0000#1626595368333732#-36.5#5.491651220630596#9
0000 0015 2000 0000 0000 0000#1626595368334796#-47.0#5.485515297479052#9
0000 001A 2000 0000 0000 0000#1626595368337921#-39.5#3.2213596545598464#9
0000 0012 2000 0000 0000 0000#1626595368339215#-40.5#3.5956509668039427#9
0000 001D 2000 0000 0000 0000#1626595368341825#-41.5#5.0682725231741586#9
0000 0018 2000 0000 0000 0000#1626595368343486#-44.5#1.184233168247715#9
0000 0014 2000 0000 0000 0000#1626595368609720#-40.0#5.049864753719531#9
0000 0017 2000 0000 0000 0000#1626595368610784#-34.5#0.16566992509164924#9
0000 000F 2000 0000 0000 0000#1626595368612659#-39.5#1.1044661672776617#9
0000 001D 2000 0000 0000 0000#1626595368613706#-41.0#5.160311370447297#9
0000 001A 2000 0000 0000 0000#1626595368617575#-36.0#3.6386024288647407#9
0000 0015 2000 0000 0000 0000#1626595368618896#-45.5#5.5100589900852235#9
0000 0018 2000 0000 0000 0000#1626595368620443#-41.0#1.8223691760081417#9
0000 001C 2000 0000 0000 0000#1626595368622291#-38.5#4.896466674930966#9
0000 001B 2000 0000 0000 0000#1626595368623314#-38.5#4.356505437595221#9
0000 0016 2000 0000 0000 0000#1626595368624689#-39.5#0.20248546400090464#9
0000 0012 2000 0000 0000 0000#1626595368626320#-38.5#4.04357335686655#9
0000 0013 2000 0000 0000 0000#1626595368627642#-40.0#4.675573441475434#9
0000 0019 2000 0000 0000 0000#1626595368629206#-41.0#3.0250101137104846#9
0000 0011 2000 0000 0000 0000#1626595368630280#-40.0#3.2213596545598464#9
0000 0010 2000 0000 0000 0000#1626595368632211#-41.5#2.36846633649543#9
0000 0014 2000 0000 0000 0000#1626595368637108#-40.0#5.062136600022616#9
0000 0015 2000 0000 0000 0000#1626595368638430#-45.5#5.5100589900852235#9
0000 0018 2000 0000 0000 0000#1626595368639489#-41.0#1.859184714917397#9
0000 001A 2000 0000 0000 0000#1626595368641131#-36.0#3.6692820446224537#9
0000 0010 2000 0000 0000 0000#1626595368642404#-41.0#2.3930100291016#9
0000 000F 2000 0000 0000 0000#1626595368644194#-39.0#1.1658253987930873#9
0000 0019 2000 0000 0000 0000#1626595368645272#-41.0#3.08636934522591#9
0000 0017 2000 0000 0000 0000#1626595368646563#-33.5#0.2761165418194154#9
0000 001C 2000 0000 0000 0000#1626595368647877#-38.0#4.921010367537137#9
0000 0012 2000 0000 0000 0000#1626595368650378#-38.5#4.074252972624263#9
0000 001D 2000 0000 0000 0000#1626595368652364#-41.0#5.190990986205009#9
0000 0016 2000 0000 0000 0000#1626595368653857#-39.5#0.28838838812250056#9
0000 001B 2000 0000 0000 0000#1626595368655450#-38.0#4.3933209765044765#9
0000 0011 2000 0000 0000 0000#1626595368656966#-39.5#3.2765829629237295#9
0000 0013 2000 0000 0000 0000#1626595368658521#-40.0#4.706253057233147#9
0000 0017 2000 0000 0000 0000#1626595368935892#-31.5#0.8958447801252144#9
0000 001B 2000 0000 0000 0000#1626595368937032#-37.0#4.626486056263094#9
0000 0019 2000 0000 0000 0000#1626595368938124#-38.5#3.4177091954092087#9
0000 0016 2000 0000 0000 0000#1626595368939174#-37.0#1.000155473701438#9
0000 0018 2000 0000 0000 0000#1626595368940292#-38.5#2.282563412373834#9
0000 0010 2000 0000 0000 0000#1626595368942102#-38.5#2.7550294950426117#9
0000 0014 2000 0000 0000 0000#1626595368943395#-39.0#5.129631754689584#9
0000 0013 2000 0000 0000 0000#1626595368944492#-38.0#4.859651136021712#9
0000 0012 2000 0000 0000 0000#1626595368945826#-37.0#4.356505437595221#9
0000 001A 2000 0000 0000 0000#1626595368946956#-34.5#4.006757817957295#9
0000 0015 2000 0000 0000 0000#1626595368948051#-45.5#5.448699758569798#9
0000 0011 2000 0000 0000 0000#1626595368949099#-37.5#3.6017868899554855#9
0000 000F 2000 0000 0000 0000#1626595368950473#-36.5#1.748738098189631#9
0000 001D 2000 0000 0000 0000#1626595368952421#-40.5#5.1725832167503825#9
0000 001C 2000 0000 0000 0000#1626595368953478#-37.0#5.006913291658733#9
0000 0011 2000 0000 0000 0000#1626595368958278#-37.5#3.6263305825616556#9
0000 0013 2000 0000 0000 0000#1626595368959375#-38.0#4.871922982324796#9
0000 0018 2000 0000 0000 0000#1626595368960410#-38.5#2.350058567040802#9
0000 001B 2000 0000 0000 0000#1626595368961761#-37.0#4.6448938257177215#9
0000 0016 2000 0000 0000 0000#1626595368964048#-36.5#1.0737865515199487#9
0000 0012 2000 0000 0000 0000#1626595368965111#-36.5#4.381049130201391#9
0000 0014 2000 0000 0000 0000#1626595368966139#-39.0#5.135767677841127#9
0000 001C 2000 0000 0000 0000#1626595368967193#-37.5#5.0253210611133605#9
0000 0015 2000 0000 0000 0000#1626595368969001#-45.5#5.442563835418255#9
0000 0010 2000 0000 0000 0000#1626595368971367#-37.0#2.7979809571034093#9
0000 0019 2000 0000 0000 0000#1626595368972843#-38.5#3.472932503773092#9
0000 000F 2000 0000 0000 0000#1626595368974369#-36.0#1.7794177139473437#9
0000 001D 2000 0000 0000 0000#1626595368975801#-40.5#5.197126909356553#9
0000 001A 2000 0000 0000 0000#1626595368977703#-36.0#4.04357335686655#9
0000 0017 2000 0000 0000 0000#1626595368978993#-31.0#1.012427320004523#9
0000 0019 2000 0000 0000 0000#1626595369247351#-37.5#3.32567034813607#9
0000 0015 2000 0000 0000 0000#1626595369248401#-46.0#4.921010367537137#9
0000 001B 2000 0000 0000 0000#1626595369249467#-36.5#4.325825821837508#9
0000 0012 2000 0000 0000 0000#1626595369251270#-36.5#4.147884050442774#9
0000 0011 2000 0000 0000 0000#1626595369253016#-36.0#3.466796580621549#9
0000 0014 2000 0000 0000 0000#1626595369254850#-40.0#4.724660826687775#9
0000 001A 2000 0000 0000 0000#1626595369257107#-35.5#3.816544200259475#9
0000 0016 2000 0000 0000 0000#1626595369258929#-35.0#1.337631247036279#9
0000 0018 2000 0000 0000 0000#1626595369260301#-35.5#2.356194490192345#9
0000 001D 2000 0000 0000 0000#1626595369262116#-42.0#4.700117134081604#9
0000 0017 2000 0000 0000 0000#1626595369263207#-29.0#1.1780972450961724#9
0000 0013 2000 0000 0000 0000#1626595369265402#-38.5#4.589670517353839#9
0000 001C 2000 0000 0000 0000#1626595369267992#-38.0#4.6448938257177215#9
0000 000F 2000 0000 0000 0000#1626595369269282#-34.0#1.8775924843720249#9
0000 0010 2000 0000 0000 0000#1626595369270940#-36.5#2.742757648739526#9
0000 0011 2000 0000 0000 0000#1626595369283067#-36.0#3.718369429834794#9
0000 0012 2000 0000 0000 0000#1626595369285022#-36.0#4.381049130201391#9
0000 001A 2000 0000 0000 0000#1626595369286552#-35.0#4.0558452031696355#9
0000 0017 2000 0000 0000 0000#1626595369287588#-29.5#1.4910293258248433#9
0000 0018 2000 0000 0000 0000#1626595369289147#-36.0#2.5770877236478773#9
0000 0013 2000 0000 0000 0000#1626595369290216#-38.0#4.779884135051658#9
0000 0010 2000 0000 0000 0000#1626595369291478#-36.5#2.9943304979527716#9
0000 000F 2000 0000 0000 0000#1626595369292797#-34.0#2.116893487282185#9
0000 0014 2000 0000 0000 0000#1626595369293847#-39.5#4.921010367537137#9
0000 001C 2000 0000 0000 0000#1626595369294922#-38.0#4.853515212870168#9
0000 001B 2000 0000 0000 0000#1626595369296088#-36.5#4.577398671050753#9
0000 0019 2000 0000 0000 0000#1626595369297434#-37.0#3.5895150436524004#9
0000 0015 2000 0000 0000 0000#1626595369299269#-46.0#5.0682725231741586#9
0000 0016 2000 0000 0000 0000#1626595369300320#-34.5#1.6812429435226628#9
0000 001D 2000 0000 0000 0000#1626595369302021#-41.0#4.896466674930966#9
0000 000F 2000 0000 0000 0000#1626595369567021#-32.0#3.6386024288647407#9
0000 0016 2000 0000 0000 0000#1626595369569183#-33.5#3.3747577333484107#9
0000 0018 2000 0000 0000 0000#1626595369570644#-33.0#4.0128937411088375#9
0000 0010 2000 0000 0000 0000#1626595369571704#-34.5#4.313553975534423#9
0000 0011 2000 0000 0000 0000#1626595369572708#-35.0#4.847379289718626#9
0000 0017 2000 0000 0000 0000#1626595369573771#-28.0#3.141592653589793#9
0000 0014 2000 0000 0000 0000#1626595369574837#-41.0#5.700272607783043#9
0000 0012 2000 0000 0000 0000#1626595369576290#-36.5#5.375068680751287#9
0000 001A 2000 0000 0000 0000#1626595369577339#-34.5#5.111223985234957#9
0000 001D 2000 0000 0000 0000#1626595369578611#-43.0#5.559146375297564#9
0000 0013 2000 0000 0000 0000#1626595369580196#-39.0#5.66959299202533#9
0000 001C 2000 0000 0000 0000#1626595369582000#-39.0#5.663457068873787#9
0000 0019 2000 0000 0000 0000#1626595369583078#-36.0#4.779884135051658#9
0000 001B 2000 0000 0000 0000#1626595369584643#-37.5#5.473243451175968#9
0000 0015 2000 0000 0000 0000#1626595369586562#-48.0#5.638913376267617#9
0000 000F 2000 0000 0000 0000#1626595369593538#-32.0#3.6754179677739964#9
0000 001B 2000 0000 0000 0000#1626595369594561#-37.5#5.47937937432751#9
0000 001A 2000 0000 0000 0000#1626595369596434#-35.0#5.105088062083414#9
0000 001C 2000 0000 0000 0000#1626595369597967#-39.0#5.638913376267617#9
0000 0019 2000 0000 0000 0000#1626595369599579#-36.0#4.798291904506286#9
0000 001D 2000 0000 0000 0000#1626595369600585#-43.0#5.553010452146021#9
0000 0010 2000 0000 0000 0000#1626595369601752#-32.5#4.344233591292136#9
0000 0017 2000 0000 0000 0000#1626595369603638#-26.5#3.215223731408304#9
0000 0015 2000 0000 0000 0000#1626595369604662#-48.0#5.608233760509904#9
0000 0018 2000 0000 0000 0000#1626595369606067#-33.5#4.080388895775806#9
0000 0012 2000 0000 0000 0000#1626595369607115#-36.5#5.3627968344482015#9
0000 0016 2000 0000 0000 0000#1626595369608407#-33.0#3.485204350076177#9
0000 0014 2000 0000 0000 0000#1626595369609471#-41.5#5.681864838328415#9
0000 0013 2000 0000 0000 0000#1626595369611053#-39.0#5.663457068873787#9
0000 0011 2000 0000 0000 0000#1626595369612185#-35.0#4.884194828627882#9
0000 001A 2000 0000 0000 0000#1626595369875710#-36.0#4.92714629068868#9
0000 001B 2000 0000 0000 0000#1626595369876749#-39.0#5.160311370447297#9
0000 0012 2000 0000 0000 0000#1626595369878670#-37.5#5.154175447295755#9
0000 001D 2000 0000 0000 0000#1626595369879777#-45.5#4.9823695990525625#9
0000 001C 2000 0000 0000 0000#1626595369881061#-41.5#5.240078371417351#9
0000 0011 2000 0000 0000 0000#1626595369882620#-36.0#4.773748211900116#9
0000 0018 2000 0000 0000 0000#1626595369884289#-31.5#4.215379205109742#9
0000 000F 2000 0000 0000 0000#1626595369885325#-31.0#4.000621894805752#9
0000 0014 2000 0000 0000 0000#1626595369886846#-43.5#5.227806525114265#9
0000 0015 2000 0000 0000 0000#1626595369888136#-50.5#4.988505522204105#9
0000 0016 2000 0000 0000 0000#1626595369890311#-32.5#4.01902966426038#9
0000 0017 2000 0000 0000 0000#1626595369892126#-26.5#3.6201946594101133#9
0000 0019 2000 0000 0000 0000#1626595369902839#-36.0#4.368777283898306#9
0000 0013 2000 0000 0000 0000#1626595369907200#-41.5#4.963961829597935#9
0000 0010 2000 0000 0000 0000#1626595369908582#-32.5#4.025165587411922#9
0000 000F 2000 0000 0000 0000#1626595369912871#-31.0#3.6201946594101133#9
0000 0018 2000 0000 0000 0000#1626595369914714#-33.5#3.8288160465625602#9
0000 0016 2000 0000 0000 0000#1626595369916607#-32.5#3.6570101983193686#9
0000 001D 2000 0000 0000 0000#1626595369917711#-46.0#4.546719055293041#9
0000 0014 2000 0000 0000 0000#1626595369919019#-44.5#4.841243366567084#9
0000 0019 2000 0000 0000 0000#1626595369920040#-36.0#4.368777283898306#9
0000 0017 2000 0000 0000 0000#1626595369921843#-27.0#3.2520392703175593#9
0000 0012 2000 0000 0000 0000#1626595369923391#-39.0#4.767612288748572#9
0000 001B 2000 0000 0000 0000#1626595369924474#-40.0#4.779884135051658#9
0000 0013 2000 0000 0000 0000#1626595369925600#-41.5#4.945554060143307#9
0000 001A 2000 0000 0000 0000#1626595369927471#-36.5#4.534447208989955#9
0000 001C 2000 0000 0000 0000#1626595369928812#-42.5#4.828971520263998#9
0000 0015 2000 0000 0000 0000#1626595369929908#-51.0#4.509903516383785#9
0000 0011 2000 0000 0000 0000#1626595369930953#-35.5#4.374913207049849#9
0000 0010 2000 0000 0000 0000#1626595369932270#-34.0#4.037437433715008#9
0000 0019 2000 0000 0000 0000#1626595370195962#-36.5#4.491495746929157#9
0000 0018 2000 0000 0000 0000#1626595370197106#-31.0#4.2092432819582#9
0000 0011 2000 0000 0000 0000#1626595370198435#-36.0#4.411728745959104#9
0000 0014 2000 0000 0000 0000#1626595370199746#-46.5#4.473087977474529#9
0000 0015 2000 0000 0000 0000#1626595370200838#-52.5#4.129476280988146#9
0000 0016 2000 0000 0000 0000#1626595370202343#-31.5#4.368777283898306#9
0000 0017 2000 0000 0000 0000#1626595370204866#-26.5#3.834951969714103#9
0000 001B 2000 0000 0000 0000#1626595370206686#-42.0#4.565126824747668#9
0000 0013 2000 0000 0000 0000#1626595370209687#-44.5#4.675573441475434#9
0000 001A 2000 0000 0000 0000#1626595370211952#-36.5#4.430136515413731#9
0000 0012 2000 0000 0000 0000#1626595370213500#-40.5#4.614214209960009#9
0000 000F 2000 0000 0000 0000#1626595370215930#-30.5#4.104932588381976#9
0000 001D 2000 0000 0000 0000#1626595370217861#-48.5#4.061981126321178#9
0000 0010 2000 0000 0000 0000#1626595370219278#-33.5#4.295146206079795#9
0000 001C 2000 0000 0000 0000#1626595370220364#-44.5#4.460816131171445#9
0000 0018 2000 0000 0000 0000#1626595370226751#-32.0#4.215379205109742#9
0000 0016 2000 0000 0000 0000#1626595370227873#-31.5#4.411728745959104#9
0000 000F 2000 0000 0000 0000#1626595370228979#-30.0#4.123340357836604#9
0000 0017 2000 0000 0000 0000#1626595370230510#-26.5#3.8717675086233583#9
0000 001C 2000 0000 0000 0000#1626595370231596#-44.5#4.411728745959104#9
0000 001A 2000 0000 0000 0000#1626595370233127#-38.5#4.399456899656019#9
0000 0015 2000 0000 0000 0000#1626595370235399#-53.0#4.080388895775806#9
0000 001B 2000 0000 0000 0000#1626595370238898#-42.0#4.479223900626073#9
0000 001D 2000 0000 0000 0000#1626595370240686#-49.0#3.988350048502667#9
0000 0011 2000 0000 0000 0000#1626595370242102#-36.5#4.368777283898306#9
0000 0013 2000 0000 0000 0000#1626595370243441#-44.5#4.614214209960009#9
0000 0010 2000 0000 0000 0000#1626595370244624#-32.0#4.28287435977671#9
0000 0019 2000 0000 0000 0000#1626595370245931#-36.5#4.460816131171445#9
0000 0014 2000 0000 0000 0000#1626595370247495#-46.5#4.356505437595221#9
0000 0012 2000 0000 0000 0000#1626595370248999#-40.5#4.552854978444583#9
0000 0011 2000 0000 0000 0000#1626595370516319#-36.5#3.522019888985432#9
0000 001A 2000 0000 0000 0000#1626595370517746#-38.5#3.3624858870453256#9
0000 0019 2000 0000 0000 0000#1626595370519340#-37.5#3.6876898140770815#9
0000 0017 2000 0000 0000 0000#1626595370520614#-26.0#3.6386024288647407#9
0000 0016 2000 0000 0000 0000#1626595370521649#-31.0#4.362641360746763#9
0000 000F 2000 0000 0000 0000#1626595370522738#-30.5#3.773592738198677#9
0000 0010 2000 0000 0000 0000#1626595370523909#-32.5#3.6876898140770815#9
0000 0014 2000 0000 0000 0000#1626595370525289#-49.0#3.2827188860752723#9
0000 0012 2000 0000 0000 0000#1626595370526281#-42.5#3.485204350076177#9
0000 001C 2000 0000 0000 0000#1626595370527842#-47.0#3.2888548092268146#9
0000 0018 2000 0000 0000 0000#1626595370528984#-31.5#3.724505352986337#9
0000 001B 2000 0000 0000 0000#1626595370531134#-44.0#3.368621810196868#9
0000 001D 2000 0000 0000 0000#1626595370532263#-49.5#2.8961557275280905#9
0000 0013 2000 0000 0000 0000#1626595370533347#-46.0#3.442252888015379#9
0000 0015 2000 0000 0000 0000#1626595370535363#-56.0#3.067961575771282#9
0000 0016 2000 0000 0000 0000#1626595370542460#-31.0#4.405592822807561#9
0000 0019 2000 0000 0000 0000#1626595370544004#-37.5#3.6570101983193686#9
0000 0010 2000 0000 0000 0000#1626595370545161#-32.5#3.6815538909255388#9
0000 0015 2000 0000 0000 0000#1626595370546529#-56.0#3.074097498922825#9
0000 0011 2000 0000 0000 0000#1626595370548074#-37.5#3.454524734318464#9
0000 0017 2000 0000 0000 0000#1626595370550373#-26.0#3.6570101983193686#9
0000 001A 2000 0000 0000 0000#1626595370551685#-40.0#3.2827188860752723#9
0000 0012 2000 0000 0000 0000#1626595370552737#-42.5#3.4054373491061236#9
0000 000F 2000 0000 0000 0000#1626595370555278#-30.5#3.773592738198677#9
0000 0018 2000 0000 0000 0000#1626595370556311#-32.5#3.7122335066832517#9
0000 001C 2000 0000 0000 0000#1626595370557371#-47.5#3.227495577711389#9
0000 0013 2000 0000 0000 0000#1626595370558480#-46.5#3.393165502803038#9
0000 001B 2000 0000 0000 0000#1626595370560356#-44.5#3.2949907323783574#9
0000 0014 2000 0000 0000 0000#1626595370563031#-49.5#3.2090878082567613#9
0000 001D 2000 0000 0000 0000#1626595370564163#-51.0#2.8716120349219203#9
0000 0016 2000 0000 0000 0000#1626595370829949#-31.0#5.2339424482658075#9
0000 000F 2000 0000 0000 0000#1626595370831502#-30.5#4.368777283898306#9
0000 0010 2000 0000 0000 0000#1626595370833361#-32.5#4.061981126321178#9
0000 001A 2000 0000 0000 0000#1626595370834465#-39.5#3.393165502803038#9
0000 0011 2000 0000 0000 0000#1626595370835754#-37.5#3.650874275167826#9
0000 0019 2000 0000 0000 0000#1626595370836845#-37.5#3.859495662320273#9
0000 0018 2000 0000 0000 0000#1626595370837965#-32.0#4.2031073588066565#9
0000 0017 2000 0000 0000 0000#1626595370839523#-26.0#4.3503695144436785#9
0000 001B 2000 0000 0000 0000#1626595370841903#-44.5#3.4054373491061236#9
0000 0012 2000 0000 0000 0000#1626595370843336#-42.0#3.485204350076177#9
0000 0013 2000 0000 0000 0000#1626595370844417#-47.5#3.448388811166921#9
0000 001D 2000 0000 0000 0000#1626595370845435#-55.5#2.8286605728611223#9
0000 0014 2000 0000 0000 0000#1626595370846473#-52.0#3.2459033471660166#9
0000 0015 2000 0000 0000 0000#1626595370847638#-61.0#2.6998061866787286#9
0000 001C 2000 0000 0000 0000#1626595370848722#-49.5#3.2888548092268146#9
0000 001C 2000 0000 0000 0000#1626595370854170#-49.5#3.2459033471660166#9
0000 001A 2000 0000 0000 0000#1626595370855688#-40.0#3.356349963893783#9
0000 0010 2000 0000 0000 0000#1626595370856702#-34.0#4.01902966426038#9
0000 0019 2000 0000 0000 0000#1626595370857766#-37.5#3.810408277107933#9
0000 0012 2000 0000 0000 0000#1626595370860123#-41.0#3.436116964863836#9
0000 001B 2000 0000 0000 0000#1626595370863560#-45.0#3.3318062712876126#9
0000 0017 2000 0000 0000 0000#1626595370864687#-24.5#4.338097668140593#9
0000 0015 2000 0000 0000 0000#1626595370865710#-61.5#2.6691265709210157#9
0000 000F 2000 0000 0000 0000#1626595370867043#-30.0#4.338097668140593#9
0000 0018 2000 0000 0000 0000#1626595370868655#-31.5#4.166291819897402#9
0000 0011 2000 0000 0000 0000#1626595370870742#-37.0#3.5588354278946874#9
0000 0016 2000 0000 0000 0000#1626595370871791#-31.0#5.2339424482658075#9
0000 001D 2000 0000 0000 0000#1626595370874078#-56.0#2.705942109830271#9
0000 0013 2000 0000 0000 0000#1626595370875159#-48.0#3.356349963893783#9
0000 0014 2000 0000 0000 0000#1626595370876497#-52.5#3.147728576741336#9
0000 001B 2000 0000 0000 0000#1626595371142973#-48.0#1.8407769454627694#9
0000 000F 2000 0000 0000 0000#1626595371144366#-31.5#3.3011266555298997#9
0000 0010 2000 0000 0000 0000#1626595371147486#-33.0#2.816388726558037#9
0000 0017 2000 0000 0000 0000#1626595371148550#-27.0#3.32567034813607#9
0000 0011 2000 0000 0000 0000#1626595371149676#-38.0#2.3439226438892597#9
0000 0016 2000 0000 0000 0000#1626595371150755#-31.5#4.411728745959104#9
0000 001D 2000 0000 0000 0000#1626595371151732#-61.0#0.1227184630308513#9
0000 0018 2000 0000 0000 0000#1626595371152750#-34.0#3.0495538063166547#9
0000 0019 2000 0000 0000 0000#1626595371153798#-38.5#2.5341362615870793#9
0000 0012 2000 0000 0000 0000#1626595371155031#-44.5#2.030990563160589#9
0000 0013 2000 0000 0000 0000#1626595371156082#-51.5#1.7426021750380885#9
0000 001A 2000 0000 0000 0000#1626595371157102#-41.5#1.9634954084936207#9
0000 0015 2000 0000 0000 0000#1626595371160635#-57.0#5.8475347634200645#9
0000 0014 2000 0000 0000 0000#1626595371165661#-56.0#1.0799224746714913#9
0000 001C 2000 0000 0000 0000#1626595371166745#-54.0#1.2578642460662257#9
0000 0017 2000 0000 0000 0000#1626595371170884#-27.0#3.3011266555298997#9
0000 0012 2000 0000 0000 0000#1626595371173387#-43.5#1.9634954084936207#9
0000 0016 2000 0000 0000 0000#1626595371175101#-32.0#4.387185053352934#9
0000 0015 2000 0000 0000 0000#1626595371176150#-56.0#5.773903685601553#9
0000 0018 2000 0000 0000 0000#1626595371177261#-33.0#2.9943304979527716#9
0000 001D 2000 0000 0000 0000#1626595371178339#-60.5#6.0991076126333095#9
0000 000F 2000 0000 0000 0000#1626595371179602#-31.5#3.2459033471660166#9
0000 0019 2000 0000 0000 0000#1626595371180694#-38.5#2.4727770300716534#9
0000 0010 2000 0000 0000 0000#1626595371181806#-33.5#2.742757648739526#9
0000 0014 2000 0000 0000 0000#1626595371182985#-56.5#0.9756117810952678#9
0000 001B 2000 0000 0000 0000#1626595371184039#-48.5#1.6996507129772904#9
0000 0013 2000 0000 0000 0000#1626595371185130#-52.0#1.6260196351587797#9
0000 001A 2000 0000 0000 0000#1626595371186273#-40.0#1.8837284075235674#9
0000 0011 2000 0000 0000 0000#1626595371188261#-39.0#2.2089323345553233#9
0000 001C 2000 0000 0000 0000#1626595371192536#-54.5#1.1044661672776617#9
0000 0018 2000 0000 0000 0000#1626595371457412#-34.0#2.6384469551633027#9
0000 001B 2000 0000 0000 0000#1626595371458750#-51.0#0.944932165337555#9
0000 0017 2000 0000 0000 0000#1626595371460011#-28.0#3.000466421104314#9
0000 001C 2000 0000 0000 0000#1626595371461052#-55.5#5.442563835418255#9
0000 0015 2000 0000 0000 0000#1626595371463085#-53.0#3.933126740138784#9
0000 0011 2000 0000 0000 0000#1626595371464360#-40.0#1.7732817907958012#9
0000 0012 2000 0000 0000 0000#1626595371466574#-47.0#1.2946797849754812#9
0000 0010 2000 0000 0000 0000#1626595371468859#-36.0#2.356194490192345#9
0000 001D 2000 0000 0000 0000#1626595371469924#-48.5#3.5772431973493153#9
0000 000F 2000 0000 0000 0000#1626595371471514#-32.5#2.8838838812250054#9
0000 0016 2000 0000 0000 0000#1626595371472536#-33.0#4.2031073588066565#9
0000 0013 2000 0000 0000 0000#1626595371474326#-54.5#0.4970097752749477#9
0000 0019 2000 0000 0000 0000#1626595371476262#-39.5#2.012582793705961#9
0000 001A 2000 0000 0000 0000#1626595371478459#-44.0#1.2946797849754812#9
0000 0014 2000 0000 0000 0000#1626595371480398#-52.5#4.626486056263094#9
0000 001D 2000 0000 0000 0000#1626595371485876#-47.5#3.54042765844006#9
0000 0010 2000 0000 0000 0000#1626595371487289#-35.0#2.3623304133438876#9
0000 0013 2000 0000 0000 0000#1626595371488845#-54.5#0.380427235395639#9
0000 0012 2000 0000 0000 0000#1626595371491458#-47.5#1.184233168247715#9
0000 0016 2000 0000 0000 0000#1626595371492579#-33.0#4.172427743048944#9
0000 0017 2000 0000 0000 0000#1626595371493961#-26.5#2.9206994201342606#9
0000 001A 2000 0000 0000 0000#1626595371495544#-42.5#1.2517283229146832#9
0000 0015 2000 0000 0000 0000#1626595371496596#-54.0#3.80427235395639#9
0000 000F 2000 0000 0000 0000#1626595371497872#-32.5#2.8409324191642074#9
0000 0011 2000 0000 0000 0000#1626595371498888#-40.5#1.6935147898257479#9
0000 0018 2000 0000 0000 0000#1626595371500421#-34.5#2.5586799541932495#9
0000 001C 2000 0000 0000 0000#1626595371501518#-53.0#4.902602598082509#9
0000 0019 2000 0000 0000 0000#1626595371502968#-39.5#1.9573594853420782#9
0000 001B 2000 0000 0000 0000#1626595371504275#-52.0#0.662679700366597#9
0000 0014 2000 0000 0000 0000#1626595371505340#-51.0#4.387185053352934#9
0000 0012 2000 0000 0000 0000#1626595371771574#-51.0#5.602097837358362#9
0000 0010 2000 0000 0000 0000#1626595371773046#-39.0#1.3499030933393643#9
0000 001D 2000 0000 0000 0000#1626595371775847#-60.5#2.5464081078901644#9
0000 0013 2000 0000 0000 0000#1626595371776872#-48.5#3.2397674240144743#9
0000 0017 2000 0000 0000 0000#1626595371777963#-30.0#2.061670178918302#9
0000 0016 2000 0000 0000 0000#1626595371779000#-34.5#3.356349963893783#9
0000 0018 2000 0000 0000 0000#1626595371780324#-37.5#1.6444274046134073#9
0000 000F 2000 0000 0000 0000#1626595371781360#-34.5#1.9634954084936207#9
0000 001C 2000 0000 0000 0000#1626595371782805#-47.5#2.4911847995262812#9
0000 001A 2000 0000 0000 0000#1626595371785507#-49.0#5.902758071783947#9
0000 0011 2000 0000 0000 0000#1626595371787181#-44.5#0.4295146206079795#9
0000 0014 2000 0000 0000 0000#1626595371789111#-50.5#2.5034566458293663#9
0000 0019 2000 0000 0000 0000#1626595371790177#-44.5#0.8222137023067037#9
0000 001B 2000 0000 0000 0000#1626595371791371#-50.0#3.736777199289422#9
0000 001B 2000 0000 0000 0000#1626595371794835#-50.0#3.718369429834794#9
0000 0019 2000 0000 0000 0000#1626595371795926#-44.5#0.8099418560036186#9
0000 0011 2000 0000 0000 0000#1626595371797484#-44.5#0.37429131224409645#9
0000 0010 2000 0000 0000 0000#1626595371799352#-38.0#1.2640001692177683#9
0000 0016 2000 0000 0000 0000#1626595371800445#-35.0#3.32567034813607#9
0000 0013 2000 0000 0000 0000#1626595371801515#-47.5#3.0495538063166547#9
0000 001A 2000 0000 0000 0000#1626595371803060#-49.0#5.8045833013592665#9
0000 001C 2000 0000 0000 0000#1626595371804627#-47.5#2.466641106920111#9
0000 0012 2000 0000 0000 0000#1626595371806186#-51.5#5.301437602932776#9
0000 0017 2000 0000 0000 0000#1626595371807263#-30.0#1.9941750242513334#9
0000 0018 2000 0000 0000 0000#1626595371808765#-38.0#1.5830681730979816#9
0000 001D 2000 0000 0000 0000#1626595371811322#-64.0#2.4175537217077703#9
0000 000F 2000 0000 0000 0000#1626595371812369#-35.0#1.8960002538266525#9
0000 0014 2000 0000 0000 0000#1626595371815473#-51.5#2.4850488763747385#9
0000 0011 2000 0000 0000 0000#1626595372082502#-47.0#5.289165756629691#9
0000 0012 2000 0000 0000 0000#1626595372084655#-41.5#3.172272269347506#9
0000 001D 2000 0000 0000 0000#1626595372085947#-64.5#3.0250101137104846#9
0000 0018 2000 0000 0000 0000#1626595372087103#-41.0#1.4971652489763858#9
0000 0013 2000 0000 0000 0000#1626595372088114#-52.0#3.1354567304382504#9
0000 0017 2000 0000 0000 0000#1626595372089234#-33.0#2.0923497946760143#9
0000 0016 2000 0000 0000 0000#1626595372090285#-36.5#3.497476196379262#9
0000 000F 2000 0000 0000 0000#1626595372091393#-38.5#1.9512235621905356#9
0000 0010 2000 0000 0000 0000#1626595372092694#-44.5#0.9940195505498954#9
0000 001A 2000 0000 0000 0000#1626595372093770#-41.5#3.497476196379262#9
0000 0015 2000 0000 0000 0000#1626595372095903#-56.0#2.018718716857504#9
0000 001C 2000 0000 0000 0000#1626595372097852#-65.0#2.3071071049800045#9
0000 0014 2000 0000 0000 0000#1626595372098918#-65.0#0.9142525495798421#9
0000 001B 2000 0000 0000 0000#1626595372100660#-47.0#3.043417883165112#9
0000 0019 2000 0000 0000 0000#1626595372103058#-49.5#6.043884304269426#9
0000 0017 2000 0000 0000 0000#1626595372109221#-33.5#2.0493983326152168#9
0000 0013 2000 0000 0000 0000#1626595372110560#-53.5#3.117048960983623#9
0000 0014 2000 0000 0000 0000#1626595372111881#-65.5#0.619728238305799#9
0000 0011 2000 0000 0000 0000#1626595372112952#-46.5#4.994641445355648#9
0000 0016 2000 0000 0000 0000#1626595372114733#-37.0#3.442252888015379#9
0000 001B 2000 0000 0000 0000#1626595372116234#-48.0#3.0250101137104846#9
0000 0019 2000 0000 0000 0000#1626595372117256#-49.5#5.93343768754166#9
0000 000F 2000 0000 0000 0000#1626595372119560#-39.0#1.88986433067511#9
0000 0012 2000 0000 0000 0000#1626595372120677#-42.0#3.0495538063166547#9
0000 001C 2000 0000 0000 0000#1626595372122161#-65.5#1.9082721001297376#9
0000 001D 2000 0000 0000 0000#1626595372123224#-62.0#2.8409324191642074#9
0000 0018 2000 0000 0000 0000#1626595372124662#-42.0#1.4173982480063325#9
0000 001A 2000 0000 0000 0000#1626595372126023#-40.0#3.32567034813607#9
0000 0010 2000 0000 0000 0000#1626595372128218#-44.0#0.8406214717613314#9
0000 0015 2000 0000 0000 0000#1626595372129896#-55.0#1.3560390164909069#9
0000 001A 2000 0000 0000 0000#1626595372398679#-49.5#2.3009711818284617#9
0000 0016 2000 0000 0000 0000#1626595372400038#-41.5#2.386874105950058#9
0000 0013 2000 0000 0000 0000#1626595372401122#-62.0#0.11044661672776616#9
0000 0017 2000 0000 0000 0000#1626595372402453#-40.5#0.8713010875190442#9
0000 000F 2000 0000 0000 0000#1626595372403815#-47.0#0.4663301595172349#9
0000 0018 2000 0000 0000 0000#1626595372404874#-50.0#5.602097837358362#9
0000 001D 2000 0000 0000 0000#1626595372406149#-61.0#2.282563412373834#9
0000 0011 2000 0000 0000 0000#1626595372407405#-43.5#2.6691265709210157#9
0000 0010 2000 0000 0000 0000#1626595372408521#-46.0#4.344233591292136#9
0000 0019 2000 0000 0000 0000#1626595372409566#-45.0#3.141592653589793#9
0000 0015 2000 0000 0000 0000#1626595372410961#-59.5#0.6872233929727672#9
0000 0012 2000 0000 0000 0000#1626595372412319#-55.5#2.1659808724945253#9
0000 0014 2000 0000 0000 0000#1626595372413663#-59.0#3.9085830475326135#9
0000 001B 2000 0000 0000 0000#1626595372416500#-62.5#1.2333205534600555#9
0000 001C 2000 0000 0000 0000#1626595372417601#-62.0#4.061981126321178#9
0000 0017 2000 0000 0000 0000#1626595372421925#-41.5#0.8160777791551611#9
0000 0015 2000 0000 0000 0000#1626595372423518#-59.5#0.6442719309119693#9
0000 001A 2000 0000 0000 0000#1626595372425197#-49.5#2.3316507975861747#9
0000 0016 2000 0000 0000 0000#1626595372426305#-42.0#2.337786720737717#9
0000 0018 2000 0000 0000 0000#1626595372427380#-50.0#5.418020142812084#9
0000 0019 2000 0000 0000 0000#1626595372428941#-45.0#3.055689729468197#9
0000 0011 2000 0000 0000 0000#1626595372430268#-42.5#2.6445828783148455#9
0000 001C 2000 0000 0000 0000#1626595372431768#-61.5#4.025165587411922#9
0000 0013 2000 0000 0000 0000#1626595372433506#-61.5#6.086835766330224#9
0000 0012 2000 0000 0000 0000#1626595372434635#-54.5#2.055534255766759#9
0000 0010 2000 0000 0000 0000#1626595372436004#-45.5#4.1172044346850605#9
0000 0014 2000 0000 0000 0000#1626595372438010#-58.5#3.77972866135022#9
0000 001B 2000 0000 0000 0000#1626595372439646#-63.0#1.030835089459151#9
0000 001D 2000 0000 0000 0000#1626595372440993#-60.0#2.172116795646068#9
0000 000F 2000 0000 0000 0000#1626595372443651#-48.5#0.28225246497095796#9
0000 0012 2000 0000 0000 0000#1626595372709747#-60.0#5.994796919057086#9
0000 0014 2000 0000 0000 0000#1626595372711368#-57.5#2.9329712664373457#9
0000 0017 2000 0000 0000 0000#1626595372712673#-45.5#5.424156065963627#9
0000 000F 2000 0000 0000 0000#1626595372713763#-48.0#4.767612288748572#9
0000 0016 2000 0000 0000 0000#1626595372714813#-48.0#1.736466251886546#9
0000 0010 2000 0000 0000 0000#1626595372716656#-47.0#3.479068426924634#9
0000 001C 2000 0000 0000 0000#1626595372717954#-59.0#3.2888548092268146#9
0000 0013 2000 0000 0000 0000#1626595372719490#-58.0#4.049709280018092#9
0000 0018 2000 0000 0000 0000#1626595372720525#-47.5#3.9515345095934116#9
0000 0011 2000 0000 0000 0000#1626595372721586#-55.0#2.3316507975861747#9
0000 0019 2000 0000 0000 0000#1626595372723230#-53.5#3.000466421104314#9
0000 001D 2000 0000 0000 0000#1626595372724634#-63.5#1.7241944055834606#9
0000 001B 2000 0000 0000 0000#1626595372725672#-60.5#4.4362724385652745#9
0000 001A 2000 0000 0000 0000#1626595372729045#-62.0#0.8344855486097889#9
0000 0013 2000 0000 0000 0000#1626595372738871#-58.0#4.0128937411088375#9
0000 0016 2000 0000 0000 0000#1626595372739934#-49.0#1.6137477888556946#9
0000 0018 2000 0000 0000 0000#1626595372741746#-47.5#3.933126740138784#9
0000 0014 2000 0000 0000 0000#1626595372742798#-57.0#2.773437264497239#9
0000 0010 2000 0000 0000 0000#1626595372744364#-47.5#3.436116964863836#9
0000 0012 2000 0000 0000 0000#1626595372745975#-58.5#5.638913376267617#9
0000 001D 2000 0000 0000 0000#1626595372747817#-62.0#1.5892040962495242#9
0000 0017 2000 0000 0000 0000#1626595372750302#-45.0#5.1725832167503825#9
0000 0011 2000 0000 0000 0000#1626595372751361#-55.0#2.172116795646068#9
