3008 33B2 DDD9 0140 2018 0626#1626595435093663#-61.5#5.436427912266712#9
0000 0014 2000 0000 0000 0000#1626595435095157#-54.5#2.043262409463674#9
0000 0015 2000 0000 0000 0000#1626595435096761#-57.0#3.9147189706841563#9
0000 0010 2000 0000 0000 0000#1626595435099221#-50.0#3.988350048502667#9
0000 001D 2000 0000 0000 0000#1626595435100269#-51.0#2.6139032625571326#9
0000 001A 2000 0000 0000 0000#1626595435101315#-52.0#5.043728830567988#9
0000 0016 2000 0000 0000 0000#1626595435102837#-63.0#4.540583132141498#9
0000 000F 2000 0000 0000 0000#1626595435104124#-48.5#3.423845118560751#9
0000 0019 2000 0000 0000 0000#1626595435105711#-50.0#4.301282129231338#9
0000 0018 2000 0000 0000 0000#1626595435106984#-50.0#3.736777199289422#9
0000 0017 2000 0000 0000 0000#1626595435108076#-46.5#2.8409324191642074#9
0000 001B 2000 0000 0000 0000#1626595435109068#-55.5#0.23316507975861744#9
0000 0013 2000 0000 0000 0000#1626595435110747#-56.5#0.8406214717613314#9
0000 0012 2000 0000 0000 0000#1626595435112151#-55.5#5.608233760509904#9
0000 001C 2000 0000 0000 0000#1626595435113278#-55.0#1.5585244804918115#9
0000 0011 2000 0000 0000 0000#1626595435114282#-51.0#4.466952054322987#9
0000 0015 2000 0000 0000 0000#1626595435118911#-57.0#3.890175278077986#9
0000 0011 2000 0000 0000 0000#1626595435121055#-51.0#4.4976316700806995#9
0000 0017 2000 0000 0000 0000#1626595435122861#-46.5#2.84706834231575#9
0000 001D 2000 0000 0000 0000#1626595435123923#-51.0#2.5893595699509624#9
0000 0012 2000 0000 0000 0000#1626595435127083#-55.5#5.577554144752192#9
0000 0018 2000 0000 0000 0000#1626595435128764#-50.0#3.718369429834794#9
0000 0010 2000 0000 0000 0000#1626595435130155#-48.5#3.988350048502667#9
0000 001B 2000 0000 0000 0000#1626595435131335#-56.0#0.2638446955163303#9
0000 001A 2000 0000 0000 0000#1626595435132438#-52.0#5.049864753719531#9
0000 0013 2000 0000 0000 0000#1626595435133770#-56.5#0.8222137023067037#9
0000 001C 2000 0000 0000 0000#1626595435136060#-54.5#1.552388557340269#9
3008 33B2 DDD9 0140 2018 0626#1626595435137131#-61.5#5.448699758569798#9
0000 000F 2000 0000 0000 0000#1626595435138467#-49.0#3.411573272257666#9
0000 0019 2000 0000 0000 0000#1626595435139671#-50.5#4.295146206079795#9
0000 0014 2000 0000 0000 0000#1626595435140767#-54.0#2.1230294104337273#9
0000 0016 2000 0000 0000 0000#1626595435141976#-63.0#4.534447208989955#9
0000 001B 2000 0000 0000 0000#1626595435405120#-56.5#5.620505606812989#9
0000 001D 2000 0000 0000 0000#1626595435406423#-51.0#1.9819031779482483#9
0000 0010 2000 0000 0000 0000#1626595435409209#-50.5#3.448388811166921#9
0000 0019 2000 0000 0000 0000#1626595435410329#-51.0#3.6692820446224537#9
0000 0018 2000 0000 0000 0000#1626595435411360#-51.5#3.215223731408304#9
0000 001A 2000 0000 0000 0000#1626595435413175#-52.0#4.25833066717054#9
0000 0017 2000 0000 0000 0000#1626595435414194#-50.0#2.3316507975861747#9
0000 0014 2000 0000 0000 0000#1626595435416218#-56.5#1.1228739367322893#9
0000 0011 2000 0000 0000 0000#1626595435417238#-51.5#3.773592738198677#9
0000 0012 2000 0000 0000 0000#1626595435418269#-55.0#4.798291904506286#9
0000 000F 2000 0000 0000 0000#1626595435419389#-51.5#2.8777479580734626#9
0000 0015 2000 0000 0000 0000#1626595435420810#-56.5#2.804116880254952#9
0000 0013 2000 0000 0000 0000#1626595435422104#-58.0#6.1420590746941075#9
0000 001C 2000 0000 0000 0000#1626595435423643#-56.5#0.6504078540635119#9
0000 0019 2000 0000 0000 0000#1626595435435656#-51.5#3.859495662320273#9
0000 001D 2000 0000 0000 0000#1626595435437642#-51.5#2.12916533358527#9
0000 001B 2000 0000 0000 0000#1626595435439005#-56.0#5.749359992995383#9
0000 0015 2000 0000 0000 0000#1626595435440380#-56.5#3.0372819600135696#9
0000 0018 2000 0000 0000 0000#1626595435442457#-51.0#3.399301425954581#9
0000 0013 2000 0000 0000 0000#1626595435443522#-57.5#0.04908738521234052#9
0000 001A 2000 0000 0000 0000#1626595435445361#-50.5#4.454680208019902#9
0000 0011 2000 0000 0000 0000#1626595435446678#-51.5#3.9515345095934116#9
0000 0010 2000 0000 0000 0000#1626595435448788#-49.0#3.5895150436524004#9
0000 001C 2000 0000 0000 0000#1626595435451398#-56.0#0.7853981633974483#9
0000 0017 2000 0000 0000 0000#1626595435453274#-49.5#2.4727770300716534#9
0000 0014 2000 0000 0000 0000#1626595435455193#-56.5#1.3008157081270237#9
0000 000F 2000 0000 0000 0000#1626595435456484#-51.0#3.067961575771282#9
0000 0012 2000 0000 0000 0000#1626595435457575#-54.0#4.9823695990525625#9
0000 0012 2000 0000 0000 0000#1626595435721127#-53.5#5.706408530934585#9
0000 000F 2000 0000 0000 0000#1626595435722443#-50.5#3.9515345095934116#9
0000 001B 2000 0000 0000 0000#1626595435723772#-55.5#0.1718058482431918#9
0000 001A 2000 0000 0000 0000#1626595435725137#-49.5#5.1725832167503825#9
0000 0018 2000 0000 0000 0000#1626595435727182#-50.0#4.215379205109742#9
3008 33B2 DDD9 0140 2018 0626#1626595435729296#-60.5#6.007068765360171#9
0000 0011 2000 0000 0000 0000#1626595435730836#-50.0#4.73693267299086#9
0000 0017 2000 0000 0000 0000#1626595435732116#-49.0#3.3502140407422405#9
0000 0010 2000 0000 0000 0000#1626595435733141#-49.0#4.399456899656019#9
0000 001D 2000 0000 0000 0000#1626595435734221#-52.5#3.104777114680538#9
0000 0019 2000 0000 0000 0000#1626595435735795#-50.0#4.626486056263094#9
0000 0013 2000 0000 0000 0000#1626595435738442#-57.5#0.7853981633974483#9
0000 0014 2000 0000 0000 0000#1626595435739850#-56.5#2.0923497946760143#9
0000 0015 2000 0000 0000 0000#1626595435741739#-57.5#4.006757817957295#9
0000 001C 2000 0000 0000 0000#1626595435743252#-56.0#1.552388557340269#9
0000 0017 2000 0000 0000 0000#1626595435748167#-49.5#3.3747577333484107#9
0000 001C 2000 0000 0000 0000#1626595435749849#-56.5#1.5462526341887264#9
0000 0018 2000 0000 0000 0000#1626595435750910#-50.0#4.23378697456437#9
0000 0019 2000 0000 0000 0000#1626595435753013#-50.0#4.632621979414636#9
0000 001B 2000 0000 0000 0000#1626595435754077#-55.5#0.18407769454627693#9
0000 0013 2000 0000 0000 0000#1626595435755129#-57.5#0.7792622402459057#9
0000 0011 2000 0000 0000 0000#1626595435756443#-50.0#4.73693267299086#9
0000 001D 2000 0000 0000 0000#1626595435757748#-52.5#3.098641191528995#9
0000 001A 2000 0000 0000 0000#1626595435758792#-50.5#5.1725832167503825#9
3008 33B2 DDD9 0140 2018 0626#1626595435759895#-61.5#5.884350302329319#9
0000 000F 2000 0000 0000 0000#1626595435761297#-51.0#3.9760782021995817#9
0000 0012 2000 0000 0000 0000#1626595435762332#-53.5#5.675728915176872#9
0000 0015 2000 0000 0000 0000#1626595435763382#-57.0#3.9822141253511245#9
0000 0010 2000 0000 0000 0000#1626595435765124#-49.5#4.417864669110647#9
0000 0014 2000 0000 0000 0000#1626595435766162#-57.0#2.086213871524472#9
0000 0017 2000 0000 0000 0000#1626595436030107#-49.0#3.2888548092268146#9
0000 001A 2000 0000 0000 0000#1626595436031735#-49.5#4.963961829597935#9
0000 0019 2000 0000 0000 0000#1626595436033010#-49.0#4.454680208019902#9
0000 000F 2000 0000 0000 0000#1626595436034586#-50.5#3.877903431774901#9
0000 0018 2000 0000 0000 0000#1626595436035619#-49.5#4.129476280988146#9
0000 0012 2000 0000 0000 0000#1626595436036707#-54.5#5.50392306693368#9
0000 0010 2000 0000 0000 0000#1626595436045781#-49.5#3.9147189706841563#9
0000 001C 2000 0000 0000 0000#1626595436048481#-56.5#1.214912784005428#9
3008 33B2 DDD9 0140 2018 0626#1626595436050055#-61.5#5.197126909356553#9
0000 0013 2000 0000 0000 0000#1626595436051669#-58.0#0.4908738521234052#9
0000 001D 2000 0000 0000 0000#1626595436052743#-55.0#2.2150682577068657#9
0000 0011 2000 0000 0000 0000#1626595436053802#-50.0#4.23378697456437#9
0000 0015 2000 0000 0000 0000#1626595436056705#-57.5#3.1354567304382504#9
0000 0014 2000 0000 0000 0000#1626595436058011#-57.5#1.7119225592803755#9
0000 001B 2000 0000 0000 0000#1626595436059301#-56.5#6.074563920027139#9
0000 001C 2000 0000 0000 0000#1626595436064437#-56.5#1.3192234775816514#9
0000 0012 2000 0000 0000 0000#1626595436065514#-54.0#5.246214294568893#9
0000 0011 2000 0000 0000 0000#1626595436067182#-48.0#4.270602513473625#9
0000 0017 2000 0000 0000 0000#1626595436069711#-50.0#2.9820586516496865#9
0000 001A 2000 0000 0000 0000#1626595436070755#-51.5#4.700117134081604#9
0000 001B 2000 0000 0000 0000#1626595436071833#-56.0#6.111379458936394#9
0000 0018 2000 0000 0000 0000#1626595436072891#-50.0#3.822680123411018#9
0000 0013 2000 0000 0000 0000#1626595436075885#-58.0#0.6442719309119693#9
0000 0019 2000 0000 0000 0000#1626595436077174#-49.0#4.221515128261284#9
0000 001D 2000 0000 0000 0000#1626595436078263#-54.0#2.2886993355253766#9
0000 0015 2000 0000 0000 0000#1626595436079780#-56.0#3.2090878082567613#9
0000 0010 2000 0000 0000 0000#1626595436081551#-49.0#4.0128937411088375#9
0000 000F 2000 0000 0000 0000#1626595436082885#-50.0#3.6017868899554855#9
0000 0014 2000 0000 0000 0000#1626595436085703#-55.5#1.859184714917397#9
0000 0015 2000 0000 0000 0000#1626595436350312#-52.5#3.184544115650591#9
0000 0010 2000 0000 0000 0000#1626595436351326#-45.0#4.2031073588066565#9
0000 001A 2000 0000 0000 0000#1626595436352388#-46.5#5.5100589900852235#9
0000 001C 2000 0000 0000 0000#1626595436354228#-48.5#1.6751070203711202#9
0000 0012 2000 0000 0000 0000#1626595436355786#-48.0#6.043884304269426#9
0000 0016 2000 0000 0000 0000#1626595436356893#-64.5#4.264466590322082#9
0000 0017 2000 0000 0000 0000#1626595436358733#-44.5#2.9084275738311756#9
0000 001B 2000 0000 0000 0000#1626595436359809#-48.5#0.619728238305799#9
0000 000F 2000 0000 0000 0000#1626595436361402#-46.0#3.5465635815916023#9
0000 0011 2000 0000 0000 0000#1626595436362703#-45.5#4.81056375080937#9
0000 0018 2000 0000 0000 0000#1626595436363707#-46.5#3.9147189706841563#9
0000 0014 2000 0000 0000 0000#1626595436365052#-49.5#1.9266798695843652#9
0000 0013 2000 0000 0000 0000#1626595436366829#-50.0#1.0246991663076084#9
0000 0019 2000 0000 0000 0000#1626595436369015#-45.0#4.632621979414636#9
0000 001D 2000 0000 0000 0000#1626595436373332#-49.0#2.3623304133438876#9
0000 0016 2000 0000 0000 0000#1626595436378489#-64.0#4.3074180523828804#9
0000 001B 2000 0000 0000 0000#1626595436379594#-48.5#0.5951845456996288#9
0000 001D 2000 0000 0000 0000#1626595436381169#-49.0#2.3623304133438876#9
0000 0011 2000 0000 0000 0000#1626595436382230#-45.0#4.792155981354743#9
0000 0018 2000 0000 0000 0000#1626595436383372#-45.0#3.933126740138784#9
0000 0012 2000 0000 0000 0000#1626595436384500#-46.5#5.982525072754001#9
0000 001A 2000 0000 0000 0000#1626595436385602#-46.0#5.43029198911517#9
0000 0013 2000 0000 0000 0000#1626595436386970#-50.0#1.0062913968529805#9
0000 0017 2000 0000 0000 0000#1626595436388047#-44.5#2.9022916506796332#9
0000 0015 2000 0000 0000 0000#1626595436390564#-53.0#3.227495577711389#9
0000 0014 2000 0000 0000 0000#1626595436393726#-49.5#1.9266798695843652#9
0000 0019 2000 0000 0000 0000#1626595436395243#-45.0#4.571262747899211#9
0000 001C 2000 0000 0000 0000#1626595436396314#-48.5#1.6505633277649499#9
0000 0010 2000 0000 0000 0000#1626595436398243#-44.5#4.2031073588066565#9
0000 000F 2000 0000 0000 0000#1626595436401530#-45.5#3.5342917352885173#9
0000 0018 2000 0000 0000 0000#1626595436666907#-46.0#3.436116964863836#9
0000 0019 2000 0000 0000 0000#1626595436667981#-45.5#4.147884050442774#9
0000 000F 2000 0000 0000 0000#1626595436669303#-47.0#3.067961575771282#9
0000 001D 2000 0000 0000 0000#1626595436670490#-47.5#2.024854640009046#9
0000 0015 2000 0000 0000 0000#1626595436671495#-53.0#2.8838838812250054#9
0000 001C 2000 0000 0000 0000#1626595436673265#-49.0#1.2885438618239387#9
0000 0016 2000 0000 0000 0000#1626595436674343#-65.5#3.8410878928656453#9
0000 0017 2000 0000 0000 0000#1626595436675462#-44.5#2.442097414313941#9
0000 0012 2000 0000 0000 0000#1626595436676964#-49.0#5.595961914206819#9
0000 0013 2000 0000 0000 0000#1626595436677973#-51.5#0.6320000846088841#9
0000 0010 2000 0000 0000 0000#1626595436681909#-45.5#3.730641276137879#9
0000 001A 2000 0000 0000 0000#1626595436683665#-46.0#5.00077736850719#9
0000 0011 2000 0000 0000 0000#1626595436684697#-46.0#4.325825821837508#9
0000 001B 2000 0000 0000 0000#1626595436688569#-49.5#0.1718058482431918#9
0000 0014 2000 0000 0000 0000#1626595436689665#-50.5#1.576932249946439#9
0000 0017 2000 0000 0000 0000#1626595436695229#-45.0#2.448233337465483#9
0000 001B 2000 0000 0000 0000#1626595436696291#-49.0#0.18407769454627693#9
0000 0016 2000 0000 0000 0000#1626595436697642#-65.0#3.859495662320273#9
0000 0018 2000 0000 0000 0000#1626595436699411#-46.0#3.466796580621549#9
0000 000F 2000 0000 0000 0000#1626595436703012#-47.0#3.0250101137104846#9
0000 0010 2000 0000 0000 0000#1626595436704470#-45.5#3.724505352986337#9
0000 0011 2000 0000 0000 0000#1626595436705544#-46.0#4.325825821837508#9
0000 0019 2000 0000 0000 0000#1626595436706914#-45.5#4.1417481272912315#9
0000 0015 2000 0000 0000 0000#1626595436707976#-52.5#2.8716120349219203#9
0000 001A 2000 0000 0000 0000#1626595436709317#-46.0#4.994641445355648#9
0000 0014 2000 0000 0000 0000#1626595436710751#-50.5#1.6014759425526093#9
0000 001D 2000 0000 0000 0000#1626595436712668#-49.0#2.018718716857504#9
0000 0013 2000 0000 0000 0000#1626595436714216#-51.0#0.6565437772150544#9
0000 0012 2000 0000 0000 0000#1626595436715295#-49.0#5.5714182216006485#9
0000 001C 2000 0000 0000 0000#1626595436716422#-49.0#1.3008157081270237#9
0000 0019 2000 0000 0000 0000#1626595436987149#-45.0#4.871922982324796#9
0000 000F 2000 0000 0000 0000#1626595436988483#-46.0#3.8840393549264434#9
0000 0017 2000 0000 0000 0000#1626595436989773#-43.5#3.2827188860752723#9
0000 001A 2000 0000 0000 0000#1626595436991288#-46.0#5.730952223540755#9
0000 0013 2000 0000 0000 0000#1626595436992371#-50.5#1.4480778637640452#9
0000 0012 2000 0000 0000 0000#1626595436994882#-49.0#0.06135923151542565#9
0000 0016 2000 0000 0000 0000#1626595436996734#-64.0#4.601942363656923#9
0000 001C 2000 0000 0000 0000#1626595436998899#-48.5#2.043262409463674#9
0000 001D 2000 0000 0000 0000#1626595437000430#-49.0#2.804116880254952#9
0000 0011 2000 0000 0000 0000#1626595437001975#-45.0#5.0682725231741586#9
0000 001B 2000 0000 0000 0000#1626595437004702#-49.0#0.9694758579437253#9
0000 0014 2000 0000 0000 0000#1626595437005768#-50.5#2.386874105950058#9
0000 0015 2000 0000 0000 0000#1626595437008385#-52.5#3.7122335066832517#9
0000 0018 2000 0000 0000 0000#1626595437009842#-43.5#4.2031073588066565#9
0000 0010 2000 0000 0000 0000#1626595437010983#-43.0#4.491495746929157#9
0000 001B 2000 0000 0000 0000#1626595437016713#-49.0#0.9633399347921826#9
0000 0018 2000 0000 0000 0000#1626595437018045#-45.5#4.246058820867455#9
0000 0012 2000 0000 0000 0000#1626595437019091#-49.0#0.04295146206079795#9
0000 001A 2000 0000 0000 0000#1626595437020218#-44.5#5.749359992995383#9
0000 001D 2000 0000 0000 0000#1626595437021250#-49.0#2.8102528034064944#9
0000 0016 2000 0000 0000 0000#1626595437022614#-64.0#4.638757902566179#9
0000 0013 2000 0000 0000 0000#1626595437024652#-50.5#1.4358060174609601#9
0000 001C 2000 0000 0000 0000#1626595437025721#-48.5#2.073942025221387#9
0000 0014 2000 0000 0000 0000#1626595437027983#-50.5#2.3746022596469727#9
0000 0015 2000 0000 0000 0000#1626595437029303#-52.5#3.693825737228624#9
0000 0010 2000 0000 0000 0000#1626595437030362#-44.5#4.466952054322987#9
0000 0017 2000 0000 0000 0000#1626595437032607#-43.5#3.2765829629237295#9
0000 0011 2000 0000 0000 0000#1626595437033923#-45.0#5.056000676871073#9
0000 0019 2000 0000 0000 0000#1626595437035014#-45.0#4.853515212870168#9
0000 000F 2000 0000 0000 0000#1626595437038928#-46.0#3.877903431774901#9
0000 0016 2000 0000 0000 0000#1626595437303309#-65.5#3.9944859716542096#9
0000 0018 2000 0000 0000 0000#1626595437305038#-46.0#3.6324665057131984#9
0000 001A 2000 0000 0000 0000#1626595437306582#-46.0#5.166447293598839#9
0000 0019 2000 0000 0000 0000#1626595437312026#-45.5#4.325825821837508#9
0000 0014 2000 0000 0000 0000#1626595437313193#-50.0#1.8223691760081417#9
0000 001D 2000 0000 0000 0000#1626595437314226#-49.0#2.227340104009951#9
0000 0017 2000 0000 0000 0000#1626595437315715#-44.5#2.650718801466388#9
0000 0011 2000 0000 0000 0000#1626595437316745#-45.5#4.509903516383785#9
0000 0015 2000 0000 0000 0000#1626595437317996#-53.0#3.098641191528995#9
0000 001B 2000 0000 0000 0000#1626595437319285#-49.5#0.4111068511533518#9
0000 001C 2000 0000 0000 0000#1626595437320358#-49.5#1.5155730184310134#9
0000 000F 2000 0000 0000 0000#1626595437322448#-46.5#3.2765829629237295#9
0000 0010 2000 0000 0000 0000#1626595437325174#-46.0#3.933126740138784#9
0000 0012 2000 0000 0000 0000#1626595437326278#-49.0#5.767767762450011#9
0000 0013 2000 0000 0000 0000#1626595437327845#-51.0#0.8958447801252144#9
0000 001B 2000 0000 0000 0000#1626595437333122#-49.0#0.3988350048502667#9
0000 000F 2000 0000 0000 0000#1626595437334909#-46.5#3.2643111166206444#9
0000 001C 2000 0000 0000 0000#1626595437335939#-49.0#1.509437095279471#9
0000 0017 2000 0000 0000 0000#1626595437337270#-44.0#2.675262494072558#9
0000 0010 2000 0000 0000 0000#1626595437338361#-45.5#3.9453985864418692#9
0000 001A 2000 0000 0000 0000#1626595437339889#-46.0#5.1725832167503825#9
0000 0012 2000 0000 0000 0000#1626595437341944#-49.0#5.780039608753096#9
0000 0018 2000 0000 0000 0000#1626595437343131#-44.5#3.6324665057131984#9
0000 0016 2000 0000 0000 0000#1626595437346066#-64.5#3.9576704327449543#9
0000 001D 2000 0000 0000 0000#1626595437347885#-49.0#2.2212041808584084#9
0000 0019 2000 0000 0000 0000#1626595437348989#-45.0#4.319689898685965#9
0000 0011 2000 0000 0000 0000#1626595437350248#-46.0#4.522175362686871#9
0000 0014 2000 0000 0000 0000#1626595437352428#-50.0#1.8223691760081417#9
0000 0013 2000 0000 0000 0000#1626595437354990#-51.0#0.8651651643675016#9
0000 0015 2000 0000 0000 0000#1626595437356053#-53.0#3.104777114680538#9
0000 0012 2000 0000 0000 0000#1626595437622535#-48.5#5.970253226450915#9
0000 0010 2000 0000 0000 0000#1626595437624759#-43.5#4.104932588381976#9
0000 0011 2000 0000 0000 0000#1626595437625819#-46.0#4.706253057233147#9
0000 0019 2000 0000 0000 0000#1626595437627101#-45.0#4.4976316700806995#9
0000 001B 2000 0000 0000 0000#1626595437628209#-49.0#0.5706408530934585#9
0000 0013 2000 0000 0000 0000#1626595437629229#-51.0#1.0492428589137786#9
0000 001C 2000 0000 0000 0000#1626595437630530#-49.0#1.6935147898257479#9
0000 001D 2000 0000 0000 0000#1626595437631605#-49.0#2.411417798556228#9
0000 0017 2000 0000 0000 0000#1626595437632711#-44.0#2.8409324191642074#9
0000 001A 2000 0000 0000 0000#1626595437633823#-45.0#5.3627968344482015#9
0000 0015 2000 0000 0000 0000#1626595437635986#-52.5#3.2765829629237295#9
0000 0016 2000 0000 0000 0000#1626595437638309#-63.5#4.430136515413731#9
0000 0018 2000 0000 0000 0000#1626595437641069#-46.5#3.8410878928656453#9
0000 000F 2000 0000 0000 0000#1626595437642118#-46.0#3.4606606574700063#9
0000 0014 2000 0000 0000 0000#1626595437643328#-50.0#2.000310947402876#9
0000 001D 2000 0000 0000 0000#1626595437647063#-49.0#2.429825568010856#9
0000 0016 2000 0000 0000 0000#1626595437648331#-64.0#4.0987966652304335#9
0000 0012 2000 0000 0000 0000#1626595437649404#-48.5#5.964117303299373#9
0000 0019 2000 0000 0000 0000#1626595437650721#-45.5#4.4976316700806995#9
0000 001C 2000 0000 0000 0000#1626595437652260#-49.0#1.705786636128833#9
0000 0017 2000 0000 0000 0000#1626595437654320#-44.0#2.834796496012665#9
0000 001A 2000 0000 0000 0000#1626595437655351#-46.5#5.3627968344482015#9
0000 0014 2000 0000 0000 0000#1626595437656914#-50.0#2.000310947402876#9
0000 0011 2000 0000 0000 0000#1626595437659881#-46.0#4.700117134081604#9
0000 0013 2000 0000 0000 0000#1626595437660934#-51.0#1.030835089459151#9
0000 0010 2000 0000 0000 0000#1626595437662804#-45.0#4.129476280988146#9
0000 001B 2000 0000 0000 0000#1626595437664154#-49.5#0.5645049299419159#9
0000 000F 2000 0000 0000 0000#1626595437666542#-46.0#3.454524734318464#9
0000 0018 2000 0000 0000 0000#1626595437668516#-45.0#3.7981364308048478#9
0000 0015 2000 0000 0000 0000#1626595437670755#-52.5#3.2949907323783574#9
0000 001A 2000 0000 0000 0000#1626595437934267#-46.5#5.105088062083414#9
0000 0018 2000 0000 0000 0000#1626595437936569#-44.0#3.4606606574700063#9
0000 000F 2000 0000 0000 0000#1626595437937606#-46.0#3.031146036862027#9
0000 0013 2000 0000 0000 0000#1626595437938643#-51.0#0.859029241215959#9
0000 0017 2000 0000 0000 0000#1626595437939634#-43.5#2.478912953223196#9
0000 0015 2000 0000 0000 0000#1626595437940684#-52.5#2.988194574801229#9
0000 001C 2000 0000 0000 0000#1626595437941709#-48.5#1.4971652489763858#9
0000 0010 2000 0000 0000 0000#1626595437942773#-45.5#3.7429131224409646#9
0000 0016 2000 0000 0000 0000#1626595437944374#-62.5#4.025165587411922#9
0000 001D 2000 0000 0000 0000#1626595437945693#-48.5#2.172116795646068#9
0000 001B 2000 0000 0000 0000#1626595437946772#-49.0#0.4111068511533518#9
0000 0012 2000 0000 0000 0000#1626595437948404#-47.0#5.8045833013592665#9
0000 0019 2000 0000 0000 0000#1626595437950345#-45.5#4.23378697456437#9
0000 0011 2000 0000 0000 0000#1626595437951534#-46.0#4.460816131171445#9
0000 0014 2000 0000 0000 0000#1626595437953735#-49.5#1.8100973297050567#9
0000 001C 2000 0000 0000 0000#1626595437958861#-48.5#1.552388557340269#9
0000 0016 2000 0000 0000 0000#1626595437960392#-61.0#3.9515345095934116#9
0000 0010 2000 0000 0000 0000#1626595437961839#-44.0#3.761320891895592#9
0000 001A 2000 0000 0000 0000#1626595437963166#-46.5#5.252350217720435#9
0000 000F 2000 0000 0000 0000#1626595437964470#-45.5#3.0495538063166547#9
0000 0014 2000 0000 0000 0000#1626595437966520#-49.5#1.846912868614312#9
0000 0017 2000 0000 0000 0000#1626595437967882#-42.5#2.4605051837685683#9
0000 0019 2000 0000 0000 0000#1626595437970139#-46.0#4.270602513473625#9
0000 0012 2000 0000 0000 0000#1626595437971203#-49.0#5.915029918087033#9
0000 001D 2000 0000 0000 0000#1626595437972814#-47.0#2.2641556429192065#9
0000 0018 2000 0000 0000 0000#1626595437974473#-44.0#3.442252888015379#9
0000 0013 2000 0000 0000 0000#1626595437975568#-50.0#0.9878836273983529#9
0000 0015 2000 0000 0000 0000#1626595437977274#-52.5#3.0925052683774528#9
0000 001B 2000 0000 0000 0000#1626595437978935#-49.0#0.5706408530934585#9
0000 0011 2000 0000 0000 0000#1626595437982058#-45.0#4.577398671050753#9
0000 0019 2000 0000 0000 0000#1626595438245746#-48.0#0.018407769454627694#9
0000 0018 2000 0000 0000 0000#1626595438247305#-43.5#4.718524903536232#9
0000 0010 2000 0000 0000 0000#1626595438249206#-46.0#5.313709449235861#9
0000 0017 2000 0000 0000 0000#1626595438250527#-35.0#3.32567034813607#9
0000 0013 2000 0000 0000 0000#1626595438251611#-46.0#2.8654761117703775#9
0000 000F 2000 0000 0000 0000#1626595438253458#-41.0#4.06811704947272#9
0000 0015 2000 0000 0000 0000#1626595438255127#-49.5#4.6448938257177215#9
0000 001A 2000 0000 0000 0000#1626595438257062#-45.0#1.4296700943094176#9
0000 0014 2000 0000 0000 0000#1626595438258392#-45.5#3.5895150436524004#9
0000 0011 2000 0000 0000 0000#1626595438259406#-47.5#0.6013204688511713#9
0000 001C 2000 0000 0000 0000#1626595438260465#-44.0#3.3379421944391554#9
0000 0016 2000 0000 0000 0000#1626595438263111#-43.0#3.9085830475326135#9
0000 0012 2000 0000 0000 0000#1626595438264414#-45.5#2.0064468705544187#9
0000 001D 2000 0000 0000 0000#1626595438265962#-45.0#3.9392626632903265#9
0000 001B 2000 0000 0000 0000#1626595438268537#-44.0#2.5280003384355365#9
0000 001C 2000 0000 0000 0000#1626595438272331#-44.0#3.368621810196868#9
0000 0010 2000 0000 0000 0000#1626595438273386#-46.5#5.436427912266712#9
0000 0013 2000 0000 0000 0000#1626595438274485#-45.5#2.9575149590435164#9
0000 0017 2000 0000 0000 0000#1626595438276275#-35.0#3.393165502803038#9
0000 0016 2000 0000 0000 0000#1626595438277337#-42.5#3.9085830475326135#9
0000 0014 2000 0000 0000 0000#1626595438278664#-45.5#3.6447383520162835#9
0000 0015 2000 0000 0000 0000#1626595438279928#-49.5#4.700117134081604#9
0000 0012 2000 0000 0000 0000#1626595438282720#-45.0#2.086213871524472#9
0000 001A 2000 0000 0000 0000#1626595438283992#-45.0#1.5892040962495242#9
0000 001D 2000 0000 0000 0000#1626595438285054#-44.5#3.9760782021995817#9
0000 000F 2000 0000 0000 0000#1626595438286104#-40.5#4.154019973594316#9
0000 001B 2000 0000 0000 0000#1626595438298657#-44.0#2.423689644859313#9
0000 0011 2000 0000 0000 0000#1626595438300426#-47.5#0.6504078540635119#9
0000 0018 2000 0000 0000 0000#1626595438303128#-45.0#4.743068596142402#9
0000 0019 2000 0000 0000 0000#1626595438304588#-48.0#0.18407769454627693#9
0000 0017 2000 0000 0000 0000#1626595438580621#-35.5#3.816544200259475#9
0000 0010 2000 0000 0000 0000#1626595438581934#-47.0#0.28838838812250056#9
0000 0011 2000 0000 0000 0000#1626595438583213#-44.0#1.6321555583103222#9
0000 0015 2000 0000 0000 0000#1626595438586109#-47.5#4.73693267299086#9
0000 0016 2000 0000 0000 0000#1626595438587430#-40.0#4.01902966426038#9
0000 0012 2000 0000 0000 0000#1626595438588463#-42.0#2.5402721847386216#9
0000 0018 2000 0000 0000 0000#1626595438589508#-46.0#5.712544454086128#9
0000 001A 2000 0000 0000 0000#1626595438590783#-41.5#2.141437179888355#9
0000 0019 2000 0000 0000 0000#1626595438591873#-45.5#1.3499030933393643#9
0000 001B 2000 0000 0000 0000#1626595438593166#-41.5#2.9329712664373457#9
0000 001D 2000 0000 0000 0000#1626595438594754#-42.5#4.0987966652304335#9
0000 0013 2000 0000 0000 0000#1626595438596149#-43.0#3.3624858870453256#9
0000 000F 2000 0000 0000 0000#1626595438599252#-42.0#4.865787059173254#9
0000 001C 2000 0000 0000 0000#1626595438600482#-42.0#3.706097583531709#9
0000 0014 2000 0000 0000 0000#1626595438602004#-43.5#3.9269908169872414#9
0000 0014 2000 0000 0000 0000#1626595438607104#-43.5#3.9392626632903265#9
0000 0015 2000 0000 0000 0000#1626595438608196#-47.5#4.7860200582032#9
0000 001D 2000 0000 0000 0000#1626595438609201#-42.5#4.1172044346850605#9
0000 0010 2000 0000 0000 0000#1626595438611355#-45.0#0.4295146206079795#9
0000 0017 2000 0000 0000 0000#1626595438612437#-35.5#3.9576704327449543#9
0000 0019 2000 0000 0000 0000#1626595438613756#-45.5#1.4480778637640452#9
0000 0011 2000 0000 0000 0000#1626595438614801#-43.5#1.748738098189631#9
0000 001B 2000 0000 0000 0000#1626595438615896#-41.5#3.0127382674073995#9
0000 0016 2000 0000 0000 0000#1626595438617389#-39.5#4.1417481272912315#9
0000 0012 2000 0000 0000 0000#1626595438620423#-41.5#2.6568547246179306#9
0000 000F 2000 0000 0000 0000#1626595438621671#-42.0#4.95168998329485#9
0000 001A 2000 0000 0000 0000#1626595438623087#-41.5#2.2764274892222915#9
0000 0013 2000 0000 0000 0000#1626595438625796#-43.0#3.442252888015379#9
0000 001C 2000 0000 0000 0000#1626595438627768#-41.5#3.761320891895592#9
0000 0018 2000 0000 0000 0000#1626595438629799#-46.0#5.957981380147831#9
0000 001A 2000 0000 0000 0000#1626595438893577#-38.0#3.2459033471660166#9
0000 0011 2000 0000 0000 0000#1626595438894627#-41.0#2.7857091108003242#9
0000 0016 2000 0000 0000 0000#1626595438897084#-39.5#5.418020142812084#9
0000 0015 2000 0000 0000 0000#1626595438898681#-46.5#5.387340527054372#9
0000 0013 2000 0000 0000 0000#1626595438899749#-41.0#4.295146206079795#9
0000 000F 2000 0000 0000 0000#1626595438909321#-41.5#5.927301764390117#9
0000 0017 2000 0000 0000 0000#1626595438910340#-35.5#4.92714629068868#9
0000 001D 2000 0000 0000 0000#1626595438911873#-41.0#4.246058820867455#9
0000 0014 2000 0000 0000 0000#1626595438913477#-41.5#4.154019973594316#9
0000 001B 2000 0000 0000 0000#1626595438914517#-39.5#3.380893656499953#9
0000 0019 2000 0000 0000 0000#1626595438915581#-42.5#2.086213871524472#9
0000 0010 2000 0000 0000 0000#1626595438916854#-44.0#1.2946797849754812#9
0000 0012 2000 0000 0000 0000#1626595438918116#-40.0#3.043417883165112#9
0000 001C 2000 0000 0000 0000#1626595438920298#-40.0#4.0128937411088375#9
0000 0018 2000 0000 0000 0000#1626595438922415#-44.0#0.6135923151542565#9
0000 000F 2000 0000 0000 0000#1626595438926670#-41.5#6.000932842208628#9
0000 0014 2000 0000 0000 0000#1626595438928308#-41.5#4.166291819897402#9
0000 0011 2000 0000 0000 0000#1626595438929368#-41.0#2.270291566070749#9
0000 0018 2000 0000 0000 0000#1626595438930445#-44.0#0.6381360077604268#9
0000 0017 2000 0000 0000 0000#1626595438931959#-35.0#5.019185137961818#9
0000 001B 2000 0000 0000 0000#1626595438933013#-39.5#3.429981041712294#9
0000 0015 2000 0000 0000 0000#1626595438935550#-46.5#4.853515212870168#9
0000 001A 2000 0000 0000 0000#1626595438936709#-37.5#2.6998061866787286#9
0000 001D 2000 0000 0000 0000#1626595438938384#-41.0#4.270602513473625#9
0000 0019 2000 0000 0000 0000#1626595438939661#-42.5#2.1353012567368124#9
0000 001C 2000 0000 0000 0000#1626595438940743#-40.0#4.04357335686655#9
0000 0016 2000 0000 0000 0000#1626595438942052#-39.5#5.031456984264903#9
0000 0012 2000 0000 0000 0000#1626595438943129#-40.5#3.098641191528995#9
0000 0013 2000 0000 0000 0000#1626595438944844#-41.5#3.77972866135022#9
0000 0010 2000 0000 0000 0000#1626595438945862#-44.0#1.380582709097077#9
0000 001C 2000 0000 0000 0000#1626595439210387#-39.0#4.620350133111551#9
0000 0011 2000 0000 0000 0000#1626595439211502#-38.0#3.0925052683774528#9
0000 0017 2000 0000 0000 0000#1626595439213759#-33.5#0.05522330836388308#9
0000 001A 2000 0000 0000 0000#1626595439216643#-35.5#3.5036121195308043#9
0000 001B 2000 0000 0000 0000#1626595439218005#-37.5#4.166291819897402#9
0000 0019 2000 0000 0000 0000#1626595439219511#-40.0#2.9575149590435164#9
0000 000F 2000 0000 0000 0000#1626595439220547#-38.5#1.0062913968529805#9
0000 0016 2000 0000 0000 0000#1626595439221897#-39.0#0.07363107781851078#9
0000 0018 2000 0000 0000 0000#1626595439223461#-40.0#1.7732817907958012#9
0000 0014 2000 0000 0000 0000#1626595439224514#-40.5#4.7307967498393175#9
0000 001D 2000 0000 0000 0000#1626595439225560#-40.5#4.743068596142402#9
0000 0012 2000 0000 0000 0000#1626595439226695#-38.5#3.877903431774901#9
0000 0015 2000 0000 0000 0000#1626595439228074#-45.5#5.252350217720435#9
0000 0013 2000 0000 0000 0000#1626595439230253#-39.5#4.424000592262189#9
0000 0010 2000 0000 0000 0000#1626595439231921#-39.0#2.3439226438892597#9
0000 0010 2000 0000 0000 0000#1626595439237139#-41.0#2.356194490192345#9
0000 0017 2000 0000 0000 0000#1626595439238459#-33.0#0.14726215563702155#9
0000 0019 2000 0000 0000 0000#1626595439240034#-40.0#3.031146036862027#9
0000 000F 2000 0000 0000 0000#1626595439241142#-38.0#1.0615147052168636#9
0000 0013 2000 0000 0000 0000#1626595439242708#-39.0#4.454680208019902#9
0000 001B 2000 0000 0000 0000#1626595439244045#-37.0#4.196971435655114#9
0000 001A 2000 0000 0000 0000#1626595439245604#-36.5#3.5588354278946874#9
0000 0012 2000 0000 0000 0000#1626595439247165#-38.0#3.933126740138784#9
0000 001D 2000 0000 0000 0000#1626595439248454#-40.0#4.76147636559703#9
0000 0011 2000 0000 0000 0000#1626595439249856#-37.5#3.1906800388021335#9
0000 0018 2000 0000 0000 0000#1626595439251417#-40.0#1.8407769454627694#9
0000 0016 2000 0000 0000 0000#1626595439252509#-38.5#0.18407769454627693#9
0000 001C 2000 0000 0000 0000#1626595439253568#-38.5#4.669437518323892#9
0000 0014 2000 0000 0000 0000#1626595439255576#-40.0#4.76147636559703#9
0000 0015 2000 0000 0000 0000#1626595439257025#-45.5#5.258486140871978#9
0000 000F 2000 0000 0000 0000#1626595439532097#-34.5#2.4911847995262812#9
0000 001C 2000 0000 0000 0000#1626595439533212#-37.5#5.497787143782138#9
0000 0014 2000 0000 0000 0000#1626595439534294#-39.0#5.565282298449106#9
0000 0016 2000 0000 0000 0000#1626595439535586#-35.5#1.846912868614312#9
0000 001B 2000 0000 0000 0000#1626595439537649#-35.5#5.178719139901925#9
0000 0019 2000 0000 0000 0000#1626595439538943#-37.0#4.221515128261284#9
0000 0015 2000 0000 0000 0000#1626595439540020#-45.5#5.902758071783947#9
0000 0018 2000 0000 0000 0000#1626595439542056#-37.0#3.141592653589793#9
0000 0017 2000 0000 0000 0000#1626595439543903#-29.5#1.8100973297050567#9
0000 0012 2000 0000 0000 0000#1626595439545207#-35.5#4.994641445355648#9
0000 0011 2000 0000 0000 0000#1626595439546309#-36.0#4.3503695144436785#9
0000 001A 2000 0000 0000 0000#1626595439547626#-35.5#4.675573441475434#9
0000 001D 2000 0000 0000 0000#1626595439548672#-40.0#5.5100589900852235#9
0000 0010 2000 0000 0000 0000#1626595439550591#-37.0#3.6263305825616556#9
0000 0013 2000 0000 0000 0000#1626595439553458#-38.5#5.424156065963627#9
0000 001B 2000 0000 0000 0000#1626595439559268#-35.5#5.203262832508095#9
0000 0017 2000 0000 0000 0000#1626595439561629#-29.0#1.8714565612204823#9
0000 000F 2000 0000 0000 0000#1626595439564609#-34.0#2.5832236467994196#9
0000 0016 2000 0000 0000 0000#1626595439566316#-35.0#1.932815792735908#9
0000 0011 2000 0000 0000 0000#1626595439567459#-34.5#4.374913207049849#9
0000 001C 2000 0000 0000 0000#1626595439569167#-37.5#5.534602682691394#9
0000 0012 2000 0000 0000 0000#1626595439570241#-35.5#5.019185137961818#9
0000 001D 2000 0000 0000 0000#1626595439571551#-40.0#5.516194913236766#9
0000 0018 2000 0000 0000 0000#1626595439572842#-36.5#3.215223731408304#9
0000 0015 2000 0000 0000 0000#1626595439573976#-45.5#5.921165841238575#9
0000 0013 2000 0000 0000 0000#1626595439575030#-38.0#5.442563835418255#9
0000 0010 2000 0000 0000 0000#1626595439576327#-36.5#3.663146121470911#9
0000 0014 2000 0000 0000 0000#1626595439579173#-39.0#5.602097837358362#9
0000 0019 2000 0000 0000 0000#1626595439580582#-36.5#4.28287435977671#9
0000 001A 2000 0000 0000 0000#1626595439581656#-35.0#4.73693267299086#9
0000 0018 2000 0000 0000 0000#1626595439850506#-34.0#3.3502140407422405#9
0000 0012 2000 0000 0000 0000#1626595439851897#-36.0#4.95168998329485#9
0000 0013 2000 0000 0000 0000#1626595439853754#-38.5#5.283029833478148#9
0000 000F 2000 0000 0000 0000#1626595439854817#-32.0#2.8777479580734626#9
0000 0016 2000 0000 0000 0000#1626595439855867#-33.5#2.521864415283994#9
0000 001A 2000 0000 0000 0000#1626595439857499#-34.0#4.675573441475434#9
0000 0010 2000 0000 0000 0000#1626595439858657#-33.5#3.718369429834794#9
0000 0014 2000 0000 0000 0000#1626595439859697#-40.0#5.3198453723874035#9
0000 0017 2000 0000 0000 0000#1626595439860773#-28.0#2.3746022596469727#9
0000 001C 2000 0000 0000 0000#1626595439862969#-38.0#5.295301679781233#9
0000 0011 2000 0000 0000 0000#1626595439865399#-35.0#4.381049130201391#9
0000 0019 2000 0000 0000 0000#1626595439866519#-34.5#4.28287435977671#9
0000 001B 2000 0000 0000 0000#1626595439867901#-36.0#5.074408446325701#9
0000 0015 2000 0000 0000 0000#1626595439869067#-47.5#5.47937937432751#9
0000 001D 2000 0000 0000 0000#1626595439870115#-40.5#5.1725832167503825#9
0000 0017 2000 0000 0000 0000#1626595439874737#-26.0#2.411417798556228#9
0000 001C 2000 0000 0000 0000#1626595439876126#-38.5#5.301437602932776#9
0000 0014 2000 0000 0000 0000#1626595439877393#-40.0#5.332117218690489#9
0000 001D 2000 0000 0000 0000#1626595439878958#-41.0#5.166447293598839#9
0000 0018 2000 0000 0000 0000#1626595439880265#-34.0#3.393165502803038#9
0000 0013 2000 0000 0000 0000#1626595439881318#-38.5#5.295301679781233#9
0000 0012 2000 0000 0000 0000#1626595439882608#-36.0#4.970097752749477#9
0000 000F 2000 0000 0000 0000#1626595439884156#-32.0#2.9575149590435164#9
0000 001A 2000 0000 0000 0000#1626595439885436#-35.5#4.651029748869264#9
0000 0010 2000 0000 0000 0000#1626595439886689#-33.5#3.749049045592507#9
0000 0019 2000 0000 0000 0000#1626595439887768#-36.0#4.289010282928253#9
0000 0015 2000 0000 0000 0000#1626595439889529#-47.5#5.460971604872882#9
0000 001B 2000 0000 0000 0000#1626595439891200#-36.5#5.098952138931871#9
0000 0016 2000 0000 0000 0000#1626595439892268#-33.0#2.6445828783148455#9
0000 0011 2000 0000 0000 0000#1626595439893941#-35.5#4.405592822807561#9
0000 0017 2000 0000 0000 0000#1626595440159437#-26.5#2.6813984172241008#9
0000 0019 2000 0000 0000 0000#1626595440160599#-35.5#4.196971435655114#9
0000 001D 2000 0000 0000 0000#1626595440162173#-44.0#4.608078286808466#9
0000 001C 2000 0000 0000 0000#1626595440163471#-40.5#4.902602598082509#9
0000 0014 2000 0000 0000 0000#1626595440165024#-42.0#4.884194828627882#9
0000 0016 2000 0000 0000 0000#1626595440166088#-33.0#3.0495538063166547#9
0000 000F 2000 0000 0000 0000#1626595440167628#-31.5#3.141592653589793#9
0000 0012 2000 0000 0000 0000#1626595440168932#-38.5#4.718524903536232#9
0000 0018 2000 0000 0000 0000#1626595440170445#-32.5#3.436116964863836#9
0000 001A 2000 0000 0000 0000#1626595440172455#-36.5#4.473087977474529#9
0000 0011 2000 0000 0000 0000#1626595440173501#-35.5#4.246058820867455#9
0000 0010 2000 0000 0000 0000#1626595440174900#-33.5#3.718369429834794#9
0000 001B 2000 0000 0000 0000#1626595440175935#-38.5#4.779884135051658#9
0000 0015 2000 0000 0000 0000#1626595440177087#-49.5#4.798291904506286#9
0000 0013 2000 0000 0000 0000#1626595440178637#-40.5#4.963961829597935#9
0000 0015 2000 0000 0000 0000#1626595440182974#-49.5#4.7860200582032#9
0000 0011 2000 0000 0000 0000#1626595440184360#-35.0#4.25833066717054#9
0000 0018 2000 0000 0000 0000#1626595440187025#-32.5#3.4606606574700063#9
0000 001A 2000 0000 0000 0000#1626595440188355#-36.5#4.466952054322987#9
0000 0010 2000 0000 0000 0000#1626595440189512#-33.5#3.730641276137879#9
0000 0017 2000 0000 0000 0000#1626595440190535#-26.5#2.724349879284899#9
0000 0016 2000 0000 0000 0000#1626595440192368#-33.0#3.098641191528995#9
0000 001C 2000 0000 0000 0000#1626595440193438#-40.5#4.884194828627882#9
0000 000F 2000 0000 0000 0000#1626595440194475#-31.5#3.1784081924990484#9
0000 0012 2000 0000 0000 0000#1626595440195764#-38.5#4.718524903536232#9
0000 0019 2000 0000 0000 0000#1626595440196811#-37.0#4.2031073588066565#9
0000 0014 2000 0000 0000 0000#1626595440198247#-42.5#4.871922982324796#9
0000 0013 2000 0000 0000 0000#1626595440199362#-40.5#4.97623367590102#9
0000 001D 2000 0000 0000 0000#1626595440201794#-44.0#4.540583132141498#9
0000 001B 2000 0000 0000 0000#1626595440202904#-38.5#4.76147636559703#9
0000 001D 2000 0000 0000 0000#1626595440466780#-45.5#4.252194744018997#9
0000 0011 2000 0000 0000 0000#1626595440467881#-35.5#4.399456899656019#9
0000 0015 2000 0000 0000 0000#1626595440469664#-51.5#4.424000592262189#9
0000 0017 2000 0000 0000 0000#1626595440473051#-26.5#3.429981041712294#9
0000 0010 2000 0000 0000 0000#1626595440474128#-34.5#4.111068511533518#9
0000 0019 2000 0000 0000 0000#1626595440475177#-37.0#4.430136515413731#9
0000 0012 2000 0000 0000 0000#1626595440476502#-40.0#4.71238898038469#9
0000 000F 2000 0000 0000 0000#1626595440477822#-30.5#3.749049045592507#9
0000 001A 2000 0000 0000 0000#1626595440479035#-36.5#4.4976316700806995#9
0000 0016 2000 0000 0000 0000#1626595440480328#-32.5#3.9515345095934116#9
0000 001C 2000 0000 0000 0000#1626595440481413#-43.0#4.681709364626977#9
0000 0018 2000 0000 0000 0000#1626595440483244#-33.5#3.9392626632903265#9
0000 0013 2000 0000 0000 0000#1626595440486521#-43.0#4.841243366567084#9
0000 0014 2000 0000 0000 0000#1626595440488217#-45.0#4.651029748869264#9
0000 001B 2000 0000 0000 0000#1626595440489297#-41.0#4.669437518323892#9
0000 0019 2000 0000 0000 0000#1626595440494046#-37.0#4.430136515413731#9
0000 001D 2000 0000 0000 0000#1626595440495195#-46.0#4.215379205109742#9
0000 0017 2000 0000 0000 0000#1626595440496989#-26.5#3.448388811166921#9
0000 0016 2000 0000 0000 0000#1626595440498039#-32.5#3.9699422790480394#9
0000 0013 2000 0000 0000 0000#1626595440499663#-43.0#4.816699673960914#9
0000 0011 2000 0000 0000 0000#1626595440501114#-35.5#4.381049130201391#9
0000 001A 2000 0000 0000 0000#1626595440502872#-38.0#4.473087977474529#9
0000 0010 2000 0000 0000 0000#1626595440503990#-34.5#4.111068511533518#9
0000 0014 2000 0000 0000 0000#1626595440505171#-45.0#4.626486056263094#9
0000 000F 2000 0000 0000 0000#1626595440506736#-31.0#3.761320891895592#9
0000 0012 2000 0000 0000 0000#1626595440507770#-40.0#4.675573441475434#9
0000 001B 2000 0000 0000 0000#1626595440509935#-41.0#4.638757902566179#9
0000 0018 2000 0000 0000 0000#1626595440511048#-32.5#3.9453985864418692#9
0000 001C 2000 0000 0000 0000#1626595440512164#-43.0#4.657165672020807#9
0000 0015 2000 0000 0000 0000#1626595440513655#-52.0#4.368777283898306#9
0000 0016 2000 0000 0000 0000#1626595440776907#-31.0#4.921010367537137#9
0000 0018 2000 0000 0000 0000#1626595440778196#-32.5#4.546719055293041#9
0000 0019 2000 0000 0000 0000#1626595440779565#-37.5#4.71238898038469#9
0000 0014 2000 0000 0000 0000#1626595440781327#-46.5#4.620350133111551#9
0000 0012 2000 0000 0000 0000#1626595440782389#-41.0#4.718524903536232#9
0000 000F 2000 0000 0000 0000#1626595440783737#-30.0#4.4976316700806995#9
0000 001D 2000 0000 0000 0000#1626595440785054#-47.5#4.184699589352029#9
0000 001A 2000 0000 0000 0000#1626595440789372#-39.0#4.546719055293041#9
0000 0011 2000 0000 0000 0000#1626595440791415#-37.5#4.595806440505381#9
0000 0010 2000 0000 0000 0000#1626595440793550#-34.0#4.595806440505381#9
0000 0017 2000 0000 0000 0000#1626595440795209#-26.0#4.319689898685965#9
0000 0013 2000 0000 0000 0000#1626595440796276#-44.5#4.81056375080937#9
0000 001B 2000 0000 0000 0000#1626595440797611#-42.5#4.675573441475434#9
0000 001C 2000 0000 0000 0000#1626595440799392#-45.0#4.651029748869264#9
0000 0015 2000 0000 0000 0000#1626595440800784#-53.5#4.424000592262189#9
0000 0018 2000 0000 0000 0000#1626595440807588#-32.5#4.528311285838413#9
0000 0012 2000 0000 0000 0000#1626595440808922#-41.0#4.681709364626977#9
0000 0016 2000 0000 0000 0000#1626595440810471#-31.0#4.957825906446392#9
0000 0019 2000 0000 0000 0000#1626595440811521#-37.5#4.693981210930062#9
0000 0011 2000 0000 0000 0000#1626595440812596#-37.0#4.552854978444583#9
0000 000F 2000 0000 0000 0000#1626595440813673#-30.0#4.503767593232243#9
0000 001C 2000 0000 0000 0000#1626595440814789#-44.5#4.620350133111551#9
0000 0017 2000 0000 0000 0000#1626595440817268#-26.0#4.338097668140593#9
0000 001B 2000 0000 0000 0000#1626595440818474#-42.5#4.620350133111551#9
0000 0013 2000 0000 0000 0000#1626595440819727#-45.0#4.749204519293945#9
0000 0010 2000 0000 0000 0000#1626595440821018#-34.0#4.577398671050753#9
0000 001D 2000 0000 0000 0000#1626595440822065#-47.5#4.129476280988146#9
0000 001A 2000 0000 0000 0000#1626595440823097#-39.0#4.491495746929157#9
0000 0014 2000 0000 0000 0000#1626595440824978#-46.5#4.565126824747668#9
0000 0015 2000 0000 0000 0000#1626595440826413#-53.5#4.399456899656019#9
0000 0010 2000 0000 0000 0000#1626595441089648#-33.0#3.9453985864418692#9
0000 0016 2000 0000 0000 0000#1626595441090883#-31.5#4.779884135051658#9
0000 0011 2000 0000 0000 0000#1626595441092040#-36.5#3.718369429834794#9
0000 0014 2000 0000 0000 0000#1626595441093092#-49.5#3.650874275167826#9
0000 0018 2000 0000 0000 0000#1626595441094966#-31.5#3.9944859716542096#9
0000 001C 2000 0000 0000 0000#1626595441096291#-47.5#3.7122335066832517#9
0000 001D 2000 0000 0000 0000#1626595441100032#-52.0#3.147728576741336#9
0000 0012 2000 0000 0000 0000#1626595441101347#-42.0#3.736777199289422#9
0000 0015 2000 0000 0000 0000#1626595441103495#-58.0#3.429981041712294#9
0000 001B 2000 0000 0000 0000#1626595441105290#-43.5#3.706097583531709#9
0000 000F 2000 0000 0000 0000#1626595441107194#-30.0#4.0558452031696355#9
0000 0017 2000 0000 0000 0000#1626595441109115#-26.5#3.9699422790480394#9
0000 0013 2000 0000 0000 0000#1626595441110168#-47.0#3.80427235395639#9
0000 0019 2000 0000 0000 0000#1626595441111728#-38.0#3.859495662320273#9
0000 001A 2000 0000 0000 0000#1626595441113426#-40.0#3.552699504743145#9
0000 001A 2000 0000 0000 0000#1626595441118337#-40.0#3.5465635815916023#9
0000 0019 2000 0000 0000 0000#1626595441120724#-38.0#3.8410878928656453#9
0000 000F 2000 0000 0000 0000#1626595441122912#-30.5#4.049709280018092#9
0000 0011 2000 0000 0000 0000#1626595441124207#-37.5#3.663146121470911#9
0000 0018 2000 0000 0000 0000#1626595441125241#-33.0#3.9760782021995817#9
0000 0010 2000 0000 0000 0000#1626595441126330#-34.5#3.9085830475326135#9
0000 0016 2000 0000 0000 0000#1626595441127423#-31.5#4.755340442445488#9
0000 0017 2000 0000 0000 0000#1626595441128742#-26.5#3.9638063558964967#9
0000 001B 2000 0000 0000 0000#1626595441130214#-44.0#3.6447383520162835#9
0000 0015 2000 0000 0000 0000#1626595441131248#-58.5#3.3440781175906977#9
0000 0012 2000 0000 0000 0000#1626595441132323#-42.0#3.6754179677739964#9
0000 001C 2000 0000 0000 0000#1626595441134686#-47.5#3.5895150436524004#9
0000 001D 2000 0000 0000 0000#1626595441136087#-52.5#3.043417883165112#9
0000 0013 2000 0000 0000 0000#1626595441137111#-47.0#3.7429131224409646#9
0000 0014 2000 0000 0000 0000#1626595441138419#-49.5#3.5465635815916023#9
0000 0012 2000 0000 0000 0000#1626595441401399#-43.5#2.675262494072558#9
0000 0015 2000 0000 0000 0000#1626595441402630#-63.5#1.5585244804918115#9
0000 001C 2000 0000 0000 0000#1626595441404201#-51.5#2.380738182798515#9
0000 001B 2000 0000 0000 0000#1626595441405309#-46.0#2.5770877236478773#9
0000 000F 2000 0000 0000 0000#1626595441406572#-30.5#3.423845118560751#9
0000 0010 2000 0000 0000 0000#1626595441408343#-35.5#3.0802334220743677#9
0000 0019 2000 0000 0000 0000#1626595441409662#-38.5#2.9206994201342606#9
0000 0017 2000 0000 0000 0000#1626595441410994#-26.5#3.4054373491061236#9
0000 0018 2000 0000 0000 0000#1626595441412120#-32.0#3.2336315008629315#9
0000 001D 2000 0000 0000 0000#1626595441415617#-56.5#1.5155730184310134#9
0000 001A 2000 0000 0000 0000#1626595441416635#-41.5#2.497320722677824#9
0000 0014 2000 0000 0000 0000#1626595441417674#-53.5#2.2027964114037806#9
0000 0016 2000 0000 0000 0000#1626595441418752#-31.5#4.368777283898306#9
0000 0013 2000 0000 0000 0000#1626595441421812#-50.0#2.5893595699509624#9
0000 0011 2000 0000 0000 0000#1626595441422917#-38.5#2.7120780329818137#9
0000 0011 2000 0000 0000 0000#1626595441430488#-38.5#2.6875343403756435#9
0000 0012 2000 0000 0000 0000#1626595441433768#-44.0#2.5893595699509624#9
0000 0014 2000 0000 0000 0000#1626595441434822#-53.5#2.1475731030398975#9
0000 001A 2000 0000 0000 0000#1626595441435912#-41.5#2.4605051837685683#9
0000 0017 2000 0000 0000 0000#1626595441436986#-26.5#3.380893656499953#9
0000 000F 2000 0000 0000 0000#1626595441438038#-30.5#3.3870295796514958#9
0000 001D 2000 0000 0000 0000#1626595441440322#-56.5#1.337631247036279#9
0000 001C 2000 0000 0000 0000#1626595441441364#-51.5#2.2212041808584084#9
0000 0019 2000 0000 0000 0000#1626595441442683#-38.5#2.859340188618835#9
0000 0010 2000 0000 0000 0000#1626595441443801#-35.0#3.031146036862027#9
0000 0015 2000 0000 0000 0000#1626595441444907#-63.5#1.239456476611598#9
0000 0018 2000 0000 0000 0000#1626595441445968#-33.5#3.2029518851052186#9
0000 0016 2000 0000 0000 0000#1626595441447036#-31.0#4.3503695144436785#9
0000 0013 2000 0000 0000 0000#1626595441449186#-50.5#2.4727770300716534#9
0000 001B 2000 0000 0000 0000#1626595441450474#-47.0#2.448233337465483#9
0000 0010 2000 0000 0000 0000#1626595441714071#-35.0#2.736621725587984#9
0000 0019 2000 0000 0000 0000#1626595441716145#-39.0#2.466641106920111#9
0000 0015 2000 0000 0000 0000#1626595441717793#-50.0#5.651185222570702#9
0000 001A 2000 0000 0000 0000#1626595441718919#-41.0#1.9082721001297376#9
0000 001C 2000 0000 0000 0000#1626595441720461#-54.0#0.9817477042468103#9
0000 000F 2000 0000 0000 0000#1626595441721508#-31.5#3.1906800388021335#9
0000 0013 2000 0000 0000 0000#1626595441722564#-53.0#1.5707963267948966#9
0000 0017 2000 0000 0000 0000#1626595441724832#-27.0#3.2704470397721868#9
0000 0018 2000 0000 0000 0000#1626595441726003#-33.0#2.9145634969827183#9
0000 001B 2000 0000 0000 0000#1626595441727127#-49.5#1.6382914814618648#9
0000 0014 2000 0000 0000 0000#1626595441728207#-56.0#0.7731263170943632#9
0000 001D 2000 0000 0000 0000#1626595441729239#-55.0#5.841398840268521#9
0000 0016 2000 0000 0000 0000#1626595441730261#-32.0#4.344233591292136#9
0000 0011 2000 0000 0000 0000#1626595441731337#-39.5#2.184388641949153#9
0000 0012 2000 0000 0000 0000#1626595441734536#-46.0#1.9082721001297376#9
0000 0019 2000 0000 0000 0000#1626595441739634#-39.5#2.405281875404685#9
0000 0017 2000 0000 0000 0000#1626595441740677#-27.5#3.2336315008629315#9
0000 000F 2000 0000 0000 0000#1626595441741969#-31.5#3.160000423044421#9
0000 0010 2000 0000 0000 0000#1626595441743125#-34.0#2.675262494072558#9
0000 0015 2000 0000 0000 0000#1626595441744206#-49.5#5.491651220630596#9
0000 0016 2000 0000 0000 0000#1626595441746011#-32.0#4.338097668140593#9
0000 0011 2000 0000 0000 0000#1626595441748546#-38.5#2.1537090261914402#9
0000 0012 2000 0000 0000 0000#1626595441749568#-46.0#1.8530487917658545#9
0000 001A 2000 0000 0000 0000#1626595441751826#-43.0#1.8162332528565992#9
0000 0018 2000 0000 0000 0000#1626595441754595#-34.0#2.84706834231575#9
0000 001B 2000 0000 0000 0000#1626595441755641#-50.0#1.5462526341887264#9
0000 0013 2000 0000 0000 0000#1626595441758423#-53.0#1.368310862793992#9
0000 0014 2000 0000 0000 0000#1626595441759745#-55.5#0.5645049299419159#9
0000 001D 2000 0000 0000 0000#1626595441760820#-53.5#5.497787143782138#9
0000 001C 2000 0000 0000 0000#1626595441761860#-55.0#0.7669903939428205#9
0000 0017 2000 0000 0000 0000#1626595442027014#-28.5#3.2643111166206444#9
0000 0019 2000 0000 0000 0000#1626595442028106#-40.5#2.227340104009951#9
0000 0014 2000 0000 0000 0000#1626595442029714#-45.5#4.9394181369917645#9
0000 001B 2000 0000 0000 0000#1626595442031061#-51.5#0.7485826244881929#9
0000 001C 2000 0000 0000 0000#1626595442032135#-46.0#5.105088062083414#9
0000 000F 2000 0000 0000 0000#1626595442034196#-33.0#3.129320807286708#9
0000 0016 2000 0000 0000 0000#1626595442035547#-33.0#4.491495746929157#9
0000 001D 2000 0000 0000 0000#1626595442036594#-44.5#4.215379205109742#9
0000 0013 2000 0000 0000 0000#1626595442037649#-52.5#0.32520392703175593#9
0000 0011 2000 0000 0000 0000#1626595442039407#-41.0#1.9082721001297376#9
0000 001A 2000 0000 0000 0000#1626595442040979#-45.5#1.423534171157875#9
0000 0012 2000 0000 0000 0000#1626595442043876#-48.0#1.2701360923693108#9
0000 0015 2000 0000 0000 0000#1626595442045138#-54.0#4.669437518323892#9
0000 0018 2000 0000 0000 0000#1626595442046893#-33.5#2.767301341345697#9
0000 0010 2000 0000 0000 0000#1626595442048566#-37.0#2.5157284921324514#9
0000 0016 2000 0000 0000 0000#1626595442054914#-33.5#4.460816131171445#9
0000 0012 2000 0000 0000 0000#1626595442056190#-48.5#1.2517283229146832#9
0000 0018 2000 0000 0000 0000#1626595442058029#-33.5#2.742757648739526#9
0000 000F 2000 0000 0000 0000#1626595442060647#-33.0#3.067961575771282#9
0000 0010 2000 0000 0000 0000#1626595442062328#-35.5#2.4850488763747385#9
0000 0011 2000 0000 0000 0000#1626595442063392#-41.0#1.8346410223112268#9
0000 0013 2000 0000 0000 0000#1626595442064458#-52.5#0.12885438618239387#9
0000 001C 2000 0000 0000 0000#1626595442065572#-45.5#4.773748211900116#9
0000 0019 2000 0000 0000 0000#1626595442066833#-41.0#2.141437179888355#9
0000 0015 2000 0000 0000 0000#1626595442067926#-55.0#4.583534594202296#9
0000 001D 2000 0000 0000 0000#1626595442069691#-45.0#4.061981126321178#9
0000 0017 2000 0000 0000 0000#1626595442070753#-28.5#3.153864499892878#9
0000 001B 2000 0000 0000 0000#1626595442072695#-52.0#0.46019423636569234#9
0000 0014 2000 0000 0000 0000#1626595442074757#-45.0#4.577398671050753#9
0000 001A 2000 0000 0000 0000#1626595442075789#-46.0#1.3069516312785663#9
0000 0014 2000 0000 0000 0000#1626595442341791#-48.5#3.3011266555298997#9
0000 0018 2000 0000 0000 0000#1626595442343351#-37.5#1.8039614065535141#9
0000 001A 2000 0000 0000 0000#1626595442346097#-49.5#5.8475347634200645#9
0000 0013 2000 0000 0000 0000#1626595442347164#-43.5#3.5772431973493153#9
0000 000F 2000 0000 0000 0000#1626595442348427#-34.5#2.098485717827557#9
0000 0016 2000 0000 0000 0000#1626595442349464#-35.0#3.497476196379262#9
0000 0012 2000 0000 0000 0000#1626595442351002#-49.0#5.2768939103266055#9
0000 001C 2000 0000 0000 0000#1626595442352102#-45.5#3.2704470397721868#9
0000 0011 2000 0000 0000 0000#1626595442353134#-45.5#0.521553467881118#9
0000 001D 2000 0000 0000 0000#1626595442354194#-59.0#2.6691265709210157#9
0000 0017 2000 0000 0000 0000#1626595442355995#-29.5#2.184388641949153#9
0000 0019 2000 0000 0000 0000#1626595442357172#-45.5#0.9878836273983529#9
0000 0010 2000 0000 0000 0000#1626595442358786#-38.5#1.4848934026733007#9
0000 001B 2000 0000 0000 0000#1626595442360334#-44.0#3.706097583531709#9
0000 0015 2000 0000 0000 0000#1626595442361800#-64.0#2.8409324191642074#9
0000 001C 2000 0000 0000 0000#1626595442367413#-46.5#3.2520392703175593#9
0000 001B 2000 0000 0000 0000#1626595442368504#-44.0#3.6570101983193686#9
0000 0018 2000 0000 0000 0000#1626595442369821#-37.5#1.7426021750380885#9
0000 0019 2000 0000 0000 0000#1626595442371328#-45.5#0.9387962421860124#9
0000 0016 2000 0000 0000 0000#1626595442373389#-35.0#3.479068426924634#9
0000 0011 2000 0000 0000 0000#1626595442374477#-46.0#0.4356505437595221#9
0000 0010 2000 0000 0000 0000#1626595442375824#-39.0#1.4542137869155878#9
0000 000F 2000 0000 0000 0000#1626595442377161#-34.5#2.0493983326152168#9
0000 0013 2000 0000 0000 0000#1626595442378744#-43.5#3.472932503773092#9
0000 0014 2000 0000 0000 0000#1626595442379799#-50.0#3.2336315008629315#9
0000 0017 2000 0000 0000 0000#1626595442380904#-29.5#2.141437179888355#9
0000 0012 2000 0000 0000 0000#1626595442393488#-47.5#5.031456984264903#9
0000 001D 2000 0000 0000 0000#1626595442394918#-59.5#2.6016314162540475#9
0000 001A 2000 0000 0000 0000#1626595442395966#-49.5#5.66959299202533#9
0000 0015 2000 0000 0000 0000#1626595442398521#-64.0#3.172272269347506#9
0000 0014 2000 0000 0000 0000#1626595442667045#-62.0#2.1905245651006955#9
0000 0010 2000 0000 0000 0000#1626595442668458#-45.0#0.16566992509164924#9
0000 0016 2000 0000 0000 0000#1626595442670651#-37.0#2.5954954931025047#9
0000 000F 2000 0000 0000 0000#1626595442671758#-39.0#1.214912784005428#9
0000 001B 2000 0000 0000 0000#1626595442672823#-46.5#2.718213956133356#9
0000 0011 2000 0000 0000 0000#1626595442673869#-46.0#4.252194744018997#9
0000 0017 2000 0000 0000 0000#1626595442675686#-33.5#1.3499030933393643#9
0000 0018 2000 0000 0000 0000#1626595442676718#-44.0#0.7485826244881929#9
0000 0015 2000 0000 0000 0000#1626595442677781#-60.0#1.5585244804918115#9
0000 0012 2000 0000 0000 0000#1626595442678828#-42.0#2.650718801466388#9
0000 001A 2000 0000 0000 0000#1626595442680159#-41.0#2.7857091108003242#9
0000 0019 2000 0000 0000 0000#1626595442682033#-50.0#5.019185137961818#9
0000 001C 2000 0000 0000 0000#1626595442683461#-59.5#2.399145952253143#9
0000 0013 2000 0000 0000 0000#1626595442684758#-53.0#2.748893571891069#9
0000 001A 2000 0000 0000 0000#1626595442690217#-41.0#2.7857091108003242#9
0000 0015 2000 0000 0000 0000#1626595442692113#-60.0#1.6505633277649499#9
0000 0011 2000 0000 0000 0000#1626595442693144#-45.5#4.0987966652304335#9
0000 001C 2000 0000 0000 0000#1626595442695199#-59.0#2.448233337465483#9
0000 0012 2000 0000 0000 0000#1626595442696758#-42.0#2.6568547246179306#9
0000 0016 2000 0000 0000 0000#1626595442698314#-37.0#2.564815877344792#9
0000 0017 2000 0000 0000 0000#1626595442699801#-33.5#1.3069516312785663#9
0000 0018 2000 0000 0000 0000#1626595442701221#-44.5#0.6749515466696822#9
0000 000F 2000 0000 0000 0000#1626595442702526#-39.5#1.1658253987930873#9
0000 0019 2000 0000 0000 0000#1626595442704042#-49.5#4.871922982324796#9
0000 0010 2000 0000 0000 0000#1626595442705788#-47.5#0.0#9
0000 0013 2000 0000 0000 0000#1626595442706840#-53.5#2.761165418194154#9
0000 001B 2000 0000 0000 0000#1626595442708265#-49.0#2.767301341345697#9
0000 0014 2000 0000 0000 0000#1626595442709719#-61.0#1.8775924843720249#9
0000 0011 2000 0000 0000 0000#1626595442976270#-43.0#3.018874190558942#9
0000 001B 2000 0000 0000 0000#1626595442978689#-56.0#1.9512235621905356#9
0000 000F 2000 0000 0000 0000#1626595442980041#-46.5#0.5829126993965437#9
0000 0019 2000 0000 0000 0000#1626595442981090#-43.0#3.466796580621549#9
0000 0017 2000 0000 0000 0000#1626595442982517#-38.5#0.9756117810952678#9
0000 001A 2000 0000 0000 0000#1626595442984114#-47.0#2.7550294950426117#9
0000 001C 2000 0000 0000 0000#1626595442985174#-60.5#0.2454369260617026#9
0000 0018 2000 0000 0000 0000#1626595442986671#-49.5#5.608233760509904#9
0000 0016 2000 0000 0000 0000#1626595442987720#-40.5#2.411417798556228#9
0000 0012 2000 0000 0000 0000#1626595442989127#-52.5#2.650718801466388#9
0000 0010 2000 0000 0000 0000#1626595442990493#-44.5#4.454680208019902#9
0000 0013 2000 0000 0000 0000#1626595442992046#-55.0#1.239456476611598#9
0000 001D 2000 0000 0000 0000#1626595442994272#-57.5#2.779573187648782#9
0000 0015 2000 0000 0000 0000#1626595442995788#-57.5#1.9144080232812801#9
0000 0014 2000 0000 0000 0000#1626595443005635#-58.0#6.086835766330224#9
0000 0015 2000 0000 0000 0000#1626595443010287#-56.0#2.6875343403756435#9
0000 0017 2000 0000 0000 0000#1626595443011335#-39.5#1.6260196351587797#9
0000 0011 2000 0000 0000 0000#1626595443012469#-41.5#3.785864584501762#9
0000 0012 2000 0000 0000 0000#1626595443014069#-50.5#3.3502140407422405#9
0000 001A 2000 0000 0000 0000#1626595443015101#-49.0#3.552699504743145#9
0000 0019 2000 0000 0000 0000#1626595443016230#-40.5#4.154019973594316#9
0000 0010 2000 0000 0000 0000#1626595443017613#-42.5#5.006913291658733#9
0000 001C 2000 0000 0000 0000#1626595443018673#-59.0#0.5338253141842031#9
0000 001B 2000 0000 0000 0000#1626595443020433#-55.5#2.36846633649543#9
0000 000F 2000 0000 0000 0000#1626595443023460#-46.5#1.0369710126106935#9
0000 0016 2000 0000 0000 0000#1626595443024523#-41.0#3.129320807286708#9
0000 0013 2000 0000 0000 0000#1626595443026307#-53.5#1.7119225592803755#9
0000 0018 2000 0000 0000 0000#1626595443027420#-46.0#5.970253226450915#9
0000 001D 2000 0000 0000 0000#1626595443029591#-56.0#3.6201946594101133#9
0000 0014 2000 0000 0000 0000#1626595443031299#-57.5#5.829126993965437#9
0000 0014 2000 0000 0000 0000#1626595443297133#-57.5#3.693825737228624#9
0000 0010 2000 0000 0000 0000#1626595443298149#-46.0#4.0987966652304335#9
0000 0012 2000 0000 0000 0000#1626595443299250#-55.0#0.8897088569736719#9
0000 001D 2000 0000 0000 0000#1626595443300329#-59.0#1.9082721001297376#9
0000 000F 2000 0000 0000 0000#1626595443301377#-46.0#5.148039524144211#9
0000 0011 2000 0000 0000 0000#1626595443302734#-51.0#2.9820586516496865#9
0000 0017 2000 0000 0000 0000#1626595443304524#-44.5#5.730952223540755#9
0000 0018 2000 0000 0000 0000#1626595443307025#-45.5#4.460816131171445#9
0000 0019 2000 0000 0000 0000#1626595443308074#-52.0#3.6447383520162835#9
0000 001A 2000 0000 0000 0000#1626595443309644#-56.5#1.5953400194010667#9
0000 0016 2000 0000 0000 0000#1626595443311677#-48.0#2.067806102069844#9
0000 001B 2000 0000 0000 0000#1626595443312740#-57.0#5.724816300389213#9
0000 001C 2000 0000 0000 0000#1626595443313770#-58.5#4.2031073588066565#9
0000 0015 2000 0000 0000 0000#1626595443316305#-61.0#0.21475731030398976#9
0000 0013 2000 0000 0000 0000#1626595443318401#-55.0#5.240078371417351#9
0000 0016 2000 0000 0000 0000#1626595443324041#-48.5#2.018718716857504#9
0000 001B 2000 0000 0000 0000#1626595443327892#-57.0#5.632777453116074#9
0000 0010 2000 0000 0000 0000#1626595443329373#-45.5#4.074252972624263#9
0000 0017 2000 0000 0000 0000#1626595443330424#-44.5#5.540738605842936#9
0000 001A 2000 0000 0000 0000#1626595443331481#-56.5#1.337631247036279#9
0000 0018 2000 0000 0000 0000#1626595443332500#-45.5#4.424000592262189#9
0000 0012 2000 0000 0000 0000#1626595443333531#-55.0#0.5276893910326605#9
0000 000F 2000 0000 0000 0000#1626595443334596#-45.5#4.988505522204105#9
0000 001C 2000 0000 0000 0000#1626595443335669#-59.0#4.1417481272912315#9
0000 0015 2000 0000 0000 0000#1626595443336863#-61.5#6.2463697682703305#9
0000 0011 2000 0000 0000 0000#1626595443337920#-53.0#2.773437264497239#9
0000 0019 2000 0000 0000 0000#1626595443339247#-53.0#3.5711072741977725#9
0000 001D 2000 0000 0000 0000#1626595443341826#-60.0#1.6260196351587797#9
0000 0014 2000 0000 0000 0000#1626595443342920#-57.5#3.423845118560751#9
0000 0013 2000 0000 0000 0000#1626595443343989#-55.0#5.086680292628786#9
0000 0016 2000 0000 0000 0000#1626595443615069#-50.5#6.17273869045182#9
0000 0013 2000 0000 0000 0000#1626595443616152#-55.5#2.9820586516496865#9
0000 0012 2000 0000 0000 0000#1626595443618305#-53.0#4.313553975534423#9
0000 000F 2000 0000 0000 0000#1626595443619382#-47.5#3.9760782021995817#9
0000 0011 2000 0000 0000 0000#1626595443621666#-55.5#0.1227184630308513#9
0000 0017 2000 0000 0000 0000#1626595443623027#-43.0#4.123340357836604#9
0000 001D 2000 0000 0000 0000#1626595443625300#-63.5#5.375068680751287#9
0000 0015 2000 0000 0000 0000#1626595443626577#-56.5#2.767301341345697#9
0000 001A 2000 0000 0000 0000#1626595443627665#-55.0#4.583534594202296#9
0000 0014 2000 0000 0000 0000#1626595443629216#-57.5#1.3069516312785663#9
0000 001C 2000 0000 0000 0000#1626595443631030#-59.0#1.8960002538266525#9
0000 0019 2000 0000 0000 0000#1626595443632077#-57.0#1.4726215563702154#9
0000 0010 2000 0000 0000 0000#1626595443634032#-53.0#2.5893595699509624#9
0000 0018 2000 0000 0000 0000#1626595443635947#-52.0#3.3747577333484107#9
0000 001B 2000 0000 0000 0000#1626595443637625#-56.0#3.2827188860752723#9
0000 0013 2000 0000 0000 0000#1626595443642474#-55.5#2.779573187648782#9
0000 0019 2000 0000 0000 0000#1626595443643507#-56.5#1.368310862793992#9
0000 0010 2000 0000 0000 0000#1626595443646207#-51.5#2.5157284921324514#9
0000 0018 2000 0000 0000 0000#1626595443647269#-52.0#3.3011266555298997#9
0000 001B 2000 0000 0000 0000#1626595443648379#-56.5#3.141592653589793#9
0000 0012 2000 0000 0000 0000#1626595443650429#-53.5#4.080388895775806#9
0000 0017 2000 0000 0000 0000#1626595443651517#-43.5#4.031301510563465#9
0000 0014 2000 0000 0000 0000#1626595443653069#-58.0#1.1167380135807468#9
0000 001C 2000 0000 0000 0000#1626595443654140#-58.5#1.6812429435226628#9
0000 000F 2000 0000 0000 0000#1626595443655695#-48.5#3.822680123411018#9
0000 0016 2000 0000 0000 0000#1626595443657342#-50.0#5.957981380147831#9
0000 001A 2000 0000 0000 0000#1626595443658431#-54.5#4.381049130201391#9
0000 0011 2000 0000 0000 0000#1626595443659704#-55.0#6.037748381117884#9
0000 001D 2000 0000 0000 0000#1626595443661381#-63.0#4.896466674930966#9
0000 0015 2000 0000 0000 0000#1626595443662416#-55.0#2.2518837966161214#9
0000 0010 2000 0000 0000 0000#1626595443927471#-55.0#5.945709533844745#9
0000 0017 2000 0000 0000 0000#1626595443928760#-46.5#2.6323110320117604#9
0000 0012 2000 0000 0000 0000#1626595443930533#-52.0#1.6812429435226628#9
0000 0015 2000 0000 0000 0000#1626595443932311#-54.5#0.30679615757712825#9
0000 0013 2000 0000 0000 0000#1626595443933633#-56.5#6.178874613603362#9
0000 001C 2000 0000 0000 0000#1626595443935213#-56.5#4.289010282928253#9
0000 0019 2000 0000 0000 0000#1626595443936715#-57.0#4.399456899656019#9
0000 0011 2000 0000 0000 0000#1626595443938004#-53.0#3.3440781175906977#9
0000 0014 2000 0000 0000 0000#1626595443942454#-49.5#2.9206994201342606#9
0000 0016 2000 0000 0000 0000#1626595443944859#-50.0#4.442408361716817#9
0000 001A 2000 0000 0000 0000#1626595443945919#-52.0#2.055534255766759#9
0000 001D 2000 0000 0000 0000#1626595443947755#-54.5#1.6566992509164924#9
0000 0018 2000 0000 0000 0000#1626595443948887#-55.0#0.8406214717613314#9
0000 000F 2000 0000 0000 0000#1626595443949892#-52.5#2.0493983326152168#9
0000 001B 2000 0000 0000 0000#1626595443951028#-56.0#0.7547185476397354#9
0000 0015 2000 0000 0000 0000#1626595443956013#-55.0#0.4479223900626072#9
0000 000F 2000 0000 0000 0000#1626595443958157#-52.5#2.012582793705961#9
0000 0016 2000 0000 0000 0000#1626595443959204#-50.5#4.405592822807561#9
0000 0010 2000 0000 0000 0000#1626595443960506#-55.0#5.810719224510809#9
0000 001B 2000 0000 0000 0000#1626595443961828#-55.5#0.6320000846088841#9
0000 0014 2000 0000 0000 0000#1626595443963079#-48.5#2.6323110320117604#9
0000 001D 2000 0000 0000 0000#1626595443964383#-54.0#1.564660403643354#9
0000 001A 2000 0000 0000 0000#1626595443965670#-51.5#1.9512235621905356#9
0000 001C 2000 0000 0000 0000#1626595443966781#-55.5#3.9515345095934116#9
0000 0017 2000 0000 0000 0000#1626595443967846#-47.0#2.5464081078901644#9
0000 0011 2000 0000 0000 0000#1626595443969285#-53.0#3.2029518851052186#9
0000 0013 2000 0000 0000 0000#1626595443970339#-56.0#5.853670686571607#9
0000 0018 2000 0000 0000 0000#1626595443971639#-55.5#0.7424467013366504#9
0000 0012 2000 0000 0000 0000#1626595443973196#-51.5#1.4542137869155878#9
0000 0019 2000 0000 0000 0000#1626595443975087#-57.5#4.252194744018997#9
0000 001A 2000 0000 0000 0000#1626595444240879#-52.5#1.9819031779482483#9
0000 0015 2000 0000 0000 0000#1626595444242199#-54.5#0.8835729338221293#9
0000 0012 2000 0000 0000 0000#1626595444243459#-52.0#1.3867186322486196#9
0000 0016 2000 0000 0000 0000#1626595444244537#-51.5#4.767612288748572#9
0000 0017 2000 0000 0000 0000#1626595444245597#-49.5#2.6875343403756435#9
0000 001C 2000 0000 0000 0000#1626595444247381#-53.0#3.730641276137879#9
0000 0013 2000 0000 0000 0000#1626595444248405#-55.5#5.675728915176872#9
0000 001D 2000 0000 0000 0000#1626595444249993#-52.0#1.4787574795217582#9
0000 001B 2000 0000 0000 0000#1626595444251086#-55.5#0.44178646691106466#9
0000 0010 2000 0000 0000 0000#1626595444252680#-53.0#5.663457068873787#9
0000 0014 2000 0000 0000 0000#1626595444254474#-48.5#2.356194490192345#9
0000 0018 2000 0000 0000 0000#1626595444256518#-55.5#0.37429131224409645#9
0000 000F 2000 0000 0000 0000#1626595444257549#-54.0#1.7794177139473437#9
0000 0011 2000 0000 0000 0000#1626595444258594#-53.5#3.172272269347506#9
0000 0019 2000 0000 0000 0000#1626595444261582#-57.0#4.23378697456437#9
0000 0012 2000 0000 0000 0000#1626595444267829#-52.0#1.2762720155208536#9
0000 0019 2000 0000 0000 0000#1626595444269364#-57.5#4.221515128261284#9
0000 0017 2000 0000 0000 0000#1626595444270442#-50.5#2.6016314162540475#9
0000 001A 2000 0000 0000 0000#1626595444273096#-52.5#1.8285050991596843#9
0000 0014 2000 0000 0000 0000#1626595444274207#-48.5#2.2150682577068657#9
0000 0016 2000 0000 0000 0000#1626595444275225#-52.0#4.706253057233147#9
0000 001D 2000 0000 0000 0000#1626595444276775#-52.5#1.3989904785517047#9
