0000 0010 2000 0000 0000 0000#1626595485240707#-45.0#4.01902966426038#9
0000 000F 2000 0000 0000 0000#1626595485243478#-46.0#3.160000423044421#9
0000 0017 2000 0000 0000 0000#1626595485244752#-43.5#2.6261751088602177#9
0000 001D 2000 0000 0000 0000#1626595485245843#-48.5#2.4605051837685683#9
0000 0016 2000 0000 0000 0000#1626595485247178#-62.5#3.902447124381071#9
0000 0012 2000 0000 0000 0000#1626595485248266#-50.5#6.056156150572511#9
0000 001C 2000 0000 0000 0000#1626595485250790#-49.0#1.761009944492716#9
0000 0014 2000 0000 0000 0000#1626595485252067#-49.5#2.043262409463674#9
0000 0015 2000 0000 0000 0000#1626595485253374#-52.5#3.3195344249845276#9
0000 0011 2000 0000 0000 0000#1626595485255780#-46.0#4.7307967498393175#9
0000 001B 2000 0000 0000 0000#1626595485257089#-50.0#0.6872233929727672#9
0000 001A 2000 0000 0000 0000#1626595485258216#-46.5#5.485515297479052#9
0000 0018 2000 0000 0000 0000#1626595485259322#-46.5#3.6386024288647407#9
0000 0019 2000 0000 0000 0000#1626595485260370#-46.5#4.503767593232243#9
0000 0013 2000 0000 0000 0000#1626595485264288#-51.0#1.141281706186917#9
0000 001C 2000 0000 0000 0000#1626595485269140#-49.0#1.748738098189631#9
0000 0011 2000 0000 0000 0000#1626595485270440#-48.0#4.73693267299086#9
0000 0017 2000 0000 0000 0000#1626595485273103#-43.5#2.650718801466388#9
0000 0014 2000 0000 0000 0000#1626595485275302#-49.5#2.030990563160589#9
0000 000F 2000 0000 0000 0000#1626595485276951#-46.5#3.1784081924990484#9
0000 0010 2000 0000 0000 0000#1626595485278914#-46.5#4.037437433715008#9
0000 001B 2000 0000 0000 0000#1626595485281639#-50.0#0.6810874698212247#9
0000 001A 2000 0000 0000 0000#1626595485282712#-48.5#5.5100589900852235#9
0000 0013 2000 0000 0000 0000#1626595485283776#-51.5#1.1535535524900022#9
0000 001D 2000 0000 0000 0000#1626595485284896#-48.5#2.5034566458293663#9
0000 0018 2000 0000 0000 0000#1626595485286214#-46.0#3.6201946594101133#9
0000 0012 2000 0000 0000 0000#1626595485287502#-50.5#6.074563920027139#9
0000 0019 2000 0000 0000 0000#1626595485289047#-46.5#4.485359823777615#9
0000 0015 2000 0000 0000 0000#1626595485290470#-52.5#3.3011266555298997#9
0000 0016 2000 0000 0000 0000#1626595485291536#-63.0#3.77972866135022#9
0000 001D 2000 0000 0000 0000#1626595485555842#-48.5#1.88986433067511#9
0000 0017 2000 0000 0000 0000#1626595485557404#-44.0#2.067806102069844#9
0000 001B 2000 0000 0000 0000#1626595485558683#-50.5#0.12885438618239387#9
0000 0014 2000 0000 0000 0000#1626595485562747#-50.5#1.5033011721279284#9
0000 0011 2000 0000 0000 0000#1626595485563793#-48.0#4.227651051412827#9
0000 0015 2000 0000 0000 0000#1626595485565380#-53.0#2.6998061866787286#9
0000 000F 2000 0000 0000 0000#1626595485566486#-46.5#2.5770877236478773#9
0000 0010 2000 0000 0000 0000#1626595485567659#-47.0#3.4913402732277192#9
0000 001C 2000 0000 0000 0000#1626595485568744#-49.5#1.1780972450961724#9
0000 0013 2000 0000 0000 0000#1626595485570084#-52.0#0.5767767762450011#9
0000 0012 2000 0000 0000 0000#1626595485571544#-51.0#5.6143696836614465#9
0000 0016 2000 0000 0000 0000#1626595485584004#-63.0#3.5711072741977725#9
0000 0019 2000 0000 0000 0000#1626595485585066#-47.5#4.154019973594316#9
0000 0018 2000 0000 0000 0000#1626595485587771#-47.5#3.2827188860752723#9
0000 001A 2000 0000 0000 0000#1626595485589912#-48.0#5.141903600992669#9
0000 0010 2000 0000 0000 0000#1626595485592936#-47.0#3.663146121470911#9
0000 001C 2000 0000 0000 0000#1626595485594989#-49.5#1.368310862793992#9
0000 0016 2000 0000 0000 0000#1626595485596294#-63.0#3.5465635815916023#9
0000 001B 2000 0000 0000 0000#1626595485597373#-50.0#0.2945243112740431#9
0000 001A 2000 0000 0000 0000#1626595485598689#-48.0#5.129631754689584#9
0000 0018 2000 0000 0000 0000#1626595485600701#-47.0#3.2827188860752723#9
0000 0011 2000 0000 0000 0000#1626595485602737#-47.5#4.387185053352934#9
0000 0019 2000 0000 0000 0000#1626595485603800#-47.0#4.154019973594316#9
0000 0017 2000 0000 0000 0000#1626595485605119#-44.5#2.2518837966161214#9
0000 000F 2000 0000 0000 0000#1626595485606211#-46.0#2.7550294950426117#9
0000 001D 2000 0000 0000 0000#1626595485607272#-48.5#2.073942025221387#9
0000 0013 2000 0000 0000 0000#1626595485608877#-51.5#0.7915340865489908#9
0000 0012 2000 0000 0000 0000#1626595485611307#-50.5#5.688000761479957#9
0000 0014 2000 0000 0000 0000#1626595485612612#-50.0#1.6751070203711202#9
0000 0015 2000 0000 0000 0000#1626595485615257#-53.0#2.9513790358919736#9
0000 000F 2000 0000 0000 0000#1626595485885237#-45.0#3.6079228131070282#9
0000 0011 2000 0000 0000 0000#1626595485886538#-47.0#5.117359908386499#9
0000 0018 2000 0000 0000 0000#1626595485888878#-46.5#4.074252972624263#9
0000 0010 2000 0000 0000 0000#1626595485890681#-46.0#4.448544284868359#9
0000 001C 2000 0000 0000 0000#1626595485892010#-49.0#2.1230294104337273#9
0000 0016 2000 0000 0000 0000#1626595485893073#-61.5#4.381049130201391#9
0000 001D 2000 0000 0000 0000#1626595485894866#-48.5#2.859340188618835#9
0000 0017 2000 0000 0000 0000#1626595485895943#-43.5#3.067961575771282#9
0000 0014 2000 0000 0000 0000#1626595485898156#-50.0#2.405281875404685#9
0000 0013 2000 0000 0000 0000#1626595485899193#-51.5#1.4910293258248433#9
0000 001A 2000 0000 0000 0000#1626595485900296#-47.5#5.8475347634200645#9
0000 0019 2000 0000 0000 0000#1626595485901382#-46.5#4.902602598082509#9
0000 0015 2000 0000 0000 0000#1626595485902926#-53.0#3.736777199289422#9
0000 001B 2000 0000 0000 0000#1626595485905376#-50.0#1.0246991663076084#9
0000 0012 2000 0000 0000 0000#1626595485906489#-50.5#0.1718058482431918#9
0000 0012 2000 0000 0000 0000#1626595485911700#-50.5#0.14726215563702155#9
0000 0011 2000 0000 0000 0000#1626595485913287#-46.5#5.117359908386499#9
0000 0014 2000 0000 0000 0000#1626595485914409#-50.0#2.4175537217077703#9
0000 0018 2000 0000 0000 0000#1626595485915455#-46.0#4.061981126321178#9
0000 0010 2000 0000 0000 0000#1626595485916785#-46.0#4.4362724385652745#9
0000 0017 2000 0000 0000 0000#1626595485917863#-43.5#3.074097498922825#9
0000 000F 2000 0000 0000 0000#1626595485919197#-45.5#3.6017868899554855#9
0000 001C 2000 0000 0000 0000#1626595485921507#-49.0#2.116893487282185#9
0000 0015 2000 0000 0000 0000#1626595485923295#-53.0#3.7429131224409646#9
0000 001B 2000 0000 0000 0000#1626595485924558#-50.0#1.0615147052168636#9
0000 0019 2000 0000 0000 0000#1626595485925648#-46.0#4.884194828627882#9
0000 001A 2000 0000 0000 0000#1626595485927015#-46.0#5.859806609723149#9
0000 001D 2000 0000 0000 0000#1626595485928761#-49.0#2.8777479580734626#9
0000 0013 2000 0000 0000 0000#1626595485930981#-51.5#1.5033011721279284#9
0000 0016 2000 0000 0000 0000#1626595485932444#-62.0#4.454680208019902#9
0000 0017 2000 0000 0000 0000#1626595486197012#-42.5#2.4727770300716534#9
0000 0016 2000 0000 0000 0000#1626595486198019#-60.0#3.8288160465625602#9
0000 0011 2000 0000 0000 0000#1626595486199293#-48.0#4.73693267299086#9
0000 0013 2000 0000 0000 0000#1626595486201097#-51.0#1.184233168247715#9
0000 0015 2000 0000 0000 0000#1626595486202161#-52.5#3.2949907323783574#9
0000 000F 2000 0000 0000 0000#1626595486203425#-45.5#3.000466421104314#9
0000 0010 2000 0000 0000 0000#1626595486204442#-47.0#3.9453985864418692#9
0000 001B 2000 0000 0000 0000#1626595486206030#-50.0#0.7485826244881929#9
0000 0019 2000 0000 0000 0000#1626595486207621#-47.0#4.466952054322987#9
0000 001D 2000 0000 0000 0000#1626595486209166#-48.5#2.423689644859313#9
0000 0018 2000 0000 0000 0000#1626595486211515#-46.5#3.497476196379262#9
0000 0012 2000 0000 0000 0000#1626595486213272#-51.0#6.215690152512618#9
0000 001A 2000 0000 0000 0000#1626595486215440#-48.5#5.553010452146021#9
0000 001C 2000 0000 0000 0000#1626595486218362#-48.5#1.7855536370988863#9
0000 0014 2000 0000 0000 0000#1626595486219918#-49.0#2.055534255766759#9
0000 0017 2000 0000 0000 0000#1626595486224912#-42.0#2.466641106920111#9
0000 0016 2000 0000 0000 0000#1626595486225947#-57.5#3.6692820446224537#9
0000 001D 2000 0000 0000 0000#1626595486228559#-48.0#2.4911847995262812#9
0000 0012 2000 0000 0000 0000#1626595486229606#-51.0#6.270913460876501#9
0000 001C 2000 0000 0000 0000#1626595486230663#-48.0#1.8407769454627694#9
0000 0011 2000 0000 0000 0000#1626595486232164#-48.0#4.816699673960914#9
0000 0015 2000 0000 0000 0000#1626595486234201#-52.0#3.3318062712876126#9
0000 0014 2000 0000 0000 0000#1626595486236677#-49.0#2.1046216409791#9
0000 000F 2000 0000 0000 0000#1626595486237754#-45.0#3.031146036862027#9
0000 0010 2000 0000 0000 0000#1626595486239324#-46.5#3.9638063558964967#9
0000 0019 2000 0000 0000 0000#1626595486240344#-47.0#4.534447208989955#9
0000 0013 2000 0000 0000 0000#1626595486241667#-50.5#1.3314953238847365#9
0000 0018 2000 0000 0000 0000#1626595486243086#-46.0#3.5036121195308043#9
0000 001A 2000 0000 0000 0000#1626595486244372#-48.5#5.681864838328415#9
0000 001B 2000 0000 0000 0000#1626595486245791#-49.5#0.9081166264282996#9
0000 0018 2000 0000 0000 0000#1626595486509794#-46.5#4.313553975534423#9
0000 0017 2000 0000 0000 0000#1626595486510830#-37.0#2.730485802436441#9
0000 000F 2000 0000 0000 0000#1626595486512737#-42.5#3.509748042682347#9
0000 0014 2000 0000 0000 0000#1626595486514060#-46.0#3.074097498922825#9
0000 001A 2000 0000 0000 0000#1626595486515218#-44.0#1.1351457830353744#9
0000 0019 2000 0000 0000 0000#1626595486516997#-49.5#6.135923151542564#9
0000 001D 2000 0000 0000 0000#1626595486519976#-45.0#3.454524734318464#9
0000 0010 2000 0000 0000 0000#1626595486521086#-46.5#5.092816215780329#9
0000 0012 2000 0000 0000 0000#1626595486522131#-46.5#1.6935147898257479#9
0000 001B 2000 0000 0000 0000#1626595486523590#-45.0#2.1353012567368124#9
0000 001C 2000 0000 0000 0000#1626595486524650#-44.5#2.8838838812250054#9
0000 0015 2000 0000 0000 0000#1626595486525927#-49.5#4.23378697456437#9
0000 0011 2000 0000 0000 0000#1626595486527273#-49.0#0.4295146206079795#9
0000 0013 2000 0000 0000 0000#1626595486529259#-46.0#2.521864415283994#9
0000 0016 2000 0000 0000 0000#1626595486530326#-43.5#3.2827188860752723#9
0000 0012 2000 0000 0000 0000#1626595486535276#-46.0#1.736466251886546#9
0000 001C 2000 0000 0000 0000#1626595486536319#-44.5#2.9206994201342606#9
0000 0016 2000 0000 0000 0000#1626595486538124#-43.0#3.313398501832985#9
0000 0011 2000 0000 0000 0000#1626595486539235#-47.0#0.5154175447295755#9
0000 001B 2000 0000 0000 0000#1626595486540304#-44.5#2.1782527187976104#9
0000 000F 2000 0000 0000 0000#1626595486541595#-43.0#3.6201946594101133#9
0000 0017 2000 0000 0000 0000#1626595486542586#-36.5#2.804116880254952#9
0000 0019 2000 0000 0000 0000#1626595486543919#-49.5#0.0674951546669682#9
0000 0010 2000 0000 0000 0000#1626595486544978#-48.5#5.2339424482658075#9
0000 0018 2000 0000 0000 0000#1626595486546390#-45.5#4.466952054322987#9
0000 001D 2000 0000 0000 0000#1626595486548277#-43.5#3.5281558121369745#9
0000 001A 2000 0000 0000 0000#1626595486550446#-44.0#1.3008157081270237#9
0000 0014 2000 0000 0000 0000#1626595486552023#-46.0#3.2090878082567613#9
0000 0013 2000 0000 0000 0000#1626595486553048#-45.5#2.5832236467994196#9
0000 0015 2000 0000 0000 0000#1626595486554595#-49.0#4.3074180523828804#9
0000 0017 2000 0000 0000 0000#1626595486825121#-37.0#3.423845118560751#9
0000 001A 2000 0000 0000 0000#1626595486826476#-40.0#1.945087639038993#9
0000 0013 2000 0000 0000 0000#1626595486827986#-43.5#2.9636508821950587#9
0000 0019 2000 0000 0000 0000#1626595486829045#-46.0#1.2517283229146832#9
0000 000F 2000 0000 0000 0000#1626595486831108#-44.5#4.442408361716817#9
0000 0014 2000 0000 0000 0000#1626595486832900#-43.0#3.5158839658338894#9
0000 0018 2000 0000 0000 0000#1626595486834467#-48.5#5.602097837358362#9
0000 0010 2000 0000 0000 0000#1626595486835800#-48.5#0.30679615757712825#9
0000 001C 2000 0000 0000 0000#1626595486837173#-42.0#3.3379421944391554#9
0000 001D 2000 0000 0000 0000#1626595486838462#-43.0#3.77972866135022#9
0000 0012 2000 0000 0000 0000#1626595486839566#-43.0#2.3316507975861747#9
0000 0011 2000 0000 0000 0000#1626595486841403#-43.5#1.5462526341887264#9
0000 0016 2000 0000 0000 0000#1626595486844397#-40.5#3.650874275167826#9
0000 0015 2000 0000 0000 0000#1626595486845731#-47.5#4.479223900626073#9
0000 001B 2000 0000 0000 0000#1626595486847265#-41.5#2.6691265709210157#9
0000 0016 2000 0000 0000 0000#1626595486853289#-40.5#3.6876898140770815#9
0000 0011 2000 0000 0000 0000#1626595486854848#-44.5#1.5953400194010667#9
0000 0018 2000 0000 0000 0000#1626595486856349#-48.0#5.71868037723767#9
0000 001B 2000 0000 0000 0000#1626595486858745#-41.5#2.6813984172241008#9
0000 0015 2000 0000 0000 0000#1626595486859782#-47.5#4.4976316700806995#9
0000 0019 2000 0000 0000 0000#1626595486860829#-45.5#1.3928545554001621#9
0000 001A 2000 0000 0000 0000#1626595486862147#-41.5#2.043262409463674#9
0000 0017 2000 0000 0000 0000#1626595486864936#-37.0#3.5956509668039427#9
0000 0014 2000 0000 0000 0000#1626595486866001#-42.5#3.6140587362585705#9
0000 001D 2000 0000 0000 0000#1626595486867077#-43.0#3.847223816017188#9
0000 000F 2000 0000 0000 0000#1626595486868783#-44.5#4.632621979414636#9
0000 0012 2000 0000 0000 0000#1626595486869829#-42.0#2.411417798556228#9
0000 0013 2000 0000 0000 0000#1626595486870912#-43.5#3.0925052683774528#9
0000 001C 2000 0000 0000 0000#1626595486871982#-41.5#3.436116964863836#9
0000 0010 2000 0000 0000 0000#1626595486873908#-48.0#0.4970097752749477#9
0000 0013 2000 0000 0000 0000#1626595487141485#-41.0#4.571262747899211#9
0000 001A 2000 0000 0000 0000#1626595487143059#-39.5#3.6017868899554855#9
0000 0019 2000 0000 0000 0000#1626595487144134#-43.0#3.043417883165112#9
0000 000F 2000 0000 0000 0000#1626595487145682#-42.5#0.4908738521234052#9
0000 0012 2000 0000 0000 0000#1626595487147006#-41.0#3.9392626632903265#9
0000 0015 2000 0000 0000 0000#1626595487148768#-46.0#5.737088146692298#9
0000 0018 2000 0000 0000 0000#1626595487150749#-45.5#1.564660403643354#9
0000 001C 2000 0000 0000 0000#1626595487152541#-40.0#4.853515212870168#9
0000 0017 2000 0000 0000 0000#1626595487154103#-36.0#5.700272607783043#9
0000 0014 2000 0000 0000 0000#1626595487155185#-40.5#4.97623367590102#9
0000 001B 2000 0000 0000 0000#1626595487156479#-39.5#4.270602513473625#9
0000 0016 2000 0000 0000 0000#1626595487161183#-39.5#5.6143696836614465#9
0000 001D 2000 0000 0000 0000#1626595487163529#-40.5#5.154175447295755#9
0000 0010 2000 0000 0000 0000#1626595487165213#-45.0#2.3746022596469727#9
0000 0011 2000 0000 0000 0000#1626595487166205#-41.5#3.2704470397721868#9
0000 001D 2000 0000 0000 0000#1626595487170935#-40.5#5.154175447295755#9
0000 0014 2000 0000 0000 0000#1626595487172470#-40.5#5.006913291658733#9
0000 0017 2000 0000 0000 0000#1626595487173790#-36.0#5.792311455056181#9
0000 001B 2000 0000 0000 0000#1626595487175379#-39.5#4.325825821837508#9
0000 0012 2000 0000 0000 0000#1626595487176699#-40.0#4.025165587411922#9
0000 000F 2000 0000 0000 0000#1626595487178760#-42.5#0.619728238305799#9
0000 0013 2000 0000 0000 0000#1626595487180297#-41.0#4.657165672020807#9
0000 0016 2000 0000 0000 0000#1626595487181801#-39.5#5.700272607783043#9
0000 001C 2000 0000 0000 0000#1626595487183863#-39.5#4.902602598082509#9
0000 0011 2000 0000 0000 0000#1626595487185352#-41.0#3.3011266555298997#9
0000 0019 2000 0000 0000 0000#1626595487186783#-43.0#3.160000423044421#9
0000 0018 2000 0000 0000 0000#1626595487188383#-44.5#1.705786636128833#9
0000 0015 2000 0000 0000 0000#1626595487190246#-46.5#5.7616318392984684#9
0000 0010 2000 0000 0000 0000#1626595487191573#-43.0#2.442097414313941#9
0000 001A 2000 0000 0000 0000#1626595487193456#-38.0#3.718369429834794#9
0000 0012 2000 0000 0000 0000#1626595487461921#-38.5#4.0558452031696355#9
0000 0011 2000 0000 0000 0000#1626595487464285#-38.0#3.3747577333484107#9
0000 0017 2000 0000 0000 0000#1626595487465335#-34.0#0.2086213871524472#9
0000 001B 2000 0000 0000 0000#1626595487466672#-37.5#4.301282129231338#9
0000 0010 2000 0000 0000 0000#1626595487468031#-41.0#2.5709518004963345#9
0000 000F 2000 0000 0000 0000#1626595487469095#-39.0#1.1780972450961724#9
0000 001C 2000 0000 0000 0000#1626595487470181#-38.5#4.743068596142402#9
0000 0018 2000 0000 0000 0000#1626595487471240#-41.0#2.0064468705544187#9
0000 0013 2000 0000 0000 0000#1626595487472567#-39.5#4.589670517353839#9
0000 0014 2000 0000 0000 0000#1626595487473651#-39.5#4.828971520263998#9
0000 001A 2000 0000 0000 0000#1626595487475916#-37.5#3.736777199289422#9
0000 001D 2000 0000 0000 0000#1626595487477230#-40.0#4.896466674930966#9
0000 0016 2000 0000 0000 0000#1626595487479711#-39.0#0.1595340019401067#9
0000 0019 2000 0000 0000 0000#1626595487480717#-40.0#3.3011266555298997#9
0000 0015 2000 0000 0000 0000#1626595487481956#-46.5#5.3627968344482015#9
0000 0015 2000 0000 0000 0000#1626595487485719#-46.5#5.375068680751287#9
0000 0016 2000 0000 0000 0000#1626595487487284#-38.5#0.18407769454627693#9
0000 0017 2000 0000 0000 0000#1626595487488318#-33.5#0.30066023442558565#9
0000 001D 2000 0000 0000 0000#1626595487489378#-40.5#4.884194828627882#9
0000 000F 2000 0000 0000 0000#1626595487491168#-38.5#1.2455923997631406#9
0000 001A 2000 0000 0000 0000#1626595487492716#-37.5#3.77972866135022#9
0000 001B 2000 0000 0000 0000#1626595487493783#-37.5#4.344233591292136#9
0000 0010 2000 0000 0000 0000#1626595487494893#-39.5#2.650718801466388#9
0000 001C 2000 0000 0000 0000#1626595487497928#-38.5#4.773748211900116#9
0000 0012 2000 0000 0000 0000#1626595487499676#-38.5#4.104932588381976#9
0000 0013 2000 0000 0000 0000#1626595487501612#-39.5#4.638757902566179#9
0000 0019 2000 0000 0000 0000#1626595487503416#-40.0#3.356349963893783#9
0000 0018 2000 0000 0000 0000#1626595487504477#-40.5#2.0800779483729293#9
0000 0014 2000 0000 0000 0000#1626595487505998#-39.5#4.859651136021712#9
0000 0011 2000 0000 0000 0000#1626595487508031#-38.5#3.466796580621549#9
0000 0011 2000 0000 0000 0000#1626595487773533#-36.0#4.1172044346850605#9
0000 0018 2000 0000 0000 0000#1626595487774807#-38.5#2.859340188618835#9
0000 0012 2000 0000 0000 0000#1626595487776107#-37.5#4.71238898038469#9
0000 0010 2000 0000 0000 0000#1626595487778689#-37.5#3.411573272257666#9
0000 0015 2000 0000 0000 0000#1626595487779968#-45.5#5.565282298449106#9
0000 0017 2000 0000 0000 0000#1626595487781301#-31.0#1.4726215563702154#9
0000 001B 2000 0000 0000 0000#1626595487782851#-36.5#4.896466674930966#9
0000 0019 2000 0000 0000 0000#1626595487785594#-38.5#4.01902966426038#9
0000 000F 2000 0000 0000 0000#1626595487786641#-36.0#2.2089323345553233#9
0000 0013 2000 0000 0000 0000#1626595487787937#-38.0#5.086680292628786#9
0000 001D 2000 0000 0000 0000#1626595487789318#-38.0#5.1725832167503825#9
0000 001C 2000 0000 0000 0000#1626595487792001#-37.5#5.1725832167503825#9
0000 0016 2000 0000 0000 0000#1626595487793437#-36.5#1.533980787885641#9
0000 001A 2000 0000 0000 0000#1626595487794554#-36.0#4.454680208019902#9
0000 0014 2000 0000 0000 0000#1626595487795894#-38.5#5.209398755659637#9
0000 0013 2000 0000 0000 0000#1626595487802164#-38.0#5.117359908386499#9
0000 0011 2000 0000 0000 0000#1626595487803227#-37.0#4.166291819897402#9
0000 0017 2000 0000 0000 0000#1626595487804801#-31.0#1.5401167110371838#9
0000 0016 2000 0000 0000 0000#1626595487806322#-36.5#1.576932249946439#9
0000 0019 2000 0000 0000 0000#1626595487808609#-38.5#4.061981126321178#9
0000 0010 2000 0000 0000 0000#1626595487809627#-38.5#3.466796580621549#9
0000 001A 2000 0000 0000 0000#1626595487811628#-35.5#4.466952054322987#9
0000 001C 2000 0000 0000 0000#1626595487813194#-37.5#5.184855063053467#9
0000 0012 2000 0000 0000 0000#1626595487814500#-37.0#4.773748211900116#9
0000 0018 2000 0000 0000 0000#1626595487815548#-38.0#2.9329712664373457#9
0000 000F 2000 0000 0000 0000#1626595487816867#-36.0#2.3009711818284617#9
0000 001B 2000 0000 0000 0000#1626595487817945#-36.5#4.908738521234052#9
0000 0015 2000 0000 0000 0000#1626595487819944#-46.0#5.5714182216006485#9
0000 0014 2000 0000 0000 0000#1626595487822382#-38.5#5.227806525114265#9
0000 001D 2000 0000 0000 0000#1626595487823526#-40.0#5.178719139901925#9
0000 000F 2000 0000 0000 0000#1626595488087446#-33.5#2.564815877344792#9
0000 0017 2000 0000 0000 0000#1626595488089798#-28.5#1.9696313316451632#9
0000 0010 2000 0000 0000 0000#1626595488091167#-35.5#3.552699504743145#9
0000 0014 2000 0000 0000 0000#1626595488092162#-39.5#4.963961829597935#9
0000 0012 2000 0000 0000 0000#1626595488093293#-36.0#4.700117134081604#9
0000 001B 2000 0000 0000 0000#1626595488095113#-37.0#4.779884135051658#9
0000 0016 2000 0000 0000 0000#1626595488096168#-34.0#2.1475731030398975#9
0000 0015 2000 0000 0000 0000#1626595488097489#-47.0#5.154175447295755#9
0000 0011 2000 0000 0000 0000#1626595488099028#-36.0#4.2092432819582#9
0000 0018 2000 0000 0000 0000#1626595488100943#-36.0#3.160000423044421#9
0000 001C 2000 0000 0000 0000#1626595488102372#-38.0#4.957825906446392#9
0000 001A 2000 0000 0000 0000#1626595488103740#-35.5#4.448544284868359#9
0000 0019 2000 0000 0000 0000#1626595488105439#-37.0#4.1601558967458585#9
0000 001D 2000 0000 0000 0000#1626595488106611#-41.0#4.841243366567084#9
0000 0013 2000 0000 0000 0000#1626595488108838#-38.5#4.97623367590102#9
0000 0014 2000 0000 0000 0000#1626595488112933#-39.5#4.957825906446392#9
0000 001B 2000 0000 0000 0000#1626595488113970#-37.0#4.81056375080937#9
0000 0011 2000 0000 0000 0000#1626595488115315#-36.5#4.246058820867455#9
0000 0019 2000 0000 0000 0000#1626595488116393#-37.0#4.1601558967458585#9
0000 0012 2000 0000 0000 0000#1626595488117483#-37.5#4.73693267299086#9
0000 001D 2000 0000 0000 0000#1626595488118800#-41.0#4.8351074434155406#9
0000 0017 2000 0000 0000 0000#1626595488119906#-28.5#2.0800779483729293#9
0000 0013 2000 0000 0000 0000#1626595488121245#-38.5#4.97623367590102#9
0000 0010 2000 0000 0000 0000#1626595488123030#-36.5#3.6201946594101133#9
0000 001A 2000 0000 0000 0000#1626595488124786#-36.0#4.466952054322987#9
0000 000F 2000 0000 0000 0000#1626595488126107#-33.0#2.675262494072558#9
0000 001C 2000 0000 0000 0000#1626595488127705#-38.0#4.97623367590102#9
0000 0015 2000 0000 0000 0000#1626595488129968#-47.0#5.123495831538041#9
0000 0018 2000 0000 0000 0000#1626595488131615#-36.0#3.2213596545598464#9
0000 0016 2000 0000 0000 0000#1626595488132723#-34.0#2.2948352586769194#9
0000 000F 2000 0000 0000 0000#1626595488399125#-31.5#4.1172044346850605#9
0000 001C 2000 0000 0000 0000#1626595488400168#-40.0#5.64504929941916#9
0000 0017 2000 0000 0000 0000#1626595488401471#-27.5#3.6692820446224537#9
0000 0018 2000 0000 0000 0000#1626595488403258#-34.0#4.491495746929157#9
0000 0016 2000 0000 0000 0000#1626595488405063#-32.5#3.9576704327449543#9
0000 001B 2000 0000 0000 0000#1626595488406355#-38.5#5.5714182216006485#9
0000 001A 2000 0000 0000 0000#1626595488407980#-35.5#5.3627968344482015#9
0000 0014 2000 0000 0000 0000#1626595488409516#-41.5#5.602097837358362#9
0000 0013 2000 0000 0000 0000#1626595488410810#-40.0#5.737088146692298#9
0000 0019 2000 0000 0000 0000#1626595488414605#-37.0#5.203262832508095#9
0000 0012 2000 0000 0000 0000#1626595488415978#-37.0#5.5714182216006485#9
0000 0010 2000 0000 0000 0000#1626595488417360#-34.0#4.792155981354743#9
0000 001D 2000 0000 0000 0000#1626595488418667#-43.0#5.338253141842031#9
0000 0011 2000 0000 0000 0000#1626595488419756#-36.0#5.21553467881118#9
0000 0015 2000 0000 0000 0000#1626595488421551#-49.0#5.577554144752192#9
0000 0018 2000 0000 0000 0000#1626595488429344#-34.0#4.528311285838413#9
0000 0016 2000 0000 0000 0000#1626595488430695#-32.5#4.025165587411922#9
0000 001A 2000 0000 0000 0000#1626595488432255#-36.5#5.356660911296659#9
0000 001D 2000 0000 0000 0000#1626595488433796#-42.5#5.307573526084319#9
0000 0015 2000 0000 0000 0000#1626595488435886#-49.0#5.565282298449106#9
0000 0017 2000 0000 0000 0000#1626595488436977#-27.0#3.749049045592507#9
0000 0012 2000 0000 0000 0000#1626595488439119#-36.5#5.5714182216006485#9
0000 0014 2000 0000 0000 0000#1626595488440655#-41.5#5.553010452146021#9
0000 001C 2000 0000 0000 0000#1626595488441673#-40.0#5.608233760509904#9
0000 0013 2000 0000 0000 0000#1626595488443012#-40.0#5.712544454086128#9
0000 001B 2000 0000 0000 0000#1626595488444830#-38.5#5.559146375297564#9
0000 000F 2000 0000 0000 0000#1626595488455470#-31.5#4.006757817957295#9
0000 0019 2000 0000 0000 0000#1626595488456676#-37.0#5.043728830567988#9
0000 0011 2000 0000 0000 0000#1626595488460543#-35.0#5.037592907416445#9
0000 0010 2000 0000 0000 0000#1626595488461742#-34.0#4.6448938257177215#9
0000 0018 2000 0000 0000 0000#1626595488724112#-33.0#4.147884050442774#9
0000 0019 2000 0000 0000 0000#1626595488725435#-38.5#4.663301595172349#9
0000 0015 2000 0000 0000 0000#1626595488726740#-51.0#4.577398671050753#9
0000 0016 2000 0000 0000 0000#1626595488729059#-32.0#4.086524818927348#9
0000 0014 2000 0000 0000 0000#1626595488730111#-44.0#4.669437518323892#9
0000 0017 2000 0000 0000 0000#1626595488731416#-27.0#3.6140587362585705#9
0000 001B 2000 0000 0000 0000#1626595488732465#-41.0#4.755340442445488#9
0000 0012 2000 0000 0000 0000#1626595488733563#-39.0#4.798291904506286#9
0000 0013 2000 0000 0000 0000#1626595488735118#-42.5#4.865787059173254#9
0000 001C 2000 0000 0000 0000#1626595488736217#-43.0#4.7307967498393175#9
0000 0011 2000 0000 0000 0000#1626595488737829#-36.5#4.614214209960009#9
0000 001D 2000 0000 0000 0000#1626595488738918#-45.0#4.3074180523828804#9
0000 000F 2000 0000 0000 0000#1626595488741377#-31.5#3.9760782021995817#9
0000 0010 2000 0000 0000 0000#1626595488742663#-35.5#4.368777283898306#9
0000 001A 2000 0000 0000 0000#1626595488745974#-37.0#4.638757902566179#9
0000 0012 2000 0000 0000 0000#1626595488751529#-39.0#4.779884135051658#9
0000 000F 2000 0000 0000 0000#1626595488753350#-31.5#3.9760782021995817#9
0000 0017 2000 0000 0000 0000#1626595488755508#-27.0#3.663146121470911#9
0000 0013 2000 0000 0000 0000#1626595488756563#-42.5#4.8351074434155406#9
0000 001A 2000 0000 0000 0000#1626595488758122#-39.0#4.614214209960009#9
0000 0019 2000 0000 0000 0000#1626595488759401#-38.0#4.6448938257177215#9
0000 0010 2000 0000 0000 0000#1626595488760555#-34.0#4.362641360746763#9
0000 001B 2000 0000 0000 0000#1626595488761836#-41.0#4.6878452877785195#9
0000 0018 2000 0000 0000 0000#1626595488763148#-33.5#4.190835512503572#9
0000 0016 2000 0000 0000 0000#1626595488764241#-32.0#4.154019973594316#9
0000 001C 2000 0000 0000 0000#1626595488765628#-43.0#4.669437518323892#9
0000 001D 2000 0000 0000 0000#1626595488766705#-45.0#4.25833066717054#9
0000 0015 2000 0000 0000 0000#1626595488768511#-51.0#4.522175362686871#9
0000 0011 2000 0000 0000 0000#1626595488769600#-37.5#4.565126824747668#9
0000 0014 2000 0000 0000 0000#1626595488771295#-44.0#4.601942363656923#9
0000 0018 2000 0000 0000 0000#1626595489035091#-33.5#4.3503695144436785#9
0000 0015 2000 0000 0000 0000#1626595489036381#-53.0#4.28287435977671#9
0000 001C 2000 0000 0000 0000#1626595489037439#-44.0#4.424000592262189#9
0000 0016 2000 0000 0000 0000#1626595489038532#-32.0#4.718524903536232#9
0000 0012 2000 0000 0000 0000#1626595489040511#-41.0#4.485359823777615#9
0000 0014 2000 0000 0000 0000#1626595489041564#-45.5#4.313553975534423#9
0000 001B 2000 0000 0000 0000#1626595489043084#-42.0#4.417864669110647#9
0000 000F 2000 0000 0000 0000#1626595489044653#-30.5#4.270602513473625#9
0000 0010 2000 0000 0000 0000#1626595489046305#-33.5#4.405592822807561#9
0000 0013 2000 0000 0000 0000#1626595489047659#-44.0#4.546719055293041#9
0000 0011 2000 0000 0000 0000#1626595489048721#-38.0#4.3933209765044765#9
0000 0017 2000 0000 0000 0000#1626595489049825#-26.5#4.0987966652304335#9
0000 001D 2000 0000 0000 0000#1626595489051868#-47.5#3.9515345095934116#9
0000 001A 2000 0000 0000 0000#1626595489055478#-39.5#4.338097668140593#9
0000 0019 2000 0000 0000 0000#1626595489057752#-38.0#4.4976316700806995#9
0000 0010 2000 0000 0000 0000#1626595489070945#-34.5#3.816544200259475#9
0000 0015 2000 0000 0000 0000#1626595489072036#-54.0#3.6263305825616556#9
0000 0018 2000 0000 0000 0000#1626595489073325#-34.0#3.730641276137879#9
0000 0019 2000 0000 0000 0000#1626595489074586#-39.5#3.9269908169872414#9
0000 0017 2000 0000 0000 0000#1626595489075918#-27.0#3.5036121195308043#9
0000 0011 2000 0000 0000 0000#1626595489077703#-39.0#3.77972866135022#9
0000 0016 2000 0000 0000 0000#1626595489078755#-31.5#4.166291819897402#9
0000 001A 2000 0000 0000 0000#1626595489080608#-38.5#3.706097583531709#9
0000 0013 2000 0000 0000 0000#1626595489082627#-45.5#3.9147189706841563#9
0000 000F 2000 0000 0000 0000#1626595489084206#-31.0#3.693825737228624#9
0000 001D 2000 0000 0000 0000#1626595489088940#-48.5#3.2765829629237295#9
0000 001B 2000 0000 0000 0000#1626595489089995#-43.0#3.761320891895592#9
0000 0012 2000 0000 0000 0000#1626595489091568#-42.0#3.8533597391687304#9
0000 0014 2000 0000 0000 0000#1626595489093229#-47.0#3.6447383520162835#9
0000 001C 2000 0000 0000 0000#1626595489094588#-45.0#3.7122335066832517#9
0000 000F 2000 0000 0000 0000#1626595489358375#-31.0#3.767456815047135#9
0000 0019 2000 0000 0000 0000#1626595489359652#-39.0#3.6263305825616556#9
0000 0010 2000 0000 0000 0000#1626595489361006#-34.5#3.663146121470911#9
0000 0017 2000 0000 0000 0000#1626595489362536#-26.5#3.6876898140770815#9
0000 001B 2000 0000 0000 0000#1626595489366476#-44.0#3.4054373491061236#9
0000 0014 2000 0000 0000 0000#1626595489369101#-49.5#3.2029518851052186#9
0000 0016 2000 0000 0000 0000#1626595489370110#-31.0#4.485359823777615#9
0000 0012 2000 0000 0000 0000#1626595489371462#-43.0#3.454524734318464#9
0000 001A 2000 0000 0000 0000#1626595489373393#-41.0#3.2949907323783574#9
0000 0013 2000 0000 0000 0000#1626595489375546#-47.0#3.466796580621549#9
0000 001C 2000 0000 0000 0000#1626595489376630#-48.0#3.3011266555298997#9
0000 001D 2000 0000 0000 0000#1626595489378147#-51.5#2.718213956133356#9
0000 0011 2000 0000 0000 0000#1626595489380324#-39.0#3.429981041712294#9
0000 0018 2000 0000 0000 0000#1626595489382243#-33.5#3.6876898140770815#9
0000 0015 2000 0000 0000 0000#1626595489383821#-58.0#2.9759227284981438#9
0000 001D 2000 0000 0000 0000#1626595489387954#-51.5#2.7120780329818137#9
0000 0013 2000 0000 0000 0000#1626595489389236#-47.0#3.436116964863836#9
0000 0018 2000 0000 0000 0000#1626595489391237#-33.5#3.6754179677739964#9
0000 0010 2000 0000 0000 0000#1626595489392754#-35.5#3.6324665057131984#9
0000 0017 2000 0000 0000 0000#1626595489394563#-26.5#3.6692820446224537#9
0000 000F 2000 0000 0000 0000#1626595489395869#-31.0#3.736777199289422#9
0000 001C 2000 0000 0000 0000#1626595489396938#-48.0#3.2336315008629315#9
0000 001B 2000 0000 0000 0000#1626595489398763#-44.5#3.3195344249845276#9
0000 0014 2000 0000 0000 0000#1626595489399799#-50.0#3.117048960983623#9
0000 0011 2000 0000 0000 0000#1626595489400876#-39.0#3.3870295796514958#9
0000 0015 2000 0000 0000 0000#1626595489402466#-58.5#2.9084275738311756#9
0000 0019 2000 0000 0000 0000#1626595489403976#-39.0#3.54042765844006#9
0000 0016 2000 0000 0000 0000#1626595489405284#-31.0#4.491495746929157#9
0000 0012 2000 0000 0000 0000#1626595489407493#-42.0#3.3747577333484107#9
0000 001A 2000 0000 0000 0000#1626595489408884#-41.5#3.215223731408304#9
0000 001C 2000 0000 0000 0000#1626595489673441#-51.5#3.184544115650591#9
0000 0017 2000 0000 0000 0000#1626595489682559#-25.0#4.080388895775806#9
0000 0018 2000 0000 0000 0000#1626595489683619#-34.0#3.8840393549264434#9
0000 0011 2000 0000 0000 0000#1626595489685016#-38.0#3.411573272257666#9
0000 001A 2000 0000 0000 0000#1626595489689184#-40.5#3.1906800388021335#9
0000 0019 2000 0000 0000 0000#1626595489690864#-39.0#3.5711072741977725#9
0000 000F 2000 0000 0000 0000#1626595489691912#-31.0#4.04357335686655#9
0000 0010 2000 0000 0000 0000#1626595489693065#-34.0#3.736777199289422#9
0000 0016 2000 0000 0000 0000#1626595489694148#-30.5#4.97623367590102#9
0000 0012 2000 0000 0000 0000#1626595489696088#-44.5#3.32567034813607#9
0000 0014 2000 0000 0000 0000#1626595489697212#-53.0#2.718213956133356#9
0000 001D 2000 0000 0000 0000#1626595489698338#-54.5#1.9696313316451632#9
0000 0015 2000 0000 0000 0000#1626595489700030#-61.5#1.8407769454627694#9
0000 001B 2000 0000 0000 0000#1626595489701708#-47.0#3.153864499892878#9
0000 0013 2000 0000 0000 0000#1626595489704729#-50.0#3.184544115650591#9
0000 0015 2000 0000 0000 0000#1626595489709059#-61.5#1.7548740213411735#9
0000 0013 2000 0000 0000 0000#1626595489710156#-50.0#3.1661363461959633#9
0000 0012 2000 0000 0000 0000#1626595489712182#-44.5#3.2765829629237295#9
0000 0014 2000 0000 0000 0000#1626595489714218#-53.0#2.6016314162540475#9
0000 001C 2000 0000 0000 0000#1626595489715317#-51.5#2.791845033951867#9
0000 0011 2000 0000 0000 0000#1626595489716703#-38.0#3.3502140407422405#9
0000 001B 2000 0000 0000 0000#1626595489718282#-47.0#3.0802334220743677#9
0000 001A 2000 0000 0000 0000#1626595489719840#-42.5#3.1354567304382504#9
0000 0018 2000 0000 0000 0000#1626595489721477#-32.5#3.834951969714103#9
0000 0017 2000 0000 0000 0000#1626595489722724#-26.5#4.025165587411922#9
0000 000F 2000 0000 0000 0000#1626595489723787#-31.0#4.000621894805752#9
0000 0019 2000 0000 0000 0000#1626595489725319#-39.0#3.522019888985432#9
0000 0010 2000 0000 0000 0000#1626595489727016#-34.0#3.6815538909255388#9
0000 0016 2000 0000 0000 0000#1626595489728793#-31.0#4.95168998329485#9
0000 001D 2000 0000 0000 0000#1626595489732671#-56.5#1.748738098189631#9
0000 0016 2000 0000 0000 0000#1626595489996732#-31.5#4.338097668140593#9
0000 0019 2000 0000 0000 0000#1626595489997766#-41.5#2.5586799541932495#9
0000 001B 2000 0000 0000 0000#1626595490000071#-51.0#1.6444274046134073#9
0000 0010 2000 0000 0000 0000#1626595490001208#-35.5#2.791845033951867#9
0000 0017 2000 0000 0000 0000#1626595490002316#-27.0#3.2643111166206444#9
0000 0018 2000 0000 0000 0000#1626595490003420#-35.0#2.945243112740431#9
0000 000F 2000 0000 0000 0000#1626595490004513#-32.0#3.184544115650591#9
0000 001D 2000 0000 0000 0000#1626595490005815#-51.5#5.111223985234957#9
0000 0015 2000 0000 0000 0000#1626595490006879#-48.5#5.160311370447297#9
0000 0013 2000 0000 0000 0000#1626595490007930#-54.0#1.4542137869155878#9
0000 0012 2000 0000 0000 0000#1626595490009192#-48.0#1.9696313316451632#9
0000 001A 2000 0000 0000 0000#1626595490011563#-45.0#1.945087639038993#9
0000 001C 2000 0000 0000 0000#1626595490012691#-56.0#0.6258641614573416#9
0000 0014 2000 0000 0000 0000#1626595490014041#-56.0#0.34974761963792617#9
0000 0011 2000 0000 0000 0000#1626595490015126#-42.0#2.2886993355253766#9
0000 0017 2000 0000 0000 0000#1626595490021296#-27.5#3.2459033471660166#9
0000 001B 2000 0000 0000 0000#1626595490022318#-51.0#1.552388557340269#9
0000 0011 2000 0000 0000 0000#1626595490023621#-42.0#2.2518837966161214#9
0000 0016 2000 0000 0000 0000#1626595490024714#-31.5#4.295146206079795#9
0000 0018 2000 0000 0000 0000#1626595490025790#-35.0#2.9022916506796332#9
0000 0010 2000 0000 0000 0000#1626595490027474#-37.0#2.724349879284899#9
0000 0013 2000 0000 0000 0000#1626595490028573#-54.0#1.3069516312785663#9
0000 001A 2000 0000 0000 0000#1626595490029876#-45.0#1.8837284075235674#9
0000 001D 2000 0000 0000 0000#1626595490030936#-49.5#4.902602598082509#9
0000 0012 2000 0000 0000 0000#1626595490031982#-48.0#1.88986433067511#9
0000 001C 2000 0000 0000 0000#1626595490034261#-55.5#0.47860200582032003#9
0000 0019 2000 0000 0000 0000#1626595490035838#-41.5#2.454369260617026#9
0000 000F 2000 0000 0000 0000#1626595490037880#-32.5#3.129320807286708#9
0000 0014 2000 0000 0000 0000#1626595490040241#-55.5#0.23930100291016002#9
0000 0015 2000 0000 0000 0000#1626595490041677#-48.0#4.963961829597935#9
0000 0014 2000 0000 0000 0000#1626595490308567#-45.5#3.442252888015379#9
0000 001D 2000 0000 0000 0000#1626595490309660#-47.5#3.0802334220743677#9
0000 0015 2000 0000 0000 0000#1626595490310923#-58.5#3.902447124381071#9
0000 0017 2000 0000 0000 0000#1626595490312228#-29.0#2.3009711818284617#9
0000 001A 2000 0000 0000 0000#1626595490314241#-50.0#0.35588354278946877#9
0000 0013 2000 0000 0000 0000#1626595490316390#-52.5#4.994641445355648#9
0000 0010 2000 0000 0000 0000#1626595490318016#-38.5#1.7119225592803755#9
0000 001C 2000 0000 0000 0000#1626595490319117#-45.5#3.466796580621549#9
0000 0019 2000 0000 0000 0000#1626595490320434#-45.0#1.3437671701878218#9
0000 000F 2000 0000 0000 0000#1626595490321941#-34.0#2.1782527187976104#9
0000 0011 2000 0000 0000 0000#1626595490323002#-46.0#0.9878836273983529#9
0000 0018 2000 0000 0000 0000#1626595490324776#-37.0#1.902136176978195#9
0000 0016 2000 0000 0000 0000#1626595490325869#-33.5#3.485204350076177#9
0000 0012 2000 0000 0000 0000#1626595490327542#-52.5#0.05522330836388308#9
0000 001B 2000 0000 0000 0000#1626595490329660#-53.5#5.332117218690489#9
0000 000F 2000 0000 0000 0000#1626595490335359#-34.0#2.1537090261914402#9
0000 001C 2000 0000 0000 0000#1626595490336387#-45.5#3.380893656499953#9
0000 0019 2000 0000 0000 0000#1626595490337449#-45.5#1.3008157081270237#9
0000 001A 2000 0000 0000 0000#1626595490338522#-50.5#0.2270291566070749#9
0000 0016 2000 0000 0000 0000#1626595490339815#-33.5#3.454524734318464#9
0000 0017 2000 0000 0000 0000#1626595490340889#-29.5#2.227340104009951#9
0000 001D 2000 0000 0000 0000#1626595490343910#-49.0#3.055689729468197#9
0000 0018 2000 0000 0000 0000#1626595490345794#-36.5#1.8653206380689396#9
0000 001B 2000 0000 0000 0000#1626595490347116#-53.0#5.227806525114265#9
0000 0015 2000 0000 0000 0000#1626595490348421#-61.5#3.80427235395639#9
0000 0010 2000 0000 0000 0000#1626595490349511#-40.0#1.6444274046134073#9
0000 0014 2000 0000 0000 0000#1626595490350733#-45.5#3.2213596545598464#9
0000 0013 2000 0000 0000 0000#1626595490351800#-50.5#4.516039439535327#9
0000 0012 2000 0000 0000 0000#1626595490355029#-52.5#6.160466844148735#9
0000 0011 2000 0000 0000 0000#1626595490356430#-45.0#0.8651651643675016#9
0000 0014 2000 0000 0000 0000#1626595490622668#-57.0#3.11091303783208#9
0000 0018 2000 0000 0000 0000#1626595490623998#-41.5#1.368310862793992#9
0000 000F 2000 0000 0000 0000#1626595490625620#-37.0#1.7426021750380885#9
0000 0016 2000 0000 0000 0000#1626595490626911#-36.0#3.117048960983623#9
0000 0013 2000 0000 0000 0000#1626595490627967#-45.5#3.0495538063166547#9
0000 0011 2000 0000 0000 0000#1626595490629179#-47.5#5.822991070813893#9
0000 001A 2000 0000 0000 0000#1626595490630547#-46.5#4.295146206079795#9
0000 0010 2000 0000 0000 0000#1626595490631863#-44.5#1.000155473701438#9
0000 001B 2000 0000 0000 0000#1626595490632958#-43.5#2.988194574801229#9
0000 001C 2000 0000 0000 0000#1626595490634285#-52.0#3.2029518851052186#9
0000 0017 2000 0000 0000 0000#1626595490635390#-32.0#1.846912868614312#9
0000 0012 2000 0000 0000 0000#1626595490636493#-44.5#3.6324665057131984#9
0000 0019 2000 0000 0000 0000#1626595490639872#-51.5#0.11658253987930872#9
0000 0013 2000 0000 0000 0000#1626595490645204#-46.0#3.043417883165112#9
0000 001C 2000 0000 0000 0000#1626595490646972#-53.0#3.215223731408304#9
0000 000F 2000 0000 0000 0000#1626595490648910#-37.5#1.6751070203711202#9
0000 0014 2000 0000 0000 0000#1626595490649966#-58.0#3.043417883165112#9
0000 0019 2000 0000 0000 0000#1626595490651312#-52.0#0.05522330836388308#9
0000 0016 2000 0000 0000 0000#1626595490652378#-36.5#3.074097498922825#9
0000 001A 2000 0000 0000 0000#1626595490653488#-45.5#4.049709280018092#9
0000 0018 2000 0000 0000 0000#1626595490654621#-40.5#1.2701360923693108#9
0000 0010 2000 0000 0000 0000#1626595490655880#-45.5#0.9265243958829272#9
0000 001B 2000 0000 0000 0000#1626595490656971#-43.5#2.9513790358919736#9
0000 0011 2000 0000 0000 0000#1626595490658261#-49.5#5.620505606812989#9
0000 0017 2000 0000 0000 0000#1626595490660050#-32.5#1.7671458676442586#9
0000 0012 2000 0000 0000 0000#1626595490662605#-44.0#3.429981041712294#9
0000 0014 2000 0000 0000 0000#1626595490927092#-64.5#1.337631247036279#9
0000 0011 2000 0000 0000 0000#1626595490928651#-42.5#4.025165587411922#9
0000 0012 2000 0000 0000 0000#1626595490929766#-45.0#3.3747577333484107#9
0000 000F 2000 0000 0000 0000#1626595490931045#-43.0#1.552388557340269#9
0000 001A 2000 0000 0000 0000#1626595490932575#-43.0#3.3440781175906977#9
0000 0017 2000 0000 0000 0000#1626595490933610#-36.0#1.7671458676442586#9
0000 0019 2000 0000 0000 0000#1626595490935368#-46.0#4.601942363656923#9
0000 0015 2000 0000 0000 0000#1626595490936903#-57.5#1.6321555583103222#9
0000 001C 2000 0000 0000 0000#1626595490937974#-64.0#2.350058567040802#9
0000 0016 2000 0000 0000 0000#1626595490939069#-39.0#3.153864499892878#9
0000 001B 2000 0000 0000 0000#1626595490940831#-55.5#3.4606606574700063#9
0000 0013 2000 0000 0000 0000#1626595490942124#-59.0#3.1231848841351653#9
0000 0018 2000 0000 0000 0000#1626595490943241#-48.0#0.7424467013366504#9
0000 0010 2000 0000 0000 0000#1626595490945393#-47.5#6.037748381117884#9
0000 001C 2000 0000 0000 0000#1626595490953946#-64.0#2.1905245651006955#9
0000 0013 2000 0000 0000 0000#1626595490955498#-59.5#3.0802334220743677#9
0000 000F 2000 0000 0000 0000#1626595490957211#-43.5#1.4480778637640452#9
0000 0019 2000 0000 0000 0000#1626595490958731#-45.0#4.4362724385652745#9
0000 0018 2000 0000 0000 0000#1626595490960373#-46.5#0.6320000846088841#9
0000 0017 2000 0000 0000 0000#1626595490961948#-37.0#1.6996507129772904#9
0000 0011 2000 0000 0000 0000#1626595490963092#-41.5#3.9208548938356986#9
0000 001A 2000 0000 0000 0000#1626595490964423#-44.0#3.3379421944391554#9
0000 0016 2000 0000 0000 0000#1626595490965446#-39.5#3.08636934522591#9
0000 001B 2000 0000 0000 0000#1626595490967551#-56.5#3.356349963893783#9
0000 0012 2000 0000 0000 0000#1626595490969006#-48.5#3.399301425954581#9
0000 0010 2000 0000 0000 0000#1626595490970173#-47.0#5.841398840268521#9
0000 0015 2000 0000 0000 0000#1626595490971226#-58.5#1.607611865704152#9
0000 0014 2000 0000 0000 0000#1626595490972662#-64.0#0.7669903939428205#9
0000 0012 2000 0000 0000 0000#1626595491236027#-57.0#1.945087639038993#9
0000 0018 2000 0000 0000 0000#1626595491237099#-47.5#4.632621979414636#9
0000 001A 2000 0000 0000 0000#1626595491238159#-57.5#2.4727770300716534#9
0000 0011 2000 0000 0000 0000#1626595491239433#-50.0#3.08636934522591#9
0000 001C 2000 0000 0000 0000#1626595491240762#-64.5#4.724660826687775#9
0000 000F 2000 0000 0000 0000#1626595491244921#-48.5#5.810719224510809#9
0000 0010 2000 0000 0000 0000#1626595491246729#-46.0#3.8533597391687304#9
0000 0019 2000 0000 0000 0000#1626595491248544#-47.5#3.3318062712876126#9
0000 0016 2000 0000 0000 0000#1626595491251218#-44.0#2.1966604882522383#9
0000 001D 2000 0000 0000 0000#1626595491253150#-63.5#1.6812429435226628#9
0000 0015 2000 0000 0000 0000#1626595491255255#-62.0#0.0859029241215959#9
0000 0017 2000 0000 0000 0000#1626595491256567#-44.5#0.22089323345553233#9
0000 0013 2000 0000 0000 0000#1626595491257751#-60.0#5.957981380147831#9
0000 0014 2000 0000 0000 0000#1626595491260431#-61.0#3.8533597391687304#9
0000 001B 2000 0000 0000 0000#1626595491262079#-62.5#0.5154175447295755#9
0000 0012 2000 0000 0000 0000#1626595491267108#-57.0#1.5462526341887264#9
0000 0015 2000 0000 0000 0000#1626595491268175#-62.0#0.02454369260617026#9
0000 0016 2000 0000 0000 0000#1626595491269765#-44.5#2.12916533358527#9
0000 0017 2000 0000 0000 0000#1626595491271806#-44.5#0.1349903093339364#9
0000 0018 2000 0000 0000 0000#1626595491273223#-45.5#4.442408361716817#9
0000 0014 2000 0000 0000 0000#1626595491274519#-60.5#3.7981364308048478#9
0000 0019 2000 0000 0000 0000#1626595491275566#-48.5#3.2949907323783574#9
0000 0010 2000 0000 0000 0000#1626595491277965#-44.5#3.822680123411018#9
0000 000F 2000 0000 0000 0000#1626595491279059#-49.0#5.5714182216006485#9
0000 001D 2000 0000 0000 0000#1626595491282158#-63.5#1.5830681730979816#9
0000 001B 2000 0000 0000 0000#1626595491283225#-63.0#0.22089323345553233#9
0000 001A 2000 0000 0000 0000#1626595491285751#-59.0#2.1905245651006955#9
0000 001C 2000 0000 0000 0000#1626595491286809#-62.5#4.356505437595221#9
0000 0013 2000 0000 0000 0000#1626595491288917#-60.0#5.595961914206819#9
0000 0011 2000 0000 0000 0000#1626595491290073#-50.5#3.018874190558942#9
0000 0017 2000 0000 0000 0000#1626595491554680#-44.5#4.3074180523828804#9
0000 001B 2000 0000 0000 0000#1626595491556832#-60.5#3.6079228131070282#9
0000 0015 2000 0000 0000 0000#1626595491558808#-65.0#3.3502140407422405#9
0000 0018 2000 0000 0000 0000#1626595491560233#-48.5#3.411573272257666#9
0000 000F 2000 0000 0000 0000#1626595491561509#-48.0#3.902447124381071#9
0000 0016 2000 0000 0000 0000#1626595491562573#-50.5#0.380427235395639#9
0000 0012 2000 0000 0000 0000#1626595491563958#-57.5#4.4976316700806995#9
0000 0010 2000 0000 0000 0000#1626595491565128#-53.0#3.000466421104314#9
0000 0013 2000 0000 0000 0000#1626595491566435#-59.0#3.411573272257666#9
0000 0011 2000 0000 0000 0000#1626595491567469#-60.0#0.9265243958829272#9
0000 001C 2000 0000 0000 0000#1626595491568613#-63.0#2.5586799541932495#9
0000 0019 2000 0000 0000 0000#1626595491574001#-61.0#1.945087639038993#9
0000 0014 2000 0000 0000 0000#1626595491575064#-60.5#1.8530487917658545#9
0000 001B 2000 0000 0000 0000#1626595491579814#-60.0#3.6324665057131984#9
0000 0010 2000 0000 0000 0000#1626595491580871#-54.5#2.9391071895888885#9
0000 0012 2000 0000 0000 0000#1626595491583513#-58.5#4.331961744989051#9
0000 001C 2000 0000 0000 0000#1626595491584515#-63.5#2.60776733940559#9
0000 0011 2000 0000 0000 0000#1626595491585673#-59.5#0.760854470791278#9
0000 0017 2000 0000 0000 0000#1626595491586749#-44.5#4.184699589352029#9
0000 0013 2000 0000 0000 0000#1626595491588002#-59.0#3.2520392703175593#9
0000 0018 2000 0000 0000 0000#1626595491589061#-51.0#3.356349963893783#9
0000 0015 2000 0000 0000 0000#1626595491590100#-65.0#3.1661363461959633#9
0000 0016 2000 0000 0000 0000#1626595491591148#-51.0#0.17794177139473438#9
0000 000F 2000 0000 0000 0000#1626595491593478#-48.0#3.785864584501762#9
0000 0014 2000 0000 0000 0000#1626595491596771#-61.5#1.7241944055834606#9
0000 0019 2000 0000 0000 0000#1626595491597831#-61.5#1.846912868614312#9
0000 0010 2000 0000 0000 0000#1626595491862310#-60.5#1.1658253987930873#9
0000 0018 2000 0000 0000 0000#1626595491863994#-58.5#2.36846633649543#9
0000 0016 2000 0000 0000 0000#1626595491865287#-48.5#5.123495831538041#9
0000 0017 2000 0000 0000 0000#1626595491866391#-46.0#3.4606606574700063#9
0000 001A 2000 0000 0000 0000#1626595491867452#-57.5#3.018874190558942#9
0000 0014 2000 0000 0000 0000#1626595491868761#-62.5#0.19634954084936207#9
0000 000F 2000 0000 0000 0000#1626595491870107#-53.0#3.2213596545598464#9
0000 0012 2000 0000 0000 0000#1626595491871168#-55.5#2.834796496012665#9
0000 0015 2000 0000 0000 0000#1626595491872532#-61.5#2.000310947402876#9
0000 0011 2000 0000 0000 0000#1626595491874993#-57.5#4.049709280018092#9
0000 0019 2000 0000 0000 0000#1626595491878912#-64.5#4.902602598082509#9
0000 001B 2000 0000 0000 0000#1626595491880450#-59.0#2.2457478734645786#9
0000 0013 2000 0000 0000 0000#1626595491881502#-58.5#1.8530487917658545#9
0000 0011 2000 0000 0000 0000#1626595491887870#-57.0#4.061981126321178#9
0000 0016 2000 0000 0000 0000#1626595491889759#-49.0#5.062136600022616#9
0000 0015 2000 0000 0000 0000#1626595491890809#-61.5#2.012582793705961#9
0000 001B 2000 0000 0000 0000#1626595491891892#-58.5#2.184388641949153#9
0000 000F 2000 0000 0000 0000#1626595491892925#-53.5#3.153864499892878#9
0000 001A 2000 0000 0000 0000#1626595491894039#-55.0#2.8961557275280905#9
0000 0013 2000 0000 0000 0000#1626595491895124#-58.5#1.7794177139473437#9
0000 0019 2000 0000 0000 0000#1626595491896198#-64.0#4.749204519293945#9
0000 0017 2000 0000 0000 0000#1626595491897231#-46.0#3.3870295796514958#9
0000 0012 2000 0000 0000 0000#1626595491898793#-55.0#2.724349879284899#9
0000 0014 2000 0000 0000 0000#1626595491900591#-62.5#0.1227184630308513#9
0000 0018 2000 0000 0000 0000#1626595491902344#-57.0#2.043262409463674#9
0000 0010 2000 0000 0000 0000#1626595491903828#-60.0#0.705631162427395#9
0000 0019 2000 0000 0000 0000#1626595492172021#-58.5#3.736777199289422#9
0000 0012 2000 0000 0000 0000#1626595492173177#-53.0#1.8100973297050567#9
0000 001A 2000 0000 0000 0000#1626595492174266#-55.5#2.116893487282185#9
0000 0016 2000 0000 0000 0000#1626595492175330#-51.5#4.706253057233147#9
0000 0011 2000 0000 0000 0000#1626595492176470#-53.0#3.0127382674073995#9
0000 000F 2000 0000 0000 0000#1626595492177478#-58.0#1.945087639038993#9
0000 0018 2000 0000 0000 0000#1626595492178779#-60.0#6.270913460876501#9
0000 0010 2000 0000 0000 0000#1626595492179865#-58.0#5.092816215780329#9
0000 0013 2000 0000 0000 0000#1626595492181888#-59.5#0.3988350048502667#9
0000 0015 2000 0000 0000 0000#1626595492182981#-57.5#1.6137477888556946#9
0000 0014 2000 0000 0000 0000#1626595492184289#-62.5#4.614214209960009#9
0000 001B 2000 0000 0000 0000#1626595492186636#-59.5#1.1658253987930873#9
0000 0017 2000 0000 0000 0000#1626595492188937#-51.5#2.791845033951867#9
0000 001D 2000 0000 0000 0000#1626595492193290#-60.0#2.6261751088602177#9
0000 001D 2000 0000 0000 0000#1626595492197708#-59.5#2.564815877344792#9
0000 000F 2000 0000 0000 0000#1626595492199091#-58.0#1.7426021750380885#9
0000 0017 2000 0000 0000 0000#1626595492201460#-52.0#2.718213956133356#9
0000 0016 2000 0000 0000 0000#1626595492203857#-52.0#4.663301595172349#9
0000 001A 2000 0000 0000 0000#1626595492204932#-55.5#1.9266798695843652#9
0000 001B 2000 0000 0000 0000#1626595492205956#-60.0#1.0799224746714913#9
0000 0010 2000 0000 0000 0000#1626595492207295#-56.0#4.963961829597935#9
0000 0015 2000 0000 0000 0000#1626595492208373#-57.0#1.4848934026733007#9
0000 0012 2000 0000 0000 0000#1626595492209421#-55.5#1.6812429435226628#9
0000 0011 2000 0000 0000 0000#1626595492210625#-55.0#2.8409324191642074#9
0000 0018 2000 0000 0000 0000#1626595492211698#-60.0#5.994796919057086#9
0000 0013 2000 0000 0000 0000#1626595492212769#-60.0#0.25770877236478773#9
0000 0019 2000 0000 0000 0000#1626595492213887#-59.0#3.5588354278946874#9
0000 0014 2000 0000 0000 0000#1626595492215112#-62.5#4.479223900626073#9
