0000 000F 2000 0000 0000 0000#1626595552999004#-46.0#3.1906800388021335#9
0000 001D 2000 0000 0000 0000#1626595553000790#-48.5#2.4850488763747385#9
0000 0015 2000 0000 0000 0000#1626595553002709#-51.0#2.9268353432858034#9
0000 0019 2000 0000 0000 0000#1626595553004287#-45.5#4.289010282928253#9
0000 001C 2000 0000 0000 0000#1626595553005343#-49.0#1.662835174068035#9
0000 0012 2000 0000 0000 0000#1626595553007605#-49.5#5.792311455056181#9
0000 0018 2000 0000 0000 0000#1626595553008775#-44.5#3.5833791205008576#9
0000 0017 2000 0000 0000 0000#1626595553010095#-43.0#2.5954954931025047#9
0000 001B 2000 0000 0000 0000#1626595553011145#-50.0#0.42337869745643697#9
0000 0010 2000 0000 0000 0000#1626595553012674#-46.0#3.890175278077986#9
0000 0013 2000 0000 0000 0000#1626595553014054#-51.0#0.9019807032767571#9
0000 0014 2000 0000 0000 0000#1626595553015348#-49.0#2.0064468705544187#9
0000 001A 2000 0000 0000 0000#1626595553016447#-45.5#5.148039524144211#9
0000 0011 2000 0000 0000 0000#1626595553017574#-44.5#4.479223900626073#9
0000 0016 2000 0000 0000 0000#1626595553018682#-63.5#4.1417481272912315#9
0000 0016 2000 0000 0000 0000#1626595553025121#-63.5#4.1601558967458585#9
0000 001B 2000 0000 0000 0000#1626595553026682#-50.0#0.4111068511533518#9
0000 0011 2000 0000 0000 0000#1626595553028552#-46.0#4.466952054322987#9
0000 000F 2000 0000 0000 0000#1626595553029575#-46.0#3.2090878082567613#9
0000 001C 2000 0000 0000 0000#1626595553030901#-49.0#1.6751070203711202#9
0000 001D 2000 0000 0000 0000#1626595553031990#-48.5#2.4850488763747385#9
0000 001A 2000 0000 0000 0000#1626595553033050#-47.0#5.166447293598839#9
0000 0019 2000 0000 0000 0000#1626595553034141#-45.5#4.301282129231338#9
0000 0010 2000 0000 0000 0000#1626595553035216#-46.0#3.902447124381071#9
0000 0015 2000 0000 0000 0000#1626595553036323#-51.0#2.8961557275280905#9
0000 0017 2000 0000 0000 0000#1626595553038594#-43.5#2.5893595699509624#9
0000 0014 2000 0000 0000 0000#1626595553040016#-49.0#2.000310947402876#9
0000 0012 2000 0000 0000 0000#1626595553041276#-49.5#5.755495916146925#9
0000 0013 2000 0000 0000 0000#1626595553042285#-51.5#0.9203884727313847#9
0000 0018 2000 0000 0000 0000#1626595553043787#-46.0#3.6017868899554855#9
0000 0016 2000 0000 0000 0000#1626595553307938#-64.0#4.430136515413731#9
0000 001A 2000 0000 0000 0000#1626595553309140#-45.5#5.332117218690489#9
0000 000F 2000 0000 0000 0000#1626595553310189#-45.5#3.423845118560751#9
0000 0014 2000 0000 0000 0000#1626595553311254#-49.5#2.2089323345553233#9
0000 0010 2000 0000 0000 0000#1626595553312412#-43.5#4.09266074207889#9
0000 0011 2000 0000 0000 0000#1626595553313458#-46.5#4.681709364626977#9
0000 0017 2000 0000 0000 0000#1626595553315303#-43.0#2.816388726558037#9
0000 001B 2000 0000 0000 0000#1626595553318501#-50.0#0.5951845456996288#9
0000 0019 2000 0000 0000 0000#1626595553320531#-45.5#4.466952054322987#9
0000 0018 2000 0000 0000 0000#1626595553322062#-46.0#3.792000507653305#9
0000 0012 2000 0000 0000 0000#1626595553324288#-49.5#5.964117303299373#9
0000 001C 2000 0000 0000 0000#1626595553325344#-48.5#1.8530487917658545#9
0000 0015 2000 0000 0000 0000#1626595553329336#-51.0#3.160000423044421#9
0000 0013 2000 0000 0000 0000#1626595553330772#-51.0#1.1167380135807468#9
0000 001D 2000 0000 0000 0000#1626595553331889#-48.5#2.6813984172241008#9
0000 000F 2000 0000 0000 0000#1626595553345208#-46.0#2.8102528034064944#9
0000 001C 2000 0000 0000 0000#1626595553346464#-48.5#1.2701360923693108#9
0000 0019 2000 0000 0000 0000#1626595553348628#-46.5#3.9208548938356986#9
0000 0010 2000 0000 0000 0000#1626595553349662#-46.0#3.5158839658338894#9
0000 0017 2000 0000 0000 0000#1626595553350996#-44.0#2.2150682577068657#9
0000 001A 2000 0000 0000 0000#1626595553352148#-46.0#4.798291904506286#9
0000 0016 2000 0000 0000 0000#1626595553353712#-64.5#3.847223816017188#9
0000 0015 2000 0000 0000 0000#1626595553355053#-50.5#2.5157284921324514#9
0000 001D 2000 0000 0000 0000#1626595553356100#-48.5#2.1046216409791#9
0000 0012 2000 0000 0000 0000#1626595553357161#-50.0#5.368932757599744#9
0000 0013 2000 0000 0000 0000#1626595553358441#-51.5#0.5276893910326605#9
0000 0014 2000 0000 0000 0000#1626595553359546#-50.0#1.6444274046134073#9
0000 001B 2000 0000 0000 0000#1626595553362376#-50.5#0.04908738521234052#9
0000 0011 2000 0000 0000 0000#1626595553365154#-46.5#4.086524818927348#9
0000 0018 2000 0000 0000 0000#1626595553366228#-46.5#3.2213596545598464#9
0000 0014 2000 0000 0000 0000#1626595553628927#-48.5#2.0371264863121317#9
0000 0017 2000 0000 0000 0000#1626595553629916#-41.5#2.399145952253143#9
0000 001A 2000 0000 0000 0000#1626595553631020#-47.5#5.264622064023521#9
0000 0015 2000 0000 0000 0000#1626595553632840#-50.0#2.8777479580734626#9
0000 000F 2000 0000 0000 0000#1626595553633919#-44.5#2.945243112740431#9
0000 001B 2000 0000 0000 0000#1626595553635245#-49.5#0.6135923151542565#9
0000 0013 2000 0000 0000 0000#1626595553636311#-50.0#1.0983302441261191#9
0000 0016 2000 0000 0000 0000#1626595553637391#-57.0#3.6386024288647407#9
0000 0019 2000 0000 0000 0000#1626595553638706#-46.5#4.264466590322082#9
0000 0010 2000 0000 0000 0000#1626595553639979#-46.0#3.761320891895592#9
0000 0018 2000 0000 0000 0000#1626595553642477#-45.5#3.429981041712294#9
0000 0012 2000 0000 0000 0000#1626595553643979#-50.0#6.043884304269426#9
0000 0011 2000 0000 0000 0000#1626595553646616#-47.5#4.546719055293041#9
0000 001C 2000 0000 0000 0000#1626595553648298#-47.5#1.7916895602504288#9
0000 001D 2000 0000 0000 0000#1626595553650228#-47.5#2.5341362615870793#9
0000 0018 2000 0000 0000 0000#1626595553657398#-45.5#3.3870295796514958#9
0000 0019 2000 0000 0000 0000#1626595553658502#-46.5#4.295146206079795#9
0000 0013 2000 0000 0000 0000#1626595553659567#-50.0#1.184233168247715#9
0000 0012 2000 0000 0000 0000#1626595553661182#-50.5#6.117515382087937#9
0000 000F 2000 0000 0000 0000#1626595553662502#-44.0#2.9636508821950587#9
0000 001D 2000 0000 0000 0000#1626595553664075#-47.0#2.552544031041707#9
0000 0014 2000 0000 0000 0000#1626595553665355#-48.0#2.141437179888355#9
0000 001B 2000 0000 0000 0000#1626595553667159#-49.5#0.7669903939428205#9
0000 001C 2000 0000 0000 0000#1626595553668996#-47.0#1.8407769454627694#9
0000 0010 2000 0000 0000 0000#1626595553671310#-46.0#3.77972866135022#9
0000 0017 2000 0000 0000 0000#1626595553672440#-40.5#2.3623304133438876#9
0000 0011 2000 0000 0000 0000#1626595553673502#-48.0#4.657165672020807#9
0000 0016 2000 0000 0000 0000#1626595553674995#-53.5#3.454524734318464#9
0000 0015 2000 0000 0000 0000#1626595553681011#-49.5#3.031146036862027#9
0000 001A 2000 0000 0000 0000#1626595553682056#-48.0#5.559146375297564#9
0000 001C 2000 0000 0000 0000#1626595553953543#-43.5#3.2459033471660166#9
0000 0015 2000 0000 0000 0000#1626595553955319#-47.0#4.264466590322082#9
0000 000F 2000 0000 0000 0000#1626595553957224#-42.0#3.9085830475326135#9
0000 0019 2000 0000 0000 0000#1626595553958557#-48.5#0.006135923151542565#9
0000 001A 2000 0000 0000 0000#1626595553960393#-45.0#1.41126232485479#9
0000 0017 2000 0000 0000 0000#1626595553962846#-35.5#3.104777114680538#9
0000 0012 2000 0000 0000 0000#1626595553963919#-45.5#1.945087639038993#9
0000 0011 2000 0000 0000 0000#1626595553965232#-48.0#0.5767767762450011#9
0000 0016 2000 0000 0000 0000#1626595553966882#-42.0#3.6201946594101133#9
0000 0014 2000 0000 0000 0000#1626595553968827#-44.5#3.552699504743145#9
0000 001B 2000 0000 0000 0000#1626595553971097#-44.0#2.454369260617026#9
0000 0013 2000 0000 0000 0000#1626595553972791#-45.0#2.8102528034064944#9
0000 0010 2000 0000 0000 0000#1626595553976218#-45.0#5.301437602932776#9
0000 0018 2000 0000 0000 0000#1626595553977989#-44.0#4.657165672020807#9
0000 001D 2000 0000 0000 0000#1626595553979036#-44.5#3.9638063558964967#9
0000 0013 2000 0000 0000 0000#1626595553983216#-45.0#2.8838838812250054#9
0000 0014 2000 0000 0000 0000#1626595553984298#-44.0#3.6017868899554855#9
0000 0019 2000 0000 0000 0000#1626595553985345#-48.5#0.1902136176978195#9
0000 000F 2000 0000 0000 0000#1626595553987126#-41.5#3.9760782021995817#9
0000 0010 2000 0000 0000 0000#1626595553988993#-45.5#5.356660911296659#9
0000 001B 2000 0000 0000 0000#1626595553990570#-43.5#2.5034566458293663#9
0000 001A 2000 0000 0000 0000#1626595553992085#-45.0#1.5462526341887264#9
0000 001D 2000 0000 0000 0000#1626595553993901#-44.0#3.9944859716542096#9
0000 0018 2000 0000 0000 0000#1626595553994944#-45.5#4.724660826687775#9
0000 0016 2000 0000 0000 0000#1626595553997209#-41.0#3.6876898140770815#9
0000 001C 2000 0000 0000 0000#1626595553998265#-43.0#3.368621810196868#9
0000 0017 2000 0000 0000 0000#1626595553999341#-35.0#3.1968159619536762#9
0000 0012 2000 0000 0000 0000#1626595554003713#-44.5#2.073942025221387#9
0000 0015 2000 0000 0000 0000#1626595554005348#-46.5#4.374913207049849#9
0000 0011 2000 0000 0000 0000#1626595554006380#-48.0#0.8222137023067037#9
0000 0017 2000 0000 0000 0000#1626595554269332#-35.0#3.730641276137879#9
0000 001C 2000 0000 0000 0000#1626595554271356#-41.0#3.6447383520162835#9
0000 0015 2000 0000 0000 0000#1626595554272435#-46.0#4.466952054322987#9
0000 0018 2000 0000 0000 0000#1626595554273606#-45.0#5.638913376267617#9
0000 0019 2000 0000 0000 0000#1626595554274682#-46.0#1.3867186322486196#9
0000 0012 2000 0000 0000 0000#1626595554275829#-41.0#2.5586799541932495#9
0000 0010 2000 0000 0000 0000#1626595554277611#-47.5#0.30679615757712825#9
0000 0011 2000 0000 0000 0000#1626595554278753#-43.0#1.6996507129772904#9
0000 000F 2000 0000 0000 0000#1626595554279801#-42.5#4.755340442445488#9
0000 001B 2000 0000 0000 0000#1626595554281082#-41.5#2.9329712664373457#9
0000 001D 2000 0000 0000 0000#1626595554282239#-41.0#4.172427743048944#9
0000 0013 2000 0000 0000 0000#1626595554283564#-42.5#3.3011266555298997#9
0000 0016 2000 0000 0000 0000#1626595554284572#-39.5#4.037437433715008#9
0000 0014 2000 0000 0000 0000#1626595554286138#-43.0#3.9085830475326135#9
0000 001A 2000 0000 0000 0000#1626595554293055#-40.0#2.2457478734645786#9
0000 0011 2000 0000 0000 0000#1626595554298421#-44.0#1.7732817907958012#9
0000 0017 2000 0000 0000 0000#1626595554300041#-35.5#3.865631585471816#9
0000 0016 2000 0000 0000 0000#1626595554301321#-39.0#4.074252972624263#9
0000 0015 2000 0000 0000 0000#1626595554302356#-46.0#4.528311285838413#9
0000 0012 2000 0000 0000 0000#1626595554303432#-41.5#2.6384469551633027#9
0000 0014 2000 0000 0000 0000#1626595554304443#-42.5#3.9392626632903265#9
0000 001D 2000 0000 0000 0000#1626595554305702#-42.5#4.215379205109742#9
0000 0018 2000 0000 0000 0000#1626595554306993#-46.5#5.780039608753096#9
0000 0010 2000 0000 0000 0000#1626595554309045#-47.5#0.46019423636569234#9
0000 001B 2000 0000 0000 0000#1626595554310093#-41.5#3.018874190558942#9
0000 000F 2000 0000 0000 0000#1626595554311572#-42.5#4.896466674930966#9
0000 001A 2000 0000 0000 0000#1626595554312872#-41.5#2.3009711818284617#9
0000 0013 2000 0000 0000 0000#1626595554314199#-42.0#3.380893656499953#9
0000 001C 2000 0000 0000 0000#1626595554315284#-41.0#3.736777199289422#9
0000 0019 2000 0000 0000 0000#1626595554316958#-46.0#1.5707963267948966#9
0000 0019 2000 0000 0000 0000#1626595554581326#-42.5#2.012582793705961#9
0000 0013 2000 0000 0000 0000#1626595554583256#-41.0#3.5342917352885173#9
0000 000F 2000 0000 0000 0000#1626595554584319#-42.0#5.743224069843841#9
0000 0016 2000 0000 0000 0000#1626595554585625#-40.0#4.681709364626977#9
0000 001C 2000 0000 0000 0000#1626595554586751#-40.5#3.8533597391687304#9
0000 001D 2000 0000 0000 0000#1626595554588057#-41.5#4.221515128261284#9
0000 0017 2000 0000 0000 0000#1626595554589318#-36.0#4.6878452877785195#9
0000 0010 2000 0000 0000 0000#1626595554590409#-44.5#1.2578642460662257#9
0000 001B 2000 0000 0000 0000#1626595554591474#-40.0#3.2397674240144743#9
0000 0014 2000 0000 0000 0000#1626595554593065#-41.5#4.04357335686655#9
0000 0015 2000 0000 0000 0000#1626595554595389#-45.5#4.522175362686871#9
0000 001A 2000 0000 0000 0000#1626595554596695#-39.0#2.5709518004963345#9
0000 0012 2000 0000 0000 0000#1626595554598182#-40.0#2.9145634969827183#9
0000 0011 2000 0000 0000 0000#1626595554599257#-41.0#2.1905245651006955#9
0000 0018 2000 0000 0000 0000#1626595554600461#-45.0#0.5399612373357456#9
0000 0012 2000 0000 0000 0000#1626595554603995#-40.0#2.9206994201342606#9
0000 0019 2000 0000 0000 0000#1626595554605114#-42.5#2.073942025221387#9
0000 001D 2000 0000 0000 0000#1626595554606644#-41.5#4.25833066717054#9
0000 001C 2000 0000 0000 0000#1626595554607901#-40.5#3.902447124381071#9
0000 0016 2000 0000 0000 0000#1626595554609480#-39.5#4.773748211900116#9
0000 0010 2000 0000 0000 0000#1626595554611237#-44.5#1.3192234775816514#9
0000 0018 2000 0000 0000 0000#1626595554612817#-45.0#0.5645049299419159#9
0000 0015 2000 0000 0000 0000#1626595554615334#-45.0#4.583534594202296#9
0000 001B 2000 0000 0000 0000#1626595554616655#-40.0#3.2765829629237295#9
0000 001A 2000 0000 0000 0000#1626595554617943#-38.5#2.6139032625571326#9
0000 0017 2000 0000 0000 0000#1626595554619503#-35.5#4.822835597112456#9
0000 000F 2000 0000 0000 0000#1626595554620583#-42.0#5.915029918087033#9
0000 0011 2000 0000 0000 0000#1626595554622524#-41.0#2.2580197197676637#9
0000 0013 2000 0000 0000 0000#1626595554624462#-41.0#3.6263305825616556#9
0000 0014 2000 0000 0000 0000#1626595554626778#-41.0#4.111068511533518#9
0000 0013 2000 0000 0000 0000#1626595554889769#-39.0#4.252194744018997#9
0000 001B 2000 0000 0000 0000#1626595554890819#-38.5#3.9760782021995817#9
0000 000F 2000 0000 0000 0000#1626595554892337#-40.0#0.9142525495798421#9
0000 0019 2000 0000 0000 0000#1626595554894172#-40.0#2.8838838812250054#9
0000 0016 2000 0000 0000 0000#1626595554895219#-39.0#6.074563920027139#9
0000 0018 2000 0000 0000 0000#1626595554897206#-41.5#1.7303303287350031#9
0000 0011 2000 0000 0000 0000#1626595554898540#-39.0#3.043417883165112#9
0000 0017 2000 0000 0000 0000#1626595554900336#-34.0#6.191146459906448#9
0000 0012 2000 0000 0000 0000#1626595554901356#-38.0#3.724505352986337#9
0000 001A 2000 0000 0000 0000#1626595554902434#-37.0#3.393165502803038#9
0000 0014 2000 0000 0000 0000#1626595554903457#-40.0#4.651029748869264#9
0000 0010 2000 0000 0000 0000#1626595554904559#-41.5#2.2948352586769194#9
0000 001D 2000 0000 0000 0000#1626595554908509#-41.0#4.767612288748572#9
0000 0015 2000 0000 0000 0000#1626595554910899#-44.0#4.9823695990525625#9
0000 001C 2000 0000 0000 0000#1626595554911977#-38.5#4.503767593232243#9
0000 001D 2000 0000 0000 0000#1626595554916255#-39.5#4.779884135051658#9
0000 001B 2000 0000 0000 0000#1626595554917352#-38.0#4.01902966426038#9
0000 0017 2000 0000 0000 0000#1626595554918457#-34.0#6.240233845118788#9
0000 0015 2000 0000 0000 0000#1626595554919736#-44.0#4.97623367590102#9
0000 0016 2000 0000 0000 0000#1626595554921553#-39.5#6.178874613603362#9
0000 000F 2000 0000 0000 0000#1626595554923301#-39.0#1.000155473701438#9
0000 0011 2000 0000 0000 0000#1626595554924656#-37.5#3.067961575771282#9
0000 0013 2000 0000 0000 0000#1626595554927713#-39.0#4.301282129231338#9
0000 001A 2000 0000 0000 0000#1626595554930483#-37.0#3.442252888015379#9
0000 0012 2000 0000 0000 0000#1626595554932215#-38.0#3.767456815047135#9
0000 0014 2000 0000 0000 0000#1626595554934355#-40.0#4.675573441475434#9
0000 001C 2000 0000 0000 0000#1626595554936115#-38.5#4.528311285838413#9
0000 0018 2000 0000 0000 0000#1626595554937471#-39.5#1.8100973297050567#9
0000 0019 2000 0000 0000 0000#1626595554938593#-40.0#2.9636508821950587#9
0000 0010 2000 0000 0000 0000#1626595554939747#-39.5#2.36846633649543#9
0000 000F 2000 0000 0000 0000#1626595555204092#-36.0#2.356194490192345#9
0000 001D 2000 0000 0000 0000#1626595555205410#-40.5#5.50392306693368#9
0000 0018 2000 0000 0000 0000#1626595555206781#-37.0#2.9759227284981438#9
0000 0012 2000 0000 0000 0000#1626595555207828#-36.5#4.816699673960914#9
0000 001A 2000 0000 0000 0000#1626595555209317#-35.5#4.503767593232243#9
0000 0019 2000 0000 0000 0000#1626595555211090#-37.5#4.061981126321178#9
0000 0015 2000 0000 0000 0000#1626595555212656#-44.0#5.638913376267617#9
0000 001B 2000 0000 0000 0000#1626595555215177#-36.5#5.031456984264903#9
0000 0010 2000 0000 0000 0000#1626595555216965#-37.5#3.472932503773092#9
0000 0013 2000 0000 0000 0000#1626595555218532#-38.0#5.252350217720435#9
0000 0017 2000 0000 0000 0000#1626595555219553#-30.5#1.6137477888556946#9
0000 0011 2000 0000 0000 0000#1626595555221207#-36.5#4.190835512503572#9
0000 0016 2000 0000 0000 0000#1626595555224973#-36.5#1.6260196351587797#9
0000 001C 2000 0000 0000 0000#1626595555226389#-37.5#5.405748296509#9
0000 0014 2000 0000 0000 0000#1626595555227456#-39.0#5.4671075280244255#9
0000 0012 2000 0000 0000 0000#1626595555231585#-36.5#4.847379289718626#9
0000 0014 2000 0000 0000 0000#1626595555232897#-39.0#5.473243451175968#9
0000 001A 2000 0000 0000 0000#1626595555234229#-35.5#4.534447208989955#9
0000 0017 2000 0000 0000 0000#1626595555236024#-30.0#1.6566992509164924#9
0000 0015 2000 0000 0000 0000#1626595555237103#-44.0#5.6573211457222445#9
0000 001C 2000 0000 0000 0000#1626595555238944#-37.5#5.411884219660542#9
0000 0019 2000 0000 0000 0000#1626595555240449#-37.5#4.111068511533518#9
0000 0010 2000 0000 0000 0000#1626595555242236#-37.5#3.509748042682347#9
0000 000F 2000 0000 0000 0000#1626595555244279#-35.5#2.442097414313941#9
0000 001B 2000 0000 0000 0000#1626595555246930#-36.0#5.0682725231741586#9
0000 0018 2000 0000 0000 0000#1626595555248233#-38.0#3.074097498922825#9
0000 001D 2000 0000 0000 0000#1626595555249822#-40.5#5.516194913236766#9
0000 0011 2000 0000 0000 0000#1626595555251167#-36.0#4.23378697456437#9
0000 0016 2000 0000 0000 0000#1626595555252476#-36.0#1.736466251886546#9
0000 0013 2000 0000 0000 0000#1626595555254312#-38.0#5.2768939103266055#9
0000 0012 2000 0000 0000 0000#1626595555523033#-36.5#4.7860200582032#9
0000 0010 2000 0000 0000 0000#1626595555524561#-36.0#3.5342917352885173#9
0000 001B 2000 0000 0000 0000#1626595555526135#-36.5#4.9394181369917645#9
0000 0018 2000 0000 0000 0000#1626595555527181#-36.0#3.141592653589793#9
0000 001A 2000 0000 0000 0000#1626595555530065#-34.0#4.516039439535327#9
0000 0011 2000 0000 0000 0000#1626595555531167#-34.5#4.196971435655114#9
0000 0016 2000 0000 0000 0000#1626595555535440#-34.5#2.1966604882522383#9
0000 0017 2000 0000 0000 0000#1626595555536852#-26.5#2.0371264863121317#9
0000 0014 2000 0000 0000 0000#1626595555537908#-39.0#5.221670601962723#9
0000 001C 2000 0000 0000 0000#1626595555539262#-37.5#5.203262832508095#9
0000 0019 2000 0000 0000 0000#1626595555540270#-36.5#4.123340357836604#9
0000 000F 2000 0000 0000 0000#1626595555541754#-32.5#2.6813984172241008#9
0000 0015 2000 0000 0000 0000#1626595555542820#-45.0#5.240078371417351#9
0000 001D 2000 0000 0000 0000#1626595555543883#-40.5#5.166447293598839#9
0000 0013 2000 0000 0000 0000#1626595555546141#-38.0#5.148039524144211#9
0000 0017 2000 0000 0000 0000#1626595555551818#-28.0#2.086213871524472#9
0000 0011 2000 0000 0000 0000#1626595555552958#-34.5#4.227651051412827#9
0000 001D 2000 0000 0000 0000#1626595555554278#-40.5#5.1725832167503825#9
0000 001C 2000 0000 0000 0000#1626595555555605#-37.5#5.197126909356553#9
0000 000F 2000 0000 0000 0000#1626595555557117#-32.5#2.718213956133356#9
0000 0010 2000 0000 0000 0000#1626595555558582#-34.5#3.5895150436524004#9
0000 001B 2000 0000 0000 0000#1626595555560162#-36.5#4.963961829597935#9
0000 0014 2000 0000 0000 0000#1626595555562204#-39.5#5.240078371417351#9
0000 0016 2000 0000 0000 0000#1626595555563484#-34.5#2.2886993355253766#9
0000 0015 2000 0000 0000 0000#1626595555564563#-45.0#5.227806525114265#9
0000 001A 2000 0000 0000 0000#1626595555566136#-35.5#4.558990901596125#9
0000 0018 2000 0000 0000 0000#1626595555567922#-35.5#3.2213596545598464#9
0000 0013 2000 0000 0000 0000#1626595555571179#-38.0#5.160311370447297#9
0000 0012 2000 0000 0000 0000#1626595555572241#-36.5#4.853515212870168#9
0000 0019 2000 0000 0000 0000#1626595555574556#-36.5#4.154019973594316#9
0000 0015 2000 0000 0000 0000#1626595555840043#-47.5#4.663301595172349#9
0000 0018 2000 0000 0000 0000#1626595555841427#-33.5#3.2643111166206444#9
0000 0017 2000 0000 0000 0000#1626595555842571#-25.5#2.405281875404685#9
0000 0013 2000 0000 0000 0000#1626595555843539#-39.5#4.914874444385594#9
0000 0016 2000 0000 0000 0000#1626595555846751#-32.5#2.718213956133356#9
0000 000F 2000 0000 0000 0000#1626595555847859#-31.5#2.8961557275280905#9
0000 0012 2000 0000 0000 0000#1626595555848950#-38.0#4.6878452877785195#9
0000 0014 2000 0000 0000 0000#1626595555850029#-41.5#4.853515212870168#9
0000 0010 2000 0000 0000 0000#1626595555851437#-35.5#3.5956509668039427#9
0000 0019 2000 0000 0000 0000#1626595555852684#-37.0#4.104932588381976#9
0000 001B 2000 0000 0000 0000#1626595555853735#-38.5#4.718524903536232#9
0000 001D 2000 0000 0000 0000#1626595555855909#-43.5#4.681709364626977#9
0000 0011 2000 0000 0000 0000#1626595555857092#-35.0#4.172427743048944#9
0000 001C 2000 0000 0000 0000#1626595555858195#-39.5#4.871922982324796#9
0000 001A 2000 0000 0000 0000#1626595555859258#-36.0#4.424000592262189#9
0000 0017 2000 0000 0000 0000#1626595555863833#-26.5#2.454369260617026#9
0000 0013 2000 0000 0000 0000#1626595555865188#-40.0#4.914874444385594#9
0000 000F 2000 0000 0000 0000#1626595555866780#-31.5#2.9206994201342606#9
0000 001D 2000 0000 0000 0000#1626595555868097#-43.5#4.651029748869264#9
0000 0010 2000 0000 0000 0000#1626595555869387#-35.5#3.6140587362585705#9
0000 001B 2000 0000 0000 0000#1626595555871448#-38.5#4.718524903536232#9
0000 001A 2000 0000 0000 0000#1626595555872978#-36.0#4.424000592262189#9
0000 0015 2000 0000 0000 0000#1626595555874056#-48.0#4.601942363656923#9
0000 0016 2000 0000 0000 0000#1626595555875370#-32.5#2.7979809571034093#9
0000 001C 2000 0000 0000 0000#1626595555877911#-40.0#4.859651136021712#9
0000 0012 2000 0000 0000 0000#1626595555879888#-38.0#4.675573441475434#9
0000 0019 2000 0000 0000 0000#1626595555881763#-37.0#4.123340357836604#9
0000 0011 2000 0000 0000 0000#1626595555883366#-36.0#4.190835512503572#9
0000 0018 2000 0000 0000 0000#1626595555885139#-34.5#3.32567034813607#9
0000 0014 2000 0000 0000 0000#1626595555886317#-41.5#4.8351074434155406#9
0000 001D 2000 0000 0000 0000#1626595556149949#-45.0#4.405592822807561#9
0000 001B 2000 0000 0000 0000#1626595556151283#-40.5#4.749204519293945#9
0000 0017 2000 0000 0000 0000#1626595556152818#-27.0#3.2581751934691017#9
0000 0016 2000 0000 0000 0000#1626595556155392#-32.5#3.7122335066832517#9
0000 0015 2000 0000 0000 0000#1626595556157232#-49.0#4.344233591292136#9
0000 0010 2000 0000 0000 0000#1626595556158602#-34.0#4.1172044346850605#9
0000 0019 2000 0000 0000 0000#1626595556159693#-37.5#4.466952054322987#9
0000 000F 2000 0000 0000 0000#1626595556160700#-31.5#3.650874275167826#9
0000 0018 2000 0000 0000 0000#1626595556162069#-33.5#3.890175278077986#9
0000 0013 2000 0000 0000 0000#1626595556164329#-42.0#4.890330751779424#9
0000 0011 2000 0000 0000 0000#1626595556165457#-36.0#4.454680208019902#9
0000 0012 2000 0000 0000 0000#1626595556167810#-39.5#4.773748211900116#9
0000 0014 2000 0000 0000 0000#1626595556168907#-44.0#4.6878452877785195#9
0000 001A 2000 0000 0000 0000#1626595556170194#-38.0#4.546719055293041#9
0000 001C 2000 0000 0000 0000#1626595556171410#-42.0#4.749204519293945#9
0000 0016 2000 0000 0000 0000#1626595556176120#-32.5#3.77972866135022#9
0000 001D 2000 0000 0000 0000#1626595556177154#-45.0#4.362641360746763#9
0000 0019 2000 0000 0000 0000#1626595556178203#-37.5#4.466952054322987#9
0000 0014 2000 0000 0000 0000#1626595556180609#-44.0#4.663301595172349#9
0000 0017 2000 0000 0000 0000#1626595556181901#-26.5#3.2949907323783574#9
0000 001B 2000 0000 0000 0000#1626595556183193#-40.5#4.71238898038469#9
0000 0013 2000 0000 0000 0000#1626595556184987#-42.0#4.853515212870168#9
0000 0010 2000 0000 0000 0000#1626595556187477#-35.5#4.104932588381976#9
0000 001A 2000 0000 0000 0000#1626595556188665#-38.5#4.546719055293041#9
0000 0012 2000 0000 0000 0000#1626595556189753#-40.0#4.749204519293945#9
0000 0011 2000 0000 0000 0000#1626595556192018#-37.5#4.424000592262189#9
0000 0018 2000 0000 0000 0000#1626595556193223#-34.5#3.9208548938356986#9
0000 0015 2000 0000 0000 0000#1626595556194287#-49.0#4.239922897715912#9
0000 000F 2000 0000 0000 0000#1626595556195349#-31.5#3.6999616603801666#9
0000 001C 2000 0000 0000 0000#1626595556197051#-43.0#4.700117134081604#9
0000 0013 2000 0000 0000 0000#1626595556460071#-43.0#4.902602598082509#9
0000 001B 2000 0000 0000 0000#1626595556461676#-41.5#4.792155981354743#9
0000 0017 2000 0000 0000 0000#1626595556463889#-26.0#4.184699589352029#9
0000 001A 2000 0000 0000 0000#1626595556465029#-37.5#4.71238898038469#9
0000 0011 2000 0000 0000 0000#1626595556466079#-37.5#4.718524903536232#9
0000 0016 2000 0000 0000 0000#1626595556467115#-32.0#4.779884135051658#9
0000 0018 2000 0000 0000 0000#1626595556468403#-33.5#4.546719055293041#9
0000 0019 2000 0000 0000 0000#1626595556471213#-37.5#4.8351074434155406#9
0000 0012 2000 0000 0000 0000#1626595556472304#-40.5#4.853515212870168#9
0000 0015 2000 0000 0000 0000#1626595556473526#-50.0#4.338097668140593#9
0000 001C 2000 0000 0000 0000#1626595556475096#-43.5#4.724660826687775#9
0000 0010 2000 0000 0000 0000#1626595556476225#-33.5#4.651029748869264#9
0000 000F 2000 0000 0000 0000#1626595556477276#-31.0#4.460816131171445#9
0000 001D 2000 0000 0000 0000#1626595556478978#-46.5#4.344233591292136#9
0000 0014 2000 0000 0000 0000#1626595556480589#-45.0#4.657165672020807#9
0000 0010 2000 0000 0000 0000#1626595556485385#-33.5#4.651029748869264#9
0000 0012 2000 0000 0000 0000#1626595556486927#-41.0#4.816699673960914#9
0000 0011 2000 0000 0000 0000#1626595556488043#-36.5#4.675573441475434#9
0000 001A 2000 0000 0000 0000#1626595556489650#-39.0#4.669437518323892#9
0000 001B 2000 0000 0000 0000#1626595556491728#-41.5#4.743068596142402#9
0000 0015 2000 0000 0000 0000#1626595556493745#-50.0#4.313553975534423#9
0000 001D 2000 0000 0000 0000#1626595556495062#-46.5#4.313553975534423#9
0000 0014 2000 0000 0000 0000#1626595556496586#-45.0#4.6448938257177215#9
0000 0017 2000 0000 0000 0000#1626595556497756#-24.5#4.221515128261284#9
0000 001C 2000 0000 0000 0000#1626595556498828#-43.5#4.6878452877785195#9
0000 0013 2000 0000 0000 0000#1626595556500877#-43.5#4.828971520263998#9
0000 0019 2000 0000 0000 0000#1626595556502168#-38.0#4.779884135051658#9
0000 000F 2000 0000 0000 0000#1626595556505455#-30.5#4.466952054322987#9
0000 0018 2000 0000 0000 0000#1626595556506955#-32.0#4.546719055293041#9
0000 0016 2000 0000 0000 0000#1626595556508019#-32.0#4.816699673960914#9
0000 0016 2000 0000 0000 0000#1626595556773107#-32.0#4.669437518323892#9
0000 0017 2000 0000 0000 0000#1626595556774639#-27.0#3.933126740138784#9
0000 001B 2000 0000 0000 0000#1626595556776594#-42.5#3.859495662320273#9
0000 001A 2000 0000 0000 0000#1626595556779912#-39.5#3.736777199289422#9
0000 0019 2000 0000 0000 0000#1626595556781018#-38.0#4.01902966426038#9
0000 0011 2000 0000 0000 0000#1626595556782033#-37.5#3.8533597391687304#9
0000 0014 2000 0000 0000 0000#1626595556783580#-47.0#3.718369429834794#9
0000 0012 2000 0000 0000 0000#1626595556784741#-41.5#3.9085830475326135#9
0000 001C 2000 0000 0000 0000#1626595556786740#-45.5#3.810408277107933#9
0000 0013 2000 0000 0000 0000#1626595556787780#-45.0#3.9453985864418692#9
0000 0015 2000 0000 0000 0000#1626595556789083#-53.5#3.32567034813607#9
0000 000F 2000 0000 0000 0000#1626595556790135#-31.0#4.061981126321178#9
0000 0018 2000 0000 0000 0000#1626595556791803#-32.0#4.025165587411922#9
0000 0010 2000 0000 0000 0000#1626595556792994#-35.0#4.000621894805752#9
0000 001D 2000 0000 0000 0000#1626595556794553#-49.5#3.356349963893783#9
0000 0019 2000 0000 0000 0000#1626595556798729#-38.0#3.988350048502667#9
0000 0016 2000 0000 0000 0000#1626595556799795#-32.0#4.700117134081604#9
0000 001D 2000 0000 0000 0000#1626595556801125#-50.0#3.3440781175906977#9
0000 0014 2000 0000 0000 0000#1626595556802401#-47.5#3.693825737228624#9
0000 0010 2000 0000 0000 0000#1626595556803559#-33.5#4.0128937411088375#9
0000 0017 2000 0000 0000 0000#1626595556804592#-27.0#3.9269908169872414#9
0000 001A 2000 0000 0000 0000#1626595556805653#-39.5#3.6876898140770815#9
0000 0018 2000 0000 0000 0000#1626595556807964#-33.0#4.0128937411088375#9
0000 0012 2000 0000 0000 0000#1626595556809255#-41.5#3.8533597391687304#9
0000 0015 2000 0000 0000 0000#1626595556810533#-54.5#3.2581751934691017#9
0000 0013 2000 0000 0000 0000#1626595556812555#-45.5#3.902447124381071#9
0000 000F 2000 0000 0000 0000#1626595556814586#-31.0#4.0558452031696355#9
0000 001C 2000 0000 0000 0000#1626595556815684#-45.5#3.736777199289422#9
0000 0011 2000 0000 0000 0000#1626595556816702#-38.0#3.773592738198677#9
0000 001B 2000 0000 0000 0000#1626595556818110#-42.5#3.7551849687440497#9
0000 001D 2000 0000 0000 0000#1626595557092678#-54.5#1.8960002538266525#9
0000 0018 2000 0000 0000 0000#1626595557093739#-33.5#3.3011266555298997#9
0000 000F 2000 0000 0000 0000#1626595557094832#-31.0#3.411573272257666#9
0000 0013 2000 0000 0000 0000#1626595557096410#-48.0#2.748893571891069#9
0000 0011 2000 0000 0000 0000#1626595557097796#-37.0#2.8286605728611223#9
0000 0010 2000 0000 0000 0000#1626595557100743#-35.0#3.1784081924990484#9
0000 0015 2000 0000 0000 0000#1626595557102063#-60.0#1.6137477888556946#9
0000 0012 2000 0000 0000 0000#1626595557103367#-42.5#2.779573187648782#9
0000 001C 2000 0000 0000 0000#1626595557104407#-49.5#2.509592568980909#9
0000 0017 2000 0000 0000 0000#1626595557105438#-26.5#3.3624858870453256#9
0000 001A 2000 0000 0000 0000#1626595557106501#-40.5#2.6323110320117604#9
0000 0016 2000 0000 0000 0000#1626595557107578#-31.5#4.313553975534423#9
0000 0019 2000 0000 0000 0000#1626595557109129#-38.5#2.988194574801229#9
0000 0014 2000 0000 0000 0000#1626595557111203#-52.0#2.3746022596469727#9
0000 001B 2000 0000 0000 0000#1626595557114668#-45.0#2.6568547246179306#9
0000 0018 2000 0000 0000 0000#1626595557120945#-33.5#3.2704470397721868#9
0000 0015 2000 0000 0000 0000#1626595557123293#-59.5#1.4173982480063325#9
0000 0016 2000 0000 0000 0000#1626595557124357#-31.5#4.325825821837508#9
0000 0011 2000 0000 0000 0000#1626595557125444#-38.0#2.7857091108003242#9
0000 0010 2000 0000 0000 0000#1626595557126545#-34.0#3.117048960983623#9
0000 000F 2000 0000 0000 0000#1626595557128308#-31.0#3.3870295796514958#9
0000 0017 2000 0000 0000 0000#1626595557129412#-26.5#3.3379421944391554#9
0000 0013 2000 0000 0000 0000#1626595557131239#-48.0#2.6445828783148455#9
0000 0014 2000 0000 0000 0000#1626595557132293#-52.0#2.2518837966161214#9
0000 001A 2000 0000 0000 0000#1626595557133480#-40.5#2.564815877344792#9
0000 001B 2000 0000 0000 0000#1626595557134530#-45.0#2.5954954931025047#9
0000 001C 2000 0000 0000 0000#1626595557135829#-50.0#2.380738182798515#9
0000 0019 2000 0000 0000 0000#1626595557137134#-38.0#2.9329712664373457#9
0000 0012 2000 0000 0000 0000#1626595557138795#-43.0#2.6998061866787286#9
0000 001D 2000 0000 0000 0000#1626595557139826#-55.5#1.6812429435226628#9
0000 0015 2000 0000 0000 0000#1626595557403939#-53.0#5.626641529964532#9
0000 0012 2000 0000 0000 0000#1626595557404989#-45.0#2.1353012567368124#9
0000 001D 2000 0000 0000 0000#1626595557409290#-58.0#6.209554229361076#9
0000 0011 2000 0000 0000 0000#1626595557410480#-39.5#2.3623304133438876#9
0000 0019 2000 0000 0000 0000#1626595557411544#-39.0#2.5770877236478773#9
0000 0010 2000 0000 0000 0000#1626595557412743#-33.5#2.791845033951867#9
0000 001A 2000 0000 0000 0000#1626595557413792#-42.0#2.0371264863121317#9
0000 0017 2000 0000 0000 0000#1626595557414881#-27.0#3.2213596545598464#9
0000 0018 2000 0000 0000 0000#1626595557415928#-34.0#2.9575149590435164#9
0000 000F 2000 0000 0000 0000#1626595557416976#-31.5#3.184544115650591#9
0000 0016 2000 0000 0000 0000#1626595557418356#-31.5#4.289010282928253#9
0000 0014 2000 0000 0000 0000#1626595557420576#-55.5#0.9019807032767571#9
0000 001B 2000 0000 0000 0000#1626595557422026#-48.0#1.8346410223112268#9
0000 0013 2000 0000 0000 0000#1626595557424079#-51.5#1.6996507129772904#9
0000 001C 2000 0000 0000 0000#1626595557425507#-54.0#1.1167380135807468#9
0000 0010 2000 0000 0000 0000#1626595557436493#-33.0#3.5711072741977725#9
0000 0012 2000 0000 0000 0000#1626595557438066#-45.0#2.791845033951867#9
0000 0013 2000 0000 0000 0000#1626595557439376#-51.5#2.356194490192345#9
0000 0017 2000 0000 0000 0000#1626595557440721#-26.0#4.0128937411088375#9
0000 001C 2000 0000 0000 0000#1626595557442320#-53.0#1.8285050991596843#9
0000 0014 2000 0000 0000 0000#1626595557443627#-54.5#1.4787574795217582#9
0000 0019 2000 0000 0000 0000#1626595557445940#-38.5#3.3011266555298997#9
0000 0011 2000 0000 0000 0000#1626595557447289#-39.0#3.074097498922825#9
0000 0016 2000 0000 0000 0000#1626595557448652#-31.0#5.013049214810275#9
0000 001A 2000 0000 0000 0000#1626595557449980#-42.0#2.705942109830271#9
0000 001D 2000 0000 0000 0000#1626595557451044#-55.0#0.20248546400090464#9
0000 001B 2000 0000 0000 0000#1626595557452363#-48.5#2.448233337465483#9
0000 0015 2000 0000 0000 0000#1626595557453412#-48.5#5.9088939949354895#9
0000 0018 2000 0000 0000 0000#1626595557456238#-32.0#3.6999616603801666#9
0000 000F 2000 0000 0000 0000#1626595557458355#-31.5#3.9453985864418692#9
0000 0015 2000 0000 0000 0000#1626595557725983#-49.0#4.405592822807561#9
0000 0019 2000 0000 0000 0000#1626595557727059#-41.0#2.3746022596469727#9
0000 0013 2000 0000 0000 0000#1626595557728154#-53.5#0.44178646691106466#9
0000 0017 2000 0000 0000 0000#1626595557729721#-27.5#3.3011266555298997#9
0000 000F 2000 0000 0000 0000#1626595557730774#-32.5#3.227495577711389#9
0000 0010 2000 0000 0000 0000#1626595557731845#-36.5#2.6875343403756435#9
0000 0018 2000 0000 0000 0000#1626595557733273#-34.0#2.9145634969827183#9
0000 0016 2000 0000 0000 0000#1626595557734637#-32.5#4.479223900626073#9
0000 001D 2000 0000 0000 0000#1626595557735728#-44.5#4.123340357836604#9
0000 0011 2000 0000 0000 0000#1626595557736933#-41.0#2.055534255766759#9
0000 001B 2000 0000 0000 0000#1626595557738213#-52.5#0.8283496254582462#9
0000 001A 2000 0000 0000 0000#1626595557741357#-46.0#1.5830681730979816#9
0000 0014 2000 0000 0000 0000#1626595557742395#-45.5#4.608078286808466#9
0000 0012 2000 0000 0000 0000#1626595557753343#-49.0#1.3744467859455345#9
0000 001C 2000 0000 0000 0000#1626595557754402#-46.0#4.7860200582032#9
0000 001D 2000 0000 0000 0000#1626595557758364#-44.5#4.06811704947272#9
0000 001A 2000 0000 0000 0000#1626595557759396#-46.0#1.509437095279471#9
0000 0015 2000 0000 0000 0000#1626595557760658#-50.5#4.387185053352934#9
0000 0018 2000 0000 0000 0000#1626595557762057#-34.0#2.8409324191642074#9
0000 0016 2000 0000 0000 0000#1626595557763621#-32.5#4.4362724385652745#9
0000 001C 2000 0000 0000 0000#1626595557764945#-46.0#4.681709364626977#9
0000 0017 2000 0000 0000 0000#1626595557766508#-28.0#3.227495577711389#9
0000 0010 2000 0000 0000 0000#1626595557767647#-35.0#2.5893595699509624#9
0000 001B 2000 0000 0000 0000#1626595557769198#-52.5#0.5767767762450011#9
0000 000F 2000 0000 0000 0000#1626595557770261#-33.0#3.117048960983623#9
0000 0011 2000 0000 0000 0000#1626595557771550#-41.5#1.945087639038993#9
0000 0019 2000 0000 0000 0000#1626595557773152#-41.0#2.2518837966161214#9
0000 0012 2000 0000 0000 0000#1626595557774711#-49.0#1.2578642460662257#9
0000 0014 2000 0000 0000 0000#1626595557776832#-44.5#4.3933209765044765#9
0000 0013 2000 0000 0000 0000#1626595557780247#-53.0#6.270913460876501#9
0000 0017 2000 0000 0000 0000#1626595558053157#-29.5#2.448233337465483#9
0000 0011 2000 0000 0000 0000#1626595558054927#-46.0#0.7547185476397354#9
0000 001A 2000 0000 0000 0000#1626595558056244#-49.0#5.939573610693203#9
0000 0016 2000 0000 0000 0000#1626595558057821#-35.0#3.7551849687440497#9
0000 000F 2000 0000 0000 0000#1626595558058885#-35.0#2.350058567040802#9
0000 0019 2000 0000 0000 0000#1626595558059901#-45.5#1.227184630308513#9
0000 0013 2000 0000 0000 0000#1626595558060959#-42.5#3.6815538909255388#9
0000 0010 2000 0000 0000 0000#1626595558063186#-40.5#1.748738098189631#9
0000 001D 2000 0000 0000 0000#1626595558064217#-59.5#3.4177091954092087#9
0000 0012 2000 0000 0000 0000#1626595558066260#-49.0#5.350524988145116#9
0000 001C 2000 0000 0000 0000#1626595558068271#-44.5#3.4913402732277192#9
0000 0018 2000 0000 0000 0000#1626595558070155#-36.5#2.000310947402876#9
0000 0014 2000 0000 0000 0000#1626595558074395#-48.5#3.5342917352885173#9
0000 001B 2000 0000 0000 0000#1626595558075703#-43.0#3.822680123411018#9
0000 0015 2000 0000 0000 0000#1626595558077383#-67.0#3.7551849687440497#9
0000 0011 2000 0000 0000 0000#1626595558081503#-45.0#0.6258641614573416#9
0000 000F 2000 0000 0000 0000#1626595558082552#-35.5#2.3071071049800045#9
0000 0014 2000 0000 0000 0000#1626595558083590#-49.5#3.522019888985432#9
0000 0017 2000 0000 0000 0000#1626595558084652#-30.0#2.399145952253143#9
0000 0016 2000 0000 0000 0000#1626595558085931#-34.5#3.7122335066832517#9
0000 0015 2000 0000 0000 0000#1626595558086953#-68.0#3.8963112012295285#9
0000 0013 2000 0000 0000 0000#1626595558089016#-42.0#3.5956509668039427#9
0000 0010 2000 0000 0000 0000#1626595558090414#-39.5#1.6812429435226628#9
0000 0019 2000 0000 0000 0000#1626595558091691#-46.0#1.1228739367322893#9
0000 001B 2000 0000 0000 0000#1626595558092785#-42.5#3.718369429834794#9
0000 001A 2000 0000 0000 0000#1626595558094101#-49.0#5.651185222570702#9
0000 001D 2000 0000 0000 0000#1626595558095404#-61.5#3.3072625786814425#9
0000 0018 2000 0000 0000 0000#1626595558096530#-37.0#1.9512235621905356#9
0000 001C 2000 0000 0000 0000#1626595558098841#-45.5#3.497476196379262#9
0000 0012 2000 0000 0000 0000#1626595558100728#-47.5#5.00077736850719#9
0000 0019 2000 0000 0000 0000#1626595558372109#-50.5#4.957825906446392#9
0000 0016 2000 0000 0000 0000#1626595558374029#-37.5#2.5832236467994196#9
0000 001B 2000 0000 0000 0000#1626595558375094#-48.0#2.675262494072558#9
0000 0018 2000 0000 0000 0000#1626595558376263#-43.5#0.6320000846088841#9
0000 0012 2000 0000 0000 0000#1626595558377591#-42.0#2.5832236467994196#9
0000 0017 2000 0000 0000 0000#1626595558380788#-34.0#1.2455923997631406#9
0000 0014 2000 0000 0000 0000#1626595558382390#-62.5#1.6566992509164924#9
0000 001A 2000 0000 0000 0000#1626595558384018#-41.5#2.6813984172241008#9
0000 0010 2000 0000 0000 0000#1626595558385103#-46.5#6.227961998815704#9
0000 000F 2000 0000 0000 0000#1626595558386379#-40.5#1.0921943209745766#9
0000 0013 2000 0000 0000 0000#1626595558387690#-54.5#2.6261751088602177#9
0000 0011 2000 0000 0000 0000#1626595558388836#-46.0#3.9208548938356986#9
0000 001C 2000 0000 0000 0000#1626595558389835#-60.0#2.116893487282185#9
0000 0015 2000 0000 0000 0000#1626595558390943#-60.0#0.7301748550335652#9
0000 0019 2000 0000 0000 0000#1626595558395204#-50.0#4.700117134081604#9
0000 0011 2000 0000 0000 0000#1626595558396264#-45.5#3.834951969714103#9
0000 0010 2000 0000 0000 0000#1626595558397905#-46.5#6.154330920997192#9
0000 0016 2000 0000 0000 0000#1626595558399482#-38.0#2.5402721847386216#9
0000 0017 2000 0000 0000 0000#1626595558401557#-34.5#1.2210487071569704#9
0000 001B 2000 0000 0000 0000#1626595558403386#-50.0#2.7120780329818137#9
0000 001A 2000 0000 0000 0000#1626595558405402#-41.5#2.6384469551633027#9
0000 0015 2000 0000 0000 0000#1626595558406990#-59.5#0.6749515466696822#9
0000 0012 2000 0000 0000 0000#1626595558408633#-42.0#2.5832236467994196#9
0000 001C 2000 0000 0000 0000#1626595558409762#-60.0#1.9941750242513334#9
0000 000F 2000 0000 0000 0000#1626595558411307#-41.0#1.0492428589137786#9
0000 0014 2000 0000 0000 0000#1626595558413230#-64.0#1.4296700943094176#9
0000 0013 2000 0000 0000 0000#1626595558415996#-56.0#2.521864415283994#9
0000 0018 2000 0000 0000 0000#1626595558417094#-44.5#0.4663301595172349#9
0000 0012 2000 0000 0000 0000#1626595558682635#-54.5#3.1354567304382504#9
0000 0014 2000 0000 0000 0000#1626595558683687#-59.0#5.424156065963627#9
0000 001D 2000 0000 0000 0000#1626595558685312#-58.5#2.773437264497239#9
0000 0018 2000 0000 0000 0000#1626595558686841#-47.0#5.663457068873787#9
0000 0010 2000 0000 0000 0000#1626595558688116#-44.0#4.816699673960914#9
0000 0017 2000 0000 0000 0000#1626595558689646#-41.0#1.3008157081270237#9
0000 0013 2000 0000 0000 0000#1626595558690983#-55.5#1.2640001692177683#9
0000 001A 2000 0000 0000 0000#1626595558692152#-50.0#3.479068426924634#9
0000 000F 2000 0000 0000 0000#1626595558693659#-47.5#0.6013204688511713#9
0000 0016 2000 0000 0000 0000#1626595558694726#-42.0#2.988194574801229#9
0000 0015 2000 0000 0000 0000#1626595558697414#-58.0#0.9572040116406401#9
0000 0011 2000 0000 0000 0000#1626595558700314#-44.0#3.7551849687440497#9
0000 0019 2000 0000 0000 0000#1626595558702512#-41.5#4.061981126321178#9
0000 001B 2000 0000 0000 0000#1626595558705288#-57.5#1.88986433067511#9
0000 001C 2000 0000 0000 0000#1626595558706376#-58.5#5.964117303299373#9
0000 0013 2000 0000 0000 0000#1626595558710948#-56.0#1.030835089459151#9
0000 0012 2000 0000 0000 0000#1626595558712010#-55.0#2.9636508821950587#9
0000 0018 2000 0000 0000 0000#1626595558713353#-47.0#5.473243451175968#9
0000 0017 2000 0000 0000 0000#1626595558715781#-42.0#1.1658253987930873#9
0000 0011 2000 0000 0000 0000#1626595558716842#-44.5#3.785864584501762#9
0000 0019 2000 0000 0000 0000#1626595558718416#-43.0#4.049709280018092#9
0000 000F 2000 0000 0000 0000#1626595558719464#-48.0#0.39269908169872414#9
0000 001C 2000 0000 0000 0000#1626595558721235#-58.5#5.6573211457222445#9
0000 001A 2000 0000 0000 0000#1626595558722337#-53.0#3.393165502803038#9
0000 001B 2000 0000 0000 0000#1626595558723653#-58.0#1.705786636128833#9
0000 0010 2000 0000 0000 0000#1626595558724972#-44.0#4.6878452877785195#9
0000 0015 2000 0000 0000 0000#1626595558726151#-57.0#0.3865631585471816#9
0000 0014 2000 0000 0000 0000#1626595558728314#-57.0#4.828971520263998#9
0000 0016 2000 0000 0000 0000#1626595558729392#-42.5#2.9268353432858034#9
0000 001D 2000 0000 0000 0000#1626595558730455#-58.5#2.3623304133438876#9
0000 001D 2000 0000 0000 0000#1626595558995514#-56.0#0.0#9
0000 000F 2000 0000 0000 0000#1626595558996577#-45.5#4.859651136021712#9
0000 001B 2000 0000 0000 0000#1626595558997615#-58.5#5.135767677841127#9
0000 0010 2000 0000 0000 0000#1626595558998711#-46.5#4.086524818927348#9
0000 0016 2000 0000 0000 0000#1626595558999761#-50.0#1.6260196351587797#9
0000 0019 2000 0000 0000 0000#1626595559001068#-54.5#3.6079228131070282#9
0000 0011 2000 0000 0000 0000#1626595559002625#-54.0#2.736621725587984#9
0000 0017 2000 0000 0000 0000#1626595559004421#-43.0#5.246214294568893#9
0000 001A 2000 0000 0000 0000#1626595559005436#-59.0#1.1658253987930873#9
0000 0018 2000 0000 0000 0000#1626595559006525#-46.5#4.368777283898306#9
0000 0014 2000 0000 0000 0000#1626595559008863#-57.5#2.423689644859313#9
0000 0013 2000 0000 0000 0000#1626595559009929#-57.0#4.620350133111551#9
0000 001C 2000 0000 0000 0000#1626595559015897#-59.5#3.3747577333484107#9
0000 0012 2000 0000 0000 0000#1626595559016940#-58.0#0.09203884727313846#9
0000 001A 2000 0000 0000 0000#1626595559020980#-57.5#1.0062913968529805#9
0000 0010 2000 0000 0000 0000#1626595559022154#-47.0#4.049709280018092#9
0000 0019 2000 0000 0000 0000#1626595559023218#-55.0#3.509748042682347#9
0000 0018 2000 0000 0000 0000#1626595559024562#-46.5#4.344233591292136#9
0000 001D 2000 0000 0000 0000#1626595559025837#-55.0#5.994796919057086#9
0000 000F 2000 0000 0000 0000#1626595559026900#-46.0#4.755340442445488#9
0000 0011 2000 0000 0000 0000#1626595559028027#-53.0#2.5341362615870793#9
0000 0012 2000 0000 0000 0000#1626595559031495#-57.5#6.215690152512618#9
0000 0014 2000 0000 0000 0000#1626595559032819#-57.0#2.2580197197676637#9
0000 0017 2000 0000 0000 0000#1626595559033868#-43.0#5.092816215780329#9
0000 0016 2000 0000 0000 0000#1626595559035129#-50.0#1.3621749396424494#9
0000 001B 2000 0000 0000 0000#1626595559038886#-58.5#4.890330751779424#9
0000 001C 2000 0000 0000 0000#1626595559040443#-60.0#3.2213596545598464#9
0000 0013 2000 0000 0000 0000#1626595559042023#-57.0#4.442408361716817#9
0000 0014 2000 0000 0000 0000#1626595559306461#-58.0#0.15339807878856412#9
0000 0019 2000 0000 0000 0000#1626595559307482#-59.5#1.1351457830353744#9
0000 0012 2000 0000 0000 0000#1626595559309751#-55.0#3.9208548938356986#9
0000 001A 2000 0000 0000 0000#1626595559312966#-55.5#4.23378697456437#9
0000 000F 2000 0000 0000 0000#1626595559313986#-50.0#3.933126740138784#9
0000 0017 2000 0000 0000 0000#1626595559315565#-43.0#4.006757817957295#9
0000 0016 2000 0000 0000 0000#1626595559317386#-48.5#5.681864838328415#9
0000 001D 2000 0000 0000 0000#1626595559318449#-56.0#3.6201946594101133#9
0000 0010 2000 0000 0000 0000#1626595559320725#-54.0#2.454369260617026#9
0000 0018 2000 0000 0000 0000#1626595559321772#-54.0#3.2765829629237295#9
0000 001C 2000 0000 0000 0000#1626595559323821#-61.0#1.030835089459151#9
0000 0011 2000 0000 0000 0000#1626595559324881#-56.5#5.7616318392984684#9
0000 0013 2000 0000 0000 0000#1626595559326373#-57.5#2.386874105950058#9
0000 0015 2000 0000 0000 0000#1626595559328091#-59.5#2.0923497946760143#9
0000 001B 2000 0000 0000 0000#1626595559329126#-57.5#3.067961575771282#9
0000 0015 2000 0000 0000 0000#1626595559332945#-59.5#2.055534255766759#9
0000 0016 2000 0000 0000 0000#1626595559333964#-48.5#5.626641529964532#9
0000 0014 2000 0000 0000 0000#1626595559335047#-58.0#6.1850105367549055#9
0000 0011 2000 0000 0000 0000#1626595559336233#-55.0#5.565282298449106#9
0000 0019 2000 0000 0000 0000#1626595559337977#-60.5#0.8835729338221293#9
0000 0017 2000 0000 0000 0000#1626595559339053#-43.5#3.9638063558964967#9
0000 0013 2000 0000 0000 0000#1626595559340819#-57.5#2.2764274892222915#9
0000 0010 2000 0000 0000 0000#1626595559342632#-56.0#2.282563412373834#9
0000 001C 2000 0000 0000 0000#1626595559343706#-60.5#1.000155473701438#9
0000 001B 2000 0000 0000 0000#1626595559345010#-57.5#2.9636508821950587#9
0000 0012 2000 0000 0000 0000#1626595559346088#-54.0#3.706097583531709#9
0000 000F 2000 0000 0000 0000#1626595559349701#-50.5#3.77972866135022#9
0000 001D 2000 0000 0000 0000#1626595559351859#-56.0#3.436116964863836#9
0000 001A 2000 0000 0000 0000#1626595559353453#-54.0#3.9944859716542096#9
0000 0018 2000 0000 0000 0000#1626595559354999#-55.0#3.104777114680538#9
0000 0012 2000 0000 0000 0000#1626595559621224#-52.5#1.576932249946439#9
0000 0016 2000 0000 0000 0000#1626595559622245#-50.0#4.301282129231338#9
0000 0017 2000 0000 0000 0000#1626595559624406#-47.5#2.5893595699509624#9
0000 000F 2000 0000 0000 0000#1626595559627694#-55.0#2.061670178918302#9
0000 0018 2000 0000 0000 0000#1626595559628865#-57.0#0.7915340865489908#9
0000 0011 2000 0000 0000 0000#1626595559629992#-53.0#2.9820586516496865#9
0000 0010 2000 0000 0000 0000#1626595559631023#-58.5#5.64504929941916#9
0000 001A 2000 0000 0000 0000#1626595559634299#-52.0#1.902136176978195#9
0000 001B 2000 0000 0000 0000#1626595559635877#-57.0#1.1106020904292042#9
0000 0014 2000 0000 0000 0000#1626595559637058#-58.0#3.4177091954092087#9
0000 0013 2000 0000 0000 0000#1626595559638097#-59.0#0.2270291566070749#9
0000 0015 2000 0000 0000 0000#1626595559640966#-56.5#0.25770877236478773#9
0000 0019 2000 0000 0000 0000#1626595559641999#-59.5#3.80427235395639#9
0000 0017 2000 0000 0000 0000#1626595559646990#-48.0#2.5341362615870793#9
0000 0016 2000 0000 0000 0000#1626595559649723#-50.0#4.289010282928253#9
0000 0012 2000 0000 0000 0000#1626595559650784#-54.0#1.4664856332186729#9
0000 001A 2000 0000 0000 0000#1626595559652328#-53.5#1.8407769454627694#9
0000 0010 2000 0000 0000 0000#1626595559654384#-58.5#5.5100589900852235#9
0000 0015 2000 0000 0000 0000#1626595559655421#-56.5#0.23930100291016002#9
0000 000F 2000 0000 0000 0000#1626595559656739#-55.0#1.945087639038993#9
0000 0011 2000 0000 0000 0000#1626595559657870#-54.5#2.8654761117703775#9
0000 0013 2000 0000 0000 0000#1626595559659283#-58.5#0.16566992509164924#9
0000 0019 2000 0000 0000 0000#1626595559660571#-60.0#3.749049045592507#9
0000 0018 2000 0000 0000 0000#1626595559662127#-58.0#0.5031456984264903#9
0000 001B 2000 0000 0000 0000#1626595559663220#-57.0#0.9756117810952678#9
0000 0014 2000 0000 0000 0000#1626595559664854#-58.5#3.2765829629237295#9
0000 0013 2000 0000 0000 0000#1626595559928350#-59.5#6.22182607566416#9
0000 0014 2000 0000 0000 0000#1626595559929912#-57.5#2.9636508821950587#9
0000 0011 2000 0000 0000 0000#1626595559932283#-55.5#2.718213956133356#9
0000 0019 2000 0000 0000 0000#1626595559933318#-61.0#3.80427235395639#9
0000 0012 2000 0000 0000 0000#1626595559934665#-54.0#1.325359400733194#9
0000 001B 2000 0000 0000 0000#1626595559936228#-58.0#0.8774370106705868#9
0000 0016 2000 0000 0000 0000#1626595559937591#-54.0#4.6878452877785195#9
0000 0017 2000 0000 0000 0000#1626595559938863#-53.0#2.4850488763747385#9
0000 000F 2000 0000 0000 0000#1626595559940155#-58.5#1.5033011721279284#9
0000 0018 2000 0000 0000 0000#1626595559941284#-57.5#0.06135923151542565#9
0000 0010 2000 0000 0000 0000#1626595559942724#-57.5#5.240078371417351#9
0000 0015 2000 0000 0000 0000#1626595559943788#-56.5#0.7301748550335652#9
0000 001A 2000 0000 0000 0000#1626595559945382#-53.5#1.6505633277649499#9
0000 0018 2000 0000 0000 0000#1626595559952627#-59.5#6.277049384028044#9
0000 001A 2000 0000 0000 0000#1626595559954421#-54.0#1.6444274046134073#9
0000 001B 2000 0000 0000 0000#1626595559955459#-59.0#0.8835729338221293#9
0000 0010 2000 0000 0000 0000#1626595559957116#-56.0#5.166447293598839#9
0000 0014 2000 0000 0000 0000#1626595559958382#-58.0#2.773437264497239#9
0000 0013 2000 0000 0000 0000#1626595559960901#-60.5#6.178874613603362#9
0000 0019 2000 0000 0000 0000#1626595559962336#-61.5#3.5772431973493153#9
0000 000F 2000 0000 0000 0000#1626595559963954#-58.5#1.4051264017032472#9
0000 0015 2000 0000 0000 0000#1626595559965047#-56.5#0.7301748550335652#9
0000 0012 2000 0000 0000 0000#1626595559966136#-54.5#1.2701360923693108#9
0000 0017 2000 0000 0000 0000#1626595559967398#-54.5#2.3930100291016#9
0000 0016 2000 0000 0000 0000#1626595559969104#-55.0#4.614214209960009#9
0000 0011 2000 0000 0000 0000#1626595559970231#-54.5#2.564815877344792#9
