0000 0018 2000 0000 0000 0000#1626595419541343#-43.5#0.6872233929727672#9
0000 0013 2000 0000 0000 0000#1626595419542525#-41.5#3.761320891895592#9
0000 0016 2000 0000 0000 0000#1626595419544706#-40.5#4.994641445355648#9
0000 000F 2000 0000 0000 0000#1626595419546249#-42.0#6.043884304269426#9
0000 0011 2000 0000 0000 0000#1626595419547572#-42.0#2.356194490192345#9
0000 001B 2000 0000 0000 0000#1626595419548653#-40.0#3.436116964863836#9
0000 0010 2000 0000 0000 0000#1626595419549796#-43.0#1.4542137869155878#9
0000 001D 2000 0000 0000 0000#1626595419552005#-41.5#4.344233591292136#9
0000 0015 2000 0000 0000 0000#1626595419553440#-45.5#4.681709364626977#9
0000 0012 2000 0000 0000 0000#1626595419554488#-41.0#3.11091303783208#9
0000 0014 2000 0000 0000 0000#1626595419555790#-41.5#4.2092432819582#9
0000 001C 2000 0000 0000 0000#1626595419557983#-40.5#4.06811704947272#9
0000 001A 2000 0000 0000 0000#1626595419559142#-39.0#2.748893571891069#9
0000 0019 2000 0000 0000 0000#1626595419560192#-42.5#2.184388641949153#9
0000 0015 2000 0000 0000 0000#1626595419565364#-45.0#4.700117134081604#9
0000 000F 2000 0000 0000 0000#1626595419568322#-42.0#6.129787228391022#9
0000 0014 2000 0000 0000 0000#1626595419569408#-41.0#4.246058820867455#9
0000 001A 2000 0000 0000 0000#1626595419570454#-39.0#2.761165418194154#9
0000 001D 2000 0000 0000 0000#1626595419572015#-41.0#4.362641360746763#9
0000 001C 2000 0000 0000 0000#1626595419573086#-40.0#4.086524818927348#9
0000 0011 2000 0000 0000 0000#1626595419574388#-41.5#2.399145952253143#9
0000 0019 2000 0000 0000 0000#1626595419575706#-42.5#2.2334760271614935#9
0000 0017 2000 0000 0000 0000#1626595419576785#-35.5#5.129631754689584#9
0000 0010 2000 0000 0000 0000#1626595419577844#-44.5#1.533980787885641#9
0000 0016 2000 0000 0000 0000#1626595419579525#-40.5#5.123495831538041#9
0000 001B 2000 0000 0000 0000#1626595419580562#-39.5#3.5036121195308043#9
0000 0012 2000 0000 0000 0000#1626595419582322#-40.5#3.184544115650591#9
0000 0018 2000 0000 0000 0000#1626595419583398#-44.5#0.8344855486097889#9
0000 0013 2000 0000 0000 0000#1626595419584779#-41.5#3.847223816017188#9
0000 0010 2000 0000 0000 0000#1626595419849631#-41.0#2.9759227284981438#9
0000 0019 2000 0000 0000 0000#1626595419851250#-40.0#3.6876898140770815#9
0000 0015 2000 0000 0000 0000#1626595419853101#-43.5#5.730952223540755#9
0000 0014 2000 0000 0000 0000#1626595419854196#-40.0#5.411884219660542#9
0000 0017 2000 0000 0000 0000#1626595419856067#-33.5#0.7792622402459057#9
0000 0013 2000 0000 0000 0000#1626595419858789#-39.0#5.135767677841127#9
0000 0012 2000 0000 0000 0000#1626595419860261#-38.0#4.608078286808466#9
0000 0018 2000 0000 0000 0000#1626595419861565#-41.0#2.411417798556228#9
0000 000F 2000 0000 0000 0000#1626595419862644#-38.5#1.6996507129772904#9
0000 001B 2000 0000 0000 0000#1626595419863753#-37.5#4.871922982324796#9
0000 001A 2000 0000 0000 0000#1626595419865034#-37.0#4.270602513473625#9
0000 001D 2000 0000 0000 0000#1626595419866396#-40.5#5.485515297479052#9
0000 0016 2000 0000 0000 0000#1626595419867502#-39.0#0.8160777791551611#9
0000 001C 2000 0000 0000 0000#1626595419869456#-38.0#5.313709449235861#9
0000 0011 2000 0000 0000 0000#1626595419870742#-38.0#3.890175278077986#9
0000 0011 2000 0000 0000 0000#1626595419881812#-38.5#3.6876898140770815#9
0000 0012 2000 0000 0000 0000#1626595419883117#-38.0#4.417864669110647#9
0000 001C 2000 0000 0000 0000#1626595419884217#-38.0#5.148039524144211#9
0000 0017 2000 0000 0000 0000#1626595419885282#-33.0#0.6504078540635119#9
0000 001D 2000 0000 0000 0000#1626595419886541#-40.0#5.295301679781233#9
0000 000F 2000 0000 0000 0000#1626595419888845#-39.0#1.5953400194010667#9
0000 001B 2000 0000 0000 0000#1626595419890351#-38.0#4.71238898038469#9
0000 0010 2000 0000 0000 0000#1626595419891441#-40.5#2.8777479580734626#9
0000 0018 2000 0000 0000 0000#1626595419892474#-41.0#2.3439226438892597#9
0000 0019 2000 0000 0000 0000#1626595419894236#-39.5#3.56497135104623#9
0000 0014 2000 0000 0000 0000#1626595419897017#-39.5#5.252350217720435#9
0000 001A 2000 0000 0000 0000#1626595419898621#-36.5#4.123340357836604#9
0000 0015 2000 0000 0000 0000#1626595419901312#-43.5#5.589825991055276#9
0000 0013 2000 0000 0000 0000#1626595419902381#-39.0#4.988505522204105#9
0000 0016 2000 0000 0000 0000#1626595419905615#-39.0#0.7485826244881929#9
0000 000F 2000 0000 0000 0000#1626595420168521#-35.0#1.9941750242513334#9
0000 0017 2000 0000 0000 0000#1626595420170989#-30.0#1.2210487071569704#9
0000 0014 2000 0000 0000 0000#1626595420172071#-39.0#5.123495831538041#9
0000 001C 2000 0000 0000 0000#1626595420175515#-37.0#5.0682725231741586#9
0000 0013 2000 0000 0000 0000#1626595420176680#-38.0#4.963961829597935#9
0000 0016 2000 0000 0000 0000#1626595420178808#-36.5#1.3560390164909069#9
0000 0015 2000 0000 0000 0000#1626595420180116#-44.0#5.301437602932776#9
0000 001D 2000 0000 0000 0000#1626595420181426#-40.0#5.117359908386499#9
0000 0019 2000 0000 0000 0000#1626595420183103#-38.0#3.7429131224409646#9
0000 0012 2000 0000 0000 0000#1626595420184390#-36.5#4.540583132141498#9
0000 001B 2000 0000 0000 0000#1626595420185729#-37.0#4.749204519293945#9
0000 0018 2000 0000 0000 0000#1626595420186827#-36.0#2.6445828783148455#9
0000 0010 2000 0000 0000 0000#1626595420189604#-38.5#3.141592653589793#9
0000 001A 2000 0000 0000 0000#1626595420191862#-35.0#4.23378697456437#9
0000 0011 2000 0000 0000 0000#1626595420193422#-37.5#3.8840393549264434#9
0000 000F 2000 0000 0000 0000#1626595420197554#-35.0#2.061670178918302#9
0000 0015 2000 0000 0000 0000#1626595420198647#-44.5#5.325981295538946#9
0000 0016 2000 0000 0000 0000#1626595420200702#-36.0#1.4419419406125027#9
0000 001C 2000 0000 0000 0000#1626595420202479#-37.5#5.080544369477243#9
0000 001A 2000 0000 0000 0000#1626595420203572#-35.0#4.252194744018997#9
0000 0012 2000 0000 0000 0000#1626595420205856#-36.5#4.577398671050753#9
0000 001B 2000 0000 0000 0000#1626595420207167#-36.5#4.7860200582032#9
0000 0017 2000 0000 0000 0000#1626595420208712#-30.0#1.3499030933393643#9
0000 0018 2000 0000 0000 0000#1626595420209760#-37.5#2.6875343403756435#9
0000 001D 2000 0000 0000 0000#1626595420210837#-39.5#5.123495831538041#9
0000 0014 2000 0000 0000 0000#1626595420211932#-39.0#5.154175447295755#9
0000 0013 2000 0000 0000 0000#1626595420214197#-38.0#4.994641445355648#9
0000 0011 2000 0000 0000 0000#1626595420216805#-36.0#3.933126740138784#9
0000 0019 2000 0000 0000 0000#1626595420218112#-38.0#3.77972866135022#9
0000 0010 2000 0000 0000 0000#1626595420219172#-38.0#3.1968159619536762#9
0000 0013 2000 0000 0000 0000#1626595420485217#-38.5#5.418020142812084#9
0000 0019 2000 0000 0000 0000#1626595420494214#-37.0#3.8288160465625602#9
0000 001B 2000 0000 0000 0000#1626595420495306#-37.5#4.651029748869264#9
0000 001C 2000 0000 0000 0000#1626595420496409#-38.5#4.878058905476339#9
0000 0016 2000 0000 0000 0000#1626595420498015#-34.0#2.0371264863121317#9
0000 0017 2000 0000 0000 0000#1626595420499334#-28.0#1.8407769454627694#9
0000 0018 2000 0000 0000 0000#1626595420500476#-34.0#2.8777479580734626#9
0000 0011 2000 0000 0000 0000#1626595420501509#-36.5#3.9576704327449543#9
0000 000F 2000 0000 0000 0000#1626595420502530#-33.0#2.435961491162398#9
0000 0012 2000 0000 0000 0000#1626595420503832#-37.0#4.528311285838413#9
0000 0010 2000 0000 0000 0000#1626595420504879#-36.0#3.3011266555298997#9
0000 001A 2000 0000 0000 0000#1626595420509057#-35.5#4.264466590322082#9
0000 0015 2000 0000 0000 0000#1626595420513024#-45.5#4.908738521234052#9
0000 0014 2000 0000 0000 0000#1626595420514918#-40.5#4.921010367537137#9
0000 001D 2000 0000 0000 0000#1626595420516505#-41.5#4.798291904506286#9
0000 0016 2000 0000 0000 0000#1626595420521595#-34.0#2.116893487282185#9
0000 001B 2000 0000 0000 0000#1626595420522649#-37.5#4.675573441475434#9
0000 0018 2000 0000 0000 0000#1626595420524594#-35.0#2.9268353432858034#9
0000 000F 2000 0000 0000 0000#1626595420525658#-32.5#2.4911847995262812#9
0000 0012 2000 0000 0000 0000#1626595420526720#-37.0#4.565126824747668#9
0000 0010 2000 0000 0000 0000#1626595420528606#-34.5#3.3379421944391554#9
0000 0011 2000 0000 0000 0000#1626595420530167#-36.0#3.9822141253511245#9
0000 0017 2000 0000 0000 0000#1626595420531692#-28.0#1.9389517158874505#9
0000 0019 2000 0000 0000 0000#1626595420533329#-37.5#3.8840393549264434#9
0000 001A 2000 0000 0000 0000#1626595420534391#-35.5#4.264466590322082#9
0000 0013 2000 0000 0000 0000#1626595420535956#-39.0#4.890330751779424#9
0000 001C 2000 0000 0000 0000#1626595420536971#-38.5#4.896466674930966#9
0000 0014 2000 0000 0000 0000#1626595420538008#-40.5#4.921010367537137#9
0000 001D 2000 0000 0000 0000#1626595420539509#-40.5#4.798291904506286#9
0000 0015 2000 0000 0000 0000#1626595420541075#-46.0#4.871922982324796#9
0000 001A 2000 0000 0000 0000#1626595420804204#-36.5#4.663301595172349#9
0000 001D 2000 0000 0000 0000#1626595420805249#-43.5#4.773748211900116#9
0000 0017 2000 0000 0000 0000#1626595420806298#-27.0#2.773437264497239#9
0000 0012 2000 0000 0000 0000#1626595420808395#-36.5#4.878058905476339#9
0000 0019 2000 0000 0000 0000#1626595420809942#-36.5#4.356505437595221#9
0000 001C 2000 0000 0000 0000#1626595420811952#-40.5#5.037592907416445#9
0000 0011 2000 0000 0000 0000#1626595420813899#-35.0#4.430136515413731#9
0000 0010 2000 0000 0000 0000#1626595420815658#-36.0#3.9269908169872414#9
0000 0018 2000 0000 0000 0000#1626595420816948#-34.0#3.6263305825616556#9
0000 001B 2000 0000 0000 0000#1626595420818028#-38.5#4.908738521234052#9
0000 0014 2000 0000 0000 0000#1626595420819141#-42.0#5.019185137961818#9
0000 000F 2000 0000 0000 0000#1626595420821274#-31.5#3.2827188860752723#9
0000 0015 2000 0000 0000 0000#1626595420823405#-48.0#4.767612288748572#9
0000 0016 2000 0000 0000 0000#1626595420824487#-33.0#3.184544115650591#9
0000 0013 2000 0000 0000 0000#1626595420826292#-40.5#5.111223985234957#9
0000 000F 2000 0000 0000 0000#1626595420832567#-31.5#3.3072625786814425#9
0000 0018 2000 0000 0000 0000#1626595420834224#-33.0#3.6386024288647407#9
0000 001C 2000 0000 0000 0000#1626595420835510#-40.5#5.013049214810275#9
0000 0012 2000 0000 0000 0000#1626595420836827#-38.0#4.884194828627882#9
0000 001D 2000 0000 0000 0000#1626595420837906#-44.0#4.743068596142402#9
0000 0017 2000 0000 0000 0000#1626595420840404#-27.0#2.84706834231575#9
0000 001B 2000 0000 0000 0000#1626595420841753#-38.5#4.908738521234052#9
0000 0015 2000 0000 0000 0000#1626595420843787#-48.0#4.743068596142402#9
0000 0013 2000 0000 0000 0000#1626595420845573#-40.5#5.098952138931871#9
0000 0014 2000 0000 0000 0000#1626595420847374#-42.5#4.9823695990525625#9
0000 0010 2000 0000 0000 0000#1626595420849274#-35.5#3.9515345095934116#9
0000 0019 2000 0000 0000 0000#1626595420850369#-36.5#4.399456899656019#9
0000 0016 2000 0000 0000 0000#1626595420854098#-33.0#3.2459033471660166#9
0000 0011 2000 0000 0000 0000#1626595420855159#-36.0#4.4362724385652745#9
0000 001A 2000 0000 0000 0000#1626595420856635#-37.0#4.669437518323892#9
0000 0014 2000 0000 0000 0000#1626595421119166#-44.0#5.148039524144211#9
0000 0013 2000 0000 0000 0000#1626595421120248#-42.5#5.325981295538946#9
0000 000F 2000 0000 0000 0000#1626595421121312#-30.5#4.3074180523828804#9
0000 0010 2000 0000 0000 0000#1626595421122706#-33.5#4.681709364626977#9
0000 001D 2000 0000 0000 0000#1626595421124465#-45.5#4.798291904506286#9
0000 0012 2000 0000 0000 0000#1626595421125742#-39.0#5.197126909356553#9
0000 001B 2000 0000 0000 0000#1626595421127518#-40.0#5.160311370447297#9
0000 0019 2000 0000 0000 0000#1626595421128542#-37.0#4.9823695990525625#9
0000 0017 2000 0000 0000 0000#1626595421131027#-27.0#3.9822141253511245#9
0000 0018 2000 0000 0000 0000#1626595421132167#-32.5#4.503767593232243#9
0000 0016 2000 0000 0000 0000#1626595421133689#-32.0#4.448544284868359#9
0000 0015 2000 0000 0000 0000#1626595421134754#-49.5#4.76147636559703#9
0000 0011 2000 0000 0000 0000#1626595421135786#-36.5#4.933282213840222#9
0000 001C 2000 0000 0000 0000#1626595421137685#-42.5#5.166447293598839#9
0000 001A 2000 0000 0000 0000#1626595421139857#-37.5#5.006913291658733#9
0000 0011 2000 0000 0000 0000#1626595421149161#-36.5#4.921010367537137#9
0000 001A 2000 0000 0000 0000#1626595421150694#-37.5#5.00077736850719#9
0000 0013 2000 0000 0000 0000#1626595421151805#-42.5#5.289165756629691#9
0000 0018 2000 0000 0000 0000#1626595421152945#-32.0#4.522175362686871#9
0000 0014 2000 0000 0000 0000#1626595421155938#-44.0#5.098952138931871#9
0000 0012 2000 0000 0000 0000#1626595421157241#-39.5#5.154175447295755#9
0000 0010 2000 0000 0000 0000#1626595421158271#-35.0#4.681709364626977#9
0000 001B 2000 0000 0000 0000#1626595421159536#-40.0#5.111223985234957#9
0000 0017 2000 0000 0000 0000#1626595421160811#-27.0#4.0128937411088375#9
0000 0016 2000 0000 0000 0000#1626595421161875#-32.0#4.4976316700806995#9
0000 000F 2000 0000 0000 0000#1626595421163419#-30.5#4.331961744989051#9
0000 0015 2000 0000 0000 0000#1626595421164999#-49.5#4.718524903536232#9
0000 0019 2000 0000 0000 0000#1626595421166061#-37.0#4.95168998329485#9
0000 001C 2000 0000 0000 0000#1626595421167146#-42.0#5.111223985234957#9
0000 001D 2000 0000 0000 0000#1626595421169561#-46.0#4.718524903536232#9
0000 0010 2000 0000 0000 0000#1626595421434147#-33.0#4.2092432819582#9
0000 001D 2000 0000 0000 0000#1626595421435494#-48.0#3.773592738198677#9
0000 0019 2000 0000 0000 0000#1626595421438167#-37.5#4.301282129231338#9
0000 0017 2000 0000 0000 0000#1626595421439484#-26.5#3.877903431774901#9
0000 0016 2000 0000 0000 0000#1626595421441069#-32.0#4.528311285838413#9
0000 0014 2000 0000 0000 0000#1626595421442124#-46.0#4.1601558967458585#9
0000 0013 2000 0000 0000 0000#1626595421443676#-44.0#4.331961744989051#9
0000 0015 2000 0000 0000 0000#1626595421444753#-52.0#3.8410878928656453#9
0000 001C 2000 0000 0000 0000#1626595421446052#-44.5#4.1601558967458585#9
0000 0018 2000 0000 0000 0000#1626595421447983#-33.0#4.147884050442774#9
0000 0011 2000 0000 0000 0000#1626595421449329#-37.5#4.154019973594316#9
0000 000F 2000 0000 0000 0000#1626595421450607#-30.5#4.09266074207889#9
0000 0012 2000 0000 0000 0000#1626595421451698#-41.0#4.246058820867455#9
0000 001B 2000 0000 0000 0000#1626595421452792#-42.0#4.184699589352029#9
0000 001A 2000 0000 0000 0000#1626595421454450#-39.5#4.061981126321178#9
0000 001C 2000 0000 0000 0000#1626595421462485#-44.5#4.1417481272912315#9
0000 0016 2000 0000 0000 0000#1626595421464518#-32.0#4.571262747899211#9
0000 001D 2000 0000 0000 0000#1626595421466956#-48.0#3.7122335066832517#9
0000 0017 2000 0000 0000 0000#1626595421468003#-27.0#3.9085830475326135#9
0000 0014 2000 0000 0000 0000#1626595421469916#-46.5#4.09266074207889#9
0000 001A 2000 0000 0000 0000#1626595421471513#-39.5#4.031301510563465#9
0000 000F 2000 0000 0000 0000#1626595421472550#-30.5#4.111068511533518#9
0000 0013 2000 0000 0000 0000#1626595421473702#-44.5#4.25833066717054#9
0000 0010 2000 0000 0000 0000#1626595421475018#-34.5#4.166291819897402#9
0000 0015 2000 0000 0000 0000#1626595421476196#-52.0#3.77972866135022#9
0000 0019 2000 0000 0000 0000#1626595421477502#-37.5#4.23378697456437#9
0000 0018 2000 0000 0000 0000#1626595421479970#-31.5#4.135612204139688#9
0000 0011 2000 0000 0000 0000#1626595421481017#-37.5#4.080388895775806#9
0000 001B 2000 0000 0000 0000#1626595421482353#-42.5#4.09266074207889#9
0000 0012 2000 0000 0000 0000#1626595421483445#-41.0#4.1601558967458585#9
0000 0014 2000 0000 0000 0000#1626595421748679#-49.5#3.06182565261974#9
0000 001A 2000 0000 0000 0000#1626595421750252#-41.0#2.9759227284981438#9
0000 001B 2000 0000 0000 0000#1626595421751827#-44.5#3.0925052683774528#9
0000 0019 2000 0000 0000 0000#1626595421753119#-38.5#3.368621810196868#9
0000 0011 2000 0000 0000 0000#1626595421754891#-38.5#3.153864499892878#9
0000 001C 2000 0000 0000 0000#1626595421756635#-47.5#3.074097498922825#9
0000 0012 2000 0000 0000 0000#1626595421757737#-43.5#3.117048960983623#9
0000 0013 2000 0000 0000 0000#1626595421759064#-47.0#3.1906800388021335#9
0000 0016 2000 0000 0000 0000#1626595421760342#-31.5#4.381049130201391#9
0000 0015 2000 0000 0000 0000#1626595421761703#-56.0#2.730485802436441#9
0000 0017 2000 0000 0000 0000#1626595421762794#-26.5#3.5342917352885173#9
0000 001D 2000 0000 0000 0000#1626595421764080#-51.5#2.6445828783148455#9
0000 000F 2000 0000 0000 0000#1626595421765843#-31.0#3.6079228131070282#9
0000 0018 2000 0000 0000 0000#1626595421768840#-33.0#3.5158839658338894#9
0000 0010 2000 0000 0000 0000#1626595421769993#-33.5#3.442252888015379#9
0000 0012 2000 0000 0000 0000#1626595421776670#-42.0#3.0802334220743677#9
0000 0016 2000 0000 0000 0000#1626595421778051#-31.5#4.381049130201391#9
0000 0015 2000 0000 0000 0000#1626595421779386#-56.0#2.6323110320117604#9
0000 0018 2000 0000 0000 0000#1626595421782309#-32.0#3.5036121195308043#9
0000 000F 2000 0000 0000 0000#1626595421784201#-30.5#3.5956509668039427#9
0000 0011 2000 0000 0000 0000#1626595421785276#-39.0#3.098641191528995#9
0000 001D 2000 0000 0000 0000#1626595421786351#-52.0#2.5954954931025047#9
0000 0019 2000 0000 0000 0000#1626595421787453#-38.5#3.2888548092268146#9
0000 001B 2000 0000 0000 0000#1626595421788478#-44.5#3.0066023442558567#9
0000 001A 2000 0000 0000 0000#1626595421789609#-39.0#2.8777479580734626#9
0000 0017 2000 0000 0000 0000#1626595421790699#-26.0#3.5158839658338894#9
0000 0014 2000 0000 0000 0000#1626595421792121#-50.0#2.9636508821950587#9
0000 001C 2000 0000 0000 0000#1626595421793192#-48.0#2.9513790358919736#9
0000 0013 2000 0000 0000 0000#1626595421794258#-47.5#3.098641191528995#9
0000 0010 2000 0000 0000 0000#1626595421795401#-33.5#3.3870295796514958#9
0000 001D 2000 0000 0000 0000#1626595422059057#-57.0#1.4910293258248433#9
0000 0019 2000 0000 0000 0000#1626595422060363#-38.5#2.8654761117703775#9
0000 0012 2000 0000 0000 0000#1626595422062179#-43.5#2.6139032625571326#9
0000 0011 2000 0000 0000 0000#1626595422063213#-38.0#2.6813984172241008#9
0000 0018 2000 0000 0000 0000#1626595422064318#-33.5#3.2581751934691017#9
0000 001C 2000 0000 0000 0000#1626595422065360#-51.5#2.2396119503130363#9
0000 0010 2000 0000 0000 0000#1626595422066464#-35.5#3.098641191528995#9
0000 0017 2000 0000 0000 0000#1626595422069674#-26.0#3.429981041712294#9
0000 001A 2000 0000 0000 0000#1626595422070961#-41.5#2.454369260617026#9
0000 0016 2000 0000 0000 0000#1626595422072510#-31.5#4.442408361716817#9
0000 0015 2000 0000 0000 0000#1626595422074086#-61.0#1.0062913968529805#9
0000 000F 2000 0000 0000 0000#1626595422075831#-30.5#3.411573272257666#9
0000 0014 2000 0000 0000 0000#1626595422077769#-53.0#2.067806102069844#9
0000 001B 2000 0000 0000 0000#1626595422081658#-46.5#2.429825568010856#9
0000 0013 2000 0000 0000 0000#1626595422083098#-49.5#2.466641106920111#9
0000 001D 2000 0000 0000 0000#1626595422087220#-55.5#1.3744467859455345#9
0000 0016 2000 0000 0000 0000#1626595422089681#-31.5#4.411728745959104#9
0000 000F 2000 0000 0000 0000#1626595422090759#-30.5#3.4054373491061236#9
0000 0013 2000 0000 0000 0000#1626595422092269#-49.5#2.454369260617026#9
0000 0011 2000 0000 0000 0000#1626595422093698#-37.0#2.6445828783148455#9
0000 0014 2000 0000 0000 0000#1626595422094825#-53.0#2.012582793705961#9
0000 0019 2000 0000 0000 0000#1626595422095856#-38.5#2.8286605728611223#9
0000 001C 2000 0000 0000 0000#1626595422096928#-51.5#2.1353012567368124#9
0000 0017 2000 0000 0000 0000#1626595422097975#-26.5#3.399301425954581#9
0000 0015 2000 0000 0000 0000#1626595422100377#-61.0#0.8897088569736719#9
0000 0018 2000 0000 0000 0000#1626595422101919#-32.5#3.2090878082567613#9
0000 0010 2000 0000 0000 0000#1626595422103105#-34.0#3.0495538063166547#9
0000 0012 2000 0000 0000 0000#1626595422104152#-44.0#2.509592568980909#9
0000 001A 2000 0000 0000 0000#1626595422105280#-40.0#2.399145952253143#9
0000 001B 2000 0000 0000 0000#1626595422106702#-46.5#2.36846633649543#9
0000 0013 2000 0000 0000 0000#1626595422369981#-52.5#1.8837284075235674#9
0000 0012 2000 0000 0000 0000#1626595422371328#-46.5#2.3316507975861747#9
0000 001A 2000 0000 0000 0000#1626595422372572#-43.5#2.270291566070749#9
0000 000F 2000 0000 0000 0000#1626595422374106#-31.0#3.56497135104623#9
0000 0011 2000 0000 0000 0000#1626595422375449#-39.5#2.6139032625571326#9
0000 001D 2000 0000 0000 0000#1626595422376497#-53.0#5.786175531904639#9
0000 0018 2000 0000 0000 0000#1626595422377548#-33.5#3.3379421944391554#9
0000 0017 2000 0000 0000 0000#1626595422381290#-26.5#3.6263305825616556#9
0000 0016 2000 0000 0000 0000#1626595422382583#-32.0#4.706253057233147#9
0000 0019 2000 0000 0000 0000#1626595422384386#-39.5#2.816388726558037#9
0000 0010 2000 0000 0000 0000#1626595422385941#-36.0#3.104777114680538#9
0000 001C 2000 0000 0000 0000#1626595422389424#-54.5#1.1228739367322893#9
0000 0014 2000 0000 0000 0000#1626595422390631#-56.0#0.9019807032767571#9
0000 001B 2000 0000 0000 0000#1626595422391894#-49.5#1.9205439464328227#9
0000 0015 2000 0000 0000 0000#1626595422392931#-47.0#5.325981295538946#9
0000 001A 2000 0000 0000 0000#1626595422397768#-43.5#2.184388641949153#9
0000 001C 2000 0000 0000 0000#1626595422399419#-55.5#1.0185632431560658#9
0000 0017 2000 0000 0000 0000#1626595422400765#-26.5#3.6017868899554855#9
0000 0014 2000 0000 0000 0000#1626595422401832#-56.0#0.8222137023067037#9
0000 0010 2000 0000 0000 0000#1626595422404215#-35.0#3.08636934522591#9
0000 0019 2000 0000 0000 0000#1626595422405335#-39.5#2.7550294950426117#9
0000 0011 2000 0000 0000 0000#1626595422406518#-38.5#2.5341362615870793#9
0000 0013 2000 0000 0000 0000#1626595422407873#-53.0#1.6996507129772904#9
0000 0016 2000 0000 0000 0000#1626595422408909#-32.5#4.681709364626977#9
0000 0015 2000 0000 0000 0000#1626595422410800#-46.0#5.184855063053467#9
0000 0012 2000 0000 0000 0000#1626595422411863#-46.5#2.172116795646068#9
0000 001B 2000 0000 0000 0000#1626595422413169#-49.5#1.8285050991596843#9
0000 0018 2000 0000 0000 0000#1626595422414295#-33.0#3.2581751934691017#9
0000 000F 2000 0000 0000 0000#1626595422415348#-31.0#3.4913402732277192#9
0000 001D 2000 0000 0000 0000#1626595422416875#-48.5#5.381204603902829#9
0000 0013 2000 0000 0000 0000#1626595422681225#-54.0#5.6143696836614465#9
0000 0019 2000 0000 0000 0000#1626595422682484#-42.5#1.7426021750380885#9
0000 0017 2000 0000 0000 0000#1626595422683776#-28.0#2.6384469551633027#9
0000 0016 2000 0000 0000 0000#1626595422685285#-34.0#3.8963112012295285#9
0000 0012 2000 0000 0000 0000#1626595422686361#-51.0#0.7117670855789375#9
0000 001C 2000 0000 0000 0000#1626595422687684#-46.0#3.9147189706841563#9
0000 0011 2000 0000 0000 0000#1626595422689057#-42.0#1.3928545554001621#9
0000 0014 2000 0000 0000 0000#1626595422690352#-45.5#3.767456815047135#9
0000 000F 2000 0000 0000 0000#1626595422691924#-33.0#2.552544031041707#9
0000 0010 2000 0000 0000 0000#1626595422692973#-38.0#2.0493983326152168#9
0000 0015 2000 0000 0000 0000#1626595422695276#-54.5#3.792000507653305#9
0000 0018 2000 0000 0000 0000#1626595422698474#-36.5#2.270291566070749#9
0000 001A 2000 0000 0000 0000#1626595422699956#-47.0#0.8099418560036186#9
0000 001B 2000 0000 0000 0000#1626595422703226#-53.5#5.93343768754166#9
0000 001D 2000 0000 0000 0000#1626595422704498#-45.5#3.3440781175906977#9
0000 0011 2000 0000 0000 0000#1626595422709587#-43.5#1.3192234775816514#9
0000 001D 2000 0000 0000 0000#1626595422710920#-47.0#3.356349963893783#9
0000 000F 2000 0000 0000 0000#1626595422711967#-33.0#2.5034566458293663#9
0000 0019 2000 0000 0000 0000#1626595422713959#-43.0#1.6444274046134073#9
0000 0017 2000 0000 0000 0000#1626595422715462#-28.0#2.5893595699509624#9
0000 0016 2000 0000 0000 0000#1626595422716497#-34.0#3.8410878928656453#9
0000 0013 2000 0000 0000 0000#1626595422718776#-51.5#5.080544369477243#9
0000 0010 2000 0000 0000 0000#1626595422719794#-38.0#1.9757672547967058#9
0000 0015 2000 0000 0000 0000#1626595422721300#-57.0#3.7551849687440497#9
0000 0018 2000 0000 0000 0000#1626595422722361#-36.5#2.2089323345553233#9
0000 0012 2000 0000 0000 0000#1626595422724134#-51.0#0.4172427743048944#9
0000 0014 2000 0000 0000 0000#1626595422725472#-45.0#3.5711072741977725#9
0000 001A 2000 0000 0000 0000#1626595422727345#-49.0#0.6320000846088841#9
0000 001C 2000 0000 0000 0000#1626595422730338#-44.5#3.6140587362585705#9
0000 001B 2000 0000 0000 0000#1626595422731645#-53.5#5.5714182216006485#9
0000 0011 2000 0000 0000 0000#1626595422996581#-47.0#5.786175531904639#9
0000 0016 2000 0000 0000 0000#1626595422998057#-36.0#2.8961557275280905#9
0000 001C 2000 0000 0000 0000#1626595422999598#-50.5#2.7979809571034093#9
0000 0012 2000 0000 0000 0000#1626595423000887#-45.5#3.454524734318464#9
0000 001B 2000 0000 0000 0000#1626595423002209#-43.0#2.6813984172241008#9
0000 0017 2000 0000 0000 0000#1626595423003995#-32.0#1.6382914814618648#9
0000 0018 2000 0000 0000 0000#1626595423005894#-39.5#1.184233168247715#9
0000 000F 2000 0000 0000 0000#1626595423007738#-37.5#1.533980787885641#9
0000 001A 2000 0000 0000 0000#1626595423009308#-48.5#4.074252972624263#9
0000 0013 2000 0000 0000 0000#1626595423010591#-44.5#2.6998061866787286#9
0000 0019 2000 0000 0000 0000#1626595423011669#-50.0#0.06135923151542565#9
0000 0014 2000 0000 0000 0000#1626595423015724#-56.5#2.724349879284899#9
0000 0010 2000 0000 0000 0000#1626595423017207#-42.5#0.8099418560036186#9
0000 0016 2000 0000 0000 0000#1626595423022671#-36.0#2.8716120349219203#9
0000 001A 2000 0000 0000 0000#1626595423024045#-48.0#3.9208548938356986#9
0000 000F 2000 0000 0000 0000#1626595423025379#-37.5#1.4910293258248433#9
0000 0014 2000 0000 0000 0000#1626595423026687#-57.5#2.718213956133356#9
0000 0011 2000 0000 0000 0000#1626595423027758#-49.0#5.540738605842936#9
0000 0019 2000 0000 0000 0000#1626595423028837#-50.5#6.215690152512618#9
0000 0017 2000 0000 0000 0000#1626595423031873#-32.0#1.6137477888556946#9
0000 0013 2000 0000 0000 0000#1626595423033680#-45.0#2.662990647769473#9
0000 001C 2000 0000 0000 0000#1626595423035976#-53.5#2.82252464970958#9
0000 0010 2000 0000 0000 0000#1626595423037517#-44.5#0.7240389318820226#9
0000 0012 2000 0000 0000 0000#1626595423040275#-44.5#3.117048960983623#9
0000 0018 2000 0000 0000 0000#1626595423042723#-41.0#1.0799224746714913#9
0000 001B 2000 0000 0000 0000#1626595423043845#-43.0#2.5709518004963345#9
0000 001A 2000 0000 0000 0000#1626595423308470#-43.0#2.5464081078901644#9
0000 0019 2000 0000 0000 0000#1626595423309789#-47.5#4.025165587411922#9
0000 0014 2000 0000 0000 0000#1626595423310848#-63.5#0.5583690067903734#9
0000 0017 2000 0000 0000 0000#1626595423311882#-36.5#1.214912784005428#9
0000 0015 2000 0000 0000 0000#1626595423313245#-60.0#1.0369710126106935#9
0000 001C 2000 0000 0000 0000#1626595423314274#-63.0#1.4358060174609601#9
0000 0018 2000 0000 0000 0000#1626595423315927#-46.0#0.28225246497095796#9
0000 001B 2000 0000 0000 0000#1626595423317478#-55.5#2.6875343403756435#9
0000 0010 2000 0000 0000 0000#1626595423319075#-48.0#5.565282298449106#9
0000 0013 2000 0000 0000 0000#1626595423321098#-59.0#2.337786720737717#9
0000 0016 2000 0000 0000 0000#1626595423323385#-39.0#2.5464081078901644#9
0000 000F 2000 0000 0000 0000#1626595423324663#-43.5#0.9572040116406401#9
0000 0012 2000 0000 0000 0000#1626595423325769#-47.5#2.5832236467994196#9
0000 0011 2000 0000 0000 0000#1626595423330868#-43.5#3.1906800388021335#9
0000 000F 2000 0000 0000 0000#1626595423335882#-44.0#0.9265243958829272#9
0000 0014 2000 0000 0000 0000#1626595423337352#-63.0#0.30679615757712825#9
0000 0010 2000 0000 0000 0000#1626595423339007#-48.0#5.399612373357457#9
0000 001B 2000 0000 0000 0000#1626595423340331#-56.5#2.6016314162540475#9
0000 0011 2000 0000 0000 0000#1626595423341513#-42.0#3.147728576741336#9
0000 001A 2000 0000 0000 0000#1626595423342614#-43.0#2.5464081078901644#9
0000 0013 2000 0000 0000 0000#1626595423345084#-59.5#2.1537090261914402#9
0000 0017 2000 0000 0000 0000#1626595423346246#-37.5#1.1474176293384597#9
0000 0016 2000 0000 0000 0000#1626595423347283#-39.5#2.509592568980909#9
0000 0015 2000 0000 0000 0000#1626595423348591#-59.5#0.9878836273983529#9
0000 001C 2000 0000 0000 0000#1626595423349719#-63.0#1.0369710126106935#9
0000 0018 2000 0000 0000 0000#1626595423350821#-49.0#0.09817477042468103#9
0000 0019 2000 0000 0000 0000#1626595423352082#-46.0#3.7122335066832517#9
0000 0012 2000 0000 0000 0000#1626595423353727#-49.0#2.6139032625571326#9
0000 001B 2000 0000 0000 0000#1626595423627402#-59.5#0.6749515466696822#9
0000 0016 2000 0000 0000 0000#1626595423628708#-44.5#2.5770877236478773#9
0000 0012 2000 0000 0000 0000#1626595423629755#-56.5#1.7916895602504288#9
0000 0010 2000 0000 0000 0000#1626595423630851#-43.0#4.104932588381976#9
0000 001A 2000 0000 0000 0000#1626595423632154#-56.5#2.5586799541932495#9
0000 0019 2000 0000 0000 0000#1626595423633187#-46.5#3.56497135104623#9
0000 0011 2000 0000 0000 0000#1626595423635244#-49.5#3.313398501832985#9
0000 0015 2000 0000 0000 0000#1626595423637051#-61.0#0.760854470791278#9
0000 0017 2000 0000 0000 0000#1626595423640321#-45.0#0.48473792897186263#9
0000 000F 2000 0000 0000 0000#1626595423641426#-48.5#5.8475347634200645#9
0000 0018 2000 0000 0000 0000#1626595423642768#-47.0#4.700117134081604#9
0000 0014 2000 0000 0000 0000#1626595423643919#-59.0#4.374913207049849#9
0000 0013 2000 0000 0000 0000#1626595423647792#-57.5#6.160466844148735#9
0000 001D 2000 0000 0000 0000#1626595423649080#-61.0#2.110757564130642#9
0000 001C 2000 0000 0000 0000#1626595423650750#-60.0#5.00077736850719#9
0000 0011 2000 0000 0000 0000#1626595423654931#-50.5#3.3011266555298997#9
0000 0010 2000 0000 0000 0000#1626595423655975#-45.0#4.049709280018092#9
0000 0017 2000 0000 0000 0000#1626595423657308#-45.5#0.35588354278946877#9
0000 0012 2000 0000 0000 0000#1626595423658372#-57.0#1.5585244804918115#9
0000 000F 2000 0000 0000 0000#1626595423659934#-48.0#5.712544454086128#9
0000 0016 2000 0000 0000 0000#1626595423661025#-45.5#2.5157284921324514#9
0000 001D 2000 0000 0000 0000#1626595423662586#-61.0#1.9757672547967058#9
0000 001A 2000 0000 0000 0000#1626595423663672#-58.0#2.3746022596469727#9
0000 0015 2000 0000 0000 0000#1626595423665467#-61.5#0.5706408530934585#9
0000 0018 2000 0000 0000 0000#1626595423668043#-46.5#4.614214209960009#9
0000 001B 2000 0000 0000 0000#1626595423669095#-59.5#0.15339807878856412#9
0000 0019 2000 0000 0000 0000#1626595423671095#-48.5#3.552699504743145#9
0000 0014 2000 0000 0000 0000#1626595423673871#-59.0#4.23378697456437#9
0000 0013 2000 0000 0000 0000#1626595423674925#-57.0#5.970253226450915#9
0000 001C 2000 0000 0000 0000#1626595423676478#-60.5#4.822835597112456#9
0000 000F 2000 0000 0000 0000#1626595423946824#-47.5#4.06811704947272#9
0000 0010 2000 0000 0000 0000#1626595423948078#-51.5#3.2336315008629315#9
0000 0015 2000 0000 0000 0000#1626595423949145#-63.5#3.9699422790480394#9
0000 0017 2000 0000 0000 0000#1626595423950379#-44.0#4.325825821837508#9
0000 001C 2000 0000 0000 0000#1626595423951637#-62.5#3.104777114680538#9
0000 001A 2000 0000 0000 0000#1626595423953048#-58.5#5.0682725231741586#9
0000 0012 2000 0000 0000 0000#1626595423954901#-56.0#4.6878452877785195#9
0000 0016 2000 0000 0000 0000#1626595423955922#-52.0#0.4111068511533518#9
0000 0014 2000 0000 0000 0000#1626595423957003#-61.0#2.1966604882522383#9
0000 0019 2000 0000 0000 0000#1626595423959475#-59.5#2.227340104009951#9
0000 0011 2000 0000 0000 0000#1626595423962504#-57.0#0.8344855486097889#9
0000 0018 2000 0000 0000 0000#1626595423964136#-50.5#3.5956509668039427#9
0000 001B 2000 0000 0000 0000#1626595423976388#-57.0#4.135612204139688#9
0000 0013 2000 0000 0000 0000#1626595423977473#-57.0#3.859495662320273#9
0000 0018 2000 0000 0000 0000#1626595423982330#-50.5#3.7551849687440497#9
0000 0017 2000 0000 0000 0000#1626595423983408#-43.5#4.362641360746763#9
0000 0014 2000 0000 0000 0000#1626595423986046#-60.5#2.227340104009951#9
0000 0012 2000 0000 0000 0000#1626595423987122#-55.0#4.663301595172349#9
0000 001B 2000 0000 0000 0000#1626595423988628#-57.0#4.061981126321178#9
0000 0010 2000 0000 0000 0000#1626595423989781#-52.5#3.2459033471660166#9
0000 0016 2000 0000 0000 0000#1626595423990819#-52.0#0.2945243112740431#9
0000 000F 2000 0000 0000 0000#1626595423992599#-47.5#4.111068511533518#9
0000 0013 2000 0000 0000 0000#1626595423993654#-57.0#3.7551849687440497#9
0000 001A 2000 0000 0000 0000#1626595423994980#-55.5#4.945554060143307#9
0000 0019 2000 0000 0000 0000#1626595423996044#-60.0#2.116893487282185#9
0000 0011 2000 0000 0000 0000#1626595423998596#-59.0#0.6565437772150544#9
0000 0015 2000 0000 0000 0000#1626595424003795#-64.0#3.9147189706841563#9
0000 001C 2000 0000 0000 0000#1626595424004885#-62.5#2.9943304979527716#9
0000 0016 2000 0000 0000 0000#1626595424268627#-51.0#4.700117134081604#9
0000 001B 2000 0000 0000 0000#1626595424269693#-57.5#2.055534255766759#9
0000 0012 2000 0000 0000 0000#1626595424270969#-54.0#2.4605051837685683#9
