0000 001A 2000 0000 0000 0000#1626595401639995#-47.5#0.4111068511533518#9
0000 0015 2000 0000 0000 0000#1626595401641078#-48.5#3.423845118560751#9
0000 0019 2000 0000 0000 0000#1626595401642352#-48.5#5.221670601962723#9
0000 0014 2000 0000 0000 0000#1626595401643445#-47.0#2.7120780329818137#9
0000 001C 2000 0000 0000 0000#1626595401645009#-45.5#2.435961491162398#9
0000 0010 2000 0000 0000 0000#1626595401647011#-47.0#4.411728745959104#9
0000 0017 2000 0000 0000 0000#1626595401648301#-37.0#2.5709518004963345#9
0000 001D 2000 0000 0000 0000#1626595401650331#-46.5#3.0495538063166547#9
0000 0011 2000 0000 0000 0000#1626595401651363#-49.0#5.767767762450011#9
0000 0016 2000 0000 0000 0000#1626595401652954#-46.0#3.2949907323783574#9
0000 0013 2000 0000 0000 0000#1626595401654263#-47.5#2.0371264863121317#9
0000 000F 2000 0000 0000 0000#1626595401656324#-42.5#3.2827188860752723#9
0000 0018 2000 0000 0000 0000#1626595401657385#-46.0#3.8840393549264434#9
0000 001B 2000 0000 0000 0000#1626595401660693#-46.5#1.718058482431918#9
0000 0012 2000 0000 0000 0000#1626595401661740#-48.0#1.1228739367322893#9
0000 001B 2000 0000 0000 0000#1626595401670218#-46.5#1.761009944492716#9
0000 0010 2000 0000 0000 0000#1626595401671264#-47.0#4.516039439535327#9
0000 001C 2000 0000 0000 0000#1626595401673132#-45.5#2.5280003384355365#9
0000 0013 2000 0000 0000 0000#1626595401674242#-47.0#2.1230294104337273#9
0000 000F 2000 0000 0000 0000#1626595401675320#-42.5#3.3195344249845276#9
0000 0012 2000 0000 0000 0000#1626595401676637#-47.5#1.2087768608538851#9
0000 0017 2000 0000 0000 0000#1626595401677962#-36.5#2.6016314162540475#9
0000 0014 2000 0000 0000 0000#1626595401679557#-46.5#2.7979809571034093#9
0000 0011 2000 0000 0000 0000#1626595401680617#-49.0#5.994796919057086#9
0000 001D 2000 0000 0000 0000#1626595401681959#-45.0#3.1354567304382504#9
0000 0019 2000 0000 0000 0000#1626595401683303#-49.0#5.497787143782138#9
0000 0015 2000 0000 0000 0000#1626595401685303#-48.0#3.5588354278946874#9
0000 001A 2000 0000 0000 0000#1626595401686444#-45.5#0.6442719309119693#9
0000 0016 2000 0000 0000 0000#1626595401687708#-45.0#3.2643111166206444#9
0000 0018 2000 0000 0000 0000#1626595401689040#-46.0#3.9699422790480394#9
0000 000F 2000 0000 0000 0000#1626595401953789#-44.0#3.6263305825616556#9
0000 0017 2000 0000 0000 0000#1626595401955369#-36.5#2.6813984172241008#9
0000 0016 2000 0000 0000 0000#1626595401957345#-42.0#3.067961575771282#9
0000 0018 2000 0000 0000 0000#1626595401958431#-46.5#4.595806440505381#9
0000 0014 2000 0000 0000 0000#1626595401959486#-44.5#2.9145634969827183#9
0000 0010 2000 0000 0000 0000#1626595401960626#-48.0#5.4671075280244255#9
0000 001C 2000 0000 0000 0000#1626595401961713#-43.0#2.693670263527186#9
0000 001A 2000 0000 0000 0000#1626595401963227#-43.0#1.2333205534600555#9
0000 001D 2000 0000 0000 0000#1626595401964346#-44.0#3.2336315008629315#9
0000 0012 2000 0000 0000 0000#1626595401965438#-44.0#1.6444274046134073#9
0000 0013 2000 0000 0000 0000#1626595401966491#-44.5#2.3746022596469727#9
0000 001B 2000 0000 0000 0000#1626595401967570#-42.5#2.0064468705544187#9
0000 0011 2000 0000 0000 0000#1626595401969790#-47.0#0.6994952392758523#9
0000 0015 2000 0000 0000 0000#1626595401979520#-46.5#3.8410878928656453#9
0000 0019 2000 0000 0000 0000#1626595401981035#-48.0#0.5583690067903734#9
0000 001C 2000 0000 0000 0000#1626595401987805#-43.0#2.9513790358919736#9
0000 001A 2000 0000 0000 0000#1626595401989945#-42.0#1.521708941582556#9
0000 0018 2000 0000 0000 0000#1626595401992213#-47.5#4.902602598082509#9
0000 0017 2000 0000 0000 0000#1626595401993278#-36.5#3.0066023442558567#9
0000 0010 2000 0000 0000 0000#1626595401994276#-49.0#5.8045833013592665#9
0000 0016 2000 0000 0000 0000#1626595401995557#-41.0#3.3624858870453256#9
0000 0013 2000 0000 0000 0000#1626595401996582#-44.0#2.6323110320117604#9
0000 001D 2000 0000 0000 0000#1626595401998724#-43.5#3.5158839658338894#9
0000 0012 2000 0000 0000 0000#1626595401999888#-43.0#1.9266798695843652#9
0000 0011 2000 0000 0000 0000#1626595402002174#-46.0#1.0246991663076084#9
0000 001B 2000 0000 0000 0000#1626595402003508#-43.0#2.3193789512830896#9
0000 0019 2000 0000 0000 0000#1626595402004949#-47.5#0.7117670855789375#9
0000 0015 2000 0000 0000 0000#1626595402006159#-47.0#3.9085830475326135#9
0000 000F 2000 0000 0000 0000#1626595402007193#-44.0#4.049709280018092#9
0000 0014 2000 0000 0000 0000#1626595402008503#-44.0#3.2765829629237295#9
0000 000F 2000 0000 0000 0000#1626595402274175#-43.0#6.129787228391022#9
0000 001C 2000 0000 0000 0000#1626595402275217#-41.0#4.516039439535327#9
0000 0013 2000 0000 0000 0000#1626595402276256#-42.0#4.227651051412827#9
0000 0017 2000 0000 0000 0000#1626595402277377#-35.5#5.0682725231741586#9
0000 0016 2000 0000 0000 0000#1626595402278499#-39.5#5.123495831538041#9
0000 001D 2000 0000 0000 0000#1626595402280643#-42.0#4.902602598082509#9
0000 0014 2000 0000 0000 0000#1626595402281936#-42.5#4.73693267299086#9
0000 001B 2000 0000 0000 0000#1626595402283019#-41.5#3.8963112012295285#9
0000 0012 2000 0000 0000 0000#1626595402284337#-41.0#3.5465635815916023#9
0000 001A 2000 0000 0000 0000#1626595402285842#-40.5#3.1968159619536762#9
0000 0018 2000 0000 0000 0000#1626595402287061#-46.0#0.944932165337555#9
0000 0015 2000 0000 0000 0000#1626595402289863#-44.5#5.209398755659637#9
0000 0010 2000 0000 0000 0000#1626595402293414#-44.0#1.7794177139473437#9
0000 0019 2000 0000 0000 0000#1626595402296875#-44.0#2.564815877344792#9
0000 0011 2000 0000 0000 0000#1626595402297921#-42.0#2.761165418194154#9
0000 0014 2000 0000 0000 0000#1626595402301439#-42.5#4.7860200582032#9
0000 001D 2000 0000 0000 0000#1626595402303877#-41.5#4.945554060143307#9
0000 0017 2000 0000 0000 0000#1626595402305467#-35.5#5.203262832508095#9
0000 0012 2000 0000 0000 0000#1626595402306516#-41.0#3.6079228131070282#9
0000 001A 2000 0000 0000 0000#1626595402307547#-40.0#3.2581751934691017#9
0000 0016 2000 0000 0000 0000#1626595402308629#-39.5#5.2339424482658075#9
0000 0019 2000 0000 0000 0000#1626595402309734#-43.5#2.6139032625571326#9
0000 0018 2000 0000 0000 0000#1626595402310766#-46.0#1.055378782065321#9
0000 0013 2000 0000 0000 0000#1626595402311804#-41.5#4.301282129231338#9
0000 000F 2000 0000 0000 0000#1626595402313159#-43.5#0.03681553890925539#9
0000 001B 2000 0000 0000 0000#1626595402314708#-41.0#3.9638063558964967#9
0000 0015 2000 0000 0000 0000#1626595402315830#-44.5#5.246214294568893#9
0000 0011 2000 0000 0000 0000#1626595402318624#-42.0#2.834796496012665#9
0000 001C 2000 0000 0000 0000#1626595402320066#-41.0#4.6448938257177215#9
0000 0010 2000 0000 0000 0000#1626595402321221#-44.0#1.8775924843720249#9
0000 0014 2000 0000 0000 0000#1626595402592575#-41.0#4.675573441475434#9
0000 0017 2000 0000 0000 0000#1626595402593884#-34.5#5.915029918087033#9
0000 0019 2000 0000 0000 0000#1626595402595005#-41.0#2.736621725587984#9
0000 0016 2000 0000 0000 0000#1626595402597266#-40.0#5.884350302329319#9
0000 000F 2000 0000 0000 0000#1626595402599552#-41.0#0.6933593161243098#9
0000 0012 2000 0000 0000 0000#1626595402600600#-39.0#3.6876898140770815#9
0000 001B 2000 0000 0000 0000#1626595402601922#-39.0#4.025165587411922#9
0000 0011 2000 0000 0000 0000#1626595402603439#-40.0#2.8961557275280905#9
0000 001C 2000 0000 0000 0000#1626595402604538#-39.0#4.540583132141498#9
0000 0013 2000 0000 0000 0000#1626595402605848#-40.0#4.319689898685965#9
0000 001A 2000 0000 0000 0000#1626595402607526#-37.0#3.3440781175906977#9
0000 0015 2000 0000 0000 0000#1626595402610691#-43.5#5.013049214810275#9
0000 0010 2000 0000 0000 0000#1626595402612154#-42.0#2.116893487282185#9
0000 0018 2000 0000 0000 0000#1626595402613285#-42.5#1.533980787885641#9
0000 001D 2000 0000 0000 0000#1626595402615332#-41.0#4.76147636559703#9
0000 0011 2000 0000 0000 0000#1626595402620387#-40.0#2.9329712664373457#9
0000 001A 2000 0000 0000 0000#1626595402621462#-38.0#3.3747577333484107#9
0000 0016 2000 0000 0000 0000#1626595402622512#-40.0#5.970253226450915#9
0000 000F 2000 0000 0000 0000#1626595402624116#-40.5#0.7853981633974483#9
0000 0013 2000 0000 0000 0000#1626595402625397#-40.0#4.344233591292136#9
0000 001C 2000 0000 0000 0000#1626595402626684#-39.0#4.565126824747668#9
0000 001B 2000 0000 0000 0000#1626595402628944#-39.0#4.061981126321178#9
0000 0019 2000 0000 0000 0000#1626595402629979#-41.0#2.7979809571034093#9
0000 001D 2000 0000 0000 0000#1626595402631738#-41.0#4.779884135051658#9
0000 0012 2000 0000 0000 0000#1626595402632844#-39.0#3.7429131224409646#9
0000 0014 2000 0000 0000 0000#1626595402634138#-41.0#4.724660826687775#9
0000 0010 2000 0000 0000 0000#1626595402635399#-42.0#2.1659808724945253#9
0000 0017 2000 0000 0000 0000#1626595402636488#-34.5#6.086835766330224#9
0000 0015 2000 0000 0000 0000#1626595402637708#-43.5#5.0253210611133605#9
0000 0018 2000 0000 0000 0000#1626595402640096#-42.0#1.5953400194010667#9
0000 0014 2000 0000 0000 0000#1626595402909883#-39.5#5.184855063053467#9
0000 0017 2000 0000 0000 0000#1626595402911976#-31.5#0.944932165337555#9
0000 0019 2000 0000 0000 0000#1626595402913295#-39.0#3.5833791205008576#9
0000 001B 2000 0000 0000 0000#1626595402914881#-38.0#4.718524903536232#9
0000 0018 2000 0000 0000 0000#1626595402916165#-39.0#2.4175537217077703#9
0000 001A 2000 0000 0000 0000#1626595402917916#-36.5#4.129476280988146#9
0000 0012 2000 0000 0000 0000#1626595402918938#-37.5#4.466952054322987#9
0000 0011 2000 0000 0000 0000#1626595402921085#-38.0#3.749049045592507#9
0000 001C 2000 0000 0000 0000#1626595402922286#-37.5#5.092816215780329#9
0000 0015 2000 0000 0000 0000#1626595402923605#-43.5#5.3627968344482015#9
0000 0016 2000 0000 0000 0000#1626595402924884#-37.5#1.012427320004523#9
0000 0013 2000 0000 0000 0000#1626595402925941#-38.5#4.963961829597935#9
0000 000F 2000 0000 0000 0000#1626595402926990#-36.5#1.8039614065535141#9
0000 001D 2000 0000 0000 0000#1626595402928094#-40.0#5.178719139901925#9
0000 0010 2000 0000 0000 0000#1626595402930125#-39.5#2.9636508821950587#9
0000 0012 2000 0000 0000 0000#1626595402934155#-37.0#4.491495746929157#9
0000 000F 2000 0000 0000 0000#1626595402935504#-36.5#1.8285050991596843#9
0000 0015 2000 0000 0000 0000#1626595402936767#-44.0#5.356660911296659#9
0000 0017 2000 0000 0000 0000#1626595402937801#-31.0#1.000155473701438#9
0000 0016 2000 0000 0000 0000#1626595402939105#-37.0#1.0615147052168636#9
0000 001C 2000 0000 0000 0000#1626595402941651#-37.5#5.117359908386499#9
0000 001A 2000 0000 0000 0000#1626595402944241#-34.5#4.184699589352029#9
0000 0010 2000 0000 0000 0000#1626595402946291#-39.5#3.018874190558942#9
0000 0018 2000 0000 0000 0000#1626595402947578#-38.5#2.4850488763747385#9
0000 001B 2000 0000 0000 0000#1626595402949716#-37.5#4.76147636559703#9
0000 0011 2000 0000 0000 0000#1626595402951245#-38.0#3.816544200259475#9
0000 0019 2000 0000 0000 0000#1626595402952268#-38.5#3.6570101983193686#9
0000 0013 2000 0000 0000 0000#1626595402953819#-38.5#4.994641445355648#9
0000 0014 2000 0000 0000 0000#1626595402955130#-39.5#5.221670601962723#9
0000 001D 2000 0000 0000 0000#1626595402957148#-40.0#5.197126909356553#9
0000 0012 2000 0000 0000 0000#1626595403225530#-37.0#4.4976316700806995#9
0000 0015 2000 0000 0000 0000#1626595403226793#-44.0#5.013049214810275#9
0000 0011 2000 0000 0000 0000#1626595403229838#-35.5#3.8533597391687304#9
0000 001D 2000 0000 0000 0000#1626595403231143#-40.5#4.902602598082509#9
0000 0016 2000 0000 0000 0000#1626595403232721#-35.0#1.6444274046134073#9
0000 0017 2000 0000 0000 0000#1626595403234557#-29.5#1.4787574795217582#9
0000 0014 2000 0000 0000 0000#1626595403235870#-39.5#4.9823695990525625#9
0000 000F 2000 0000 0000 0000#1626595403237447#-34.0#2.1537090261914402#9
0000 001B 2000 0000 0000 0000#1626595403238800#-37.5#4.6878452877785195#9
0000 001A 2000 0000 0000 0000#1626595403240315#-35.5#4.196971435655114#9
0000 0019 2000 0000 0000 0000#1626595403241321#-38.0#3.749049045592507#9
0000 0018 2000 0000 0000 0000#1626595403242757#-35.0#2.6813984172241008#9
0000 0010 2000 0000 0000 0000#1626595403244807#-36.0#3.153864499892878#9
0000 001C 2000 0000 0000 0000#1626595403246206#-38.0#4.933282213840222#9
0000 0013 2000 0000 0000 0000#1626595403247231#-38.5#4.890330751779424#9
0000 0017 2000 0000 0000 0000#1626595403251272#-29.0#1.5278448647340985#9
0000 0018 2000 0000 0000 0000#1626595403253202#-36.5#2.705942109830271#9
0000 0015 2000 0000 0000 0000#1626595403254731#-44.0#5.006913291658733#9
0000 001C 2000 0000 0000 0000#1626595403255832#-38.0#4.933282213840222#9
0000 0016 2000 0000 0000 0000#1626595403257139#-35.0#1.7241944055834606#9
0000 0014 2000 0000 0000 0000#1626595403258448#-39.5#4.994641445355648#9
0000 000F 2000 0000 0000 0000#1626595403259787#-34.0#2.1966604882522383#9
0000 0011 2000 0000 0000 0000#1626595403261349#-37.0#3.9269908169872414#9
0000 001A 2000 0000 0000 0000#1626595403262396#-35.5#4.227651051412827#9
0000 001D 2000 0000 0000 0000#1626595403264290#-41.0#4.902602598082509#9
0000 001B 2000 0000 0000 0000#1626595403266285#-37.5#4.675573441475434#9
0000 0019 2000 0000 0000 0000#1626595403267362#-37.5#3.773592738198677#9
0000 0010 2000 0000 0000 0000#1626595403269169#-37.5#3.2029518851052186#9
0000 0013 2000 0000 0000 0000#1626595403271919#-38.5#4.908738521234052#9
0000 0012 2000 0000 0000 0000#1626595403272996#-37.0#4.528311285838413#9
0000 000F 2000 0000 0000 0000#1626595403536870#-32.5#3.6754179677739964#9
0000 0016 2000 0000 0000 0000#1626595403538064#-33.0#3.3747577333484107#9
0000 001B 2000 0000 0000 0000#1626595403539370#-37.5#5.602097837358362#9
0000 0010 2000 0000 0000 0000#1626595403540446#-35.5#4.454680208019902#9
0000 0013 2000 0000 0000 0000#1626595403542232#-39.0#5.798447378207723#9
0000 0014 2000 0000 0000 0000#1626595403543343#-40.5#5.792311455056181#9
0000 0011 2000 0000 0000 0000#1626595403544417#-35.5#5.013049214810275#9
0000 0017 2000 0000 0000 0000#1626595403545706#-28.0#3.129320807286708#9
0000 0018 2000 0000 0000 0000#1626595403546837#-33.0#4.104932588381976#9
0000 0012 2000 0000 0000 0000#1626595403547896#-37.5#5.5284667595398505#9
0000 0019 2000 0000 0000 0000#1626595403548976#-36.5#4.9394181369917645#9
0000 001D 2000 0000 0000 0000#1626595403550907#-42.5#5.5714182216006485#9
0000 0015 2000 0000 0000 0000#1626595403552593#-46.0#5.589825991055276#9
0000 001A 2000 0000 0000 0000#1626595403556451#-35.5#5.246214294568893#9
0000 001C 2000 0000 0000 0000#1626595403557562#-39.0#5.749359992995383#9
0000 0017 2000 0000 0000 0000#1626595403563001#-28.0#3.1906800388021335#9
0000 0013 2000 0000 0000 0000#1626595403564836#-39.0#5.810719224510809#9
0000 0011 2000 0000 0000 0000#1626595403566752#-35.5#5.031456984264903#9
0000 0018 2000 0000 0000 0000#1626595403568338#-34.0#4.1417481272912315#9
0000 0014 2000 0000 0000 0000#1626595403569861#-40.5#5.767767762450011#9
0000 0016 2000 0000 0000 0000#1626595403571141#-33.0#3.479068426924634#9
0000 001B 2000 0000 0000 0000#1626595403572192#-37.5#5.620505606812989#9
0000 001C 2000 0000 0000 0000#1626595403573528#-39.0#5.755495916146925#9
0000 0010 2000 0000 0000 0000#1626595403574894#-33.5#4.485359823777615#9
0000 000F 2000 0000 0000 0000#1626595403576372#-32.5#3.749049045592507#9
0000 001A 2000 0000 0000 0000#1626595403579459#-35.5#5.2768939103266055#9
0000 0012 2000 0000 0000 0000#1626595403580636#-37.5#5.5284667595398505#9
0000 001D 2000 0000 0000 0000#1626595403581669#-42.0#5.559146375297564#9
0000 0019 2000 0000 0000 0000#1626595403582706#-36.5#4.970097752749477#9
0000 0015 2000 0000 0000 0000#1626595403584296#-46.5#5.559146375297564#9
0000 001A 2000 0000 0000 0000#1626595403848077#-37.5#4.755340442445488#9
0000 0012 2000 0000 0000 0000#1626595403850185#-38.5#4.970097752749477#9
0000 001D 2000 0000 0000 0000#1626595403851260#-45.0#4.669437518323892#9
0000 0011 2000 0000 0000 0000#1626595403852388#-35.5#4.595806440505381#9
0000 0014 2000 0000 0000 0000#1626595403853456#-43.5#4.988505522204105#9
0000 000F 2000 0000 0000 0000#1626595403854578#-31.0#3.6447383520162835#9
0000 001B 2000 0000 0000 0000#1626595403855641#-39.5#4.963961829597935#9
0000 0010 2000 0000 0000 0000#1626595403856704#-35.0#4.172427743048944#9
0000 0017 2000 0000 0000 0000#1626595403857848#-25.5#3.2213596545598464#9
0000 0015 2000 0000 0000 0000#1626595403859202#-48.5#4.620350133111551#9
0000 0016 2000 0000 0000 0000#1626595403860762#-32.5#3.6386024288647407#9
0000 0018 2000 0000 0000 0000#1626595403862134#-33.0#3.933126740138784#9
0000 0013 2000 0000 0000 0000#1626595403863544#-41.5#5.117359908386499#9
0000 001C 2000 0000 0000 0000#1626595403865181#-41.5#5.00077736850719#9
0000 0019 2000 0000 0000 0000#1626595403866232#-37.0#4.589670517353839#9
0000 000F 2000 0000 0000 0000#1626595403871075#-31.5#3.6692820446224537#9
0000 0010 2000 0000 0000 0000#1626595403872476#-33.5#4.2031073588066565#9
0000 0018 2000 0000 0000 0000#1626595403873766#-34.0#3.9392626632903265#9
0000 001B 2000 0000 0000 0000#1626595403875555#-39.5#4.9394181369917645#9
0000 0014 2000 0000 0000 0000#1626595403876624#-43.0#4.97623367590102#9
0000 0012 2000 0000 0000 0000#1626595403877744#-38.5#4.9394181369917645#9
0000 001D 2000 0000 0000 0000#1626595403879061#-45.0#4.638757902566179#9
0000 0017 2000 0000 0000 0000#1626595403881318#-27.0#3.2704470397721868#9
0000 0011 2000 0000 0000 0000#1626595403882650#-36.5#4.595806440505381#9
0000 001A 2000 0000 0000 0000#1626595403883681#-38.0#4.73693267299086#9
0000 0019 2000 0000 0000 0000#1626595403885485#-37.0#4.583534594202296#9
0000 0016 2000 0000 0000 0000#1626595403887033#-32.5#3.6999616603801666#9
0000 001C 2000 0000 0000 0000#1626595403888089#-41.5#4.963961829597935#9
0000 0013 2000 0000 0000 0000#1626595403890027#-41.5#5.086680292628786#9
0000 0015 2000 0000 0000 0000#1626595403891933#-49.0#4.552854978444583#9
0000 0010 2000 0000 0000 0000#1626595404157607#-33.5#4.448544284868359#9
0000 001B 2000 0000 0000 0000#1626595404158661#-42.0#4.749204519293945#9
0000 000F 2000 0000 0000 0000#1626595404160178#-31.0#4.2031073588066565#9
0000 001D 2000 0000 0000 0000#1626595404161225#-46.0#4.313553975534423#9
0000 0013 2000 0000 0000 0000#1626595404162294#-43.5#4.865787059173254#9
0000 0019 2000 0000 0000 0000#1626595404163314#-38.0#4.681709364626977#9
0000 001A 2000 0000 0000 0000#1626595404164404#-39.0#4.632621979414636#9
0000 0016 2000 0000 0000 0000#1626595404165780#-31.5#4.4362724385652745#9
0000 001C 2000 0000 0000 0000#1626595404167565#-44.0#4.706253057233147#9
0000 0017 2000 0000 0000 0000#1626595404168598#-27.0#3.9208548938356986#9
0000 0011 2000 0000 0000 0000#1626595404169914#-37.5#4.577398671050753#9
0000 0018 2000 0000 0000 0000#1626595404171444#-33.0#4.331961744989051#9
0000 0012 2000 0000 0000 0000#1626595404173474#-41.0#4.779884135051658#9
0000 0014 2000 0000 0000 0000#1626595404176423#-45.5#4.675573441475434#9
0000 0015 2000 0000 0000 0000#1626595404178994#-50.0#4.25833066717054#9
0000 000F 2000 0000 0000 0000#1626595404184947#-30.5#4.2092432819582#9
0000 0016 2000 0000 0000 0000#1626595404186545#-32.0#4.466952054322987#9
0000 001B 2000 0000 0000 0000#1626595404187795#-42.0#4.6878452877785195#9
0000 0018 2000 0000 0000 0000#1626595404189086#-33.0#4.331961744989051#9
0000 0017 2000 0000 0000 0000#1626595404190546#-27.0#3.933126740138784#9
0000 0011 2000 0000 0000 0000#1626595404192142#-36.5#4.546719055293041#9
0000 0014 2000 0000 0000 0000#1626595404194199#-45.5#4.651029748869264#9
0000 0012 2000 0000 0000 0000#1626595404195248#-41.0#4.724660826687775#9
0000 0013 2000 0000 0000 0000#1626595404198550#-44.0#4.804427827657828#9
0000 001D 2000 0000 0000 0000#1626595404199984#-46.0#4.239922897715912#9
0000 001C 2000 0000 0000 0000#1626595404204455#-43.5#4.669437518323892#9
0000 001A 2000 0000 0000 0000#1626595404205485#-39.0#4.546719055293041#9
0000 0019 2000 0000 0000 0000#1626595404206521#-38.0#4.638757902566179#9
0000 0010 2000 0000 0000 0000#1626595404207837#-35.0#4.4362724385652745#9
0000 0015 2000 0000 0000 0000#1626595404210355#-50.0#4.215379205109742#9
0000 0016 2000 0000 0000 0000#1626595404473600#-32.0#4.430136515413731#9
0000 0017 2000 0000 0000 0000#1626595404474618#-26.5#3.693825737228624#9
0000 0019 2000 0000 0000 0000#1626595404475665#-38.5#3.9208548938356986#9
0000 0018 2000 0000 0000 0000#1626595404477008#-32.5#3.877903431774901#9
0000 0010 2000 0000 0000 0000#1626595404478864#-34.0#3.8963112012295285#9
0000 0011 2000 0000 0000 0000#1626595404480802#-37.0#3.736777199289422#9
0000 001C 2000 0000 0000 0000#1626595404481877#-45.5#3.785864584501762#9
0000 001A 2000 0000 0000 0000#1626595404484218#-38.0#3.6447383520162835#9
0000 0012 2000 0000 0000 0000#1626595404485278#-42.0#3.8288160465625602#9
0000 0014 2000 0000 0000 0000#1626595404486529#-47.5#3.773592738198677#9
0000 000F 2000 0000 0000 0000#1626595404487592#-31.5#3.877903431774901#9
0000 0015 2000 0000 0000 0000#1626595404490601#-52.5#3.442252888015379#9
0000 0013 2000 0000 0000 0000#1626595404492008#-46.0#3.9147189706841563#9
0000 001B 2000 0000 0000 0000#1626595404494626#-43.0#3.77972866135022#9
0000 001D 2000 0000 0000 0000#1626595404496345#-47.0#3.380893656499953#9
0000 001B 2000 0000 0000 0000#1626595404501582#-43.0#3.7551849687440497#9
0000 0015 2000 0000 0000 0000#1626595404502662#-53.0#3.423845118560751#9
0000 0011 2000 0000 0000 0000#1626595404504206#-38.0#3.706097583531709#9
0000 0012 2000 0000 0000 0000#1626595404506024#-41.5#3.773592738198677#9
0000 000F 2000 0000 0000 0000#1626595404507087#-31.5#3.8717675086233583#9
0000 0016 2000 0000 0000 0000#1626595404508622#-31.5#4.448544284868359#9
0000 0014 2000 0000 0000 0000#1626595404510174#-47.0#3.7429131224409646#9
0000 001C 2000 0000 0000 0000#1626595404511484#-45.5#3.730641276137879#9
0000 0017 2000 0000 0000 0000#1626595404512803#-26.5#3.6876898140770815#9
0000 001D 2000 0000 0000 0000#1626595404514135#-49.0#3.3870295796514958#9
0000 001A 2000 0000 0000 0000#1626595404515951#-40.0#3.5956509668039427#9
0000 0018 2000 0000 0000 0000#1626595404517539#-34.0#3.8288160465625602#9
0000 0013 2000 0000 0000 0000#1626595404519076#-46.0#3.877903431774901#9
0000 0019 2000 0000 0000 0000#1626595404520239#-38.5#3.8288160465625602#9
0000 0010 2000 0000 0000 0000#1626595404522611#-35.5#3.847223816017188#9
0000 0016 2000 0000 0000 0000#1626595404787543#-31.0#5.264622064023521#9
0000 001B 2000 0000 0000 0000#1626595404788608#-44.5#3.988350048502667#9
0000 000F 2000 0000 0000 0000#1626595404789729#-30.0#4.4976316700806995#9
0000 0018 2000 0000 0000 0000#1626595404790776#-32.5#4.374913207049849#9
0000 001C 2000 0000 0000 0000#1626595404791889#-47.5#3.9576704327449543#9
0000 0014 2000 0000 0000 0000#1626595404795553#-49.5#3.933126740138784#9
0000 0012 2000 0000 0000 0000#1626595404797325#-42.0#3.9944859716542096#9
0000 0011 2000 0000 0000 0000#1626595404798572#-37.5#4.006757817957295#9
0000 0015 2000 0000 0000 0000#1626595404799878#-57.0#3.442252888015379#9
0000 001A 2000 0000 0000 0000#1626595404800924#-40.0#3.847223816017188#9
0000 0017 2000 0000 0000 0000#1626595404802257#-25.5#4.430136515413731#9
0000 0013 2000 0000 0000 0000#1626595404806955#-46.5#4.0558452031696355#9
0000 0010 2000 0000 0000 0000#1626595404809097#-34.0#4.25833066717054#9
0000 001D 2000 0000 0000 0000#1626595404810143#-52.5#3.442252888015379#9
0000 0019 2000 0000 0000 0000#1626595404811221#-37.5#4.1417481272912315#9
0000 0013 2000 0000 0000 0000#1626595404817553#-46.5#4.031301510563465#9
0000 0012 2000 0000 0000 0000#1626595404818632#-42.0#3.9699422790480394#9
0000 001C 2000 0000 0000 0000#1626595404819673#-48.0#3.890175278077986#9
0000 0018 2000 0000 0000 0000#1626595404821240#-32.5#4.3503695144436785#9
0000 000F 2000 0000 0000 0000#1626595404822246#-30.5#4.473087977474529#9
0000 0014 2000 0000 0000 0000#1626595404823540#-50.5#3.8533597391687304#9
0000 0017 2000 0000 0000 0000#1626595404824652#-24.0#4.405592822807561#9
0000 0010 2000 0000 0000 0000#1626595404826112#-32.5#4.246058820867455#9
0000 0016 2000 0000 0000 0000#1626595404827148#-31.0#5.264622064023521#9
0000 0011 2000 0000 0000 0000#1626595404828648#-36.5#3.9515345095934116#9
0000 001D 2000 0000 0000 0000#1626595404838258#-53.5#3.184544115650591#9
0000 001A 2000 0000 0000 0000#1626595404839348#-40.0#3.5588354278946874#9
0000 0015 2000 0000 0000 0000#1626595404841093#-58.5#3.117048960983623#9
0000 0019 2000 0000 0000 0000#1626595404842169#-38.0#3.890175278077986#9
0000 001B 2000 0000 0000 0000#1626595404844118#-44.0#3.6754179677739964#9
0000 0010 2000 0000 0000 0000#1626595405109623#-35.5#3.2029518851052186#9
0000 0015 2000 0000 0000 0000#1626595405111770#-63.0#0.944932165337555#9
0000 0011 2000 0000 0000 0000#1626595405112859#-38.5#2.736621725587984#9
0000 000F 2000 0000 0000 0000#1626595405113939#-31.0#3.5465635815916023#9
0000 0017 2000 0000 0000 0000#1626595405115243#-26.0#3.552699504743145#9
0000 0016 2000 0000 0000 0000#1626595405116550#-31.5#4.614214209960009#9
0000 0018 2000 0000 0000 0000#1626595405117677#-32.5#3.3379421944391554#9
0000 001B 2000 0000 0000 0000#1626595405118713#-47.0#2.466641106920111#9
0000 001D 2000 0000 0000 0000#1626595405119789#-58.5#1.3867186322486196#9
0000 0019 2000 0000 0000 0000#1626595405121973#-39.0#2.9022916506796332#9
0000 001C 2000 0000 0000 0000#1626595405123073#-52.5#2.1782527187976104#9
0000 001A 2000 0000 0000 0000#1626595405124615#-42.0#2.4605051837685683#9
0000 0013 2000 0000 0000 0000#1626595405125925#-50.0#2.4727770300716534#9
0000 0012 2000 0000 0000 0000#1626595405126957#-44.5#2.552544031041707#9
0000 0014 2000 0000 0000 0000#1626595405129700#-54.0#2.067806102069844#9
0000 0015 2000 0000 0000 0000#1626595405133654#-63.5#0.8099418560036186#9
0000 001D 2000 0000 0000 0000#1626595405135398#-58.0#1.3621749396424494#9
0000 0016 2000 0000 0000 0000#1626595405136675#-31.5#4.589670517353839#9
0000 000F 2000 0000 0000 0000#1626595405138493#-31.0#3.509748042682347#9
0000 0010 2000 0000 0000 0000#1626595405140129#-34.5#3.11091303783208#9
0000 0017 2000 0000 0000 0000#1626595405141692#-26.5#3.5281558121369745#9
0000 0019 2000 0000 0000 0000#1626595405142982#-39.0#2.84706834231575#9
0000 0013 2000 0000 0000 0000#1626595405144019#-51.0#2.423689644859313#9
0000 001B 2000 0000 0000 0000#1626595405145340#-47.5#2.3746022596469727#9
0000 001A 2000 0000 0000 0000#1626595405147168#-42.0#2.386874105950058#9
0000 0012 2000 0000 0000 0000#1626595405148244#-44.5#2.478912953223196#9
0000 0018 2000 0000 0000 0000#1626595405149488#-34.0#3.2888548092268146#9
0000 001C 2000 0000 0000 0000#1626595405152807#-53.0#2.067806102069844#9
0000 0011 2000 0000 0000 0000#1626595405154138#-38.5#2.6384469551633027#9
0000 0014 2000 0000 0000 0000#1626595405155233#-54.5#1.9389517158874505#9
0000 001D 2000 0000 0000 0000#1626595405420323#-51.5#5.080544369477243#9
0000 0017 2000 0000 0000 0000#1626595405422452#-27.0#3.3011266555298997#9
0000 0018 2000 0000 0000 0000#1626595405425272#-33.0#2.9329712664373457#9
3008 33B2 DDD9 0140 2018 0626#1626595405426335#-61.5#5.620505606812989#9
0000 000F 2000 0000 0000 0000#1626595405427399#-32.0#3.1968159619536762#9
0000 0019 2000 0000 0000 0000#1626595405428490#-40.0#2.411417798556228#9
0000 0011 2000 0000 0000 0000#1626595405429821#-40.0#2.1905245651006955#9
0000 0015 2000 0000 0000 0000#1626595405430940#-48.5#4.71238898038469#9
0000 0016 2000 0000 0000 0000#1626595405431993#-32.5#4.4362724385652745#9
0000 0010 2000 0000 0000 0000#1626595405433121#-36.0#2.6875343403756435#9
0000 001B 2000 0000 0000 0000#1626595405434428#-51.0#1.5278448647340985#9
0000 0012 2000 0000 0000 0000#1626595405435519#-47.0#1.846912868614312#9
0000 001C 2000 0000 0000 0000#1626595405436715#-56.5#0.5829126993965437#9
0000 001A 2000 0000 0000 0000#1626595405437884#-42.0#1.8285050991596843#9
0000 0013 2000 0000 0000 0000#1626595405440208#-54.0#1.325359400733194#9
0000 0014 2000 0000 0000 0000#1626595405441403#-56.5#0.3190680038802134#9
3008 33B2 DDD9 0140 2018 0626#1626595405445206#-61.0#5.663457068873787#9
0000 000F 2000 0000 0000 0000#1626595405453914#-32.0#2.552544031041707#9
0000 001D 2000 0000 0000 0000#1626595405454979#-50.5#4.147884050442774#9
0000 001C 2000 0000 0000 0000#1626595405456035#-57.5#6.160466844148735#9
0000 001A 2000 0000 0000 0000#1626595405457191#-43.0#1.1965050145508#9
0000 0014 2000 0000 0000 0000#1626595405458227#-57.0#5.884350302329319#9
0000 0017 2000 0000 0000 0000#1626595405459502#-27.5#2.5832236467994196#9
0000 0011 2000 0000 0000 0000#1626595405460576#-41.5#1.5707963267948966#9
0000 001B 2000 0000 0000 0000#1626595405461697#-51.5#0.859029241215959#9
0000 0012 2000 0000 0000 0000#1626595405464209#-48.0#1.1903690913992575#9
0000 0013 2000 0000 0000 0000#1626595405465303#-55.0#0.662679700366597#9
0000 0016 2000 0000 0000 0000#1626595405468049#-33.0#3.792000507653305#9
0000 0018 2000 0000 0000 0000#1626595405470115#-34.0#2.2886993355253766#9
0000 0015 2000 0000 0000 0000#1626595405472817#-49.0#3.8533597391687304#9
0000 0010 2000 0000 0000 0000#1626595405474248#-36.5#2.0493983326152168#9
0000 0019 2000 0000 0000 0000#1626595405476365#-41.0#1.7732817907958012#9
0000 0017 2000 0000 0000 0000#1626595405740063#-29.0#2.2396119503130363#9
0000 001A 2000 0000 0000 0000#1626595405741121#-49.0#0.30066023442558565#9
0000 0018 2000 0000 0000 0000#1626595405742212#-37.0#1.859184714917397#9
0000 0013 2000 0000 0000 0000#1626595405743321#-53.5#4.534447208989955#9
0000 001B 2000 0000 0000 0000#1626595405744342#-55.5#5.418020142812084#9
0000 0016 2000 0000 0000 0000#1626595405745406#-34.0#3.522019888985432#9
0000 0011 2000 0000 0000 0000#1626595405746481#-44.5#0.8713010875190442#9
0000 000F 2000 0000 0000 0000#1626595405749680#-34.0#2.141437179888355#9
0000 001D 2000 0000 0000 0000#1626595405750741#-50.5#2.773437264497239#9
0000 0014 2000 0000 0000 0000#1626595405753440#-48.0#2.9636508821950587#9
0000 0012 2000 0000 0000 0000#1626595405754973#-52.0#0.0674951546669682#9
0000 001C 2000 0000 0000 0000#1626595405756044#-47.0#3.0372819600135696#9
0000 0010 2000 0000 0000 0000#1626595405758100#-39.5#1.576932249946439#9
0000 0015 2000 0000 0000 0000#1626595405761330#-62.5#3.0066023442558567#9
0000 0019 2000 0000 0000 0000#1626595405763019#-44.0#1.1596894756415448#9
0000 0013 2000 0000 0000 0000#1626595405768405#-51.5#4.190835512503572#9
0000 000F 2000 0000 0000 0000#1626595405769712#-34.0#2.0923497946760143#9
0000 0012 2000 0000 0000 0000#1626595405771295#-52.0#6.191146459906448#9
0000 0016 2000 0000 0000 0000#1626595405773071#-34.5#3.479068426924634#9
0000 001C 2000 0000 0000 0000#1626595405774370#-47.0#2.9022916506796332#9
0000 0015 2000 0000 0000 0000#1626595405777500#-63.0#2.988194574801229#9
0000 0019 2000 0000 0000 0000#1626595405778605#-44.5#1.0983302441261191#9
0000 0017 2000 0000 0000 0000#1626595405780167#-29.0#2.1537090261914402#9
0000 0014 2000 0000 0000 0000#1626595405781703#-47.5#2.8532042654672924#9
0000 001A 2000 0000 0000 0000#1626595405782990#-50.0#0.0859029241215959#9
0000 0010 2000 0000 0000 0000#1626595405784078#-40.0#1.5155730184310134#9
0000 0018 2000 0000 0000 0000#1626595405785083#-37.5#1.7671458676442586#9
0000 0011 2000 0000 0000 0000#1626595405787439#-45.5#0.7669903939428205#9
0000 001B 2000 0000 0000 0000#1626595405789129#-54.0#4.73693267299086#9
0000 001D 2000 0000 0000 0000#1626595405790433#-53.0#2.773437264497239#9
0000 0012 2000 0000 0000 0000#1626595406056963#-44.0#3.8963112012295285#9
0000 0010 2000 0000 0000 0000#1626595406058063#-44.0#1.564660403643354#9
0000 001A 2000 0000 0000 0000#1626595406059394#-46.5#4.534447208989955#9
0000 0017 2000 0000 0000 0000#1626595406060714#-31.5#2.386874105950058#9
0000 0011 2000 0000 0000 0000#1626595406072167#-47.5#6.031612457966341#9
0000 001C 2000 0000 0000 0000#1626595406074081#-55.0#3.5036121195308043#9
0000 000F 2000 0000 0000 0000#1626595406075975#-37.5#2.073942025221387#9
0000 0016 2000 0000 0000 0000#1626595406077026#-36.0#3.509748042682347#9
0000 0013 2000 0000 0000 0000#1626595406078147#-46.5#3.2581751934691017#9
0000 001B 2000 0000 0000 0000#1626595406079216#-44.0#3.160000423044421#9
0000 0019 2000 0000 0000 0000#1626595406080278#-50.0#0.380427235395639#9
0000 0018 2000 0000 0000 0000#1626595406081353#-41.5#1.6996507129772904#9
0000 0015 2000 0000 0000 0000#1626595406082385#-69.0#2.5341362615870793#9
0000 0014 2000 0000 0000 0000#1626595406085633#-60.5#3.2459033471660166#9
0000 0017 2000 0000 0000 0000#1626595406090956#-31.5#2.1353012567368124#9
0000 0013 2000 0000 0000 0000#1626595406092010#-47.0#3.2459033471660166#9
0000 0018 2000 0000 0000 0000#1626595406093100#-41.5#1.6751070203711202#9
0000 0010 2000 0000 0000 0000#1626595406094867#-44.5#1.2517283229146832#9
0000 0012 2000 0000 0000 0000#1626595406096175#-43.0#3.485204350076177#9
0000 000F 2000 0000 0000 0000#1626595406098706#-37.5#2.030990563160589#9
0000 001A 2000 0000 0000 0000#1626595406099861#-43.5#3.9638063558964967#9
0000 0014 2000 0000 0000 0000#1626595406100973#-61.5#3.1968159619536762#9
0000 0015 2000 0000 0000 0000#1626595406102577#-65.5#2.2150682577068657#9
0000 0019 2000 0000 0000 0000#1626595406104108#-50.5#0.2270291566070749#9
0000 0016 2000 0000 0000 0000#1626595406105158#-36.0#3.479068426924634#9
0000 001B 2000 0000 0000 0000#1626595406106708#-44.5#3.153864499892878#9
0000 0011 2000 0000 0000 0000#1626595406109706#-49.0#5.712544454086128#9
0000 001C 2000 0000 0000 0000#1626595406111889#-57.5#3.466796580621549#9
0000 0011 2000 0000 0000 0000#1626595406377977#-44.0#3.147728576741336#9
0000 001A 2000 0000 0000 0000#1626595406380442#-46.0#2.5586799541932495#9
0000 0013 2000 0000 0000 0000#1626595406382066#-61.0#2.1353012567368124#9
0000 000F 2000 0000 0000 0000#1626595406383570#-44.5#0.9817477042468103#9
0000 0019 2000 0000 0000 0000#1626595406384890#-46.5#3.6570101983193686#9
0000 0016 2000 0000 0000 0000#1626595406386152#-39.5#2.6139032625571326#9
0000 0010 2000 0000 0000 0000#1626595406387717#-49.5#5.203262832508095#9
0000 0017 2000 0000 0000 0000#1626595406388808#-38.0#1.184233168247715#9
0000 0015 2000 0000 0000 0000#1626595406392101#-58.0#0.5460971604872883#9
0000 0012 2000 0000 0000 0000#1626595406393148#-51.5#2.6261751088602177#9
0000 001B 2000 0000 0000 0000#1626595406394423#-59.0#2.5280003384355365#9
0000 0018 2000 0000 0000 0000#1626595406395726#-50.0#0.018407769454627694#9
0000 0014 2000 0000 0000 0000#1626595406397165#-64.0#5.8659425328746915#9
0000 0017 2000 0000 0000 0000#1626595406402977#-37.0#1.1596894756415448#9
0000 001A 2000 0000 0000 0000#1626595406404347#-45.5#2.552544031041707#9
0000 001B 2000 0000 0000 0000#1626595406405426#-59.5#2.4727770300716534#9
0000 0019 2000 0000 0000 0000#1626595406407742#-45.5#3.5711072741977725#9
0000 0014 2000 0000 0000 0000#1626595406409293#-64.5#5.835262917116979#9
0000 0011 2000 0000 0000 0000#1626595406411950#-44.0#3.0066023442558567#9
0000 000F 2000 0000 0000 0000#1626595406413824#-45.5#0.8774370106705868#9
0000 0018 2000 0000 0000 0000#1626595406414914#-50.0#6.178874613603362#9
0000 0016 2000 0000 0000 0000#1626595406416208#-40.0#2.5709518004963345#9
0000 0013 2000 0000 0000 0000#1626595406417249#-60.5#1.7548740213411735#9
0000 0012 2000 0000 0000 0000#1626595406418391#-51.0#2.650718801466388#9
0000 0015 2000 0000 0000 0000#1626595406420540#-58.5#0.5276893910326605#9
0000 0010 2000 0000 0000 0000#1626595406421663#-47.5#4.871922982324796#9
0000 0010 2000 0000 0000 0000#1626595406686390#-47.5#3.172272269347506#9
0000 0019 2000 0000 0000 0000#1626595406688517#-50.5#2.693670263527186#9
0000 0017 2000 0000 0000 0000#1626595406690038#-46.0#5.786175531904639#9
0000 0014 2000 0000 0000 0000#1626595406691091#-61.5#3.436116964863836#9
0000 0012 2000 0000 0000 0000#1626595406692181#-60.0#0.3190680038802134#9
0000 0016 2000 0000 0000 0000#1626595406693216#-46.0#1.7426021750380885#9
0000 001C 2000 0000 0000 0000#1626595406694261#-62.5#4.006757817957295#9
0000 0018 2000 0000 0000 0000#1626595406696362#-49.0#3.822680123411018#9
0000 000F 2000 0000 0000 0000#1626595406697409#-49.5#4.945554060143307#9
0000 001B 2000 0000 0000 0000#1626595406699591#-62.5#5.252350217720435#9
0000 0013 2000 0000 0000 0000#1626595406700642#-59.5#4.859651136021712#9
0000 0011 2000 0000 0000 0000#1626595406701948#-54.0#2.350058567040802#9
0000 0015 2000 0000 0000 0000#1626595406704795#-62.5#5.074408446325701#9
0000 001A 2000 0000 0000 0000#1626595406705783#-62.0#1.282407938672396#9
0000 0019 2000 0000 0000 0000#1626595406710572#-51.5#2.693670263527186#9
0000 000F 2000 0000 0000 0000#1626595406712205#-50.0#4.865787059173254#9
0000 0013 2000 0000 0000 0000#1626595406713287#-59.5#4.779884135051658#9
0000 0016 2000 0000 0000 0000#1626595406714322#-47.0#1.6996507129772904#9
0000 0017 2000 0000 0000 0000#1626595406715839#-47.0#5.6143696836614465#9
0000 0015 2000 0000 0000 0000#1626595406716876#-62.5#4.970097752749477#9
0000 0018 2000 0000 0000 0000#1626595406718926#-48.5#3.724505352986337#9
0000 0010 2000 0000 0000 0000#1626595406720396#-46.5#3.153864499892878#9
0000 0011 2000 0000 0000 0000#1626595406722370#-54.5#2.282563412373834#9
0000 0012 2000 0000 0000 0000#1626595406724126#-60.0#0.006135923151542565#9
0000 001C 2000 0000 0000 0000#1626595406725481#-62.5#3.902447124381071#9
0000 0014 2000 0000 0000 0000#1626595406726593#-61.5#3.2459033471660166#9
0000 001A 2000 0000 0000 0000#1626595406730418#-62.5#1.0921943209745766#9
0000 0015 2000 0000 0000 0000#1626595406995234#-62.5#3.442252888015379#9
0000 0010 2000 0000 0000 0000#1626595406997247#-52.5#3.06182565261974#9
0000 0017 2000 0000 0000 0000#1626595406998366#-44.5#4.23378697456437#9
0000 001C 2000 0000 0000 0000#1626595406999709#-62.0#3.227495577711389#9
0000 0013 2000 0000 0000 0000#1626595407000763#-57.5#3.6570101983193686#9
0000 0016 2000 0000 0000 0000#1626595407002282#-52.0#0.42337869745643697#9
0000 0012 2000 0000 0000 0000#1626595407004915#-56.0#4.405592822807561#9
0000 0018 2000 0000 0000 0000#1626595407006588#-50.5#3.454524734318464#9
0000 000F 2000 0000 0000 0000#1626595407007636#-48.5#3.9208548938356986#9
0000 001A 2000 0000 0000 0000#1626595407008780#-59.0#4.724660826687775#9
0000 0014 2000 0000 0000 0000#1626595407010061#-61.5#2.1353012567368124#9
0000 0011 2000 0000 0000 0000#1626595407011105#-61.0#0.705631162427395#9
0000 0019 2000 0000 0000 0000#1626595407012555#-61.0#1.9941750242513334#9
0000 000F 2000 0000 0000 0000#1626595407017284#-48.5#3.890175278077986#9
0000 0013 2000 0000 0000 0000#1626595407019666#-57.0#3.5711072741977725#9
0000 0017 2000 0000 0000 0000#1626595407020942#-44.5#4.1417481272912315#9
0000 0019 2000 0000 0000 0000#1626595407022034#-60.5#1.9696313316451632#9
0000 0018 2000 0000 0000 0000#1626595407023548#-51.0#3.429981041712294#9
0000 0010 2000 0000 0000 0000#1626595407024607#-54.5#2.9268353432858034#9
0000 0012 2000 0000 0000 0000#1626595407026171#-55.5#4.313553975534423#9
0000 001B 2000 0000 0000 0000#1626595407027237#-57.5#3.7429131224409646#9
0000 0016 2000 0000 0000 0000#1626595407028319#-52.0#0.25770877236478773#9
0000 001C 2000 0000 0000 0000#1626595407029891#-61.5#3.098641191528995#9
0000 001A 2000 0000 0000 0000#1626595407031561#-59.5#4.491495746929157#9
0000 0015 2000 0000 0000 0000#1626595407032999#-62.5#3.3747577333484107#9
0000 0014 2000 0000 0000 0000#1626595407034078#-61.5#2.0800779483729293#9
0000 0011 2000 0000 0000 0000#1626595407035251#-60.0#0.4970097752749477#9
0000 0013 2000 0000 0000 0000#1626595407303594#-56.5#2.3930100291016#9
0000 0011 2000 0000 0000 0000#1626595407305009#-55.5#4.638757902566179#9
0000 001D 2000 0000 0000 0000#1626595407306085#-62.5#4.1601558967458585#9
0000 0017 2000 0000 0000 0000#1626595407307659#-45.5#3.767456815047135#9
0000 0012 2000 0000 0000 0000#1626595407308677#-53.5#3.2765829629237295#9
0000 0018 2000 0000 0000 0000#1626595407309736#-56.5#2.509592568980909#9
0000 0010 2000 0000 0000 0000#1626595407310796#-58.0#1.2640001692177683#9
0000 0019 2000 0000 0000 0000#1626595407311843#-62.0#5.491651220630596#9
0000 0015 2000 0000 0000 0000#1626595407313180#-59.5#2.405281875404685#9
0000 0016 2000 0000 0000 0000#1626595407314717#-49.0#5.399612373357457#9
0000 001B 2000 0000 0000 0000#1626595407315996#-55.5#2.724349879284899#9
0000 001C 2000 0000 0000 0000#1626595407318234#-63.0#1.88986433067511#9
0000 0014 2000 0000 0000 0000#1626595407319320#-63.0#0.7117670855789375#9
0000 000F 2000 0000 0000 0000#1626595407320412#-52.5#3.442252888015379#9
0000 001A 2000 0000 0000 0000#1626595407321514#-54.5#3.4606606574700063#9
0000 001A 2000 0000 0000 0000#1626595407326224#-54.5#3.399301425954581#9
0000 0014 2000 0000 0000 0000#1626595407327319#-63.0#0.5951845456996288#9
0000 0013 2000 0000 0000 0000#1626595407328614#-56.5#2.2641556429192065#9
0000 0017 2000 0000 0000 0000#1626595407329948#-45.5#3.706097583531709#9
0000 0016 2000 0000 0000 0000#1626595407331495#-49.0#5.3198453723874035#9
0000 001C 2000 0000 0000 0000#1626595407334561#-63.0#1.705786636128833#9
0000 0012 2000 0000 0000 0000#1626595407336688#-52.5#3.098641191528995#9
0000 0011 2000 0000 0000 0000#1626595407338230#-54.0#4.448544284868359#9
0000 0018 2000 0000 0000 0000#1626595407340926#-55.5#2.282563412373834#9
0000 0010 2000 0000 0000 0000#1626595407341982#-58.0#1.012427320004523#9
0000 001D 2000 0000 0000 0000#1626595407343101#-61.5#3.890175278077986#9
0000 001B 2000 0000 0000 0000#1626595407345879#-56.0#2.5770877236478773#9
0000 0015 2000 0000 0000 0000#1626595407346987#-59.5#2.405281875404685#9
0000 000F 2000 0000 0000 0000#1626595407348259#-53.0#3.3379421944391554#9
0000 0019 2000 0000 0000 0000#1626595407349580#-59.5#5.221670601962723#9
0000 000F 2000 0000 0000 0000#1626595407615352#-56.5#1.6198837120072371#9
0000 0014 2000 0000 0000 0000#1626595407618227#-64.5#4.184699589352029#9
0000 0018 2000 0000 0000 0000#1626595407620410#-59.0#6.209554229361076#9
0000 0017 2000 0000 0000 0000#1626595407621942#-50.5#2.350058567040802#9
0000 001B 2000 0000 0000 0000#1626595407623007#-57.5#1.0737865515199487#9
0000 0019 2000 0000 0000 0000#1626595407624055#-58.0#3.393165502803038#9
0000 0012 2000 0000 0000 0000#1626595407625145#-54.0#1.509437095279471#9
0000 001A 2000 0000 0000 0000#1626595407626446#-54.0#1.7855536370988863#9
0000 0016 2000 0000 0000 0000#1626595407627522#-51.5#4.252194744018997#9
0000 0011 2000 0000 0000 0000#1626595407628722#-52.0#2.6568547246179306#9
0000 0010 2000 0000 0000 0000#1626595407631267#-57.5#4.871922982324796#9
0000 0015 2000 0000 0000 0000#1626595407632343#-58.5#0.8222137023067037#9
0000 0013 2000 0000 0000 0000#1626595407633415#-58.5#0.36815538909255385#9
0000 001D 2000 0000 0000 0000#1626595407634506#-60.5#1.9389517158874505#9
0000 0017 2000 0000 0000 0000#1626595407638531#-50.5#2.3071071049800045#9
0000 0012 2000 0000 0000 0000#1626595407639609#-53.5#1.4787574795217582#9
0000 001B 2000 0000 0000 0000#1626595407641427#-58.0#1.0062913968529805#9
0000 0010 2000 0000 0000 0000#1626595407642471#-57.5#4.8351074434155406#9
0000 001A 2000 0000 0000 0000#1626595407643787#-54.0#1.7303303287350031#9
0000 0013 2000 0000 0000 0000#1626595407645829#-59.0#0.3129320807286708#9
0000 0015 2000 0000 0000 0000#1626595407646909#-58.5#0.7915340865489908#9
0000 001D 2000 0000 0000 0000#1626595407648211#-60.5#1.7794177139473437#9
0000 0016 2000 0000 0000 0000#1626595407649530#-52.0#4.215379205109742#9
0000 000F 2000 0000 0000 0000#1626595407650564#-56.5#1.521708941582556#9
0000 0011 2000 0000 0000 0000#1626595407654640#-53.5#2.564815877344792#9
0000 0019 2000 0000 0000 0000#1626595407657073#-58.0#3.3379421944391554#9
0000 0018 2000 0000 0000 0000#1626595407658717#-58.5#6.074563920027139#9
0000 0014 2000 0000 0000 0000#1626595407660024#-64.5#4.025165587411922#9
