0000 0012 2000 0000 0000 0000#1626595323106591#-53.5#5.982525072754001#9
0000 000F 2000 0000 0000 0000#1626595323109020#-49.5#4.006757817957295#9
0000 0017 2000 0000 0000 0000#1626595323110368#-47.5#3.5036121195308043#9
0000 0011 2000 0000 0000 0000#1626595323112859#-48.5#4.828971520263998#9
0000 0016 2000 0000 0000 0000#1626595323113928#-65.0#5.086680292628786#9
0000 0014 2000 0000 0000 0000#1626595323115008#-53.5#2.012582793705961#9
0000 001C 2000 0000 0000 0000#1626595323116093#-49.0#2.0064468705544187#9
0000 001B 2000 0000 0000 0000#1626595323117186#-54.5#0.6565437772150544#9
0000 0018 2000 0000 0000 0000#1626595323118852#-49.5#4.313553975534423#9
0000 001A 2000 0000 0000 0000#1626595323119940#-51.0#5.332117218690489#9
0000 0013 2000 0000 0000 0000#1626595323121285#-54.5#1.1658253987930873#9
0000 0010 2000 0000 0000 0000#1626595323122431#-49.0#4.516039439535327#9
0000 001D 2000 0000 0000 0000#1626595323126679#-56.0#2.0064468705544187#9
0000 0019 2000 0000 0000 0000#1626595323127740#-49.5#4.743068596142402#9
0000 0019 2000 0000 0000 0000#1626595323131140#-50.0#4.743068596142402#9
0000 0010 2000 0000 0000 0000#1626595323132217#-49.0#4.540583132141498#9
0000 0017 2000 0000 0000 0000#1626595323133491#-47.0#3.497476196379262#9
0000 0013 2000 0000 0000 0000#1626595323134529#-55.0#1.1474176293384597#9
0000 0011 2000 0000 0000 0000#1626595323135546#-49.5#4.865787059173254#9
0000 0014 2000 0000 0000 0000#1626595323137835#-53.5#1.9941750242513334#9
0000 0012 2000 0000 0000 0000#1626595323140875#-53.5#5.921165841238575#9
0000 001A 2000 0000 0000 0000#1626595323142204#-50.5#5.338253141842031#9
0000 0018 2000 0000 0000 0000#1626595323143265#-49.5#4.331961744989051#9
0000 001C 2000 0000 0000 0000#1626595323144307#-49.0#1.9573594853420782#9
0000 0016 2000 0000 0000 0000#1626595323145341#-64.5#5.062136600022616#9
0000 000F 2000 0000 0000 0000#1626595323147402#-49.0#4.037437433715008#9
0000 001D 2000 0000 0000 0000#1626595323148521#-56.5#1.9880391010997909#9
0000 001B 2000 0000 0000 0000#1626595323151535#-54.0#0.5092816215780329#9
0000 0018 2000 0000 0000 0000#1626595323415612#-47.0#4.522175362686871#9
0000 0016 2000 0000 0000 0000#1626595323416907#-64.0#4.890330751779424#9
0000 0012 2000 0000 0000 0000#1626595323418949#-50.5#6.166602767300278#9
0000 0013 2000 0000 0000 0000#1626595323420485#-53.0#1.2885438618239387#9
0000 0010 2000 0000 0000 0000#1626595323423236#-44.5#4.700117134081604#9
0000 0017 2000 0000 0000 0000#1626595323425126#-44.5#3.5772431973493153#9
0000 001D 2000 0000 0000 0000#1626595323426750#-51.0#2.8654761117703775#9
0000 0015 2000 0000 0000 0000#1626595323427800#-54.0#3.5342917352885173#9
0000 001A 2000 0000 0000 0000#1626595323429165#-47.0#5.595961914206819#9
0000 001C 2000 0000 0000 0000#1626595323430578#-51.0#2.073942025221387#9
0000 000F 2000 0000 0000 0000#1626595323432809#-46.5#4.080388895775806#9
0000 0011 2000 0000 0000 0000#1626595323433856#-45.5#5.006913291658733#9
0000 0019 2000 0000 0000 0000#1626595323434905#-45.0#4.884194828627882#9
0000 001B 2000 0000 0000 0000#1626595323436710#-50.5#0.8774370106705868#9
0000 0014 2000 0000 0000 0000#1626595323438702#-52.0#2.448233337465483#9
0000 0012 2000 0000 0000 0000#1626595323452334#-49.0#5.755495916146925#9
0000 0011 2000 0000 0000 0000#1626595323453594#-45.5#4.565126824747668#9
0000 000F 2000 0000 0000 0000#1626595323454672#-45.5#3.479068426924634#9
0000 001D 2000 0000 0000 0000#1626595323455959#-50.0#2.3623304133438876#9
0000 0014 2000 0000 0000 0000#1626595323457994#-50.5#1.932815792735908#9
0000 0016 2000 0000 0000 0000#1626595323459059#-62.0#4.1601558967458585#9
0000 0018 2000 0000 0000 0000#1626595323461182#-45.0#3.810408277107933#9
0000 0015 2000 0000 0000 0000#1626595323462248#-53.0#2.8716120349219203#9
0000 0010 2000 0000 0000 0000#1626595323464141#-43.5#4.025165587411922#9
0000 001C 2000 0000 0000 0000#1626595323466209#-50.0#1.5585244804918115#9
0000 0017 2000 0000 0000 0000#1626595323467270#-43.5#2.761165418194154#9
0000 0019 2000 0000 0000 0000#1626595323468318#-45.0#4.276738436625168#9
0000 001A 2000 0000 0000 0000#1626595323470761#-46.0#5.086680292628786#9
0000 001B 2000 0000 0000 0000#1626595323472737#-50.0#0.36815538909255385#9
0000 0013 2000 0000 0000 0000#1626595323474417#-52.0#0.8344855486097889#9
0000 0012 2000 0000 0000 0000#1626595323749352#-50.5#5.816855147662351#9
0000 0018 2000 0000 0000 0000#1626595323751609#-47.5#3.792000507653305#9
0000 0014 2000 0000 0000 0000#1626595323754063#-52.0#2.1046216409791#9
0000 0011 2000 0000 0000 0000#1626595323755964#-47.0#4.608078286808466#9
0000 001C 2000 0000 0000 0000#1626595323757034#-50.5#1.7426021750380885#9
0000 0013 2000 0000 0000 0000#1626595323758143#-53.0#1.012427320004523#9
0000 001A 2000 0000 0000 0000#1626595323759201#-47.5#5.252350217720435#9
0000 001B 2000 0000 0000 0000#1626595323760220#-51.5#0.5583690067903734#9
0000 0010 2000 0000 0000 0000#1626595323761325#-47.0#4.09266074207889#9
0000 0017 2000 0000 0000 0000#1626595323764683#-45.0#2.748893571891069#9
0000 000F 2000 0000 0000 0000#1626595323765746#-47.5#3.380893656499953#9
0000 0019 2000 0000 0000 0000#1626595323767078#-47.0#4.424000592262189#9
0000 0016 2000 0000 0000 0000#1626595323768186#-62.5#4.0987966652304335#9
0000 001D 2000 0000 0000 0000#1626595323769487#-50.5#2.5464081078901644#9
0000 0015 2000 0000 0000 0000#1626595323770936#-54.0#3.1354567304382504#9
0000 001B 2000 0000 0000 0000#1626595323775885#-51.5#0.5522330836388308#9
0000 0015 2000 0000 0000 0000#1626595323778304#-54.5#3.1231848841351653#9
0000 0018 2000 0000 0000 0000#1626595323780205#-48.5#3.785864584501762#9
0000 001D 2000 0000 0000 0000#1626595323781736#-50.5#2.5034566458293663#9
0000 0017 2000 0000 0000 0000#1626595323784042#-45.5#2.736621725587984#9
0000 0014 2000 0000 0000 0000#1626595323785108#-52.0#2.1353012567368124#9
0000 0012 2000 0000 0000 0000#1626595323786816#-50.5#5.9088939949354895#9
0000 0011 2000 0000 0000 0000#1626595323787972#-46.0#4.632621979414636#9
0000 001A 2000 0000 0000 0000#1626595323789127#-46.0#5.258486140871978#9
0000 0010 2000 0000 0000 0000#1626595323790526#-45.5#4.104932588381976#9
0000 0016 2000 0000 0000 0000#1626595323791547#-63.5#4.025165587411922#9
0000 0019 2000 0000 0000 0000#1626595323792635#-46.5#4.424000592262189#9
0000 001C 2000 0000 0000 0000#1626595323793663#-50.5#1.7732817907958012#9
0000 000F 2000 0000 0000 0000#1626595323795382#-47.5#3.393165502803038#9
0000 0013 2000 0000 0000 0000#1626595323796477#-52.5#1.043106935762236#9
0000 0011 2000 0000 0000 0000#1626595324070641#-47.0#4.196971435655114#9
0000 0019 2000 0000 0000 0000#1626595324072485#-47.5#4.049709280018092#9
0000 0017 2000 0000 0000 0000#1626595324073561#-45.5#2.3930100291016#9
0000 0015 2000 0000 0000 0000#1626595324075123#-53.5#2.718213956133356#9
0000 0016 2000 0000 0000 0000#1626595324076413#-63.5#3.724505352986337#9
0000 001D 2000 0000 0000 0000#1626595324077504#-50.5#2.110757564130642#9
0000 001A 2000 0000 0000 0000#1626595324079332#-47.5#4.847379289718626#9
0000 001C 2000 0000 0000 0000#1626595324080887#-50.5#1.3621749396424494#9
0000 0018 2000 0000 0000 0000#1626595324082203#-48.0#3.411573272257666#9
0000 0010 2000 0000 0000 0000#1626595324083749#-47.0#3.6876898140770815#9
0000 000F 2000 0000 0000 0000#1626595324085252#-48.0#2.9943304979527716#9
0000 0012 2000 0000 0000 0000#1626595324086810#-51.0#5.45483568172134#9
0000 001B 2000 0000 0000 0000#1626595324088986#-51.5#0.1349903093339364#9
0000 0013 2000 0000 0000 0000#1626595324090367#-53.5#0.6442719309119693#9
0000 0014 2000 0000 0000 0000#1626595324093912#-52.0#1.7426021750380885#9
0000 0015 2000 0000 0000 0000#1626595324098173#-53.5#2.693670263527186#9
0000 0016 2000 0000 0000 0000#1626595324099252#-64.0#3.6386024288647407#9
0000 000F 2000 0000 0000 0000#1626595324100557#-48.0#3.0066023442558567#9
0000 001A 2000 0000 0000 0000#1626595324101627#-48.0#4.859651136021712#9
0000 001D 2000 0000 0000 0000#1626595324103176#-50.5#2.1353012567368124#9
0000 0013 2000 0000 0000 0000#1626595324104483#-53.0#0.6504078540635119#9
0000 0017 2000 0000 0000 0000#1626595324106256#-46.0#2.386874105950058#9
0000 0019 2000 0000 0000 0000#1626595324107346#-47.0#4.037437433715008#9
0000 001B 2000 0000 0000 0000#1626595324108567#-51.5#0.17794177139473438#9
0000 0018 2000 0000 0000 0000#1626595324110006#-46.5#3.423845118560751#9
0000 0012 2000 0000 0000 0000#1626595324111040#-51.0#5.4671075280244255#9
0000 001C 2000 0000 0000 0000#1626595324112366#-50.5#1.3560390164909069#9
0000 0010 2000 0000 0000 0000#1626595324113682#-47.0#3.7122335066832517#9
0000 0014 2000 0000 0000 0000#1626595324115943#-52.0#1.7426021750380885#9
0000 0011 2000 0000 0000 0000#1626595324117632#-47.0#4.221515128261284#9
0000 0011 2000 0000 0000 0000#1626595324396035#-45.0#4.921010367537137#9
0000 001C 2000 0000 0000 0000#1626595324397576#-50.0#2.073942025221387#9
0000 000F 2000 0000 0000 0000#1626595324398668#-47.0#3.7551849687440497#9
0000 001A 2000 0000 0000 0000#1626595324399725#-47.5#5.589825991055276#9
0000 0012 2000 0000 0000 0000#1626595324401541#-50.5#6.234097921967246#9
0000 0014 2000 0000 0000 0000#1626595324402625#-52.0#2.4727770300716534#9
0000 0017 2000 0000 0000 0000#1626595324403687#-45.5#3.160000423044421#9
0000 001B 2000 0000 0000 0000#1626595324405010#-50.5#0.9510680884890975#9
0000 0018 2000 0000 0000 0000#1626595324406057#-47.5#4.166291819897402#9
0000 0015 2000 0000 0000 0000#1626595324409542#-53.0#3.485204350076177#9
0000 0016 2000 0000 0000 0000#1626595324410548#-63.5#4.430136515413731#9
0000 001D 2000 0000 0000 0000#1626595324411637#-50.5#2.9084275738311756#9
0000 0013 2000 0000 0000 0000#1626595324412931#-52.5#1.41126232485479#9
0000 0019 2000 0000 0000 0000#1626595324415063#-47.0#4.792155981354743#9
0000 0010 2000 0000 0000 0000#1626595324417163#-46.5#4.4362724385652745#9
0000 000F 2000 0000 0000 0000#1626595324423262#-47.5#3.7551849687440497#9
0000 0015 2000 0000 0000 0000#1626595324425246#-53.0#3.509748042682347#9
0000 0014 2000 0000 0000 0000#1626595324426272#-51.5#2.4605051837685683#9
0000 001C 2000 0000 0000 0000#1626595324427570#-49.5#2.067806102069844#9
0000 001D 2000 0000 0000 0000#1626595324428869#-50.0#2.8838838812250054#9
0000 0019 2000 0000 0000 0000#1626595324430204#-46.5#4.76147636559703#9
0000 001B 2000 0000 0000 0000#1626595324431239#-51.0#0.9510680884890975#9
0000 0013 2000 0000 0000 0000#1626595324432763#-52.5#1.4051264017032472#9
0000 0018 2000 0000 0000 0000#1626595324434090#-46.0#4.129476280988146#9
0000 0016 2000 0000 0000 0000#1626595324435155#-63.0#4.362641360746763#9
0000 0010 2000 0000 0000 0000#1626595324436548#-45.0#4.424000592262189#9
0000 0011 2000 0000 0000 0000#1626595324437837#-46.5#4.9394181369917645#9
0000 001A 2000 0000 0000 0000#1626595324438991#-46.0#5.583690067903734#9
0000 0012 2000 0000 0000 0000#1626595324440296#-50.5#6.2034183062095325#9
0000 0017 2000 0000 0000 0000#1626595324441842#-45.0#3.1354567304382504#9
0000 0014 2000 0000 0000 0000#1626595324709428#-51.5#1.88986433067511#9
0000 0019 2000 0000 0000 0000#1626595324710719#-47.0#4.104932588381976#9
0000 0010 2000 0000 0000 0000#1626595324713159#-47.5#3.785864584501762#9
0000 0016 2000 0000 0000 0000#1626595324714984#-63.5#3.6692820446224537#9
0000 001D 2000 0000 0000 0000#1626595324716038#-50.5#2.3193789512830896#9
0000 001A 2000 0000 0000 0000#1626595324717870#-48.0#5.019185137961818#9
0000 0011 2000 0000 0000 0000#1626595324718969#-45.5#4.319689898685965#9
0000 001B 2000 0000 0000 0000#1626595324720285#-51.0#0.35588354278946877#9
0000 0013 2000 0000 0000 0000#1626595324721566#-53.5#0.859029241215959#9
0000 000F 2000 0000 0000 0000#1626595324722673#-48.0#3.074097498922825#9
0000 0018 2000 0000 0000 0000#1626595324725670#-48.0#3.485204350076177#9
0000 0012 2000 0000 0000 0000#1626595324727810#-51.0#5.638913376267617#9
0000 0017 2000 0000 0000 0000#1626595324729685#-45.5#2.4911847995262812#9
0000 0015 2000 0000 0000 0000#1626595324731378#-53.5#2.8961557275280905#9
0000 001C 2000 0000 0000 0000#1626595324732433#-51.0#1.552388557340269#9
0000 001B 2000 0000 0000 0000#1626595324736753#-51.5#0.36815538909255385#9
0000 0018 2000 0000 0000 0000#1626595324737844#-48.0#3.479068426924634#9
0000 0010 2000 0000 0000 0000#1626595324739189#-47.0#3.773592738198677#9
0000 001C 2000 0000 0000 0000#1626595324740485#-50.5#1.5462526341887264#9
0000 0013 2000 0000 0000 0000#1626595324742747#-53.0#0.859029241215959#9
0000 0011 2000 0000 0000 0000#1626595324744547#-47.5#4.28287435977671#9
0000 0014 2000 0000 0000 0000#1626595324745910#-51.5#1.9205439464328227#9
0000 001A 2000 0000 0000 0000#1626595324746982#-48.0#5.0253210611133605#9
0000 0012 2000 0000 0000 0000#1626595324749351#-49.0#5.651185222570702#9
0000 000F 2000 0000 0000 0000#1626595324750340#-48.0#3.08636934522591#9
0000 0019 2000 0000 0000 0000#1626595324751419#-47.0#4.1172044346850605#9
0000 001D 2000 0000 0000 0000#1626595324752732#-51.0#2.3439226438892597#9
0000 0017 2000 0000 0000 0000#1626595324753826#-45.0#2.478912953223196#9
0000 0015 2000 0000 0000 0000#1626595324755743#-53.5#2.9145634969827183#9
0000 0016 2000 0000 0000 0000#1626595324759815#-63.0#3.6754179677739964#9
0000 0017 2000 0000 0000 0000#1626595325022692#-45.0#2.6875343403756435#9
0000 000F 2000 0000 0000 0000#1626595325025806#-47.5#3.3011266555298997#9
0000 001B 2000 0000 0000 0000#1626595325026783#-51.0#0.5276893910326605#9
0000 0012 2000 0000 0000 0000#1626595325028085#-50.5#5.8045833013592665#9
0000 0015 2000 0000 0000 0000#1626595325029349#-54.0#3.11091303783208#9
0000 0018 2000 0000 0000 0000#1626595325030438#-47.5#3.6999616603801666#9
0000 001D 2000 0000 0000 0000#1626595325032695#-50.5#2.5034566458293663#9
0000 0011 2000 0000 0000 0000#1626595325033836#-45.5#4.4976316700806995#9
0000 0014 2000 0000 0000 0000#1626595325034929#-52.0#2.1046216409791#9
0000 0013 2000 0000 0000 0000#1626595325036123#-53.0#0.9940195505498954#9
0000 0010 2000 0000 0000 0000#1626595325037476#-45.5#4.000621894805752#9
0000 001C 2000 0000 0000 0000#1626595325038561#-50.0#1.736466251886546#9
0000 0019 2000 0000 0000 0000#1626595325040092#-46.5#4.313553975534423#9
0000 0016 2000 0000 0000 0000#1626595325041501#-63.5#3.877903431774901#9
0000 001A 2000 0000 0000 0000#1626595325042771#-47.5#5.160311370447297#9
0000 0011 2000 0000 0000 0000#1626595325048042#-47.0#4.509903516383785#9
0000 000F 2000 0000 0000 0000#1626595325049365#-47.5#3.313398501832985#9
0000 0019 2000 0000 0000 0000#1626595325051151#-46.5#4.313553975534423#9
0000 0017 2000 0000 0000 0000#1626595325052172#-45.0#2.6875343403756435#9
0000 001D 2000 0000 0000 0000#1626595325053291#-50.5#2.497320722677824#9
0000 001C 2000 0000 0000 0000#1626595325055100#-50.5#1.7426021750380885#9
0000 001B 2000 0000 0000 0000#1626595325056194#-51.5#0.521553467881118#9
0000 0012 2000 0000 0000 0000#1626595325057482#-50.5#5.810719224510809#9
0000 0015 2000 0000 0000 0000#1626595325059771#-54.0#3.0802334220743677#9
0000 0010 2000 0000 0000 0000#1626595325061639#-45.5#3.9822141253511245#9
0000 0014 2000 0000 0000 0000#1626595325062974#-52.0#2.098485717827557#9
0000 0013 2000 0000 0000 0000#1626595325064314#-52.5#1.0185632431560658#9
0000 0016 2000 0000 0000 0000#1626595325065724#-63.0#3.9269908169872414#9
0000 001A 2000 0000 0000 0000#1626595325068110#-47.5#5.166447293598839#9
0000 0018 2000 0000 0000 0000#1626595325069799#-48.0#3.693825737228624#9
0000 001B 2000 0000 0000 0000#1626595325334199#-50.5#0.521553467881118#9
0000 0010 2000 0000 0000 0000#1626595325335316#-47.0#3.6447383520162835#9
0000 001D 2000 0000 0000 0000#1626595325336345#-50.0#2.313243028131547#9
0000 0015 2000 0000 0000 0000#1626595325337438#-52.5#2.8654761117703775#9
0000 0017 2000 0000 0000 0000#1626595325338914#-44.0#2.325514874434632#9
0000 0013 2000 0000 0000 0000#1626595325339939#-52.0#0.9940195505498954#9
0000 0011 2000 0000 0000 0000#1626595325341198#-48.0#4.338097668140593#9
0000 000F 2000 0000 0000 0000#1626595325342757#-46.5#2.8716120349219203#9
0000 0019 2000 0000 0000 0000#1626595325345765#-47.5#4.111068511533518#9
0000 001C 2000 0000 0000 0000#1626595325347573#-49.5#1.6198837120072371#9
0000 001A 2000 0000 0000 0000#1626595325348575#-48.5#5.184855063053467#9
0000 0012 2000 0000 0000 0000#1626595325350490#-51.0#5.921165841238575#9
0000 0018 2000 0000 0000 0000#1626595325352649#-47.5#3.32567034813607#9
0000 0014 2000 0000 0000 0000#1626595325354284#-50.5#1.9634954084936207#9
0000 0016 2000 0000 0000 0000#1626595325355590#-58.0#3.552699504743145#9
0000 001B 2000 0000 0000 0000#1626595325361303#-50.5#0.6565437772150544#9
0000 0011 2000 0000 0000 0000#1626595325362338#-48.5#4.411728745959104#9
0000 001C 2000 0000 0000 0000#1626595325364604#-49.0#1.705786636128833#9
0000 0010 2000 0000 0000 0000#1626595325365651#-47.0#3.6999616603801666#9
0000 001D 2000 0000 0000 0000#1626595325367209#-49.5#2.3623304133438876#9
0000 0017 2000 0000 0000 0000#1626595325368287#-43.0#2.2764274892222915#9
0000 0018 2000 0000 0000 0000#1626595325369604#-47.5#3.3502140407422405#9
0000 0014 2000 0000 0000 0000#1626595325370882#-50.0#2.0371264863121317#9
0000 000F 2000 0000 0000 0000#1626595325372191#-45.5#2.84706834231575#9
0000 0013 2000 0000 0000 0000#1626595325373267#-51.0#1.1474176293384597#9
0000 0019 2000 0000 0000 0000#1626595325374346#-47.5#4.172427743048944#9
0000 0012 2000 0000 0000 0000#1626595325376218#-51.0#6.074563920027139#9
0000 001A 2000 0000 0000 0000#1626595325377633#-48.5#5.344389064993574#9
0000 0015 2000 0000 0000 0000#1626595325378684#-52.5#2.9636508821950587#9
0000 0016 2000 0000 0000 0000#1626595325380592#-56.0#3.4177091954092087#9
0000 0012 2000 0000 0000 0000#1626595325645532#-46.5#1.9573594853420782#9
0000 0011 2000 0000 0000 0000#1626595325646561#-49.0#0.48473792897186263#9
0000 0017 2000 0000 0000 0000#1626595325647868#-37.0#3.2643111166206444#9
0000 001B 2000 0000 0000 0000#1626595325648933#-45.5#2.5341362615870793#9
0000 0010 2000 0000 0000 0000#1626595325651801#-46.0#5.283029833478148#9
0000 001A 2000 0000 0000 0000#1626595325653345#-46.5#1.423534171157875#9
0000 0016 2000 0000 0000 0000#1626595325655758#-44.0#3.7981364308048478#9
0000 0014 2000 0000 0000 0000#1626595325657051#-46.5#3.6386024288647407#9
0000 0018 2000 0000 0000 0000#1626595325658383#-46.5#4.724660826687775#9
0000 001D 2000 0000 0000 0000#1626595325659928#-46.0#3.9760782021995817#9
0000 001C 2000 0000 0000 0000#1626595325661242#-44.5#3.3440781175906977#9
0000 0019 2000 0000 0000 0000#1626595325663027#-49.5#0.006135923151542565#9
0000 000F 2000 0000 0000 0000#1626595325664334#-42.5#4.049709280018092#9
0000 0013 2000 0000 0000 0000#1626595325665476#-47.0#2.9084275738311756#9
0000 0015 2000 0000 0000 0000#1626595325668176#-49.5#4.485359823777615#9
0000 001B 2000 0000 0000 0000#1626595325673209#-45.0#2.5893595699509624#9
0000 0014 2000 0000 0000 0000#1626595325674690#-46.5#3.693825737228624#9
0000 001D 2000 0000 0000 0000#1626595325675766#-46.0#4.01902966426038#9
0000 0010 2000 0000 0000 0000#1626595325676853#-48.0#5.418020142812084#9
0000 0018 2000 0000 0000 0000#1626595325677928#-46.5#4.798291904506286#9
0000 0016 2000 0000 0000 0000#1626595325679221#-43.5#3.822680123411018#9
0000 0012 2000 0000 0000 0000#1626595325680608#-44.5#2.0800779483729293#9
0000 0017 2000 0000 0000 0000#1626595325682184#-36.5#3.32567034813607#9
0000 001A 2000 0000 0000 0000#1626595325683692#-46.0#1.5585244804918115#9
0000 0015 2000 0000 0000 0000#1626595325685087#-49.5#4.509903516383785#9
0000 001C 2000 0000 0000 0000#1626595325686402#-44.5#3.423845118560751#9
0000 0013 2000 0000 0000 0000#1626595325687482#-47.0#3.018874190558942#9
0000 0011 2000 0000 0000 0000#1626595325688528#-49.0#0.7424467013366504#9
0000 0019 2000 0000 0000 0000#1626595325689544#-49.0#0.16566992509164924#9
0000 000F 2000 0000 0000 0000#1626595325690612#-42.5#4.129476280988146#9
0000 0015 2000 0000 0000 0000#1626595325959174#-48.5#4.454680208019902#9
0000 001B 2000 0000 0000 0000#1626595325960468#-42.0#2.779573187648782#9
0000 001A 2000 0000 0000 0000#1626595325961530#-42.0#1.9941750242513334#9
0000 0014 2000 0000 0000 0000#1626595325962836#-45.0#3.773592738198677#9
0000 0017 2000 0000 0000 0000#1626595325963870#-37.0#3.706097583531709#9
0000 001C 2000 0000 0000 0000#1626595325965382#-42.5#3.5158839658338894#9
0000 0018 2000 0000 0000 0000#1626595325966670#-47.5#5.602097837358362#9
0000 0012 2000 0000 0000 0000#1626595325968908#-42.5#2.3930100291016#9
0000 0011 2000 0000 0000 0000#1626595325969940#-45.5#1.5033011721279284#9
0000 0010 2000 0000 0000 0000#1626595325970999#-48.0#0.17794177139473438#9
0000 0013 2000 0000 0000 0000#1626595325972824#-44.0#3.1968159619536762#9
0000 001D 2000 0000 0000 0000#1626595325973882#-44.0#4.04357335686655#9
0000 000F 2000 0000 0000 0000#1626595325975061#-44.0#4.71238898038469#9
0000 0016 2000 0000 0000 0000#1626595325976642#-41.0#4.006757817957295#9
0000 0019 2000 0000 0000 0000#1626595325977833#-46.0#1.184233168247715#9
0000 0011 2000 0000 0000 0000#1626595325982306#-45.0#1.5585244804918115#9
0000 0017 2000 0000 0000 0000#1626595325983370#-37.0#3.767456815047135#9
0000 0018 2000 0000 0000 0000#1626595325984913#-47.5#5.681864838328415#9
0000 0015 2000 0000 0000 0000#1626595325985977#-48.0#4.503767593232243#9
0000 0019 2000 0000 0000 0000#1626595325987026#-46.0#1.2210487071569704#9
0000 001B 2000 0000 0000 0000#1626595325988277#-42.5#2.84706834231575#9
0000 001D 2000 0000 0000 0000#1626595325989827#-43.5#4.074252972624263#9
0000 0010 2000 0000 0000 0000#1626595325991739#-46.5#0.2761165418194154#9
0000 001A 2000 0000 0000 0000#1626595325993256#-41.5#2.0800779483729293#9
0000 0012 2000 0000 0000 0000#1626595325994515#-42.0#2.4911847995262812#9
0000 0013 2000 0000 0000 0000#1626595325995511#-44.0#3.2520392703175593#9
0000 0016 2000 0000 0000 0000#1626595325996819#-41.0#4.086524818927348#9
0000 000F 2000 0000 0000 0000#1626595326000856#-43.5#4.828971520263998#9
0000 001C 2000 0000 0000 0000#1626595326002588#-42.0#3.5895150436524004#9
0000 0014 2000 0000 0000 0000#1626595326003623#-44.5#3.890175278077986#9
0000 001B 2000 0000 0000 0000#1626595326268577#-40.5#3.718369429834794#9
0000 001D 2000 0000 0000 0000#1626595326269623#-43.0#4.7307967498393175#9
0000 0012 2000 0000 0000 0000#1626595326271369#-40.0#3.356349963893783#9
0000 000F 2000 0000 0000 0000#1626595326272432#-43.0#0.04908738521234052#9
0000 0017 2000 0000 0000 0000#1626595326273748#-36.5#5.270757987175063#9
0000 0011 2000 0000 0000 0000#1626595326277812#-41.5#2.5586799541932495#9
0000 0016 2000 0000 0000 0000#1626595326278851#-40.5#5.270757987175063#9
0000 001A 2000 0000 0000 0000#1626595326280423#-39.5#2.988194574801229#9
0000 0018 2000 0000 0000 0000#1626595326281483#-45.0#1.0246991663076084#9
0000 0013 2000 0000 0000 0000#1626595326282509#-42.0#4.086524818927348#9
0000 0010 2000 0000 0000 0000#1626595326284037#-45.0#1.7119225592803755#9
0000 001C 2000 0000 0000 0000#1626595326287069#-40.5#4.374913207049849#9
0C21 0537 8123 1003 2202 062F#1626595326288186#-67.0#1.6566992509164924#9
0000 0014 2000 0000 0000 0000#1626595326291424#-43.0#4.614214209960009#9
0000 0019 2000 0000 0000 0000#1626595326292472#-43.0#2.442097414313941#9
0000 0015 2000 0000 0000 0000#1626595326293778#-47.0#5.105088062083414#9
0000 000F 2000 0000 0000 0000#1626595326298002#-42.5#0.15339807878856412#9
0000 0014 2000 0000 0000 0000#1626595326299554#-43.0#4.632621979414636#9
0000 0015 2000 0000 0000 0000#1626595326300618#-47.0#5.105088062083414#9
0000 001A 2000 0000 0000 0000#1626595326301694#-39.5#3.0372819600135696#9
0000 0011 2000 0000 0000 0000#1626595326306071#-41.0#2.6445828783148455#9
0000 001C 2000 0000 0000 0000#1626595326308281#-40.5#4.417864669110647#9
0000 0017 2000 0000 0000 0000#1626595326309693#-36.5#5.442563835418255#9
0000 0012 2000 0000 0000 0000#1626595326311631#-40.0#3.429981041712294#9
0C21 0537 8123 1003 2202 062F#1626595326313688#-69.0#1.6014759425526093#9
0000 0019 2000 0000 0000 0000#1626595326314990#-42.5#2.478912953223196#9
0000 001D 2000 0000 0000 0000#1626595326316209#-43.0#4.767612288748572#9
0000 0010 2000 0000 0000 0000#1626595326326257#-44.5#1.2210487071569704#9
0000 0016 2000 0000 0000 0000#1626595326327338#-41.0#4.933282213840222#9
0000 001B 2000 0000 0000 0000#1626595326329178#-41.0#3.2213596545598464#9
0000 0013 2000 0000 0000 0000#1626595326331238#-42.0#3.5588354278946874#9
0000 0018 2000 0000 0000 0000#1626595326332414#-43.5#0.5583690067903734#9
0000 001A 2000 0000 0000 0000#1626595326594485#-38.0#3.153864499892878#9
0000 0011 2000 0000 0000 0000#1626595326595760#-39.0#2.742757648739526#9
0000 0017 2000 0000 0000 0000#1626595326596813#-34.0#6.043884304269426#9
0000 0019 2000 0000 0000 0000#1626595326598629#-40.5#2.5832236467994196#9
0000 0010 2000 0000 0000 0000#1626595326599917#-41.0#2.0064468705544187#9
0000 0013 2000 0000 0000 0000#1626595326602482#-40.5#4.172427743048944#9
0000 0016 2000 0000 0000 0000#1626595326604682#-40.0#6.086835766330224#9
0000 001B 2000 0000 0000 0000#1626595326606901#-39.0#3.8963112012295285#9
0000 0018 2000 0000 0000 0000#1626595326609047#-42.0#1.5155730184310134#9
0000 001C 2000 0000 0000 0000#1626595326610559#-39.0#4.374913207049849#9
0000 001D 2000 0000 0000 0000#1626595326611607#-42.5#4.638757902566179#9
0000 0015 2000 0000 0000 0000#1626595326612884#-46.0#4.988505522204105#9
0000 0014 2000 0000 0000 0000#1626595326615385#-41.5#4.583534594202296#9
0000 0012 2000 0000 0000 0000#1626595326617275#-38.0#3.5465635815916023#9
0000 000F 2000 0000 0000 0000#1626595326620061#-39.5#0.8283496254582462#9
0000 001B 2000 0000 0000 0000#1626595326624240#-39.0#3.9269908169872414#9
0000 0016 2000 0000 0000 0000#1626595326625307#-40.0#6.2034183062095325#9
0000 0017 2000 0000 0000 0000#1626595326626282#-34.0#6.178874613603362#9
0000 0019 2000 0000 0000 0000#1626595326627591#-40.0#2.6445828783148455#9
0000 0013 2000 0000 0000 0000#1626595326628873#-40.0#4.190835512503572#9
0000 0011 2000 0000 0000 0000#1626595326630205#-38.5#2.8102528034064944#9
0000 0010 2000 0000 0000 0000#1626595326631614#-39.5#2.073942025221387#9
0000 0014 2000 0000 0000 0000#1626595326633409#-41.5#4.614214209960009#9
0000 000F 2000 0000 0000 0000#1626595326634700#-39.5#0.8651651643675016#9
0000 001A 2000 0000 0000 0000#1626595326637499#-37.5#3.2336315008629315#9
0000 001C 2000 0000 0000 0000#1626595326638808#-39.0#4.411728745959104#9
0000 0012 2000 0000 0000 0000#1626595326640385#-38.5#3.5956509668039427#9
0000 001D 2000 0000 0000 0000#1626595326644254#-42.0#4.681709364626977#9
0000 0015 2000 0000 0000 0000#1626595326645362#-46.0#5.006913291658733#9
0000 0018 2000 0000 0000 0000#1626595326646533#-40.0#1.6137477888556946#9
0000 0017 2000 0000 0000 0000#1626595326909487#-31.0#1.6689710972195777#9
0000 001C 2000 0000 0000 0000#1626595326910544#-38.0#5.534602682691394#9
0000 000F 2000 0000 0000 0000#1626595326912388#-36.0#2.435961491162398#9
0000 0012 2000 0000 0000 0000#1626595326913681#-36.0#4.884194828627882#9
0000 0016 2000 0000 0000 0000#1626595326914790#-37.0#1.7732817907958012#9
0000 001B 2000 0000 0000 0000#1626595326916111#-36.5#5.1725832167503825#9
0000 001D 2000 0000 0000 0000#1626595326917413#-41.0#5.71868037723767#9
0000 0011 2000 0000 0000 0000#1626595326918492#-36.0#4.166291819897402#9
0000 0018 2000 0000 0000 0000#1626595326921018#-38.0#3.067961575771282#9
0000 0019 2000 0000 0000 0000#1626595326922326#-37.5#4.04357335686655#9
0000 001A 2000 0000 0000 0000#1626595326923884#-35.5#4.540583132141498#9
0000 0015 2000 0000 0000 0000#1626595326925900#-46.0#5.970253226450915#9
0000 0014 2000 0000 0000 0000#1626595326926941#-40.0#5.706408530934585#9
0000 0013 2000 0000 0000 0000#1626595326928921#-39.0#5.411884219660542#9
0000 0010 2000 0000 0000 0000#1626595326942019#-36.5#3.3318062712876126#9
0000 0017 2000 0000 0000 0000#1626595326946124#-31.0#1.576932249946439#9
0000 0018 2000 0000 0000 0000#1626595326947848#-37.5#2.8838838812250054#9
0000 0011 2000 0000 0000 0000#1626595326950519#-36.0#4.049709280018092#9
0000 001A 2000 0000 0000 0000#1626595326951937#-35.0#4.399456899656019#9
0000 001C 2000 0000 0000 0000#1626595326952994#-38.0#5.387340527054372#9
0000 0019 2000 0000 0000 0000#1626595326954070#-37.5#3.8963112012295285#9
0000 0010 2000 0000 0000 0000#1626595326956233#-37.5#3.3624858870453256#9
0000 001D 2000 0000 0000 0000#1626595326957958#-41.0#5.565282298449106#9
0000 001B 2000 0000 0000 0000#1626595326959011#-36.5#5.019185137961818#9
0000 000F 2000 0000 0000 0000#1626595326960775#-35.5#2.356194490192345#9
0000 0012 2000 0000 0000 0000#1626595326962633#-36.5#4.743068596142402#9
0000 0013 2000 0000 0000 0000#1626595326963747#-38.5#5.252350217720435#9
0000 0014 2000 0000 0000 0000#1626595326964839#-40.5#5.546874528994478#9
0000 0016 2000 0000 0000 0000#1626595326965920#-37.0#1.7548740213411735#9
0000 0015 2000 0000 0000 0000#1626595326967341#-46.0#5.792311455056181#9
0000 0018 2000 0000 0000 0000#1626595327230836#-34.5#3.0925052683774528#9
0000 0010 2000 0000 0000 0000#1626595327231924#-35.5#3.429981041712294#9
0000 0011 2000 0000 0000 0000#1626595327233002#-35.5#4.074252972624263#9
0000 0016 2000 0000 0000 0000#1626595327234301#-35.0#2.2150682577068657#9
0000 0017 2000 0000 0000 0000#1626595327235306#-28.0#2.018718716857504#9
0000 001C 2000 0000 0000 0000#1626595327237060#-38.0#5.246214294568893#9
0000 000F 2000 0000 0000 0000#1626595327238373#-32.5#2.6139032625571326#9
0000 0014 2000 0000 0000 0000#1626595327239442#-41.0#5.338253141842031#9
0000 0015 2000 0000 0000 0000#1626595327243523#-47.5#5.448699758569798#9
0000 001B 2000 0000 0000 0000#1626595327245270#-37.0#4.95168998329485#9
0000 001A 2000 0000 0000 0000#1626595327248737#-34.5#4.411728745959104#9
0000 0012 2000 0000 0000 0000#1626595327249846#-36.5#4.743068596142402#9
0000 0013 2000 0000 0000 0000#1626595327250912#-39.0#5.197126909356553#9
0000 0019 2000 0000 0000 0000#1626595327252495#-36.5#3.9576704327449543#9
0000 001D 2000 0000 0000 0000#1626595327253783#-42.5#5.307573526084319#9
0000 001D 2000 0000 0000 0000#1626595327259291#-42.5#5.325981295538946#9
0000 000F 2000 0000 0000 0000#1626595327260352#-32.5#2.675262494072558#9
0000 0012 2000 0000 0000 0000#1626595327261751#-35.5#4.755340442445488#9
0000 0018 2000 0000 0000 0000#1626595327263042#-35.5#3.1354567304382504#9
0000 0013 2000 0000 0000 0000#1626595327264097#-38.5#5.197126909356553#9
0000 0016 2000 0000 0000 0000#1626595327265646#-35.0#2.337786720737717#9
0000 001A 2000 0000 0000 0000#1626595327268040#-33.5#4.4362724385652745#9
0000 0017 2000 0000 0000 0000#1626595327269940#-26.5#2.116893487282185#9
0000 0019 2000 0000 0000 0000#1626595327272255#-36.5#3.9822141253511245#9
0000 001B 2000 0000 0000 0000#1626595327273818#-36.5#4.97623367590102#9
0000 0015 2000 0000 0000 0000#1626595327275982#-47.5#5.436427912266712#9
0000 0011 2000 0000 0000 0000#1626595327277058#-35.0#4.129476280988146#9
0000 0014 2000 0000 0000 0000#1626595327278620#-41.0#5.393476450205914#9
0000 001C 2000 0000 0000 0000#1626595327281277#-38.5#5.258486140871978#9
0000 0010 2000 0000 0000 0000#1626595327283272#-33.5#3.5158839658338894#9
0000 001C 2000 0000 0000 0000#1626595327546512#-40.0#4.9823695990525625#9
0000 0019 2000 0000 0000 0000#1626595327548046#-37.0#3.9208548938356986#9
0000 0011 2000 0000 0000 0000#1626595327549402#-35.0#4.01902966426038#9
0000 001D 2000 0000 0000 0000#1626595327550505#-44.0#4.902602598082509#9
0000 0013 2000 0000 0000 0000#1626595327552531#-40.5#4.994641445355648#9
0000 000F 2000 0000 0000 0000#1626595327554107#-31.5#2.890019804376548#9
0000 0018 2000 0000 0000 0000#1626595327555296#-33.0#3.2336315008629315#9
0000 001B 2000 0000 0000 0000#1626595327556560#-38.5#4.749204519293945#9
0000 001A 2000 0000 0000 0000#1626595327557704#-34.5#4.3074180523828804#9
0000 0012 2000 0000 0000 0000#1626595327559319#-36.5#4.614214209960009#9
0000 0014 2000 0000 0000 0000#1626595327562163#-42.5#5.049864753719531#9
0000 0015 2000 0000 0000 0000#1626595327563284#-49.5#4.896466674930966#9
0000 0010 2000 0000 0000 0000#1626595327564410#-33.0#3.509748042682347#9
0000 0016 2000 0000 0000 0000#1626595327566587#-33.0#2.804116880254952#9
0000 0017 2000 0000 0000 0000#1626595327568062#-27.0#2.466641106920111#9
0000 0015 2000 0000 0000 0000#1626595327576510#-49.5#4.878058905476339#9
0000 001C 2000 0000 0000 0000#1626595327577823#-40.5#4.963961829597935#9
0000 0010 2000 0000 0000 0000#1626595327578949#-33.5#3.5281558121369745#9
0000 0017 2000 0000 0000 0000#1626595327580739#-27.0#2.4911847995262812#9
0000 001A 2000 0000 0000 0000#1626595327582512#-36.0#4.319689898685965#9
0000 0019 2000 0000 0000 0000#1626595327584576#-36.5#3.9515345095934116#9
0000 0016 2000 0000 0000 0000#1626595327586851#-33.0#2.8532042654672924#9
0000 0012 2000 0000 0000 0000#1626595327588492#-36.5#4.638757902566179#9
0000 000F 2000 0000 0000 0000#1626595327589558#-31.5#2.9391071895888885#9
0000 001D 2000 0000 0000 0000#1626595327593068#-45.0#4.871922982324796#9
0000 0018 2000 0000 0000 0000#1626595327594129#-34.0#3.2888548092268146#9
0000 0013 2000 0000 0000 0000#1626595327595439#-41.0#4.9823695990525625#9
0000 001B 2000 0000 0000 0000#1626595327596748#-39.0#4.773748211900116#9
0000 0011 2000 0000 0000 0000#1626595327598018#-36.0#4.0558452031696355#9
0000 0014 2000 0000 0000 0000#1626595327600097#-43.0#5.037592907416445#9
0000 0017 2000 0000 0000 0000#1626595327863502#-27.0#3.2643111166206444#9
0000 0010 2000 0000 0000 0000#1626595327866083#-35.0#4.01902966426038#9
0000 0019 2000 0000 0000 0000#1626595327867345#-37.0#4.319689898685965#9
0000 0012 2000 0000 0000 0000#1626595327868926#-40.0#4.71238898038469#9
0000 001C 2000 0000 0000 0000#1626595327869939#-43.0#4.853515212870168#9
0000 0015 2000 0000 0000 0000#1626595327871278#-52.0#4.522175362686871#9
0000 000F 2000 0000 0000 0000#1626595327873054#-31.5#3.6386024288647407#9
0000 001D 2000 0000 0000 0000#1626595327874373#-47.5#4.571262747899211#9
0000 0011 2000 0000 0000 0000#1626595327875432#-37.0#4.319689898685965#9
0000 0013 2000 0000 0000 0000#1626595327876628#-43.0#4.957825906446392#9
0000 0018 2000 0000 0000 0000#1626595327878620#-34.0#3.834951969714103#9
0000 001B 2000 0000 0000 0000#1626595327879712#-41.0#4.743068596142402#9
0000 0016 2000 0000 0000 0000#1626595327881535#-33.0#3.810408277107933#9
0000 001A 2000 0000 0000 0000#1626595327882723#-37.5#4.454680208019902#9
0000 0014 2000 0000 0000 0000#1626595327884247#-46.0#4.865787059173254#9
0000 001D 2000 0000 0000 0000#1626595327888404#-47.5#4.540583132141498#9
0000 0016 2000 0000 0000 0000#1626595327889453#-33.0#3.816544200259475#9
0000 0012 2000 0000 0000 0000#1626595327890486#-40.5#4.6878452877785195#9
0000 001B 2000 0000 0000 0000#1626595327892036#-41.5#4.73693267299086#9
0000 0017 2000 0000 0000 0000#1626595327893068#-27.0#3.3011266555298997#9
0000 0015 2000 0000 0000 0000#1626595327894630#-52.0#4.479223900626073#9
0000 0019 2000 0000 0000 0000#1626595327895863#-37.0#4.3074180523828804#9
0000 0011 2000 0000 0000 0000#1626595327898444#-35.5#4.313553975534423#9
0000 0018 2000 0000 0000 0000#1626595327899991#-34.0#3.865631585471816#9
0000 0014 2000 0000 0000 0000#1626595327901785#-46.0#4.822835597112456#9
0000 001A 2000 0000 0000 0000#1626595327902968#-36.5#4.430136515413731#9
0000 0013 2000 0000 0000 0000#1626595327904036#-43.5#4.902602598082509#9
0000 001C 2000 0000 0000 0000#1626595327906894#-43.5#4.7860200582032#9
0000 0010 2000 0000 0000 0000#1626595327908068#-33.5#4.031301510563465#9
0000 000F 2000 0000 0000 0000#1626595327909930#-31.5#3.6754179677739964#9
0000 0010 2000 0000 0000 0000#1626595328174667#-34.5#4.577398671050753#9
0000 0016 2000 0000 0000 0000#1626595328175747#-32.0#4.841243366567084#9
0000 0011 2000 0000 0000 0000#1626595328176875#-35.5#4.583534594202296#9
0000 0014 2000 0000 0000 0000#1626595328177955#-47.0#4.816699673960914#9
0000 0013 2000 0000 0000 0000#1626595328179251#-44.5#4.908738521234052#9
0000 0015 2000 0000 0000 0000#1626595328180400#-53.0#4.466952054322987#9
0000 0018 2000 0000 0000 0000#1626595328181785#-32.0#4.509903516383785#9
0000 0019 2000 0000 0000 0000#1626595328185256#-37.5#4.669437518323892#9
0000 000F 2000 0000 0000 0000#1626595328186332#-30.5#4.4362724385652745#9
0000 001A 2000 0000 0000 0000#1626595328187649#-38.5#4.534447208989955#9
0000 001D 2000 0000 0000 0000#1626595328188698#-48.5#4.448544284868359#9
0000 001B 2000 0000 0000 0000#1626595328189776#-42.0#4.73693267299086#9
0000 0017 2000 0000 0000 0000#1626595328191078#-26.5#4.2092432819582#9
0000 001C 2000 0000 0000 0000#1626595328192603#-45.0#4.73693267299086#9
0000 0012 2000 0000 0000 0000#1626595328195021#-41.0#4.718524903536232#9
0000 001C 2000 0000 0000 0000#1626595328202016#-44.5#4.724660826687775#9
0000 0010 2000 0000 0000 0000#1626595328203116#-33.0#4.577398671050753#9
0000 001D 2000 0000 0000 0000#1626595328204663#-48.5#4.424000592262189#9
0000 0012 2000 0000 0000 0000#1626595328205981#-41.0#4.693981210930062#9
0000 0015 2000 0000 0000 0000#1626595328207286#-53.0#4.442408361716817#9
0000 0014 2000 0000 0000 0000#1626595328209803#-47.0#4.7307967498393175#9
0000 0011 2000 0000 0000 0000#1626595328211163#-37.0#4.509903516383785#9
0000 0017 2000 0000 0000 0000#1626595328212939#-26.5#4.23378697456437#9
0000 0018 2000 0000 0000 0000#1626595328214094#-32.0#4.4976316700806995#9
0000 0016 2000 0000 0000 0000#1626595328215374#-32.0#4.896466674930966#9
0000 000F 2000 0000 0000 0000#1626595328216480#-31.0#4.460816131171445#9
0000 0019 2000 0000 0000 0000#1626595328217515#-37.0#4.626486056263094#9
0000 0013 2000 0000 0000 0000#1626595328218854#-45.0#4.8351074434155406#9
0000 001B 2000 0000 0000 0000#1626595328220131#-42.5#4.663301595172349#9
0000 001A 2000 0000 0000 0000#1626595328222675#-38.0#4.479223900626073#9
0000 0013 2000 0000 0000 0000#1626595328487929#-46.5#3.859495662320273#9
0000 001B 2000 0000 0000 0000#1626595328489223#-43.5#3.6815538909255388#9
0000 0018 2000 0000 0000 0000#1626595328490270#-33.0#3.9944859716542096#9
0000 0017 2000 0000 0000 0000#1626595328492071#-27.0#3.933126740138784#9
0000 0012 2000 0000 0000 0000#1626595328493145#-41.5#3.6692820446224537#9
0000 0010 2000 0000 0000 0000#1626595328494287#-33.5#3.9392626632903265#9
0000 001D 2000 0000 0000 0000#1626595328495673#-50.0#3.442252888015379#9
0000 001A 2000 0000 0000 0000#1626595328498024#-38.0#3.509748042682347#9
0000 0019 2000 0000 0000 0000#1626595328499384#-37.5#3.822680123411018#9
0000 000F 2000 0000 0000 0000#1626595328500464#-31.0#4.037437433715008#9
0000 0016 2000 0000 0000 0000#1626595328501998#-32.0#4.724660826687775#9
0000 0014 2000 0000 0000 0000#1626595328503061#-49.5#3.7429131224409646#9
0000 0015 2000 0000 0000 0000#1626595328505095#-57.0#3.472932503773092#9
0000 001C 2000 0000 0000 0000#1626595328506124#-47.0#3.693825737228624#9
0000 0011 2000 0000 0000 0000#1626595328510805#-37.0#3.6324665057131984#9
0000 001A 2000 0000 0000 0000#1626595328514502#-38.0#3.4606606574700063#9
0000 001B 2000 0000 0000 0000#1626595328516024#-43.5#3.6386024288647407#9
0000 0017 2000 0000 0000 0000#1626595328517042#-27.0#3.933126740138784#9
0000 0015 2000 0000 0000 0000#1626595328519131#-57.0#3.442252888015379#9
0000 0016 2000 0000 0000 0000#1626595328520422#-32.0#4.7307967498393175#9
0000 0010 2000 0000 0000 0000#1626595328521564#-33.5#3.902447124381071#9
0000 0012 2000 0000 0000 0000#1626595328523032#-40.5#3.5895150436524004#9
0000 0018 2000 0000 0000 0000#1626595328524660#-32.0#3.9576704327449543#9
0000 000F 2000 0000 0000 0000#1626595328525979#-31.0#4.01902966426038#9
0000 001D 2000 0000 0000 0000#1626595328527282#-52.5#3.3011266555298997#9
0000 0011 2000 0000 0000 0000#1626595328528422#-36.0#3.5711072741977725#9
0000 0013 2000 0000 0000 0000#1626595328530451#-46.5#3.749049045592507#9
0000 001C 2000 0000 0000 0000#1626595328535070#-47.0#3.6017868899554855#9
0000 0019 2000 0000 0000 0000#1626595328536121#-37.5#3.7429131224409646#9
0000 0014 2000 0000 0000 0000#1626595328537386#-50.0#3.663146121470911#9
0000 000F 2000 0000 0000 0000#1626595328801455#-31.0#3.368621810196868#9
0000 0012 2000 0000 0000 0000#1626595328803357#-42.5#2.6016314162540475#9
0000 0018 2000 0000 0000 0000#1626595328805242#-33.5#3.2090878082567613#9
0000 0010 2000 0000 0000 0000#1626595328806313#-33.5#3.074097498922825#9
0000 001A 2000 0000 0000 0000#1626595328807686#-39.0#2.4605051837685683#9
0000 0016 2000 0000 0000 0000#1626595328808737#-32.0#4.295146206079795#9
0000 0013 2000 0000 0000 0000#1626595328809774#-49.0#2.6998061866787286#9
0000 0015 2000 0000 0000 0000#1626595328811308#-62.5#1.761009944492716#9
0000 0017 2000 0000 0000 0000#1626595328812399#-27.0#3.32567034813607#9
0000 0019 2000 0000 0000 0000#1626595328813703#-37.5#2.834796496012665#9
0000 0011 2000 0000 0000 0000#1626595328814750#-37.5#2.650718801466388#9
0000 001C 2000 0000 0000 0000#1626595328816117#-50.0#2.478912953223196#9
0000 0014 2000 0000 0000 0000#1626595328817140#-53.0#2.4850488763747385#9
0000 001B 2000 0000 0000 0000#1626595328818335#-45.5#2.5770877236478773#9
0000 001D 2000 0000 0000 0000#1626595328819653#-57.0#1.9512235621905356#9
0000 0018 2000 0000 0000 0000#1626595328826759#-32.5#3.1906800388021335#9
0000 0011 2000 0000 0000 0000#1626595328828961#-36.5#2.6200391857086753#9
0000 0010 2000 0000 0000 0000#1626595328830104#-33.5#3.043417883165112#9
0000 0016 2000 0000 0000 0000#1626595328831395#-32.0#4.289010282928253#9
0000 001A 2000 0000 0000 0000#1626595328832727#-40.5#2.399145952253143#9
0000 001D 2000 0000 0000 0000#1626595328833802#-57.0#1.8714565612204823#9
0000 0019 2000 0000 0000 0000#1626595328834880#-37.5#2.7857091108003242#9
0000 0012 2000 0000 0000 0000#1626595328835927#-43.0#2.5341362615870793#9
0000 0014 2000 0000 0000 0000#1626595328836993#-53.5#2.399145952253143#9
0000 001C 2000 0000 0000 0000#1626595328839336#-51.0#2.435961491162398#9
0000 000F 2000 0000 0000 0000#1626595328840544#-31.0#3.3440781175906977#9
0000 0013 2000 0000 0000 0000#1626595328841570#-49.0#2.6139032625571326#9
0000 0017 2000 0000 0000 0000#1626595328843073#-27.0#3.3072625786814425#9
0000 001B 2000 0000 0000 0000#1626595328845235#-45.5#2.497320722677824#9
0000 0015 2000 0000 0000 0000#1626595328846542#-63.0#1.4787574795217582#9
0000 0011 2000 0000 0000 0000#1626595329112821#-38.0#2.325514874434632#9
0000 0013 2000 0000 0000 0000#1626595329115837#-52.0#1.88986433067511#9
0000 0012 2000 0000 0000 0000#1626595329117148#-45.0#2.067806102069844#9
0000 0010 2000 0000 0000 0000#1626595329118288#-34.0#2.773437264497239#9
0000 0016 2000 0000 0000 0000#1626595329119341#-32.0#4.246058820867455#9
0000 0018 2000 0000 0000 0000#1626595329120402#-34.0#2.9513790358919736#9
0000 0019 2000 0000 0000 0000#1626595329121538#-38.5#2.5034566458293663#9
0000 001A 2000 0000 0000 0000#1626595329123685#-40.5#1.9512235621905356#9
0000 0017 2000 0000 0000 0000#1626595329125231#-27.5#3.172272269347506#9
0000 000F 2000 0000 0000 0000#1626595329126238#-32.0#3.160000423044421#9
0000 001D 2000 0000 0000 0000#1626595329130385#-60.5#0.15339807878856412#9
0000 001B 2000 0000 0000 0000#1626595329131521#-48.5#1.846912868614312#9
0000 0015 2000 0000 0000 0000#1626595329132873#-55.0#5.994796919057086#9
0000 001C 2000 0000 0000 0000#1626595329134212#-54.5#1.3008157081270237#9
0000 0014 2000 0000 0000 0000#1626595329135249#-56.5#1.1719613219446299#9
0000 0019 2000 0000 0000 0000#1626595329141329#-39.0#2.4605051837685683#9
0000 0013 2000 0000 0000 0000#1626595329142427#-52.0#1.761009944492716#9
0000 0015 2000 0000 0000 0000#1626595329144558#-54.0#5.8475347634200645#9
0000 0018 2000 0000 0000 0000#1626595329145728#-33.0#2.9022916506796332#9
0000 0010 2000 0000 0000 0000#1626595329146868#-33.5#2.718213956133356#9
0000 0017 2000 0000 0000 0000#1626595329147917#-27.5#3.172272269347506#9
0000 000F 2000 0000 0000 0000#1626595329148952#-32.0#3.141592653589793#9
0000 001A 2000 0000 0000 0000#1626595329150526#-42.0#1.88986433067511#9
0000 001C 2000 0000 0000 0000#1626595329153020#-54.5#1.184233168247715#9
0000 0011 2000 0000 0000 0000#1626595329154452#-39.0#2.1905245651006955#9
0000 0014 2000 0000 0000 0000#1626595329155773#-57.0#1.012427320004523#9
0000 0012 2000 0000 0000 0000#1626595329157332#-45.5#1.9512235621905356#9
0000 0016 2000 0000 0000 0000#1626595329158382#-32.0#4.2092432819582#9
0000 001D 2000 0000 0000 0000#1626595329159558#-59.5#6.105243535784852#9
0000 001B 2000 0000 0000 0000#1626595329161117#-49.0#1.736466251886546#9
0000 0013 2000 0000 0000 0000#1626595329425653#-54.5#0.5092816215780329#9
0000 001C 2000 0000 0000 0000#1626595329426696#-49.0#5.246214294568893#9
0000 001B 2000 0000 0000 0000#1626595329427970#-53.0#0.8713010875190442#9
0000 0016 2000 0000 0000 0000#1626595329429251#-33.0#4.399456899656019#9
0000 0017 2000 0000 0000 0000#1626595329430326#-28.0#3.2459033471660166#9
0000 0011 2000 0000 0000 0000#1626595329432129#-41.5#1.9880391010997909#9
0000 0019 2000 0000 0000 0000#1626595329433632#-41.5#2.282563412373834#9
0000 0010 2000 0000 0000 0000#1626595329435001#-35.5#2.6323110320117604#9
0000 001A 2000 0000 0000 0000#1626595329436045#-46.0#1.4910293258248433#9
0000 001D 2000 0000 0000 0000#1626595329439369#-44.5#4.123340357836604#9
0000 000F 2000 0000 0000 0000#1626595329440433#-33.0#3.1661363461959633#9
0000 0014 2000 0000 0000 0000#1626595329442401#-47.5#4.853515212870168#9
0000 0015 2000 0000 0000 0000#1626595329443494#-52.0#4.442408361716817#9
0000 0018 2000 0000 0000 0000#1626595329444553#-35.5#2.859340188618835#9
0000 0012 2000 0000 0000 0000#1626595329445574#-49.0#1.3069516312785663#9
0000 0012 2000 0000 0000 0000#1626595329454034#-49.0#1.2640001692177683#9
0000 0011 2000 0000 0000 0000#1626595329456701#-41.5#1.9082721001297376#9
0000 000F 2000 0000 0000 0000#1626595329457808#-33.5#3.0925052683774528#9
0000 0014 2000 0000 0000 0000#1626595329459157#-47.0#4.675573441475434#9
0000 0013 2000 0000 0000 0000#1626595329460240#-54.5#0.23316507975861744#9
0000 0010 2000 0000 0000 0000#1626595329461379#-35.5#2.5893595699509624#9
0000 0017 2000 0000 0000 0000#1626595329462427#-28.5#3.1661363461959633#9
0000 001B 2000 0000 0000 0000#1626595329464660#-53.0#0.6135923151542565#9
0000 0016 2000 0000 0000 0000#1626595329466386#-33.0#4.338097668140593#9
0000 0018 2000 0000 0000 0000#1626595329467874#-35.5#2.791845033951867#9
0000 0015 2000 0000 0000 0000#1626595329470036#-53.5#4.381049130201391#9
0000 0019 2000 0000 0000 0000#1626595329471157#-41.5#2.1782527187976104#9
0000 001A 2000 0000 0000 0000#1626595329473187#-44.5#1.3130875544301088#9
0000 001C 2000 0000 0000 0000#1626595329474628#-47.0#4.71238898038469#9
0000 001D 2000 0000 0000 0000#1626595329475746#-45.5#4.006757817957295#9
0000 000F 2000 0000 0000 0000#1626595329741399#-36.0#2.1230294104337273#9
0000 0011 2000 0000 0000 0000#1626595329742431#-47.0#0.4172427743048944#9
0000 0017 2000 0000 0000 0000#1626595329743492#-31.0#2.172116795646068#9
0000 0016 2000 0000 0000 0000#1626595329744501#-35.5#3.479068426924634#9
0000 001D 2000 0000 0000 0000#1626595329745804#-62.0#3.141592653589793#9
0000 0014 2000 0000 0000 0000#1626595329746871#-50.5#3.313398501832985#9
0000 001A 2000 0000 0000 0000#1626595329747969#-50.5#5.473243451175968#9
0000 0018 2000 0000 0000 0000#1626595329749313#-38.0#1.8039614065535141#9
0000 0010 2000 0000 0000 0000#1626595329750977#-40.5#1.509437095279471#9
0000 0012 2000 0000 0000 0000#1626595329753031#-49.0#4.767612288748572#9
0000 0013 2000 0000 0000 0000#1626595329757088#-44.0#3.3624858870453256#9
0000 001B 2000 0000 0000 0000#1626595329759507#-44.0#3.448388811166921#9
0000 0019 2000 0000 0000 0000#1626595329760796#-47.0#0.9019807032767571#9
0000 001C 2000 0000 0000 0000#1626595329762097#-47.5#3.184544115650591#9
0000 0015 2000 0000 0000 0000#1626595329765201#-68.0#3.834951969714103#9
0000 001B 2000 0000 0000 0000#1626595329772463#-44.0#3.399301425954581#9
0000 001A 2000 0000 0000 0000#1626595329773978#-49.5#5.21553467881118#9
0000 000F 2000 0000 0000 0000#1626595329775099#-36.5#2.043262409463674#9
0000 001D 2000 0000 0000 0000#1626595329776132#-63.5#2.816388726558037#9
0000 0016 2000 0000 0000 0000#1626595329777958#-36.0#3.423845118560751#9
0000 0017 2000 0000 0000 0000#1626595329779263#-31.5#2.110757564130642#9
0000 0011 2000 0000 0000 0000#1626595329780336#-47.5#0.20248546400090464#9
0000 0018 2000 0000 0000 0000#1626595329781910#-40.0#1.7303303287350031#9
0000 0015 2000 0000 0000 0000#1626595329783133#-69.5#3.724505352986337#9
0000 0010 2000 0000 0000 0000#1626595329784203#-42.5#1.4051264017032472#9
0000 0013 2000 0000 0000 0000#1626595329785757#-44.5#3.2888548092268146#9
0000 0019 2000 0000 0000 0000#1626595329786748#-48.0#0.7792622402459057#9
0000 0014 2000 0000 0000 0000#1626595329788057#-53.0#3.313398501832985#9
0000 0012 2000 0000 0000 0000#1626595329789517#-47.0#4.325825821837508#9
0000 001C 2000 0000 0000 0000#1626595329800513#-48.5#3.429981041712294#9
0000 0012 2000 0000 0000 0000#1626595330073218#-44.0#2.5341362615870793#9
0000 0017 2000 0000 0000 0000#1626595330074524#-36.0#1.2333205534600555#9
0000 0018 2000 0000 0000 0000#1626595330078064#-46.5#0.4970097752749477#9
0000 001B 2000 0000 0000 0000#1626595330079143#-51.0#2.7550294950426117#9
0000 0015 2000 0000 0000 0000#1626595330080180#-61.0#1.055378782065321#9
0000 001C 2000 0000 0000 0000#1626595330081251#-63.0#2.2457478734645786#9
0000 0016 2000 0000 0000 0000#1626595330082356#-39.5#2.509592568980909#9
0000 000F 2000 0000 0000 0000#1626595330083405#-42.5#1.055378782065321#9
0000 0010 2000 0000 0000 0000#1626595330084561#-47.5#5.994796919057086#9
0000 0013 2000 0000 0000 0000#1626595330085644#-57.0#2.718213956133356#9
0000 001A 2000 0000 0000 0000#1626595330086659#-42.0#2.521864415283994#9
0000 0011 2000 0000 0000 0000#1626595330088147#-44.0#3.5036121195308043#9
0000 0019 2000 0000 0000 0000#1626595330089192#-49.0#4.356505437595221#9
0000 0014 2000 0000 0000 0000#1626595330093110#-67.0#1.902136176978195#9
0000 000F 2000 0000 0000 0000#1626595330096734#-43.0#1.0369710126106935#9
0000 0010 2000 0000 0000 0000#1626595330097837#-49.0#5.884350302329319#9
0000 0011 2000 0000 0000 0000#1626595330100778#-44.0#3.429981041712294#9
0000 001C 2000 0000 0000 0000#1626595330102094#-63.0#2.2212041808584084#9
0000 0019 2000 0000 0000 0000#1626595330103169#-48.5#4.239922897715912#9
0000 0016 2000 0000 0000 0000#1626595330104261#-39.5#2.5034566458293663#9
0000 0017 2000 0000 0000 0000#1626595330105352#-37.0#1.1903690913992575#9
0000 001A 2000 0000 0000 0000#1626595330106671#-42.0#2.5034566458293663#9
0000 0018 2000 0000 0000 0000#1626595330108015#-47.5#0.37429131224409645#9
0000 0012 2000 0000 0000 0000#1626595330109091#-44.5#2.5402721847386216#9
0000 001B 2000 0000 0000 0000#1626595330110440#-53.0#2.8286605728611223#9
0000 0015 2000 0000 0000 0000#1626595330112944#-58.5#0.6381360077604268#9
0000 0013 2000 0000 0000 0000#1626595330114868#-58.5#2.6568547246179306#9
0000 001B 2000 0000 0000 0000#1626595330381380#-61.0#1.5462526341887264#9
0000 0011 2000 0000 0000 0000#1626595330382469#-45.5#2.8961557275280905#9
0000 000F 2000 0000 0000 0000#1626595330384055#-50.5#6.154330920997192#9
0000 0019 2000 0000 0000 0000#1626595330386588#-44.5#3.2029518851052186#9
0000 0017 2000 0000 0000 0000#1626595330387636#-44.5#0.5583690067903734#9
0000 0010 2000 0000 0000 0000#1626595330389164#-46.0#3.933126740138784#9
0000 0016 2000 0000 0000 0000#1626595330390471#-44.0#2.3071071049800045#9
0000 0015 2000 0000 0000 0000#1626595330391779#-58.0#5.638913376267617#9
0000 001D 2000 0000 0000 0000#1626595330394475#-64.0#1.4173982480063325#9
0000 0013 2000 0000 0000 0000#1626595330396974#-60.5#0.5890486225480862#9
0000 001A 2000 0000 0000 0000#1626595330398902#-54.0#2.6139032625571326#9
0000 0018 2000 0000 0000 0000#1626595330400604#-49.0#4.681709364626977#9
0000 0012 2000 0000 0000 0000#1626595330404587#-56.5#2.282563412373834#9
0000 001C 2000 0000 0000 0000#1626595330414325#-61.5#5.829126993965437#9
0000 000F 2000 0000 0000 0000#1626595330421424#-49.0#0.25770877236478773#9
0000 0016 2000 0000 0000 0000#1626595330422504#-44.5#2.9513790358919736#9
0000 0011 2000 0000 0000 0000#1626595330423775#-45.5#3.706097583531709#9
0000 0010 2000 0000 0000 0000#1626595330424948#-42.0#4.565126824747668#9
0000 001B 2000 0000 0000 0000#1626595330427251#-59.5#1.718058482431918#9
0000 001A 2000 0000 0000 0000#1626595330428350#-54.0#3.3379421944391554#9
0000 001C 2000 0000 0000 0000#1626595330430149#-62.0#5.522330836388308#9
0000 0015 2000 0000 0000 0000#1626595330431807#-56.5#0.11658253987930872#9
0000 0012 2000 0000 0000 0000#1626595330432897#-55.5#2.791845033951867#9
0000 0017 2000 0000 0000 0000#1626595330433973#-44.5#0.9633399347921826#9
0000 0019 2000 0000 0000 0000#1626595330435080#-44.0#3.9576704327449543#9
0000 0018 2000 0000 0000 0000#1626595330437060#-46.5#5.184855063053467#9
0000 0013 2000 0000 0000 0000#1626595330438819#-58.5#0.9572040116406401#9
0000 0014 2000 0000 0000 0000#1626595330440257#-59.5#4.921010367537137#9
0000 0018 2000 0000 0000 0000#1626595330702413#-47.0#4.325825821837508#9
0000 001D 2000 0000 0000 0000#1626595330704230#-61.5#0.9019807032767571#9
0000 001B 2000 0000 0000 0000#1626595330706150#-60.0#5.080544369477243#9
0000 0011 2000 0000 0000 0000#1626595330707196#-54.0#2.5464081078901644#9
0000 0014 2000 0000 0000 0000#1626595330708276#-58.5#2.8777479580734626#9
0000 0012 2000 0000 0000 0000#1626595330709339#-58.0#6.264777537724958#9
0000 0019 2000 0000 0000 0000#1626595330710656#-55.0#3.522019888985432#9
0000 001C 2000 0000 0000 0000#1626595330712645#-60.5#3.5342917352885173#9
0000 0016 2000 0000 0000 0000#1626595330713719#-52.0#1.4358060174609601#9
0000 001A 2000 0000 0000 0000#1626595330715024#-59.5#0.9265243958829272#9
0000 0010 2000 0000 0000 0000#1626595330716148#-48.0#4.037437433715008#9
0000 0017 2000 0000 0000 0000#1626595330718373#-44.0#5.037592907416445#9
0000 000F 2000 0000 0000 0000#1626595330720277#-46.5#4.7307967498393175#9
0000 0015 2000 0000 0000 0000#1626595330721657#-59.5#3.9944859716542096#9
0000 0013 2000 0000 0000 0000#1626595330722866#-58.0#4.571262747899211#9
0000 001D 2000 0000 0000 0000#1626595330726561#-62.0#0.8651651643675016#9
0000 0014 2000 0000 0000 0000#1626595330727903#-58.5#2.8102528034064944#9
0000 0016 2000 0000 0000 0000#1626595330729406#-52.0#1.3008157081270237#9
0000 0015 2000 0000 0000 0000#1626595330730727#-59.5#3.9576704327449543#9
0000 0013 2000 0000 0000 0000#1626595330733261#-58.0#4.540583132141498#9
0000 0012 2000 0000 0000 0000#1626595330734852#-57.5#6.080699843178682#9
0000 001B 2000 0000 0000 0000#1626595330735916#-59.5#4.902602598082509#9
0000 001A 2000 0000 0000 0000#1626595330737688#-60.5#0.6381360077604268#9
0000 0018 2000 0000 0000 0000#1626595330738761#-47.5#4.276738436625168#9
0000 0019 2000 0000 0000 0000#1626595330739811#-55.5#3.313398501832985#9
0000 0010 2000 0000 0000 0000#1626595330740949#-48.5#4.01902966426038#9
0000 0017 2000 0000 0000 0000#1626595330742482#-43.5#4.92714629068868#9
0000 000F 2000 0000 0000 0000#1626595330743531#-47.0#4.657165672020807#9
0000 001C 2000 0000 0000 0000#1626595330746138#-61.0#3.3624858870453256#9
0000 0011 2000 0000 0000 0000#1626595330747570#-54.5#2.2396119503130363#9
0000 0017 2000 0000 0000 0000#1626595331013172#-44.5#3.730641276137879#9
0000 0014 2000 0000 0000 0000#1626595331015071#-59.0#0.5645049299419159#9
0000 0011 2000 0000 0000 0000#1626595331016132#-56.5#5.332117218690489#9
0000 0018 2000 0000 0000 0000#1626595331017418#-55.0#2.9575149590435164#9
0000 001C 2000 0000 0000 0000#1626595331018462#-61.0#1.3499030933393643#9
0000 001D 2000 0000 0000 0000#1626595331019508#-62.0#4.589670517353839#9
0000 000F 2000 0000 0000 0000#1626595331028608#-50.5#3.7429131224409646#9
0000 0016 2000 0000 0000 0000#1626595331029869#-50.0#5.559146375297564#9
0000 001B 2000 0000 0000 0000#1626595331031688#-57.0#2.9759227284981438#9
0000 0010 2000 0000 0000 0000#1626595331034398#-55.0#2.1598449493429825#9
0000 001A 2000 0000 0000 0000#1626595331035685#-55.0#3.9699422790480394#9
0000 0013 2000 0000 0000 0000#1626595331037292#-57.0#2.454369260617026#9
0000 0012 2000 0000 0000 0000#1626595331038983#-53.5#3.6692820446224537#9
0000 0015 2000 0000 0000 0000#1626595331040047#-55.5#1.748738098189631#9
0000 0019 2000 0000 0000 0000#1626595331041466#-60.5#0.6565437772150544#9
0000 001D 2000 0000 0000 0000#1626595331045121#-61.5#4.632621979414636#9
0000 0012 2000 0000 0000 0000#1626595331046469#-53.5#3.552699504743145#9
0000 0010 2000 0000 0000 0000#1626595331047541#-55.0#2.018718716857504#9
0000 0011 2000 0000 0000 0000#1626595331050149#-53.5#5.2339424482658075#9
0000 0014 2000 0000 0000 0000#1626595331051659#-59.0#0.5338253141842031#9
0000 0018 2000 0000 0000 0000#1626595331052999#-53.0#2.9145634969827183#9
0000 0013 2000 0000 0000 0000#1626595331054037#-57.0#2.325514874434632#9
0000 0016 2000 0000 0000 0000#1626595331056527#-50.0#5.47937937432751#9
0000 0017 2000 0000 0000 0000#1626595331057802#-45.0#3.792000507653305#9
0000 001B 2000 0000 0000 0000#1626595331058840#-57.0#2.82252464970958#9
0000 001A 2000 0000 0000 0000#1626595331059914#-54.5#3.761320891895592#9
0000 000F 2000 0000 0000 0000#1626595331061260#-51.0#3.6570101983193686#9
0000 0019 2000 0000 0000 0000#1626595331063391#-60.5#0.4049709280018093#9
0000 0015 2000 0000 0000 0000#1626595331064496#-55.5#1.6260196351587797#9
0000 001C 2000 0000 0000 0000#1626595331066669#-61.0#1.2333205534600555#9
