0000 0014 2000 0000 0000 0000#1626595516720282#-50.0#1.8530487917658545#9
0000 0015 2000 0000 0000 0000#1626595516722484#-51.5#2.8961557275280905#9
0000 0016 2000 0000 0000 0000#1626595516723493#-62.0#3.822680123411018#9
0000 0010 2000 0000 0000 0000#1626595516724630#-45.0#3.6570101983193686#9
0000 0017 2000 0000 0000 0000#1626595516725794#-43.5#2.337786720737717#9
0000 000F 2000 0000 0000 0000#1626595516726857#-47.0#2.8838838812250054#9
0000 0019 2000 0000 0000 0000#1626595516728233#-47.0#4.074252972624263#9
0000 0013 2000 0000 0000 0000#1626595516730244#-52.5#0.7669903939428205#9
0000 0018 2000 0000 0000 0000#1626595516731348#-47.5#3.3379421944391554#9
0000 001A 2000 0000 0000 0000#1626595516732921#-47.5#4.957825906446392#9
0000 0012 2000 0000 0000 0000#1626595516735067#-49.0#5.608233760509904#9
0000 001B 2000 0000 0000 0000#1626595516737113#-50.5#0.23316507975861744#9
0000 001D 2000 0000 0000 0000#1626595516738874#-49.0#2.2457478734645786#9
0000 0011 2000 0000 0000 0000#1626595516740532#-47.0#4.295146206079795#9
0000 001C 2000 0000 0000 0000#1626595516741815#-50.0#1.4787574795217582#9
0000 0016 2000 0000 0000 0000#1626595516748894#-62.0#3.767456815047135#9
0000 0014 2000 0000 0000 0000#1626595516751769#-49.5#1.8162332528565992#9
0000 0018 2000 0000 0000 0000#1626595516753968#-47.0#3.356349963893783#9
0000 0017 2000 0000 0000 0000#1626595516754987#-44.5#2.3930100291016#9
0000 0012 2000 0000 0000 0000#1626595516756034#-50.5#5.66959299202533#9
0000 0011 2000 0000 0000 0000#1626595516757591#-47.0#4.295146206079795#9
0000 000F 2000 0000 0000 0000#1626595516758741#-46.5#2.9575149590435164#9
0000 0015 2000 0000 0000 0000#1626595516760302#-51.0#2.804116880254952#9
0000 0019 2000 0000 0000 0000#1626595516761762#-46.5#4.123340357836604#9
0000 001A 2000 0000 0000 0000#1626595516764348#-47.5#5.019185137961818#9
0000 0010 2000 0000 0000 0000#1626595516765408#-46.5#3.7122335066832517#9
0000 001B 2000 0000 0000 0000#1626595516766743#-50.5#0.2945243112740431#9
0000 001C 2000 0000 0000 0000#1626595516768043#-49.5#1.521708941582556#9
0000 001D 2000 0000 0000 0000#1626595516769089#-48.5#2.282563412373834#9
0000 0013 2000 0000 0000 0000#1626595516770784#-52.0#0.8467573949128739#9
0000 0016 2000 0000 0000 0000#1626595517035690#-62.5#5.135767677841127#9
0000 001D 2000 0000 0000 0000#1626595517037219#-53.5#3.098641191528995#9
0000 0019 2000 0000 0000 0000#1626595517038549#-49.0#4.853515212870168#9
0000 0017 2000 0000 0000 0000#1626595517040347#-45.5#3.6570101983193686#9
0000 001A 2000 0000 0000 0000#1626595517042346#-51.5#5.47937937432751#9
0000 0010 2000 0000 0000 0000#1626595517043890#-48.5#4.632621979414636#9
0000 001B 2000 0000 0000 0000#1626595517045433#-56.5#0.8651651643675016#9
0000 0013 2000 0000 0000 0000#1626595517046930#-58.0#1.5033011721279284#9
0000 0012 2000 0000 0000 0000#1626595517056723#-55.0#5.9088939949354895#9
0000 0015 2000 0000 0000 0000#1626595517058344#-55.5#3.4177091954092087#9
3008 33B2 DDD9 0140 2018 0626#1626595517060030#-61.0#5.780039608753096#9
0000 0014 2000 0000 0000 0000#1626595517061378#-55.0#2.4911847995262812#9
0000 001C 2000 0000 0000 0000#1626595517062449#-54.5#2.184388641949153#9
0000 000F 2000 0000 0000 0000#1626595517064450#-48.5#3.8963112012295285#9
0000 0018 2000 0000 0000 0000#1626595517065605#-47.0#4.2031073588066565#9
0000 0011 2000 0000 0000 0000#1626595517066725#-50.0#4.71238898038469#9
0000 0013 2000 0000 0000 0000#1626595517074008#-57.5#1.3621749396424494#9
0000 001D 2000 0000 0000 0000#1626595517075078#-53.0#2.8777479580734626#9
0000 0016 2000 0000 0000 0000#1626595517077142#-63.5#4.884194828627882#9
0000 001A 2000 0000 0000 0000#1626595517078928#-51.0#5.246214294568893#9
0000 0011 2000 0000 0000 0000#1626595517079970#-50.5#4.718524903536232#9
0000 0012 2000 0000 0000 0000#1626595517081020#-55.0#5.829126993965437#9
3008 33B2 DDD9 0140 2018 0626#1626595517082082#-61.0#5.822991070813893#9
0000 0018 2000 0000 0000 0000#1626595517083838#-49.0#4.184699589352029#9
0000 000F 2000 0000 0000 0000#1626595517084915#-48.5#3.890175278077986#9
0000 0015 2000 0000 0000 0000#1626595517086947#-56.0#3.4054373491061236#9
0000 0017 2000 0000 0000 0000#1626595517088251#-46.0#3.393165502803038#9
0000 001C 2000 0000 0000 0000#1626595517089348#-55.0#2.172116795646068#9
0000 0010 2000 0000 0000 0000#1626595517090491#-47.0#4.325825821837508#9
0000 0014 2000 0000 0000 0000#1626595517091543#-55.0#2.454369260617026#9
0000 0019 2000 0000 0000 0000#1626595517092849#-49.5#4.608078286808466#9
0000 001B 2000 0000 0000 0000#1626595517096749#-56.5#0.6258641614573416#9
0000 0017 2000 0000 0000 0000#1626595517360330#-46.0#2.742757648739526#9
0000 0013 2000 0000 0000 0000#1626595517361368#-55.5#0.619728238305799#9
0000 0018 2000 0000 0000 0000#1626595517362764#-48.0#3.5711072741977725#9
0000 0019 2000 0000 0000 0000#1626595517365020#-50.5#4.086524818927348#9
0000 000F 2000 0000 0000 0000#1626595517366086#-49.0#3.2459033471660166#9
0000 0010 2000 0000 0000 0000#1626595517367358#-49.5#3.77972866135022#9
0000 0016 2000 0000 0000 0000#1626595517368694#-64.0#4.227651051412827#9
0000 001B 2000 0000 0000 0000#1626595517369771#-55.0#0.030679615757712823#9
0000 0011 2000 0000 0000 0000#1626595517371195#-49.0#4.178563666200486#9
0000 0012 2000 0000 0000 0000#1626595517372514#-55.0#5.368932757599744#9
0000 001D 2000 0000 0000 0000#1626595517373643#-53.0#2.073942025221387#9
3008 33B2 DDD9 0140 2018 0626#1626595517376321#-60.5#5.1725832167503825#9
0000 001A 2000 0000 0000 0000#1626595517377475#-50.5#4.755340442445488#9
0000 001C 2000 0000 0000 0000#1626595517379036#-53.0#1.3744467859455345#9
0000 0014 2000 0000 0000 0000#1626595517381769#-54.0#1.5401167110371838#9
0000 0011 2000 0000 0000 0000#1626595517389222#-49.0#4.184699589352029#9
0000 0018 2000 0000 0000 0000#1626595517390567#-49.5#3.5772431973493153#9
0000 0019 2000 0000 0000 0000#1626595517392742#-50.5#4.09266074207889#9
0000 0016 2000 0000 0000 0000#1626595517394065#-63.5#4.356505437595221#9
0000 001D 2000 0000 0000 0000#1626595517396270#-54.5#2.055534255766759#9
0000 0010 2000 0000 0000 0000#1626595517397596#-48.0#3.785864584501762#9
0000 000F 2000 0000 0000 0000#1626595517400101#-49.0#3.2704470397721868#9
0000 0013 2000 0000 0000 0000#1626595517401170#-55.5#0.6258641614573416#9
0000 0017 2000 0000 0000 0000#1626595517402234#-46.0#2.748893571891069#9
0000 001C 2000 0000 0000 0000#1626595517403997#-53.5#1.4051264017032472#9
0000 0014 2000 0000 0000 0000#1626595517405691#-54.0#1.6014759425526093#9
0000 001B 2000 0000 0000 0000#1626595517407258#-55.5#6.264777537724958#9
0000 001A 2000 0000 0000 0000#1626595517408445#-52.0#4.767612288748572#9
3008 33B2 DDD9 0140 2018 0626#1626595517409565#-60.5#5.21553467881118#9
0000 0012 2000 0000 0000 0000#1626595517410833#-53.5#5.325981295538946#9
0000 000F 2000 0000 0000 0000#1626595517673042#-50.0#2.9206994201342606#9
0000 0018 2000 0000 0000 0000#1626595517674456#-49.5#3.215223731408304#9
0000 0010 2000 0000 0000 0000#1626595517676252#-50.5#3.4913402732277192#9
0000 0017 2000 0000 0000 0000#1626595517677772#-47.5#2.4175537217077703#9
0000 0016 2000 0000 0000 0000#1626595517679095#-64.0#4.104932588381976#9
0000 001A 2000 0000 0000 0000#1626595517681566#-52.5#4.411728745959104#9
0000 001B 2000 0000 0000 0000#1626595517682859#-55.0#5.822991070813893#9
0000 001D 2000 0000 0000 0000#1626595517684213#-52.5#1.8100973297050567#9
0000 0019 2000 0000 0000 0000#1626595517685715#-51.5#3.77972866135022#9
0000 001C 2000 0000 0000 0000#1626595517687014#-53.0#1.1106020904292042#9
0000 0014 2000 0000 0000 0000#1626595517688591#-54.0#1.4603497100671303#9
0000 0011 2000 0000 0000 0000#1626595517689621#-52.0#3.865631585471816#9
0000 0012 2000 0000 0000 0000#1626595517690670#-55.5#4.9394181369917645#9
3008 33B2 DDD9 0140 2018 0626#1626595517692025#-61.0#4.651029748869264#9
0000 0013 2000 0000 0000 0000#1626595517696302#-56.5#0.20248546400090464#9
0000 0017 2000 0000 0000 0000#1626595517704833#-47.5#2.454369260617026#9
0000 0011 2000 0000 0000 0000#1626595517706506#-52.0#3.877903431774901#9
0000 001C 2000 0000 0000 0000#1626595517708039#-52.5#1.1044661672776617#9
0000 0018 2000 0000 0000 0000#1626595517709368#-51.0#3.2643111166206444#9
0000 0019 2000 0000 0000 0000#1626595517710658#-51.5#3.7551849687440497#9
0000 001A 2000 0000 0000 0000#1626595517711960#-52.5#4.417864669110647#9
0000 0010 2000 0000 0000 0000#1626595517713247#-50.5#3.5158839658338894#9
0000 0014 2000 0000 0000 0000#1626595517714794#-54.0#1.5033011721279284#9
3008 33B2 DDD9 0140 2018 0626#1626595517716285#-61.5#4.571262747899211#9
0000 0013 2000 0000 0000 0000#1626595517717381#-56.5#0.1902136176978195#9
0000 0016 2000 0000 0000 0000#1626595517718901#-63.5#4.111068511533518#9
0000 0012 2000 0000 0000 0000#1626595517720454#-55.0#5.006913291658733#9
0000 000F 2000 0000 0000 0000#1626595517722145#-50.0#2.9513790358919736#9
0000 001B 2000 0000 0000 0000#1626595517723237#-55.5#5.890486225480862#9
0000 001D 2000 0000 0000 0000#1626595517724764#-53.0#1.8407769454627694#9
0000 0010 2000 0000 0000 0000#1626595517987521#-51.0#3.7429131224409646#9
0000 000F 2000 0000 0000 0000#1626595517989639#-51.0#3.1661363461959633#9
0000 0018 2000 0000 0000 0000#1626595517990685#-51.0#3.4913402732277192#9
0000 0013 2000 0000 0000 0000#1626595517992249#-56.5#0.19634954084936207#9
3008 33B2 DDD9 0140 2018 0626#1626595517993600#-61.0#4.865787059173254#9
0000 001A 2000 0000 0000 0000#1626595517994717#-52.5#4.620350133111551#9
0000 0014 2000 0000 0000 0000#1626595517996312#-52.5#1.3928545554001621#9
0000 0019 2000 0000 0000 0000#1626595517997644#-52.0#4.01902966426038#9
0000 0017 2000 0000 0000 0000#1626595517998707#-47.0#2.60776733940559#9
0000 001C 2000 0000 0000 0000#1626595517999790#-53.0#0.9694758579437253#9
0000 0012 2000 0000 0000 0000#1626595518000865#-55.0#5.135767677841127#9
0000 0016 2000 0000 0000 0000#1626595518002900#-63.5#4.546719055293041#9
0000 0011 2000 0000 0000 0000#1626595518004011#-52.0#4.06811704947272#9
0000 001D 2000 0000 0000 0000#1626595518006062#-53.0#1.7548740213411735#9
0000 001B 2000 0000 0000 0000#1626595518008493#-55.5#5.988660995905543#9
0000 001A 2000 0000 0000 0000#1626595518012829#-52.5#4.626486056263094#9
0000 001B 2000 0000 0000 0000#1626595518014158#-55.5#5.9518454569962875#9
0000 0013 2000 0000 0000 0000#1626595518015727#-56.5#0.18407769454627693#9
0000 0012 2000 0000 0000 0000#1626595518016812#-55.0#5.135767677841127#9
0000 0014 2000 0000 0000 0000#1626595518019317#-53.0#1.3989904785517047#9
0000 000F 2000 0000 0000 0000#1626595518020380#-51.0#3.160000423044421#9
0000 001D 2000 0000 0000 0000#1626595518021442#-53.0#1.7548740213411735#9
0000 0011 2000 0000 0000 0000#1626595518022801#-52.0#4.1172044346850605#9
0000 001C 2000 0000 0000 0000#1626595518023840#-53.5#0.944932165337555#9
0000 0018 2000 0000 0000 0000#1626595518024871#-51.0#3.5281558121369745#9
3008 33B2 DDD9 0140 2018 0626#1626595518025960#-61.5#4.896466674930966#9
0000 0017 2000 0000 0000 0000#1626595518027733#-47.0#2.6261751088602177#9
0000 0019 2000 0000 0000 0000#1626595518029250#-51.5#4.031301510563465#9
0000 0010 2000 0000 0000 0000#1626595518030306#-51.0#3.736777199289422#9
0000 0016 2000 0000 0000 0000#1626595518031335#-64.5#4.424000592262189#9
0000 0013 2000 0000 0000 0000#1626595518300195#-60.5#2.5464081078901644#9
0000 001D 2000 0000 0000 0000#1626595518301293#-52.0#3.730641276137879#9
0000 0010 2000 0000 0000 0000#1626595518303585#-50.0#4.749204519293945#9
0000 0018 2000 0000 0000 0000#1626595518304617#-52.5#4.601942363656923#9
0000 0015 2000 0000 0000 0000#1626595518305680#-53.0#4.1601558967458585#9
0000 0019 2000 0000 0000 0000#1626595518307198#-52.5#4.963961829597935#9
0000 000F 2000 0000 0000 0000#1626595518308532#-51.5#4.3074180523828804#9
0000 0017 2000 0000 0000 0000#1626595518309594#-50.0#3.736777199289422#9
0000 001B 2000 0000 0000 0000#1626595518311160#-56.0#2.552544031041707#9
0000 001C 2000 0000 0000 0000#1626595518312705#-59.0#2.9513790358919736#9
0000 0012 2000 0000 0000 0000#1626595518313895#-62.0#1.2517283229146832#9
0000 001A 2000 0000 0000 0000#1626595518315182#-56.5#5.516194913236766#9
0000 0014 2000 0000 0000 0000#1626595518316246#-58.0#3.3440781175906977#9
0000 0011 2000 0000 0000 0000#1626595518318045#-54.0#4.9823695990525625#9
3008 33B2 DDD9 0140 2018 0626#1626595518319733#-61.0#5.608233760509904#9
0000 0016 2000 0000 0000 0000#1626595518320784#-67.5#5.45483568172134#9
0000 000F 2000 0000 0000 0000#1626595518325309#-52.5#4.239922897715912#9
0000 001C 2000 0000 0000 0000#1626595518326636#-58.0#3.0066023442558567#9
0000 0010 2000 0000 0000 0000#1626595518328139#-52.5#4.6878452877785195#9
0000 0013 2000 0000 0000 0000#1626595518329176#-60.5#2.399145952253143#9
0000 0015 2000 0000 0000 0000#1626595518330467#-51.5#4.104932588381976#9
0000 0011 2000 0000 0000 0000#1626595518331543#-54.5#4.9823695990525625#9
0000 0017 2000 0000 0000 0000#1626595518332661#-50.5#3.5465635815916023#9
0000 0018 2000 0000 0000 0000#1626595518333707#-53.0#4.454680208019902#9
0000 001A 2000 0000 0000 0000#1626595518334767#-58.0#6.031612457966341#9
0000 0016 2000 0000 0000 0000#1626595518336062#-67.5#5.289165756629691#9
0000 001D 2000 0000 0000 0000#1626595518337833#-51.0#3.7122335066832517#9
0000 0014 2000 0000 0000 0000#1626595518340936#-55.5#3.380893656499953#9
3008 33B2 DDD9 0140 2018 0626#1626595518342340#-60.5#5.559146375297564#9
0000 0019 2000 0000 0000 0000#1626595518344212#-54.0#4.92714629068868#9
0000 001B 2000 0000 0000 0000#1626595518346302#-57.5#2.521864415283994#9
0000 0012 2000 0000 0000 0000#1626595518347349#-54.0#2.5280003384355365#9
0000 001A 2000 0000 0000 0000#1626595518616130#-52.5#5.822991070813893#9
0000 000F 2000 0000 0000 0000#1626595518617464#-55.5#4.01902966426038#9
0000 0012 2000 0000 0000 0000#1626595518618736#-54.0#0.4479223900626072#9
0000 001B 2000 0000 0000 0000#1626595518619815#-50.5#1.2517283229146832#9
0000 0011 2000 0000 0000 0000#1626595518620906#-54.0#4.8351074434155406#9
0000 0014 2000 0000 0000 0000#1626595518622004#-48.0#2.2518837966161214#9
0000 0019 2000 0000 0000 0000#1626595518623279#-54.5#4.828971520263998#9
0000 0015 2000 0000 0000 0000#1626595518624885#-50.5#3.0372819600135696#9
0000 0010 2000 0000 0000 0000#1626595518626269#-51.5#4.994641445355648#9
0000 001C 2000 0000 0000 0000#1626595518627582#-47.5#2.073942025221387#9
0000 0013 2000 0000 0000 0000#1626595518629346#-51.0#1.5892040962495242#9
0000 0017 2000 0000 0000 0000#1626595518631133#-48.0#2.6998061866787286#9
0000 001D 2000 0000 0000 0000#1626595518633612#-47.0#2.5341362615870793#9
0000 0016 2000 0000 0000 0000#1626595518638249#-63.5#4.3503695144436785#9
0000 0018 2000 0000 0000 0000#1626595518639409#-52.5#4.963961829597935#9
0000 0018 2000 0000 0000 0000#1626595518646240#-52.0#4.92714629068868#9
0000 000F 2000 0000 0000 0000#1626595518647277#-54.0#3.9760782021995817#9
0000 0010 2000 0000 0000 0000#1626595518648366#-52.0#4.908738521234052#9
0000 0017 2000 0000 0000 0000#1626595518649669#-47.0#2.6998061866787286#9
0000 0015 2000 0000 0000 0000#1626595518650990#-50.5#3.031146036862027#9
0000 0011 2000 0000 0000 0000#1626595518652064#-54.0#4.681709364626977#9
0000 0013 2000 0000 0000 0000#1626595518653387#-51.0#1.5585244804918115#9
0000 0016 2000 0000 0000 0000#1626595518654466#-63.0#4.344233591292136#9
0000 001C 2000 0000 0000 0000#1626595518655994#-47.5#2.073942025221387#9
0000 001B 2000 0000 0000 0000#1626595518657084#-51.0#1.1903690913992575#9
0000 001A 2000 0000 0000 0000#1626595518659071#-52.5#5.712544454086128#9
0000 001D 2000 0000 0000 0000#1626595518660133#-47.0#2.5709518004963345#9
0000 0014 2000 0000 0000 0000#1626595518661923#-48.5#2.282563412373834#9
0000 0019 2000 0000 0000 0000#1626595518662985#-53.5#4.669437518323892#9
0000 0012 2000 0000 0000 0000#1626595518665396#-54.0#0.32520392703175593#9
0000 0016 2000 0000 0000 0000#1626595518933501#-61.5#3.8963112012295285#9
0000 001D 2000 0000 0000 0000#1626595518936302#-47.5#2.227340104009951#9
0000 0017 2000 0000 0000 0000#1626595518937351#-43.5#2.012582793705961#9
0000 0012 2000 0000 0000 0000#1626595518938413#-54.5#6.086835766330224#9
0000 001C 2000 0000 0000 0000#1626595518939499#-48.0#1.736466251886546#9
0000 0011 2000 0000 0000 0000#1626595518940559#-55.0#4.01902966426038#9
0000 0019 2000 0000 0000 0000#1626595518942408#-54.0#4.04357335686655#9
0000 000F 2000 0000 0000 0000#1626595518943458#-49.0#3.08636934522591#9
0000 0010 2000 0000 0000 0000#1626595518944790#-49.5#4.196971435655114#9
0000 001B 2000 0000 0000 0000#1626595518945837#-52.5#0.7731263170943632#9
0000 0014 2000 0000 0000 0000#1626595518946877#-48.5#1.945087639038993#9
0000 001A 2000 0000 0000 0000#1626595518948587#-52.5#5.098952138931871#9
0000 0013 2000 0000 0000 0000#1626595518949639#-51.5#1.2087768608538851#9
0000 0015 2000 0000 0000 0000#1626595518950703#-50.0#2.6998061866787286#9
0000 0018 2000 0000 0000 0000#1626595518952037#-49.0#4.06811704947272#9
FFFF FFFF FFFF FFFF FFFF FFFF#1626595518953702#-68.5#4.1417481272912315#9
0000 0001 0000 0000 0000 0000#1626595518955273#-64.5#5.006913291658733#9
0000 000F 2000 0000 0000 0000#1626595518959972#-49.0#3.06182565261974#9
0000 0013 2000 0000 0000 0000#1626595518961023#-51.5#1.2087768608538851#9
0000 001D 2000 0000 0000 0000#1626595518962068#-47.5#2.2396119503130363#9
0000 0012 2000 0000 0000 0000#1626595518964121#-54.5#6.111379458936394#9
0000 0018 2000 0000 0000 0000#1626595518965210#-49.0#4.049709280018092#9
0000 0019 2000 0000 0000 0000#1626595518967026#-54.0#3.9944859716542096#9
0000 001C 2000 0000 0000 0000#1626595518968353#-48.0#1.761009944492716#9
0000 001A 2000 0000 0000 0000#1626595518969655#-52.5#5.092816215780329#9
0000 0011 2000 0000 0000 0000#1626595518970685#-55.0#3.9822141253511245#9
0000 0017 2000 0000 0000 0000#1626595518971948#-43.5#2.018718716857504#9
0000 0001 0000 0000 0000 0000#1626595518973506#-65.5#5.21553467881118#9
0000 0015 2000 0000 0000 0000#1626595518977282#-50.0#2.693670263527186#9
0000 0010 2000 0000 0000 0000#1626595518978688#-49.0#4.184699589352029#9
0000 0014 2000 0000 0000 0000#1626595518981378#-48.5#1.932815792735908#9
0000 001B 2000 0000 0000 0000#1626595518982812#-52.5#0.7669903939428205#9
0000 0016 2000 0000 0000 0000#1626595518984118#-61.5#3.9699422790480394#9
0000 000F 2000 0000 0000 0000#1626595519247687#-48.5#3.1906800388021335#9
0000 0013 2000 0000 0000 0000#1626595519249180#-51.5#1.380582709097077#9
0000 0011 2000 0000 0000 0000#1626595519250510#-55.0#4.23378697456437#9
0000 0010 2000 0000 0000 0000#1626595519251639#-48.0#4.276738436625168#9
0000 001C 2000 0000 0000 0000#1626595519252949#-48.0#1.9205439464328227#9
0000 0015 2000 0000 0000 0000#1626595519254255#-50.5#2.890019804376548#9
0000 0019 2000 0000 0000 0000#1626595519256295#-54.0#4.129476280988146#9
0000 0014 2000 0000 0000 0000#1626595519259526#-48.5#2.110757564130642#9
0000 0016 2000 0000 0000 0000#1626595519260859#-60.5#4.190835512503572#9
0000 001B 2000 0000 0000 0000#1626595519261951#-51.5#0.9510680884890975#9
0000 0017 2000 0000 0000 0000#1626595519263497#-43.5#2.1230294104337273#9
0000 0018 2000 0000 0000 0000#1626595519264883#-47.5#4.190835512503572#9
0000 0012 2000 0000 0000 0000#1626595519268112#-54.0#0.11658253987930872#9
0000 001D 2000 0000 0000 0000#1626595519269200#-47.0#2.435961491162398#9
0000 001A 2000 0000 0000 0000#1626595519270299#-51.0#5.411884219660542#9
0000 0015 2000 0000 0000 0000#1626595519276757#-50.5#2.9022916506796332#9
0000 0012 2000 0000 0000 0000#1626595519278031#-54.0#0.0859029241215959#9
0000 001C 2000 0000 0000 0000#1626595519279571#-47.5#1.9389517158874505#9
0000 001B 2000 0000 0000 0000#1626595519281133#-51.5#0.9940195505498954#9
0000 0017 2000 0000 0000 0000#1626595519282183#-43.0#2.116893487282185#9
0000 0010 2000 0000 0000 0000#1626595519283295#-48.0#4.319689898685965#9
0000 0013 2000 0000 0000 0000#1626595519285131#-51.0#1.4296700943094176#9
0000 001D 2000 0000 0000 0000#1626595519286491#-47.0#2.448233337465483#9
0000 0018 2000 0000 0000 0000#1626595519287525#-49.5#4.1601558967458585#9
0000 0014 2000 0000 0000 0000#1626595519289758#-48.0#2.1537090261914402#9
0000 0016 2000 0000 0000 0000#1626595519291248#-60.0#4.104932588381976#9
0000 000F 2000 0000 0000 0000#1626595519292795#-49.0#3.1968159619536762#9
0000 0011 2000 0000 0000 0000#1626595519294325#-55.0#4.356505437595221#9
0000 0019 2000 0000 0000 0000#1626595519295588#-53.5#4.25833066717054#9
0000 001A 2000 0000 0000 0000#1626595519300294#-52.5#5.546874528994478#9
0000 0019 2000 0000 0000 0000#1626595519563806#-51.0#0.18407769454627693#9
0000 0013 2000 0000 0000 0000#1626595519565085#-46.5#2.60776733940559#9
0000 0010 2000 0000 0000 0000#1626595519566328#-51.0#5.485515297479052#9
0000 0011 2000 0000 0000 0000#1626595519567385#-50.0#0.5460971604872883#9
0000 0017 2000 0000 0000 0000#1626595519570899#-42.5#3.055689729468197#9
0000 0018 2000 0000 0000 0000#1626595519573021#-48.5#4.816699673960914#9
0000 001A 2000 0000 0000 0000#1626595519574824#-46.5#1.2885438618239387#9
0000 001B 2000 0000 0000 0000#1626595519575845#-45.5#2.325514874434632#9
0000 001C 2000 0000 0000 0000#1626595519577173#-44.5#3.067961575771282#9
0000 0014 2000 0000 0000 0000#1626595519578452#-45.0#3.2888548092268146#9
0000 0012 2000 0000 0000 0000#1626595519579472#-46.5#1.846912868614312#9
0000 001D 2000 0000 0000 0000#1626595519580548#-45.0#3.6140587362585705#9
0000 000F 2000 0000 0000 0000#1626595519581982#-47.0#4.074252972624263#9
0000 0016 2000 0000 0000 0000#1626595519584792#-48.5#3.773592738198677#9
0000 0015 2000 0000 0000 0000#1626595519587166#-48.0#4.123340357836604#9
0000 0012 2000 0000 0000 0000#1626595519591549#-46.5#1.8530487917658545#9
0000 0017 2000 0000 0000 0000#1626595519592568#-41.5#3.147728576741336#9
0000 0015 2000 0000 0000 0000#1626595519594145#-48.0#4.129476280988146#9
0000 0010 2000 0000 0000 0000#1626595519597051#-50.0#5.47937937432751#9
0000 001B 2000 0000 0000 0000#1626595519598344#-45.5#2.325514874434632#9
0000 0016 2000 0000 0000 0000#1626595519599424#-48.0#3.767456815047135#9
0000 001A 2000 0000 0000 0000#1626595519602573#-46.0#1.3008157081270237#9
0000 0013 2000 0000 0000 0000#1626595519604123#-46.0#2.675262494072558#9
0000 0019 2000 0000 0000 0000#1626595519605956#-49.5#0.19634954084936207#9
0000 0011 2000 0000 0000 0000#1626595519607208#-47.5#0.5767767762450011#9
0000 001C 2000 0000 0000 0000#1626595519609922#-44.5#3.141592653589793#9
0000 000F 2000 0000 0000 0000#1626595519613047#-45.5#4.0987966652304335#9
0000 0018 2000 0000 0000 0000#1626595519614557#-48.5#4.841243366567084#9
0000 001D 2000 0000 0000 0000#1626595519617581#-45.0#3.736777199289422#9
0000 0014 2000 0000 0000 0000#1626595519618662#-45.0#3.380893656499953#9
0000 0019 2000 0000 0000 0000#1626595519882098#-48.0#0.9019807032767571#9
0000 0014 2000 0000 0000 0000#1626595519885198#-43.5#3.5711072741977725#9
0000 001D 2000 0000 0000 0000#1626595519886373#-44.0#3.8717675086233583#9
0000 0017 2000 0000 0000 0000#1626595519889417#-37.0#3.399301425954581#9
0000 001C 2000 0000 0000 0000#1626595519890923#-42.5#3.368621810196868#9
0000 0016 2000 0000 0000 0000#1626595519892279#-42.0#3.736777199289422#9
0000 0015 2000 0000 0000 0000#1626595519893357#-46.5#4.319689898685965#9
0000 000F 2000 0000 0000 0000#1626595519894408#-44.0#4.362641360746763#9
0000 0011 2000 0000 0000 0000#1626595519895497#-46.0#1.2701360923693108#9
0000 001B 2000 0000 0000 0000#1626595519896946#-42.5#2.6323110320117604#9
0000 0013 2000 0000 0000 0000#1626595519899068#-44.0#2.9943304979527716#9
0000 0012 2000 0000 0000 0000#1626595519901298#-44.0#2.2580197197676637#9
0000 001A 2000 0000 0000 0000#1626595519902359#-43.0#1.859184714917397#9
0000 0018 2000 0000 0000 0000#1626595519903790#-47.5#5.283029833478148#9
0000 0010 2000 0000 0000 0000#1626595519904984#-47.0#6.117515382087937#9
0000 0018 2000 0000 0000 0000#1626595519908511#-47.5#5.295301679781233#9
0000 000F 2000 0000 0000 0000#1626595519909847#-44.0#4.4362724385652745#9
0000 0011 2000 0000 0000 0000#1626595519912248#-46.0#1.2946797849754812#9
0000 0014 2000 0000 0000 0000#1626595519913813#-43.5#3.6201946594101133#9
0000 001A 2000 0000 0000 0000#1626595519914845#-43.0#1.8653206380689396#9
0000 0017 2000 0000 0000 0000#1626595519916626#-36.5#3.5036121195308043#9
0000 0012 2000 0000 0000 0000#1626595519917912#-44.0#2.3009711818284617#9
0000 0010 2000 0000 0000 0000#1626595519919966#-48.5#6.117515382087937#9
0000 0016 2000 0000 0000 0000#1626595519921119#-41.5#3.8533597391687304#9
0000 0013 2000 0000 0000 0000#1626595519922216#-44.0#3.0495538063166547#9
0000 001D 2000 0000 0000 0000#1626595519923264#-43.5#3.9392626632903265#9
0000 001B 2000 0000 0000 0000#1626595519924301#-42.5#2.6875343403756435#9
0000 0015 2000 0000 0000 0000#1626595519925621#-47.0#4.368777283898306#9
0000 001C 2000 0000 0000 0000#1626595519926935#-42.0#3.4606606574700063#9
0000 0019 2000 0000 0000 0000#1626595519937159#-46.0#1.2087768608538851#9
0000 0016 2000 0000 0000 0000#1626595520200585#-40.5#4.3074180523828804#9
0000 0018 2000 0000 0000 0000#1626595520202871#-47.5#6.2034183062095325#9
0000 0014 2000 0000 0000 0000#1626595520206546#-42.5#3.834951969714103#9
0000 0019 2000 0000 0000 0000#1626595520207551#-45.0#1.6505633277649499#9
0000 001C 2000 0000 0000 0000#1626595520208851#-41.0#3.663146121470911#9
0000 0015 2000 0000 0000 0000#1626595520209930#-46.0#4.466952054322987#9
0000 0010 2000 0000 0000 0000#1626595520212633#-45.5#0.803805932852076#9
0000 0017 2000 0000 0000 0000#1626595520214450#-37.0#4.295146206079795#9
0000 001A 2000 0000 0000 0000#1626595520215540#-41.0#2.2641556429192065#9
0000 0013 2000 0000 0000 0000#1626595520217035#-42.0#3.3440781175906977#9
0000 000F 2000 0000 0000 0000#1626595520218720#-44.0#5.350524988145116#9
0000 0012 2000 0000 0000 0000#1626595520219797#-41.0#2.662990647769473#9
0000 001B 2000 0000 0000 0000#1626595520221783#-41.0#3.0066023442558567#9
0000 001D 2000 0000 0000 0000#1626595520223003#-42.0#4.061981126321178#9
0000 0011 2000 0000 0000 0000#1626595520224180#-42.5#1.8775924843720249#9
0000 001B 2000 0000 0000 0000#1626595520229332#-41.5#3.0127382674073995#9
0000 0012 2000 0000 0000 0000#1626595520231157#-41.0#2.6813984172241008#9
0000 001D 2000 0000 0000 0000#1626595520233627#-42.5#4.086524818927348#9
0000 0016 2000 0000 0000 0000#1626595520234908#-41.0#4.4362724385652745#9
0000 000F 2000 0000 0000 0000#1626595520236016#-44.5#5.442563835418255#9
0000 0011 2000 0000 0000 0000#1626595520237077#-42.5#1.9144080232812801#9
0000 0019 2000 0000 0000 0000#1626595520238153#-44.5#1.761009944492716#9
0000 0014 2000 0000 0000 0000#1626595520239463#-42.5#3.890175278077986#9
0000 0010 2000 0000 0000 0000#1626595520240552#-46.5#0.9081166264282996#9
0000 0017 2000 0000 0000 0000#1626595520241785#-37.0#4.411728745959104#9
0000 0018 2000 0000 0000 0000#1626595520242927#-45.5#0.14726215563702155#9
0000 0015 2000 0000 0000 0000#1626595520244725#-46.0#4.503767593232243#9
0000 001C 2000 0000 0000 0000#1626595520247265#-41.0#3.730641276137879#9
0000 001A 2000 0000 0000 0000#1626595520248391#-39.0#2.356194490192345#9
0000 0013 2000 0000 0000 0000#1626595520250102#-42.0#3.399301425954581#9
0000 0012 2000 0000 0000 0000#1626595520513816#-39.5#3.5036121195308043#9
0000 0017 2000 0000 0000 0000#1626595520514850#-35.0#5.773903685601553#9
0000 0015 2000 0000 0000 0000#1626595520515915#-45.0#4.994641445355648#9
0000 001C 2000 0000 0000 0000#1626595520517000#-39.0#4.387185053352934#9
0000 0010 2000 0000 0000 0000#1626595520518385#-41.0#1.9512235621905356#9
0000 0011 2000 0000 0000 0000#1626595520519539#-39.0#2.7550294950426117#9
0000 001A 2000 0000 0000 0000#1626595520520602#-39.0#3.160000423044421#9
0000 001B 2000 0000 0000 0000#1626595520522160#-39.5#3.8410878928656453#9
0000 0018 2000 0000 0000 0000#1626595520523477#-43.5#1.3560390164909069#9
0000 0014 2000 0000 0000 0000#1626595520524558#-40.5#4.491495746929157#9
0000 0019 2000 0000 0000 0000#1626595520526462#-41.5#2.6323110320117604#9
0000 0016 2000 0000 0000 0000#1626595520527755#-40.0#5.810719224510809#9
0000 001D 2000 0000 0000 0000#1626595520528802#-41.5#4.6448938257177215#9
0000 0013 2000 0000 0000 0000#1626595520530126#-40.5#4.123340357836604#9
0000 000F 2000 0000 0000 0000#1626595520531590#-41.5#0.5706408530934585#9
0000 0014 2000 0000 0000 0000#1626595520545978#-40.0#5.307573526084319#9
0000 001B 2000 0000 0000 0000#1626595520548329#-39.0#4.693981210930062#9
0000 0019 2000 0000 0000 0000#1626595520550152#-41.5#3.5036121195308043#9
0000 0017 2000 0000 0000 0000#1626595520551478#-34.5#0.42337869745643697#9
0000 001D 2000 0000 0000 0000#1626595520553464#-41.0#5.45483568172134#9
0000 000F 2000 0000 0000 0000#1626595520554558#-41.0#1.4603497100671303#9
0000 001A 2000 0000 0000 0000#1626595520555895#-38.0#4.0558452031696355#9
0000 001C 2000 0000 0000 0000#1626595520556996#-38.5#5.221670601962723#9
0000 0010 2000 0000 0000 0000#1626595520558456#-42.5#2.7857091108003242#9
0000 0013 2000 0000 0000 0000#1626595520561356#-40.0#4.97623367590102#9
0000 0018 2000 0000 0000 0000#1626595520562837#-43.0#2.2150682577068657#9
0000 0012 2000 0000 0000 0000#1626595520563845#-39.0#4.430136515413731#9
0000 0011 2000 0000 0000 0000#1626595520566394#-40.0#3.6815538909255388#9
0000 0016 2000 0000 0000 0000#1626595520567474#-39.5#0.4724660826687775#9
0000 0015 2000 0000 0000 0000#1626595520568624#-44.5#5.8045833013592665#9
0000 0012 2000 0000 0000 0000#1626595520831405#-38.0#4.706253057233147#9
0000 0017 2000 0000 0000 0000#1626595520832793#-32.0#1.2087768608538851#9
0000 0016 2000 0000 0000 0000#1626595520834958#-37.5#1.282407938672396#9
0000 001C 2000 0000 0000 0000#1626595520836072#-37.5#5.332117218690489#9
0000 001A 2000 0000 0000 0000#1626595520837147#-36.5#4.362641360746763#9
0000 0014 2000 0000 0000 0000#1626595520838229#-39.5#5.411884219660542#9
0000 0013 2000 0000 0000 0000#1626595520839993#-38.5#5.178719139901925#9
0000 0018 2000 0000 0000 0000#1626595520841106#-38.0#2.724349879284899#9
0000 001B 2000 0000 0000 0000#1626595520842451#-37.0#4.970097752749477#9
0000 0019 2000 0000 0000 0000#1626595520845854#-39.5#3.9085830475326135#9
0000 000F 2000 0000 0000 0000#1626595520846922#-37.5#2.098485717827557#9
0000 0011 2000 0000 0000 0000#1626595520847953#-38.5#4.0128937411088375#9
0000 0010 2000 0000 0000 0000#1626595520848985#-40.0#3.2459033471660166#9
0000 001D 2000 0000 0000 0000#1626595520850060#-40.5#5.4671075280244255#9
0000 0015 2000 0000 0000 0000#1626595520852598#-44.5#5.749359992995383#9
0000 0012 2000 0000 0000 0000#1626595520858093#-37.5#4.743068596142402#9
0000 000F 2000 0000 0000 0000#1626595520859161#-37.5#2.1230294104337273#9
0000 001C 2000 0000 0000 0000#1626595520860673#-37.5#5.350524988145116#9
0000 0016 2000 0000 0000 0000#1626595520862258#-37.5#1.3560390164909069#9
0000 0014 2000 0000 0000 0000#1626595520863369#-39.0#5.43029198911517#9
0000 0019 2000 0000 0000 0000#1626595520864433#-39.5#3.9269908169872414#9
0000 0010 2000 0000 0000 0000#1626595520865508#-39.5#3.2888548092268146#9
0000 0015 2000 0000 0000 0000#1626595520867097#-44.5#5.7616318392984684#9
0000 0017 2000 0000 0000 0000#1626595520868434#-31.5#1.3008157081270237#9
0000 0018 2000 0000 0000 0000#1626595520869979#-39.0#2.779573187648782#9
0000 0013 2000 0000 0000 0000#1626595520871490#-38.0#5.21553467881118#9
0000 001B 2000 0000 0000 0000#1626595520872553#-36.5#4.994641445355648#9
0000 001A 2000 0000 0000 0000#1626595520876175#-36.0#4.417864669110647#9
0000 001D 2000 0000 0000 0000#1626595520877850#-40.0#5.491651220630596#9
0000 0011 2000 0000 0000 0000#1626595520879402#-37.5#4.074252972624263#9
0000 001D 2000 0000 0000 0000#1626595521152142#-40.5#5.3627968344482015#9
0000 0011 2000 0000 0000 0000#1626595521154350#-36.0#4.344233591292136#9
0000 0017 2000 0000 0000 0000#1626595521155416#-28.5#2.043262409463674#9
0000 001A 2000 0000 0000 0000#1626595521156448#-36.0#4.6878452877785195#9
0000 0016 2000 0000 0000 0000#1626595521157471#-34.5#2.1905245651006955#9
0000 0019 2000 0000 0000 0000#1626595521158753#-37.5#4.23378697456437#9
0000 0012 2000 0000 0000 0000#1626595521159800#-36.5#4.970097752749477#9
0000 0015 2000 0000 0000 0000#1626595521162694#-45.5#5.595961914206819#9
0000 0013 2000 0000 0000 0000#1626595521163747#-38.0#5.313709449235861#9
0000 001B 2000 0000 0000 0000#1626595521165022#-36.5#5.123495831538041#9
0000 0010 2000 0000 0000 0000#1626595521166108#-35.0#3.6692820446224537#9
0000 000F 2000 0000 0000 0000#1626595521167147#-34.0#2.736621725587984#9
0000 0014 2000 0000 0000 0000#1626595521168670#-39.5#5.418020142812084#9
0000 0018 2000 0000 0000 0000#1626595521170471#-36.5#3.2888548092268146#9
0000 001C 2000 0000 0000 0000#1626595521171912#-38.0#5.411884219660542#9
0000 001A 2000 0000 0000 0000#1626595521177629#-35.5#4.700117134081604#9
0000 0012 2000 0000 0000 0000#1626595521179147#-36.5#4.988505522204105#9
0000 0017 2000 0000 0000 0000#1626595521180517#-27.5#2.110757564130642#9
0000 001C 2000 0000 0000 0000#1626595521182093#-37.5#5.411884219660542#9
0000 0011 2000 0000 0000 0000#1626595521184125#-36.0#4.3933209765044765#9
0000 001B 2000 0000 0000 0000#1626595521185461#-36.5#5.129631754689584#9
0000 0015 2000 0000 0000 0000#1626595521186755#-45.5#5.583690067903734#9
0000 0016 2000 0000 0000 0000#1626595521188532#-35.0#2.3071071049800045#9
0000 0014 2000 0000 0000 0000#1626595521189568#-39.5#5.418020142812084#9
0000 0019 2000 0000 0000 0000#1626595521190897#-37.0#4.28287435977671#9
0000 000F 2000 0000 0000 0000#1626595521192685#-34.0#2.816388726558037#9
0000 0018 2000 0000 0000 0000#1626595521196058#-35.0#3.32567034813607#9
0000 0010 2000 0000 0000 0000#1626595521197443#-35.5#3.724505352986337#9
0000 0013 2000 0000 0000 0000#1626595521198782#-38.5#5.332117218690489#9
0000 001D 2000 0000 0000 0000#1626595521200129#-40.5#5.387340527054372#9
0000 000F 2000 0000 0000 0000#1626595521466987#-32.5#2.8532042654672924#9
0000 0013 2000 0000 0000 0000#1626595521468053#-39.5#4.963961829597935#9
0000 001B 2000 0000 0000 0000#1626595521469122#-38.0#4.773748211900116#9
0000 0017 2000 0000 0000 0000#1626595521470157#-28.0#2.356194490192345#9
0000 0010 2000 0000 0000 0000#1626595521471582#-34.0#3.56497135104623#9
0000 0011 2000 0000 0000 0000#1626595521474417#-36.5#4.178563666200486#9
0000 0016 2000 0000 0000 0000#1626595521475752#-33.0#2.60776733940559#9
0000 001A 2000 0000 0000 0000#1626595521476843#-36.0#4.4362724385652745#9
0000 0019 2000 0000 0000 0000#1626595521478426#-37.5#4.086524818927348#9
0000 0018 2000 0000 0000 0000#1626595521481197#-35.0#3.2643111166206444#9
0000 0014 2000 0000 0000 0000#1626595521482915#-41.0#4.908738521234052#9
0000 0012 2000 0000 0000 0000#1626595521485678#-38.0#4.706253057233147#9
0000 001C 2000 0000 0000 0000#1626595521486781#-39.5#4.933282213840222#9
0000 001D 2000 0000 0000 0000#1626595521488472#-43.0#4.76147636559703#9
0000 0015 2000 0000 0000 0000#1626595521489894#-48.0#4.884194828627882#9
0000 0012 2000 0000 0000 0000#1626595521496251#-38.0#4.718524903536232#9
0000 0017 2000 0000 0000 0000#1626595521497310#-27.5#2.399145952253143#9
0000 001B 2000 0000 0000 0000#1626595521498656#-38.5#4.773748211900116#9
0000 0010 2000 0000 0000 0000#1626595521500722#-34.0#3.6017868899554855#9
0000 001D 2000 0000 0000 0000#1626595521501754#-43.5#4.743068596142402#9
0000 0011 2000 0000 0000 0000#1626595521503332#-36.5#4.190835512503572#9
0000 0016 2000 0000 0000 0000#1626595521505364#-33.0#2.6998061866787286#9
0000 0014 2000 0000 0000 0000#1626595521506955#-41.0#4.896466674930966#9
0000 0019 2000 0000 0000 0000#1626595521508049#-37.0#4.135612204139688#9
0000 001A 2000 0000 0000 0000#1626595521510448#-36.0#4.442408361716817#9
0000 001C 2000 0000 0000 0000#1626595521512234#-39.5#4.933282213840222#9
0000 000F 2000 0000 0000 0000#1626595521514418#-32.5#2.9329712664373457#9
0000 0013 2000 0000 0000 0000#1626595521515486#-40.0#4.963961829597935#9
0000 0018 2000 0000 0000 0000#1626595521518730#-34.5#3.32567034813607#9
0000 0015 2000 0000 0000 0000#1626595521519823#-48.5#4.816699673960914#9
0000 001B 2000 0000 0000 0000#1626595521784973#-40.0#5.540738605842936#9
0000 001C 2000 0000 0000 0000#1626595521786775#-42.0#5.5714182216006485#9
0000 0016 2000 0000 0000 0000#1626595521789183#-31.5#4.430136515413731#9
0000 001A 2000 0000 0000 0000#1626595521790327#-36.5#5.313709449235861#9
0000 0017 2000 0000 0000 0000#1626595521791673#-26.5#4.061981126321178#9
0000 0018 2000 0000 0000 0000#1626595521792785#-33.0#4.663301595172349#9
0000 0011 2000 0000 0000 0000#1626595521793833#-36.5#5.203262832508095#9
0000 0010 2000 0000 0000 0000#1626595521795892#-33.5#4.853515212870168#9
0000 000F 2000 0000 0000 0000#1626595521797317#-31.5#4.4362724385652745#9
0000 0013 2000 0000 0000 0000#1626595521798841#-42.0#5.681864838328415#9
0000 0014 2000 0000 0000 0000#1626595521800397#-43.5#5.4671075280244255#9
0000 001D 2000 0000 0000 0000#1626595521802364#-44.5#5.197126909356553#9
0000 0012 2000 0000 0000 0000#1626595521804896#-40.0#5.534602682691394#9
0000 0019 2000 0000 0000 0000#1626595521805943#-37.0#5.190990986205009#9
0000 0015 2000 0000 0000 0000#1626595521807139#-49.0#5.21553467881118#9
0000 0017 2000 0000 0000 0000#1626595521811199#-26.5#4.09266074207889#9
0000 0018 2000 0000 0000 0000#1626595521812487#-34.0#4.6878452877785195#9
0000 0019 2000 0000 0000 0000#1626595521813790#-37.0#5.190990986205009#9
0000 0011 2000 0000 0000 0000#1626595521814965#-35.5#5.1725832167503825#9
0000 001A 2000 0000 0000 0000#1626595521816269#-38.0#5.313709449235861#9
0000 0016 2000 0000 0000 0000#1626595521819649#-31.5#4.503767593232243#9
0000 0013 2000 0000 0000 0000#1626595521822276#-42.0#5.651185222570702#9
0000 001C 2000 0000 0000 0000#1626595521823346#-42.5#5.534602682691394#9
0000 0010 2000 0000 0000 0000#1626595521825483#-33.5#4.859651136021712#9
0000 0012 2000 0000 0000 0000#1626595521827032#-40.0#5.5284667595398505#9
0000 001D 2000 0000 0000 0000#1626595521828109#-44.5#5.160311370447297#9
0000 000F 2000 0000 0000 0000#1626595521830146#-31.5#4.473087977474529#9
0000 0015 2000 0000 0000 0000#1626595521831325#-49.5#5.197126909356553#9
0000 0014 2000 0000 0000 0000#1626595521832849#-43.5#5.43029198911517#9
0000 001B 2000 0000 0000 0000#1626595521834438#-40.5#5.47937937432751#9
0000 000F 2000 0000 0000 0000#1626595522099206#-31.5#4.522175362686871#9
0000 0019 2000 0000 0000 0000#1626595522100540#-38.0#4.921010367537137#9
0000 0016 2000 0000 0000 0000#1626595522102373#-32.0#4.792155981354743#9
0000 0018 2000 0000 0000 0000#1626595522103474#-32.5#4.632621979414636#9
0000 001B 2000 0000 0000 0000#1626595522104540#-42.0#4.914874444385594#9
0000 0013 2000 0000 0000 0000#1626595522106092#-44.0#5.037592907416445#9
0000 001C 2000 0000 0000 0000#1626595522107121#-44.0#4.902602598082509#9
0000 0017 2000 0000 0000 0000#1626595522108763#-25.0#4.264466590322082#9
0000 001A 2000 0000 0000 0000#1626595522110066#-39.5#4.822835597112456#9
0000 0011 2000 0000 0000 0000#1626595522111597#-38.0#4.816699673960914#9
0000 0014 2000 0000 0000 0000#1626595522112680#-45.5#4.798291904506286#9
0000 0010 2000 0000 0000 0000#1626595522115285#-34.0#4.718524903536232#9
0000 001D 2000 0000 0000 0000#1626595522117703#-46.5#4.479223900626073#9
0000 0015 2000 0000 0000 0000#1626595522119339#-51.5#4.589670517353839#9
0000 0012 2000 0000 0000 0000#1626595522122055#-41.0#4.963961829597935#9
0000 001D 2000 0000 0000 0000#1626595522126634#-47.0#4.473087977474529#9
0000 0015 2000 0000 0000 0000#1626595522129052#-51.5#4.571262747899211#9
0000 001B 2000 0000 0000 0000#1626595522131231#-42.0#4.865787059173254#9
0000 0014 2000 0000 0000 0000#1626595522133362#-45.5#4.767612288748572#9
0000 0016 2000 0000 0000 0000#1626595522135612#-31.5#4.847379289718626#9
0000 0012 2000 0000 0000 0000#1626595522136688#-41.0#4.933282213840222#9
0000 0017 2000 0000 0000 0000#1626595522137707#-26.5#4.28287435977671#9
0000 0018 2000 0000 0000 0000#1626595522138836#-33.0#4.638757902566179#9
0000 000F 2000 0000 0000 0000#1626595522139898#-31.5#4.534447208989955#9
0000 0019 2000 0000 0000 0000#1626595522141118#-38.0#4.884194828627882#9
0000 0011 2000 0000 0000 0000#1626595522142442#-38.0#4.767612288748572#9
0000 0013 2000 0000 0000 0000#1626595522143553#-44.0#4.97623367590102#9
0000 001A 2000 0000 0000 0000#1626595522145860#-40.0#4.755340442445488#9
0000 0010 2000 0000 0000 0000#1626595522146920#-35.5#4.71238898038469#9
0000 001C 2000 0000 0000 0000#1626595522147993#-44.0#4.822835597112456#9
0000 0011 2000 0000 0000 0000#1626595522411010#-38.5#4.196971435655114#9
0000 001A 2000 0000 0000 0000#1626595522412341#-40.5#4.1172044346850605#9
0000 0016 2000 0000 0000 0000#1626595522413431#-31.5#4.890330751779424#9
0000 0010 2000 0000 0000 0000#1626595522414932#-35.0#4.325825821837508#9
0000 0019 2000 0000 0000 0000#1626595522416240#-38.5#4.356505437595221#9
0000 0015 2000 0000 0000 0000#1626595522417572#-55.5#3.8963112012295285#9
0000 000F 2000 0000 0000 0000#1626595522419347#-31.5#4.344233591292136#9
0000 001D 2000 0000 0000 0000#1626595522421582#-50.0#3.773592738198677#9
0000 0017 2000 0000 0000 0000#1626595522424252#-26.5#4.178563666200486#9
0000 0018 2000 0000 0000 0000#1626595522425327#-33.5#4.338097668140593#9
0000 0012 2000 0000 0000 0000#1626595522426675#-42.0#4.252194744018997#9
0000 001C 2000 0000 0000 0000#1626595522427717#-46.0#4.166291819897402#9
0000 0013 2000 0000 0000 0000#1626595522428828#-45.0#4.295146206079795#9
0000 001B 2000 0000 0000 0000#1626595522430747#-43.5#4.184699589352029#9
0000 0014 2000 0000 0000 0000#1626595522432870#-47.5#4.080388895775806#9
0000 001C 2000 0000 0000 0000#1626595522439521#-46.0#4.147884050442774#9
0000 001A 2000 0000 0000 0000#1626595522440566#-40.5#4.0558452031696355#9
0000 0012 2000 0000 0000 0000#1626595522441853#-42.5#4.2031073588066565#9
0000 0011 2000 0000 0000 0000#1626595522442903#-38.5#4.154019973594316#9
0000 0013 2000 0000 0000 0000#1626595522444426#-45.5#4.25833066717054#9
0000 0016 2000 0000 0000 0000#1626595522445717#-31.5#4.902602598082509#9
0000 0019 2000 0000 0000 0000#1626595522446810#-38.5#4.3074180523828804#9
0000 0017 2000 0000 0000 0000#1626595522447937#-25.0#4.178563666200486#9
0000 001B 2000 0000 0000 0000#1626595522450568#-43.5#4.135612204139688#9
0000 001D 2000 0000 0000 0000#1626595522452152#-48.5#3.6692820446224537#9
0000 0015 2000 0000 0000 0000#1626595522453229#-55.5#3.785864584501762#9
0000 0010 2000 0000 0000 0000#1626595522454790#-35.0#4.289010282928253#9
0000 0014 2000 0000 0000 0000#1626595522459055#-48.0#4.031301510563465#9
0000 0018 2000 0000 0000 0000#1626595522460131#-33.5#4.319689898685965#9
0000 000F 2000 0000 0000 0000#1626595522461906#-31.0#4.331961744989051#9
0000 000F 2000 0000 0000 0000#1626595522726510#-32.0#3.5772431973493153#9
0000 001D 2000 0000 0000 0000#1626595522727813#-55.0#2.227340104009951#9
0000 0019 2000 0000 0000 0000#1626595522728846#-40.0#3.215223731408304#9
0000 0016 2000 0000 0000 0000#1626595522730168#-31.5#4.3933209765044765#9
0000 0012 2000 0000 0000 0000#1626595522731229#-44.0#2.9391071895888885#9
0000 0017 2000 0000 0000 0000#1626595522733089#-27.0#3.472932503773092#9
0000 001B 2000 0000 0000 0000#1626595522734196#-45.5#2.8409324191642074#9
0000 0010 2000 0000 0000 0000#1626595522736009#-35.5#3.32567034813607#9
0000 0018 2000 0000 0000 0000#1626595522737314#-34.5#3.429981041712294#9
0000 0015 2000 0000 0000 0000#1626595522738420#-61.0#2.184388641949153#9
0000 001C 2000 0000 0000 0000#1626595522741141#-50.0#2.7550294950426117#9
0000 0013 2000 0000 0000 0000#1626595522742508#-49.0#2.9268353432858034#9
0000 0014 2000 0000 0000 0000#1626595522743572#-51.5#2.6323110320117604#9
0000 001A 2000 0000 0000 0000#1626595522747683#-41.5#2.724349879284899#9
0000 0011 2000 0000 0000 0000#1626595522749301#-39.5#2.9329712664373457#9
0000 0017 2000 0000 0000 0000#1626595522753815#-25.5#3.454524734318464#9
0000 0013 2000 0000 0000 0000#1626595522755338#-49.0#2.8777479580734626#9
0000 0011 2000 0000 0000 0000#1626595522756466#-38.5#2.9145634969827183#9
0000 001B 2000 0000 0000 0000#1626595522757531#-46.0#2.7979809571034093#9
0000 0019 2000 0000 0000 0000#1626595522759063#-40.0#3.1354567304382504#9
0000 001D 2000 0000 0000 0000#1626595522760879#-55.5#2.116893487282185#9
0000 0018 2000 0000 0000 0000#1626595522762922#-34.5#3.3870295796514958#9
0000 0016 2000 0000 0000 0000#1626595522763985#-31.5#4.368777283898306#9
0000 0015 2000 0000 0000 0000#1626595522765064#-61.5#2.024854640009046#9
0000 000F 2000 0000 0000 0000#1626595522766370#-32.0#3.5281558121369745#9
0000 0010 2000 0000 0000 0000#1626595522767671#-36.5#3.2520392703175593#9
0000 0014 2000 0000 0000 0000#1626595522768694#-51.5#2.5280003384355365#9
0000 0012 2000 0000 0000 0000#1626595522770836#-42.5#2.8286605728611223#9
0000 001A 2000 0000 0000 0000#1626595522773580#-41.5#2.650718801466388#9
0000 001C 2000 0000 0000 0000#1626595522776272#-50.5#2.6200391857086753#9
0000 001A 2000 0000 0000 0000#1626595523040158#-42.5#2.9636508821950587#9
0000 0014 2000 0000 0000 0000#1626595523041524#-54.0#2.0371264863121317#9
0000 0016 2000 0000 0000 0000#1626595523042831#-31.5#5.056000676871073#9
0000 0012 2000 0000 0000 0000#1626595523044134#-45.5#3.031146036862027#9
0000 0010 2000 0000 0000 0000#1626595523045774#-34.0#3.6754179677739964#9
0000 0013 2000 0000 0000 0000#1626595523048093#-51.0#2.6875343403756435#9
0000 0017 2000 0000 0000 0000#1626595523049623#-27.0#4.0558452031696355#9
0000 001D 2000 0000 0000 0000#1626595523052122#-56.0#1.1351457830353744#9
0000 000F 2000 0000 0000 0000#1626595523053704#-31.5#4.04357335686655#9
0000 0018 2000 0000 0000 0000#1626595523054751#-34.5#3.847223816017188#9
0000 0019 2000 0000 0000 0000#1626595523057237#-39.0#3.448388811166921#9
0000 001C 2000 0000 0000 0000#1626595523058349#-53.0#2.1905245651006955#9
0000 0015 2000 0000 0000 0000#1626595523062376#-52.0#0.5829126993965437#9
0000 0011 2000 0000 0000 0000#1626595523063437#-40.0#3.215223731408304#9
0000 001B 2000 0000 0000 0000#1626595523064475#-48.0#2.718213956133356#9
0000 000F 2000 0000 0000 0000#1626595523068667#-32.0#4.025165587411922#9
0000 0012 2000 0000 0000 0000#1626595523069698#-45.5#2.9820586516496865#9
0000 001B 2000 0000 0000 0000#1626595523070780#-48.0#2.6813984172241008#9
0000 0014 2000 0000 0000 0000#1626595523072374#-54.0#1.9082721001297376#9
0000 0013 2000 0000 0000 0000#1626595523073426#-51.5#2.60776733940559#9
0000 001A 2000 0000 0000 0000#1626595523074729#-42.5#2.8532042654672924#9
0000 001C 2000 0000 0000 0000#1626595523075799#-53.0#2.1046216409791#9
0000 0010 2000 0000 0000 0000#1626595523077087#-35.5#3.6324665057131984#9
0000 0016 2000 0000 0000 0000#1626595523078180#-31.5#5.019185137961818#9
0000 0018 2000 0000 0000 0000#1626595523079952#-34.5#3.792000507653305#9
0000 0017 2000 0000 0000 0000#1626595523081693#-27.0#4.006757817957295#9
0000 0019 2000 0000 0000 0000#1626595523083230#-39.0#3.399301425954581#9
0000 0011 2000 0000 0000 0000#1626595523086054#-40.0#3.147728576741336#9
0000 001D 2000 0000 0000 0000#1626595523089894#-56.0#0.7976700097005334#9
0000 0015 2000 0000 0000 0000#1626595523091201#-50.5#0.23316507975861744#9
0000 001B 2000 0000 0000 0000#1626595523355817#-52.5#1.2087768608538851#9
0000 0018 2000 0000 0000 0000#1626595523356977#-34.5#3.06182565261974#9
0000 000F 2000 0000 0000 0000#1626595523358544#-33.0#3.3011266555298997#9
0000 0013 2000 0000 0000 0000#1626595523359624#-55.0#0.7853981633974483#9
0000 001A 2000 0000 0000 0000#1626595523360793#-44.0#1.8530487917658545#9
0000 001C 2000 0000 0000 0000#1626595523363865#-49.5#5.638913376267617#9
0000 0012 2000 0000 0000 0000#1626595523365198#-49.0#1.7548740213411735#9
0000 001D 2000 0000 0000 0000#1626595523367509#-42.5#4.3503695144436785#9
0000 0017 2000 0000 0000 0000#1626595523368569#-28.0#3.313398501832985#9
0000 0016 2000 0000 0000 0000#1626595523370376#-32.5#4.430136515413731#9
0000 0015 2000 0000 0000 0000#1626595523371526#-49.5#4.675573441475434#9
0000 0014 2000 0000 0000 0000#1626595523372807#-46.5#5.117359908386499#9
0000 0010 2000 0000 0000 0000#1626595523375964#-37.0#2.767301341345697#9
0000 0011 2000 0000 0000 0000#1626595523377495#-42.0#2.227340104009951#9
0000 0019 2000 0000 0000 0000#1626595523379310#-41.5#2.521864415283994#9
0000 0012 2000 0000 0000 0000#1626595523384377#-49.5#1.662835174068035#9
0000 0018 2000 0000 0000 0000#1626595523385451#-35.5#2.9820586516496865#9
0000 0013 2000 0000 0000 0000#1626595523387987#-54.5#0.5767767762450011#9
0000 0010 2000 0000 0000 0000#1626595523389127#-35.5#2.767301341345697#9
0000 001B 2000 0000 0000 0000#1626595523390250#-52.5#0.9878836273983529#9
0000 0015 2000 0000 0000 0000#1626595523392312#-50.0#4.651029748869264#9
0000 0017 2000 0000 0000 0000#1626595523393666#-28.0#3.2520392703175593#9
0000 001A 2000 0000 0000 0000#1626595523395053#-45.0#1.7241944055834606#9
0000 0016 2000 0000 0000 0000#1626595523405264#-33.5#4.000621894805752#9
0000 0011 2000 0000 0000 0000#1626595523406439#-42.5#1.7978254834019713#9
0000 0014 2000 0000 0000 0000#1626595523407762#-46.0#4.4362724385652745#9
0000 000F 2000 0000 0000 0000#1626595523410158#-33.0#2.779573187648782#9
0000 001D 2000 0000 0000 0000#1626595523413599#-45.0#3.749049045592507#9
0000 0019 2000 0000 0000 0000#1626595523414719#-42.0#2.043262409463674#9
0000 001C 2000 0000 0000 0000#1626595523415976#-48.0#4.651029748869264#9
0000 0011 2000 0000 0000 0000#1626595523682426#-47.0#0.9633399347921826#9
0000 001B 2000 0000 0000 0000#1626595523683816#-44.5#4.178563666200486#9
0000 0019 2000 0000 0000 0000#1626595523685124#-46.5#1.41126232485479#9
0000 0013 2000 0000 0000 0000#1626595523688270#-44.0#3.8963112012295285#9
0000 001C 2000 0000 0000 0000#1626595523689400#-45.0#3.6140587362585705#9
0000 000F 2000 0000 0000 0000#1626595523690508#-36.0#2.423689644859313#9
0000 0010 2000 0000 0000 0000#1626595523691690#-39.5#1.8775924843720249#9
0000 0016 2000 0000 0000 0000#1626595523692985#-34.5#3.718369429834794#9
0000 0017 2000 0000 0000 0000#1626595523694310#-30.0#2.4605051837685683#9
0000 0014 2000 0000 0000 0000#1626595523695475#-48.5#3.6876898140770815#9
0000 0018 2000 0000 0000 0000#1626595523696508#-39.0#2.12916533358527#9
0000 001D 2000 0000 0000 0000#1626595523697529#-60.0#3.5281558121369745#9
0000 0015 2000 0000 0000 0000#1626595523698977#-66.5#4.2031073588066565#9
0000 001A 2000 0000 0000 0000#1626595523702509#-49.0#5.988660995905543#9
0000 0012 2000 0000 0000 0000#1626595523703587#-50.0#5.589825991055276#9
0000 0015 2000 0000 0000 0000#1626595523707617#-66.5#4.184699589352029#9
0000 001D 2000 0000 0000 0000#1626595523708680#-60.5#3.479068426924634#9
0000 0010 2000 0000 0000 0000#1626595523709725#-41.0#1.8223691760081417#9
0000 0019 2000 0000 0000 0000#1626595523710812#-47.5#1.325359400733194#9
0000 0014 2000 0000 0000 0000#1626595523712123#-49.5#3.6692820446224537#9
0000 0013 2000 0000 0000 0000#1626595523713206#-43.0#3.773592738198677#9
0000 0018 2000 0000 0000 0000#1626595523714966#-39.0#2.086213871524472#9
0000 0017 2000 0000 0000 0000#1626595523717065#-30.5#2.411417798556228#9
0000 0016 2000 0000 0000 0000#1626595523719311#-35.0#3.693825737228624#9
0000 0012 2000 0000 0000 0000#1626595523720598#-49.5#5.399612373357457#9
0000 0011 2000 0000 0000 0000#1626595523721871#-48.0#0.7485826244881929#9
0000 001B 2000 0000 0000 0000#1626595523722966#-44.0#3.9515345095934116#9
0000 001A 2000 0000 0000 0000#1626595523724025#-50.0#5.835262917116979#9
0000 001C 2000 0000 0000 0000#1626595523725097#-46.0#3.6201946594101133#9
0000 000F 2000 0000 0000 0000#1626595523729666#-36.5#2.350058567040802#9
0000 0017 2000 0000 0000 0000#1626595524000561#-35.0#1.368310862793992#9
0000 0016 2000 0000 0000 0000#1626595524002437#-37.5#2.6261751088602177#9
0000 0010 2000 0000 0000 0000#1626595524003711#-48.5#0.25157284921324513#9
0000 0013 2000 0000 0000 0000#1626595524005247#-54.0#2.8716120349219203#9
0000 001B 2000 0000 0000 0000#1626595524007962#-49.0#2.84706834231575#9
0000 001A 2000 0000 0000 0000#1626595524018647#-43.0#3.0925052683774528#9
0000 0012 2000 0000 0000 0000#1626595524019752#-43.5#2.9820586516496865#9
0000 000F 2000 0000 0000 0000#1626595524020815#-42.0#1.423534171157875#9
0000 001C 2000 0000 0000 0000#1626595524021931#-60.5#2.521864415283994#9
0000 0011 2000 0000 0000 0000#1626595524022947#-46.5#4.4362724385652745#9
0000 0019 2000 0000 0000 0000#1626595524024039#-51.0#5.221670601962723#9
0000 0014 2000 0000 0000 0000#1626595524025164#-62.0#1.8775924843720249#9
0000 0015 2000 0000 0000 0000#1626595524026498#-63.0#2.030990563160589#9
0000 0018 2000 0000 0000 0000#1626595524027555#-46.0#0.9326603190344698#9
0000 001A 2000 0000 0000 0000#1626595524031495#-43.0#3.055689729468197#9
0000 0013 2000 0000 0000 0000#1626595524032776#-55.5#3.0495538063166547#9
0000 0016 2000 0000 0000 0000#1626595524034308#-38.0#2.761165418194154#9
0000 000F 2000 0000 0000 0000#1626595524035842#-42.0#1.3744467859455345#9
0000 0014 2000 0000 0000 0000#1626595524039060#-61.0#1.8100973297050567#9
0000 0015 2000 0000 0000 0000#1626595524040136#-63.0#2.2027964114037806#9
0000 001C 2000 0000 0000 0000#1626595524041208#-60.5#2.3930100291016#9
0000 0017 2000 0000 0000 0000#1626595524042784#-36.0#1.4787574795217582#9
0000 0018 2000 0000 0000 0000#1626595524044329#-46.5#0.8651651643675016#9
0000 0019 2000 0000 0000 0000#1626595524045616#-50.5#5.062136600022616#9
0000 0010 2000 0000 0000 0000#1626595524046748#-47.5#0.1595340019401067#9
0000 0011 2000 0000 0000 0000#1626595524047881#-45.5#4.227651051412827#9
0000 001B 2000 0000 0000 0000#1626595524049304#-51.5#3.067961575771282#9
0000 0012 2000 0000 0000 0000#1626595524051420#-44.5#2.9575149590435164#9
0000 0013 2000 0000 0000 0000#1626595524325934#-58.5#1.4848934026733007#9
0000 000F 2000 0000 0000 0000#1626595524327727#-49.0#0.8713010875190442#9
0000 0012 2000 0000 0000 0000#1626595524330129#-55.0#3.399301425954581#9
0000 0015 2000 0000 0000 0000#1626595524332083#-55.0#0.7731263170943632#9
0000 001C 2000 0000 0000 0000#1626595524333157#-59.5#6.019340611663256#9
0000 001A 2000 0000 0000 0000#1626595524334160#-51.5#3.6386024288647407#9
0000 0016 2000 0000 0000 0000#1626595524335224#-43.0#3.055689729468197#9
0000 0018 2000 0000 0000 0000#1626595524336512#-48.5#5.841398840268521#9
0000 0014 2000 0000 0000 0000#1626595524337592#-57.5#5.246214294568893#9
0000 0019 2000 0000 0000 0000#1626595524339960#-43.0#4.1417481272912315#9
0000 001B 2000 0000 0000 0000#1626595524340999#-60.0#2.2212041808584084#9
0000 0010 2000 0000 0000 0000#1626595524342781#-43.0#4.890330751779424#9
0000 001D 2000 0000 0000 0000#1626595524343789#-57.0#2.509592568980909#9
0000 0017 2000 0000 0000 0000#1626595524344821#-43.0#1.3621749396424494#9
0000 0011 2000 0000 0000 0000#1626595524346096#-44.0#3.859495662320273#9
0000 001B 2000 0000 0000 0000#1626595524351280#-60.0#2.1475731030398975#9
0000 0013 2000 0000 0000 0000#1626595524352590#-58.0#1.2026409377023426#9
0000 001C 2000 0000 0000 0000#1626595524354134#-59.5#5.743224069843841#9
0000 001A 2000 0000 0000 0000#1626595524355494#-52.5#3.6017868899554855#9
0000 0012 2000 0000 0000 0000#1626595524356540#-56.0#3.172272269347506#9
0000 0017 2000 0000 0000 0000#1626595524357584#-43.5#1.2946797849754812#9
0000 0016 2000 0000 0000 0000#1626595524358889#-43.0#3.0802334220743677#9
0000 0010 2000 0000 0000 0000#1626595524361002#-43.0#4.81056375080937#9
0000 0018 2000 0000 0000 0000#1626595524362018#-48.5#5.638913376267617#9
0000 0014 2000 0000 0000 0000#1626595524363058#-57.0#5.037592907416445#9
0000 0015 2000 0000 0000 0000#1626595524364079#-55.0#0.5460971604872883#9
0000 0019 2000 0000 0000 0000#1626595524366335#-43.5#4.09266074207889#9
0000 0011 2000 0000 0000 0000#1626595524367370#-45.0#3.80427235395639#9
0000 001D 2000 0000 0000 0000#1626595524372463#-56.5#2.405281875404685#9
0000 000F 2000 0000 0000 0000#1626595524373514#-49.5#0.4970097752749477#9
0000 0010 2000 0000 0000 0000#1626595524637106#-49.0#3.706097583531709#9
0000 0018 2000 0000 0000 0000#1626595524639805#-48.0#4.06811704947272#9
0000 0019 2000 0000 0000 0000#1626595524641095#-55.0#3.393165502803038#9
0000 001A 2000 0000 0000 0000#1626595524642637#-61.0#1.3069516312785663#9
0000 0014 2000 0000 0000 0000#1626595524643931#-59.0#2.3071071049800045#9
0000 0017 2000 0000 0000 0000#1626595524645006#-45.0#5.031456984264903#9
0000 000F 2000 0000 0000 0000#1626595524646100#-48.0#4.522175362686871#9
0000 0013 2000 0000 0000 0000#1626595524647171#-59.0#4.313553975534423#9
0000 001D 2000 0000 0000 0000#1626595524648475#-58.0#0.06135923151542565#9
0000 0011 2000 0000 0000 0000#1626595524650101#-55.5#2.521864415283994#9
0000 0016 2000 0000 0000 0000#1626595524651111#-50.5#1.3867186322486196#9
0000 001C 2000 0000 0000 0000#1626595524652370#-62.0#3.2029518851052186#9
0000 0012 2000 0000 0000 0000#1626595524653729#-60.0#0.03681553890925539#9
0000 001B 2000 0000 0000 0000#1626595524655079#-61.5#4.804427827657828#9
0000 0010 2000 0000 0000 0000#1626595524660003#-49.5#3.693825737228624#9
0000 0012 2000 0000 0000 0000#1626595524661806#-60.5#6.22182607566416#9
0000 0011 2000 0000 0000 0000#1626595524663331#-56.0#2.423689644859313#9
0000 000F 2000 0000 0000 0000#1626595524665493#-47.5#4.479223900626073#9
0000 001C 2000 0000 0000 0000#1626595524666739#-62.0#2.9329712664373457#9
0000 0016 2000 0000 0000 0000#1626595524667786#-50.5#1.2885438618239387#9
0000 0013 2000 0000 0000 0000#1626595524670957#-59.5#4.276738436625168#9
0000 0019 2000 0000 0000 0000#1626595524671989#-57.0#3.3011266555298997#9
0000 0018 2000 0000 0000 0000#1626595524674172#-48.5#3.9944859716542096#9
