0000 0010 2000 0000 0000 0000#1626595339904189#-49.0#3.6017868899554855#9
0000 0014 2000 0000 0000 0000#1626595339905357#-59.5#0.8344855486097889#9
0000 001C 2000 0000 0000 0000#1626595339906925#-58.0#0.39269908169872414#9
0000 001B 2000 0000 0000 0000#1626595339908259#-57.5#5.442563835418255#9
0000 0017 2000 0000 0000 0000#1626595339909848#-50.0#2.564815877344792#9
0000 0011 2000 0000 0000 0000#1626595339911142#-51.0#3.77972866135022#9
0000 0013 2000 0000 0000 0000#1626595339912196#-59.0#5.982525072754001#9
0000 0015 2000 0000 0000 0000#1626595339915686#-60.5#1.9941750242513334#9
0000 0012 2000 0000 0000 0000#1626595339918666#-54.0#4.7307967498393175#9
0000 000F 2000 0000 0000 0000#1626595339920222#-52.5#3.067961575771282#9
0000 0018 2000 0000 0000 0000#1626595339922193#-51.5#3.3440781175906977#9
0000 0019 2000 0000 0000 0000#1626595339923287#-51.0#3.6570101983193686#9
0000 0016 2000 0000 0000 0000#1626595339924365#-63.0#3.227495577711389#9
0000 001A 2000 0000 0000 0000#1626595339927037#-52.5#4.172427743048944#9
0000 001D 2000 0000 0000 0000#1626595339928380#-56.5#1.0921943209745766#9
0000 000F 2000 0000 0000 0000#1626595339933561#-52.5#2.9697868053466014#9
0000 0019 2000 0000 0000 0000#1626595339934637#-51.0#3.6201946594101133#9
0000 0011 2000 0000 0000 0000#1626595339935867#-51.5#3.706097583531709#9
0000 001D 2000 0000 0000 0000#1626595339937181#-56.5#1.0369710126106935#9
0000 0018 2000 0000 0000 0000#1626595339938241#-52.0#3.2949907323783574#9
0000 0017 2000 0000 0000 0000#1626595339939504#-50.5#2.405281875404685#9
0000 001A 2000 0000 0000 0000#1626595339940988#-52.5#4.1601558967458585#9
0000 0013 2000 0000 0000 0000#1626595339942072#-59.0#6.080699843178682#9
0000 0016 2000 0000 0000 0000#1626595339943107#-63.5#3.104777114680538#9
0000 0010 2000 0000 0000 0000#1626595339944664#-51.0#3.4913402732277192#9
0000 001C 2000 0000 0000 0000#1626595339945961#-58.0#0.44178646691106466#9
0000 0012 2000 0000 0000 0000#1626595339947021#-56.0#4.798291904506286#9
0000 001B 2000 0000 0000 0000#1626595339949392#-58.0#5.546874528994478#9
0000 0015 2000 0000 0000 0000#1626595339953152#-60.5#1.748738098189631#9
0000 0014 2000 0000 0000 0000#1626595339954329#-59.5#0.760854470791278#9
0000 0012 2000 0000 0000 0000#1626595340219137#-56.0#5.534602682691394#9
0000 0011 2000 0000 0000 0000#1626595340220507#-50.0#4.595806440505381#9
0000 000F 2000 0000 0000 0000#1626595340221627#-53.5#3.9453985864418692#9
0000 0018 2000 0000 0000 0000#1626595340223142#-52.0#4.178563666200486#9
3008 33B2 DDD9 0140 2018 0626#1626595340224232#-62.0#5.896622148632405#9
0000 0019 2000 0000 0000 0000#1626595340225536#-51.0#4.528311285838413#9
0000 001A 2000 0000 0000 0000#1626595340226564#-52.5#4.97623367590102#9
0000 001D 2000 0000 0000 0000#1626595340227853#-55.5#1.8837284075235674#9
0000 001B 2000 0000 0000 0000#1626595340239286#-59.0#6.160466844148735#9
0000 0013 2000 0000 0000 0000#1626595340242334#-60.5#0.3865631585471816#9
0000 0017 2000 0000 0000 0000#1626595340243365#-52.0#3.074097498922825#9
0000 0010 2000 0000 0000 0000#1626595340244438#-51.5#4.190835512503572#9
0000 0015 2000 0000 0000 0000#1626595340245789#-56.5#2.172116795646068#9
0000 0014 2000 0000 0000 0000#1626595340247490#-59.5#1.4910293258248433#9
0000 0016 2000 0000 0000 0000#1626595340248572#-63.5#4.09266074207889#9
0000 001C 2000 0000 0000 0000#1626595340249613#-59.0#1.1106020904292042#9
0000 0017 2000 0000 0000 0000#1626595340253287#-51.5#3.055689729468197#9
0000 0014 2000 0000 0000 0000#1626595340254822#-60.0#1.4542137869155878#9
0000 001B 2000 0000 0000 0000#1626595340258030#-59.0#6.14819499784565#9
0000 0019 2000 0000 0000 0000#1626595340259161#-51.5#4.338097668140593#9
0000 000F 2000 0000 0000 0000#1626595340260765#-53.0#3.718369429834794#9
0000 0012 2000 0000 0000 0000#1626595340262068#-56.0#5.344389064993574#9
3008 33B2 DDD9 0140 2018 0626#1626595340263414#-61.5#5.313709449235861#9
0000 001A 2000 0000 0000 0000#1626595340264979#-51.5#4.828971520263998#9
0000 001C 2000 0000 0000 0000#1626595340266953#-58.5#1.086058397823034#9
0000 001D 2000 0000 0000 0000#1626595340268093#-54.0#1.6873788666742053#9
0000 0010 2000 0000 0000 0000#1626595340269263#-50.0#4.190835512503572#9
0000 0013 2000 0000 0000 0000#1626595340270316#-60.0#0.4663301595172349#9
0000 0011 2000 0000 0000 0000#1626595340271633#-51.5#4.4362724385652745#9
0000 0018 2000 0000 0000 0000#1626595340272694#-53.0#4.04357335686655#9
0000 0015 2000 0000 0000 0000#1626595340274380#-56.5#2.1537090261914402#9
0000 0016 2000 0000 0000 0000#1626595340275656#-63.0#4.111068511533518#9
0000 0014 2000 0000 0000 0000#1626595340541641#-59.5#1.0062913968529805#9
0000 0010 2000 0000 0000 0000#1626595340543335#-52.0#3.6876898140770815#9
0000 001C 2000 0000 0000 0000#1626595340544405#-59.0#0.6135923151542565#9
0000 0018 2000 0000 0000 0000#1626595340545740#-52.5#3.54042765844006#9
0000 0011 2000 0000 0000 0000#1626595340546812#-52.5#3.9699422790480394#9
0000 000F 2000 0000 0000 0000#1626595340547832#-53.5#3.2090878082567613#9
0000 001D 2000 0000 0000 0000#1626595340549305#-56.0#1.2087768608538851#9
0000 0012 2000 0000 0000 0000#1626595340550851#-56.0#5.019185137961818#9
0000 0015 2000 0000 0000 0000#1626595340551901#-57.0#1.4910293258248433#9
0000 001B 2000 0000 0000 0000#1626595340552980#-58.0#5.767767762450011#9
0000 0016 2000 0000 0000 0000#1626595340554514#-64.5#3.724505352986337#9
0000 0017 2000 0000 0000 0000#1626595340556855#-51.5#2.6445828783148455#9
0000 0013 2000 0000 0000 0000#1626595340557932#-60.0#0.006135923151542565#9
0000 0019 2000 0000 0000 0000#1626595340559624#-52.0#3.890175278077986#9
0000 001A 2000 0000 0000 0000#1626595340562695#-53.0#4.405592822807561#9
0000 0018 2000 0000 0000 0000#1626595340566318#-51.5#3.5281558121369745#9
0000 0019 2000 0000 0000 0000#1626595340567606#-52.5#3.8963112012295285#9
0000 0014 2000 0000 0000 0000#1626595340568698#-60.0#1.012427320004523#9
0000 0011 2000 0000 0000 0000#1626595340570775#-52.5#3.9822141253511245#9
0000 0015 2000 0000 0000 0000#1626595340572314#-57.5#1.5278448647340985#9
0000 001C 2000 0000 0000 0000#1626595340573622#-58.5#0.5951845456996288#9
0000 0010 2000 0000 0000 0000#1626595340574700#-52.0#3.6999616603801666#9
0000 0012 2000 0000 0000 0000#1626595340575882#-54.0#4.988505522204105#9
0000 0016 2000 0000 0000 0000#1626595340577006#-64.5#3.6079228131070282#9
0000 001D 2000 0000 0000 0000#1626595340578067#-56.0#1.1780972450961724#9
0000 001B 2000 0000 0000 0000#1626595340579372#-58.0#5.737088146692298#9
0000 0013 2000 0000 0000 0000#1626595340580865#-59.5#6.209554229361076#9
0000 001A 2000 0000 0000 0000#1626595340582893#-53.0#4.387185053352934#9
0000 0017 2000 0000 0000 0000#1626595340585010#-51.5#2.6016314162540475#9
0000 000F 2000 0000 0000 0000#1626595340587423#-53.5#3.2336315008629315#9
0000 000F 2000 0000 0000 0000#1626595340852440#-55.0#2.724349879284899#9
0000 0010 2000 0000 0000 0000#1626595340854825#-53.0#3.3072625786814425#9
0000 001C 2000 0000 0000 0000#1626595340855880#-59.0#0.4540583132141498#9
0000 001B 2000 0000 0000 0000#1626595340857192#-59.0#5.516194913236766#9
0000 0017 2000 0000 0000 0000#1626595340858241#-54.0#2.098485717827557#9
0000 0014 2000 0000 0000 0000#1626595340859518#-59.5#0.8897088569736719#9
0000 0013 2000 0000 0000 0000#1626595340861330#-60.0#5.976389149602458#9
0000 0018 2000 0000 0000 0000#1626595340862419#-54.5#3.08636934522591#9
0000 0019 2000 0000 0000 0000#1626595340864710#-53.0#3.5342917352885173#9
0000 0015 2000 0000 0000 0000#1626595340866130#-56.5#1.6566992509164924#9
0000 0011 2000 0000 0000 0000#1626595340867703#-53.5#3.6201946594101133#9
0000 0012 2000 0000 0000 0000#1626595340868720#-57.0#4.743068596142402#9
0000 001A 2000 0000 0000 0000#1626595340869794#-54.0#4.0987966652304335#9
0000 001D 2000 0000 0000 0000#1626595340870812#-55.0#1.1228739367322893#9
0000 0016 2000 0000 0000 0000#1626595340872734#-68.0#3.3747577333484107#9
0000 001C 2000 0000 0000 0000#1626595340877829#-58.5#0.5154175447295755#9
0000 0012 2000 0000 0000 0000#1626595340879145#-57.5#4.792155981354743#9
0000 0017 2000 0000 0000 0000#1626595340881184#-53.5#2.1537090261914402#9
0000 0018 2000 0000 0000 0000#1626595340882774#-54.5#3.0127382674073995#9
0000 001B 2000 0000 0000 0000#1626595340885259#-59.0#5.47937937432751#9
0000 0010 2000 0000 0000 0000#1626595340886401#-51.5#3.2643111166206444#9
0000 001D 2000 0000 0000 0000#1626595340887687#-55.5#1.1780972450961724#9
0000 0014 2000 0000 0000 0000#1626595340888695#-59.5#0.9326603190344698#9
0000 000F 2000 0000 0000 0000#1626595340890373#-54.5#2.6998061866787286#9
0000 0011 2000 0000 0000 0000#1626595340891436#-53.5#3.5895150436524004#9
0000 0019 2000 0000 0000 0000#1626595340892526#-52.5#3.5036121195308043#9
0000 001A 2000 0000 0000 0000#1626595340893688#-54.0#4.049709280018092#9
0000 0015 2000 0000 0000 0000#1626595340894709#-56.5#1.736466251886546#9
0000 0013 2000 0000 0000 0000#1626595340895932#-60.0#6.056156150572511#9
0000 0016 2000 0000 0000 0000#1626595340897111#-67.5#3.2029518851052186#9
0000 0012 2000 0000 0000 0000#1626595341166816#-59.0#4.798291904506286#9
0000 000F 2000 0000 0000 0000#1626595341169219#-55.0#2.742757648739526#9
0000 001D 2000 0000 0000 0000#1626595341170735#-56.5#1.1474176293384597#9
0000 0015 2000 0000 0000 0000#1626595341171770#-55.5#1.3499030933393643#9
0000 001B 2000 0000 0000 0000#1626595341172821#-60.5#5.798447378207723#9
0000 0019 2000 0000 0000 0000#1626595341174112#-54.0#3.448388811166921#9
0000 0017 2000 0000 0000 0000#1626595341175141#-53.5#2.1905245651006955#9
0000 0010 2000 0000 0000 0000#1626595341176285#-52.5#3.2459033471660166#9
0000 0013 2000 0000 0000 0000#1626595341177884#-62.0#6.264777537724958#9
0000 001C 2000 0000 0000 0000#1626595341178982#-60.0#0.7424467013366504#9
0000 0014 2000 0000 0000 0000#1626595341180033#-60.0#1.1106020904292042#9
0000 0018 2000 0000 0000 0000#1626595341182626#-55.0#3.0372819600135696#9
0000 001A 2000 0000 0000 0000#1626595341183688#-56.0#4.184699589352029#9
0000 0011 2000 0000 0000 0000#1626595341184782#-53.0#3.6079228131070282#9
0000 0016 2000 0000 0000 0000#1626595341187256#-68.5#3.2336315008629315#9
0000 001C 2000 0000 0000 0000#1626595341192999#-59.5#0.8160777791551611#9
0000 0019 2000 0000 0000 0000#1626595341194063#-54.0#3.472932503773092#9
0000 0010 2000 0000 0000 0000#1626595341195175#-52.5#3.2336315008629315#9
0000 0014 2000 0000 0000 0000#1626595341196211#-60.0#1.1228739367322893#9
0000 0012 2000 0000 0000 0000#1626595341198710#-59.0#4.828971520263998#9
0000 001A 2000 0000 0000 0000#1626595341199768#-55.5#4.147884050442774#9
0000 0018 2000 0000 0000 0000#1626595341201056#-55.0#3.055689729468197#9
0000 0011 2000 0000 0000 0000#1626595341202686#-54.5#3.6079228131070282#9
0000 0017 2000 0000 0000 0000#1626595341203976#-53.5#2.1782527187976104#9
0000 001B 2000 0000 0000 0000#1626595341205067#-60.5#5.724816300389213#9
0000 001D 2000 0000 0000 0000#1626595341207395#-56.5#1.239456476611598#9
0000 000F 2000 0000 0000 0000#1626595341208702#-55.0#2.724349879284899#9
0000 0016 2000 0000 0000 0000#1626595341210866#-67.5#3.3011266555298997#9
0000 0015 2000 0000 0000 0000#1626595341212586#-58.0#1.9757672547967058#9
0000 0013 2000 0000 0000 0000#1626595341215136#-61.0#0.1227184630308513#9
0000 0018 2000 0000 0000 0000#1626595341479561#-48.0#2.3746022596469727#9
0000 001C 2000 0000 0000 0000#1626595341481118#-43.5#0.4970097752749477#9
0000 0016 2000 0000 0000 0000#1626595341483496#-59.5#2.945243112740431#9
0000 0019 2000 0000 0000 0000#1626595341484940#-47.5#2.767301341345697#9
0000 0014 2000 0000 0000 0000#1626595341485979#-44.0#0.6504078540635119#9
0000 0011 2000 0000 0000 0000#1626595341487024#-48.0#3.0925052683774528#9
0000 001D 2000 0000 0000 0000#1626595341488102#-40.5#1.0246991663076084#9
0000 0015 2000 0000 0000 0000#1626595341489213#-41.0#1.521708941582556#9
0000 000F 2000 0000 0000 0000#1626595341490319#-48.0#2.030990563160589#9
0000 001A 2000 0000 0000 0000#1626595341492277#-46.5#4.031301510563465#9
0000 001B 2000 0000 0000 0000#1626595341493583#-45.0#5.700272607783043#9
0000 0010 2000 0000 0000 0000#1626595341495340#-46.5#2.2764274892222915#9
0000 0017 2000 0000 0000 0000#1626595341496701#-44.5#1.2026409377023426#9
0000 0013 2000 0000 0000 0000#1626595341499182#-43.5#6.019340611663256#9
0000 0012 2000 0000 0000 0000#1626595341502437#-46.5#4.828971520263998#9
0000 0018 2000 0000 0000 0000#1626595341507205#-47.0#1.9819031779482483#9
0000 0014 2000 0000 0000 0000#1626595341508243#-42.0#0.5767767762450011#9
0000 0011 2000 0000 0000 0000#1626595341510030#-46.0#3.031146036862027#9
0000 0017 2000 0000 0000 0000#1626595341511576#-45.5#0.9019807032767571#9
0000 0019 2000 0000 0000 0000#1626595341513608#-45.5#2.650718801466388#9
0000 001D 2000 0000 0000 0000#1626595341514642#-39.0#1.1596894756415448#9
0000 001B 2000 0000 0000 0000#1626595341516689#-42.0#5.546874528994478#9
0000 001C 2000 0000 0000 0000#1626595341518487#-40.0#0.32520392703175593#9
0000 0015 2000 0000 0000 0000#1626595341520304#-39.0#2.012582793705961#9
0000 001A 2000 0000 0000 0000#1626595341521322#-42.5#4.031301510563465#9
0000 0016 2000 0000 0000 0000#1626595341523198#-60.5#2.454369260617026#9
0000 0012 2000 0000 0000 0000#1626595341524243#-43.5#4.700117134081604#9
0000 0010 2000 0000 0000 0000#1626595341525317#-46.5#2.024854640009046#9
0000 0013 2000 0000 0000 0000#1626595341527339#-40.5#5.755495916146925#9
0000 000F 2000 0000 0000 0000#1626595341531291#-49.0#1.380582709097077#9
0000 001C 2000 0000 0000 0000#1626595341799223#-51.5#4.399456899656019#9
0000 0018 2000 0000 0000 0000#1626595341800511#-58.0#3.08636934522591#9
0000 0019 2000 0000 0000 0000#1626595341802540#-50.5#4.362641360746763#9
0000 000F 2000 0000 0000 0000#1626595341803561#-59.0#2.4175537217077703#9
0000 001D 2000 0000 0000 0000#1626595341804578#-54.0#0.21475731030398976#9
0000 0010 2000 0000 0000 0000#1626595341805909#-54.5#3.6570101983193686#9
0000 0017 2000 0000 0000 0000#1626595341806944#-57.0#1.1719613219446299#9
0000 001B 2000 0000 0000 0000#1626595341808571#-54.5#1.5462526341887264#9
0000 001A 2000 0000 0000 0000#1626595341810875#-49.0#5.105088062083414#9
0000 0015 2000 0000 0000 0000#1626595341811940#-45.5#0.9694758579437253#9
0000 0016 2000 0000 0000 0000#1626595341814701#-64.5#1.9573594853420782#9
0000 0011 2000 0000 0000 0000#1626595341815758#-49.5#4.215379205109742#9
0000 0014 2000 0000 0000 0000#1626595341818048#-54.5#4.755340442445488#9
0000 0013 2000 0000 0000 0000#1626595341821337#-58.0#2.6691265709210157#9
0000 0012 2000 0000 0000 0000#1626595341822380#-53.5#5.773903685601553#9
0000 001A 2000 0000 0000 0000#1626595341827314#-49.0#4.963961829597935#9
0000 001D 2000 0000 0000 0000#1626595341829252#-51.5#5.730952223540755#9
0000 0011 2000 0000 0000 0000#1626595341831374#-49.5#4.104932588381976#9
0000 0015 2000 0000 0000 0000#1626595341832440#-46.0#0.47860200582032003#9
0000 0019 2000 0000 0000 0000#1626595341835246#-50.5#4.06811704947272#9
0000 000F 2000 0000 0000 0000#1626595341836601#-62.5#2.3746022596469727#9
0000 001C 2000 0000 0000 0000#1626595341837687#-50.0#3.810408277107933#9
0000 0013 2000 0000 0000 0000#1626595341838895#-57.5#2.4175537217077703#9
0000 001B 2000 0000 0000 0000#1626595341839999#-53.0#1.1719613219446299#9
0000 0017 2000 0000 0000 0000#1626595341841094#-62.0#0.7424467013366504#9
0000 0012 2000 0000 0000 0000#1626595341842397#-53.0#5.620505606812989#9
0000 0010 2000 0000 0000 0000#1626595341843472#-54.5#3.6017868899554855#9
0000 0018 2000 0000 0000 0000#1626595341844576#-60.0#3.2336315008629315#9
0000 0014 2000 0000 0000 0000#1626595341845627#-51.0#4.215379205109742#9
0000 001D 2000 0000 0000 0000#1626595342113083#-43.5#3.9453985864418692#9
0000 0014 2000 0000 0000 0000#1626595342116357#-46.5#2.730485802436441#9
0000 001C 2000 0000 0000 0000#1626595342117399#-46.0#2.325514874434632#9
0000 0015 2000 0000 0000 0000#1626595342118982#-40.0#5.197126909356553#9
0000 0012 2000 0000 0000 0000#1626595342120543#-46.0#3.650874275167826#9
0000 001A 2000 0000 0000 0000#1626595342121976#-46.0#2.945243112740431#9
0000 0013 2000 0000 0000 0000#1626595342123028#-52.0#0.05522330836388308#9
0000 0011 2000 0000 0000 0000#1626595342124106#-52.5#2.724349879284899#9
0000 001B 2000 0000 0000 0000#1626595342125225#-47.5#5.258486140871978#9
0000 001D 2000 0000 0000 0000#1626595342128830#-43.5#4.031301510563465#9
0000 0014 2000 0000 0000 0000#1626595342129926#-46.5#2.859340188618835#9
0000 0012 2000 0000 0000 0000#1626595342131996#-46.5#3.847223816017188#9
0000 001C 2000 0000 0000 0000#1626595342134167#-46.0#2.429825568010856#9
0000 001A 2000 0000 0000 0000#1626595342135500#-45.5#3.1968159619536762#9
0000 0013 2000 0000 0000 0000#1626595342138406#-51.5#0.2761165418194154#9
0000 0015 2000 0000 0000 0000#1626595342140035#-41.5#5.252350217720435#9
0000 001B 2000 0000 0000 0000#1626595342143462#-48.0#5.516194913236766#9
0000 0011 2000 0000 0000 0000#1626595342144654#-51.5#2.8838838812250054#9
0000 001C 2000 0000 0000 0000#1626595342407403#-43.0#0.380427235395639#9
0000 0012 2000 0000 0000 0000#1626595342408482#-39.0#3.9392626632903265#9
0000 000F 2000 0000 0000 0000#1626595342410090#-56.0#0.22089323345553233#9
0000 001A 2000 0000 0000 0000#1626595342411397#-37.0#3.3624858870453256#9
0000 0014 2000 0000 0000 0000#1626595342412492#-45.0#0.7915340865489908#9
0000 0013 2000 0000 0000 0000#1626595342413800#-40.0#5.148039524144211#9
0000 0019 2000 0000 0000 0000#1626595342415120#-44.5#2.356194490192345#9
0000 0011 2000 0000 0000 0000#1626595342416666#-40.0#2.6384469551633027#9
0000 0017 2000 0000 0000 0000#1626595342420657#-54.0#5.019185137961818#9
0000 0015 2000 0000 0000 0000#1626595342421780#-38.5#3.2765829629237295#9
0000 0018 2000 0000 0000 0000#1626595342423139#-52.0#1.1658253987930873#9
0000 0010 2000 0000 0000 0000#1626595342426122#-49.5#1.6935147898257479#9
0000 001B 2000 0000 0000 0000#1626595342427299#-39.0#4.718524903536232#9
0000 001D 2000 0000 0000 0000#1626595342429163#-41.5#2.012582793705961#9
0000 0011 2000 0000 0000 0000#1626595342435075#-41.5#2.7550294950426117#9
0000 0015 2000 0000 0000 0000#1626595342436141#-39.5#3.153864499892878#9
0000 001A 2000 0000 0000 0000#1626595342438571#-37.5#3.479068426924634#9
0000 0018 2000 0000 0000 0000#1626595342439713#-50.5#1.2517283229146832#9
0000 001D 2000 0000 0000 0000#1626595342440777#-42.0#1.902136176978195#9
0000 0019 2000 0000 0000 0000#1626595342442361#-45.0#2.4175537217077703#9
0000 0010 2000 0000 0000 0000#1626595342443771#-47.0#1.7671458676442586#9
0000 0017 2000 0000 0000 0000#1626595342445117#-51.5#5.755495916146925#9
0000 001C 2000 0000 0000 0000#1626595342446233#-42.5#0.11044661672776616#9
0000 000F 2000 0000 0000 0000#1626595342447525#-53.0#0.760854470791278#9
0000 001B 2000 0000 0000 0000#1626595342448975#-39.0#4.865787059173254#9
0000 0012 2000 0000 0000 0000#1626595342450118#-38.0#4.166291819897402#9
0000 0013 2000 0000 0000 0000#1626595342451213#-40.5#5.258486140871978#9
0000 0014 2000 0000 0000 0000#1626595342453391#-44.5#0.5154175447295755#9
0000 0014 2000 0000 0000 0000#1626595342717490#-59.0#2.779573187648782#9
0000 0015 2000 0000 0000 0000#1626595342718753#-46.5#3.3502140407422405#9
0000 0018 2000 0000 0000 0000#1626595342719799#-52.0#3.792000507653305#9
0000 0017 2000 0000 0000 0000#1626595342720891#-46.5#2.816388726558037#9
0000 0013 2000 0000 0000 0000#1626595342722715#-60.0#1.5033011721279284#9
3008 33B2 DDD9 0140 2018 0626#1626595342723832#-62.5#5.890486225480862#9
0000 001A 2000 0000 0000 0000#1626595342724862#-57.5#5.522330836388308#9
0000 0011 2000 0000 0000 0000#1626595342725877#-56.0#4.669437518323892#9
0000 001D 2000 0000 0000 0000#1626595342726923#-54.0#2.9759227284981438#9
0000 000F 2000 0000 0000 0000#1626595342727956#-50.5#3.56497135104623#9
0000 0010 2000 0000 0000 0000#1626595342729499#-52.5#4.04357335686655#9
0000 001B 2000 0000 0000 0000#1626595342731503#-59.0#1.337631247036279#9
0000 001C 2000 0000 0000 0000#1626595342733072#-57.0#2.386874105950058#9
0000 0019 2000 0000 0000 0000#1626595342735045#-54.0#4.522175362686871#9
0000 0012 2000 0000 0000 0000#1626595342739838#-61.5#0.30066023442558565#9
0000 0012 2000 0000 0000 0000#1626595342743637#-62.0#0.3374757733348411#9
0000 0014 2000 0000 0000 0000#1626595342744759#-60.0#2.804116880254952#9
3008 33B2 DDD9 0140 2018 0626#1626595342746314#-62.0#5.7616318392984684#9
0000 001A 2000 0000 0000 0000#1626595342747646#-58.0#5.638913376267617#9
0000 0016 2000 0000 0000 0000#1626595342748738#-57.5#4.411728745959104#9
0000 0015 2000 0000 0000 0000#1626595342750812#-48.0#3.399301425954581#9
0000 001C 2000 0000 0000 0000#1626595342752794#-57.5#2.4175537217077703#9
0000 000F 2000 0000 0000 0000#1626595342754058#-51.0#3.56497135104623#9
0000 001D 2000 0000 0000 0000#1626595342755372#-56.0#3.0250101137104846#9
0000 0013 2000 0000 0000 0000#1626595342756681#-60.5#1.5953400194010667#9
0000 0019 2000 0000 0000 0000#1626595342758169#-54.0#4.552854978444583#9
0000 0011 2000 0000 0000 0000#1626595342759213#-56.5#4.693981210930062#9
0000 0017 2000 0000 0000 0000#1626595342760775#-47.0#2.834796496012665#9
0000 0010 2000 0000 0000 0000#1626595342762461#-52.5#4.123340357836604#9
0000 001B 2000 0000 0000 0000#1626595342764594#-60.0#1.4051264017032472#9
0000 0018 2000 0000 0000 0000#1626595342766283#-53.0#3.9085830475326135#9
0000 001C 2000 0000 0000 0000#1626595343030373#-61.5#1.705786636128833#9
0000 0011 2000 0000 0000 0000#1626595343031688#-57.0#4.442408361716817#9
0000 0010 2000 0000 0000 0000#1626595343032733#-56.0#3.988350048502667#9
0000 0015 2000 0000 0000 0000#1626595343033767#-50.5#2.6261751088602177#9
0000 0019 2000 0000 0000 0000#1626595343035091#-55.5#4.313553975534423#9
0000 0018 2000 0000 0000 0000#1626595343036151#-56.5#3.7429131224409646#9
0000 0017 2000 0000 0000 0000#1626595343037181#-53.0#2.5954954931025047#9
0000 0012 2000 0000 0000 0000#1626595343038233#-61.5#5.841398840268521#9
0000 000F 2000 0000 0000 0000#1626595343039492#-56.0#3.399301425954581#9
3008 33B2 DDD9 0140 2018 0626#1626595343041110#-61.5#5.252350217720435#9
0000 0014 2000 0000 0000 0000#1626595343043128#-65.0#2.4175537217077703#9
0000 0016 2000 0000 0000 0000#1626595343044635#-67.0#4.239922897715912#9
0000 001D 2000 0000 0000 0000#1626595343045962#-59.5#2.5770877236478773#9
0000 001A 2000 0000 0000 0000#1626595343050127#-57.5#4.933282213840222#9
0000 001B 2000 0000 0000 0000#1626595343051450#-61.5#0.2270291566070749#9
0000 0013 2000 0000 0000 0000#1626595343052529#-64.0#0.6565437772150544#9
0000 001D 2000 0000 0000 0000#1626595343059076#-59.0#2.5280003384355365#9
0000 0017 2000 0000 0000 0000#1626595343060137#-53.5#2.5464081078901644#9
0000 0012 2000 0000 0000 0000#1626595343062830#-61.0#5.66959299202533#9
0000 0015 2000 0000 0000 0000#1626595343064158#-51.0#2.5464081078901644#9
0000 001B 2000 0000 0000 0000#1626595343065210#-61.5#0.23316507975861744#9
0000 0018 2000 0000 0000 0000#1626595343066793#-54.5#3.6324665057131984#9
0000 001A 2000 0000 0000 0000#1626595343068093#-57.5#4.865787059173254#9
0000 0010 2000 0000 0000 0000#1626595343069152#-55.5#3.9085830475326135#9
0000 0013 2000 0000 0000 0000#1626595343070462#-63.0#0.5460971604872883#9
0000 0011 2000 0000 0000 0000#1626595343071535#-56.5#4.301282129231338#9
0000 000F 2000 0000 0000 0000#1626595343072628#-56.5#3.3011266555298997#9
0000 0019 2000 0000 0000 0000#1626595343074331#-56.0#4.1601558967458585#9
0000 001C 2000 0000 0000 0000#1626595343075774#-61.5#1.5585244804918115#9
0000 0014 2000 0000 0000 0000#1626595343077766#-64.5#2.1230294104337273#9
3008 33B2 DDD9 0140 2018 0626#1626595343078855#-62.0#5.2339424482658075#9
0000 0016 2000 0000 0000 0000#1626595343080047#-66.0#3.9208548938356986#9
0000 0018 2000 0000 0000 0000#1626595343345469#-53.0#2.9391071895888885#9
0000 0011 2000 0000 0000 0000#1626595343347963#-54.5#3.7122335066832517#9
0000 0017 2000 0000 0000 0000#1626595343350549#-48.0#1.945087639038993#9
0000 001B 2000 0000 0000 0000#1626595343352472#-57.0#0.37429131224409645#9
0000 0010 2000 0000 0000 0000#1626595343353631#-53.0#3.129320807286708#9
0000 0019 2000 0000 0000 0000#1626595343354954#-53.0#3.522019888985432#9
0000 000F 2000 0000 0000 0000#1626595343356003#-52.0#2.6139032625571326#9
0000 0016 2000 0000 0000 0000#1626595343357957#-62.0#3.184544115650591#9
0000 0014 2000 0000 0000 0000#1626595343359134#-58.0#0.9019807032767571#9
0000 0013 2000 0000 0000 0000#1626595343360462#-57.5#0.8774370106705868#9
0000 001A 2000 0000 0000 0000#1626595343361595#-55.0#4.411728745959104#9
0000 0015 2000 0000 0000 0000#1626595343362971#-60.0#2.454369260617026#9
0000 0012 2000 0000 0000 0000#1626595343365565#-59.5#5.620505606812989#9
0000 001D 2000 0000 0000 0000#1626595343367021#-57.0#1.1290098598838318#9
0000 001C 2000 0000 0000 0000#1626595343368572#-56.0#0.8528933180644165#9
0000 0013 2000 0000 0000 0000#1626595343372972#-56.5#0.9387962421860124#9
0000 0011 2000 0000 0000 0000#1626595343376175#-52.5#3.693825737228624#9
0000 0019 2000 0000 0000 0000#1626595343377352#-53.0#3.479068426924634#9
0000 0010 2000 0000 0000 0000#1626595343378478#-51.5#3.11091303783208#9
0000 0018 2000 0000 0000 0000#1626595343379780#-52.5#2.8286605728611223#9
0000 000F 2000 0000 0000 0000#1626595343380843#-51.5#2.5586799541932495#9
0000 0016 2000 0000 0000 0000#1626595343381849#-61.5#3.129320807286708#9
0000 0017 2000 0000 0000 0000#1626595343383104#-47.5#1.8714565612204823#9
0000 001B 2000 0000 0000 0000#1626595343385453#-56.0#0.6258641614573416#9
0000 0015 2000 0000 0000 0000#1626595343387632#-60.0#2.509592568980909#9
0000 0012 2000 0000 0000 0000#1626595343388970#-59.0#5.71868037723767#9
0000 0014 2000 0000 0000 0000#1626595343390234#-57.0#1.043106935762236#9
0000 001D 2000 0000 0000 0000#1626595343391323#-56.5#1.2026409377023426#9
0000 001A 2000 0000 0000 0000#1626595343393295#-54.5#4.417864669110647#9
0000 001C 2000 0000 0000 0000#1626595343394320#-54.5#0.9940195505498954#9
0000 0017 2000 0000 0000 0000#1626595343678612#-47.0#1.7978254834019713#9
0000 0019 2000 0000 0000 0000#1626595343679988#-54.0#3.509748042682347#9
0000 0011 2000 0000 0000 0000#1626595343681288#-55.5#3.730641276137879#9
0000 000F 2000 0000 0000 0000#1626595343682857#-51.5#2.4727770300716534#9
0000 0010 2000 0000 0000 0000#1626595343684463#-53.5#3.141592653589793#9
0000 0013 2000 0000 0000 0000#1626595343685713#-58.0#0.1349903093339364#9
0000 0018 2000 0000 0000 0000#1626595343687254#-53.0#2.8409324191642074#9
0000 001A 2000 0000 0000 0000#1626595343688959#-56.0#4.381049130201391#9
0000 001C 2000 0000 0000 0000#1626595343690026#-56.5#0.4172427743048944#9
0000 0015 2000 0000 0000 0000#1626595343691834#-60.5#2.9513790358919736#9
0000 001D 2000 0000 0000 0000#1626595343692895#-57.0#1.6198837120072371#9
0000 0014 2000 0000 0000 0000#1626595343694886#-58.5#0.9081166264282996#9
0000 0016 2000 0000 0000 0000#1626595343695951#-60.5#2.742757648739526#9
0000 0012 2000 0000 0000 0000#1626595343707791#-57.5#5.546874528994478#9
0000 001B 2000 0000 0000 0000#1626595343708854#-57.5#0.21475731030398976#9
0000 001B 2000 0000 0000 0000#1626595343713081#-57.5#0.1349903093339364#9
0000 0017 2000 0000 0000 0000#1626595343714171#-45.5#2.6813984172241008#9
0000 0014 2000 0000 0000 0000#1626595343716014#-58.5#1.6751070203711202#9
0000 001D 2000 0000 0000 0000#1626595343717060#-57.0#2.4727770300716534#9
0000 0018 2000 0000 0000 0000#1626595343718610#-51.0#3.663146121470911#9
0000 0013 2000 0000 0000 0000#1626595343719904#-58.5#0.7915340865489908#9
0000 0019 2000 0000 0000 0000#1626595343721522#-52.5#4.184699589352029#9
0000 0016 2000 0000 0000 0000#1626595343722600#-59.5#3.80427235395639#9
0000 0010 2000 0000 0000 0000#1626595343723745#-51.5#3.9269908169872414#9
0000 000F 2000 0000 0000 0000#1626595343724807#-50.0#3.3011266555298997#9
0000 001A 2000 0000 0000 0000#1626595343725963#-52.5#4.896466674930966#9
0000 0015 2000 0000 0000 0000#1626595343727058#-62.0#3.9576704327449543#9
0000 0012 2000 0000 0000 0000#1626595343728622#-57.5#5.5714182216006485#9
0000 0011 2000 0000 0000 0000#1626595343731592#-53.5#4.368777283898306#9
0000 001C 2000 0000 0000 0000#1626595343732818#-56.5#1.0983302441261191#9
0000 0015 2000 0000 0000 0000#1626595343995558#-61.0#3.074097498922825#9
0000 0018 2000 0000 0000 0000#1626595343998181#-51.5#3.650874275167826#9
0000 001C 2000 0000 0000 0000#1626595343999255#-54.5#1.607611865704152#9
0000 0019 2000 0000 0000 0000#1626595344000559#-52.5#4.270602513473625#9
0000 000F 2000 0000 0000 0000#1626595344001665#-50.5#3.3440781175906977#9
0000 0012 2000 0000 0000 0000#1626595344002740#-57.5#5.798447378207723#9
0000 0013 2000 0000 0000 0000#1626595344003763#-55.0#1.5830681730979816#9
0000 0017 2000 0000 0000 0000#1626595344005330#-46.0#2.6445828783148455#9
0000 0010 2000 0000 0000 0000#1626595344006770#-50.5#3.902447124381071#9
0000 001A 2000 0000 0000 0000#1626595344008114#-54.0#5.092816215780329#9
0000 001B 2000 0000 0000 0000#1626595344009816#-56.0#0.7547185476397354#9
0000 0011 2000 0000 0000 0000#1626595344010907#-53.5#4.454680208019902#9
0000 0016 2000 0000 0000 0000#1626595344012042#-61.0#4.086524818927348#9
0000 001D 2000 0000 0000 0000#1626595344013118#-57.5#2.3193789512830896#9
0000 0014 2000 0000 0000 0000#1626595344014410#-57.0#1.6935147898257479#9
0000 0015 2000 0000 0000 0000#1626595344020417#-61.5#3.0372819600135696#9
0000 000F 2000 0000 0000 0000#1626595344021766#-50.0#3.3318062712876126#9
0000 0019 2000 0000 0000 0000#1626595344023283#-52.5#4.270602513473625#9
0000 0010 2000 0000 0000 0000#1626595344024356#-52.0#3.933126740138784#9
0000 0016 2000 0000 0000 0000#1626595344025419#-61.0#4.037437433715008#9
0000 001C 2000 0000 0000 0000#1626595344026479#-54.5#1.6260196351587797#9
0000 0017 2000 0000 0000 0000#1626595344028565#-46.5#2.6200391857086753#9
0000 0012 2000 0000 0000 0000#1626595344030343#-57.0#5.822991070813893#9
0000 0011 2000 0000 0000 0000#1626595344032399#-53.5#4.460816131171445#9
0000 0018 2000 0000 0000 0000#1626595344033701#-51.5#3.6754179677739964#9
0000 001B 2000 0000 0000 0000#1626595344035235#-56.0#0.705631162427395#9
0000 001D 2000 0000 0000 0000#1626595344036766#-57.5#2.36846633649543#9
0000 0013 2000 0000 0000 0000#1626595344038218#-55.0#1.564660403643354#9
0000 001A 2000 0000 0000 0000#1626595344040104#-54.0#5.086680292628786#9
0000 0014 2000 0000 0000 0000#1626595344042011#-57.0#1.705786636128833#9
0000 001A 2000 0000 0000 0000#1626595344306297#-55.0#4.767612288748572#9
0000 0018 2000 0000 0000 0000#1626595344307371#-52.0#3.160000423044421#9
0000 001D 2000 0000 0000 0000#1626595344308404#-57.0#2.1046216409791#9
0000 0016 2000 0000 0000 0000#1626595344309483#-62.0#3.3624858870453256#9
0000 0017 2000 0000 0000 0000#1626595344311014#-47.0#2.116893487282185#9
0000 0011 2000 0000 0000 0000#1626595344312316#-54.0#4.0558452031696355#9
0000 0012 2000 0000 0000 0000#1626595344321914#-57.0#5.730952223540755#9
0000 0014 2000 0000 0000 0000#1626595344322922#-57.5#1.4173982480063325#9
0000 000F 2000 0000 0000 0000#1626595344323971#-50.0#3.0066023442558567#9
0000 0013 2000 0000 0000 0000#1626595344328182#-55.0#1.1903690913992575#9
0000 0019 2000 0000 0000 0000#1626595344330499#-52.5#4.074252972624263#9
0000 0015 2000 0000 0000 0000#1626595344332487#-64.0#3.411573272257666#9
0000 0010 2000 0000 0000 0000#1626595344333867#-50.0#3.7122335066832517#9
0000 001C 2000 0000 0000 0000#1626595344335024#-54.0#1.239456476611598#9
0000 001B 2000 0000 0000 0000#1626595344338496#-55.5#0.5031456984264903#9
0000 000F 2000 0000 0000 0000#1626595344343616#-50.5#3.0495538063166547#9
0000 0017 2000 0000 0000 0000#1626595344346669#-47.0#2.3623304133438876#9
0000 0012 2000 0000 0000 0000#1626595344347744#-57.0#5.755495916146925#9
0000 001B 2000 0000 0000 0000#1626595344348879#-55.5#0.4970097752749477#9
0000 001A 2000 0000 0000 0000#1626595344350938#-54.0#4.945554060143307#9
0000 001C 2000 0000 0000 0000#1626595344352108#-54.0#1.2517283229146832#9
0000 0015 2000 0000 0000 0000#1626595344353361#-64.0#3.509748042682347#9
0000 001D 2000 0000 0000 0000#1626595344354407#-57.5#2.1659808724945253#9
0000 0016 2000 0000 0000 0000#1626595344355400#-62.0#3.693825737228624#9
0000 0014 2000 0000 0000 0000#1626595344356479#-57.5#1.4848934026733007#9
0000 0013 2000 0000 0000 0000#1626595344357518#-54.0#1.2210487071569704#9
0000 0019 2000 0000 0000 0000#1626595344359325#-52.5#4.086524818927348#9
0000 0011 2000 0000 0000 0000#1626595344361082#-53.5#4.276738436625168#9
0000 0010 2000 0000 0000 0000#1626595344363252#-51.5#3.730641276137879#9
0000 0018 2000 0000 0000 0000#1626595344365567#-51.0#3.448388811166921#9
0000 0018 2000 0000 0000 0000#1626595344628844#-52.0#2.8409324191642074#9
0000 0014 2000 0000 0000 0000#1626595344631645#-57.5#0.9387962421860124#9
0000 0010 2000 0000 0000 0000#1626595344633012#-51.0#3.1968159619536762#9
0000 0017 2000 0000 0000 0000#1626595344634077#-47.0#1.8714565612204823#9
0000 001B 2000 0000 0000 0000#1626595344635140#-55.5#0.1227184630308513#9
0000 0012 2000 0000 0000 0000#1626595344636173#-57.0#5.405748296509#9
0000 001C 2000 0000 0000 0000#1626595344637244#-54.0#0.8222137023067037#9
0000 0019 2000 0000 0000 0000#1626595344638308#-53.0#3.54042765844006#9
0000 0013 2000 0000 0000 0000#1626595344639331#-54.5#0.7976700097005334#9
0000 0011 2000 0000 0000 0000#1626595344640363#-54.5#3.761320891895592#9
0000 000F 2000 0000 0000 0000#1626595344641424#-50.5#2.5034566458293663#9
0000 0016 2000 0000 0000 0000#1626595344642546#-63.5#2.84706834231575#9
0000 0015 2000 0000 0000 0000#1626595344644724#-63.5#2.8409324191642074#9
0000 001D 2000 0000 0000 0000#1626595344647031#-57.0#1.6935147898257479#9
0000 001A 2000 0000 0000 0000#1626595344648120#-55.0#4.534447208989955#9
0000 000F 2000 0000 0000 0000#1626595344654007#-51.0#2.552544031041707#9
0000 0013 2000 0000 0000 0000#1626595344655586#-54.5#0.7915340865489908#9
0000 0012 2000 0000 0000 0000#1626595344656917#-57.5#5.418020142812084#9
0000 0019 2000 0000 0000 0000#1626595344658489#-53.5#3.56497135104623#9
0000 0016 2000 0000 0000 0000#1626595344660037#-63.5#2.742757648739526#9
0000 0017 2000 0000 0000 0000#1626595344661127#-47.0#1.8837284075235674#9
0000 0014 2000 0000 0000 0000#1626595344663361#-57.0#0.9203884727313847#9
0000 0010 2000 0000 0000 0000#1626595344665388#-52.5#3.1661363461959633#9
0000 001B 2000 0000 0000 0000#1626595344666423#-55.5#0.1349903093339364#9
0000 0011 2000 0000 0000 0000#1626595344668768#-54.5#3.749049045592507#9
0000 0015 2000 0000 0000 0000#1626595344670091#-63.5#2.804116880254952#9
0000 001C 2000 0000 0000 0000#1626595344671260#-54.0#0.803805932852076#9
0000 001A 2000 0000 0000 0000#1626595344672532#-55.0#4.522175362686871#9
0000 001D 2000 0000 0000 0000#1626595344675430#-57.0#1.6935147898257479#9
0000 0018 2000 0000 0000 0000#1626595344677132#-52.0#2.890019804376548#9
0000 0015 2000 0000 0000 0000#1626595344952244#-65.0#3.9944859716542096#9
0000 0010 2000 0000 0000 0000#1626595344953829#-50.5#4.123340357836604#9
0000 0018 2000 0000 0000 0000#1626595344955088#-50.5#3.8717675086233583#9
0000 0011 2000 0000 0000 0000#1626595344956231#-51.0#4.638757902566179#9
0000 0012 2000 0000 0000 0000#1626595344958743#-56.5#6.117515382087937#9
0000 0014 2000 0000 0000 0000#1626595344959809#-56.0#1.9389517158874505#9
0000 0017 2000 0000 0000 0000#1626595344960927#-45.5#2.8777479580734626#9
0000 001D 2000 0000 0000 0000#1626595344962046#-56.5#2.5832236467994196#9
0000 0019 2000 0000 0000 0000#1626595344963805#-52.0#4.430136515413731#9
0000 001B 2000 0000 0000 0000#1626595344965138#-55.0#0.9510680884890975#9
0000 0013 2000 0000 0000 0000#1626595344966458#-54.0#1.7119225592803755#9
0000 000F 2000 0000 0000 0000#1626595344969575#-49.0#3.5281558121369745#9
0000 001C 2000 0000 0000 0000#1626595344971500#-52.5#1.902136176978195#9
0000 001A 2000 0000 0000 0000#1626595344973158#-54.0#5.350524988145116#9
0000 0016 2000 0000 0000 0000#1626595344974478#-62.5#4.1601558967458585#9
0000 0013 2000 0000 0000 0000#1626595344979803#-54.0#1.6935147898257479#9
0000 000F 2000 0000 0000 0000#1626595344981635#-49.0#3.5465635815916023#9
0000 001B 2000 0000 0000 0000#1626595344983327#-55.0#0.9510680884890975#9
0000 001A 2000 0000 0000 0000#1626595344984769#-52.5#5.368932757599744#9
0000 0010 2000 0000 0000 0000#1626595344985827#-50.5#4.1601558967458585#9
0000 0018 2000 0000 0000 0000#1626595344987399#-51.0#3.902447124381071#9
0000 0015 2000 0000 0000 0000#1626595344988721#-65.0#4.000621894805752#9
0000 001C 2000 0000 0000 0000#1626595344990022#-52.5#1.9082721001297376#9
0000 0011 2000 0000 0000 0000#1626595344991067#-53.0#4.651029748869264#9
0000 0019 2000 0000 0000 0000#1626595344992412#-51.5#4.479223900626073#9
0000 0017 2000 0000 0000 0000#1626595344993432#-46.0#2.9145634969827183#9
0000 0014 2000 0000 0000 0000#1626595344996932#-56.0#1.9941750242513334#9
0000 0012 2000 0000 0000 0000#1626595344999448#-56.5#6.160466844148735#9
0000 001D 2000 0000 0000 0000#1626595345000480#-56.5#2.552544031041707#9
0000 0016 2000 0000 0000 0000#1626595345001659#-62.5#4.135612204139688#9
0000 0018 2000 0000 0000 0000#1626595345264048#-52.0#3.859495662320273#9
0000 0011 2000 0000 0000 0000#1626595345265191#-52.0#4.663301595172349#9
0000 001A 2000 0000 0000 0000#1626595345266771#-52.5#5.368932757599744#9
0000 0016 2000 0000 0000 0000#1626595345268082#-65.0#3.9392626632903265#9
0000 000F 2000 0000 0000 0000#1626595345269187#-51.0#3.5036121195308043#9
0000 0010 2000 0000 0000 0000#1626595345270730#-51.5#4.1417481272912315#9
0000 0015 2000 0000 0000 0000#1626595345271836#-64.5#3.6692820446224537#9
0000 0019 2000 0000 0000 0000#1626595345273156#-52.5#4.479223900626073#9
0000 0017 2000 0000 0000 0000#1626595345275200#-48.5#2.9084275738311756#9
0000 001D 2000 0000 0000 0000#1626595345280311#-57.5#2.442097414313941#9
0000 0012 2000 0000 0000 0000#1626595345282508#-57.0#6.092971689481767#9
0000 001B 2000 0000 0000 0000#1626595345283729#-55.0#0.8835729338221293#9
0000 0014 2000 0000 0000 0000#1626595345284794#-57.0#1.7978254834019713#9
0000 001C 2000 0000 0000 0000#1626595345288799#-54.0#1.6566992509164924#9
0000 0013 2000 0000 0000 0000#1626595345289879#-54.0#1.6260196351587797#9
0000 0010 2000 0000 0000 0000#1626595345295203#-50.0#4.166291819897402#9
0000 0011 2000 0000 0000 0000#1626595345296279#-53.5#4.669437518323892#9
0000 0012 2000 0000 0000 0000#1626595345298892#-57.0#6.14819499784565#9
0000 001D 2000 0000 0000 0000#1626595345299980#-57.0#2.4175537217077703#9
0000 0015 2000 0000 0000 0000#1626595345301060#-64.5#3.724505352986337#9
0000 0017 2000 0000 0000 0000#1626595345302163#-48.5#2.890019804376548#9
0000 0018 2000 0000 0000 0000#1626595345303209#-52.0#3.902447124381071#9
0000 000F 2000 0000 0000 0000#1626595345305227#-51.0#3.5281558121369745#9
0000 001C 2000 0000 0000 0000#1626595345306353#-53.5#1.6812429435226628#9
0000 0014 2000 0000 0000 0000#1626595345307935#-56.5#1.8285050991596843#9
0000 0013 2000 0000 0000 0000#1626595345309271#-54.0#1.662835174068035#9
0000 001B 2000 0000 0000 0000#1626595345310663#-54.5#0.9387962421860124#9
0000 0016 2000 0000 0000 0000#1626595345312381#-65.5#3.890175278077986#9
0000 0019 2000 0000 0000 0000#1626595345313400#-52.5#4.479223900626073#9
0000 001A 2000 0000 0000 0000#1626595345315060#-54.0#5.332117218690489#9
0000 0016 2000 0000 0000 0000#1626595345578051#-65.0#4.129476280988146#9
0000 0017 2000 0000 0000 0000#1626595345579683#-47.0#2.748893571891069#9
0000 0018 2000 0000 0000 0000#1626595345580718#-51.0#3.773592738198677#9
0000 0015 2000 0000 0000 0000#1626595345582312#-64.5#3.4913402732277192#9
0000 001D 2000 0000 0000 0000#1626595345584823#-57.0#2.1782527187976104#9
0000 001B 2000 0000 0000 0000#1626595345585856#-54.5#0.944932165337555#9
0000 0010 2000 0000 0000 0000#1626595345587792#-51.0#4.000621894805752#9
0000 0011 2000 0000 0000 0000#1626595345588822#-53.0#4.577398671050753#9
0000 0019 2000 0000 0000 0000#1626595345589901#-52.0#4.3503695144436785#9
0000 000F 2000 0000 0000 0000#1626595345591163#-50.0#3.399301425954581#9
0000 001A 2000 0000 0000 0000#1626595345592196#-54.0#5.301437602932776#9
0000 0013 2000 0000 0000 0000#1626595345593222#-53.5#1.6137477888556946#9
0000 0014 2000 0000 0000 0000#1626595345594318#-56.0#1.662835174068035#9
0000 0012 2000 0000 0000 0000#1626595345595434#-56.5#6.178874613603362#9
0000 001C 2000 0000 0000 0000#1626595345596518#-53.5#1.6137477888556946#9
0000 0010 2000 0000 0000 0000#1626595345602313#-51.0#4.0128937411088375#9
0000 001A 2000 0000 0000 0000#1626595345603429#-54.0#5.307573526084319#9
0000 001C 2000 0000 0000 0000#1626595345605012#-53.0#1.6382914814618648#9
0000 0014 2000 0000 0000 0000#1626595345608222#-56.0#1.6751070203711202#9
0000 0015 2000 0000 0000 0000#1626595345609289#-64.5#3.6079228131070282#9
0000 0018 2000 0000 0000 0000#1626595345610362#-51.0#3.749049045592507#9
0000 001D 2000 0000 0000 0000#1626595345611672#-57.0#2.227340104009951#9
0000 0019 2000 0000 0000 0000#1626595345613175#-52.0#4.3503695144436785#9
0000 0016 2000 0000 0000 0000#1626595345614754#-64.0#4.049709280018092#9
0000 0013 2000 0000 0000 0000#1626595345615849#-53.0#1.6198837120072371#9
0000 0017 2000 0000 0000 0000#1626595345617346#-46.5#2.730485802436441#9
0000 001B 2000 0000 0000 0000#1626595345618424#-54.5#0.9387962421860124#9
0000 0012 2000 0000 0000 0000#1626595345620240#-57.0#6.160466844148735#9
0000 000F 2000 0000 0000 0000#1626595345621530#-50.0#3.4054373491061236#9
0000 0011 2000 0000 0000 0000#1626595345622771#-51.5#4.589670517353839#9
0000 001A 2000 0000 0000 0000#1626595345887242#-53.5#4.957825906446392#9
0000 001C 2000 0000 0000 0000#1626595345888867#-52.0#1.0799224746714913#9
0000 001B 2000 0000 0000 0000#1626595345889962#-53.0#0.4049709280018093#9
0000 0018 2000 0000 0000 0000#1626595345891020#-52.5#3.160000423044421#9
0000 0016 2000 0000 0000 0000#1626595345892047#-65.5#3.2704470397721868#9
0000 000F 2000 0000 0000 0000#1626595345893121#-51.0#2.748893571891069#9
0000 0019 2000 0000 0000 0000#1626595345894213#-53.0#3.890175278077986#9
0000 0010 2000 0000 0000 0000#1626595345895741#-51.5#3.497476196379262#9
0000 0011 2000 0000 0000 0000#1626595345896885#-52.0#4.1601558967458585#9
0000 001D 2000 0000 0000 0000#1626595345898458#-57.0#1.662835174068035#9
0000 0017 2000 0000 0000 0000#1626595345899563#-48.0#2.0923497946760143#9
0000 0012 2000 0000 0000 0000#1626595345900638#-55.5#5.724816300389213#9
0000 0014 2000 0000 0000 0000#1626595345904367#-55.5#1.1719613219446299#9
0000 0013 2000 0000 0000 0000#1626595345905432#-52.0#1.0369710126106935#9
0000 0016 2000 0000 0000 0000#1626595345909447#-65.0#3.2643111166206444#9
0000 0019 2000 0000 0000 0000#1626595345911251#-53.5#3.8840393549264434#9
0000 0010 2000 0000 0000 0000#1626595345913417#-50.0#3.485204350076177#9
0000 001C 2000 0000 0000 0000#1626595345914969#-52.0#1.086058397823034#9
0000 0017 2000 0000 0000 0000#1626595345916323#-47.5#2.0923497946760143#9
0000 0018 2000 0000 0000 0000#1626595345918212#-51.0#3.141592653589793#9
0000 001D 2000 0000 0000 0000#1626595345919287#-57.0#1.6566992509164924#9
0000 001A 2000 0000 0000 0000#1626595345920632#-53.5#4.97623367590102#9
0000 000F 2000 0000 0000 0000#1626595345921680#-51.0#2.742757648739526#9
0000 0011 2000 0000 0000 0000#1626595345923167#-52.5#4.135612204139688#9
0000 0012 2000 0000 0000 0000#1626595345924564#-53.5#5.749359992995383#9
0000 001B 2000 0000 0000 0000#1626595345925644#-53.0#0.4049709280018093#9
0000 0014 2000 0000 0000 0000#1626595345926979#-55.5#1.1228739367322893#9
0000 0013 2000 0000 0000 0000#1626595345928317#-51.5#1.0246991663076084#9
0000 000F 2000 0000 0000 0000#1626595346193313#-47.5#3.877903431774901#9
0000 001A 2000 0000 0000 0000#1626595346194401#-53.0#5.516194913236766#9
0000 0013 2000 0000 0000 0000#1626595346196207#-55.5#1.8285050991596843#9
0000 001B 2000 0000 0000 0000#1626595346197328#-55.0#1.1474176293384597#9
0000 0014 2000 0000 0000 0000#1626595346200769#-56.5#2.356194490192345#9
0000 0012 2000 0000 0000 0000#1626595346202328#-56.5#6.2463697682703305#9
0000 0010 2000 0000 0000 0000#1626595346203980#-46.0#4.424000592262189#9
0000 0017 2000 0000 0000 0000#1626595346205070#-44.5#3.368621810196868#9
0000 001D 2000 0000 0000 0000#1626595346207750#-56.5#2.705942109830271#9
0000 0016 2000 0000 0000 0000#1626595346208814#-61.0#4.577398671050753#9
0000 0015 2000 0000 0000 0000#1626595346209851#-64.0#3.5281558121369745#9
0000 0018 2000 0000 0000 0000#1626595346210992#-46.0#4.215379205109742#9
0000 0011 2000 0000 0000 0000#1626595346212382#-50.0#4.847379289718626#9
0000 001C 2000 0000 0000 0000#1626595346214174#-54.5#2.2457478734645786#9
0000 0019 2000 0000 0000 0000#1626595346216846#-49.5#4.718524903536232#9
0000 0019 2000 0000 0000 0000#1626595346223446#-49.5#4.73693267299086#9
0000 0015 2000 0000 0000 0000#1626595346224539#-62.5#3.3318062712876126#9
0000 0012 2000 0000 0000 0000#1626595346225843#-56.0#6.160466844148735#9
0000 0017 2000 0000 0000 0000#1626595346226931#-43.5#3.454524734318464#9
0000 0018 2000 0000 0000 0000#1626595346228734#-47.0#4.3074180523828804#9
0000 0011 2000 0000 0000 0000#1626595346229819#-49.5#4.871922982324796#9
0000 0016 2000 0000 0000 0000#1626595346231113#-61.0#4.681709364626977#9
0000 001A 2000 0000 0000 0000#1626595346232170#-52.0#5.4671075280244255#9
0000 0013 2000 0000 0000 0000#1626595346233237#-56.5#1.7303303287350031#9
0000 000F 2000 0000 0000 0000#1626595346234485#-46.5#4.086524818927348#9
0000 001D 2000 0000 0000 0000#1626595346235646#-56.0#2.9206994201342606#9
0000 0014 2000 0000 0000 0000#1626595346236740#-56.0#2.6200391857086753#9
0000 001B 2000 0000 0000 0000#1626595346238315#-56.0#1.0246991663076084#9
0000 001C 2000 0000 0000 0000#1626595346239426#-54.5#2.411417798556228#9
0000 0010 2000 0000 0000 0000#1626595346240756#-47.0#4.522175362686871#9
0000 0014 2000 0000 0000 0000#1626595346506734#-50.0#2.3930100291016#9
0000 0018 2000 0000 0000 0000#1626595346508347#-46.5#3.8410878928656453#9
0000 0017 2000 0000 0000 0000#1626595346510620#-42.5#2.7979809571034093#9
0000 0013 2000 0000 0000 0000#1626595346511901#-50.5#1.41126232485479#9
0000 0019 2000 0000 0000 0000#1626595346512946#-46.5#4.620350133111551#9
0000 000F 2000 0000 0000 0000#1626595346513970#-45.5#3.436116964863836#9
0000 0015 2000 0000 0000 0000#1626595346516016#-53.0#3.1231848841351653#9
0000 0012 2000 0000 0000 0000#1626595346517218#-50.5#0.03681553890925539#9
0000 001A 2000 0000 0000 0000#1626595346519837#-47.5#5.663457068873787#9
0000 001D 2000 0000 0000 0000#1626595346520941#-49.5#2.7857091108003242#9
0000 0011 2000 0000 0000 0000#1626595346523379#-47.0#4.890330751779424#9
0000 0016 2000 0000 0000 0000#1626595346524429#-60.0#4.135612204139688#9
0000 0010 2000 0000 0000 0000#1626595346525531#-46.0#4.178563666200486#9
0000 001C 2000 0000 0000 0000#1626595346526972#-48.5#2.024854640009046#9
0000 001B 2000 0000 0000 0000#1626595346528035#-49.5#0.9694758579437253#9
0000 0019 2000 0000 0000 0000#1626595346531890#-46.5#4.657165672020807#9
0000 0013 2000 0000 0000 0000#1626595346534724#-50.5#1.4358060174609601#9
0000 0012 2000 0000 0000 0000#1626595346535758#-50.0#0.11044661672776616#9
0000 0017 2000 0000 0000 0000#1626595346536849#-42.5#2.791845033951867#9
0000 001A 2000 0000 0000 0000#1626595346538094#-47.5#5.712544454086128#9
0000 001D 2000 0000 0000 0000#1626595346539415#-49.5#2.8102528034064944#9
0000 0018 2000 0000 0000 0000#1626595346540475#-47.0#3.822680123411018#9
0000 001C 2000 0000 0000 0000#1626595346541532#-48.5#2.030990563160589#9
0000 0014 2000 0000 0000 0000#1626595346542826#-50.0#2.405281875404685#9
0000 0015 2000 0000 0000 0000#1626595346544488#-53.5#3.147728576741336#9
0000 001B 2000 0000 0000 0000#1626595346545551#-49.5#0.9817477042468103#9
0000 0016 2000 0000 0000 0000#1626595346546643#-60.0#4.04357335686655#9
0000 0010 2000 0000 0000 0000#1626595346547702#-46.0#4.166291819897402#9
0000 0011 2000 0000 0000 0000#1626595346549245#-47.5#4.908738521234052#9
0000 000F 2000 0000 0000 0000#1626595346550337#-45.5#3.380893656499953#9
0000 0019 2000 0000 0000 0000#1626595346817036#-47.0#4.448544284868359#9
0000 000F 2000 0000 0000 0000#1626595346818810#-46.5#3.160000423044421#9
0000 001B 2000 0000 0000 0000#1626595346821292#-50.5#0.8651651643675016#9
0000 0012 2000 0000 0000 0000#1626595346822367#-51.5#6.22182607566416#9
0000 001A 2000 0000 0000 0000#1626595346823952#-48.5#5.5100589900852235#9
0000 001D 2000 0000 0000 0000#1626595346825255#-49.5#2.705942109830271#9
0000 0016 2000 0000 0000 0000#1626595346826346#-61.0#3.890175278077986#9
0000 0018 2000 0000 0000 0000#1626595346827691#-47.5#3.5833791205008576#9
0000 0011 2000 0000 0000 0000#1626595346830071#-47.0#4.681709364626977#9
0000 0014 2000 0000 0000 0000#1626595346832100#-51.0#2.3439226438892597#9
0000 0010 2000 0000 0000 0000#1626595346833146#-47.5#3.9515345095934116#9
0000 0017 2000 0000 0000 0000#1626595346834956#-43.5#2.5464081078901644#9
0000 001C 2000 0000 0000 0000#1626595346836583#-48.5#1.9573594853420782#9
0000 0013 2000 0000 0000 0000#1626595346838262#-51.5#1.3192234775816514#9
0000 0015 2000 0000 0000 0000#1626595346839425#-53.0#3.098641191528995#9
0000 0017 2000 0000 0000 0000#1626595346843252#-43.0#2.521864415283994#9
0000 0013 2000 0000 0000 0000#1626595346845858#-51.0#1.2946797849754812#9
0000 000F 2000 0000 0000 0000#1626595346847804#-47.0#3.147728576741336#9
0000 001A 2000 0000 0000 0000#1626595346849192#-47.5#5.50392306693368#9
0000 0010 2000 0000 0000 0000#1626595346850753#-47.5#3.9453985864418692#9
0000 0014 2000 0000 0000 0000#1626595346851861#-51.0#2.350058567040802#9
0000 0011 2000 0000 0000 0000#1626595346853134#-47.0#4.681709364626977#9
0000 0019 2000 0000 0000 0000#1626595346854209#-47.5#4.4362724385652745#9
0000 0018 2000 0000 0000 0000#1626595346856052#-45.5#3.5833791205008576#9
0000 001D 2000 0000 0000 0000#1626595346858452#-49.5#2.736621725587984#9
0000 0012 2000 0000 0000 0000#1626595346859936#-50.0#6.1850105367549055#9
0000 001C 2000 0000 0000 0000#1626595346861008#-48.5#1.9696313316451632#9
0000 001B 2000 0000 0000 0000#1626595346862201#-50.5#0.8713010875190442#9
0000 0015 2000 0000 0000 0000#1626595346863436#-53.0#3.104777114680538#9
0000 0016 2000 0000 0000 0000#1626595346864613#-60.5#3.859495662320273#9
0000 0013 2000 0000 0000 0000#1626595347128845#-52.0#0.7547185476397354#9
0000 000F 2000 0000 0000 0000#1626595347130136#-47.5#2.5034566458293663#9
0000 0014 2000 0000 0000 0000#1626595347131718#-50.5#1.7426021750380885#9
0000 001D 2000 0000 0000 0000#1626595347133548#-49.5#2.098485717827557#9
0000 0017 2000 0000 0000 0000#1626595347134611#-43.5#1.9144080232812801#9
0000 001B 2000 0000 0000 0000#1626595347138289#-50.0#0.25770877236478773#9
0000 0016 2000 0000 0000 0000#1626595347139581#-61.0#3.160000423044421#9
0000 0018 2000 0000 0000 0000#1626595347140699#-48.0#2.9820586516496865#9
0000 001A 2000 0000 0000 0000#1626595347141787#-48.0#4.9823695990525625#9
0000 0019 2000 0000 0000 0000#1626595347144232#-48.5#3.9208548938356986#9
0000 001C 2000 0000 0000 0000#1626595347145530#-49.0#1.3314953238847365#9
0000 0015 2000 0000 0000 0000#1626595347146579#-53.0#2.442097414313941#9
0000 0011 2000 0000 0000 0000#1626595347147682#-48.5#4.184699589352029#9
0000 0010 2000 0000 0000 0000#1626595347149023#-46.0#3.3747577333484107#9
0000 0012 2000 0000 0000 0000#1626595347151253#-51.0#5.66959299202533#9
0000 000F 2000 0000 0000 0000#1626595347157076#-47.5#2.521864415283994#9
0000 0019 2000 0000 0000 0000#1626595347158424#-48.5#3.8963112012295285#9
0000 001B 2000 0000 0000 0000#1626595347159472#-50.0#0.25770877236478773#9
0000 0016 2000 0000 0000 0000#1626595347160566#-61.5#3.1354567304382504#9
0000 0013 2000 0000 0000 0000#1626595347161646#-51.5#0.7424467013366504#9
0000 001D 2000 0000 0000 0000#1626595347163154#-49.5#2.1046216409791#9
0000 0012 2000 0000 0000 0000#1626595347166122#-51.0#5.651185222570702#9
0000 0017 2000 0000 0000 0000#1626595347167170#-43.5#1.9082721001297376#9
0000 0010 2000 0000 0000 0000#1626595347169696#-47.5#3.368621810196868#9
0000 0015 2000 0000 0000 0000#1626595347171244#-53.0#2.448233337465483#9
0000 001A 2000 0000 0000 0000#1626595347173628#-48.0#4.957825906446392#9
0000 001C 2000 0000 0000 0000#1626595347175582#-49.0#1.3621749396424494#9
0000 0018 2000 0000 0000 0000#1626595347176616#-48.5#2.9697868053466014#9
0000 0014 2000 0000 0000 0000#1626595347177880#-50.5#1.7241944055834606#9
0000 0011 2000 0000 0000 0000#1626595347178923#-48.5#4.178563666200486#9
0000 0014 2000 0000 0000 0000#1626595347448719#-50.5#2.6384469551633027#9
0000 0019 2000 0000 0000 0000#1626595347450050#-47.0#4.743068596142402#9
0000 000F 2000 0000 0000 0000#1626595347451114#-45.0#3.5281558121369745#9
0000 001D 2000 0000 0000 0000#1626595347452204#-50.5#3.098641191528995#9
0000 001C 2000 0000 0000 0000#1626595347453288#-49.0#2.3071071049800045#9
0000 0012 2000 0000 0000 0000#1626595347454335#-50.5#0.25770877236478773#9
0000 0013 2000 0000 0000 0000#1626595347456412#-51.0#1.6505633277649499#9
0000 0017 2000 0000 0000 0000#1626595347457746#-42.0#2.9206994201342606#9
0000 0011 2000 0000 0000 0000#1626595347458792#-47.0#4.994641445355648#9
0000 0018 2000 0000 0000 0000#1626595347461788#-46.5#3.9269908169872414#9
0000 001A 2000 0000 0000 0000#1626595347463332#-48.0#5.786175531904639#9
0000 0010 2000 0000 0000 0000#1626595347465502#-46.0#4.28287435977671#9
0000 0015 2000 0000 0000 0000#1626595347467150#-53.0#3.472932503773092#9
0000 001B 2000 0000 0000 0000#1626595347468198#-50.0#1.184233168247715#9
0000 0016 2000 0000 0000 0000#1626595347473249#-59.5#4.23378697456437#9
0000 0018 2000 0000 0000 0000#1626595347478538#-46.5#3.9638063558964967#9
0000 001B 2000 0000 0000 0000#1626595347479589#-50.0#1.1596894756415448#9
0000 0014 2000 0000 0000 0000#1626595347480656#-50.5#2.650718801466388#9
0000 000F 2000 0000 0000 0000#1626595347482203#-45.0#3.5158839658338894#9
0000 001A 2000 0000 0000 0000#1626595347483570#-46.0#5.798447378207723#9
0000 0011 2000 0000 0000 0000#1626595347484616#-47.0#5.013049214810275#9
0000 0019 2000 0000 0000 0000#1626595347487357#-46.5#4.755340442445488#9
0000 0013 2000 0000 0000 0000#1626595347488428#-51.5#1.6382914814618648#9
0000 0017 2000 0000 0000 0000#1626595347489547#-42.5#2.9206994201342606#9
0000 0010 2000 0000 0000 0000#1626595347490860#-46.0#4.270602513473625#9
0000 001D 2000 0000 0000 0000#1626595347492421#-50.5#3.117048960983623#9
0000 0012 2000 0000 0000 0000#1626595347493495#-50.5#0.23316507975861744#9
0000 001C 2000 0000 0000 0000#1626595347495294#-49.0#2.350058567040802#9
0000 0015 2000 0000 0000 0000#1626595347498252#-52.5#3.454524734318464#9
0000 0016 2000 0000 0000 0000#1626595347500159#-59.5#4.252194744018997#9
0000 000F 2000 0000 0000 0000#1626595347764172#-46.0#3.3011266555298997#9
0000 0010 2000 0000 0000 0000#1626595347765232#-46.5#4.09266074207889#9
0000 001D 2000 0000 0000 0000#1626595347766550#-50.0#2.890019804376548#9
0000 0019 2000 0000 0000 0000#1626595347769802#-47.0#4.552854978444583#9
0000 0016 2000 0000 0000 0000#1626595347771981#-60.0#4.01902966426038#9
0000 001B 2000 0000 0000 0000#1626595347773071#-50.0#0.9940195505498954#9
0000 0017 2000 0000 0000 0000#1626595347774394#-42.5#2.705942109830271#9
0000 001C 2000 0000 0000 0000#1626595347775950#-49.0#2.061670178918302#9
0000 0015 2000 0000 0000 0000#1626595347777996#-53.0#3.215223731408304#9
0000 0018 2000 0000 0000 0000#1626595347779044#-47.0#3.7122335066832517#9
0000 0011 2000 0000 0000 0000#1626595347780983#-47.5#4.8351074434155406#9
0000 0013 2000 0000 0000 0000#1626595347782166#-51.5#1.4603497100671303#9
0000 0012 2000 0000 0000 0000#1626595347783241#-51.0#0.0674951546669682#9
0000 001A 2000 0000 0000 0000#1626595347786102#-48.0#5.6573211457222445#9
0000 0014 2000 0000 0000 0000#1626595347787737#-51.0#2.466641106920111#9
0000 0014 2000 0000 0000 0000#1626595347793573#-51.0#2.466641106920111#9
0000 001B 2000 0000 0000 0000#1626595347794983#-50.0#0.9878836273983529#9
0000 0019 2000 0000 0000 0000#1626595347796047#-46.5#4.589670517353839#9
0000 0011 2000 0000 0000 0000#1626595347805874#-46.5#4.491495746929157#9
0000 0015 2000 0000 0000 0000#1626595347807395#-52.5#2.7979809571034093#9
0000 0018 2000 0000 0000 0000#1626595347808808#-45.5#3.3440781175906977#9
0000 0013 2000 0000 0000 0000#1626595347810057#-51.5#1.0921943209745766#9
0000 001A 2000 0000 0000 0000#1626595347811968#-46.5#5.264622064023521#9
0000 0017 2000 0000 0000 0000#1626595347813060#-43.5#2.325514874434632#9
0000 001C 2000 0000 0000 0000#1626595347814318#-49.0#1.6996507129772904#9
0000 0016 2000 0000 0000 0000#1626595347816023#-60.5#3.5465635815916023#9
0000 0012 2000 0000 0000 0000#1626595347819368#-49.0#5.9518454569962875#9
0000 001D 2000 0000 0000 0000#1626595347820429#-50.0#2.4727770300716534#9
0000 000F 2000 0000 0000 0000#1626595347821928#-46.5#2.890019804376548#9
0000 0010 2000 0000 0000 0000#1626595347823017#-47.0#3.7122335066832517#9
0000 0018 2000 0000 0000 0000#1626595348089004#-45.5#3.5465635815916023#9
0000 0012 2000 0000 0000 0000#1626595348090035#-51.0#6.160466844148735#9
0000 0013 2000 0000 0000 0000#1626595348092087#-51.0#1.2578642460662257#9
0000 001D 2000 0000 0000 0000#1626595348093107#-49.5#2.6691265709210157#9
0000 0016 2000 0000 0000 0000#1626595348094158#-60.5#3.749049045592507#9
0000 0015 2000 0000 0000 0000#1626595348095221#-53.0#3.018874190558942#9
0000 0011 2000 0000 0000 0000#1626595348096545#-48.5#4.700117134081604#9
0000 0019 2000 0000 0000 0000#1626595348097619#-47.5#4.411728745959104#9
0000 000F 2000 0000 0000 0000#1626595348098640#-47.0#3.1231848841351653#9
0000 0017 2000 0000 0000 0000#1626595348099660#-43.0#2.5157284921324514#9
0000 001B 2000 0000 0000 0000#1626595348100813#-50.5#0.8222137023067037#9
0000 0014 2000 0000 0000 0000#1626595348101865#-51.0#2.2641556429192065#9
0000 0010 2000 0000 0000 0000#1626595348102880#-47.5#3.9515345095934116#9
0000 001A 2000 0000 0000 0000#1626595348104382#-48.5#5.497787143782138#9
0000 001C 2000 0000 0000 0000#1626595348105708#-48.5#1.902136176978195#9
0000 001B 2000 0000 0000 0000#1626595348113652#-50.5#0.8344855486097889#9
0000 0015 2000 0000 0000 0000#1626595348115472#-53.0#3.018874190558942#9
0000 000F 2000 0000 0000 0000#1626595348116777#-47.0#3.117048960983623#9
0000 0011 2000 0000 0000 0000#1626595348118066#-48.5#4.724660826687775#9
0000 0018 2000 0000 0000 0000#1626595348120693#-47.0#3.56497135104623#9
0000 0017 2000 0000 0000 0000#1626595348121713#-43.0#2.5034566458293663#9
0000 001A 2000 0000 0000 0000#1626595348123027#-48.5#5.497787143782138#9
0000 0014 2000 0000 0000 0000#1626595348124094#-51.0#2.282563412373834#9
0000 0019 2000 0000 0000 0000#1626595348125158#-47.0#4.466952054322987#9
0000 0013 2000 0000 0000 0000#1626595348126914#-51.0#1.3192234775816514#9
0000 0016 2000 0000 0000 0000#1626595348129208#-60.0#3.9147189706841563#9
0000 001C 2000 0000 0000 0000#1626595348130363#-49.0#1.932815792735908#9
0000 001D 2000 0000 0000 0000#1626595348132265#-49.5#2.705942109830271#9
0000 0012 2000 0000 0000 0000#1626595348133526#-51.0#6.2463697682703305#9
0000 0010 2000 0000 0000 0000#1626595348134584#-47.0#3.9453985864418692#9
0000 0012 2000 0000 0000 0000#1626595348400288#-48.0#0.7301748550335652#9
0000 001D 2000 0000 0000 0000#1626595348402461#-47.0#2.773437264497239#9
0000 0014 2000 0000 0000 0000#1626595348404010#-48.0#2.411417798556228#9
0000 001B 2000 0000 0000 0000#1626595348405089#-46.0#1.2701360923693108#9
0000 000F 2000 0000 0000 0000#1626595348406164#-44.5#2.773437264497239#9
0000 0017 2000 0000 0000 0000#1626595348415751#-39.0#2.172116795646068#9
0000 0016 2000 0000 0000 0000#1626595348416814#-46.5#2.7550294950426117#9
0000 0018 2000 0000 0000 0000#1626595348417871#-46.5#3.736777199289422#9
0000 0015 2000 0000 0000 0000#1626595348419162#-50.5#3.368621810196868#9
0000 0013 2000 0000 0000 0000#1626595348420229#-46.5#1.8960002538266525#9
0000 001C 2000 0000 0000 0000#1626595348422796#-46.0#2.3623304133438876#9
0000 0010 2000 0000 0000 0000#1626595348423868#-48.5#4.448544284868359#9
0000 0019 2000 0000 0000 0000#1626595348424913#-49.5#5.405748296509#9
0000 0011 2000 0000 0000 0000#1626595348426618#-49.0#5.921165841238575#9
0000 001A 2000 0000 0000 0000#1626595348430170#-46.5#0.4295146206079795#9
0000 001D 2000 0000 0000 0000#1626595348434567#-47.5#3.1354567304382504#9
0000 0015 2000 0000 0000 0000#1626595348435715#-50.0#3.442252888015379#9
0000 000F 2000 0000 0000 0000#1626595348436780#-45.0#3.031146036862027#9
0000 001A 2000 0000 0000 0000#1626595348438885#-46.0#0.4908738521234052#9
0000 0017 2000 0000 0000 0000#1626595348439964#-39.0#2.2334760271614935#9
0000 0011 2000 0000 0000 0000#1626595348441024#-49.0#5.964117303299373#9
0000 0016 2000 0000 0000 0000#1626595348442799#-46.0#2.742757648739526#9
0000 0012 2000 0000 0000 0000#1626595348444089#-46.5#1.0799224746714913#9
0000 0018 2000 0000 0000 0000#1626595348446062#-48.5#3.865631585471816#9
0000 0019 2000 0000 0000 0000#1626595348447296#-49.5#5.5284667595398505#9
0000 001B 2000 0000 0000 0000#1626595348448417#-45.5#1.6137477888556946#9
0000 0014 2000 0000 0000 0000#1626595348449470#-47.0#2.761165418194154#9
0000 001C 2000 0000 0000 0000#1626595348450513#-45.0#2.423689644859313#9
0000 0013 2000 0000 0000 0000#1626595348453143#-46.5#1.9880391010997909#9
0000 0010 2000 0000 0000 0000#1626595348454215#-49.0#4.601942363656923#9
0000 001B 2000 0000 0000 0000#1626595348717725#-43.0#3.172272269347506#9
0000 0015 2000 0000 0000 0000#1626595348718834#-48.0#4.847379289718626#9
0000 0011 2000 0000 0000 0000#1626595348719908#-45.5#1.7978254834019713#9
0000 0012 2000 0000 0000 0000#1626595348721725#-43.0#2.7550294950426117#9
0000 0016 2000 0000 0000 0000#1626595348724663#-41.0#4.147884050442774#9
0000 0018 2000 0000 0000 0000#1626595348725723#-47.5#5.841398840268521#9
0000 0014 2000 0000 0000 0000#1626595348728227#-45.0#4.3074180523828804#9
0000 0017 2000 0000 0000 0000#1626595348729263#-37.0#3.9576704327449543#9
0000 000F 2000 0000 0000 0000#1626595348730569#-43.5#4.933282213840222#9
0000 0013 2000 0000 0000 0000#1626595348732122#-44.0#3.6079228131070282#9
0000 001D 2000 0000 0000 0000#1626595348733665#-44.5#4.614214209960009#9
0000 001C 2000 0000 0000 0000#1626595348736468#-43.0#4.031301510563465#9
0000 001A 2000 0000 0000 0000#1626595348738568#-42.5#2.386874105950058#9
0000 0019 2000 0000 0000 0000#1626595348739647#-47.0#1.533980787885641#9
0000 0010 2000 0000 0000 0000#1626595348740664#-48.5#0.5522330836388308#9
0000 0013 2000 0000 0000 0000#1626595348744868#-44.0#3.6386024288647407#9
0000 0016 2000 0000 0000 0000#1626595348746942#-41.0#4.23378697456437#9
0000 0010 2000 0000 0000 0000#1626595348748017#-48.5#0.5890486225480862#9
0000 001A 2000 0000 0000 0000#1626595348750017#-42.0#2.442097414313941#9
0000 000F 2000 0000 0000 0000#1626595348752722#-43.5#5.031456984264903#9
0000 001D 2000 0000 0000 0000#1626595348754072#-44.5#4.669437518323892#9
0000 0015 2000 0000 0000 0000#1626595348755395#-47.5#4.933282213840222#9
0000 0011 2000 0000 0000 0000#1626595348756712#-44.5#1.9512235621905356#9
0000 001B 2000 0000 0000 0000#1626595348759001#-42.5#3.3011266555298997#9
0000 0017 2000 0000 0000 0000#1626595348760065#-36.5#4.0987966652304335#9
0000 0018 2000 0000 0000 0000#1626595348761240#-48.0#6.031612457966341#9
0000 001C 2000 0000 0000 0000#1626595348763232#-42.5#4.104932588381976#9
0000 0014 2000 0000 0000 0000#1626595348764299#-44.5#4.399456899656019#9
0000 0012 2000 0000 0000 0000#1626595348765575#-42.5#2.8777479580734626#9
0000 0019 2000 0000 0000 0000#1626595348767036#-46.0#1.6812429435226628#9
0000 0017 2000 0000 0000 0000#1626595349029990#-37.0#4.822835597112456#9
0000 000F 2000 0000 0000 0000#1626595349031027#-43.5#5.896622148632405#9
0000 0010 2000 0000 0000 0000#1626595349032541#-45.0#1.2578642460662257#9
0000 0013 2000 0000 0000 0000#1626595349033851#-42.5#3.761320891895592#9
0000 0014 2000 0000 0000 0000#1626595349037927#-43.0#4.362641360746763#9
0000 001B 2000 0000 0000 0000#1626595349039234#-40.5#3.4054373491061236#9
0000 001A 2000 0000 0000 0000#1626595349040310#-39.5#2.6384469551633027#9
0000 0011 2000 0000 0000 0000#1626595349041399#-42.0#2.1905245651006955#9
0000 0016 2000 0000 0000 0000#1626595349042670#-41.5#4.853515212870168#9
0000 001D 2000 0000 0000 0000#1626595349046061#-43.0#4.540583132141498#9
0000 0012 2000 0000 0000 0000#1626595349047079#-41.0#3.06182565261974#9
0000 0019 2000 0000 0000 0000#1626595349048635#-43.0#2.024854640009046#9
0000 0015 2000 0000 0000 0000#1626595349050771#-47.0#4.822835597112456#9
0000 001C 2000 0000 0000 0000#1626595349052027#-41.0#4.1417481272912315#9
0000 0018 2000 0000 0000 0000#1626595349053204#-46.0#0.5951845456996288#9
0000 0011 2000 0000 0000 0000#1626595349059047#-42.0#2.2396119503130363#9
0000 001A 2000 0000 0000 0000#1626595349060459#-38.0#2.6813984172241008#9
0000 001D 2000 0000 0000 0000#1626595349061850#-42.0#4.565126824747668#9
0000 0019 2000 0000 0000 0000#1626595349062913#-43.5#2.067806102069844#9
0000 0016 2000 0000 0000 0000#1626595349063978#-41.5#4.921010367537137#9
0000 001B 2000 0000 0000 0000#1626595349065043#-40.5#3.472932503773092#9
0000 0015 2000 0000 0000 0000#1626595349066371#-47.0#4.828971520263998#9
0000 0012 2000 0000 0000 0000#1626595349069187#-40.0#3.0925052683774528#9
0000 0017 2000 0000 0000 0000#1626595349070706#-36.5#4.994641445355648#9
0000 0010 2000 0000 0000 0000#1626595349072116#-43.0#1.3744467859455345#9
0000 0013 2000 0000 0000 0000#1626595349073199#-42.5#3.8840393549264434#9
0000 001C 2000 0000 0000 0000#1626595349074665#-40.5#4.190835512503572#9
0000 0018 2000 0000 0000 0000#1626595349075713#-45.5#0.7547185476397354#9
0000 0014 2000 0000 0000 0000#1626595349076795#-42.5#4.424000592262189#9
0000 000F 2000 0000 0000 0000#1626595349078259#-43.0#6.080699843178682#9
0000 001B 2000 0000 0000 0000#1626595349341472#-38.5#4.246058820867455#9
0000 001C 2000 0000 0000 0000#1626595349342513#-39.0#4.81056375080937#9
0000 0010 2000 0000 0000 0000#1626595349343578#-42.0#2.2886993355253766#9
0000 0013 2000 0000 0000 0000#1626595349344645#-40.0#4.571262747899211#9
0000 0011 2000 0000 0000 0000#1626595349345678#-40.0#3.141592653589793#9
0000 0016 2000 0000 0000 0000#1626595349347498#-41.0#0.06135923151542565#9
0000 0017 2000 0000 0000 0000#1626595349350122#-35.0#0.06135923151542565#9
0000 000F 2000 0000 0000 0000#1626595349351615#-40.0#1.0369710126106935#9
0000 001D 2000 0000 0000 0000#1626595349352955#-41.5#5.086680292628786#9
0000 001A 2000 0000 0000 0000#1626595349355231#-37.5#3.5711072741977725#9
0000 0012 2000 0000 0000 0000#1626595349356339#-39.0#3.9515345095934116#9
0000 0019 2000 0000 0000 0000#1626595349357374#-41.0#2.9636508821950587#9
0000 0015 2000 0000 0000 0000#1626595349359435#-45.5#5.283029833478148#9
0000 0014 2000 0000 0000 0000#1626595349364215#-41.0#5.00077736850719#9
0000 0018 2000 0000 0000 0000#1626595349365359#-40.5#1.7732817907958012#9
0000 0010 2000 0000 0000 0000#1626595349370480#-42.0#2.356194490192345#9
0000 0015 2000 0000 0000 0000#1626595349371980#-46.0#5.2768939103266055#9
0000 001B 2000 0000 0000 0000#1626595349373301#-38.0#4.301282129231338#9
0000 0012 2000 0000 0000 0000#1626595349374335#-39.0#3.988350048502667#9
0000 001C 2000 0000 0000 0000#1626595349375435#-39.0#4.8351074434155406#9
0000 0017 2000 0000 0000 0000#1626595349376558#-34.5#0.14726215563702155#9
0000 001A 2000 0000 0000 0000#1626595349378919#-36.0#3.6079228131070282#9
0000 0011 2000 0000 0000 0000#1626595349380727#-39.5#3.2213596545598464#9
0000 0019 2000 0000 0000 0000#1626595349384001#-41.0#3.0495538063166547#9
0000 000F 2000 0000 0000 0000#1626595349385069#-39.5#1.1290098598838318#9
0000 0014 2000 0000 0000 0000#1626595349386392#-41.0#5.019185137961818#9
0000 0016 2000 0000 0000 0000#1626595349387500#-40.0#0.20248546400090464#9
0000 0018 2000 0000 0000 0000#1626595349389915#-41.0#1.846912868614312#9
0000 001D 2000 0000 0000 0000#1626595349393563#-41.5#5.117359908386499#9
0000 0013 2000 0000 0000 0000#1626595349394659#-40.0#4.6448938257177215#9
0000 0013 2000 0000 0000 0000#1626595349658269#-39.0#4.583534594202296#9
0000 0010 2000 0000 0000 0000#1626595349659573#-38.5#2.564815877344792#9
0000 0014 2000 0000 0000 0000#1626595349660851#-40.5#4.884194828627882#9
0000 000F 2000 0000 0000 0000#1626595349662160#-37.0#1.521708941582556#9
0000 0017 2000 0000 0000 0000#1626595349667677#-32.0#0.6933593161243098#9
0000 0019 2000 0000 0000 0000#1626595349669131#-39.0#3.1906800388021335#9
0000 001A 2000 0000 0000 0000#1626595349671051#-36.0#3.7122335066832517#9
0000 0018 2000 0000 0000 0000#1626595349672198#-38.5#2.116893487282185#9
0000 001C 2000 0000 0000 0000#1626595349673268#-38.5#4.749204519293945#9
0000 0012 2000 0000 0000 0000#1626595349674623#-37.0#4.080388895775806#9
0000 0015 2000 0000 0000 0000#1626595349676427#-46.0#5.049864753719531#9
0000 0011 2000 0000 0000 0000#1626595349677576#-37.0#3.3624858870453256#9
0000 001D 2000 0000 0000 0000#1626595349678679#-41.5#4.92714629068868#9
0000 0016 2000 0000 0000 0000#1626595349681437#-38.0#0.859029241215959#9
0000 001B 2000 0000 0000 0000#1626595349682504#-37.0#4.344233591292136#9
0000 0017 2000 0000 0000 0000#1626595349686349#-32.0#0.7547185476397354#9
0000 0010 2000 0000 0000 0000#1626595349687517#-37.0#2.6139032625571326#9
0000 001B 2000 0000 0000 0000#1626595349689896#-37.0#4.344233591292136#9
0000 001D 2000 0000 0000 0000#1626595349690927#-41.5#4.9394181369917645#9
0000 0012 2000 0000 0000 0000#1626595349692469#-37.0#4.1172044346850605#9
0000 001C 2000 0000 0000 0000#1626595349694059#-38.5#4.767612288748572#9
0000 0013 2000 0000 0000 0000#1626595349695169#-38.5#4.626486056263094#9
0000 000F 2000 0000 0000 0000#1626595349697645#-37.0#1.5953400194010667#9
0000 0016 2000 0000 0000 0000#1626595349698798#-37.5#0.9142525495798421#9
0000 0014 2000 0000 0000 0000#1626595349700663#-40.0#4.908738521234052#9
0000 001A 2000 0000 0000 0000#1626595349701712#-36.0#3.7551849687440497#9
0000 0011 2000 0000 0000 0000#1626595349702830#-37.0#3.4054373491061236#9
0000 0018 2000 0000 0000 0000#1626595349705025#-38.0#2.1782527187976104#9
0000 0015 2000 0000 0000 0000#1626595349706204#-45.5#5.031456984264903#9
0000 0019 2000 0000 0000 0000#1626595349707766#-38.5#3.2704470397721868#9
0000 0010 2000 0000 0000 0000#1626595349971675#-34.5#4.037437433715008#9
0000 0018 2000 0000 0000 0000#1626595349972788#-34.5#3.6386024288647407#9
0000 0019 2000 0000 0000 0000#1626595349973910#-36.5#4.577398671050753#9
0000 0016 2000 0000 0000 0000#1626595349976416#-34.5#2.5954954931025047#9
0000 001C 2000 0000 0000 0000#1626595349978213#-38.0#5.724816300389213#9
0000 001D 2000 0000 0000 0000#1626595349979530#-42.0#5.767767762450011#9
0000 0011 2000 0000 0000 0000#1626595349981603#-36.0#4.724660826687775#9
0000 0017 2000 0000 0000 0000#1626595349982821#-29.0#2.466641106920111#9
0000 000F 2000 0000 0000 0000#1626595349984443#-34.0#3.141592653589793#9
0000 001A 2000 0000 0000 0000#1626595349985533#-34.0#5.00077736850719#9
0000 0012 2000 0000 0000 0000#1626595349986609#-36.0#5.295301679781233#9
0000 001B 2000 0000 0000 0000#1626595349987915#-36.5#5.45483568172134#9
0000 0015 2000 0000 0000 0000#1626595349989725#-46.5#5.7616318392984684#9
0000 0014 2000 0000 0000 0000#1626595349990793#-40.5#5.829126993965437#9
0000 0013 2000 0000 0000 0000#1626595349995292#-38.0#5.66959299202533#9
0000 001B 2000 0000 0000 0000#1626595350001042#-37.0#5.473243451175968#9
0000 0016 2000 0000 0000 0000#1626595350002064#-34.5#2.6813984172241008#9
0000 0019 2000 0000 0000 0000#1626595350004126#-36.5#4.614214209960009#9
0000 0018 2000 0000 0000 0000#1626595350005283#-34.0#3.6876898140770815#9
0000 001C 2000 0000 0000 0000#1626595350006342#-38.0#5.737088146692298#9
0000 0015 2000 0000 0000 0000#1626595350008205#-46.5#5.749359992995383#9
0000 0017 2000 0000 0000 0000#1626595350009569#-28.5#2.5402721847386216#9
0000 001A 2000 0000 0000 0000#1626595350010856#-33.0#5.019185137961818#9
0000 0011 2000 0000 0000 0000#1626595350012203#-36.0#4.743068596142402#9
0000 0010 2000 0000 0000 0000#1626595350013286#-34.0#4.0987966652304335#9
0000 001D 2000 0000 0000 0000#1626595350014308#-42.0#5.767767762450011#9
0000 000F 2000 0000 0000 0000#1626595350015387#-33.5#3.227495577711389#9
0000 0012 2000 0000 0000 0000#1626595350020427#-36.0#5.307573526084319#9
0000 0014 2000 0000 0000 0000#1626595350021864#-40.5#5.816855147662351#9
0000 0013 2000 0000 0000 0000#1626595350023173#-38.0#5.688000761479957#9
0000 0014 2000 0000 0000 0000#1626595350288822#-42.5#5.21553467881118#9
0000 0019 2000 0000 0000 0000#1626595350290102#-36.0#4.344233591292136#9
0000 0015 2000 0000 0000 0000#1626595350291165#-49.0#4.957825906446392#9
0000 001B 2000 0000 0000 0000#1626595350292202#-37.5#4.994641445355648#9
0000 0011 2000 0000 0000 0000#1626595350293250#-35.0#4.430136515413731#9
0000 001A 2000 0000 0000 0000#1626595350294282#-35.5#4.669437518323892#9
0000 0017 2000 0000 0000 0000#1626595350296039#-27.0#2.730485802436441#9
0000 0016 2000 0000 0000 0000#1626595350298999#-34.0#3.0495538063166547#9
0000 0012 2000 0000 0000 0000#1626595350300787#-37.0#4.933282213840222#9
0000 000F 2000 0000 0000 0000#1626595350302120#-32.0#3.2949907323783574#9
0000 0013 2000 0000 0000 0000#1626595350303445#-39.5#5.184855063053467#9
0000 0018 2000 0000 0000 0000#1626595350305019#-34.0#3.6263305825616556#9
0000 0010 2000 0000 0000 0000#1626595350306152#-35.0#3.9208548938356986#9
0000 001D 2000 0000 0000 0000#1626595350310170#-44.0#5.031456984264903#9
0000 001C 2000 0000 0000 0000#1626595350311853#-40.0#5.148039524144211#9
0000 000F 2000 0000 0000 0000#1626595350317304#-32.0#3.3195344249845276#9
0000 001A 2000 0000 0000 0000#1626595350318715#-35.0#4.681709364626977#9
0000 0011 2000 0000 0000 0000#1626595350319802#-34.5#4.430136515413731#9
0000 0018 2000 0000 0000 0000#1626595350322046#-34.0#3.650874275167826#9
0000 0016 2000 0000 0000 0000#1626595350323352#-34.0#3.1231848841351653#9
0000 0017 2000 0000 0000 0000#1626595350324672#-27.0#2.7979809571034093#9
0000 0013 2000 0000 0000 0000#1626595350325992#-39.5#5.197126909356553#9
0000 0012 2000 0000 0000 0000#1626595350328023#-37.0#4.933282213840222#9
0000 0010 2000 0000 0000 0000#1626595350329421#-33.5#3.9392626632903265#9
0000 0015 2000 0000 0000 0000#1626595350330487#-49.0#4.896466674930966#9
0000 001B 2000 0000 0000 0000#1626595350331579#-38.0#4.994641445355648#9
0000 001C 2000 0000 0000 0000#1626595350333677#-40.0#5.129631754689584#9
0000 0019 2000 0000 0000 0000#1626595350334839#-35.5#4.368777283898306#9
0000 0014 2000 0000 0000 0000#1626595350337042#-42.5#5.178719139901925#9
0000 001D 2000 0000 0000 0000#1626595350339442#-44.5#4.994641445355648#9
0000 0010 2000 0000 0000 0000#1626595350602947#-32.5#4.362641360746763#9
0000 000F 2000 0000 0000 0000#1626595350604952#-31.0#3.9699422790480394#9
0000 001D 2000 0000 0000 0000#1626595350606242#-47.5#4.71238898038469#9
0000 0015 2000 0000 0000 0000#1626595350607264#-51.0#4.589670517353839#9
0000 0017 2000 0000 0000 0000#1626595350608567#-26.5#3.6079228131070282#9
0000 0013 2000 0000 0000 0000#1626595350613146#-42.0#5.148039524144211#9
0000 0014 2000 0000 0000 0000#1626595350614228#-45.0#5.019185137961818#9
0000 001A 2000 0000 0000 0000#1626595350615476#-37.5#4.792155981354743#9
0000 0016 2000 0000 0000 0000#1626595350616997#-32.5#4.086524818927348#9
0000 0019 2000 0000 0000 0000#1626595350618032#-37.0#4.6878452877785195#9
0000 001C 2000 0000 0000 0000#1626595350619331#-42.5#5.013049214810275#9
0000 0012 2000 0000 0000 0000#1626595350620862#-38.5#4.994641445355648#9
0000 0018 2000 0000 0000 0000#1626595350621961#-31.5#4.184699589352029#9
0000 0011 2000 0000 0000 0000#1626595350623110#-36.5#4.6878452877785195#9
0000 001B 2000 0000 0000 0000#1626595350625029#-40.0#4.970097752749477#9
0000 0017 2000 0000 0000 0000#1626595350629988#-25.0#3.6263305825616556#9
0000 0010 2000 0000 0000 0000#1626595350631023#-34.0#4.381049130201391#9
0000 0015 2000 0000 0000 0000#1626595350632101#-51.5#4.528311285838413#9
0000 000F 2000 0000 0000 0000#1626595350633179#-31.0#4.000621894805752#9
0000 0018 2000 0000 0000 0000#1626595350636485#-31.5#4.2092432819582#9
0000 0014 2000 0000 0000 0000#1626595350637524#-45.0#4.9823695990525625#9
0000 001D 2000 0000 0000 0000#1626595350638600#-47.5#4.675573441475434#9
0000 0012 2000 0000 0000 0000#1626595350640288#-38.0#4.97623367590102#9
0000 001C 2000 0000 0000 0000#1626595350642072#-43.0#4.963961829597935#9
0000 001A 2000 0000 0000 0000#1626595350643727#-36.5#4.767612288748572#9
0000 0016 2000 0000 0000 0000#1626595350644808#-32.5#4.1417481272912315#9
0000 001B 2000 0000 0000 0000#1626595350646855#-40.5#4.95168998329485#9
0000 0011 2000 0000 0000 0000#1626595350648596#-35.5#4.675573441475434#9
0000 0019 2000 0000 0000 0000#1626595350650783#-36.0#4.6878452877785195#9
0000 0013 2000 0000 0000 0000#1626595350652718#-42.5#5.092816215780329#9
0000 0014 2000 0000 0000 0000#1626595350918409#-47.5#4.04357335686655#9
0000 001B 2000 0000 0000 0000#1626595350919471#-42.5#4.074252972624263#9
0000 0019 2000 0000 0000 0000#1626595350920751#-37.5#4.129476280988146#9
0000 0018 2000 0000 0000 0000#1626595350921770#-33.5#3.9085830475326135#9
0000 001C 2000 0000 0000 0000#1626595350923582#-45.5#4.01902966426038#9
0000 0010 2000 0000 0000 0000#1626595350924672#-34.5#3.9638063558964967#9
0000 000F 2000 0000 0000 0000#1626595350925693#-31.0#3.8288160465625602#9
0000 001D 2000 0000 0000 0000#1626595350926740#-49.5#3.6570101983193686#9
0000 0017 2000 0000 0000 0000#1626595350928499#-26.5#3.5772431973493153#9
0000 0013 2000 0000 0000 0000#1626595350931898#-44.5#4.184699589352029#9
0000 001A 2000 0000 0000 0000#1626595350933160#-40.0#3.9453985864418692#9
0000 0012 2000 0000 0000 0000#1626595350934206#-41.5#4.123340357836604#9
0000 0011 2000 0000 0000 0000#1626595350935226#-38.0#3.9944859716542096#9
0000 0015 2000 0000 0000 0000#1626595350938257#-53.5#3.6140587362585705#9
0000 0016 2000 0000 0000 0000#1626595350939564#-31.5#4.227651051412827#9
0000 0018 2000 0000 0000 0000#1626595350945574#-33.5#3.8840393549264434#9
0000 001B 2000 0000 0000 0000#1626595350946610#-43.0#4.01902966426038#9
0000 0013 2000 0000 0000 0000#1626595350947621#-45.0#4.154019973594316#9
0000 0019 2000 0000 0000 0000#1626595350949651#-37.5#4.080388895775806#9
0000 000F 2000 0000 0000 0000#1626595350951712#-31.0#3.8410878928656453#9
0000 0010 2000 0000 0000 0000#1626595350953851#-33.5#3.9515345095934116#9
0000 0012 2000 0000 0000 0000#1626595350955882#-41.5#4.09266074207889#9
0000 001A 2000 0000 0000 0000#1626595350957721#-38.5#3.9208548938356986#9
0000 0011 2000 0000 0000 0000#1626595350959133#-36.5#3.9638063558964967#9
0000 001D 2000 0000 0000 0000#1626595350960178#-49.5#3.6017868899554855#9
0000 001C 2000 0000 0000 0000#1626595350961236#-46.0#3.9453985864418692#9
0000 0017 2000 0000 0000 0000#1626595350962335#-25.0#3.5895150436524004#9
0000 0014 2000 0000 0000 0000#1626595350964472#-48.0#3.9638063558964967#9
0000 0015 2000 0000 0000 0000#1626595350967003#-53.5#3.5711072741977725#9
0000 0016 2000 0000 0000 0000#1626595350968310#-31.5#4.264466590322082#9
0000 0016 2000 0000 0000 0000#1626595351231586#-31.0#5.221670601962723#9
0000 0018 2000 0000 0000 0000#1626595351232748#-32.5#4.528311285838413#9
0000 0010 2000 0000 0000 0000#1626595351233837#-34.0#4.479223900626073#9
0000 0014 2000 0000 0000 0000#1626595351234945#-49.0#4.196971435655114#9
0000 001C 2000 0000 0000 0000#1626595351236756#-46.5#4.166291819897402#9
0000 001D 2000 0000 0000 0000#1626595351237858#-52.5#3.890175278077986#9
0000 0012 2000 0000 0000 0000#1626595351240160#-41.5#4.2092432819582#9
0000 000F 2000 0000 0000 0000#1626595351244413#-30.5#4.595806440505381#9
0000 0011 2000 0000 0000 0000#1626595351245686#-37.0#4.215379205109742#9
0000 0017 2000 0000 0000 0000#1626595351246791#-26.0#4.485359823777615#9
0000 0015 2000 0000 0000 0000#1626595351248111#-57.0#3.7981364308048478#9
0000 0013 2000 0000 0000 0000#1626595351250824#-45.5#4.239922897715912#9
0000 0019 2000 0000 0000 0000#1626595351253584#-37.0#4.374913207049849#9
0000 001A 2000 0000 0000 0000#1626595351254929#-39.5#4.025165587411922#9
0000 001B 2000 0000 0000 0000#1626595351256651#-43.5#4.129476280988146#9
0000 0012 2000 0000 0000 0000#1626595351260256#-40.5#4.166291819897402#9
0000 0016 2000 0000 0000 0000#1626595351261309#-31.0#5.2339424482658075#9
0000 0017 2000 0000 0000 0000#1626595351263432#-24.5#4.466952054322987#9
0000 001A 2000 0000 0000 0000#1626595351264979#-39.5#4.0128937411088375#9
0000 0010 2000 0000 0000 0000#1626595351266391#-32.0#4.430136515413731#9
0000 0013 2000 0000 0000 0000#1626595351267957#-46.0#4.215379205109742#9
0000 001D 2000 0000 0000 0000#1626595351268974#-52.5#3.810408277107933#9
0000 000F 2000 0000 0000 0000#1626595351271286#-30.5#4.577398671050753#9
0000 0015 2000 0000 0000 0000#1626595351272818#-57.5#3.773592738198677#9
0000 001C 2000 0000 0000 0000#1626595351274359#-47.5#4.049709280018092#9
0000 0019 2000 0000 0000 0000#1626595351275408#-37.0#4.338097668140593#9
0000 0011 2000 0000 0000 0000#1626595351276457#-37.0#4.1601558967458585#9
0000 0018 2000 0000 0000 0000#1626595351277520#-32.5#4.491495746929157#9
0000 0014 2000 0000 0000 0000#1626595351290608#-50.0#3.859495662320273#9
0000 001B 2000 0000 0000 0000#1626595351292301#-44.0#3.834951969714103#9
0000 0011 2000 0000 0000 0000#1626595351555802#-37.5#2.9391071895888885#9
0000 0017 2000 0000 0000 0000#1626595351557418#-26.5#3.6815538909255388#9
0000 0014 2000 0000 0000 0000#1626595351558514#-54.0#2.5770877236478773#9
0000 0010 2000 0000 0000 0000#1626595351560273#-34.5#3.3747577333484107#9
0000 0018 2000 0000 0000 0000#1626595351561603#-33.0#3.5281558121369745#9
0000 0016 2000 0000 0000 0000#1626595351562680#-32.0#4.693981210930062#9
0000 001B 2000 0000 0000 0000#1626595351563731#-46.0#2.6875343403756435#9
0000 001D 2000 0000 0000 0000#1626595351566122#-58.5#1.9819031779482483#9
0000 0012 2000 0000 0000 0000#1626595351567382#-44.0#2.773437264497239#9
0000 0013 2000 0000 0000 0000#1626595351569203#-49.5#2.736621725587984#9
0000 000F 2000 0000 0000 0000#1626595351570546#-31.0#3.6815538909255388#9
0000 001A 2000 0000 0000 0000#1626595351573196#-41.0#2.6445828783148455#9
0000 0019 2000 0000 0000 0000#1626595351575055#-39.0#3.098641191528995#9
0000 0015 2000 0000 0000 0000#1626595351576961#-64.0#1.5278448647340985#9
0000 001C 2000 0000 0000 0000#1626595351578000#-51.5#2.4727770300716534#9
0000 0016 2000 0000 0000 0000#1626595351586784#-32.0#4.681709364626977#9
0000 0012 2000 0000 0000 0000#1626595351587830#-44.0#2.730485802436441#9
0000 0019 2000 0000 0000 0000#1626595351589119#-39.0#3.074097498922825#9
0000 0017 2000 0000 0000 0000#1626595351590112#-26.5#3.6447383520162835#9
0000 0013 2000 0000 0000 0000#1626595351591893#-49.5#2.6568547246179306#9
0000 001B 2000 0000 0000 0000#1626595351593727#-46.5#2.6200391857086753#9
0000 000F 2000 0000 0000 0000#1626595351595317#-31.0#3.650874275167826#9
0000 0011 2000 0000 0000 0000#1626595351596472#-37.0#2.84706834231575#9
0000 0010 2000 0000 0000 0000#1626595351598097#-33.5#3.3072625786814425#9
0000 0015 2000 0000 0000 0000#1626595351600376#-63.5#1.3069516312785663#9
0000 0018 2000 0000 0000 0000#1626595351601436#-33.0#3.466796580621549#9
0000 001A 2000 0000 0000 0000#1626595351602797#-41.0#2.552544031041707#9
0000 0014 2000 0000 0000 0000#1626595351605557#-55.0#2.3316507975861747#9
0000 001C 2000 0000 0000 0000#1626595351607225#-52.5#2.3316507975861747#9
0000 001D 2000 0000 0000 0000#1626595351609383#-59.5#1.7426021750380885#9
0000 001B 2000 0000 0000 0000#1626595351874941#-49.5#1.736466251886546#9
0000 0016 2000 0000 0000 0000#1626595351876870#-32.5#4.565126824747668#9
0000 0017 2000 0000 0000 0000#1626595351879057#-27.5#3.429981041712294#9
0000 0019 2000 0000 0000 0000#1626595351880063#-39.5#2.5770877236478773#9
0000 001D 2000 0000 0000 0000#1626595351881140#-55.0#5.497787143782138#9
0000 0018 2000 0000 0000 0000#1626595351882414#-34.5#3.147728576741336#9
0000 0010 2000 0000 0000 0000#1626595351883446#-35.5#2.890019804376548#9
0000 000F 2000 0000 0000 0000#1626595351884778#-32.0#3.3747577333484107#9
0000 0011 2000 0000 0000 0000#1626595351885940#-40.0#2.350058567040802#9
0000 001A 2000 0000 0000 0000#1626595351895494#-44.0#1.3437671701878218#9
0000 0015 2000 0000 0000 0000#1626595351896543#-50.5#4.558990901596125#9
0000 001C 2000 0000 0000 0000#1626595351897631#-56.5#0.22089323345553233#9
0000 0012 2000 0000 0000 0000#1626595351898719#-47.0#1.3867186322486196#9
0000 0013 2000 0000 0000 0000#1626595351900195#-54.5#0.9265243958829272#9
0000 0014 2000 0000 0000 0000#1626595351901360#-58.5#6.277049384028044#9
0000 0019 2000 0000 0000 0000#1626595351909906#-40.0#1.945087639038993#9
0000 001D 2000 0000 0000 0000#1626595351911594#-53.5#4.614214209960009#9
0000 0015 2000 0000 0000 0000#1626595351913114#-50.5#4.411728745959104#9
0000 001B 2000 0000 0000 0000#1626595351914150#-50.5#0.9878836273983529#9
0000 0017 2000 0000 0000 0000#1626595351915680#-28.0#2.748893571891069#9
0000 0011 2000 0000 0000 0000#1626595351916837#-39.5#1.6996507129772904#9
0000 0010 2000 0000 0000 0000#1626595351918235#-35.0#2.2212041808584084#9
0000 000F 2000 0000 0000 0000#1626595351919526#-32.5#2.693670263527186#9
0000 0018 2000 0000 0000 0000#1626595351920968#-34.0#2.4605051837685683#9
0000 0016 2000 0000 0000 0000#1626595351922034#-33.5#3.9515345095934116#9
0000 0012 2000 0000 0000 0000#1626595351923452#-47.0#1.2762720155208536#9
0000 001A 2000 0000 0000 0000#1626595351924468#-44.0#1.2578642460662257#9
0000 0014 2000 0000 0000 0000#1626595351925804#-58.0#6.111379458936394#9
0000 001C 2000 0000 0000 0000#1626595351927361#-57.5#0.006135923151542565#9
0000 0013 2000 0000 0000 0000#1626595351929024#-55.0#0.7669903939428205#9
0000 0010 2000 0000 0000 0000#1626595352192669#-36.5#1.7671458676442586#9
0000 0013 2000 0000 0000 0000#1626595352194221#-55.0#5.3198453723874035#9
0000 0016 2000 0000 0000 0000#1626595352195287#-34.5#3.6999616603801666#9
0000 0017 2000 0000 0000 0000#1626595352197318#-29.5#2.3746022596469727#9
0000 0011 2000 0000 0000 0000#1626595352198735#-41.5#1.043106935762236#9
0000 0018 2000 0000 0000 0000#1626595352200093#-35.0#2.000310947402876#9
0000 000F 2000 0000 0000 0000#1626595352203692#-34.5#2.282563412373834#9
0000 001A 2000 0000 0000 0000#1626595352204968#-47.0#0.4295146206079795#9
0000 001B 2000 0000 0000 0000#1626595352206015#-53.5#5.8659425328746915#9
0000 001D 2000 0000 0000 0000#1626595352207131#-51.5#3.055689729468197#9
0000 0012 2000 0000 0000 0000#1626595352208681#-50.0#0.2945243112740431#9
0000 001C 2000 0000 0000 0000#1626595352209738#-47.5#3.485204350076177#9
0000 0019 2000 0000 0000 0000#1626595352211285#-42.5#1.3130875544301088#9
0000 0014 2000 0000 0000 0000#1626595352213299#-48.5#3.3379421944391554#9
0000 0015 2000 0000 0000 0000#1626595352214366#-63.0#3.172272269347506#9
0000 000F 2000 0000 0000 0000#1626595352222084#-34.5#2.227340104009951#9
0000 0015 2000 0000 0000 0000#1626595352224460#-64.0#3.2090878082567613#9
0000 0016 2000 0000 0000 0000#1626595352226131#-35.0#3.6447383520162835#9
0000 0010 2000 0000 0000 0000#1626595352227242#-37.0#1.6751070203711202#9
0000 0018 2000 0000 0000 0000#1626595352228320#-36.5#1.9266798695843652#9
0000 001C 2000 0000 0000 0000#1626595352229465#-47.5#3.2888548092268146#9
0000 0017 2000 0000 0000 0000#1626595352230767#-30.0#2.2886993355253766#9
0000 0019 2000 0000 0000 0000#1626595352231801#-42.5#1.2640001692177683#9
0000 0011 2000 0000 0000 0000#1626595352232931#-43.5#0.944932165337555#9
0000 001B 2000 0000 0000 0000#1626595352233997#-54.0#5.6573211457222445#9
0000 0014 2000 0000 0000 0000#1626595352235078#-48.5#3.1906800388021335#9
0000 001D 2000 0000 0000 0000#1626595352237303#-53.0#2.9268353432858034#9
0000 001A 2000 0000 0000 0000#1626595352238703#-47.5#0.3374757733348411#9
0000 0012 2000 0000 0000 0000#1626595352239962#-51.0#0.14726215563702155#9
0000 0013 2000 0000 0000 0000#1626595352241457#-53.5#4.693981210930062#9
0000 0016 2000 0000 0000 0000#1626595352512695#-35.5#3.6017868899554855#9
0000 0011 2000 0000 0000 0000#1626595352515154#-47.0#0.3129320807286708#9
0000 0017 2000 0000 0000 0000#1626595352517312#-31.5#2.2457478734645786#9
0000 0013 2000 0000 0000 0000#1626595352518880#-45.5#3.2090878082567613#9
0000 0019 2000 0000 0000 0000#1626595352519928#-47.5#0.8651651643675016#9
0000 0010 2000 0000 0000 0000#1626595352521310#-40.5#1.5033011721279284#9
0000 001B 2000 0000 0000 0000#1626595352522617#-44.0#3.2520392703175593#9
0000 001A 2000 0000 0000 0000#1626595352523693#-49.0#5.0253210611133605#9
0000 0018 2000 0000 0000 0000#1626595352524771#-39.0#1.8223691760081417#9
0000 001D 2000 0000 0000 0000#1626595352525805#-66.5#1.7241944055834606#9
0000 000F 2000 0000 0000 0000#1626595352527110#-36.5#2.1353012567368124#9
0000 001C 2000 0000 0000 0000#1626595352529964#-54.0#3.1784081924990484#9
0000 0014 2000 0000 0000 0000#1626595352532473#-59.5#3.098641191528995#9
0000 0012 2000 0000 0000 0000#1626595352533774#-45.5#4.0128937411088375#9
0000 001B 2000 0000 0000 0000#1626595352538101#-44.0#3.1906800388021335#9
0000 0017 2000 0000 0000 0000#1626595352539405#-31.5#2.1905245651006955#9
0000 0011 2000 0000 0000 0000#1626595352540531#-46.0#0.17794177139473438#9
0000 0019 2000 0000 0000 0000#1626595352541865#-48.0#0.7853981633974483#9
0000 001A 2000 0000 0000 0000#1626595352542994#-47.0#4.81056375080937#9
0000 001D 2000 0000 0000 0000#1626595352545093#-66.0#1.8285050991596843#9
0000 0016 2000 0000 0000 0000#1626595352546841#-36.0#3.54042765844006#9
0000 0012 2000 0000 0000 0000#1626595352548086#-45.5#3.8963112012295285#9
0000 000F 2000 0000 0000 0000#1626595352550089#-36.5#2.098485717827557#9
0000 001C 2000 0000 0000 0000#1626595352551160#-55.5#3.1784081924990484#9
0000 0013 2000 0000 0000 0000#1626595352552683#-46.5#3.1231848841351653#9
0000 0010 2000 0000 0000 0000#1626595352553784#-42.5#1.423534171157875#9
0000 0014 2000 0000 0000 0000#1626595352557505#-60.0#2.945243112740431#9
0000 0018 2000 0000 0000 0000#1626595352559179#-40.0#1.7548740213411735#9
0000 0018 2000 0000 0000 0000#1626595352829814#-46.5#0.5645049299419159#9
0000 0017 2000 0000 0000 0000#1626595352830834#-36.0#1.2885438618239387#9
0000 0019 2000 0000 0000 0000#1626595352833248#-49.0#4.23378697456437#9
0000 001C 2000 0000 0000 0000#1626595352834839#-63.5#0.7915340865489908#9
0000 001A 2000 0000 0000 0000#1626595352836838#-44.0#2.405281875404685#9
0000 001B 2000 0000 0000 0000#1626595352838597#-56.5#2.4850488763747385#9
0000 0015 2000 0000 0000 0000#1626595352840135#-59.0#1.564660403643354#9
0000 0011 2000 0000 0000 0000#1626595352841515#-43.0#3.3072625786814425#9
0000 000F 2000 0000 0000 0000#1626595352842552#-43.0#1.1044661672776617#9
0000 0014 2000 0000 0000 0000#1626595352843806#-62.5#6.013204688511713#9
0000 0012 2000 0000 0000 0000#1626595352844895#-48.0#2.3746022596469727#9
0000 0016 2000 0000 0000 0000#1626595352846426#-39.0#2.6200391857086753#9
0000 0010 2000 0000 0000 0000#1626595352848651#-48.0#5.853670686571607#9
0000 0013 2000 0000 0000 0000#1626595352849861#-60.0#1.8162332528565992#9
0000 001C 2000 0000 0000 0000#1626595352857136#-63.0#0.619728238305799#9
0000 0014 2000 0000 0000 0000#1626595352858814#-62.0#5.890486225480862#9
0000 0011 2000 0000 0000 0000#1626595352859871#-44.0#3.1968159619536762#9
0000 001B 2000 0000 0000 0000#1626595352860950#-57.5#2.386874105950058#9
0000 0016 2000 0000 0000 0000#1626595352862004#-39.0#2.5832236467994196#9
0000 001A 2000 0000 0000 0000#1626595352863263#-44.5#2.386874105950058#9
0000 0018 2000 0000 0000 0000#1626595352864551#-47.5#0.3988350048502667#9
0000 0019 2000 0000 0000 0000#1626595352866094#-48.0#3.9515345095934116#9
0000 0012 2000 0000 0000 0000#1626595352867144#-49.0#2.435961491162398#9
0000 0017 2000 0000 0000 0000#1626595352868150#-37.0#1.227184630308513#9
0000 000F 2000 0000 0000 0000#1626595352869214#-43.5#1.043106935762236#9
0000 0013 2000 0000 0000 0000#1626595352870697#-60.0#1.6935147898257479#9
0000 0010 2000 0000 0000 0000#1626595352873451#-49.5#5.589825991055276#9
0000 0015 2000 0000 0000 0000#1626595352874890#-58.5#1.4971652489763858#9
0000 0012 2000 0000 0000 0000#1626595353138795#-59.5#0.7363107781851077#9
0000 0018 2000 0000 0000 0000#1626595353139898#-49.5#4.123340357836604#9
0000 001C 2000 0000 0000 0000#1626595353141210#-59.5#3.6079228131070282#9
0000 000F 2000 0000 0000 0000#1626595353142246#-51.5#5.460971604872882#9
0000 0015 2000 0000 0000 0000#1626595353143541#-64.0#0.4172427743048944#9
0000 0014 2000 0000 0000 0000#1626595353144621#-57.5#3.313398501832985#9
0000 0011 2000 0000 0000 0000#1626595353145656#-51.0#2.3009711818284617#9
0000 0013 2000 0000 0000 0000#1626595353147464#-59.5#4.595806440505381#9
0000 0017 2000 0000 0000 0000#1626595353149508#-47.0#6.215690152512618#9
0000 0019 2000 0000 0000 0000#1626595353150540#-48.5#2.5709518004963345#9
0000 001B 2000 0000 0000 0000#1626595353152048#-62.5#5.221670601962723#9
0000 0016 2000 0000 0000 0000#1626595353153112#-44.5#1.8530487917658545#9
0000 0010 2000 0000 0000 0000#1626595353154185#-47.0#3.2090878082567613#9
0000 001D 2000 0000 0000 0000#1626595353158447#-62.0#1.859184714917397#9
0000 001A 2000 0000 0000 0000#1626595353159934#-59.5#1.6198837120072371#9
0000 0018 2000 0000 0000 0000#1626595353165565#-49.5#3.933126740138784#9
0000 0016 2000 0000 0000 0000#1626595353167713#-45.0#1.8346410223112268#9
0000 0017 2000 0000 0000 0000#1626595353168759#-47.0#6.080699843178682#9
0000 0019 2000 0000 0000 0000#1626595353170052#-49.0#2.5586799541932495#9
0000 001C 2000 0000 0000 0000#1626595353171142#-59.5#3.479068426924634#9
0000 0014 2000 0000 0000 0000#1626595353172294#-57.5#3.1906800388021335#9
0000 0010 2000 0000 0000 0000#1626595353174356#-47.5#3.172272269347506#9
0000 001B 2000 0000 0000 0000#1626595353175735#-62.5#4.908738521234052#9
0000 0011 2000 0000 0000 0000#1626595353176952#-52.0#2.2886993355253766#9
0000 0012 2000 0000 0000 0000#1626595353178015#-59.5#0.2699806186678728#9
0000 000F 2000 0000 0000 0000#1626595353180601#-51.0#5.123495831538041#9
0000 001A 2000 0000 0000 0000#1626595353183105#-60.0#1.380582709097077#9
0000 0013 2000 0000 0000 0000#1626595353184430#-58.5#4.381049130201391#9
0000 001D 2000 0000 0000 0000#1626595353185705#-62.5#1.7548740213411735#9
0000 000F 2000 0000 0000 0000#1626595353451397#-49.0#3.8963112012295285#9
0000 0011 2000 0000 0000 0000#1626595353452782#-57.5#0.9081166264282996#9
0000 0012 2000 0000 0000 0000#1626595353453827#-56.5#4.381049130201391#9
0000 0018 2000 0000 0000 0000#1626595353455226#-49.0#3.411573272257666#9
0000 0010 2000 0000 0000 0000#1626595353456557#-53.0#2.9759227284981438#9
0000 0013 2000 0000 0000 0000#1626595353457624#-56.5#3.184544115650591#9
0000 0017 2000 0000 0000 0000#1626595353459158#-46.0#4.2092432819582#9
0000 001D 2000 0000 0000 0000#1626595353460475#-65.5#0.5645049299419159#9
0000 0016 2000 0000 0000 0000#1626595353461582#-52.5#0.619728238305799#9
0000 0014 2000 0000 0000 0000#1626595353463573#-57.5#1.8714565612204823#9
0000 001A 2000 0000 0000 0000#1626595353464932#-60.0#4.706253057233147#9
0000 001B 2000 0000 0000 0000#1626595353466252#-57.5#3.552699504743145#9
0000 001C 2000 0000 0000 0000#1626595353468292#-59.5#2.423689644859313#9
0000 0019 2000 0000 0000 0000#1626595353469425#-59.5#2.024854640009046#9
0000 0016 2000 0000 0000 0000#1626595353477374#-52.5#0.521553467881118#9
0000 001C 2000 0000 0000 0000#1626595353478446#-59.5#2.3623304133438876#9
0000 0010 2000 0000 0000 0000#1626595353479503#-54.0#2.890019804376548#9
0000 001D 2000 0000 0000 0000#1626595353481536#-65.5#0.34974761963792617#9
0000 0017 2000 0000 0000 0000#1626595353484032#-46.0#4.111068511533518#9
0000 001B 2000 0000 0000 0000#1626595353485823#-57.0#3.497476196379262#9
0000 001A 2000 0000 0000 0000#1626595353486912#-59.5#4.479223900626073#9
0000 0018 2000 0000 0000 0000#1626595353488524#-50.0#3.3318062712876126#9
0000 0011 2000 0000 0000 0000#1626595353489826#-59.5#0.521553467881118#9
0000 0013 2000 0000 0000 0000#1626595353491322#-57.5#3.055689729468197#9
0000 000F 2000 0000 0000 0000#1626595353492884#-49.0#3.761320891895592#9
0000 0019 2000 0000 0000 0000#1626595353494671#-58.5#1.8346410223112268#9
0000 0014 2000 0000 0000 0000#1626595353495765#-58.0#1.705786636128833#9
0000 0012 2000 0000 0000 0000#1626595353498422#-55.5#4.196971435655114#9
0000 0011 2000 0000 0000 0000#1626595353765178#-53.0#4.847379289718626#9
0000 001B 2000 0000 0000 0000#1626595353766230#-55.5#2.6691265709210157#9
0000 0017 2000 0000 0000 0000#1626595353767520#-45.5#3.7122335066832517#9
0000 0018 2000 0000 0000 0000#1626595353768837#-55.0#2.6200391857086753#9
0000 000F 2000 0000 0000 0000#1626595353771936#-51.5#3.479068426924634#9
0000 0010 2000 0000 0000 0000#1626595353773133#-55.5#1.4787574795217582#9
0000 0016 2000 0000 0000 0000#1626595353774183#-50.0#5.485515297479052#9
0000 0014 2000 0000 0000 0000#1626595353775236#-59.5#0.3988350048502667#9
0000 001A 2000 0000 0000 0000#1626595353776393#-51.5#3.5036121195308043#9
0000 0019 2000 0000 0000 0000#1626595353777938#-59.5#5.773903685601553#9
0000 0013 2000 0000 0000 0000#1626595353779007#-55.0#2.043262409463674#9
0000 001C 2000 0000 0000 0000#1626595353780296#-61.0#1.012427320004523#9
0000 0012 2000 0000 0000 0000#1626595353781824#-53.5#3.2336315008629315#9
0000 001D 2000 0000 0000 0000#1626595353783513#-62.5#4.215379205109742#9
0000 0011 2000 0000 0000 0000#1626595353789883#-53.0#4.675573441475434#9
0000 0016 2000 0000 0000 0000#1626595353791204#-50.0#5.43029198911517#9
0000 0018 2000 0000 0000 0000#1626595353792508#-55.5#2.4605051837685683#9
0000 0017 2000 0000 0000 0000#1626595353794039#-45.5#3.650874275167826#9
0000 001C 2000 0000 0000 0000#1626595353795083#-61.5#0.9387962421860124#9
0000 001D 2000 0000 0000 0000#1626595353796161#-62.5#4.061981126321178#9
0000 0015 2000 0000 0000 0000#1626595353797254#-59.0#2.043262409463674#9
0000 0010 2000 0000 0000 0000#1626595353798780#-56.5#1.2210487071569704#9
0000 0014 2000 0000 0000 0000#1626595353799865#-59.5#0.2454369260617026#9
0000 0013 2000 0000 0000 0000#1626595353802369#-55.5#1.8714565612204823#9
0000 0019 2000 0000 0000 0000#1626595353803994#-59.0#5.5714182216006485#9
0000 000F 2000 0000 0000 0000#1626595353805325#-52.0#3.3502140407422405#9
0000 001A 2000 0000 0000 0000#1626595353808853#-53.0#3.3502140407422405#9
0000 001B 2000 0000 0000 0000#1626595353810790#-55.5#2.435961491162398#9
0000 0012 2000 0000 0000 0000#1626595353811880#-53.5#3.0495538063166547#9
0000 001C 2000 0000 0000 0000#1626595354077849#-55.5#3.5342917352885173#9
0000 0017 2000 0000 0000 0000#1626595354078912#-51.0#2.2764274892222915#9
