0000 001B 2000 0000 0000 0000#1626595535351216#-50.0#1.012427320004523#9
0000 001A 2000 0000 0000 0000#1626595535353270#-47.0#5.712544454086128#9
0000 001C 2000 0000 0000 0000#1626595535354898#-49.0#2.1782527187976104#9
0000 001D 2000 0000 0000 0000#1626595535357988#-48.5#2.8961557275280905#9
0000 0014 2000 0000 0000 0000#1626595535359702#-50.0#2.4727770300716534#9
0000 0013 2000 0000 0000 0000#1626595535361310#-51.0#1.4787574795217582#9
0000 000F 2000 0000 0000 0000#1626595535362474#-45.5#3.773592738198677#9
0000 0018 2000 0000 0000 0000#1626595535363806#-45.5#4.1172044346850605#9
0000 0010 2000 0000 0000 0000#1626595535364895#-45.0#4.399456899656019#9
0000 0011 2000 0000 0000 0000#1626595535366022#-44.5#4.994641445355648#9
0000 0017 2000 0000 0000 0000#1626595535367341#-42.5#3.1968159619536762#9
0000 0019 2000 0000 0000 0000#1626595535368377#-45.5#4.816699673960914#9
0000 0016 2000 0000 0000 0000#1626595535369527#-61.5#4.638757902566179#9
0000 0012 2000 0000 0000 0000#1626595535373375#-50.0#0.06135923151542565#9
0000 0015 2000 0000 0000 0000#1626595535374469#-50.0#3.3011266555298997#9
0000 0012 2000 0000 0000 0000#1626595535379402#-50.0#0.04908738521234052#9
0000 0018 2000 0000 0000 0000#1626595535380692#-45.5#4.123340357836604#9
0000 0015 2000 0000 0000 0000#1626595535381802#-50.5#3.2888548092268146#9
0000 001C 2000 0000 0000 0000#1626595535383355#-48.5#2.1598449493429825#9
0000 001B 2000 0000 0000 0000#1626595535386500#-50.0#1.000155473701438#9
0000 001A 2000 0000 0000 0000#1626595535387534#-47.0#5.700272607783043#9
0000 0017 2000 0000 0000 0000#1626595535388859#-42.5#3.1968159619536762#9
0000 0014 2000 0000 0000 0000#1626595535389952#-50.0#2.466641106920111#9
0000 001D 2000 0000 0000 0000#1626595535392977#-48.5#2.890019804376548#9
0000 0013 2000 0000 0000 0000#1626595535394913#-51.5#1.4787574795217582#9
0000 0010 2000 0000 0000 0000#1626595535396693#-43.5#4.417864669110647#9
0000 0019 2000 0000 0000 0000#1626595535397741#-45.5#4.816699673960914#9
0000 000F 2000 0000 0000 0000#1626595535398808#-45.5#3.749049045592507#9
0000 0016 2000 0000 0000 0000#1626595535399873#-62.5#4.620350133111551#9
0000 0011 2000 0000 0000 0000#1626595535401287#-46.0#4.994641445355648#9
0000 0017 2000 0000 0000 0000#1626595535663358#-43.0#2.9943304979527716#9
0000 001A 2000 0000 0000 0000#1626595535666083#-47.5#5.5100589900852235#9
0000 0011 2000 0000 0000 0000#1626595535667132#-46.5#4.8351074434155406#9
0000 0018 2000 0000 0000 0000#1626595535669747#-46.0#3.9760782021995817#9
0000 0015 2000 0000 0000 0000#1626595535670796#-51.0#3.129320807286708#9
0000 001B 2000 0000 0000 0000#1626595535672103#-50.5#0.8099418560036186#9
0000 0016 2000 0000 0000 0000#1626595535673180#-62.0#4.565126824747668#9
0000 0010 2000 0000 0000 0000#1626595535674240#-45.5#4.264466590322082#9
0000 0019 2000 0000 0000 0000#1626595535675544#-46.5#4.675573441475434#9
0000 0013 2000 0000 0000 0000#1626595535685205#-51.5#0.9203884727313847#9
0000 001D 2000 0000 0000 0000#1626595535687646#-49.0#2.3071071049800045#9
0000 000F 2000 0000 0000 0000#1626595535689180#-46.5#3.1968159619536762#9
0000 0014 2000 0000 0000 0000#1626595535690175#-49.5#1.902136176978195#9
0000 001C 2000 0000 0000 0000#1626595535691487#-49.0#1.6260196351587797#9
0000 0012 2000 0000 0000 0000#1626595535695962#-50.0#5.780039608753096#9
0000 000F 2000 0000 0000 0000#1626595535700567#-46.5#3.2029518851052186#9
0000 0011 2000 0000 0000 0000#1626595535702726#-46.5#4.479223900626073#9
0000 0019 2000 0000 0000 0000#1626595535704943#-46.0#4.264466590322082#9
0000 0017 2000 0000 0000 0000#1626595535706033#-43.0#2.5893595699509624#9
0000 0015 2000 0000 0000 0000#1626595535707630#-50.5#2.6875343403756435#9
0000 0018 2000 0000 0000 0000#1626595535708693#-46.5#3.5465635815916023#9
0000 0014 2000 0000 0000 0000#1626595535710116#-49.5#1.902136176978195#9
0000 001A 2000 0000 0000 0000#1626595535711405#-47.0#5.166447293598839#9
0000 001C 2000 0000 0000 0000#1626595535712464#-49.5#1.6198837120072371#9
0000 0013 2000 0000 0000 0000#1626595535714131#-51.5#0.9387962421860124#9
0000 0010 2000 0000 0000 0000#1626595535715508#-46.5#3.902447124381071#9
0000 001B 2000 0000 0000 0000#1626595535716572#-50.0#0.47860200582032003#9
0000 0016 2000 0000 0000 0000#1626595535718591#-61.5#4.190835512503572#9
0000 0012 2000 0000 0000 0000#1626595535720293#-50.0#5.810719224510809#9
0000 001D 2000 0000 0000 0000#1626595535721354#-49.0#2.356194490192345#9
0000 0015 2000 0000 0000 0000#1626595535984895#-48.0#3.5465635815916023#9
0000 0010 2000 0000 0000 0000#1626595535986275#-45.0#4.4976316700806995#9
0000 001B 2000 0000 0000 0000#1626595535987570#-46.5#1.7426021750380885#9
0000 0012 2000 0000 0000 0000#1626595535988588#-48.0#1.1167380135807468#9
0000 0017 2000 0000 0000 0000#1626595535989891#-36.5#2.730485802436441#9
0000 001A 2000 0000 0000 0000#1626595535991959#-46.0#0.47860200582032003#9
0000 0018 2000 0000 0000 0000#1626595535993989#-45.5#4.0128937411088375#9
0000 000F 2000 0000 0000 0000#1626595535996068#-42.5#3.454524734318464#9
0000 0014 2000 0000 0000 0000#1626595535997391#-46.5#2.8409324191642074#9
0000 0016 2000 0000 0000 0000#1626595535998727#-45.0#3.442252888015379#9
0000 0013 2000 0000 0000 0000#1626595535999823#-47.0#2.1475731030398975#9
0000 0011 2000 0000 0000 0000#1626595536000936#-49.0#5.810719224510809#9
0000 0019 2000 0000 0000 0000#1626595536001972#-48.0#5.387340527054372#9
0000 001C 2000 0000 0000 0000#1626595536006420#-45.0#2.6261751088602177#9
0000 001D 2000 0000 0000 0000#1626595536008525#-46.0#3.2459033471660166#9
0000 001A 2000 0000 0000 0000#1626595536014551#-47.5#0.6135923151542565#9
0000 0017 2000 0000 0000 0000#1626595536016353#-36.5#2.7550294950426117#9
0000 0018 2000 0000 0000 0000#1626595536017879#-45.5#4.04357335686655#9
0000 0012 2000 0000 0000 0000#1626595536018926#-47.5#1.2701360923693108#9
0000 0013 2000 0000 0000 0000#1626595536020221#-47.0#2.2089323345553233#9
0000 001D 2000 0000 0000 0000#1626595536021297#-45.5#3.2888548092268146#9
0000 0016 2000 0000 0000 0000#1626595536023074#-45.0#3.423845118560751#9
0000 001C 2000 0000 0000 0000#1626595536024769#-45.0#2.675262494072558#9
0000 000F 2000 0000 0000 0000#1626595536027306#-42.0#3.5036121195308043#9
0000 0010 2000 0000 0000 0000#1626595536030212#-47.0#4.632621979414636#9
0000 0014 2000 0000 0000 0000#1626595536031267#-46.0#2.9084275738311756#9
0000 0011 2000 0000 0000 0000#1626595536033664#-49.0#5.976389149602458#9
0000 0019 2000 0000 0000 0000#1626595536034669#-48.5#5.559146375297564#9
0000 001B 2000 0000 0000 0000#1626595536035750#-45.5#1.8960002538266525#9
0000 0015 2000 0000 0000 0000#1626595536037270#-47.5#3.6815538909255388#9
0000 001A 2000 0000 0000 0000#1626595536306087#-43.5#1.5155730184310134#9
0000 001C 2000 0000 0000 0000#1626595536307627#-43.0#3.0495538063166547#9
0000 0017 2000 0000 0000 0000#1626595536309717#-36.5#3.129320807286708#9
0000 000F 2000 0000 0000 0000#1626595536311046#-43.5#3.988350048502667#9
0000 0019 2000 0000 0000 0000#1626595536312106#-48.0#0.5460971604872883#9
0000 001D 2000 0000 0000 0000#1626595536313438#-43.5#3.5465635815916023#9
0000 0016 2000 0000 0000 0000#1626595536314505#-40.5#3.448388811166921#9
0000 0015 2000 0000 0000 0000#1626595536315826#-46.5#3.8717675086233583#9
0000 0013 2000 0000 0000 0000#1626595536316892#-43.5#2.6691265709210157#9
0000 0012 2000 0000 0000 0000#1626595536317925#-43.0#1.9696313316451632#9
0000 0011 2000 0000 0000 0000#1626595536319830#-45.0#1.000155473701438#9
0000 0014 2000 0000 0000 0000#1626595536320899#-44.0#3.2765829629237295#9
0000 0018 2000 0000 0000 0000#1626595536322156#-45.5#4.914874444385594#9
0000 0010 2000 0000 0000 0000#1626595536324269#-48.5#5.743224069843841#9
0000 001B 2000 0000 0000 0000#1626595536326089#-43.0#2.356194490192345#9
0000 0012 2000 0000 0000 0000#1626595536331818#-43.0#2.000310947402876#9
0000 001D 2000 0000 0000 0000#1626595536332870#-43.0#3.56497135104623#9
0000 0018 2000 0000 0000 0000#1626595536334214#-47.0#4.970097752749477#9
0000 0017 2000 0000 0000 0000#1626595536335745#-36.0#3.1968159619536762#9
0000 0019 2000 0000 0000 0000#1626595536337292#-48.0#0.7301748550335652#9
0000 001A 2000 0000 0000 0000#1626595536340220#-43.0#1.6382914814618648#9
0000 0016 2000 0000 0000 0000#1626595536341315#-40.0#3.5281558121369745#9
0000 001B 2000 0000 0000 0000#1626595536343604#-42.5#2.3930100291016#9
0000 0015 2000 0000 0000 0000#1626595536344642#-46.0#3.9269908169872414#9
0000 000F 2000 0000 0000 0000#1626595536349429#-43.0#4.172427743048944#9
0000 0011 2000 0000 0000 0000#1626595536350517#-45.5#1.1228739367322893#9
0000 0010 2000 0000 0000 0000#1626595536351915#-47.0#5.921165841238575#9
0000 001C 2000 0000 0000 0000#1626595536353257#-42.5#3.172272269347506#9
0000 0013 2000 0000 0000 0000#1626595536354776#-43.5#2.767301341345697#9
0000 0014 2000 0000 0000 0000#1626595536355858#-43.5#3.3624858870453256#9
0000 0019 2000 0000 0000 0000#1626595536619788#-44.5#2.5832236467994196#9
0000 0010 2000 0000 0000 0000#1626595536620891#-46.0#1.736466251886546#9
0000 001C 2000 0000 0000 0000#1626595536621987#-40.5#4.632621979414636#9
0000 0013 2000 0000 0000 0000#1626595536623059#-41.0#4.289010282928253#9
0000 0014 2000 0000 0000 0000#1626595536624354#-41.5#4.767612288748572#9
0000 0011 2000 0000 0000 0000#1626595536626143#-42.5#2.7857091108003242#9
0000 0015 2000 0000 0000 0000#1626595536627251#-44.0#5.197126909356553#9
0000 001D 2000 0000 0000 0000#1626595536629081#-41.5#4.970097752749477#9
0000 0017 2000 0000 0000 0000#1626595536630842#-35.5#5.258486140871978#9
0000 0012 2000 0000 0000 0000#1626595536632132#-41.0#3.6386024288647407#9
0000 0018 2000 0000 0000 0000#1626595536633221#-46.0#1.030835089459151#9
0000 001A 2000 0000 0000 0000#1626595536634509#-40.0#3.2949907323783574#9
0000 001B 2000 0000 0000 0000#1626595536636927#-40.5#3.9944859716542096#9
0000 000F 2000 0000 0000 0000#1626595536638460#-43.0#0.0674951546669682#9
0000 0016 2000 0000 0000 0000#1626595536639511#-39.0#5.338253141842031#9
3008 33B2 DDD9 0140 2018 0626#1626595536642284#-62.0#5.767767762450011#9
0000 0018 2000 0000 0000 0000#1626595536647819#-46.0#1.0615147052168636#9
0000 0011 2000 0000 0000 0000#1626595536648908#-42.5#2.8716120349219203#9
0000 001C 2000 0000 0000 0000#1626595536650920#-40.5#4.693981210930062#9
0000 0019 2000 0000 0000 0000#1626595536652168#-43.5#2.6691265709210157#9
0000 001B 2000 0000 0000 0000#1626595536653975#-40.0#4.04357335686655#9
0000 0012 2000 0000 0000 0000#1626595536654966#-40.5#3.6999616603801666#9
0000 000F 2000 0000 0000 0000#1626595536656529#-43.0#0.15339807878856412#9
0000 001D 2000 0000 0000 0000#1626595536657620#-41.0#5.013049214810275#9
0000 0016 2000 0000 0000 0000#1626595536658671#-39.5#5.43029198911517#9
0000 0010 2000 0000 0000 0000#1626595536660524#-44.0#1.902136176978195#9
0000 0014 2000 0000 0000 0000#1626595536661787#-41.0#4.841243366567084#9
0000 0013 2000 0000 0000 0000#1626595536662871#-41.0#4.387185053352934#9
0000 0017 2000 0000 0000 0000#1626595536664148#-35.5#5.411884219660542#9
0000 001A 2000 0000 0000 0000#1626595536665666#-40.0#3.368621810196868#9
0000 0015 2000 0000 0000 0000#1626595536666744#-44.0#5.258486140871978#9
3008 33B2 DDD9 0140 2018 0626#1626595536668446#-62.0#5.835262917116979#9
0000 0016 2000 0000 0000 0000#1626595536935922#-39.0#5.939573610693203#9
0000 001B 2000 0000 0000 0000#1626595536937032#-38.5#4.025165587411922#9
0000 001C 2000 0000 0000 0000#1626595536938318#-39.0#4.558990901596125#9
0000 0012 2000 0000 0000 0000#1626595536939379#-39.0#3.7122335066832517#9
0000 000F 2000 0000 0000 0000#1626595536941180#-41.0#0.803805932852076#9
0000 0017 2000 0000 0000 0000#1626595536942943#-34.5#6.037748381117884#9
0000 001A 2000 0000 0000 0000#1626595536944049#-37.5#3.3747577333484107#9
0000 0018 2000 0000 0000 0000#1626595536945618#-42.5#1.5953400194010667#9
0000 0015 2000 0000 0000 0000#1626595536947397#-43.0#4.97623367590102#9
0000 0013 2000 0000 0000 0000#1626595536948708#-39.5#4.325825821837508#9
0000 001D 2000 0000 0000 0000#1626595536950053#-40.5#4.779884135051658#9
0000 0011 2000 0000 0000 0000#1626595536951089#-39.5#2.9943304979527716#9
0000 0014 2000 0000 0000 0000#1626595536952127#-40.0#4.675573441475434#9
0000 0010 2000 0000 0000 0000#1626595536958348#-41.0#2.227340104009951#9
0000 0019 2000 0000 0000 0000#1626595536959400#-41.0#2.8654761117703775#9
0000 0017 2000 0000 0000 0000#1626595536964618#-34.5#6.129787228391022#9
0000 0019 2000 0000 0000 0000#1626595536966226#-41.0#2.8777479580734626#9
0000 0013 2000 0000 0000 0000#1626595536967310#-39.5#4.356505437595221#9
0000 0015 2000 0000 0000 0000#1626595536968899#-43.0#4.988505522204105#9
0000 001C 2000 0000 0000 0000#1626595536969969#-39.0#4.608078286808466#9
0000 000F 2000 0000 0000 0000#1626595536971036#-40.0#0.8835729338221293#9
0000 0014 2000 0000 0000 0000#1626595536972587#-40.5#4.71238898038469#9
0000 001D 2000 0000 0000 0000#1626595536974133#-40.5#4.798291904506286#9
0000 0018 2000 0000 0000 0000#1626595536975532#-41.0#1.6812429435226628#9
0000 0016 2000 0000 0000 0000#1626595536976572#-39.0#6.074563920027139#9
0000 0011 2000 0000 0000 0000#1626595536978459#-39.5#3.0250101137104846#9
0000 0010 2000 0000 0000 0000#1626595536980554#-42.0#2.2764274892222915#9
0000 0012 2000 0000 0000 0000#1626595536982337#-39.0#3.792000507653305#9
0000 001A 2000 0000 0000 0000#1626595536983401#-37.0#3.442252888015379#9
0000 001B 2000 0000 0000 0000#1626595536984424#-38.0#4.09266074207889#9
0000 0017 2000 0000 0000 0000#1626595537250416#-30.5#1.1167380135807468#9
0000 0010 2000 0000 0000 0000#1626595537251528#-37.5#3.067961575771282#9
0000 0016 2000 0000 0000 0000#1626595537252638#-36.5#1.1351457830353744#9
0000 0011 2000 0000 0000 0000#1626595537254647#-37.5#3.80427235395639#9
0000 0014 2000 0000 0000 0000#1626595537255714#-38.5#5.135767677841127#9
0000 001A 2000 0000 0000 0000#1626595537257100#-34.5#4.166291819897402#9
0000 000F 2000 0000 0000 0000#1626595537258429#-36.0#1.9819031779482483#9
0000 0018 2000 0000 0000 0000#1626595537263336#-38.5#2.5954954931025047#9
0000 001B 2000 0000 0000 0000#1626595537264359#-37.0#4.724660826687775#9
0000 0012 2000 0000 0000 0000#1626595537265821#-37.0#4.491495746929157#9
0000 0013 2000 0000 0000 0000#1626595537267746#-38.0#4.970097752749477#9
0000 0019 2000 0000 0000 0000#1626595537269021#-38.5#3.718369429834794#9
0000 001C 2000 0000 0000 0000#1626595537270467#-37.0#5.098952138931871#9
0000 001D 2000 0000 0000 0000#1626595537271646#-39.5#5.148039524144211#9
0000 0015 2000 0000 0000 0000#1626595537272697#-43.0#5.264622064023521#9
0000 0019 2000 0000 0000 0000#1626595537278607#-38.5#3.730641276137879#9
0000 0011 2000 0000 0000 0000#1626595537279939#-37.5#3.847223816017188#9
0000 0017 2000 0000 0000 0000#1626595537282084#-30.5#1.239456476611598#9
0000 0016 2000 0000 0000 0000#1626595537284246#-36.0#1.2517283229146832#9
0000 0010 2000 0000 0000 0000#1626595537286489#-37.5#3.1354567304382504#9
0000 001D 2000 0000 0000 0000#1626595537288190#-39.5#5.141903600992669#9
0000 0018 2000 0000 0000 0000#1626595537289507#-38.0#2.650718801466388#9
0000 001A 2000 0000 0000 0000#1626595537291397#-34.0#4.215379205109742#9
0000 000F 2000 0000 0000 0000#1626595537294080#-36.0#2.073942025221387#9
0000 0015 2000 0000 0000 0000#1626595537295160#-43.0#5.264622064023521#9
0000 0014 2000 0000 0000 0000#1626595537296184#-38.5#5.166447293598839#9
0000 0012 2000 0000 0000 0000#1626595537297724#-37.0#4.540583132141498#9
0000 0013 2000 0000 0000 0000#1626595537298805#-38.0#4.994641445355648#9
0000 001B 2000 0000 0000 0000#1626595537300014#-37.0#4.767612288748572#9
0000 001C 2000 0000 0000 0000#1626595537301032#-37.0#5.111223985234957#9
0000 0016 2000 0000 0000 0000#1626595537565375#-34.0#1.9082721001297376#9
0000 001A 2000 0000 0000 0000#1626595537567242#-34.0#4.23378697456437#9
0000 0017 2000 0000 0000 0000#1626595537568517#-28.5#1.7794177139473437#9
0000 001B 2000 0000 0000 0000#1626595537569586#-37.0#4.6878452877785195#9
0000 0014 2000 0000 0000 0000#1626595537571379#-39.0#4.92714629068868#9
0000 0011 2000 0000 0000 0000#1626595537572410#-37.0#3.9392626632903265#9
0000 0018 2000 0000 0000 0000#1626595537573854#-35.0#2.8777479580734626#9
0000 001C 2000 0000 0000 0000#1626595537576876#-37.5#4.914874444385594#9
0000 000F 2000 0000 0000 0000#1626595537578140#-34.0#2.423689644859313#9
0000 0010 2000 0000 0000 0000#1626595537579226#-36.5#3.3072625786814425#9
0000 001D 2000 0000 0000 0000#1626595537580520#-40.0#4.847379289718626#9
0000 0019 2000 0000 0000 0000#1626595537581807#-37.5#3.8410878928656453#9
0000 0013 2000 0000 0000 0000#1626595537584962#-38.0#4.865787059173254#9
0000 0012 2000 0000 0000 0000#1626595537586604#-35.5#4.522175362686871#9
0000 0015 2000 0000 0000 0000#1626595537588184#-44.0#4.914874444385594#9
0000 000F 2000 0000 0000 0000#1626595537593419#-33.5#2.466641106920111#9
0000 0011 2000 0000 0000 0000#1626595537594482#-36.0#3.9638063558964967#9
0000 0012 2000 0000 0000 0000#1626595537595800#-36.5#4.552854978444583#9
0000 001A 2000 0000 0000 0000#1626595537596956#-34.0#4.25833066717054#9
0000 0015 2000 0000 0000 0000#1626595537598005#-44.0#4.896466674930966#9
0000 0019 2000 0000 0000 0000#1626595537599070#-37.5#3.890175278077986#9
0000 001D 2000 0000 0000 0000#1626595537600641#-40.5#4.841243366567084#9
0000 001C 2000 0000 0000 0000#1626595537603437#-37.5#4.921010367537137#9
0000 0013 2000 0000 0000 0000#1626595537605249#-38.0#4.878058905476339#9
0000 0017 2000 0000 0000 0000#1626595537606339#-28.5#1.8775924843720249#9
0000 0018 2000 0000 0000 0000#1626595537607671#-35.5#2.945243112740431#9
0000 0014 2000 0000 0000 0000#1626595537609492#-39.0#4.9394181369917645#9
0000 0010 2000 0000 0000 0000#1626595537610555#-36.5#3.3440781175906977#9
0000 0016 2000 0000 0000 0000#1626595537613784#-34.0#2.0493983326152168#9
0000 001B 2000 0000 0000 0000#1626595537615091#-37.0#4.693981210930062#9
0000 0011 2000 0000 0000 0000#1626595537879997#-35.0#5.049864753719531#9
0000 001D 2000 0000 0000 0000#1626595537881820#-42.5#5.4671075280244255#9
0000 001C 2000 0000 0000 0000#1626595537883730#-39.0#5.688000761479957#9
0000 0016 2000 0000 0000 0000#1626595537884798#-32.5#3.736777199289422#9
0000 001B 2000 0000 0000 0000#1626595537887448#-37.5#5.565282298449106#9
0000 0014 2000 0000 0000 0000#1626595537888570#-40.5#5.651185222570702#9
0000 0018 2000 0000 0000 0000#1626595537889621#-33.5#4.319689898685965#9
0000 0010 2000 0000 0000 0000#1626595537890880#-35.0#4.614214209960009#9
0000 0019 2000 0000 0000 0000#1626595537891886#-36.0#5.013049214810275#9
0000 0017 2000 0000 0000 0000#1626595537892906#-27.0#3.497476196379262#9
0000 000F 2000 0000 0000 0000#1626595537893955#-32.0#3.9944859716542096#9
0000 001A 2000 0000 0000 0000#1626595537895650#-35.5#5.252350217720435#9
0000 0015 2000 0000 0000 0000#1626595537897770#-46.0#5.393476450205914#9
0000 0012 2000 0000 0000 0000#1626595537898886#-37.5#5.50392306693368#9
0000 0013 2000 0000 0000 0000#1626595537899970#-39.0#5.724816300389213#9
0000 0019 2000 0000 0000 0000#1626595537904650#-36.0#5.013049214810275#9
0000 001B 2000 0000 0000 0000#1626595537905702#-37.5#5.565282298449106#9
0000 0014 2000 0000 0000 0000#1626595537907040#-41.0#5.638913376267617#9
0000 001D 2000 0000 0000 0000#1626595537908017#-42.5#5.43029198911517#9
0000 0018 2000 0000 0000 0000#1626595537909130#-32.5#4.344233591292136#9
0000 0016 2000 0000 0000 0000#1626595537911442#-32.5#3.834951969714103#9
0000 000F 2000 0000 0000 0000#1626595537912491#-32.0#4.031301510563465#9
0000 001A 2000 0000 0000 0000#1626595537914036#-35.5#5.252350217720435#9
0000 001C 2000 0000 0000 0000#1626595537916532#-39.0#5.663457068873787#9
0000 0017 2000 0000 0000 0000#1626595537917608#-27.0#3.5588354278946874#9
0000 0010 2000 0000 0000 0000#1626595537919703#-33.5#4.632621979414636#9
0000 0013 2000 0000 0000 0000#1626595537920759#-39.5#5.712544454086128#9
0000 0015 2000 0000 0000 0000#1626595537922408#-46.5#5.387340527054372#9
0000 0012 2000 0000 0000 0000#1626595537924791#-37.5#5.5100589900852235#9
0000 0011 2000 0000 0000 0000#1626595537925925#-35.5#5.062136600022616#9
0000 001C 2000 0000 0000 0000#1626595538189916#-41.5#4.828971520263998#9
0000 001A 2000 0000 0000 0000#1626595538191190#-37.5#4.638757902566179#9
0000 0017 2000 0000 0000 0000#1626595538192251#-26.5#3.466796580621549#9
0000 0011 2000 0000 0000 0000#1626595538194337#-36.5#4.509903516383785#9
0000 0015 2000 0000 0000 0000#1626595538195644#-48.5#4.3933209765044765#9
0000 0016 2000 0000 0000 0000#1626595538196737#-32.5#3.9269908169872414#9
0000 001D 2000 0000 0000 0000#1626595538197814#-44.5#4.448544284868359#9
0000 0013 2000 0000 0000 0000#1626595538198880#-41.5#4.933282213840222#9
0000 0014 2000 0000 0000 0000#1626595538199963#-43.5#4.743068596142402#9
0000 0012 2000 0000 0000 0000#1626595538201764#-39.0#4.816699673960914#9
0000 0018 2000 0000 0000 0000#1626595538203838#-33.5#4.080388895775806#9
0000 0019 2000 0000 0000 0000#1626595538205126#-37.0#4.540583132141498#9
0000 000F 2000 0000 0000 0000#1626595538206135#-32.0#3.877903431774901#9
0000 0010 2000 0000 0000 0000#1626595538210265#-34.5#4.264466590322082#9
0000 001B 2000 0000 0000 0000#1626595538212455#-40.0#4.798291904506286#9
0000 0011 2000 0000 0000 0000#1626595538217155#-35.5#4.503767593232243#9
0000 0016 2000 0000 0000 0000#1626595538219490#-32.0#3.9638063558964967#9
0000 001C 2000 0000 0000 0000#1626595538220548#-42.0#4.773748211900116#9
0000 0019 2000 0000 0000 0000#1626595538221838#-37.0#4.540583132141498#9
0000 001D 2000 0000 0000 0000#1626595538223172#-44.5#4.405592822807561#9
0000 000F 2000 0000 0000 0000#1626595538224419#-32.0#3.8963112012295285#9
0000 0018 2000 0000 0000 0000#1626595538225523#-34.0#4.080388895775806#9
0000 0017 2000 0000 0000 0000#1626595538226586#-26.0#3.522019888985432#9
0000 0015 2000 0000 0000 0000#1626595538227650#-48.5#4.338097668140593#9
0000 0013 2000 0000 0000 0000#1626595538228674#-42.0#4.890330751779424#9
0000 001B 2000 0000 0000 0000#1626595538229780#-40.0#4.755340442445488#9
0000 0012 2000 0000 0000 0000#1626595538230873#-39.0#4.7860200582032#9
0000 0010 2000 0000 0000 0000#1626595538233969#-33.5#4.270602513473625#9
0000 001A 2000 0000 0000 0000#1626595538235082#-36.5#4.589670517353839#9
0000 0014 2000 0000 0000 0000#1626595538236507#-44.0#4.700117134081604#9
0000 000F 2000 0000 0000 0000#1626595538499749#-31.0#4.295146206079795#9
0000 0010 2000 0000 0000 0000#1626595538501010#-34.5#4.430136515413731#9
0000 0012 2000 0000 0000 0000#1626595538504643#-40.0#4.540583132141498#9
0000 0019 2000 0000 0000 0000#1626595538505970#-37.0#4.528311285838413#9
0000 001A 2000 0000 0000 0000#1626595538506961#-38.0#4.3933209765044765#9
0000 0017 2000 0000 0000 0000#1626595538509683#-26.0#4.031301510563465#9
0000 0014 2000 0000 0000 0000#1626595538510750#-44.5#4.411728745959104#9
0000 001C 2000 0000 0000 0000#1626595538511864#-43.5#4.479223900626073#9
0000 0011 2000 0000 0000 0000#1626595538512851#-36.5#4.387185053352934#9
0000 001D 2000 0000 0000 0000#1626595538513930#-46.5#4.09266074207889#9
0000 001B 2000 0000 0000 0000#1626595538515621#-41.5#4.466952054322987#9
0000 0013 2000 0000 0000 0000#1626595538517763#-43.5#4.589670517353839#9
0000 0018 2000 0000 0000 0000#1626595538519156#-33.0#4.356505437595221#9
0000 0016 2000 0000 0000 0000#1626595538520234#-32.0#4.657165672020807#9
0000 0015 2000 0000 0000 0000#1626595538521455#-50.5#4.04357335686655#9
0000 0014 2000 0000 0000 0000#1626595538526181#-45.0#4.381049130201391#9
0000 0010 2000 0000 0000 0000#1626595538527925#-33.0#4.411728745959104#9
0000 0011 2000 0000 0000 0000#1626595538530344#-37.0#4.381049130201391#9
0000 0016 2000 0000 0000 0000#1626595538531409#-32.0#4.6878452877785195#9
0000 0018 2000 0000 0000 0000#1626595538532469#-33.0#4.338097668140593#9
0000 0012 2000 0000 0000 0000#1626595538533545#-40.0#4.479223900626073#9
0000 0013 2000 0000 0000 0000#1626595538534627#-43.5#4.540583132141498#9
0000 0015 2000 0000 0000 0000#1626595538535690#-51.0#3.9944859716542096#9
0000 001B 2000 0000 0000 0000#1626595538537071#-41.5#4.442408361716817#9
0000 000F 2000 0000 0000 0000#1626595538538091#-30.5#4.301282129231338#9
0000 001A 2000 0000 0000 0000#1626595538539138#-38.0#4.319689898685965#9
0000 0017 2000 0000 0000 0000#1626595538540199#-26.5#4.061981126321178#9
0000 0019 2000 0000 0000 0000#1626595538541333#-37.0#4.4976316700806995#9
0000 001C 2000 0000 0000 0000#1626595538542376#-43.5#4.4362724385652745#9
0000 001D 2000 0000 0000 0000#1626595538543608#-47.0#4.031301510563465#9
0000 0010 2000 0000 0000 0000#1626595538806932#-33.5#3.749049045592507#9
0000 0018 2000 0000 0000 0000#1626595538808609#-33.5#3.785864584501762#9
0000 0013 2000 0000 0000 0000#1626595538809662#-45.0#3.6447383520162835#9
0000 001D 2000 0000 0000 0000#1626595538810737#-50.5#3.067961575771282#9
0000 0011 2000 0000 0000 0000#1626595538813271#-37.0#3.5342917352885173#9
0000 001B 2000 0000 0000 0000#1626595538815509#-43.0#3.497476196379262#9
0000 0016 2000 0000 0000 0000#1626595538816744#-31.0#4.503767593232243#9
0000 000F 2000 0000 0000 0000#1626595538820332#-31.5#3.847223816017188#9
0000 0015 2000 0000 0000 0000#1626595538821631#-54.5#3.0372819600135696#9
0000 0017 2000 0000 0000 0000#1626595538822835#-26.5#3.693825737228624#9
0000 0014 2000 0000 0000 0000#1626595538823887#-47.5#3.399301425954581#9
0000 0012 2000 0000 0000 0000#1626595538825805#-41.0#3.522019888985432#9
0000 001C 2000 0000 0000 0000#1626595538827005#-46.0#3.4606606574700063#9
0000 001A 2000 0000 0000 0000#1626595538828250#-39.5#3.368621810196868#9
0000 0019 2000 0000 0000 0000#1626595538829271#-38.0#3.663146121470911#9
0000 0012 2000 0000 0000 0000#1626595538833692#-41.5#3.522019888985432#9
0000 0017 2000 0000 0000 0000#1626595538835829#-26.5#3.6999616603801666#9
0000 0010 2000 0000 0000 0000#1626595538836832#-34.5#3.718369429834794#9
0000 0016 2000 0000 0000 0000#1626595538837911#-31.5#4.4976316700806995#9
0000 001C 2000 0000 0000 0000#1626595538838996#-46.0#3.429981041712294#9
0000 0018 2000 0000 0000 0000#1626595538840392#-32.5#3.767456815047135#9
0000 000F 2000 0000 0000 0000#1626595538841670#-31.0#3.8288160465625602#9
0000 0011 2000 0000 0000 0000#1626595538843311#-36.0#3.4606606574700063#9
0000 001A 2000 0000 0000 0000#1626595538844645#-39.5#3.3318062712876126#9
0000 0019 2000 0000 0000 0000#1626595538845922#-37.5#3.650874275167826#9
0000 001D 2000 0000 0000 0000#1626595538846955#-50.5#2.9943304979527716#9
0000 001B 2000 0000 0000 0000#1626595538848605#-43.0#3.436116964863836#9
0000 0013 2000 0000 0000 0000#1626595538850027#-45.5#3.5465635815916023#9
0000 0015 2000 0000 0000 0000#1626595538851378#-55.0#2.9084275738311756#9
0000 0014 2000 0000 0000 0000#1626595538852428#-48.0#3.3502140407422405#9
0000 0016 2000 0000 0000 0000#1626595539115873#-30.5#5.197126909356553#9
0000 001B 2000 0000 0000 0000#1626595539117662#-44.5#3.6324665057131984#9
0000 001A 2000 0000 0000 0000#1626595539119266#-39.5#3.5833791205008576#9
0000 0017 2000 0000 0000 0000#1626595539120540#-25.5#4.344233591292136#9
0000 001D 2000 0000 0000 0000#1626595539121824#-54.0#2.804116880254952#9
0000 0010 2000 0000 0000 0000#1626595539123166#-32.5#4.135612204139688#9
0000 000F 2000 0000 0000 0000#1626595539124217#-30.5#4.3933209765044765#9
0000 0012 2000 0000 0000 0000#1626595539126099#-41.0#3.6999616603801666#9
0000 0019 2000 0000 0000 0000#1626595539127378#-37.5#3.9822141253511245#9
0000 0014 2000 0000 0000 0000#1626595539128473#-51.0#3.3318062712876126#9
0000 0018 2000 0000 0000 0000#1626595539129560#-32.5#4.239922897715912#9
0000 001C 2000 0000 0000 0000#1626595539131487#-49.0#3.423845118560751#9
0000 0011 2000 0000 0000 0000#1626595539132663#-37.0#3.761320891895592#9
0000 0015 2000 0000 0000 0000#1626595539135787#-59.5#2.4850488763747385#9
0000 0013 2000 0000 0000 0000#1626595539136969#-47.5#3.6201946594101133#9
0000 001B 2000 0000 0000 0000#1626595539143240#-44.5#3.5711072741977725#9
0000 0015 2000 0000 0000 0000#1626595539144277#-60.0#2.4175537217077703#9
0000 0016 2000 0000 0000 0000#1626595539145823#-30.5#5.197126909356553#9
0000 0010 2000 0000 0000 0000#1626595539146897#-34.0#4.111068511533518#9
0000 001A 2000 0000 0000 0000#1626595539148778#-38.0#3.5036121195308043#9
0000 0011 2000 0000 0000 0000#1626595539150568#-37.0#3.724505352986337#9
0000 0012 2000 0000 0000 0000#1626595539152886#-42.0#3.6324665057131984#9
0000 001D 2000 0000 0000 0000#1626595539153918#-54.5#2.6323110320117604#9
0000 0017 2000 0000 0000 0000#1626595539155190#-25.5#4.313553975534423#9
0000 0013 2000 0000 0000 0000#1626595539156228#-47.5#3.56497135104623#9
0000 0014 2000 0000 0000 0000#1626595539157263#-51.5#3.2213596545598464#9
0000 0019 2000 0000 0000 0000#1626595539158328#-37.5#3.9269908169872414#9
0000 001C 2000 0000 0000 0000#1626595539162171#-49.5#3.3072625786814425#9
0000 000F 2000 0000 0000 0000#1626595539163834#-30.0#4.3503695144436785#9
0000 0018 2000 0000 0000 0000#1626595539165177#-32.5#4.215379205109742#9
0000 0011 2000 0000 0000 0000#1626595539438935#-38.0#2.4727770300716534#9
0000 0019 2000 0000 0000 0000#1626595539440625#-38.5#2.6998061866787286#9
0000 0013 2000 0000 0000 0000#1626595539441665#-51.5#1.846912868614312#9
0000 0012 2000 0000 0000 0000#1626595539442954#-45.0#2.2027964114037806#9
3008 33B2 DDD9 0140 2018 0626#1626595539444030#-61.5#5.602097837358362#9
0000 0017 2000 0000 0000 0000#1626595539445670#-25.0#3.3747577333484107#9
0000 000F 2000 0000 0000 0000#1626595539446733#-31.0#3.356349963893783#9
0000 0018 2000 0000 0000 0000#1626595539447794#-34.0#3.129320807286708#9
0000 0014 2000 0000 0000 0000#1626595539448917#-55.0#1.0492428589137786#9
0000 001C 2000 0000 0000 0000#1626595539450414#-53.5#1.2701360923693108#9
0000 0016 2000 0000 0000 0000#1626595539451464#-31.5#4.417864669110647#9
0000 001B 2000 0000 0000 0000#1626595539452858#-48.0#1.902136176978195#9
0000 001D 2000 0000 0000 0000#1626595539455039#-58.0#6.2034183062095325#9
0000 0010 2000 0000 0000 0000#1626595539456340#-35.0#2.9022916506796332#9
0000 001A 2000 0000 0000 0000#1626595539457480#-40.5#2.086213871524472#9
0000 0015 2000 0000 0000 0000#1626595539460015#-53.0#5.442563835418255#9
0000 001A 2000 0000 0000 0000#1626595539463783#-42.5#2.0800779483729293#9
0000 0019 2000 0000 0000 0000#1626595539465377#-38.5#2.650718801466388#9
0000 001B 2000 0000 0000 0000#1626595539466431#-48.5#1.8407769454627694#9
0000 000F 2000 0000 0000 0000#1626595539467736#-31.5#3.3072625786814425#9
0000 0014 2000 0000 0000 0000#1626595539468813#-55.0#0.9081166264282996#9
0000 0017 2000 0000 0000 0000#1626595539470355#-26.5#3.3318062712876126#9
0000 0012 2000 0000 0000 0000#1626595539471660#-45.5#2.110757564130642#9
0000 0016 2000 0000 0000 0000#1626595539473266#-31.5#4.387185053352934#9
0000 0011 2000 0000 0000 0000#1626595539475293#-39.5#2.380738182798515#9
0000 0013 2000 0000 0000 0000#1626595539477829#-52.0#1.6566992509164924#9
0000 0010 2000 0000 0000 0000#1626595539480252#-35.5#2.8654761117703775#9
0000 001D 2000 0000 0000 0000#1626595539481330#-56.5#5.835262917116979#9
0000 0018 2000 0000 0000 0000#1626595539482391#-34.0#3.074097498922825#9
3008 33B2 DDD9 0140 2018 0626#1626595539483761#-61.5#5.64504929941916#9
0000 0015 2000 0000 0000 0000#1626595539486080#-50.0#5.209398755659637#9
0000 001C 2000 0000 0000 0000#1626595539487335#-54.0#1.0246991663076084#9
0000 0015 2000 0000 0000 0000#1626595539755315#-49.5#4.006757817957295#9
0000 0019 2000 0000 0000 0000#1626595539756636#-41.0#2.086213871524472#9
0000 001B 2000 0000 0000 0000#1626595539757700#-52.0#0.5276893910326605#9
0000 0017 2000 0000 0000 0000#1626595539759731#-28.0#3.031146036862027#9
0000 000F 2000 0000 0000 0000#1626595539760822#-33.0#2.945243112740431#9
0000 001C 2000 0000 0000 0000#1626595539763076#-47.0#4.595806440505381#9
0000 0012 2000 0000 0000 0000#1626595539764079#-48.0#1.1474176293384597#9
0000 0016 2000 0000 0000 0000#1626595539765171#-32.5#4.215379205109742#9
0000 0018 2000 0000 0000 0000#1626595539766491#-35.5#2.650718801466388#9
0000 0011 2000 0000 0000 0000#1626595539768278#-41.5#1.7671458676442586#9
0000 0013 2000 0000 0000 0000#1626595539769329#-54.0#6.2463697682703305#9
0000 001D 2000 0000 0000 0000#1626595539772248#-45.0#3.6754179677739964#9
0000 001A 2000 0000 0000 0000#1626595539773876#-45.5#1.2026409377023426#9
0000 0014 2000 0000 0000 0000#1626595539774958#-45.5#4.276738436625168#9
0000 0010 2000 0000 0000 0000#1626595539776029#-37.5#2.380738182798515#9
0000 0014 2000 0000 0000 0000#1626595539792890#-46.0#3.5465635815916023#9
0000 001B 2000 0000 0000 0000#1626595539794266#-52.5#5.982525072754001#9
0000 0017 2000 0000 0000 0000#1626595539795542#-29.0#2.356194490192345#9
0000 001C 2000 0000 0000 0000#1626595539796614#-46.5#3.663146121470911#9
0000 0016 2000 0000 0000 0000#1626595539797707#-33.5#3.5772431973493153#9
0000 000F 2000 0000 0000 0000#1626595539798842#-33.5#2.282563412373834#9
0000 0010 2000 0000 0000 0000#1626595539799939#-36.5#1.761009944492716#9
0000 0019 2000 0000 0000 0000#1626595539800961#-42.5#1.41126232485479#9
0000 0013 2000 0000 0000 0000#1626595539802297#-54.0#5.368932757599744#9
0000 001A 2000 0000 0000 0000#1626595539803316#-47.0#0.4970097752749477#9
0000 0011 2000 0000 0000 0000#1626595539807038#-42.5#1.043106935762236#9
0000 0018 2000 0000 0000 0000#1626595539808166#-35.0#1.9819031779482483#9
0000 0012 2000 0000 0000 0000#1626595539810224#-49.5#0.3190680038802134#9
0000 001D 2000 0000 0000 0000#1626595539811385#-47.0#2.988194574801229#9
0000 0015 2000 0000 0000 0000#1626595539812720#-53.5#3.356349963893783#9
0000 0011 2000 0000 0000 0000#1626595540079782#-45.5#0.0674951546669682#9
0000 0014 2000 0000 0000 0000#1626595540081064#-52.0#3.0925052683774528#9
0000 0019 2000 0000 0000 0000#1626595540083196#-47.5#0.5890486225480862#9
0000 0010 2000 0000 0000 0000#1626595540084481#-41.5#1.1965050145508#9
0000 0017 2000 0000 0000 0000#1626595540085862#-29.5#1.8960002538266525#9
0000 000F 2000 0000 0000 0000#1626595540086942#-36.0#1.846912868614312#9
0000 0016 2000 0000 0000 0000#1626595540089367#-35.5#3.2090878082567613#9
0000 001C 2000 0000 0000 0000#1626595540090441#-48.5#3.06182565261974#9
0000 0018 2000 0000 0000 0000#1626595540092689#-38.5#1.5155730184310134#9
0000 0012 2000 0000 0000 0000#1626595540094778#-47.0#4.270602513473625#9
0000 001B 2000 0000 0000 0000#1626595540096100#-43.5#3.141592653589793#9
0000 0013 2000 0000 0000 0000#1626595540097477#-43.5#3.031146036862027#9
0000 001D 2000 0000 0000 0000#1626595540098526#-63.5#2.478912953223196#9
0000 001B 2000 0000 0000 0000#1626595540106885#-43.5#3.104777114680538#9
0000 0012 2000 0000 0000 0000#1626595540108028#-45.0#4.129476280988146#9
0000 0016 2000 0000 0000 0000#1626595540109094#-36.0#3.172272269347506#9
0000 0018 2000 0000 0000 0000#1626595540110583#-40.0#1.4664856332186729#9
0000 001A 2000 0000 0000 0000#1626595540111884#-49.0#4.859651136021712#9
0000 0017 2000 0000 0000 0000#1626595540114012#-29.5#1.8530487917658545#9
0000 0011 2000 0000 0000 0000#1626595540116041#-47.5#6.12365130523948#9
0000 000F 2000 0000 0000 0000#1626595540117076#-36.5#1.7978254834019713#9
0000 001C 2000 0000 0000 0000#1626595540119103#-50.0#3.0925052683774528#9
0000 0010 2000 0000 0000 0000#1626595540120874#-42.5#1.0983302441261191#9
0000 0013 2000 0000 0000 0000#1626595540121944#-44.0#3.000466421104314#9
0000 001D 2000 0000 0000 0000#1626595540125187#-65.5#2.2948352586769194#9
0000 0019 2000 0000 0000 0000#1626595540126504#-48.0#0.4049709280018093#9
0000 0014 2000 0000 0000 0000#1626595540128583#-55.0#3.043417883165112#9
0000 001C 2000 0000 0000 0000#1626595540402801#-60.5#2.5586799541932495#9
0000 0019 2000 0000 0000 0000#1626595540404106#-47.0#5.135767677841127#9
0000 0014 2000 0000 0000 0000#1626595540406556#-61.5#1.5462526341887264#9
0000 0016 2000 0000 0000 0000#1626595540407618#-38.0#3.184544115650591#9
0000 001A 2000 0000 0000 0000#1626595540409165#-40.5#3.411573272257666#9
0000 0013 2000 0000 0000 0000#1626595540410275#-56.5#3.3011266555298997#9
0000 0018 2000 0000 0000 0000#1626595540411279#-45.5#1.0921943209745766#9
0000 001B 2000 0000 0000 0000#1626595540412358#-52.0#3.6017868899554855#9
0000 0017 2000 0000 0000 0000#1626595540413393#-35.0#1.7978254834019713#9
0000 0012 2000 0000 0000 0000#1626595540415653#-43.5#3.423845118560751#9
0000 000F 2000 0000 0000 0000#1626595540416931#-42.0#1.6751070203711202#9
0000 0015 2000 0000 0000 0000#1626595540417981#-59.0#2.325514874434632#9
0000 0011 2000 0000 0000 0000#1626595540419140#-42.0#4.246058820867455#9
0000 0010 2000 0000 0000 0000#1626595540420173#-47.5#0.25770877236478773#9
0000 001A 2000 0000 0000 0000#1626595540427180#-41.0#3.4054373491061236#9
0000 001C 2000 0000 0000 0000#1626595540428238#-61.0#2.3439226438892597#9
0000 0017 2000 0000 0000 0000#1626595540429784#-35.5#1.7732817907958012#9
0000 001B 2000 0000 0000 0000#1626595540431303#-53.0#3.6079228131070282#9
0000 0013 2000 0000 0000 0000#1626595540432402#-57.0#3.172272269347506#9
0000 000F 2000 0000 0000 0000#1626595540434403#-42.5#1.6014759425526093#9
0000 0014 2000 0000 0000 0000#1626595540435472#-61.5#1.337631247036279#9
0000 0012 2000 0000 0000 0000#1626595540436519#-44.0#3.448388811166921#9
0000 0019 2000 0000 0000 0000#1626595540438093#-46.0#4.865787059173254#9
0000 0018 2000 0000 0000 0000#1626595540439381#-46.5#0.9572040116406401#9
0000 0016 2000 0000 0000 0000#1626595540440671#-38.5#3.129320807286708#9
0000 0010 2000 0000 0000 0000#1626595540443199#-48.0#0.09817477042468103#9
0000 0011 2000 0000 0000 0000#1626595540444272#-41.5#4.123340357836604#9
0000 0015 2000 0000 0000 0000#1626595540446180#-58.0#2.325514874434632#9
0000 0019 2000 0000 0000 0000#1626595540712331#-44.5#3.5036121195308043#9
0000 0017 2000 0000 0000 0000#1626595540713878#-43.0#0.3436116964863836#9
0000 0015 2000 0000 0000 0000#1626595540714974#-55.0#6.111379458936394#9
0000 001D 2000 0000 0000 0000#1626595540716018#-54.0#0.8406214717613314#9
0000 0018 2000 0000 0000 0000#1626595540717146#-45.5#4.841243366567084#9
0000 0011 2000 0000 0000 0000#1626595540719531#-45.0#3.2213596545598464#9
0000 001A 2000 0000 0000 0000#1626595540721999#-54.5#2.7979809571034093#9
0000 0010 2000 0000 0000 0000#1626595540723837#-44.5#4.086524818927348#9
0000 001B 2000 0000 0000 0000#1626595540725941#-60.5#0.8160777791551611#9
0000 000F 2000 0000 0000 0000#1626595540727456#-48.5#5.890486225480862#9
0000 0016 2000 0000 0000 0000#1626595540728552#-44.0#2.2150682577068657#9
0000 0012 2000 0000 0000 0000#1626595540730691#-56.5#2.1046216409791#9
0000 001C 2000 0000 0000 0000#1626595540731907#-59.5#4.430136515413731#9
0000 0013 2000 0000 0000 0000#1626595540732931#-57.5#5.915029918087033#9
0000 0014 2000 0000 0000 0000#1626595540734199#-58.0#3.5956509668039427#9
0000 0014 2000 0000 0000 0000#1626595540741448#-58.0#3.54042765844006#9
0000 0018 2000 0000 0000 0000#1626595540742651#-47.5#4.693981210930062#9
0000 001D 2000 0000 0000 0000#1626595540744429#-54.5#0.760854470791278#9
0000 001B 2000 0000 0000 0000#1626595540745966#-60.5#0.5522330836388308#9
0000 0010 2000 0000 0000 0000#1626595540747081#-43.0#4.031301510563465#9
0000 0015 2000 0000 0000 0000#1626595540748684#-55.5#6.277049384028044#9
0000 0017 2000 0000 0000 0000#1626595540750001#-44.0#0.1227184630308513#9
0000 0012 2000 0000 0000 0000#1626595540751250#-56.5#1.9205439464328227#9
0000 0011 2000 0000 0000 0000#1626595540752951#-48.0#3.2029518851052186#9
0000 000F 2000 0000 0000 0000#1626595540754041#-48.5#5.688000761479957#9
0000 0016 2000 0000 0000 0000#1626595540755363#-44.5#2.1659808724945253#9
0000 0019 2000 0000 0000 0000#1626595540756638#-45.5#3.479068426924634#9
0000 001C 2000 0000 0000 0000#1626595540758048#-59.5#4.28287435977671#9
0000 001A 2000 0000 0000 0000#1626595540760830#-56.0#2.6323110320117604#9
0000 0013 2000 0000 0000 0000#1626595540761910#-57.5#5.688000761479957#9
0000 0016 2000 0000 0000 0000#1626595541024541#-50.5#0.5399612373357456#9
0000 001B 2000 0000 0000 0000#1626595541025579#-60.5#3.7122335066832517#9
0000 0014 2000 0000 0000 0000#1626595541026616#-56.5#0.9878836273983529#9
0000 001A 2000 0000 0000 0000#1626595541027921#-62.5#6.092971689481767#9
0000 0019 2000 0000 0000 0000#1626595541028968#-56.5#2.693670263527186#9
0000 001C 2000 0000 0000 0000#1626595541031264#-58.5#1.8837284075235674#9
0000 0010 2000 0000 0000 0000#1626595541033615#-49.5#3.2949907323783574#9
0000 0017 2000 0000 0000 0000#1626595541034689#-43.0#4.239922897715912#9
0000 0018 2000 0000 0000 0000#1626595541036008#-48.5#3.5833791205008576#9
0000 0012 2000 0000 0000 0000#1626595541037393#-58.0#4.945554060143307#9
0000 0011 2000 0000 0000 0000#1626595541038775#-55.0#1.4542137869155878#9
0000 000F 2000 0000 0000 0000#1626595541040280#-47.0#3.9760782021995817#9
0000 0013 2000 0000 0000 0000#1626595541046632#-58.0#2.890019804376548#9
0000 000F 2000 0000 0000 0000#1626595541051652#-47.0#3.9269908169872414#9
0000 001A 2000 0000 0000 0000#1626595541053455#-62.5#5.66959299202533#9
0000 001C 2000 0000 0000 0000#1626595541054565#-58.5#1.748738098189631#9
0000 0017 2000 0000 0000 0000#1626595541055829#-43.5#4.154019973594316#9
0000 0010 2000 0000 0000 0000#1626595541056904#-52.0#3.215223731408304#9
0000 0019 2000 0000 0000 0000#1626595541058207#-57.5#2.478912953223196#9
0000 0018 2000 0000 0000 0000#1626595541059210#-49.0#3.5342917352885173#9
0000 0011 2000 0000 0000 0000#1626595541060733#-56.0#1.3130875544301088#9
0000 0016 2000 0000 0000 0000#1626595541061752#-50.5#0.28225246497095796#9
0000 0013 2000 0000 0000 0000#1626595541063248#-58.0#2.7550294950426117#9
0000 0012 2000 0000 0000 0000#1626595541065391#-59.5#4.669437518323892#9
0000 0014 2000 0000 0000 0000#1626595541066443#-57.0#0.7363107781851077#9
0000 001B 2000 0000 0000 0000#1626595541067890#-60.5#3.411573272257666#9
0000 001B 2000 0000 0000 0000#1626595541331052#-57.5#2.184388641949153#9
0000 001A 2000 0000 0000 0000#1626595541332625#-56.5#3.3072625786814425#9
0000 000F 2000 0000 0000 0000#1626595541334406#-50.5#3.448388811166921#9
0000 0010 2000 0000 0000 0000#1626595541337409#-56.0#1.6935147898257479#9
0000 0018 2000 0000 0000 0000#1626595541339323#-55.0#2.6139032625571326#9
0000 0014 2000 0000 0000 0000#1626595541340406#-52.5#4.890330751779424#9
0000 0016 2000 0000 0000 0000#1626595541342016#-48.5#5.264622064023521#9
0000 0017 2000 0000 0000 0000#1626595541343036#-44.0#3.56497135104623#9
0000 0019 2000 0000 0000 0000#1626595541344085#-62.0#0.25157284921324513#9
0000 001C 2000 0000 0000 0000#1626595541345498#-57.5#6.12365130523948#9
0000 001D 2000 0000 0000 0000#1626595541346591#-60.0#3.5772431973493153#9
0000 0012 2000 0000 0000 0000#1626595541347927#-54.0#2.834796496012665#9
0000 0011 2000 0000 0000 0000#1626595541349857#-56.5#4.706253057233147#9
0000 0013 2000 0000 0000 0000#1626595541351917#-56.5#1.2210487071569704#9
0000 0017 2000 0000 0000 0000#1626595541355655#-44.5#3.509748042682347#9
0000 0016 2000 0000 0000 0000#1626595541356687#-48.0#5.246214294568893#9
0000 0019 2000 0000 0000 0000#1626595541358252#-62.0#0.030679615757712823#9
0000 001C 2000 0000 0000 0000#1626595541359268#-57.0#5.982525072754001#9
0000 001B 2000 0000 0000 0000#1626595541360574#-56.5#2.0064468705544187#9
0000 0014 2000 0000 0000 0000#1626595541363807#-52.0#4.620350133111551#9
0000 001D 2000 0000 0000 0000#1626595541364870#-59.5#3.2643111166206444#9
0000 001A 2000 0000 0000 0000#1626595541366640#-55.5#3.117048960983623#9
0000 0018 2000 0000 0000 0000#1626595541368189#-55.5#2.411417798556228#9
0000 0010 2000 0000 0000 0000#1626595541370195#-56.5#1.3867186322486196#9
0000 0012 2000 0000 0000 0000#1626595541372952#-53.5#2.650718801466388#9
0000 000F 2000 0000 0000 0000#1626595541374282#-52.0#3.2827188860752723#9
0000 0013 2000 0000 0000 0000#1626595541375353#-55.5#1.0737865515199487#9
0000 0011 2000 0000 0000 0000#1626595541377483#-56.0#4.485359823777615#9
0000 0012 2000 0000 0000 0000#1626595541645338#-51.0#1.8100973297050567#9
0000 001C 2000 0000 0000 0000#1626595541646637#-52.5#4.546719055293041#9
0000 0016 2000 0000 0000 0000#1626595541648529#-49.5#5.080544369477243#9
0000 0011 2000 0000 0000 0000#1626595541649844#-53.0#3.5895150436524004#9
0000 0015 2000 0000 0000 0000#1626595541651201#-54.5#0.9633399347921826#9
0000 001A 2000 0000 0000 0000#1626595541652521#-52.5#2.3009711818284617#9
0000 0010 2000 0000 0000 0000#1626595541653592#-56.0#6.154330920997192#9
0000 0019 2000 0000 0000 0000#1626595541655837#-58.0#4.638757902566179#9
0000 001D 2000 0000 0000 0000#1626595541657214#-52.5#2.018718716857504#9
0000 0014 2000 0000 0000 0000#1626595541658508#-48.0#2.82252464970958#9
0000 0017 2000 0000 0000 0000#1626595541659543#-49.5#3.1354567304382504#9
0000 001B 2000 0000 0000 0000#1626595541660624#-53.5#0.7792622402459057#9
0000 0013 2000 0000 0000 0000#1626595541661916#-54.0#6.19728238305799#9
0000 000F 2000 0000 0000 0000#1626595541663394#-55.5#2.429825568010856#9
0000 0018 2000 0000 0000 0000#1626595541664434#-56.5#0.9817477042468103#9
0000 0014 2000 0000 0000 0000#1626595541669025#-48.0#2.748893571891069#9
0000 001B 2000 0000 0000 0000#1626595541670137#-54.5#0.7731263170943632#9
0000 0018 2000 0000 0000 0000#1626595541671183#-56.5#0.8835729338221293#9
0000 000F 2000 0000 0000 0000#1626595541672287#-55.5#2.350058567040802#9
0000 0010 2000 0000 0000 0000#1626595541673358#-56.0#6.013204688511713#9
0000 0017 2000 0000 0000 0000#1626595541674955#-49.5#3.074097498922825#9
0000 001D 2000 0000 0000 0000#1626595541676998#-53.0#1.9389517158874505#9
0000 0019 2000 0000 0000 0000#1626595541678799#-58.0#4.516039439535327#9
0000 001C 2000 0000 0000 0000#1626595541681835#-52.0#4.344233591292136#9
0000 0016 2000 0000 0000 0000#1626595541682899#-50.0#5.00077736850719#9
0000 0013 2000 0000 0000 0000#1626595541684735#-53.0#6.074563920027139#9
0000 0012 2000 0000 0000 0000#1626595541685823#-51.5#1.6382914814618648#9
0000 0011 2000 0000 0000 0000#1626595541688352#-53.5#3.436116964863836#9
0000 0015 2000 0000 0000 0000#1626595541689945#-54.5#0.8958447801252144#9
0000 001A 2000 0000 0000 0000#1626595541690972#-52.5#2.1046216409791#9
0000 0018 2000 0000 0000 0000#1626595541955723#-59.5#5.399612373357457#9
0000 0011 2000 0000 0000 0000#1626595541957088#-56.0#2.1230294104337273#9
0000 0014 2000 0000 0000 0000#1626595541958627#-50.0#0.9265243958829272#9
0000 000F 2000 0000 0000 0000#1626595541960368#-60.5#0.36815538909255385#9
0000 0016 2000 0000 0000 0000#1626595541962589#-58.0#4.154019973594316#9
0000 001B 2000 0000 0000 0000#1626595541963681#-57.5#5.497787143782138#9
0000 001C 2000 0000 0000 0000#1626595541964738#-52.0#2.4175537217077703#9
0000 0015 2000 0000 0000 0000#1626595541967290#-55.0#5.884350302329319#9
0000 001D 2000 0000 0000 0000#1626595541968405#-51.5#0.4540583132141498#9
0000 0012 2000 0000 0000 0000#1626595541969483#-55.0#0.1349903093339364#9
0000 0017 2000 0000 0000 0000#1626595541971953#-58.5#1.6751070203711202#9
0000 0013 2000 0000 0000 0000#1626595541973875#-55.0#4.338097668140593#9
0000 001A 2000 0000 0000 0000#1626595541975801#-56.5#0.7301748550335652#9
0000 0019 2000 0000 0000 0000#1626595541977148#-64.0#3.442252888015379#9
0000 0010 2000 0000 0000 0000#1626595541978773#-57.5#4.540583132141498#9
0000 0011 2000 0000 0000 0000#1626595541984083#-57.5#2.055534255766759#9
0000 0014 2000 0000 0000 0000#1626595541985163#-50.5#0.8897088569736719#9
0000 0012 2000 0000 0000 0000#1626595541986227#-55.0#0.1349903093339364#9
0000 000F 2000 0000 0000 0000#1626595541988510#-61.0#0.3190680038802134#9
0000 0013 2000 0000 0000 0000#1626595541989832#-55.5#4.325825821837508#9
0000 001A 2000 0000 0000 0000#1626595541993185#-57.5#0.6872233929727672#9
0000 001B 2000 0000 0000 0000#1626595541994946#-57.5#5.393476450205914#9
0000 0010 2000 0000 0000 0000#1626595541996503#-59.0#4.516039439535327#9
0000 001D 2000 0000 0000 0000#1626595541997593#-53.0#0.4295146206079795#9
0000 0015 2000 0000 0000 0000#1626595541999660#-55.0#5.872078456026235#9
0000 0017 2000 0000 0000 0000#1626595542001293#-60.5#1.5401167110371838#9
0000 0018 2000 0000 0000 0000#1626595542002380#-60.0#5.2768939103266055#9
0000 001C 2000 0000 0000 0000#1626595542004178#-52.5#2.3193789512830896#9
0000 0016 2000 0000 0000 0000#1626595542005269#-59.5#4.104932588381976#9
0000 0019 2000 0000 0000 0000#1626595542007790#-64.5#3.2827188860752723#9
0000 0015 2000 0000 0000 0000#1626595542274420#-58.5#5.792311455056181#9
0000 0015 2000 0000 0000 0000#1626595542291481#-58.5#5.773903685601553#9
0000 000F 2000 0000 0000 0000#1626595542569339#-69.0#3.834951969714103#9
0000 001B 2000 0000 0000 0000#1626595542834396#-61.5#0.4970097752749477#9
0000 0014 2000 0000 0000 0000#1626595542837467#-52.5#2.6691265709210157#9
0000 0015 2000 0000 0000 0000#1626595542838772#-57.5#1.7978254834019713#9
0000 001D 2000 0000 0000 0000#1626595542839903#-53.5#2.466641106920111#9
0000 001A 2000 0000 0000 0000#1626595542841492#-62.0#1.6137477888556946#9
0000 0013 2000 0000 0000 0000#1626595542842843#-61.0#5.915029918087033#9
0000 0012 2000 0000 0000 0000#1626595542845051#-59.5#1.368310862793992#9
0000 0011 2000 0000 0000 0000#1626595542856429#-63.5#2.779573187648782#9
0000 0010 2000 0000 0000 0000#1626595542860167#-65.5#5.5284667595398505#9
0000 0018 2000 0000 0000 0000#1626595542862802#-68.0#6.013204688511713#9
0000 001C 2000 0000 0000 0000#1626595542864142#-56.0#4.080388895775806#9
