0000 0010 2000 0000 0000 0000#1626596101834306#-44.0#4.356505437595221#9
0000 0019 2000 0000 0000 0000#1626596101835864#-44.5#4.681709364626977#9
0000 0011 2000 0000 0000 0000#1626596101837519#-43.0#4.859651136021712#9
0000 001A 2000 0000 0000 0000#1626596101839111#-45.5#5.436427912266712#9
0000 001C 2000 0000 0000 0000#1626596101840681#-48.0#1.9389517158874505#9
0000 001B 2000 0000 0000 0000#1626596101841717#-49.0#0.607456392002714#9
0000 0001 0000 0000 0000 0000#1626596101847087#-65.0#0.37429131224409645#9
0000 0012 2000 0000 0000 0000#1626596101848794#-48.0#6.025476534814799#9
0000 0018 2000 0000 0000 0000#1626596101849937#-44.0#4.154019973594316#9
0000 0013 2000 0000 0000 0000#1626596101850972#-49.5#1.1106020904292042#9
0000 000F 2000 0000 0000 0000#1626596101852959#-47.5#3.8410878928656453#9
0000 0017 2000 0000 0000 0000#1626596101854120#-46.5#3.0802334220743677#9
0000 0015 2000 0000 0000 0000#1626596101856121#-50.5#3.3624858870453256#9
0000 001D 2000 0000 0000 0000#1626596101857296#-48.0#2.9022916506796332#9
0000 0014 2000 0000 0000 0000#1626596101858589#-49.5#2.3439226438892597#9
0000 0017 2000 0000 0000 0000#1626596101863341#-47.5#3.147728576741336#9
0000 001C 2000 0000 0000 0000#1626596101864368#-47.5#1.945087639038993#9
0000 001D 2000 0000 0000 0000#1626596101866388#-48.5#2.8961557275280905#9
0000 0015 2000 0000 0000 0000#1626596101868862#-50.5#3.3624858870453256#9
0000 0019 2000 0000 0000 0000#1626596101871511#-44.5#4.675573441475434#9
0000 0013 2000 0000 0000 0000#1626596101872595#-49.5#1.1290098598838318#9
0000 0011 2000 0000 0000 0000#1626596101875406#-43.0#4.847379289718626#9
0000 0010 2000 0000 0000 0000#1626596101884921#-45.0#4.006757817957295#9
0000 001A 2000 0000 0000 0000#1626596101886053#-44.0#5.049864753719531#9
0000 0012 2000 0000 0000 0000#1626596101887142#-48.5#5.64504929941916#9
0000 000F 2000 0000 0000 0000#1626596101888191#-47.5#3.448388811166921#9
0000 0001 0000 0000 0000 0000#1626596101889265#-65.0#5.915029918087033#9
0000 0018 2000 0000 0000 0000#1626596101890323#-46.0#3.773592738198677#9
0000 001B 2000 0000 0000 0000#1626596101892002#-48.5#0.20248546400090464#9
0000 0014 2000 0000 0000 0000#1626596101893926#-49.0#1.9144080232812801#9
0000 001B 2000 0000 0000 0000#1626596102160061#-49.0#0.4049709280018093#9
0000 0017 2000 0000 0000 0000#1626596102161124#-47.5#2.8654761117703775#9
0000 0019 2000 0000 0000 0000#1626596102162157#-44.5#4.466952054322987#9
0000 0013 2000 0000 0000 0000#1626596102164231#-50.0#0.8958447801252144#9
0000 000F 2000 0000 0000 0000#1626596102165519#-47.5#3.6079228131070282#9
0000 0010 2000 0000 0000 0000#1626596102167196#-43.0#4.178563666200486#9
0000 0012 2000 0000 0000 0000#1626596102168782#-48.0#5.780039608753096#9
0000 001A 2000 0000 0000 0000#1626596102170639#-44.0#5.203262832508095#9
0000 0011 2000 0000 0000 0000#1626596102172414#-44.5#4.620350133111551#9
0000 0014 2000 0000 0000 0000#1626596102175532#-49.5#2.116893487282185#9
0000 001D 2000 0000 0000 0000#1626596102177133#-48.0#2.705942109830271#9
0000 001C 2000 0000 0000 0000#1626596102180241#-48.0#1.718058482431918#9
0000 0018 2000 0000 0000 0000#1626596102181315#-46.0#3.9638063558964967#9
0000 0015 2000 0000 0000 0000#1626596102182407#-51.0#3.172272269347506#9
0000 0019 2000 0000 0000 0000#1626596102187599#-44.5#4.460816131171445#9
0000 0012 2000 0000 0000 0000#1626596102189581#-48.0#5.767767762450011#9
0000 0010 2000 0000 0000 0000#1626596102191180#-42.5#4.166291819897402#9
0000 0011 2000 0000 0000 0000#1626596102192920#-45.0#4.626486056263094#9
0000 001C 2000 0000 0000 0000#1626596102194740#-48.0#1.7303303287350031#9
0000 0018 2000 0000 0000 0000#1626596102195853#-45.0#3.9576704327449543#9
0000 001B 2000 0000 0000 0000#1626596102197359#-49.0#0.36815538909255385#9
0000 0013 2000 0000 0000 0000#1626596102198455#-50.5#0.8835729338221293#9
0000 001A 2000 0000 0000 0000#1626596102200298#-45.5#5.190990986205009#9
0000 001D 2000 0000 0000 0000#1626596102203079#-48.0#2.6998061866787286#9
0000 0017 2000 0000 0000 0000#1626596102204967#-47.5#2.9206994201342606#9
0000 0014 2000 0000 0000 0000#1626596102206074#-49.5#2.116893487282185#9
0000 000F 2000 0000 0000 0000#1626596102208634#-47.5#3.6386024288647407#9
0000 0015 2000 0000 0000 0000#1626596102210066#-51.0#3.147728576741336#9
0000 001A 2000 0000 0000 0000#1626596102475194#-45.0#4.693981210930062#9
0000 001B 2000 0000 0000 0000#1626596102477376#-49.5#6.117515382087937#9
0000 000F 2000 0000 0000 0000#1626596102478919#-47.5#3.0372819600135696#9
0000 0010 2000 0000 0000 0000#1626596102480261#-43.0#3.56497135104623#9
0000 0011 2000 0000 0000 0000#1626596102482097#-45.5#4.086524818927348#9
0000 0012 2000 0000 0000 0000#1626596102483189#-49.0#5.301437602932776#9
0000 0019 2000 0000 0000 0000#1626596102484522#-45.5#3.9269908169872414#9
0000 0014 2000 0000 0000 0000#1626596102485802#-49.5#1.6444274046134073#9
0000 0018 2000 0000 0000 0000#1626596102487014#-44.5#3.3379421944391554#9
0000 0015 2000 0000 0000 0000#1626596102488387#-50.5#2.5893595699509624#9
0000 0017 2000 0000 0000 0000#1626596102499854#-46.0#2.521864415283994#9
0000 0013 2000 0000 0000 0000#1626596102501119#-50.5#0.7301748550335652#9
0000 001C 2000 0000 0000 0000#1626596102503389#-48.5#1.5033011721279284#9
0000 001D 2000 0000 0000 0000#1626596102504721#-48.0#2.399145952253143#9
0000 0014 2000 0000 0000 0000#1626596102510254#-48.5#1.9082721001297376#9
0000 0013 2000 0000 0000 0000#1626596102512937#-50.5#0.7547185476397354#9
0000 0018 2000 0000 0000 0000#1626596102515360#-44.0#3.5342917352885173#9
0000 001C 2000 0000 0000 0000#1626596102517268#-48.0#1.552388557340269#9
0000 0019 2000 0000 0000 0000#1626596102518346#-44.5#4.129476280988146#9
0000 001A 2000 0000 0000 0000#1626596102519448#-46.0#5.0253210611133605#9
0000 0011 2000 0000 0000 0000#1626596102520578#-44.0#4.338097668140593#9
0000 001B 2000 0000 0000 0000#1626596102522183#-49.0#0.25770877236478773#9
0000 0010 2000 0000 0000 0000#1626596102524087#-43.0#3.77972866135022#9
0000 0017 2000 0000 0000 0000#1626596102525392#-44.5#2.5402721847386216#9
0000 001D 2000 0000 0000 0000#1626596102527308#-47.5#2.4605051837685683#9
0000 000F 2000 0000 0000 0000#1626596102528855#-46.5#3.2029518851052186#9
0000 0015 2000 0000 0000 0000#1626596102530146#-50.0#2.859340188618835#9
0000 0012 2000 0000 0000 0000#1626596102531235#-49.0#5.6941366846315#9
0000 0011 2000 0000 0000 0000#1626596102797485#-48.0#0.22089323345553233#9
0000 0018 2000 0000 0000 0000#1626596102799242#-41.5#4.509903516383785#9
0000 0019 2000 0000 0000 0000#1626596102800790#-47.5#5.927301764390117#9
0000 000F 2000 0000 0000 0000#1626596102801872#-40.5#3.9822141253511245#9
0000 0016 2000 0000 0000 0000#1626596102802923#-44.5#3.933126740138784#9
3008 33B2 DDD9 0140 2018 0626#1626596102804739#-62.0#5.841398840268521#9
0000 001A 2000 0000 0000 0000#1626596102805894#-44.5#1.2885438618239387#9
0000 0017 2000 0000 0000 0000#1626596102806915#-34.5#3.3011266555298997#9
0000 001C 2000 0000 0000 0000#1626596102808015#-43.0#3.313398501832985#9
0000 001B 2000 0000 0000 0000#1626596102809996#-44.5#2.466641106920111#9
0000 0015 2000 0000 0000 0000#1626596102811049#-47.0#4.331961744989051#9
0000 0010 2000 0000 0000 0000#1626596102812365#-44.5#5.0682725231741586#9
0000 0012 2000 0000 0000 0000#1626596102813673#-46.0#1.9757672547967058#9
0000 0014 2000 0000 0000 0000#1626596102814741#-44.0#3.5895150436524004#9
0000 001D 2000 0000 0000 0000#1626596102817856#-44.0#3.988350048502667#9
0000 0013 2000 0000 0000 0000#1626596102818937#-44.5#2.816388726558037#9
0000 0016 2000 0000 0000 0000#1626596102822730#-43.5#3.9147189706841563#9
0000 001C 2000 0000 0000 0000#1626596102823786#-42.5#3.356349963893783#9
3008 33B2 DDD9 0140 2018 0626#1626596102825119#-62.0#5.780039608753096#9
0000 0011 2000 0000 0000 0000#1626596102827680#-46.5#0.3988350048502667#9
0000 0019 2000 0000 0000 0000#1626596102829566#-47.5#6.111379458936394#9
0000 0012 2000 0000 0000 0000#1626596102831939#-45.5#2.061670178918302#9
0000 0015 2000 0000 0000 0000#1626596102834172#-47.0#4.387185053352934#9
0000 0017 2000 0000 0000 0000#1626596102835673#-34.0#3.3318062712876126#9
0000 0018 2000 0000 0000 0000#1626596102836860#-42.0#4.632621979414636#9
0000 0010 2000 0000 0000 0000#1626596102838017#-43.0#5.160311370447297#9
0000 001D 2000 0000 0000 0000#1626596102839580#-43.5#4.037437433715008#9
0000 001A 2000 0000 0000 0000#1626596102840865#-46.0#1.509437095279471#9
0000 000F 2000 0000 0000 0000#1626596102842187#-39.5#4.049709280018092#9
0000 001B 2000 0000 0000 0000#1626596102845632#-43.5#2.5770877236478773#9
0000 0013 2000 0000 0000 0000#1626596102846815#-44.0#2.890019804376548#9
0000 0014 2000 0000 0000 0000#1626596102847868#-43.5#3.663146121470911#9
0000 001B 2000 0000 0000 0000#1626596103112018#-40.5#2.82252464970958#9
0000 0012 2000 0000 0000 0000#1626596103114125#-41.5#2.497320722677824#9
0000 0017 2000 0000 0000 0000#1626596103115204#-34.0#3.5158839658338894#9
0000 0013 2000 0000 0000 0000#1626596103118000#-42.0#3.098641191528995#9
0000 0010 2000 0000 0000 0000#1626596103119286#-48.0#6.264777537724958#9
0000 0018 2000 0000 0000 0000#1626596103120829#-45.5#5.332117218690489#9
0000 001C 2000 0000 0000 0000#1626596103121947#-40.0#3.54042765844006#9
0000 0019 2000 0000 0000 0000#1626596103123022#-46.5#1.337631247036279#9
0000 001A 2000 0000 0000 0000#1626596103124326#-41.5#2.1537090261914402#9
0000 001D 2000 0000 0000 0000#1626596103125873#-42.0#4.074252972624263#9
0000 0016 2000 0000 0000 0000#1626596103127930#-39.0#3.933126740138784#9
0000 0015 2000 0000 0000 0000#1626596103130650#-45.5#4.460816131171445#9
0000 0014 2000 0000 0000 0000#1626596103132317#-42.0#3.7981364308048478#9
0000 000F 2000 0000 0000 0000#1626596103134512#-41.0#4.516039439535327#9
0000 0011 2000 0000 0000 0000#1626596103135586#-44.5#1.705786636128833#9
0000 001C 2000 0000 0000 0000#1626596103140981#-40.5#3.6017868899554855#9
0000 001B 2000 0000 0000 0000#1626596103142559#-40.5#2.8961557275280905#9
0000 0019 2000 0000 0000 0000#1626596103144149#-46.0#1.4358060174609601#9
0000 0010 2000 0000 0000 0000#1626596103145260#-46.0#0.1595340019401067#9
0000 001D 2000 0000 0000 0000#1626596103146323#-42.5#4.1417481272912315#9
0000 0014 2000 0000 0000 0000#1626596103148114#-42.0#3.859495662320273#9
0000 0012 2000 0000 0000 0000#1626596103149614#-41.0#2.6016314162540475#9
0000 0017 2000 0000 0000 0000#1626596103150667#-34.0#3.650874275167826#9
0000 001A 2000 0000 0000 0000#1626596103151953#-41.0#2.2641556429192065#9
0000 0013 2000 0000 0000 0000#1626596103153004#-41.5#3.2213596545598464#9
0000 0011 2000 0000 0000 0000#1626596103154794#-44.0#1.7978254834019713#9
0000 0016 2000 0000 0000 0000#1626596103156060#-39.0#4.006757817957295#9
0000 000F 2000 0000 0000 0000#1626596103157820#-41.5#4.6448938257177215#9
0000 0015 2000 0000 0000 0000#1626596103159185#-45.5#4.503767593232243#9
0000 0018 2000 0000 0000 0000#1626596103161911#-46.0#5.577554144752192#9
0000 0015 2000 0000 0000 0000#1626596103427956#-44.5#5.160311370447297#9
0000 0011 2000 0000 0000 0000#1626596103429844#-40.5#2.8532042654672924#9
0000 001B 2000 0000 0000 0000#1626596103432017#-39.0#3.8717675086233583#9
0000 0013 2000 0000 0000 0000#1626596103434609#-39.0#4.1172044346850605#9
0000 001A 2000 0000 0000 0000#1626596103435673#-38.5#3.2397674240144743#9
0000 0016 2000 0000 0000 0000#1626596103436966#-38.0#5.184855063053467#9
0000 001D 2000 0000 0000 0000#1626596103438285#-41.0#4.871922982324796#9
0000 0018 2000 0000 0000 0000#1626596103439360#-44.0#1.0676506283684062#9
0000 0017 2000 0000 0000 0000#1626596103440423#-34.0#5.178719139901925#9
0000 0012 2000 0000 0000 0000#1626596103441608#-37.5#3.5833791205008576#9
0000 001C 2000 0000 0000 0000#1626596103442923#-38.5#4.460816131171445#9
0000 0019 2000 0000 0000 0000#1626596103443999#-41.5#2.730485802436441#9
0000 000F 2000 0000 0000 0000#1626596103445036#-41.5#0.03681553890925539#9
0000 0010 2000 0000 0000 0000#1626596103446748#-42.0#1.9266798695843652#9
0000 0014 2000 0000 0000 0000#1626596103448113#-40.5#4.669437518323892#9
3008 33B2 DDD9 0140 2018 0626#1626596103449217#-61.5#5.203262832508095#9
0000 0017 2000 0000 0000 0000#1626596103455203#-34.0#5.240078371417351#9
0000 001D 2000 0000 0000 0000#1626596103457955#-40.0#4.890330751779424#9
0000 0018 2000 0000 0000 0000#1626596103459032#-43.5#1.1351457830353744#9
0000 000F 2000 0000 0000 0000#1626596103460618#-41.5#0.1227184630308513#9
0000 001A 2000 0000 0000 0000#1626596103461665#-38.0#3.3011266555298997#9
0000 001C 2000 0000 0000 0000#1626596103463234#-38.5#4.4976316700806995#9
0000 0014 2000 0000 0000 0000#1626596103464540#-40.5#4.675573441475434#9
0000 0010 2000 0000 0000 0000#1626596103465931#-41.5#1.9819031779482483#9
0000 0013 2000 0000 0000 0000#1626596103467228#-39.0#4.1601558967458585#9
0000 001B 2000 0000 0000 0000#1626596103468949#-38.5#3.9515345095934116#9
0000 0015 2000 0000 0000 0000#1626596103470371#-45.0#5.209398755659637#9
0000 0019 2000 0000 0000 0000#1626596103471674#-41.5#2.804116880254952#9
0000 0011 2000 0000 0000 0000#1626596103474292#-39.0#2.9513790358919736#9
0000 0012 2000 0000 0000 0000#1626596103475465#-37.5#3.6447383520162835#9
0000 0016 2000 0000 0000 0000#1626596103476629#-38.5#5.344389064993574#9
3008 33B2 DDD9 0140 2018 0626#1626596103477851#-62.0#5.166447293598839#9
0000 0016 2000 0000 0000 0000#1626596103740528#-38.5#6.019340611663256#9
0000 0014 2000 0000 0000 0000#1626596103742331#-39.5#4.663301595172349#9
0000 0015 2000 0000 0000 0000#1626596103744193#-44.0#5.074408446325701#9
0000 0017 2000 0000 0000 0000#1626596103746740#-32.0#6.154330920997192#9
0000 001A 2000 0000 0000 0000#1626596103749024#-36.0#3.429981041712294#9
0000 0012 2000 0000 0000 0000#1626596103750574#-36.5#3.767456815047135#9
0000 0010 2000 0000 0000 0000#1626596103751664#-40.0#2.325514874434632#9
0000 000F 2000 0000 0000 0000#1626596103752697#-38.0#0.944932165337555#9
0000 001C 2000 0000 0000 0000#1626596103754057#-37.5#4.571262747899211#9
0000 001B 2000 0000 0000 0000#1626596103755110#-37.0#4.074252972624263#9
0000 0018 2000 0000 0000 0000#1626596103756856#-38.5#1.7303303287350031#9
0000 001D 2000 0000 0000 0000#1626596103757905#-40.5#4.841243366567084#9
0000 0013 2000 0000 0000 0000#1626596103759250#-37.5#4.289010282928253#9
0000 0011 2000 0000 0000 0000#1626596103760426#-38.0#3.074097498922825#9
0000 0019 2000 0000 0000 0000#1626596103761532#-39.0#2.9575149590435164#9
0000 0017 2000 0000 0000 0000#1626596103770561#-33.0#6.264777537724958#9
0000 0016 2000 0000 0000 0000#1626596103771643#-38.5#6.17273869045182#9
0000 0015 2000 0000 0000 0000#1626596103774293#-44.0#5.105088062083414#9
0000 0010 2000 0000 0000 0000#1626596103775507#-38.0#2.350058567040802#9
0000 001D 2000 0000 0000 0000#1626596103776580#-40.5#4.865787059173254#9
0000 0011 2000 0000 0000 0000#1626596103777684#-38.0#3.129320807286708#9
0000 001C 2000 0000 0000 0000#1626596103780682#-37.5#4.601942363656923#9
0000 0018 2000 0000 0000 0000#1626596103782329#-39.5#1.8100973297050567#9
0000 000F 2000 0000 0000 0000#1626596103784817#-37.5#1.043106935762236#9
0000 001B 2000 0000 0000 0000#1626596103786638#-37.0#4.123340357836604#9
0000 0013 2000 0000 0000 0000#1626596103787932#-37.5#4.344233591292136#9
0000 001A 2000 0000 0000 0000#1626596103790027#-35.0#3.497476196379262#9
0000 0019 2000 0000 0000 0000#1626596103791560#-39.0#3.0127382674073995#9
0000 0012 2000 0000 0000 0000#1626596103793220#-37.5#3.8717675086233583#9
0000 0014 2000 0000 0000 0000#1626596103795356#-39.5#4.7307967498393175#9
0000 001C 2000 0000 0000 0000#1626596104059199#-36.5#5.66959299202533#9
0000 0016 2000 0000 0000 0000#1626596104062314#-35.0#1.8223691760081417#9
0000 0015 2000 0000 0000 0000#1626596104063449#-44.0#6.000932842208628#9
0000 000F 2000 0000 0000 0000#1626596104065472#-33.5#2.5893595699509624#9
0000 001A 2000 0000 0000 0000#1626596104066519#-35.0#4.822835597112456#9
0000 001B 2000 0000 0000 0000#1626596104067814#-35.5#5.3198453723874035#9
0000 0018 2000 0000 0000 0000#1626596104068818#-36.5#3.2090878082567613#9
0000 0019 2000 0000 0000 0000#1626596104070373#-36.5#4.325825821837508#9
0000 0017 2000 0000 0000 0000#1626596104071479#-29.0#1.8530487917658545#9
0000 0011 2000 0000 0000 0000#1626596104072653#-35.5#4.460816131171445#9
0000 0013 2000 0000 0000 0000#1626596104073763#-37.0#5.5100589900852235#9
0000 0010 2000 0000 0000 0000#1626596104074795#-36.5#3.6999616603801666#9
0000 0012 2000 0000 0000 0000#1626596104076776#-35.5#5.135767677841127#9
0000 001D 2000 0000 0000 0000#1626596104077866#-40.0#5.829126993965437#9
0000 0014 2000 0000 0000 0000#1626596104079133#-38.0#5.773903685601553#9
0000 001A 2000 0000 0000 0000#1626596104084346#-33.5#4.847379289718626#9
0000 0018 2000 0000 0000 0000#1626596104086785#-34.5#3.2459033471660166#9
0000 0015 2000 0000 0000 0000#1626596104087852#-44.0#5.994796919057086#9
0000 0011 2000 0000 0000 0000#1626596104089235#-34.5#4.4976316700806995#9
0000 0014 2000 0000 0000 0000#1626596104090556#-38.5#5.780039608753096#9
0000 0016 2000 0000 0000 0000#1626596104094236#-35.0#1.9573594853420782#9
0000 0012 2000 0000 0000 0000#1626596104095339#-35.5#5.1725832167503825#9
0000 0019 2000 0000 0000 0000#1626596104096505#-36.5#4.368777283898306#9
0000 0013 2000 0000 0000 0000#1626596104097572#-37.0#5.546874528994478#9
0000 0010 2000 0000 0000 0000#1626596104098713#-34.5#3.7551849687440497#9
0000 001B 2000 0000 0000 0000#1626596104099995#-36.0#5.3627968344482015#9
0000 000F 2000 0000 0000 0000#1626596104101228#-33.5#2.6813984172241008#9
0000 0017 2000 0000 0000 0000#1626596104102292#-28.5#1.9573594853420782#9
0000 001C 2000 0000 0000 0000#1626596104103917#-36.0#5.724816300389213#9
0000 001D 2000 0000 0000 0000#1626596104104937#-39.5#5.859806609723149#9
0000 001D 2000 0000 0000 0000#1626596104371624#-41.0#5.295301679781233#9
0000 0017 2000 0000 0000 0000#1626596104372700#-27.0#2.2886993355253766#9
0000 0018 2000 0000 0000 0000#1626596104374573#-34.0#3.2888548092268146#9
0000 0015 2000 0000 0000 0000#1626596104375621#-45.5#5.381204603902829#9
0000 0011 2000 0000 0000 0000#1626596104377800#-34.5#4.417864669110647#9
0000 000F 2000 0000 0000 0000#1626596104378879#-31.5#2.8409324191642074#9
0000 0016 2000 0000 0000 0000#1626596104379912#-33.5#2.478912953223196#9
0000 001C 2000 0000 0000 0000#1626596104381250#-37.5#5.344389064993574#9
0000 0010 2000 0000 0000 0000#1626596104382946#-35.0#3.693825737228624#9
0000 0012 2000 0000 0000 0000#1626596104387849#-36.0#5.031456984264903#9
0000 0019 2000 0000 0000 0000#1626596104389642#-36.0#4.319689898685965#9
0000 0014 2000 0000 0000 0000#1626596104390694#-39.0#5.387340527054372#9
0000 001A 2000 0000 0000 0000#1626596104393212#-35.5#4.773748211900116#9
0000 0013 2000 0000 0000 0000#1626596104394310#-37.5#5.2768939103266055#9
0000 001B 2000 0000 0000 0000#1626596104395516#-36.0#5.154175447295755#9
0000 0013 2000 0000 0000 0000#1626596104400236#-37.5#5.295301679781233#9
0000 0015 2000 0000 0000 0000#1626596104401341#-45.5#5.3627968344482015#9
0000 0014 2000 0000 0000 0000#1626596104402895#-39.5#5.399612373357457#9
0000 0018 2000 0000 0000 0000#1626596104404768#-32.5#3.3440781175906977#9
0000 001D 2000 0000 0000 0000#1626596104405818#-41.5#5.289165756629691#9
0000 001C 2000 0000 0000 0000#1626596104407116#-37.5#5.356660911296659#9
0000 001B 2000 0000 0000 0000#1626596104408894#-36.0#5.166447293598839#9
0000 0016 2000 0000 0000 0000#1626596104410431#-33.0#2.5954954931025047#9
0000 0012 2000 0000 0000 0000#1626596104411504#-36.0#5.062136600022616#9
0000 0017 2000 0000 0000 0000#1626596104414386#-25.5#2.405281875404685#9
0000 000F 2000 0000 0000 0000#1626596104415481#-31.5#2.9391071895888885#9
0000 0011 2000 0000 0000 0000#1626596104417234#-34.5#4.485359823777615#9
0000 0019 2000 0000 0000 0000#1626596104419111#-36.0#4.356505437595221#9
0000 0010 2000 0000 0000 0000#1626596104421363#-34.0#3.773592738198677#9
0000 001A 2000 0000 0000 0000#1626596104422563#-34.0#4.81056375080937#9
0000 0011 2000 0000 0000 0000#1626596104685875#-36.0#4.957825906446392#9
0000 001C 2000 0000 0000 0000#1626596104687233#-39.5#5.4671075280244255#9
0000 0018 2000 0000 0000 0000#1626596104688535#-33.0#4.086524818927348#9
0000 001D 2000 0000 0000 0000#1626596104689569#-43.5#5.184855063053467#9
0000 0015 2000 0000 0000 0000#1626596104690661#-47.5#5.160311370447297#9
0000 000F 2000 0000 0000 0000#1626596104691952#-31.0#3.767456815047135#9
0000 0014 2000 0000 0000 0000#1626596104693766#-41.5#5.411884219660542#9
0000 001B 2000 0000 0000 0000#1626596104696039#-38.5#5.411884219660542#9
0000 0019 2000 0000 0000 0000#1626596104698085#-36.5#4.908738521234052#9
0000 0017 2000 0000 0000 0000#1626596104700656#-26.0#3.380893656499953#9
0000 0016 2000 0000 0000 0000#1626596104701721#-32.5#3.724505352986337#9
0000 0010 2000 0000 0000 0000#1626596104703074#-33.0#4.405592822807561#9
0000 0013 2000 0000 0000 0000#1626596104704303#-39.5#5.497787143782138#9
0000 0012 2000 0000 0000 0000#1626596104706432#-38.0#5.393476450205914#9
0000 001A 2000 0000 0000 0000#1626596104707495#-36.0#5.160311370447297#9
3008 33B2 DDD9 0140 2018 0626#1626596104708569#-62.0#5.184855063053467#9
0000 0017 2000 0000 0000 0000#1626596104715667#-26.0#3.3870295796514958#9
0000 0015 2000 0000 0000 0000#1626596104716970#-47.5#5.105088062083414#9
0000 0016 2000 0000 0000 0000#1626596104718036#-32.0#3.7551849687440497#9
0000 0014 2000 0000 0000 0000#1626596104719117#-41.5#5.399612373357457#9
0000 0012 2000 0000 0000 0000#1626596104720876#-38.0#5.393476450205914#9
3008 33B2 DDD9 0140 2018 0626#1626596104721952#-62.0#5.184855063053467#9
0000 0018 2000 0000 0000 0000#1626596104723083#-32.0#4.135612204139688#9
0000 0010 2000 0000 0000 0000#1626596104724466#-33.0#4.430136515413731#9
0000 0013 2000 0000 0000 0000#1626596104726474#-40.0#5.47937937432751#9
0000 001D 2000 0000 0000 0000#1626596104728047#-43.5#5.117359908386499#9
0000 000F 2000 0000 0000 0000#1626596104729085#-31.0#3.847223816017188#9
0000 001C 2000 0000 0000 0000#1626596104730641#-40.0#5.405748296509#9
0000 0011 2000 0000 0000 0000#1626596104732266#-35.0#4.963961829597935#9
0000 001A 2000 0000 0000 0000#1626596104733751#-35.0#5.166447293598839#9
0000 0019 2000 0000 0000 0000#1626596104735058#-36.5#4.9394181369917645#9
0000 001B 2000 0000 0000 0000#1626596104736348#-38.5#5.393476450205914#9
0000 001D 2000 0000 0000 0000#1626596105014858#-44.5#4.1601558967458585#9
0000 0015 2000 0000 0000 0000#1626596105018232#-49.5#4.1172044346850605#9
0000 0016 2000 0000 0000 0000#1626596105019383#-32.0#4.025165587411922#9
0000 000F 2000 0000 0000 0000#1626596105020433#-31.5#3.8717675086233583#9
0000 0013 2000 0000 0000 0000#1626596105021488#-42.0#4.76147636559703#9
0000 0018 2000 0000 0000 0000#1626596105022535#-33.5#4.061981126321178#9
0000 0010 2000 0000 0000 0000#1626596105023844#-34.5#4.25833066717054#9
0000 0017 2000 0000 0000 0000#1626596105024904#-26.0#3.522019888985432#9
0000 0019 2000 0000 0000 0000#1626596105026579#-38.0#4.632621979414636#9
0000 001A 2000 0000 0000 0000#1626596105029527#-37.0#4.6448938257177215#9
0000 0014 2000 0000 0000 0000#1626596105031520#-44.5#4.479223900626073#9
0000 001B 2000 0000 0000 0000#1626596105032827#-41.0#4.693981210930062#9
0000 001C 2000 0000 0000 0000#1626596105034136#-42.5#4.571262747899211#9
0000 0011 2000 0000 0000 0000#1626596105036153#-37.5#4.571262747899211#9
0000 0012 2000 0000 0000 0000#1626596105037241#-40.0#4.779884135051658#9
0000 0013 2000 0000 0000 0000#1626596105042231#-42.0#4.718524903536232#9
0000 001A 2000 0000 0000 0000#1626596105044920#-38.5#4.614214209960009#9
0000 001D 2000 0000 0000 0000#1626596105045981#-46.5#4.0987966652304335#9
0000 0018 2000 0000 0000 0000#1626596105047340#-33.0#4.06811704947272#9
0000 0017 2000 0000 0000 0000#1626596105048416#-26.5#3.5465635815916023#9
0000 0016 2000 0000 0000 0000#1626596105049481#-32.5#4.074252972624263#9
0000 0010 2000 0000 0000 0000#1626596105050609#-33.5#4.270602513473625#9
0000 0011 2000 0000 0000 0000#1626596105051737#-36.5#4.546719055293041#9
0000 001B 2000 0000 0000 0000#1626596105053054#-41.0#4.669437518323892#9
0000 0015 2000 0000 0000 0000#1626596105054146#-50.0#4.04357335686655#9
0000 0012 2000 0000 0000 0000#1626596105055493#-40.0#4.755340442445488#9
0000 000F 2000 0000 0000 0000#1626596105056529#-31.5#3.9085830475326135#9
0000 0019 2000 0000 0000 0000#1626596105057892#-38.0#4.626486056263094#9
0000 0014 2000 0000 0000 0000#1626596105063935#-44.0#4.405592822807561#9
0000 001C 2000 0000 0000 0000#1626596105064980#-42.5#4.528311285838413#9
0000 0018 2000 0000 0000 0000#1626596105330356#-31.0#4.841243366567084#9
0000 0011 2000 0000 0000 0000#1626596105333286#-37.0#4.865787059173254#9
3008 33B2 DDD9 0140 2018 0626#1626596105334374#-63.5#6.105243535784852#9
0000 0015 2000 0000 0000 0000#1626596105336424#-51.0#4.313553975534423#9
0000 001A 2000 0000 0000 0000#1626596105337484#-39.0#4.773748211900116#9
0000 001C 2000 0000 0000 0000#1626596105339054#-43.5#4.675573441475434#9
0000 0010 2000 0000 0000 0000#1626596105340904#-32.5#4.884194828627882#9
0000 0017 2000 0000 0000 0000#1626596105342020#-24.5#4.651029748869264#9
0000 0014 2000 0000 0000 0000#1626596105343073#-45.5#4.565126824747668#9
0000 001D 2000 0000 0000 0000#1626596105344631#-47.5#4.239922897715912#9
0000 0019 2000 0000 0000 0000#1626596105354268#-37.5#4.792155981354743#9
0000 001B 2000 0000 0000 0000#1626596105357444#-41.5#4.583534594202296#9
0000 0012 2000 0000 0000 0000#1626596105358863#-41.0#4.669437518323892#9
0000 0013 2000 0000 0000 0000#1626596105361078#-43.0#4.595806440505381#9
0000 000F 2000 0000 0000 0000#1626596105363425#-30.5#4.651029748869264#9
0000 0016 2000 0000 0000 0000#1626596105366400#-31.0#5.098952138931871#9
0000 001A 2000 0000 0000 0000#1626596105369452#-39.0#4.516039439535327#9
0000 0017 2000 0000 0000 0000#1626596105370498#-26.0#4.466952054322987#9
0000 000F 2000 0000 0000 0000#1626596105371846#-30.5#4.657165672020807#9
0000 001C 2000 0000 0000 0000#1626596105374189#-43.5#4.387185053352934#9
0000 0018 2000 0000 0000 0000#1626596105375562#-31.5#4.651029748869264#9
0000 0014 2000 0000 0000 0000#1626596105377112#-45.5#4.319689898685965#9
0000 0015 2000 0000 0000 0000#1626596105379875#-52.5#4.031301510563465#9
0000 0016 2000 0000 0000 0000#1626596105382441#-31.0#5.129631754689584#9
0000 0011 2000 0000 0000 0000#1626596105384023#-36.5#4.595806440505381#9
0000 0010 2000 0000 0000 0000#1626596105385152#-33.0#4.669437518323892#9
0000 001B 2000 0000 0000 0000#1626596105387517#-41.5#4.4976316700806995#9
0000 0013 2000 0000 0000 0000#1626596105388954#-43.0#4.516039439535327#9
0000 0019 2000 0000 0000 0000#1626596105390275#-38.0#4.73693267299086#9
0000 0012 2000 0000 0000 0000#1626596105391444#-39.5#4.571262747899211#9
0000 001D 2000 0000 0000 0000#1626596105392475#-48.5#3.9392626632903265#9
0000 001B 2000 0000 0000 0000#1626596105659573#-43.0#3.4913402732277192#9
0000 0015 2000 0000 0000 0000#1626596105660650#-57.0#2.773437264497239#9
0000 000F 2000 0000 0000 0000#1626596105662482#-30.5#4.1417481272912315#9
0000 0011 2000 0000 0000 0000#1626596105664028#-38.0#3.6140587362585705#9
0000 0018 2000 0000 0000 0000#1626596105665826#-33.0#4.000621894805752#9
0000 0013 2000 0000 0000 0000#1626596105666882#-44.5#3.5158839658338894#9
0000 0016 2000 0000 0000 0000#1626596105667932#-31.5#4.945554060143307#9
0000 0017 2000 0000 0000 0000#1626596105669505#-26.0#4.080388895775806#9
0000 0010 2000 0000 0000 0000#1626596105671292#-34.5#3.8840393549264434#9
0000 0019 2000 0000 0000 0000#1626596105672579#-38.0#3.792000507653305#9
0000 001D 2000 0000 0000 0000#1626596105673872#-52.5#2.791845033951867#9
0000 0014 2000 0000 0000 0000#1626596105675194#-49.5#3.1906800388021335#9
0000 001A 2000 0000 0000 0000#1626596105676214#-39.5#3.4054373491061236#9
0000 0012 2000 0000 0000 0000#1626596105679090#-41.5#3.5465635815916023#9
0000 001C 2000 0000 0000 0000#1626596105680491#-47.0#3.2827188860752723#9
0000 001A 2000 0000 0000 0000#1626596105687864#-40.0#3.3624858870453256#9
0000 0017 2000 0000 0000 0000#1626596105688991#-24.5#4.06811704947272#9
0000 0016 2000 0000 0000 0000#1626596105690992#-31.5#4.9394181369917645#9
0000 000F 2000 0000 0000 0000#1626596105692314#-30.5#4.104932588381976#9
0000 0011 2000 0000 0000 0000#1626596105693359#-37.5#3.552699504743145#9
0000 0012 2000 0000 0000 0000#1626596105695813#-41.5#3.479068426924634#9
0000 0010 2000 0000 0000 0000#1626596105698285#-35.0#3.847223816017188#9
0000 001C 2000 0000 0000 0000#1626596105699325#-47.0#3.2336315008629315#9
0000 0018 2000 0000 0000 0000#1626596105700500#-32.0#3.9638063558964967#9
0000 0014 2000 0000 0000 0000#1626596105701594#-50.0#3.0925052683774528#9
0000 001B 2000 0000 0000 0000#1626596105702644#-43.5#3.3624858870453256#9
0000 0019 2000 0000 0000 0000#1626596105704192#-38.0#3.706097583531709#9
0000 0015 2000 0000 0000 0000#1626596105707465#-57.5#2.509592568980909#9
0000 001D 2000 0000 0000 0000#1626596105709365#-53.0#2.6200391857086753#9
0000 0013 2000 0000 0000 0000#1626596105710445#-45.0#3.368621810196868#9
0000 0018 2000 0000 0000 0000#1626596105975418#-34.0#3.117048960983623#9
0000 000F 2000 0000 0000 0000#1626596105976586#-31.0#3.3440781175906977#9
0000 0013 2000 0000 0000 0000#1626596105977623#-48.5#2.1046216409791#9
0000 0014 2000 0000 0000 0000#1626596105978906#-54.0#1.5401167110371838#9
0000 0010 2000 0000 0000 0000#1626596105980018#-33.5#2.9145634969827183#9
0000 001A 2000 0000 0000 0000#1626596105981434#-40.0#2.2580197197676637#9
0000 0016 2000 0000 0000 0000#1626596105983032#-32.0#4.454680208019902#9
0000 0015 2000 0000 0000 0000#1626596105984110#-59.0#0.23930100291016002#9
0000 0017 2000 0000 0000 0000#1626596105985170#-26.5#3.368621810196868#9
0000 0011 2000 0000 0000 0000#1626596105986485#-38.5#2.5034566458293663#9
0000 001C 2000 0000 0000 0000#1626596105988129#-51.0#1.705786636128833#9
0000 0019 2000 0000 0000 0000#1626596105990755#-38.5#2.6998061866787286#9
0000 001B 2000 0000 0000 0000#1626596105992108#-46.0#2.110757564130642#9
0000 0012 2000 0000 0000 0000#1626596105993568#-44.5#2.3316507975861747#9
0000 001D 2000 0000 0000 0000#1626596105994644#-58.0#0.662679700366597#9
0000 001B 2000 0000 0000 0000#1626596105999096#-46.5#2.098485717827557#9
0000 000F 2000 0000 0000 0000#1626596106001283#-31.0#3.313398501832985#9
0000 0017 2000 0000 0000 0000#1626596106002471#-25.5#3.3502140407422405#9
0000 0016 2000 0000 0000 0000#1626596106004705#-32.0#4.430136515413731#9
0000 0018 2000 0000 0000 0000#1626596106005752#-34.0#3.08636934522591#9
0000 0019 2000 0000 0000 0000#1626596106007987#-38.5#2.6691265709210157#9
0000 0011 2000 0000 0000 0000#1626596106009140#-37.5#2.4605051837685683#9
0000 0010 2000 0000 0000 0000#1626596106010175#-35.0#2.8532042654672924#9
0000 0014 2000 0000 0000 0000#1626596106011526#-53.5#1.3192234775816514#9
0000 0012 2000 0000 0000 0000#1626596106013010#-43.0#2.2518837966161214#9
0000 0015 2000 0000 0000 0000#1626596106014288#-57.5#6.2463697682703305#9
0000 001A 2000 0000 0000 0000#1626596106015335#-41.5#2.1598449493429825#9
0000 0013 2000 0000 0000 0000#1626596106016429#-48.5#1.9634954084936207#9
0000 001D 2000 0000 0000 0000#1626596106017490#-58.0#0.521553467881118#9
0000 001C 2000 0000 0000 0000#1626596106019399#-52.0#1.5401167110371838#9
0000 0018 2000 0000 0000 0000#1626596106283735#-33.0#2.693670263527186#9
0000 001A 2000 0000 0000 0000#1626596106285054#-44.0#1.607611865704152#9
0000 0012 2000 0000 0000 0000#1626596106287276#-47.0#1.576932249946439#9
0000 001B 2000 0000 0000 0000#1626596106288315#-50.0#1.1780972450961724#9
0000 0015 2000 0000 0000 0000#1626596106289348#-47.0#4.399456899656019#9
0000 0011 2000 0000 0000 0000#1626596106290466#-40.0#1.9573594853420782#9
0000 0016 2000 0000 0000 0000#1626596106292486#-33.0#4.289010282928253#9
0000 0017 2000 0000 0000 0000#1626596106293601#-26.5#3.0802334220743677#9
0000 0019 2000 0000 0000 0000#1626596106295475#-40.0#2.1966604882522383#9
0000 0013 2000 0000 0000 0000#1626596106296642#-52.0#0.705631162427395#9
0000 000F 2000 0000 0000 0000#1626596106297691#-32.0#2.9513790358919736#9
0000 001C 2000 0000 0000 0000#1626596106299761#-52.5#5.896622148632405#9
0000 001D 2000 0000 0000 0000#1626596106301231#-45.0#4.2092432819582#9
0000 0014 2000 0000 0000 0000#1626596106302311#-51.0#5.418020142812084#9
0000 0010 2000 0000 0000 0000#1626596106303342#-36.0#2.423689644859313#9
0000 0017 2000 0000 0000 0000#1626596106309272#-28.0#3.018874190558942#9
0000 001C 2000 0000 0000 0000#1626596106310314#-52.5#5.786175531904639#9
0000 001B 2000 0000 0000 0000#1626596106311393#-50.5#1.012427320004523#9
0000 0011 2000 0000 0000 0000#1626596106312455#-40.0#1.8960002538266525#9
0000 001A 2000 0000 0000 0000#1626596106313531#-44.5#1.4910293258248433#9
0000 0015 2000 0000 0000 0000#1626596106315119#-47.5#4.301282129231338#9
0000 0019 2000 0000 0000 0000#1626596106316453#-40.0#2.1537090261914402#9
0000 0013 2000 0000 0000 0000#1626596106317494#-52.0#0.5890486225480862#9
0000 0012 2000 0000 0000 0000#1626596106320142#-47.5#1.4480778637640452#9
0000 0010 2000 0000 0000 0000#1626596106321186#-36.0#2.380738182798515#9
0000 001D 2000 0000 0000 0000#1626596106322769#-45.0#4.0987966652304335#9
0000 0018 2000 0000 0000 0000#1626596106325283#-34.5#2.5832236467994196#9
0000 0014 2000 0000 0000 0000#1626596106326892#-48.5#5.049864753719531#9
0000 000F 2000 0000 0000 0000#1626596106329014#-32.0#2.8777479580734626#9
0000 0016 2000 0000 0000 0000#1626596106331147#-33.0#4.23378697456437#9
0000 0015 2000 0000 0000 0000#1626596106596181#-61.5#3.2704470397721868#9
0000 001B 2000 0000 0000 0000#1626596106597275#-47.0#5.197126909356553#9
0000 0016 2000 0000 0000 0000#1626596106599323#-34.0#4.3074180523828804#9
0000 0014 2000 0000 0000 0000#1626596106600387#-44.5#3.988350048502667#9
0000 0010 2000 0000 0000 0000#1626596106601721#-38.0#2.2641556429192065#9
0000 0011 2000 0000 0000 0000#1626596106604473#-43.5#1.533980787885641#9
0000 0017 2000 0000 0000 0000#1626596106605795#-28.5#2.945243112740431#9
0000 0018 2000 0000 0000 0000#1626596106606882#-35.5#2.509592568980909#9
0000 001A 2000 0000 0000 0000#1626596106608443#-48.5#0.7547185476397354#9
0000 0013 2000 0000 0000 0000#1626596106609498#-42.5#4.485359823777615#9
0000 0012 2000 0000 0000 0000#1626596106611285#-48.5#0.2945243112740431#9
0000 000F 2000 0000 0000 0000#1626596106612587#-33.0#2.816388726558037#9
0000 0019 2000 0000 0000 0000#1626596106614151#-42.0#1.8775924843720249#9
0000 001D 2000 0000 0000 0000#1626596106616094#-55.5#3.8963112012295285#9
0000 001C 2000 0000 0000 0000#1626596106618461#-42.5#3.9638063558964967#9
0000 0017 2000 0000 0000 0000#1626596106626081#-28.5#2.8961557275280905#9
0000 0010 2000 0000 0000 0000#1626596106627272#-38.0#2.1966604882522383#9
0000 0012 2000 0000 0000 0000#1626596106628374#-48.5#0.20248546400090464#9
0000 001D 2000 0000 0000 0000#1626596106629421#-56.0#3.7981364308048478#9
0000 001C 2000 0000 0000 0000#1626596106630769#-42.5#3.9515345095934116#9
0000 0019 2000 0000 0000 0000#1626596106631828#-42.5#1.8346410223112268#9
0000 000F 2000 0000 0000 0000#1626596106633850#-33.0#2.7550294950426117#9
0000 001B 2000 0000 0000 0000#1626596106636000#-45.5#4.7860200582032#9
0000 0013 2000 0000 0000 0000#1626596106637125#-41.5#4.289010282928253#9
0000 001A 2000 0000 0000 0000#1626596106638185#-48.0#0.5522330836388308#9
0000 0014 2000 0000 0000 0000#1626596106639478#-45.5#3.9147189706841563#9
0000 0016 2000 0000 0000 0000#1626596106641397#-34.0#4.221515128261284#9
0000 0018 2000 0000 0000 0000#1626596106642704#-36.5#2.429825568010856#9
0000 0015 2000 0000 0000 0000#1626596106645265#-62.5#3.067961575771282#9
0000 0011 2000 0000 0000 0000#1626596106646340#-44.0#1.325359400733194#9
0000 0018 2000 0000 0000 0000#1626596106913792#-40.5#1.368310862793992#9
0000 0014 2000 0000 0000 0000#1626596106915085#-56.5#2.086213871524472#9
0000 001B 2000 0000 0000 0000#1626596106916166#-43.0#3.1906800388021335#9
0000 001A 2000 0000 0000 0000#1626596106918209#-41.0#3.7122335066832517#9
0000 001D 2000 0000 0000 0000#1626596106919314#-57.0#0.521553467881118#9
0000 0013 2000 0000 0000 0000#1626596106920608#-46.0#3.043417883165112#9
0000 0010 2000 0000 0000 0000#1626596106921894#-43.5#0.9142525495798421#9
0000 0016 2000 0000 0000 0000#1626596106924369#-36.5#3.227495577711389#9
0000 0012 2000 0000 0000 0000#1626596106925432#-39.5#3.3870295796514958#9
0000 0017 2000 0000 0000 0000#1626596106928015#-31.0#1.8837284075235674#9
0000 000F 2000 0000 0000 0000#1626596106929025#-36.5#1.7794177139473437#9
0000 0011 2000 0000 0000 0000#1626596106930158#-46.0#5.295301679781233#9
0000 0015 2000 0000 0000 0000#1626596106931223#-60.0#6.056156150572511#9
0000 0019 2000 0000 0000 0000#1626596106932540#-48.5#6.050020227420969#9
0000 001C 2000 0000 0000 0000#1626596106934322#-56.0#2.705942109830271#9
0000 0015 2000 0000 0000 0000#1626596106943377#-60.0#5.9088939949354895#9
0000 0012 2000 0000 0000 0000#1626596106945177#-39.5#3.2949907323783574#9
0000 0016 2000 0000 0000 0000#1626596106946214#-36.5#3.172272269347506#9
0000 0019 2000 0000 0000 0000#1626596106947247#-48.5#5.945709533844745#9
0000 0018 2000 0000 0000 0000#1626596106948280#-40.5#1.282407938672396#9
0000 001A 2000 0000 0000 0000#1626596106949270#-40.0#3.552699504743145#9
0000 0017 2000 0000 0000 0000#1626596106950670#-30.0#1.8285050991596843#9
0000 001B 2000 0000 0000 0000#1626596106953388#-44.0#3.160000423044421#9
0000 0014 2000 0000 0000 0000#1626596106958105#-56.5#1.88986433067511#9
0000 000F 2000 0000 0000 0000#1626596106959169#-37.5#1.705786636128833#9
0000 0013 2000 0000 0000 0000#1626596106961077#-48.0#2.9697868053466014#9
0000 0010 2000 0000 0000 0000#1626596106963006#-44.5#0.7179030087304801#9
0000 001C 2000 0000 0000 0000#1626596106964333#-56.5#2.454369260617026#9
0000 0011 2000 0000 0000 0000#1626596106965421#-44.5#4.957825906446392#9
0000 001D 2000 0000 0000 0000#1626596106968636#-57.0#6.111379458936394#9
0000 0012 2000 0000 0000 0000#1626596107234709#-48.5#2.5832236467994196#9
0000 001A 2000 0000 0000 0000#1626596107235770#-44.0#2.6261751088602177#9
0000 0014 2000 0000 0000 0000#1626596107237740#-61.0#5.037592907416445#9
0000 000F 2000 0000 0000 0000#1626596107239031#-45.5#0.7547185476397354#9
0000 0010 2000 0000 0000 0000#1626596107240442#-44.5#4.589670517353839#9
0000 0016 2000 0000 0000 0000#1626596107241509#-39.0#2.442097414313941#9
0000 001C 2000 0000 0000 0000#1626596107242607#-62.0#0.521553467881118#9
0000 0011 2000 0000 0000 0000#1626596107243761#-39.0#2.9820586516496865#9
0000 0017 2000 0000 0000 0000#1626596107245255#-37.5#1.0799224746714913#9
0000 0015 2000 0000 0000 0000#1626596107246589#-55.0#2.2641556429192065#9
0000 001B 2000 0000 0000 0000#1626596107247910#-53.5#2.086213871524472#9
0000 0019 2000 0000 0000 0000#1626596107249346#-41.5#3.3870295796514958#9
0000 001D 2000 0000 0000 0000#1626596107250379#-55.0#2.705942109830271#9
0000 0018 2000 0000 0000 0000#1626596107251974#-46.5#5.6941366846315#9
0000 0013 2000 0000 0000 0000#1626596107253284#-53.5#1.3989904785517047#9
0000 0016 2000 0000 0000 0000#1626596107258463#-39.5#2.429825568010856#9
0000 001D 2000 0000 0000 0000#1626596107260037#-54.5#2.6016314162540475#9
0000 0019 2000 0000 0000 0000#1626596107261598#-41.5#3.3440781175906977#9
0000 0013 2000 0000 0000 0000#1626596107262951#-53.0#1.380582709097077#9
0000 001C 2000 0000 0000 0000#1626596107264010#-62.5#0.25770877236478773#9
0000 0010 2000 0000 0000 0000#1626596107265325#-45.0#4.411728745959104#9
0000 0012 2000 0000 0000 0000#1626596107267195#-48.0#2.509592568980909#9
0000 0018 2000 0000 0000 0000#1626596107268551#-48.5#5.553010452146021#9
0000 0011 2000 0000 0000 0000#1626596107269712#-39.0#2.9084275738311756#9
0000 0017 2000 0000 0000 0000#1626596107271487#-38.5#1.0615147052168636#9
0000 000F 2000 0000 0000 0000#1626596107274295#-46.5#0.5460971604872883#9
0000 001A 2000 0000 0000 0000#1626596107275312#-45.5#2.60776733940559#9
0000 0014 2000 0000 0000 0000#1626596107277408#-60.0#4.534447208989955#9
0000 0015 2000 0000 0000 0000#1626596107279930#-54.5#1.9941750242513334#9
0000 001B 2000 0000 0000 0000#1626596107281255#-54.0#1.88986433067511#9
0000 0011 2000 0000 0000 0000#1626596107552121#-49.0#2.730485802436441#9
0000 000F 2000 0000 0000 0000#1626596107554046#-47.0#4.878058905476339#9
0000 0012 2000 0000 0000 0000#1626596107555136#-52.5#1.2578642460662257#9
0000 0019 2000 0000 0000 0000#1626596107556452#-47.5#3.104777114680538#9
0000 0010 2000 0000 0000 0000#1626596107558209#-43.5#3.479068426924634#9
0000 001D 2000 0000 0000 0000#1626596107559309#-55.0#1.3069516312785663#9
0000 0018 2000 0000 0000 0000#1626596107560324#-45.0#3.9638063558964967#9
0000 0014 2000 0000 0000 0000#1626596107561394#-55.0#2.6139032625571326#9
0000 0016 2000 0000 0000 0000#1626596107563106#-46.0#2.012582793705961#9
0000 001B 2000 0000 0000 0000#1626596107564201#-60.0#5.957981380147831#9
0000 0017 2000 0000 0000 0000#1626596107565233#-46.0#5.700272607783043#9
0000 0015 2000 0000 0000 0000#1626596107566497#-58.5#0.2454369260617026#9
0000 0013 2000 0000 0000 0000#1626596107567583#-57.5#4.804427827657828#9
0000 001A 2000 0000 0000 0000#1626596107568627#-52.5#1.7978254834019713#9
0000 001C 2000 0000 0000 0000#1626596107569702#-58.0#2.9636508821950587#9
0000 001A 2000 0000 0000 0000#1626596107575945#-52.5#1.736466251886546#9
0000 001B 2000 0000 0000 0000#1626596107577205#-59.5#5.780039608753096#9
0000 0015 2000 0000 0000 0000#1626596107578259#-59.0#0.14112623248547898#9
0000 0013 2000 0000 0000 0000#1626596107579853#-58.0#4.681709364626977#9
0000 0011 2000 0000 0000 0000#1626596107581010#-48.0#2.6261751088602177#9
0000 0010 2000 0000 0000 0000#1626596107583370#-42.5#3.442252888015379#9
0000 0018 2000 0000 0000 0000#1626596107586524#-45.5#3.890175278077986#9
0000 001D 2000 0000 0000 0000#1626596107588318#-56.5#1.184233168247715#9
0000 000F 2000 0000 0000 0000#1626596107589862#-47.5#4.669437518323892#9
0000 0019 2000 0000 0000 0000#1626596107592867#-49.0#3.0250101137104846#9
0000 0014 2000 0000 0000 0000#1626596107593906#-55.5#2.423689644859313#9
0000 0017 2000 0000 0000 0000#1626596107595196#-45.5#5.436427912266712#9
0000 0016 2000 0000 0000 0000#1626596107596318#-47.0#1.8714565612204823#9
0000 0012 2000 0000 0000 0000#1626596107597364#-53.5#1.000155473701438#9
0000 001C 2000 0000 0000 0000#1626596107599590#-58.0#3.043417883165112#9
0000 001D 2000 0000 0000 0000#1626596107865160#-61.5#0.018407769454627694#9
0000 0016 2000 0000 0000 0000#1626596107866265#-50.5#0.4724660826687775#9
0000 0011 2000 0000 0000 0000#1626596107868075#-50.5#1.5892040962495242#9
0000 001C 2000 0000 0000 0000#1626596107869377#-57.0#2.141437179888355#9
0000 0014 2000 0000 0000 0000#1626596107870444#-57.0#1.552388557340269#9
0000 0019 2000 0000 0000 0000#1626596107873193#-52.5#2.552544031041707#9
0000 0010 2000 0000 0000 0000#1626596107874321#-48.5#3.356349963893783#9
0000 000F 2000 0000 0000 0000#1626596107875656#-44.5#4.289010282928253#9
0000 0017 2000 0000 0000 0000#1626596107877246#-40.5#4.4362724385652745#9
0000 0018 2000 0000 0000 0000#1626596107878530#-47.0#3.8717675086233583#9
0000 001A 2000 0000 0000 0000#1626596107879861#-55.0#5.767767762450011#9
0000 001B 2000 0000 0000 0000#1626596107881321#-55.5#3.5895150436524004#9
0000 0013 2000 0000 0000 0000#1626596107882361#-54.5#2.988194574801229#9
0000 0012 2000 0000 0000 0000#1626596107883618#-53.0#4.828971520263998#9
0000 0011 2000 0000 0000 0000#1626596107891081#-52.0#1.368310862793992#9
0000 0016 2000 0000 0000 0000#1626596107894427#-50.0#0.25770877236478773#9
0000 0018 2000 0000 0000 0000#1626596107895817#-48.5#3.792000507653305#9
0000 0010 2000 0000 0000 0000#1626596107896819#-50.5#3.2643111166206444#9
0000 0017 2000 0000 0000 0000#1626596107898391#-41.0#4.362641360746763#9
0000 001C 2000 0000 0000 0000#1626596107899477#-57.0#2.061670178918302#9
0000 000F 2000 0000 0000 0000#1626596107900807#-45.0#4.215379205109742#9
0000 001B 2000 0000 0000 0000#1626596107901861#-55.0#3.411573272257666#9
0000 001A 2000 0000 0000 0000#1626596107903419#-56.0#5.418020142812084#9
0000 0012 2000 0000 0000 0000#1626596107907869#-54.0#4.589670517353839#9
0000 0019 2000 0000 0000 0000#1626596107909170#-53.0#2.3316507975861747#9
0000 0014 2000 0000 0000 0000#1626596107910185#-57.0#1.325359400733194#9
0000 0013 2000 0000 0000 0000#1626596107911465#-54.0#2.779573187648782#9
0000 0019 2000 0000 0000 0000#1626596108178103#-57.0#5.565282298449106#9
0000 0018 2000 0000 0000 0000#1626596108179647#-51.5#1.9266798695843652#9
0000 0016 2000 0000 0000 0000#1626596108180951#-47.5#4.853515212870168#9
0000 0011 2000 0000 0000 0000#1626596108182040#-52.5#4.086524818927348#9
0000 0017 2000 0000 0000 0000#1626596108183357#-43.0#3.2090878082567613#9
0000 0012 2000 0000 0000 0000#1626596108186396#-51.0#2.067806102069844#9
0000 000F 2000 0000 0000 0000#1626596108189430#-49.0#2.84706834231575#9
0000 0010 2000 0000 0000 0000#1626596108190687#-53.0#0.8344855486097889#9
0000 0013 2000 0000 0000 0000#1626596108191699#-56.0#0.6320000846088841#9
0000 001A 2000 0000 0000 0000#1626596108194340#-52.0#2.552544031041707#9
0000 001B 2000 0000 0000 0000#1626596108195704#-55.0#1.2517283229146832#9
0000 0015 2000 0000 0000 0000#1626596108197299#-63.0#2.564815877344792#9
0000 0014 2000 0000 0000 0000#1626596108198622#-62.5#4.798291904506286#9
0000 0016 2000 0000 0000 0000#1626596108208050#-47.5#4.773748211900116#9
0000 0018 2000 0000 0000 0000#1626596108210706#-50.5#1.736466251886546#9
0000 0015 2000 0000 0000 0000#1626596108211728#-63.5#2.5954954931025047#9
0000 000F 2000 0000 0000 0000#1626596108213000#-49.5#2.730485802436441#9
0000 001A 2000 0000 0000 0000#1626596108214064#-52.0#2.380738182798515#9
0000 0013 2000 0000 0000 0000#1626596108215085#-56.0#0.48473792897186263#9
0000 0011 2000 0000 0000 0000#1626596108216499#-51.0#3.8717675086233583#9
0000 0017 2000 0000 0000 0000#1626596108217830#-43.5#3.0495538063166547#9
0000 0012 2000 0000 0000 0000#1626596108219134#-51.0#1.8775924843720249#9
0000 0019 2000 0000 0000 0000#1626596108230945#-56.0#5.21553467881118#9
0000 0010 2000 0000 0000 0000#1626596108232047#-53.5#0.6688156235181395#9
0000 001B 2000 0000 0000 0000#1626596108233083#-55.0#1.239456476611598#9
0000 0014 2000 0000 0000 0000#1626596108234462#-63.0#4.681709364626977#9
0000 0016 2000 0000 0000 0000#1626596108499416#-50.0#3.663146121470911#9
0000 0018 2000 0000 0000 0000#1626596108501359#-57.0#5.473243451175968#9
0000 000F 2000 0000 0000 0000#1626596108503608#-55.5#1.0921943209745766#9
0000 0017 2000 0000 0000 0000#1626596108504683#-48.5#1.9205439464328227#9
0000 0012 2000 0000 0000 0000#1626596108506366#-54.0#6.0991076126333095#9
0000 0011 2000 0000 0000 0000#1626596108507422#-52.5#1.6812429435226628#9
0000 001B 2000 0000 0000 0000#1626596108508849#-61.0#5.546874528994478#9
0000 0015 2000 0000 0000 0000#1626596108510925#-62.5#2.1046216409791#9
0000 0010 2000 0000 0000 0000#1626596108512050#-54.0#4.154019973594316#9
0000 001A 2000 0000 0000 0000#1626596108513367#-54.5#0.4172427743048944#9
0000 0019 2000 0000 0000 0000#1626596108515315#-56.0#2.6568547246179306#9
0000 0010 2000 0000 0000 0000#1626596108522277#-56.0#4.049709280018092#9
0000 0012 2000 0000 0000 0000#1626596108523312#-55.0#6.007068765360171#9
0000 0011 2000 0000 0000 0000#1626596108524371#-52.5#1.6014759425526093#9
0000 0017 2000 0000 0000 0000#1626596108525475#-49.0#1.859184714917397#9
0000 0019 2000 0000 0000 0000#1626596108526764#-56.0#2.5893595699509624#9
0000 0015 2000 0000 0000 0000#1626596108528129#-63.0#2.270291566070749#9
0000 001B 2000 0000 0000 0000#1626596108529125#-61.5#5.485515297479052#9
0000 001A 2000 0000 0000 0000#1626596108530185#-54.5#0.2454369260617026#9
0000 0016 2000 0000 0000 0000#1626596108531489#-50.5#3.6324665057131984#9
0000 000F 2000 0000 0000 0000#1626596108534061#-57.0#0.9387962421860124#9
0000 0018 2000 0000 0000 0000#1626596108535606#-56.5#5.21553467881118#9
0000 001D 2000 0000 0000 0000#1626596108542692#-62.0#2.1230294104337273#9
0000 0012 2000 0000 0000 0000#1626596108807119#-58.5#5.9088939949354895#9
0000 0010 2000 0000 0000 0000#1626596108808764#-56.5#3.5588354278946874#9
0000 0019 2000 0000 0000 0000#1626596108809796#-57.5#2.2150682577068657#9
0000 0018 2000 0000 0000 0000#1626596108810826#-58.5#4.724660826687775#9
0000 000F 2000 0000 0000 0000#1626596108812132#-60.0#0.5767767762450011#9
0000 0001 0000 0000 0000 0000#1626596108813780#-65.0#5.442563835418255#9
0000 0016 2000 0000 0000 0000#1626596108815099#-53.5#3.6815538909255388#9
0000 001A 2000 0000 0000 0000#1626596108816242#-56.0#0.1227184630308513#9
0000 0015 2000 0000 0000 0000#1626596108818049#-64.0#2.478912953223196#9
0000 001D 2000 0000 0000 0000#1626596108819737#-62.0#2.386874105950058#9
0000 0017 2000 0000 0000 0000#1626596108821054#-53.0#1.7732817907958012#9
0000 0011 2000 0000 0000 0000#1626596108822826#-53.5#1.184233168247715#9
0000 0017 2000 0000 0000 0000#1626596108835393#-52.5#2.5280003384355365#9
0000 0010 2000 0000 0000 0000#1626596108838134#-55.0#4.424000592262189#9
0000 0012 2000 0000 0000 0000#1626596108839411#-56.5#0.42337869745643697#9
0000 0011 2000 0000 0000 0000#1626596108842164#-52.5#1.9819031779482483#9
0000 0018 2000 0000 0000 0000#1626596108844192#-57.5#5.589825991055276#9
