0000 001B 2000 0000 0000 0000#1626595885204014#-49.5#0.1043106935762236#9
0000 0019 2000 0000 0000 0000#1626595885205092#-45.0#3.8963112012295285#9
0000 0011 2000 0000 0000 0000#1626595885208918#-45.0#4.104932588381976#9
0000 0015 2000 0000 0000 0000#1626595885209940#-50.5#2.5832236467994196#9
0000 001A 2000 0000 0000 0000#1626595885210998#-46.0#4.798291904506286#9
0000 0013 2000 0000 0000 0000#1626595885212350#-50.5#0.6504078540635119#9
0000 001C 2000 0000 0000 0000#1626595885213706#-48.0#1.4664856332186729#9
0000 0017 2000 0000 0000 0000#1626595885215480#-44.0#2.36846633649543#9
0000 000F 2000 0000 0000 0000#1626595885216527#-46.0#2.9575149590435164#9
0000 0012 2000 0000 0000 0000#1626595885217560#-49.0#5.418020142812084#9
0000 0014 2000 0000 0000 0000#1626595885220090#-48.5#1.8162332528565992#9
0000 001D 2000 0000 0000 0000#1626595885222050#-48.0#2.325514874434632#9
0000 0016 2000 0000 0000 0000#1626595885223302#-66.0#4.025165587411922#9
0000 0018 2000 0000 0000 0000#1626595885227337#-45.5#3.3072625786814425#9
0000 0010 2000 0000 0000 0000#1626595885228464#-42.5#3.522019888985432#9
0000 0019 2000 0000 0000 0000#1626595885232470#-45.5#3.902447124381071#9
0000 0017 2000 0000 0000 0000#1626595885234643#-44.5#2.3746022596469727#9
0000 0011 2000 0000 0000 0000#1626595885236864#-45.0#4.123340357836604#9
0000 0014 2000 0000 0000 0000#1626595885245735#-48.5#1.9757672547967058#9
0000 001A 2000 0000 0000 0000#1626595885247284#-45.5#4.97623367590102#9
0000 0015 2000 0000 0000 0000#1626595885248834#-50.5#2.767301341345697#9
0000 001C 2000 0000 0000 0000#1626595885249889#-48.5#1.6321555583103222#9
0000 000F 2000 0000 0000 0000#1626595885251371#-46.0#3.1661363461959633#9
0000 0010 2000 0000 0000 0000#1626595885252776#-42.5#3.7122335066832517#9
0000 001B 2000 0000 0000 0000#1626595885253983#-49.0#0.2761165418194154#9
0000 0018 2000 0000 0000 0000#1626595885255315#-45.0#3.4913402732277192#9
0000 0012 2000 0000 0000 0000#1626595885257095#-49.0#5.651185222570702#9
0000 001D 2000 0000 0000 0000#1626595885258740#-47.5#2.5034566458293663#9
0000 0013 2000 0000 0000 0000#1626595885260033#-50.5#0.8528933180644165#9
0000 0016 2000 0000 0000 0000#1626595885261225#-66.5#4.344233591292136#9
0000 0014 2000 0000 0000 0000#1626595885526885#-47.0#3.2090878082567613#9
0000 0010 2000 0000 0000 0000#1626595885527918#-43.0#4.601942363656923#9
0000 0016 2000 0000 0000 0000#1626595885528968#-51.5#4.2092432819582#9
0000 0018 2000 0000 0000 0000#1626595885530540#-42.5#4.301282129231338#9
0000 0012 2000 0000 0000 0000#1626595885531858#-48.5#0.9081166264282996#9
0000 0013 2000 0000 0000 0000#1626595885532924#-48.0#2.2641556429192065#9
0000 000F 2000 0000 0000 0000#1626595885534738#-42.0#3.9208548938356986#9
0000 0011 2000 0000 0000 0000#1626595885535827#-46.0#5.497787143782138#9
0000 0017 2000 0000 0000 0000#1626595885536861#-38.0#3.2827188860752723#9
0000 001B 2000 0000 0000 0000#1626595885539658#-47.0#1.859184714917397#9
0000 0019 2000 0000 0000 0000#1626595885540934#-44.5#5.166447293598839#9
0000 001D 2000 0000 0000 0000#1626595885541966#-45.5#3.718369429834794#9
0000 001C 2000 0000 0000 0000#1626595885543963#-46.0#2.9391071895888885#9
0000 0015 2000 0000 0000 0000#1626595885545508#-49.5#3.9944859716542096#9
0000 001A 2000 0000 0000 0000#1626595885549366#-46.5#0.2638446955163303#9
0000 0010 2000 0000 0000 0000#1626595885553677#-43.5#4.657165672020807#9
0000 0019 2000 0000 0000 0000#1626595885554966#-45.0#5.227806525114265#9
0000 0013 2000 0000 0000 0000#1626595885556029#-48.0#2.380738182798515#9
0000 0017 2000 0000 0000 0000#1626595885557123#-37.5#3.2643111166206444#9
0000 0011 2000 0000 0000 0000#1626595885559577#-46.0#5.602097837358362#9
0000 001A 2000 0000 0000 0000#1626595885562944#-46.5#0.4172427743048944#9
0000 0014 2000 0000 0000 0000#1626595885564342#-46.0#3.313398501832985#9
0000 0016 2000 0000 0000 0000#1626595885565435#-49.0#4.0987966652304335#9
0000 000F 2000 0000 0000 0000#1626595885566471#-41.5#3.9208548938356986#9
0000 001D 2000 0000 0000 0000#1626595885567789#-45.5#3.810408277107933#9
0000 001C 2000 0000 0000 0000#1626595885568846#-45.5#3.0372819600135696#9
0000 0018 2000 0000 0000 0000#1626595885570170#-42.5#4.319689898685965#9
0000 0012 2000 0000 0000 0000#1626595885571614#-48.0#1.2210487071569704#9
0000 0015 2000 0000 0000 0000#1626595885572678#-49.0#4.0558452031696355#9
0000 001B 2000 0000 0000 0000#1626595885573787#-46.0#2.012582793705961#9
0000 001D 2000 0000 0000 0000#1626595885842520#-42.5#4.215379205109742#9
0000 000F 2000 0000 0000 0000#1626595885844196#-39.5#4.221515128261284#9
0000 0010 2000 0000 0000 0000#1626595885845353#-44.5#5.50392306693368#9
0000 0012 2000 0000 0000 0000#1626595885846401#-44.0#2.3746022596469727#9
0000 001B 2000 0000 0000 0000#1626595885855770#-42.5#2.4175537217077703#9
0000 0017 2000 0000 0000 0000#1626595885858643#-34.5#3.0250101137104846#9
0000 0011 2000 0000 0000 0000#1626595885860751#-47.5#0.7915340865489908#9
0000 0015 2000 0000 0000 0000#1626595885861829#-47.0#4.04357335686655#9
0000 001A 2000 0000 0000 0000#1626595885862846#-43.5#1.509437095279471#9
0000 001C 2000 0000 0000 0000#1626595885863948#-42.0#3.2459033471660166#9
0000 0016 2000 0000 0000 0000#1626595885864999#-40.0#3.5465635815916023#9
0000 0014 2000 0000 0000 0000#1626595885866081#-43.0#3.497476196379262#9
0000 0013 2000 0000 0000 0000#1626595885867162#-43.0#2.7979809571034093#9
0000 0018 2000 0000 0000 0000#1626595885869078#-45.0#4.601942363656923#9
0000 0019 2000 0000 0000 0000#1626595885870095#-47.5#0.21475731030398976#9
0000 001A 2000 0000 0000 0000#1626595885874091#-43.5#1.5707963267948966#9
0000 0015 2000 0000 0000 0000#1626595885875454#-46.5#4.09266074207889#9
0000 001C 2000 0000 0000 0000#1626595885876541#-42.0#3.2888548092268146#9
0000 0013 2000 0000 0000 0000#1626595885879659#-43.5#2.816388726558037#9
0000 001B 2000 0000 0000 0000#1626595885880764#-42.0#2.497320722677824#9
0000 0014 2000 0000 0000 0000#1626595885882062#-43.0#3.5465635815916023#9
0000 000F 2000 0000 0000 0000#1626595885883854#-41.0#3.9576704327449543#9
0000 0017 2000 0000 0000 0000#1626595885885451#-34.5#3.153864499892878#9
0000 0019 2000 0000 0000 0000#1626595885886984#-47.5#0.36815538909255385#9
0000 0010 2000 0000 0000 0000#1626595885888126#-45.0#5.393476450205914#9
0000 0016 2000 0000 0000 0000#1626595885889222#-39.5#3.5833791205008576#9
0000 001D 2000 0000 0000 0000#1626595885890867#-43.5#3.9269908169872414#9
0000 0018 2000 0000 0000 0000#1626595885892797#-45.0#4.724660826687775#9
0000 0012 2000 0000 0000 0000#1626595885893818#-43.0#2.1230294104337273#9
0000 0011 2000 0000 0000 0000#1626595885895274#-45.0#0.9633399347921826#9
0000 000F 2000 0000 0000 0000#1626595886159727#-41.5#5.45483568172134#9
0000 0017 2000 0000 0000 0000#1626595886162124#-34.0#4.522175362686871#9
0000 0012 2000 0000 0000 0000#1626595886163301#-41.0#3.1661363461959633#9
0000 0016 2000 0000 0000 0000#1626595886164380#-38.5#4.681709364626977#9
0000 0014 2000 0000 0000 0000#1626595886165676#-40.5#4.4362724385652745#9
0000 001A 2000 0000 0000 0000#1626595886166986#-39.5#2.773437264497239#9
0000 0019 2000 0000 0000 0000#1626595886168037#-43.5#2.0493983326152168#9
0000 0013 2000 0000 0000 0000#1626595886169120#-41.0#3.8717675086233583#9
0000 0011 2000 0000 0000 0000#1626595886170295#-42.5#2.350058567040802#9
0000 0018 2000 0000 0000 0000#1626595886171341#-45.5#0.20248546400090464#9
0000 001B 2000 0000 0000 0000#1626595886173728#-39.5#3.56497135104623#9
0000 0010 2000 0000 0000 0000#1626595886175118#-43.5#1.0676506283684062#9
0000 0015 2000 0000 0000 0000#1626595886176254#-45.5#4.914874444385594#9
0000 001D 2000 0000 0000 0000#1626595886177917#-41.5#4.675573441475434#9
0000 001C 2000 0000 0000 0000#1626595886179390#-39.5#4.289010282928253#9
0000 001C 2000 0000 0000 0000#1626595886184375#-39.5#4.3074180523828804#9
0000 0019 2000 0000 0000 0000#1626595886186164#-43.5#2.110757564130642#9
0000 0017 2000 0000 0000 0000#1626595886189055#-34.5#4.669437518323892#9
0000 0012 2000 0000 0000 0000#1626595886190458#-40.0#3.2643111166206444#9
0000 0014 2000 0000 0000 0000#1626595886191484#-40.5#4.473087977474529#9
0000 0011 2000 0000 0000 0000#1626595886192596#-41.0#2.405281875404685#9
0000 0010 2000 0000 0000 0000#1626595886193932#-45.0#1.1658253987930873#9
0000 0013 2000 0000 0000 0000#1626595886195665#-41.0#3.9638063558964967#9
0000 001D 2000 0000 0000 0000#1626595886196728#-41.5#4.718524903536232#9
0000 0016 2000 0000 0000 0000#1626595886197805#-38.5#4.816699673960914#9
0000 001B 2000 0000 0000 0000#1626595886199364#-39.5#3.6570101983193686#9
0000 0018 2000 0000 0000 0000#1626595886200510#-43.5#0.37429131224409645#9
0000 000F 2000 0000 0000 0000#1626595886201614#-41.5#5.71868037723767#9
0000 001A 2000 0000 0000 0000#1626595886202919#-39.0#2.8838838812250054#9
0000 0015 2000 0000 0000 0000#1626595886205095#-45.5#4.908738521234052#9
0000 001B 2000 0000 0000 0000#1626595886470641#-38.0#3.8533597391687304#9
0000 0017 2000 0000 0000 0000#1626595886471930#-33.5#5.632777453116074#9
0000 000F 2000 0000 0000 0000#1626595886472966#-40.0#0.39269908169872414#9
0000 0019 2000 0000 0000 0000#1626595886474228#-39.5#2.6016314162540475#9
0000 0013 2000 0000 0000 0000#1626595886475766#-39.0#4.111068511533518#9
0000 0016 2000 0000 0000 0000#1626595886477060#-39.0#5.589825991055276#9
0000 0014 2000 0000 0000 0000#1626595886478084#-39.5#4.509903516383785#9
0000 001C 2000 0000 0000 0000#1626595886479139#-38.0#4.387185053352934#9
0000 0012 2000 0000 0000 0000#1626595886480203#-37.5#3.522019888985432#9
0000 0015 2000 0000 0000 0000#1626595886481524#-45.0#4.8351074434155406#9
0000 001D 2000 0000 0000 0000#1626595886482542#-41.0#4.663301595172349#9
0000 0011 2000 0000 0000 0000#1626595886485525#-38.5#2.773437264497239#9
0000 001A 2000 0000 0000 0000#1626595886486667#-36.0#3.172272269347506#9
0000 0010 2000 0000 0000 0000#1626595886490422#-40.5#1.9144080232812801#9
0000 0018 2000 0000 0000 0000#1626595886491466#-41.0#1.3008157081270237#9
0000 001B 2000 0000 0000 0000#1626595886497446#-38.0#3.9147189706841563#9
0000 001A 2000 0000 0000 0000#1626595886498763#-37.0#3.2029518851052186#9
0000 001C 2000 0000 0000 0000#1626595886500376#-38.0#4.424000592262189#9
0000 001D 2000 0000 0000 0000#1626595886501723#-41.0#4.706253057233147#9
0000 0017 2000 0000 0000 0000#1626595886504032#-33.5#5.786175531904639#9
0000 0011 2000 0000 0000 0000#1626595886505121#-38.5#2.7979809571034093#9
0000 0010 2000 0000 0000 0000#1626595886506245#-39.0#1.9512235621905356#9
0000 0018 2000 0000 0000 0000#1626595886507793#-41.5#1.3621749396424494#9
0000 0012 2000 0000 0000 0000#1626595886508828#-37.5#3.5772431973493153#9
0000 0014 2000 0000 0000 0000#1626595886510362#-39.5#4.577398671050753#9
0000 0013 2000 0000 0000 0000#1626595886511874#-38.5#4.166291819897402#9
0000 0016 2000 0000 0000 0000#1626595886513166#-38.5#5.755495916146925#9
0000 0015 2000 0000 0000 0000#1626595886514969#-45.0#4.865787059173254#9
0000 0019 2000 0000 0000 0000#1626595886517473#-39.0#2.6813984172241008#9
0000 000F 2000 0000 0000 0000#1626595886518764#-39.0#0.6013204688511713#9
0000 001C 2000 0000 0000 0000#1626595886789118#-37.0#5.5714182216006485#9
0000 000F 2000 0000 0000 0000#1626595886790997#-35.0#2.350058567040802#9
0000 0010 2000 0000 0000 0000#1626595886792044#-36.5#3.4054373491061236#9
0000 001B 2000 0000 0000 0000#1626595886793083#-35.5#5.184855063053467#9
0000 0013 2000 0000 0000 0000#1626595886794108#-37.5#5.411884219660542#9
0000 0014 2000 0000 0000 0000#1626595886795216#-38.5#5.6573211457222445#9
0000 0019 2000 0000 0000 0000#1626595886796293#-37.0#4.049709280018092#9
0000 0016 2000 0000 0000 0000#1626595886797866#-36.5#1.6014759425526093#9
0000 001A 2000 0000 0000 0000#1626595886799209#-35.0#4.620350133111551#9
0000 0017 2000 0000 0000 0000#1626595886800289#-30.0#1.6137477888556946#9
0000 001D 2000 0000 0000 0000#1626595886801575#-40.0#5.700272607783043#9
0000 0012 2000 0000 0000 0000#1626595886803915#-35.5#4.95168998329485#9
0000 0011 2000 0000 0000 0000#1626595886804994#-35.5#4.23378697456437#9
0000 0015 2000 0000 0000 0000#1626595886806031#-44.5#5.792311455056181#9
0000 0018 2000 0000 0000 0000#1626595886807720#-37.0#2.945243112740431#9
0000 001A 2000 0000 0000 0000#1626595886814076#-35.0#4.651029748869264#9
0000 0017 2000 0000 0000 0000#1626595886815234#-28.5#1.6505633277649499#9
0000 0011 2000 0000 0000 0000#1626595886817088#-34.5#4.25833066717054#9
0000 0010 2000 0000 0000 0000#1626595886818203#-35.0#3.429981041712294#9
0000 001C 2000 0000 0000 0000#1626595886820046#-37.0#5.608233760509904#9
0000 0012 2000 0000 0000 0000#1626595886821459#-34.5#4.988505522204105#9
0000 0018 2000 0000 0000 0000#1626595886822523#-37.0#2.9697868053466014#9
0000 001D 2000 0000 0000 0000#1626595886825122#-38.5#5.712544454086128#9
0000 0013 2000 0000 0000 0000#1626595886826175#-37.5#5.45483568172134#9
0000 001B 2000 0000 0000 0000#1626595886827509#-35.5#5.252350217720435#9
0000 0015 2000 0000 0000 0000#1626595886829003#-44.0#5.810719224510809#9
0000 0019 2000 0000 0000 0000#1626595886830309#-36.5#4.1172044346850605#9
0000 000F 2000 0000 0000 0000#1626595886831957#-34.5#2.442097414313941#9
0000 0014 2000 0000 0000 0000#1626595886833309#-38.5#5.700272607783043#9
0000 0016 2000 0000 0000 0000#1626595886836799#-35.5#1.761009944492716#9
0000 0017 2000 0000 0000 0000#1626595887102719#-27.0#2.0064468705544187#9
0000 001A 2000 0000 0000 0000#1626595887104603#-33.0#4.528311285838413#9
0000 001C 2000 0000 0000 0000#1626595887105677#-37.0#5.289165756629691#9
0000 0010 2000 0000 0000 0000#1626595887107258#-33.0#3.399301425954581#9
0000 0016 2000 0000 0000 0000#1626595887109578#-33.5#2.1966604882522383#9
0000 0013 2000 0000 0000 0000#1626595887110857#-37.5#5.21553467881118#9
0000 0019 2000 0000 0000 0000#1626595887112857#-36.0#4.01902966426038#9
0000 0015 2000 0000 0000 0000#1626595887113925#-45.5#5.2339424482658075#9
0000 001B 2000 0000 0000 0000#1626595887115002#-36.0#5.049864753719531#9
0000 0012 2000 0000 0000 0000#1626595887116095#-35.5#4.865787059173254#9
0000 000F 2000 0000 0000 0000#1626595887117413#-31.5#2.60776733940559#9
0000 0018 2000 0000 0000 0000#1626595887120507#-33.0#3.067961575771282#9
0000 0011 2000 0000 0000 0000#1626595887122422#-35.5#4.196971435655114#9
0000 001D 2000 0000 0000 0000#1626595887125611#-39.5#5.221670601962723#9
0000 0014 2000 0000 0000 0000#1626595887126962#-39.0#5.325981295538946#9
0000 000F 2000 0000 0000 0000#1626595887131850#-32.0#2.6445828783148455#9
0000 0017 2000 0000 0000 0000#1626595887132955#-27.0#2.110757564130642#9
0000 0014 2000 0000 0000 0000#1626595887134492#-39.0#5.325981295538946#9
0000 0016 2000 0000 0000 0000#1626595887135572#-33.5#2.3009711818284617#9
0000 0012 2000 0000 0000 0000#1626595887136888#-36.0#4.902602598082509#9
0000 0010 2000 0000 0000 0000#1626595887138492#-34.5#3.466796580621549#9
0000 0011 2000 0000 0000 0000#1626595887139821#-35.0#4.23378697456437#9
0000 0013 2000 0000 0000 0000#1626595887142369#-37.5#5.246214294568893#9
0000 001C 2000 0000 0000 0000#1626595887143701#-37.5#5.295301679781233#9
0000 001A 2000 0000 0000 0000#1626595887145019#-35.0#4.601942363656923#9
0000 001B 2000 0000 0000 0000#1626595887146396#-36.0#5.086680292628786#9
0000 0019 2000 0000 0000 0000#1626595887147958#-36.0#4.074252972624263#9
0000 0018 2000 0000 0000 0000#1626595887149101#-34.5#3.129320807286708#9
0000 0015 2000 0000 0000 0000#1626595887150610#-45.5#5.221670601962723#9
0000 001D 2000 0000 0000 0000#1626595887152156#-41.0#5.227806525114265#9
0000 001B 2000 0000 0000 0000#1626595887419081#-38.0#5.356660911296659#9
0000 001A 2000 0000 0000 0000#1626595887420413#-35.5#5.00077736850719#9
0000 0016 2000 0000 0000 0000#1626595887421969#-32.5#3.509748042682347#9
0000 0014 2000 0000 0000 0000#1626595887423293#-41.5#5.448699758569798#9
0000 0017 2000 0000 0000 0000#1626595887424582#-26.5#3.1784081924990484#9
0000 000F 2000 0000 0000 0000#1626595887425887#-30.5#3.6140587362585705#9
0000 0011 2000 0000 0000 0000#1626595887427739#-34.5#4.749204519293945#9
0000 0010 2000 0000 0000 0000#1626595887428803#-33.5#4.172427743048944#9
0000 001D 2000 0000 0000 0000#1626595887431691#-43.0#5.203262832508095#9
0000 0015 2000 0000 0000 0000#1626595887432799#-47.5#5.135767677841127#9
0000 0018 2000 0000 0000 0000#1626595887435782#-32.5#3.9392626632903265#9
0000 0019 2000 0000 0000 0000#1626595887436888#-36.0#4.675573441475434#9
0000 0013 2000 0000 0000 0000#1626595887438300#-40.0#5.50392306693368#9
0000 0012 2000 0000 0000 0000#1626595887441244#-37.0#5.283029833478148#9
0000 001C 2000 0000 0000 0000#1626595887442714#-40.0#5.473243451175968#9
0000 0010 2000 0000 0000 0000#1626595887448206#-32.0#4.190835512503572#9
0000 000F 2000 0000 0000 0000#1626595887449915#-30.5#3.6815538909255388#9
0000 0011 2000 0000 0000 0000#1626595887451189#-36.0#4.773748211900116#9
0000 0014 2000 0000 0000 0000#1626595887452270#-42.0#5.424156065963627#9
0000 0017 2000 0000 0000 0000#1626595887454041#-26.5#3.2643111166206444#9
0000 0018 2000 0000 0000 0000#1626595887455118#-33.5#3.9515345095934116#9
0000 001B 2000 0000 0000 0000#1626595887456199#-38.5#5.356660911296659#9
0000 0015 2000 0000 0000 0000#1626595887457206#-48.0#5.086680292628786#9
0000 001C 2000 0000 0000 0000#1626595887458804#-40.5#5.460971604872882#9
0000 0019 2000 0000 0000 0000#1626595887460416#-36.5#4.6878452877785195#9
0000 0016 2000 0000 0000 0000#1626595887462849#-32.0#3.6324665057131984#9
0000 001A 2000 0000 0000 0000#1626595887464654#-35.5#5.006913291658733#9
0000 0012 2000 0000 0000 0000#1626595887466086#-37.5#5.283029833478148#9
0000 0013 2000 0000 0000 0000#1626595887467425#-40.5#5.50392306693368#9
0000 001D 2000 0000 0000 0000#1626595887468614#-43.5#5.135767677841127#9
0000 001A 2000 0000 0000 0000#1626595887732162#-38.0#4.546719055293041#9
0000 0012 2000 0000 0000 0000#1626595887735485#-40.0#4.798291904506286#9
0000 0019 2000 0000 0000 0000#1626595887736590#-37.0#4.387185053352934#9
0000 0018 2000 0000 0000 0000#1626595887737864#-33.5#3.8533597391687304#9
0000 0013 2000 0000 0000 0000#1626595887738888#-42.5#4.896466674930966#9
0000 001B 2000 0000 0000 0000#1626595887740487#-41.0#4.767612288748572#9
0000 0016 2000 0000 0000 0000#1626595887741567#-32.5#3.9208548938356986#9
0000 000F 2000 0000 0000 0000#1626595887742659#-30.5#3.706097583531709#9
0000 0017 2000 0000 0000 0000#1626595887744417#-26.0#3.3870295796514958#9
0000 001C 2000 0000 0000 0000#1626595887745460#-42.5#4.749204519293945#9
0000 0011 2000 0000 0000 0000#1626595887746518#-37.0#4.399456899656019#9
0000 001D 2000 0000 0000 0000#1626595887747682#-45.5#4.264466590322082#9
0000 0015 2000 0000 0000 0000#1626595887748746#-50.5#4.172427743048944#9
0000 0010 2000 0000 0000 0000#1626595887750519#-34.0#4.031301510563465#9
0000 0014 2000 0000 0000 0000#1626595887752698#-44.5#4.6448938257177215#9
0000 001B 2000 0000 0000 0000#1626595887757490#-41.0#4.749204519293945#9
0000 001A 2000 0000 0000 0000#1626595887758552#-38.0#4.516039439535327#9
0000 001C 2000 0000 0000 0000#1626595887760693#-43.0#4.706253057233147#9
0000 000F 2000 0000 0000 0000#1626595887762000#-31.0#3.718369429834794#9
0000 0013 2000 0000 0000 0000#1626595887763521#-42.5#4.847379289718626#9
0000 0018 2000 0000 0000 0000#1626595887764569#-33.5#3.8963112012295285#9
0000 0014 2000 0000 0000 0000#1626595887765606#-44.0#4.601942363656923#9
0000 0011 2000 0000 0000 0000#1626595887766866#-37.0#4.387185053352934#9
0000 001D 2000 0000 0000 0000#1626595887767884#-46.0#4.2092432819582#9
0000 0017 2000 0000 0000 0000#1626595887769221#-26.0#3.423845118560751#9
0000 0016 2000 0000 0000 0000#1626595887770743#-32.0#3.9822141253511245#9
0000 0019 2000 0000 0000 0000#1626595887772177#-37.0#4.3933209765044765#9
0000 0012 2000 0000 0000 0000#1626595887774364#-40.5#4.724660826687775#9
0000 0010 2000 0000 0000 0000#1626595887775382#-34.0#4.037437433715008#9
0000 0015 2000 0000 0000 0000#1626595887776556#-50.5#4.09266074207889#9
0000 0016 2000 0000 0000 0000#1626595888039821#-31.5#5.135767677841127#9
0000 0011 2000 0000 0000 0000#1626595888040897#-37.5#4.816699673960914#9
0000 001A 2000 0000 0000 0000#1626595888043510#-39.0#4.76147636559703#9
0000 000F 2000 0000 0000 0000#1626595888044574#-31.0#4.700117134081604#9
0000 0010 2000 0000 0000 0000#1626595888045717#-32.5#4.767612288748572#9
0000 0018 2000 0000 0000 0000#1626595888046822#-32.5#4.73693267299086#9
0000 0019 2000 0000 0000 0000#1626595888047913#-36.5#4.908738521234052#9
0000 0017 2000 0000 0000 0000#1626595888050742#-26.0#4.509903516383785#9
0000 0015 2000 0000 0000 0000#1626595888051747#-51.5#4.325825821837508#9
0000 0012 2000 0000 0000 0000#1626595888054020#-40.5#4.933282213840222#9
0000 001B 2000 0000 0000 0000#1626595888055585#-41.5#4.871922982324796#9
0000 0014 2000 0000 0000 0000#1626595888058117#-46.0#4.706253057233147#9
0000 001C 2000 0000 0000 0000#1626595888061222#-44.0#4.804427827657828#9
0000 001D 2000 0000 0000 0000#1626595888062885#-47.0#4.344233591292136#9
0000 0013 2000 0000 0000 0000#1626595888063923#-43.5#4.9394181369917645#9
0000 0018 2000 0000 0000 0000#1626595888070739#-31.5#4.724660826687775#9
0000 001C 2000 0000 0000 0000#1626595888071798#-44.0#4.779884135051658#9
0000 000F 2000 0000 0000 0000#1626595888072818#-30.5#4.706253057233147#9
0000 0017 2000 0000 0000 0000#1626595888073864#-26.0#4.534447208989955#9
0000 001A 2000 0000 0000 0000#1626595888075003#-37.5#4.700117134081604#9
0000 0010 2000 0000 0000 0000#1626595888076375#-32.5#4.7307967498393175#9
0000 0014 2000 0000 0000 0000#1626595888077883#-46.0#4.657165672020807#9
0000 0011 2000 0000 0000 0000#1626595888079010#-36.0#4.73693267299086#9
0000 0019 2000 0000 0000 0000#1626595888081287#-37.0#4.853515212870168#9
0000 0016 2000 0000 0000 0000#1626595888083304#-31.5#5.178719139901925#9
0000 001B 2000 0000 0000 0000#1626595888084596#-42.0#4.798291904506286#9
0000 0013 2000 0000 0000 0000#1626595888085636#-44.0#4.878058905476339#9
0000 0012 2000 0000 0000 0000#1626595888087520#-39.5#4.8351074434155406#9
0000 001D 2000 0000 0000 0000#1626595888091134#-47.5#4.295146206079795#9
0000 0015 2000 0000 0000 0000#1626595888092397#-52.0#4.252194744018997#9
0000 001B 2000 0000 0000 0000#1626595888357175#-43.5#3.6570101983193686#9
0000 0012 2000 0000 0000 0000#1626595888358933#-42.0#3.6692820446224537#9
0000 001A 2000 0000 0000 0000#1626595888359968#-39.5#3.4913402732277192#9
0000 0018 2000 0000 0000 0000#1626595888361014#-33.0#3.9944859716542096#9
0000 001D 2000 0000 0000 0000#1626595888362074#-52.0#3.06182565261974#9
0000 000F 2000 0000 0000 0000#1626595888363352#-30.5#4.09266074207889#9
0000 0019 2000 0000 0000 0000#1626595888364655#-37.5#3.816544200259475#9
0000 0017 2000 0000 0000 0000#1626595888365717#-26.5#4.000621894805752#9
0000 0014 2000 0000 0000 0000#1626595888367037#-49.0#3.454524734318464#9
0000 0013 2000 0000 0000 0000#1626595888369474#-46.0#3.6815538909255388#9
0000 001C 2000 0000 0000 0000#1626595888370730#-46.5#3.522019888985432#9
0000 0016 2000 0000 0000 0000#1626595888371822#-31.5#4.853515212870168#9
0000 0010 2000 0000 0000 0000#1626595888376145#-34.5#3.8717675086233583#9
0000 0011 2000 0000 0000 0000#1626595888377806#-38.0#3.6017868899554855#9
0000 0015 2000 0000 0000 0000#1626595888380835#-57.0#2.8716120349219203#9
0000 0013 2000 0000 0000 0000#1626595888385522#-45.5#3.650874275167826#9
0000 000F 2000 0000 0000 0000#1626595888387953#-30.5#4.06811704947272#9
0000 0010 2000 0000 0000 0000#1626595888389014#-34.0#3.859495662320273#9
0000 0015 2000 0000 0000 0000#1626595888390080#-57.5#2.7979809571034093#9
0000 0018 2000 0000 0000 0000#1626595888391250#-32.0#3.9699422790480394#9
0000 0017 2000 0000 0000 0000#1626595888393690#-25.0#4.000621894805752#9
0000 0016 2000 0000 0000 0000#1626595888395780#-31.5#4.847379289718626#9
0000 001C 2000 0000 0000 0000#1626595888396995#-47.0#3.466796580621549#9
0000 001D 2000 0000 0000 0000#1626595888398153#-51.0#2.9084275738311756#9
0000 0011 2000 0000 0000 0000#1626595888399779#-36.5#3.56497135104623#9
0000 0019 2000 0000 0000 0000#1626595888400826#-37.5#3.749049045592507#9
0000 0012 2000 0000 0000 0000#1626595888401888#-42.0#3.5772431973493153#9
0000 001A 2000 0000 0000 0000#1626595888402951#-39.5#3.4054373491061236#9
0000 001B 2000 0000 0000 0000#1626595888404388#-43.5#3.5465635815916023#9
0000 0014 2000 0000 0000 0000#1626595888406053#-49.5#3.3318062712876126#9
0000 000F 2000 0000 0000 0000#1626595888669687#-30.5#3.9638063558964967#9
0000 0018 2000 0000 0000 0000#1626595888670828#-32.0#3.761320891895592#9
0000 0012 2000 0000 0000 0000#1626595888671849#-43.5#3.0802334220743677#9
0000 0013 2000 0000 0000 0000#1626595888673399#-49.0#2.9391071895888885#9
0000 001A 2000 0000 0000 0000#1626595888674460#-40.5#2.9022916506796332#9
0000 0015 2000 0000 0000 0000#1626595888675735#-61.5#1.1290098598838318#9
0000 0019 2000 0000 0000 0000#1626595888677864#-36.0#3.3624858870453256#9
0000 0014 2000 0000 0000 0000#1626595888680174#-53.5#2.380738182798515#9
0000 0010 2000 0000 0000 0000#1626595888683329#-34.0#3.5588354278946874#9
0000 001B 2000 0000 0000 0000#1626595888684863#-46.0#2.9084275738311756#9
0000 0017 2000 0000 0000 0000#1626595888685909#-27.0#3.9638063558964967#9
0000 0011 2000 0000 0000 0000#1626595888686970#-38.5#3.129320807286708#9
0000 001C 2000 0000 0000 0000#1626595888688355#-51.0#2.5402721847386216#9
0000 001D 2000 0000 0000 0000#1626595888689401#-57.5#1.4726215563702154#9
0000 0016 2000 0000 0000 0000#1626595888692915#-31.5#4.97623367590102#9
0000 001B 2000 0000 0000 0000#1626595888698787#-46.5#2.8716120349219203#9
0000 0017 2000 0000 0000 0000#1626595888700131#-27.0#3.9453985864418692#9
0000 0019 2000 0000 0000 0000#1626595888701139#-37.5#3.313398501832985#9
0000 0011 2000 0000 0000 0000#1626595888702781#-37.0#3.0925052683774528#9
0000 0018 2000 0000 0000 0000#1626595888703910#-32.0#3.6999616603801666#9
0000 000F 2000 0000 0000 0000#1626595888704944#-31.5#3.9269908169872414#9
0000 0014 2000 0000 0000 0000#1626595888706234#-53.5#2.2089323345553233#9
0000 0010 2000 0000 0000 0000#1626595888707227#-34.0#3.5036121195308043#9
0000 0012 2000 0000 0000 0000#1626595888709568#-44.0#2.945243112740431#9
0000 0013 2000 0000 0000 0000#1626595888711234#-49.5#2.791845033951867#9
0000 001A 2000 0000 0000 0000#1626595888712365#-39.0#2.804116880254952#9
0000 0016 2000 0000 0000 0000#1626595888713656#-32.0#4.95168998329485#9
0000 001C 2000 0000 0000 0000#1626595888714755#-52.0#2.386874105950058#9
0000 001D 2000 0000 0000 0000#1626595888725538#-57.0#0.6320000846088841#9
0000 0015 2000 0000 0000 0000#1626595888727173#-62.5#0.16566992509164924#9
0000 0015 2000 0000 0000 0000#1626595888990122#-47.0#4.485359823777615#9
0000 001D 2000 0000 0000 0000#1626595888992180#-45.5#4.460816131171445#9
0000 000F 2000 0000 0000 0000#1626595888993829#-32.5#3.0250101137104846#9
0000 0011 2000 0000 0000 0000#1626595888994903#-39.5#2.0493983326152168#9
0000 0016 2000 0000 0000 0000#1626595888995994#-33.5#4.3074180523828804#9
0000 001B 2000 0000 0000 0000#1626595888997061#-50.5#1.3437671701878218#9
0000 0012 2000 0000 0000 0000#1626595888998551#-46.5#1.7303303287350031#9
0000 0018 2000 0000 0000 0000#1626595888999812#-34.0#2.748893571891069#9
0000 0013 2000 0000 0000 0000#1626595889001150#-53.0#1.0615147052168636#9
0000 001A 2000 0000 0000 0000#1626595889002196#-43.0#1.6935147898257479#9
0000 0017 2000 0000 0000 0000#1626595889003243#-28.0#3.0925052683774528#9
0000 0019 2000 0000 0000 0000#1626595889006101#-39.0#2.2580197197676637#9
0000 001C 2000 0000 0000 0000#1626595889007841#-55.5#0.006135923151542565#9
0000 0010 2000 0000 0000 0000#1626595889008938#-34.0#2.497320722677824#9
0000 0014 2000 0000 0000 0000#1626595889011303#-53.0#5.921165841238575#9
0000 0018 2000 0000 0000 0000#1626595889015518#-34.0#2.724349879284899#9
0000 0010 2000 0000 0000 0000#1626595889017663#-35.5#2.4727770300716534#9
0000 0019 2000 0000 0000 0000#1626595889019025#-39.0#2.227340104009951#9
0000 0015 2000 0000 0000 0000#1626595889020101#-46.5#4.313553975534423#9
0000 0011 2000 0000 0000 0000#1626595889021393#-39.5#1.9819031779482483#9
0000 0017 2000 0000 0000 0000#1626595889023199#-28.0#3.0495538063166547#9
0000 001B 2000 0000 0000 0000#1626595889024333#-50.5#1.239456476611598#9
0000 0016 2000 0000 0000 0000#1626595889025358#-33.5#4.276738436625168#9
0000 0014 2000 0000 0000 0000#1626595889026411#-52.5#5.7616318392984684#9
0000 000F 2000 0000 0000 0000#1626595889027716#-32.0#2.9268353432858034#9
0000 001C 2000 0000 0000 0000#1626595889028897#-54.0#6.080699843178682#9
0000 0012 2000 0000 0000 0000#1626595889029973#-47.0#1.6260196351587797#9
0000 0013 2000 0000 0000 0000#1626595889031042#-53.5#0.9019807032767571#9
0000 001D 2000 0000 0000 0000#1626595889032060#-45.0#4.154019973594316#9
0000 001A 2000 0000 0000 0000#1626595889033121#-44.0#1.5830681730979816#9
0000 0015 2000 0000 0000 0000#1626595889298178#-58.5#4.178563666200486#9
0000 000F 2000 0000 0000 0000#1626595889300693#-33.0#3.153864499892878#9
0000 0018 2000 0000 0000 0000#1626595889302011#-35.0#2.804116880254952#9
0000 0016 2000 0000 0000 0000#1626595889304167#-34.0#4.516039439535327#9
0000 0010 2000 0000 0000 0000#1626595889305565#-34.5#2.5402721847386216#9
0000 0019 2000 0000 0000 0000#1626595889306602#-41.0#2.2027964114037806#9
0000 0011 2000 0000 0000 0000#1626595889308471#-40.0#1.8714565612204823#9
0000 0017 2000 0000 0000 0000#1626595889309520#-28.5#3.227495577711389#9
0000 0014 2000 0000 0000 0000#1626595889310815#-42.5#4.246058820867455#9
0000 001D 2000 0000 0000 0000#1626595889313153#-49.5#4.276738436625168#9
0000 0013 2000 0000 0000 0000#1626595889314220#-45.5#5.117359908386499#9
0000 001C 2000 0000 0000 0000#1626595889315648#-41.0#4.3074180523828804#9
0000 001A 2000 0000 0000 0000#1626595889317027#-44.5#1.1719613219446299#9
0000 0012 2000 0000 0000 0000#1626595889321268#-49.0#0.8651651643675016#9
0000 001B 2000 0000 0000 0000#1626595889322435#-49.5#5.8475347634200645#9
0000 0011 2000 0000 0000 0000#1626595889326205#-41.5#1.8100973297050567#9
0000 001C 2000 0000 0000 0000#1626595889327306#-41.5#4.295146206079795#9
0000 0018 2000 0000 0000 0000#1626595889328848#-35.0#2.761165418194154#9
0000 0019 2000 0000 0000 0000#1626595889330427#-41.0#2.1537090261914402#9
0000 001D 2000 0000 0000 0000#1626595889339648#-53.5#3.988350048502667#9
0000 0016 2000 0000 0000 0000#1626595889340911#-34.5#4.270602513473625#9
0000 0013 2000 0000 0000 0000#1626595889342233#-45.0#4.681709364626977#9
0000 001A 2000 0000 0000 0000#1626595889343295#-47.0#0.8467573949128739#9
0000 0010 2000 0000 0000 0000#1626595889345339#-37.0#2.2518837966161214#9
0000 001B 2000 0000 0000 0000#1626595889346674#-48.5#5.325981295538946#9
0000 0014 2000 0000 0000 0000#1626595889348013#-44.0#3.9699422790480394#9
0000 0015 2000 0000 0000 0000#1626595889350546#-61.5#3.3072625786814425#9
0000 000F 2000 0000 0000 0000#1626595889351551#-33.0#2.791845033951867#9
0000 0017 2000 0000 0000 0000#1626595889352853#-29.0#2.9022916506796332#9
0000 0012 2000 0000 0000 0000#1626595889355352#-49.0#0.4172427743048944#9
0000 0012 2000 0000 0000 0000#1626595889625301#-41.5#3.718369429834794#9
0000 001D 2000 0000 0000 0000#1626595889626787#-61.0#1.282407938672396#9
0000 000F 2000 0000 0000 0000#1626595889628422#-36.0#1.88986433067511#9
0000 001B 2000 0000 0000 0000#1626595889629700#-42.5#3.2704470397721868#9
0000 0011 2000 0000 0000 0000#1626595889631273#-47.0#5.964117303299373#9
0000 001A 2000 0000 0000 0000#1626595889632375#-44.5#4.221515128261284#9
0000 0016 2000 0000 0000 0000#1626595889633711#-36.5#3.2888548092268146#9
0000 0017 2000 0000 0000 0000#1626595889634774#-31.0#1.9573594853420782#9
0000 0018 2000 0000 0000 0000#1626595889636341#-38.5#1.521708941582556#9
0000 0010 2000 0000 0000 0000#1626595889638297#-41.5#1.1474176293384597#9
0000 0014 2000 0000 0000 0000#1626595889639306#-58.0#2.662990647769473#9
0000 0013 2000 0000 0000 0000#1626595889640417#-44.5#3.227495577711389#9
0000 0019 2000 0000 0000 0000#1626595889642577#-47.5#0.36815538909255385#9
0000 001C 2000 0000 0000 0000#1626595889644942#-55.0#3.215223731408304#9
0000 0015 2000 0000 0000 0000#1626595889646237#-65.5#6.209554229361076#9
0000 0013 2000 0000 0000 0000#1626595889651489#-45.0#3.215223731408304#9
0000 0010 2000 0000 0000 0000#1626595889652674#-40.5#1.1106020904292042#9
0000 001B 2000 0000 0000 0000#1626595889654949#-42.5#3.2581751934691017#9
0000 001A 2000 0000 0000 0000#1626595889656117#-42.0#4.01902966426038#9
0000 0018 2000 0000 0000 0000#1626595889657408#-40.0#1.4848934026733007#9
0000 0016 2000 0000 0000 0000#1626595889658475#-36.5#3.2643111166206444#9
0000 000F 2000 0000 0000 0000#1626595889659767#-36.5#1.8530487917658545#9
0000 0019 2000 0000 0000 0000#1626595889662051#-48.0#0.23930100291016002#9
0000 001D 2000 0000 0000 0000#1626595889663195#-61.0#0.7853981633974483#9
0000 0014 2000 0000 0000 0000#1626595889664275#-58.5#2.5954954931025047#9
0000 0015 2000 0000 0000 0000#1626595889666095#-64.5#5.792311455056181#9
0000 0017 2000 0000 0000 0000#1626595889667224#-30.0#1.9205439464328227#9
0000 0012 2000 0000 0000 0000#1626595889669238#-40.5#3.5036121195308043#9
0000 001C 2000 0000 0000 0000#1626595889671208#-56.5#3.1231848841351653#9
0000 0011 2000 0000 0000 0000#1626595889673206#-45.0#5.632777453116074#9
0000 001B 2000 0000 0000 0000#1626595889951701#-54.5#2.4605051837685683#9
0000 0013 2000 0000 0000 0000#1626595889952725#-55.5#1.8960002538266525#9
0000 0012 2000 0000 0000 0000#1626595889953815#-46.5#2.6261751088602177#9
0000 001A 2000 0000 0000 0000#1626595889955328#-42.0#2.6200391857086753#9
0000 0010 2000 0000 0000 0000#1626595889956362#-47.5#5.227806525114265#9
0000 0011 2000 0000 0000 0000#1626595889957593#-41.0#3.184544115650591#9
0000 0017 2000 0000 0000 0000#1626595889959166#-35.5#1.1351457830353744#9
0000 0015 2000 0000 0000 0000#1626595889960445#-56.5#2.325514874434632#9
0000 001D 2000 0000 0000 0000#1626595889961776#-58.0#2.478912953223196#9
0000 0016 2000 0000 0000 0000#1626595889963083#-39.0#2.4727770300716534#9
0000 001C 2000 0000 0000 0000#1626595889964409#-64.5#1.086058397823034#9
0000 0019 2000 0000 0000 0000#1626595889965784#-43.5#3.6447383520162835#9
0000 0014 2000 0000 0000 0000#1626595889967760#-66.5#4.945554060143307#9
0000 000F 2000 0000 0000 0000#1626595889968780#-44.0#0.859029241215959#9
0000 0018 2000 0000 0000 0000#1626595889975644#-48.5#6.22182607566416#9
0000 0015 2000 0000 0000 0000#1626595889979935#-56.5#2.1782527187976104#9
0000 000F 2000 0000 0000 0000#1626595889981054#-44.5#0.8344855486097889#9
0000 0019 2000 0000 0000 0000#1626595889982145#-43.0#3.56497135104623#9
0000 0012 2000 0000 0000 0000#1626595889983191#-48.0#2.60776733940559#9
0000 0016 2000 0000 0000 0000#1626595889984239#-39.5#2.442097414313941#9
0000 001C 2000 0000 0000 0000#1626595889986495#-66.5#0.9387962421860124#9
0000 0013 2000 0000 0000 0000#1626595889987574#-55.5#1.7426021750380885#9
0000 001B 2000 0000 0000 0000#1626595889988638#-55.0#2.2886993355253766#9
0000 0017 2000 0000 0000 0000#1626595889989958#-37.0#1.1044661672776617#9
0000 0010 2000 0000 0000 0000#1626595889991385#-46.0#4.914874444385594#9
0000 001A 2000 0000 0000 0000#1626595889992930#-43.0#2.6323110320117604#9
0000 0018 2000 0000 0000 0000#1626595889994460#-48.5#6.074563920027139#9
0000 0011 2000 0000 0000 0000#1626595889996642#-39.5#3.06182565261974#9
0000 001D 2000 0000 0000 0000#1626595890000010#-56.5#2.2396119503130363#9
0000 0014 2000 0000 0000 0000#1626595890002231#-65.0#4.356505437595221#9
0000 0015 2000 0000 0000 0000#1626595890268098#-58.0#0.9817477042468103#9
0000 0016 2000 0000 0000 0000#1626595890269420#-45.0#2.2089323345553233#9
0000 001A 2000 0000 0000 0000#1626595890271210#-53.5#2.2150682577068657#9
0000 0018 2000 0000 0000 0000#1626595890272258#-46.0#4.246058820867455#9
0000 001D 2000 0000 0000 0000#1626595890273306#-58.0#1.3560390164909069#9
0000 0017 2000 0000 0000 0000#1626595890274864#-46.5#6.215690152512618#9
0000 0014 2000 0000 0000 0000#1626595890276942#-58.0#2.718213956133356#9
0000 001B 2000 0000 0000 0000#1626595890278008#-61.5#0.23930100291016002#9
0000 0013 2000 0000 0000 0000#1626595890279329#-61.0#5.160311370447297#9
0000 000F 2000 0000 0000 0000#1626595890281330#-48.5#5.190990986205009#9
0000 0011 2000 0000 0000 0000#1626595890282348#-48.5#2.8838838812250054#9
0000 0019 2000 0000 0000 0000#1626595890283921#-46.0#3.215223731408304#9
0000 0010 2000 0000 0000 0000#1626595890285209#-43.5#3.6386024288647407#9
0000 001C 2000 0000 0000 0000#1626595890288167#-62.5#3.160000423044421#9
0000 0012 2000 0000 0000 0000#1626595890291317#-55.0#1.423534171157875#9
0000 0015 2000 0000 0000 0000#1626595890297553#-59.0#0.8467573949128739#9
0000 0018 2000 0000 0000 0000#1626595890298614#-45.5#4.154019973594316#9
0000 001A 2000 0000 0000 0000#1626595890299688#-54.0#2.061670178918302#9
0000 0019 2000 0000 0000 0000#1626595890300709#-47.0#3.215223731408304#9
0000 0014 2000 0000 0000 0000#1626595890302018#-58.5#2.60776733940559#9
0000 0011 2000 0000 0000 0000#1626595890304047#-49.0#2.8286605728611223#9
0000 0010 2000 0000 0000 0000#1626595890305562#-44.0#3.5711072741977725#9
0000 001C 2000 0000 0000 0000#1626595890306888#-62.0#3.11091303783208#9
0000 0016 2000 0000 0000 0000#1626595890308239#-45.5#2.0923497946760143#9
0000 001D 2000 0000 0000 0000#1626595890309288#-58.5#1.2333205534600555#9
0000 0012 2000 0000 0000 0000#1626595890310349#-55.0#1.2885438618239387#9
0000 0017 2000 0000 0000 0000#1626595890311425#-46.0#5.884350302329319#9
0000 0013 2000 0000 0000 0000#1626595890312777#-60.5#4.792155981354743#9
0000 000F 2000 0000 0000 0000#1626595890314364#-47.5#4.963961829597935#9
0000 001B 2000 0000 0000 0000#1626595890316556#-62.5#5.859806609723149#9
0000 001A 2000 0000 0000 0000#1626595890587558#-59.5#5.6941366846315#9
0000 0011 2000 0000 0000 0000#1626595890590240#-54.0#1.6689710972195777#9
0000 0017 2000 0000 0000 0000#1626595890592143#-42.0#4.577398671050753#9
0000 000F 2000 0000 0000 0000#1626595890593262#-45.0#4.405592822807561#9
0000 0014 2000 0000 0000 0000#1626595890594624#-59.0#1.7241944055834606#9
0000 0018 2000 0000 0000 0000#1626595890595639#-47.5#4.0987966652304335#9
0000 0010 2000 0000 0000 0000#1626595890596838#-48.5#3.650874275167826#9
0000 0015 2000 0000 0000 0000#1626595890599425#-62.5#5.559146375297564#9
0000 0016 2000 0000 0000 0000#1626595890602253#-51.0#0.5276893910326605#9
0000 0012 2000 0000 0000 0000#1626595890603328#-56.5#4.853515212870168#9
0000 0013 2000 0000 0000 0000#1626595890604426#-56.5#3.184544115650591#9
0000 001B 2000 0000 0000 0000#1626595890605745#-58.0#3.6201946594101133#9
0000 0019 2000 0000 0000 0000#1626595890607444#-54.0#2.6813984172241008#9
0000 001C 2000 0000 0000 0000#1626595890608844#-60.0#2.423689644859313#9
0000 0015 2000 0000 0000 0000#1626595890614663#-63.0#5.700272607783043#9
0000 0011 2000 0000 0000 0000#1626595890616576#-55.0#1.3867186322486196#9
0000 0012 2000 0000 0000 0000#1626595890617666#-56.0#4.743068596142402#9
0000 0017 2000 0000 0000 0000#1626595890618784#-41.5#4.491495746929157#9
0000 001B 2000 0000 0000 0000#1626595890620135#-57.5#3.5588354278946874#9
0000 001A 2000 0000 0000 0000#1626595890621920#-57.5#5.246214294568893#9
0000 0018 2000 0000 0000 0000#1626595890623035#-47.0#4.031301510563465#9
0000 000F 2000 0000 0000 0000#1626595890624044#-45.0#4.338097668140593#9
0000 0014 2000 0000 0000 0000#1626595890625099#-60.0#1.4848934026733007#9
0000 001C 2000 0000 0000 0000#1626595890626627#-60.0#2.2334760271614935#9
0000 0016 2000 0000 0000 0000#1626595890628033#-50.5#0.3313398501832985#9
0000 0010 2000 0000 0000 0000#1626595890629304#-50.5#3.5036121195308043#9
0000 0013 2000 0000 0000 0000#1626595890631170#-56.5#3.0250101137104846#9
0000 0019 2000 0000 0000 0000#1626595890632602#-54.5#2.509592568980909#9
0000 0015 2000 0000 0000 0000#1626595890896555#-64.0#3.6017868899554855#9
0000 0011 2000 0000 0000 0000#1626595890897857#-54.0#4.28287435977671#9
0000 000F 2000 0000 0000 0000#1626595890898933#-50.0#3.129320807286708#9
0000 0017 2000 0000 0000 0000#1626595890901434#-43.0#3.3440781175906977#9
0000 0019 2000 0000 0000 0000#1626595890902485#-59.0#5.688000761479957#9
0000 001B 2000 0000 0000 0000#1626595890903735#-57.0#1.6812429435226628#9
0000 0016 2000 0000 0000 0000#1626595890905942#-48.0#5.031456984264903#9
0000 0010 2000 0000 0000 0000#1626595890910184#-52.5#1.184233168247715#9
0000 0012 2000 0000 0000 0000#1626595890911340#-51.5#2.3193789512830896#9
0000 0018 2000 0000 0000 0000#1626595890912459#-53.0#2.227340104009951#9
0000 001A 2000 0000 0000 0000#1626595890914273#-53.0#2.650718801466388#9
0000 0014 2000 0000 0000 0000#1626595890915355#-62.5#5.2339424482658075#9
0000 0013 2000 0000 0000 0000#1626595890919243#-57.5#0.9694758579437253#9
0000 0017 2000 0000 0000 0000#1626595890924813#-43.5#3.2949907323783574#9
0000 000F 2000 0000 0000 0000#1626595890926378#-50.0#2.9820586516496865#9
0000 0016 2000 0000 0000 0000#1626595890927427#-48.0#4.933282213840222#9
0000 001B 2000 0000 0000 0000#1626595890928549#-57.0#1.5155730184310134#9
0000 0018 2000 0000 0000 0000#1626595890930350#-53.5#2.098485717827557#9
0000 0011 2000 0000 0000 0000#1626595890931665#-54.0#3.9760782021995817#9
0000 0014 2000 0000 0000 0000#1626595890934117#-62.0#5.013049214810275#9
0000 0015 2000 0000 0000 0000#1626595890936427#-64.5#3.3379421944391554#9
0000 0019 2000 0000 0000 0000#1626595890938457#-58.5#5.2768939103266055#9
0000 0010 2000 0000 0000 0000#1626595890940153#-55.0#0.8897088569736719#9
0000 0012 2000 0000 0000 0000#1626595890942756#-52.5#2.1046216409791#9
0000 001A 2000 0000 0000 0000#1626595890943914#-53.0#2.4727770300716534#9
0000 0013 2000 0000 0000 0000#1626595890945806#-58.0#0.8099418560036186#9
0000 0012 2000 0000 0000 0000#1626595891211268#-55.0#0.06135923151542565#9
0000 000F 2000 0000 0000 0000#1626595891212328#-57.0#1.3008157081270237#9
0000 001A 2000 0000 0000 0000#1626595891213646#-55.0#0.6258641614573416#9
0000 0019 2000 0000 0000 0000#1626595891214921#-57.0#2.779573187648782#9
0000 0017 2000 0000 0000 0000#1626595891215935#-49.5#2.073942025221387#9
0000 0016 2000 0000 0000 0000#1626595891217529#-51.5#3.792000507653305#9
0000 0011 2000 0000 0000 0000#1626595891218816#-53.0#1.8162332528565992#9
0000 0018 2000 0000 0000 0000#1626595891221072#-59.5#5.5284667595398505#9
0000 0010 2000 0000 0000 0000#1626595891223650#-56.0#4.184699589352029#9
0000 0015 2000 0000 0000 0000#1626595891226156#-65.0#2.5157284921324514#9
0000 001B 2000 0000 0000 0000#1626595891227423#-61.5#5.8045833013592665#9
0000 001A 2000 0000 0000 0000#1626595891233715#-55.0#0.5583690067903734#9
0000 001B 2000 0000 0000 0000#1626595891235025#-61.5#5.737088146692298#9
0000 0012 2000 0000 0000 0000#1626595891236342#-56.0#6.252505691421874#9
0000 0011 2000 0000 0000 0000#1626595891237629#-53.5#1.7119225592803755#9
0000 0019 2000 0000 0000 0000#1626595891238692#-57.0#2.5832236467994196#9
0000 0017 2000 0000 0000 0000#1626595891239726#-50.5#2.024854640009046#9
0000 000F 2000 0000 0000 0000#1626595891242226#-58.0#1.1106020904292042#9
0000 0018 2000 0000 0000 0000#1626595891244011#-59.5#5.356660911296659#9
0000 0015 2000 0000 0000 0000#1626595891246058#-64.5#2.5770877236478773#9
0000 0010 2000 0000 0000 0000#1626595891247664#-56.0#4.0128937411088375#9
0000 0016 2000 0000 0000 0000#1626595891250897#-52.0#3.736777199289422#9
