0000 0010 2000 0000 0000 0000#1626595766261851#-43.5#3.773592738198677#9
0000 0013 2000 0000 0000 0000#1626595766263145#-51.5#0.5154175447295755#9
0000 0014 2000 0000 0000 0000#1626595766266020#-50.0#1.6812429435226628#9
0000 0011 2000 0000 0000 0000#1626595766267066#-44.5#4.221515128261284#9
0000 0015 2000 0000 0000 0000#1626595766268146#-50.5#2.662990647769473#9
0000 000F 2000 0000 0000 0000#1626595766269714#-48.0#3.3318062712876126#9
0000 0019 2000 0000 0000 0000#1626595766270977#-44.5#4.0558452031696355#9
0000 0018 2000 0000 0000 0000#1626595766272251#-46.5#3.6140587362585705#9
0000 001A 2000 0000 0000 0000#1626595766273822#-45.5#4.804427827657828#9
0000 001C 2000 0000 0000 0000#1626595766275238#-49.0#1.3069516312785663#9
0000 001B 2000 0000 0000 0000#1626595766276623#-50.0#6.264777537724958#9
0000 0012 2000 0000 0000 0000#1626595766278424#-48.5#5.368932757599744#9
0000 0001 0000 0000 0000 0000#1626595766281618#-65.0#5.589825991055276#9
0000 001D 2000 0000 0000 0000#1626595766283399#-48.5#2.1905245651006955#9
0000 0017 2000 0000 0000 0000#1626595766284702#-47.5#2.675262494072558#9
0000 001C 2000 0000 0000 0000#1626595766288773#-49.5#1.3130875544301088#9
0000 0019 2000 0000 0000 0000#1626595766290304#-45.0#4.080388895775806#9
0000 0010 2000 0000 0000 0000#1626595766291835#-45.0#3.77972866135022#9
0000 0013 2000 0000 0000 0000#1626595766293614#-51.5#0.5276893910326605#9
0000 001A 2000 0000 0000 0000#1626595766295655#-46.0#4.798291904506286#9
0000 001B 2000 0000 0000 0000#1626595766298043#-50.0#6.270913460876501#9
0000 001D 2000 0000 0000 0000#1626595766299962#-48.5#2.1905245651006955#9
0000 000F 2000 0000 0000 0000#1626595766301079#-47.5#3.3318062712876126#9
0000 0018 2000 0000 0000 0000#1626595766302111#-46.5#3.6263305825616556#9
0000 0012 2000 0000 0000 0000#1626595766303102#-48.5#5.375068680751287#9
0000 0011 2000 0000 0000 0000#1626595766304604#-44.5#4.221515128261284#9
0000 0015 2000 0000 0000 0000#1626595766307010#-50.5#2.6445828783148455#9
0000 0014 2000 0000 0000 0000#1626595766309905#-50.0#1.6996507129772904#9
0000 0017 2000 0000 0000 0000#1626595766310997#-47.5#2.650718801466388#9
0000 0001 0000 0000 0000 0000#1626595766312183#-65.5#5.534602682691394#9
0000 0017 2000 0000 0000 0000#1626595766578358#-46.5#3.454524734318464#9
0000 0013 2000 0000 0000 0000#1626595766579653#-51.0#1.2762720155208536#9
0000 000F 2000 0000 0000 0000#1626595766580772#-46.5#4.0987966652304335#9
0000 001B 2000 0000 0000 0000#1626595766581823#-49.5#0.8099418560036186#9
0000 001A 2000 0000 0000 0000#1626595766583836#-45.5#5.5714182216006485#9
0000 0014 2000 0000 0000 0000#1626595766585159#-50.0#2.435961491162398#9
0000 001C 2000 0000 0000 0000#1626595766586216#-49.0#2.073942025221387#9
0000 0011 2000 0000 0000 0000#1626595766587840#-42.5#4.9823695990525625#9
0000 0019 2000 0000 0000 0000#1626595766588931#-44.5#4.841243366567084#9
0000 0015 2000 0000 0000 0000#1626595766590195#-50.5#3.509748042682347#9
0000 0001 0000 0000 0000 0000#1626595766591553#-65.0#0.521553467881118#9
0000 0012 2000 0000 0000 0000#1626595766601801#-48.0#5.945709533844745#9
0000 0018 2000 0000 0000 0000#1626595766602877#-46.0#4.2031073588066565#9
0000 0010 2000 0000 0000 0000#1626595766605128#-42.5#4.368777283898306#9
0000 001D 2000 0000 0000 0000#1626595766607531#-48.0#2.767301341345697#9
0000 0018 2000 0000 0000 0000#1626595766612072#-46.0#4.190835512503572#9
0000 0014 2000 0000 0000 0000#1626595766614477#-50.0#2.2150682577068657#9
0000 001D 2000 0000 0000 0000#1626595766615708#-48.0#2.8102528034064944#9
0000 0010 2000 0000 0000 0000#1626595766616767#-44.0#4.3503695144436785#9
0000 0012 2000 0000 0000 0000#1626595766618054#-48.0#5.927301764390117#9
0000 0013 2000 0000 0000 0000#1626595766619612#-50.5#1.0983302441261191#9
0000 000F 2000 0000 0000 0000#1626595766620661#-47.5#3.890175278077986#9
0000 0019 2000 0000 0000 0000#1626595766622535#-45.0#4.669437518323892#9
0000 0017 2000 0000 0000 0000#1626595766623654#-47.0#3.227495577711389#9
0000 001B 2000 0000 0000 0000#1626595766624673#-49.0#0.5890486225480862#9
0000 0015 2000 0000 0000 0000#1626595766625838#-50.5#3.2827188860752723#9
0000 001C 2000 0000 0000 0000#1626595766626908#-48.5#1.902136176978195#9
0000 001A 2000 0000 0000 0000#1626595766627968#-45.5#5.338253141842031#9
0000 0011 2000 0000 0000 0000#1626595766630368#-44.5#4.779884135051658#9
0000 0001 0000 0000 0000 0000#1626595766631427#-65.0#0.15339807878856412#9
0000 000F 2000 0000 0000 0000#1626595766897355#-47.5#3.54042765844006#9
0000 001D 2000 0000 0000 0000#1626595766899979#-48.5#2.4175537217077703#9
0000 0018 2000 0000 0000 0000#1626595766901023#-46.5#3.816544200259475#9
0000 0015 2000 0000 0000 0000#1626595766902366#-50.5#2.9084275738311756#9
0000 0010 2000 0000 0000 0000#1626595766903410#-45.0#3.988350048502667#9
0000 0019 2000 0000 0000 0000#1626595766904413#-44.5#4.270602513473625#9
0000 0014 2000 0000 0000 0000#1626595766905709#-49.5#1.902136176978195#9
0000 0013 2000 0000 0000 0000#1626595766906774#-52.0#0.7669903939428205#9
0000 0011 2000 0000 0000 0000#1626595766908105#-44.5#4.3933209765044765#9
0000 0001 0000 0000 0000 0000#1626595766909165#-65.0#5.6573211457222445#9
0000 001B 2000 0000 0000 0000#1626595766910498#-49.5#0.2086213871524472#9
0000 0017 2000 0000 0000 0000#1626595766913080#-46.5#2.8961557275280905#9
0000 0012 2000 0000 0000 0000#1626595766914588#-48.5#5.589825991055276#9
0000 001A 2000 0000 0000 0000#1626595766915746#-45.5#5.006913291658733#9
0000 001C 2000 0000 0000 0000#1626595766916831#-49.0#1.6137477888556946#9
0000 0015 2000 0000 0000 0000#1626595766920279#-51.0#2.9391071895888885#9
0000 0011 2000 0000 0000 0000#1626595766922061#-44.5#4.399456899656019#9
0000 000F 2000 0000 0000 0000#1626595766924287#-47.0#3.5158839658338894#9
0000 0017 2000 0000 0000 0000#1626595766925847#-46.0#2.8961557275280905#9
0000 001D 2000 0000 0000 0000#1626595766926908#-48.0#2.4911847995262812#9
0000 0010 2000 0000 0000 0000#1626595766930527#-44.5#3.9699422790480394#9
0000 0018 2000 0000 0000 0000#1626595766931559#-46.0#3.810408277107933#9
0000 0013 2000 0000 0000 0000#1626595766933068#-51.5#0.8651651643675016#9
0000 001A 2000 0000 0000 0000#1626595766934794#-45.5#5.037592907416445#9
0000 0014 2000 0000 0000 0000#1626595766937027#-49.5#1.9880391010997909#9
0000 0001 0000 0000 0000 0000#1626595766938229#-65.0#5.798447378207723#9
0000 0019 2000 0000 0000 0000#1626595766939838#-44.0#4.270602513473625#9
0000 0012 2000 0000 0000 0000#1626595766941028#-48.5#5.675728915176872#9
0000 001B 2000 0000 0000 0000#1626595766942457#-49.5#0.34974761963792617#9
0000 001C 2000 0000 0000 0000#1626595766943784#-49.0#1.6812429435226628#9
0000 0015 2000 0000 0000 0000#1626595767217445#-47.5#3.2827188860752723#9
0000 0012 2000 0000 0000 0000#1626595767220344#-47.5#0.7731263170943632#9
0000 001A 2000 0000 0000 0000#1626595767221713#-45.0#0.09817477042468103#9
0000 0017 2000 0000 0000 0000#1626595767222806#-37.0#2.4175537217077703#9
0000 0011 2000 0000 0000 0000#1626595767223947#-46.0#5.393476450205914#9
0000 0018 2000 0000 0000 0000#1626595767226834#-43.0#3.6386024288647407#9
0000 0016 2000 0000 0000 0000#1626595767228175#-45.5#2.9820586516496865#9
0000 0014 2000 0000 0000 0000#1626595767229227#-45.5#2.521864415283994#9
0000 001D 2000 0000 0000 0000#1626595767230400#-43.5#2.8961557275280905#9
0000 000F 2000 0000 0000 0000#1626595767231891#-42.0#3.0925052683774528#9
0000 0010 2000 0000 0000 0000#1626595767233647#-43.5#4.154019973594316#9
0000 001C 2000 0000 0000 0000#1626595767234719#-44.5#2.3009711818284617#9
0000 0019 2000 0000 0000 0000#1626595767236073#-47.0#5.037592907416445#9
0000 0013 2000 0000 0000 0000#1626595767237256#-46.0#1.8407769454627694#9
0000 001B 2000 0000 0000 0000#1626595767239454#-45.5#1.4910293258248433#9
0000 0010 2000 0000 0000 0000#1626595767244197#-45.0#4.190835512503572#9
0000 0014 2000 0000 0000 0000#1626595767245293#-45.0#2.5586799541932495#9
0000 0018 2000 0000 0000 0000#1626595767246654#-44.5#3.718369429834794#9
0000 0011 2000 0000 0000 0000#1626595767247727#-47.5#5.553010452146021#9
0000 0017 2000 0000 0000 0000#1626595767249530#-36.5#2.435961491162398#9
0000 0016 2000 0000 0000 0000#1626595767251100#-44.5#3.0127382674073995#9
0000 0013 2000 0000 0000 0000#1626595767252837#-46.0#1.8960002538266525#9
0000 001C 2000 0000 0000 0000#1626595767254123#-44.5#2.3316507975861747#9
0000 001D 2000 0000 0000 0000#1626595767255256#-44.5#2.9513790358919736#9
0000 0012 2000 0000 0000 0000#1626595767256345#-46.5#0.9572040116406401#9
0000 000F 2000 0000 0000 0000#1626595767257664#-42.0#3.172272269347506#9
0000 0019 2000 0000 0000 0000#1626595767260345#-47.0#5.166447293598839#9
0000 0015 2000 0000 0000 0000#1626595767261400#-47.0#3.393165502803038#9
0000 001B 2000 0000 0000 0000#1626595767265579#-45.0#1.5462526341887264#9
0000 001A 2000 0000 0000 0000#1626595767267235#-45.5#0.34974761963792617#9
0000 001D 2000 0000 0000 0000#1626595767530380#-41.5#3.7551849687440497#9
0000 0019 2000 0000 0000 0000#1626595767531625#-46.5#0.7792622402459057#9
0000 0017 2000 0000 0000 0000#1626595767532931#-35.0#3.393165502803038#9
0000 0014 2000 0000 0000 0000#1626595767534254#-42.5#3.479068426924634#9
0000 0015 2000 0000 0000 0000#1626595767536288#-45.0#4.129476280988146#9
0000 0016 2000 0000 0000 0000#1626595767537600#-39.5#3.6570101983193686#9
0000 0018 2000 0000 0000 0000#1626595767540736#-43.5#5.117359908386499#9
0000 0010 2000 0000 0000 0000#1626595767541810#-46.5#5.915029918087033#9
0000 0011 2000 0000 0000 0000#1626595767543368#-44.5#1.1903690913992575#9
0000 000F 2000 0000 0000 0000#1626595767546160#-41.0#4.325825821837508#9
0000 0012 2000 0000 0000 0000#1626595767548913#-42.0#2.1905245651006955#9
0000 001C 2000 0000 0000 0000#1626595767549945#-41.5#3.3195344249845276#9
0000 0013 2000 0000 0000 0000#1626595767551015#-42.5#2.9206994201342606#9
0000 001A 2000 0000 0000 0000#1626595767552398#-40.0#1.7855536370988863#9
0000 001B 2000 0000 0000 0000#1626595767553451#-41.0#2.60776733940559#9
0000 001D 2000 0000 0000 0000#1626595767558958#-42.5#3.816544200259475#9
0000 000F 2000 0000 0000 0000#1626595767559992#-41.5#4.381049130201391#9
0000 0014 2000 0000 0000 0000#1626595767561287#-42.0#3.54042765844006#9
0000 0019 2000 0000 0000 0000#1626595767562390#-46.0#0.9326603190344698#9
0000 001A 2000 0000 0000 0000#1626595767563423#-41.0#1.8285050991596843#9
0000 001C 2000 0000 0000 0000#1626595767565463#-41.0#3.3379421944391554#9
0000 0012 2000 0000 0000 0000#1626595767567037#-41.5#2.2457478734645786#9
0000 001B 2000 0000 0000 0000#1626595767569038#-41.0#2.6384469551633027#9
0000 0015 2000 0000 0000 0000#1626595767572904#-45.5#4.221515128261284#9
0000 0017 2000 0000 0000 0000#1626595767574551#-35.0#3.5711072741977725#9
0000 0013 2000 0000 0000 0000#1626595767575633#-42.5#2.9943304979527716#9
0000 0010 2000 0000 0000 0000#1626595767577148#-46.5#6.1420590746941075#9
0000 0018 2000 0000 0000 0000#1626595767578721#-45.5#5.325981295538946#9
0000 0016 2000 0000 0000 0000#1626595767580955#-39.0#3.767456815047135#9
0000 0011 2000 0000 0000 0000#1626595767582427#-44.0#1.3069516312785663#9
0000 0014 2000 0000 0000 0000#1626595767850020#-41.0#4.773748211900116#9
0000 0012 2000 0000 0000 0000#1626595767851426#-39.0#3.6386024288647407#9
0000 0019 2000 0000 0000 0000#1626595767852796#-42.5#2.6139032625571326#9
0000 000F 2000 0000 0000 0000#1626595767854563#-41.5#0.09817477042468103#9
0000 0015 2000 0000 0000 0000#1626595767855641#-44.0#5.283029833478148#9
0000 0011 2000 0000 0000 0000#1626595767857268#-39.5#2.804116880254952#9
0000 0016 2000 0000 0000 0000#1626595767858305#-38.0#5.313709449235861#9
0000 001B 2000 0000 0000 0000#1626595767859386#-39.5#4.01902966426038#9
0000 0017 2000 0000 0000 0000#1626595767860690#-35.0#5.405748296509#9
0000 001D 2000 0000 0000 0000#1626595767861895#-40.5#4.994641445355648#9
0000 001C 2000 0000 0000 0000#1626595767862967#-39.5#4.651029748869264#9
0000 0013 2000 0000 0000 0000#1626595767864248#-40.0#4.331961744989051#9
0000 001A 2000 0000 0000 0000#1626595767865295#-38.5#3.2949907323783574#9
0000 0018 2000 0000 0000 0000#1626595767866408#-42.5#1.086058397823034#9
0000 0010 2000 0000 0000 0000#1626595767867821#-42.0#1.8162332528565992#9
0000 001B 2000 0000 0000 0000#1626595767875705#-39.0#4.0558452031696355#9
0000 0014 2000 0000 0000 0000#1626595767877297#-41.0#4.822835597112456#9
0000 0013 2000 0000 0000 0000#1626595767878608#-40.0#4.3503695144436785#9
0000 0011 2000 0000 0000 0000#1626595767879897#-40.5#2.8716120349219203#9
0000 0019 2000 0000 0000 0000#1626595767880972#-42.0#2.7120780329818137#9
0000 0017 2000 0000 0000 0000#1626595767882160#-34.0#5.516194913236766#9
0000 0012 2000 0000 0000 0000#1626595767883750#-39.0#3.706097583531709#9
0000 0010 2000 0000 0000 0000#1626595767884840#-43.0#1.8775924843720249#9
0000 0016 2000 0000 0000 0000#1626595767886130#-38.5#5.43029198911517#9
0000 001A 2000 0000 0000 0000#1626595767889135#-38.5#3.356349963893783#9
0000 000F 2000 0000 0000 0000#1626595767890440#-41.0#0.28225246497095796#9
0000 001D 2000 0000 0000 0000#1626595767891744#-40.5#5.043728830567988#9
0000 001C 2000 0000 0000 0000#1626595767892773#-40.0#4.681709364626977#9
0000 0015 2000 0000 0000 0000#1626595767894451#-44.0#5.332117218690489#9
0000 0018 2000 0000 0000 0000#1626595767895556#-43.5#1.227184630308513#9
0000 0016 2000 0000 0000 0000#1626595768163551#-38.0#6.154330920997192#9
0000 0018 2000 0000 0000 0000#1626595768165009#-40.0#1.8039614065535141#9
0000 001B 2000 0000 0000 0000#1626595768166303#-37.5#4.196971435655114#9
0000 0019 2000 0000 0000 0000#1626595768167380#-39.0#2.988194574801229#9
0000 001A 2000 0000 0000 0000#1626595768169210#-36.0#3.5342917352885173#9
0000 001C 2000 0000 0000 0000#1626595768170997#-39.0#4.718524903536232#9
0000 000F 2000 0000 0000 0000#1626595768172050#-38.0#1.0492428589137786#9
0000 0015 2000 0000 0000 0000#1626595768173143#-44.0#5.209398755659637#9
0000 0013 2000 0000 0000 0000#1626595768174182#-39.0#4.466952054322987#9
0000 0010 2000 0000 0000 0000#1626595768175296#-38.5#2.3623304133438876#9
0000 001D 2000 0000 0000 0000#1626595768176442#-40.5#4.957825906446392#9
0000 0017 2000 0000 0000 0000#1626595768177978#-33.0#0.1595340019401067#9
0000 0011 2000 0000 0000 0000#1626595768179324#-38.0#3.141592653589793#9
0000 0012 2000 0000 0000 0000#1626595768181510#-38.0#3.9269908169872414#9
0000 0014 2000 0000 0000 0000#1626595768182605#-40.0#4.853515212870168#9
0000 0013 2000 0000 0000 0000#1626595768187479#-39.0#4.479223900626073#9
0000 001A 2000 0000 0000 0000#1626595768189537#-36.0#3.5588354278946874#9
0000 0014 2000 0000 0000 0000#1626595768190619#-40.0#4.853515212870168#9
0000 0019 2000 0000 0000 0000#1626595768191652#-39.5#3.055689729468197#9
0000 001B 2000 0000 0000 0000#1626595768192704#-37.5#4.252194744018997#9
0000 001C 2000 0000 0000 0000#1626595768194032#-38.5#4.749204519293945#9
0000 0011 2000 0000 0000 0000#1626595768195914#-37.0#3.1661363461959633#9
0000 001D 2000 0000 0000 0000#1626595768197263#-40.0#4.97623367590102#9
0000 0012 2000 0000 0000 0000#1626595768199067#-37.5#3.9392626632903265#9
0000 0017 2000 0000 0000 0000#1626595768200170#-32.5#0.2638446955163303#9
0000 0010 2000 0000 0000 0000#1626595768204609#-38.0#2.429825568010856#9
0000 0015 2000 0000 0000 0000#1626595768205660#-44.0#5.227806525114265#9
0000 0018 2000 0000 0000 0000#1626595768206694#-40.0#1.9266798695843652#9
0000 000F 2000 0000 0000 0000#1626595768208499#-37.5#1.1903690913992575#9
0000 0016 2000 0000 0000 0000#1626595768209806#-37.5#0.07976700097005335#9
0000 0019 2000 0000 0000 0000#1626595768476176#-37.5#3.1354567304382504#9
0000 0012 2000 0000 0000 0000#1626595768477524#-37.0#3.9699422790480394#9
0000 0017 2000 0000 0000 0000#1626595768479520#-31.0#0.8774370106705868#9
0000 001A 2000 0000 0000 0000#1626595768481322#-35.0#3.6263305825616556#9
0000 001B 2000 0000 0000 0000#1626595768482912#-36.5#4.246058820867455#9
0000 0018 2000 0000 0000 0000#1626595768484205#-36.5#2.1659808724945253#9
0000 0015 2000 0000 0000 0000#1626595768485339#-44.0#4.97623367590102#9
0000 0011 2000 0000 0000 0000#1626595768486859#-36.5#3.2520392703175593#9
0000 0010 2000 0000 0000 0000#1626595768490360#-36.5#2.564815877344792#9
0000 0016 2000 0000 0000 0000#1626595768491952#-36.5#0.8283496254582462#9
0000 0014 2000 0000 0000 0000#1626595768495300#-39.5#4.755340442445488#9
0000 0013 2000 0000 0000 0000#1626595768496746#-38.5#4.509903516383785#9
0000 000F 2000 0000 0000 0000#1626595768497825#-35.0#1.6751070203711202#9
0000 001D 2000 0000 0000 0000#1626595768500389#-40.5#4.798291904506286#9
0000 001C 2000 0000 0000 0000#1626595768501432#-38.0#4.681709364626977#9
0000 0016 2000 0000 0000 0000#1626595768505020#-36.0#0.8651651643675016#9
0000 000F 2000 0000 0000 0000#1626595768506084#-34.5#1.6873788666742053#9
0000 0018 2000 0000 0000 0000#1626595768507241#-35.5#2.2150682577068657#9
0000 0014 2000 0000 0000 0000#1626595768509062#-39.5#4.767612288748572#9
0000 0013 2000 0000 0000 0000#1626595768512300#-38.5#4.528311285838413#9
0000 0010 2000 0000 0000 0000#1626595768513629#-36.5#2.60776733940559#9
0000 001B 2000 0000 0000 0000#1626595768515463#-36.5#4.295146206079795#9
0000 0015 2000 0000 0000 0000#1626595768517981#-43.5#4.988505522204105#9
0000 0017 2000 0000 0000 0000#1626595768519056#-30.0#1.0062913968529805#9
0000 001C 2000 0000 0000 0000#1626595768520371#-38.0#4.693981210930062#9
0000 001A 2000 0000 0000 0000#1626595768521434#-35.0#3.6815538909255388#9
0000 0011 2000 0000 0000 0000#1626595768522577#-35.0#3.2949907323783574#9
0000 001D 2000 0000 0000 0000#1626595768526944#-40.0#4.81056375080937#9
0000 0019 2000 0000 0000 0000#1626595768531750#-37.0#3.2029518851052186#9
0000 0012 2000 0000 0000 0000#1626595768532880#-35.0#4.04357335686655#9
0000 0010 2000 0000 0000 0000#1626595768796804#-35.0#3.2765829629237295#9
0000 0015 2000 0000 0000 0000#1626595768800424#-44.5#5.21553467881118#9
0000 0013 2000 0000 0000 0000#1626595768802716#-38.5#5.049864753719531#9
0000 0018 2000 0000 0000 0000#1626595768804271#-34.5#2.9575149590435164#9
0000 0017 2000 0000 0000 0000#1626595768805290#-27.5#2.055534255766759#9
0000 001D 2000 0000 0000 0000#1626595768806437#-40.5#5.111223985234957#9
0000 000F 2000 0000 0000 0000#1626595768808156#-31.5#2.5586799541932495#9
0000 0014 2000 0000 0000 0000#1626595768809682#-39.5#5.166447293598839#9
0000 0011 2000 0000 0000 0000#1626595768810729#-36.0#3.9392626632903265#9
0000 0012 2000 0000 0000 0000#1626595768811776#-36.5#4.6448938257177215#9
0000 0016 2000 0000 0000 0000#1626595768812856#-33.5#2.1782527187976104#9
0000 001A 2000 0000 0000 0000#1626595768813933#-34.5#4.301282129231338#9
0000 001C 2000 0000 0000 0000#1626595768815776#-37.5#5.148039524144211#9
0000 001B 2000 0000 0000 0000#1626595768816981#-37.0#4.853515212870168#9
0000 0019 2000 0000 0000 0000#1626595768818073#-36.5#3.822680123411018#9
0000 000F 2000 0000 0000 0000#1626595768824890#-31.5#2.6016314162540475#9
0000 0018 2000 0000 0000 0000#1626595768826794#-33.0#3.018874190558942#9
0000 0014 2000 0000 0000 0000#1626595768827876#-39.5#5.178719139901925#9
0000 0012 2000 0000 0000 0000#1626595768828971#-36.5#4.669437518323892#9
0000 001A 2000 0000 0000 0000#1626595768830097#-33.5#4.325825821837508#9
0000 0010 2000 0000 0000 0000#1626595768831118#-35.0#3.3318062712876126#9
0000 0013 2000 0000 0000 0000#1626595768833423#-38.5#5.080544369477243#9
0000 001B 2000 0000 0000 0000#1626595768835200#-37.0#4.865787059173254#9
0000 0015 2000 0000 0000 0000#1626595768846703#-44.0#5.939573610693203#9
0000 0011 2000 0000 0000 0000#1626595768848091#-35.5#4.779884135051658#9
0000 001D 2000 0000 0000 0000#1626595768849507#-39.0#5.859806609723149#9
0000 0019 2000 0000 0000 0000#1626595768850841#-36.0#4.693981210930062#9
0000 0016 2000 0000 0000 0000#1626595768851932#-33.5#3.129320807286708#9
0000 0017 2000 0000 0000 0000#1626595768853315#-26.0#3.031146036862027#9
0000 001C 2000 0000 0000 0000#1626595768854516#-38.0#5.9088939949354895#9
0000 0010 2000 0000 0000 0000#1626595769118145#-34.0#4.362641360746763#9
0000 0017 2000 0000 0000 0000#1626595769119235#-26.5#3.454524734318464#9
0000 0011 2000 0000 0000 0000#1626595769120267#-36.0#4.871922982324796#9
0000 0019 2000 0000 0000 0000#1626595769121343#-36.5#4.798291904506286#9
0000 0018 2000 0000 0000 0000#1626595769122421#-33.0#4.147884050442774#9
0000 0013 2000 0000 0000 0000#1626595769123717#-40.0#5.737088146692298#9
0000 001B 2000 0000 0000 0000#1626595769125481#-38.0#5.546874528994478#9
0000 001A 2000 0000 0000 0000#1626595769126485#-36.0#5.135767677841127#9
0000 000F 2000 0000 0000 0000#1626595769127578#-31.0#3.8717675086233583#9
0000 001D 2000 0000 0000 0000#1626595769128640#-42.5#5.516194913236766#9
0000 0012 2000 0000 0000 0000#1626595769130425#-38.0#5.43029198911517#9
0000 0016 2000 0000 0000 0000#1626595769131478#-32.5#3.773592738198677#9
0000 0014 2000 0000 0000 0000#1626595769133939#-41.0#5.688000761479957#9
0000 001C 2000 0000 0000 0000#1626595769137347#-39.5#5.706408530934585#9
0000 0015 2000 0000 0000 0000#1626595769140106#-46.5#5.516194913236766#9
0000 0010 2000 0000 0000 0000#1626595769145520#-32.5#4.399456899656019#9
0000 0019 2000 0000 0000 0000#1626595769146643#-36.5#4.841243366567084#9
0000 000F 2000 0000 0000 0000#1626595769147948#-31.5#3.9085830475326135#9
0000 001A 2000 0000 0000 0000#1626595769149065#-36.0#5.154175447295755#9
0000 0017 2000 0000 0000 0000#1626595769150391#-26.5#3.522019888985432#9
0000 0013 2000 0000 0000 0000#1626595769152437#-40.0#5.743224069843841#9
0000 0018 2000 0000 0000 0000#1626595769153517#-33.0#4.178563666200486#9
0000 0011 2000 0000 0000 0000#1626595769155047#-36.0#4.878058905476339#9
0000 0016 2000 0000 0000 0000#1626595769156432#-32.5#3.8410878928656453#9
0000 001C 2000 0000 0000 0000#1626595769157987#-39.5#5.681864838328415#9
0000 001B 2000 0000 0000 0000#1626595769159250#-38.5#5.540738605842936#9
0000 001D 2000 0000 0000 0000#1626595769160831#-43.0#5.47937937432751#9
0000 0012 2000 0000 0000 0000#1626595769161954#-38.0#5.436427912266712#9
0000 0015 2000 0000 0000 0000#1626595769165474#-46.5#5.50392306693368#9
0000 0014 2000 0000 0000 0000#1626595769167655#-41.5#5.66959299202533#9
0000 0015 2000 0000 0000 0000#1626595769431233#-48.5#4.718524903536232#9
0000 001D 2000 0000 0000 0000#1626595769432278#-44.5#4.71238898038469#9
0000 0011 2000 0000 0000 0000#1626595769434337#-37.0#4.540583132141498#9
0000 0014 2000 0000 0000 0000#1626595769435705#-43.0#4.994641445355648#9
0000 0010 2000 0000 0000 0000#1626595769438830#-35.0#4.252194744018997#9
0000 0019 2000 0000 0000 0000#1626595769439835#-37.0#4.577398671050753#9
0000 000F 2000 0000 0000 0000#1626595769440885#-32.0#3.9085830475326135#9
0000 0013 2000 0000 0000 0000#1626595769441924#-41.0#5.117359908386499#9
0000 001A 2000 0000 0000 0000#1626595769442984#-38.0#4.6878452877785195#9
0000 0017 2000 0000 0000 0000#1626595769444743#-27.0#3.5833791205008576#9
0000 0012 2000 0000 0000 0000#1626595769445775#-38.5#4.933282213840222#9
0000 0016 2000 0000 0000 0000#1626595769455105#-32.0#4.25833066717054#9
0000 001B 2000 0000 0000 0000#1626595769456937#-39.5#5.123495831538041#9
0000 0018 2000 0000 0000 0000#1626595769458227#-33.5#4.301282129231338#9
0000 001C 2000 0000 0000 0000#1626595769461289#-41.0#5.178719139901925#9
0000 0016 2000 0000 0000 0000#1626595769467068#-32.0#4.295146206079795#9
0000 0010 2000 0000 0000 0000#1626595769469539#-34.5#4.454680208019902#9
0000 0014 2000 0000 0000 0000#1626595769470977#-43.0#5.123495831538041#9
0000 0017 2000 0000 0000 0000#1626595769472273#-27.5#3.816544200259475#9
0000 001C 2000 0000 0000 0000#1626595769473314#-41.0#5.178719139901925#9
0000 0018 2000 0000 0000 0000#1626595769474350#-33.5#4.3074180523828804#9
0000 000F 2000 0000 0000 0000#1626595769475428#-31.5#4.135612204139688#9
0000 0012 2000 0000 0000 0000#1626595769476460#-38.5#5.080544369477243#9
0000 0013 2000 0000 0000 0000#1626595769477526#-41.5#5.264622064023521#9
0000 001B 2000 0000 0000 0000#1626595769478720#-39.5#5.098952138931871#9
0000 0019 2000 0000 0000 0000#1626595769479815#-37.5#4.749204519293945#9
0000 0011 2000 0000 0000 0000#1626595769480860#-37.0#4.71238898038469#9
0000 0015 2000 0000 0000 0000#1626595769482679#-48.0#4.841243366567084#9
0000 001D 2000 0000 0000 0000#1626595769485192#-44.5#4.8351074434155406#9
0000 001A 2000 0000 0000 0000#1626595769486463#-37.5#4.841243366567084#9
0000 0016 2000 0000 0000 0000#1626595769752049#-32.5#4.09266074207889#9
0000 0019 2000 0000 0000 0000#1626595769754137#-37.0#4.080388895775806#9
0000 0012 2000 0000 0000 0000#1626595769755199#-39.5#4.196971435655114#9
0000 0017 2000 0000 0000 0000#1626595769756503#-27.5#3.485204350076177#9
0000 000F 2000 0000 0000 0000#1626595769757580#-31.5#3.730641276137879#9
0000 001C 2000 0000 0000 0000#1626595769759149#-43.0#4.2031073588066565#9
0000 0014 2000 0000 0000 0000#1626595769760740#-45.0#4.1417481272912315#9
0000 0011 2000 0000 0000 0000#1626595769761774#-37.0#3.9576704327449543#9
0000 0010 2000 0000 0000 0000#1626595769762862#-35.0#3.890175278077986#9
0000 0018 2000 0000 0000 0000#1626595769765986#-33.0#3.8288160465625602#9
0000 0013 2000 0000 0000 0000#1626595769767054#-43.0#4.325825821837508#9
0000 001D 2000 0000 0000 0000#1626595769768367#-47.5#3.761320891895592#9
0000 0015 2000 0000 0000 0000#1626595769769643#-51.0#3.7551849687440497#9
0000 001A 2000 0000 0000 0000#1626595769771089#-38.5#3.9699422790480394#9
0000 001B 2000 0000 0000 0000#1626595769772353#-41.0#4.178563666200486#9
0000 0018 2000 0000 0000 0000#1626595769776442#-34.0#3.8288160465625602#9
0000 0019 2000 0000 0000 0000#1626595769777600#-36.5#4.061981126321178#9
0000 0010 2000 0000 0000 0000#1626595769778984#-33.5#3.8963112012295285#9
0000 0017 2000 0000 0000 0000#1626595769780259#-27.5#3.4913402732277192#9
0000 000F 2000 0000 0000 0000#1626595769782272#-31.5#3.730641276137879#9
0000 0015 2000 0000 0000 0000#1626595769785002#-51.0#3.736777199289422#9
0000 0014 2000 0000 0000 0000#1626595769786569#-45.5#4.1172044346850605#9
0000 0016 2000 0000 0000 0000#1626595769787618#-32.5#4.123340357836604#9
0000 0013 2000 0000 0000 0000#1626595769788969#-43.5#4.295146206079795#9
0000 001A 2000 0000 0000 0000#1626595769791020#-38.5#3.9392626632903265#9
0000 001C 2000 0000 0000 0000#1626595769792320#-43.5#4.178563666200486#9
0000 001B 2000 0000 0000 0000#1626595769795093#-41.0#4.147884050442774#9
0000 0011 2000 0000 0000 0000#1626595769796494#-36.0#3.933126740138784#9
0000 0012 2000 0000 0000 0000#1626595769797825#-40.0#4.135612204139688#9
0000 001D 2000 0000 0000 0000#1626595769800027#-47.5#3.6876898140770815#9
0000 001B 2000 0000 0000 0000#1626595770071894#-42.0#4.6448938257177215#9
0000 0018 2000 0000 0000 0000#1626595770073211#-33.0#4.700117134081604#9
0000 0011 2000 0000 0000 0000#1626595770074727#-36.0#4.528311285838413#9
0000 000F 2000 0000 0000 0000#1626595770076557#-30.5#4.718524903536232#9
0000 0019 2000 0000 0000 0000#1626595770078078#-36.5#4.6878452877785195#9
0000 0013 2000 0000 0000 0000#1626595770079144#-45.0#4.700117134081604#9
0000 0015 2000 0000 0000 0000#1626595770080123#-53.5#4.074252972624263#9
0000 001A 2000 0000 0000 0000#1626595770081198#-37.5#4.448544284868359#9
0000 0012 2000 0000 0000 0000#1626595770082303#-40.0#4.620350133111551#9
0000 0010 2000 0000 0000 0000#1626595770083349#-33.5#4.681709364626977#9
0000 0017 2000 0000 0000 0000#1626595770085689#-25.0#4.601942363656923#9
0000 0016 2000 0000 0000 0000#1626595770086755#-31.5#5.246214294568893#9
0000 001C 2000 0000 0000 0000#1626595770088098#-45.0#4.546719055293041#9
0000 001D 2000 0000 0000 0000#1626595770089160#-49.5#4.06811704947272#9
0000 0014 2000 0000 0000 0000#1626595770090695#-47.0#4.466952054322987#9
0000 0001 0000 0000 0000 0000#1626595770095458#-65.0#0.11044661672776616#9
0000 0019 2000 0000 0000 0000#1626595770100876#-37.0#4.669437518323892#9
0000 000F 2000 0000 0000 0000#1626595770101940#-30.5#4.7307967498393175#9
0000 0013 2000 0000 0000 0000#1626595770103022#-45.0#4.669437518323892#9
0000 0018 2000 0000 0000 0000#1626595770104149#-31.5#4.693981210930062#9
0000 0015 2000 0000 0000 0000#1626595770105458#-54.0#4.025165587411922#9
0000 001C 2000 0000 0000 0000#1626595770106514#-45.0#4.503767593232243#9
0000 001D 2000 0000 0000 0000#1626595770107576#-50.0#4.025165587411922#9
0000 0017 2000 0000 0000 0000#1626595770109688#-25.0#4.620350133111551#9
0000 001A 2000 0000 0000 0000#1626595770111080#-36.5#4.387185053352934#9
0000 0012 2000 0000 0000 0000#1626595770112171#-40.0#4.565126824747668#9
0000 0001 0000 0000 0000 0000#1626595770113388#-65.0#0.0859029241215959#9
0000 0016 2000 0000 0000 0000#1626595770114464#-31.5#5.270757987175063#9
0000 0014 2000 0000 0000 0000#1626595770115518#-47.0#4.424000592262189#9
0000 0010 2000 0000 0000 0000#1626595770117019#-33.5#4.651029748869264#9
0000 0011 2000 0000 0000 0000#1626595770118052#-36.0#4.473087977474529#9
0000 001B 2000 0000 0000 0000#1626595770119160#-42.0#4.528311285838413#9
0000 0017 2000 0000 0000 0000#1626595770390425#-24.0#4.356505437595221#9
0000 001B 2000 0000 0000 0000#1626595770391506#-44.0#3.773592738198677#9
0000 000F 2000 0000 0000 0000#1626595770392626#-29.5#4.387185053352934#9
0000 0019 2000 0000 0000 0000#1626595770394138#-36.5#4.080388895775806#9
0000 001D 2000 0000 0000 0000#1626595770395896#-53.5#2.791845033951867#9
0000 0014 2000 0000 0000 0000#1626595770396975#-50.5#3.4054373491061236#9
0000 0016 2000 0000 0000 0000#1626595770398523#-31.0#5.1725832167503825#9
0000 001A 2000 0000 0000 0000#1626595770399685#-39.0#3.6876898140770815#9
0000 0013 2000 0000 0000 0000#1626595770400765#-47.5#3.773592738198677#9
0000 0012 2000 0000 0000 0000#1626595770401841#-42.0#3.8288160465625602#9
0000 0010 2000 0000 0000 0000#1626595770402902#-33.0#4.147884050442774#9
0000 0011 2000 0000 0000 0000#1626595770404015#-35.5#3.859495662320273#9
0000 0018 2000 0000 0000 0000#1626595770405320#-32.0#4.28287435977671#9
0000 001C 2000 0000 0000 0000#1626595770406717#-48.5#3.54042765844006#9
0000 0015 2000 0000 0000 0000#1626595770407853#-57.5#2.5034566458293663#9
0000 001A 2000 0000 0000 0000#1626595770412447#-39.5#3.6570101983193686#9
0000 000F 2000 0000 0000 0000#1626595770413787#-30.0#4.381049130201391#9
0000 0011 2000 0000 0000 0000#1626595770415075#-36.5#3.834951969714103#9
0000 0019 2000 0000 0000 0000#1626595770417186#-36.5#4.037437433715008#9
0000 0017 2000 0000 0000 0000#1626595770418930#-25.5#4.344233591292136#9
0000 0010 2000 0000 0000 0000#1626595770420987#-33.0#4.129476280988146#9
0000 0015 2000 0000 0000 0000#1626595770422009#-58.0#2.435961491162398#9
0000 0014 2000 0000 0000 0000#1626595770423571#-51.0#3.3011266555298997#9
0000 0016 2000 0000 0000 0000#1626595770425855#-31.0#5.148039524144211#9
0000 0018 2000 0000 0000 0000#1626595770427445#-32.0#4.252194744018997#9
0000 001D 2000 0000 0000 0000#1626595770428635#-53.5#2.6323110320117604#9
0000 001B 2000 0000 0000 0000#1626595770430184#-44.5#3.663146121470911#9
0000 0012 2000 0000 0000 0000#1626595770431247#-42.0#3.767456815047135#9
0000 001C 2000 0000 0000 0000#1626595770433313#-49.0#3.4177091954092087#9
0000 0013 2000 0000 0000 0000#1626595770437914#-47.5#3.6754179677739964#9
0000 0011 2000 0000 0000 0000#1626595770701990#-37.0#2.9575149590435164#9
0000 001A 2000 0000 0000 0000#1626595770703049#-41.0#2.6200391857086753#9
0000 000F 2000 0000 0000 0000#1626595770705084#-31.0#3.9208548938356986#9
0000 0015 2000 0000 0000 0000#1626595770706420#-52.5#0.35588354278946877#9
0000 0012 2000 0000 0000 0000#1626595770709358#-42.5#2.650718801466388#9
0000 0017 2000 0000 0000 0000#1626595770710418#-26.5#3.9392626632903265#9
0000 001D 2000 0000 0000 0000#1626595770712056#-54.0#0.8651651643675016#9
0000 0016 2000 0000 0000 0000#1626595770714399#-31.0#4.884194828627882#9
0000 0018 2000 0000 0000 0000#1626595770716522#-31.5#3.6447383520162835#9
0000 001B 2000 0000 0000 0000#1626595770717602#-47.5#2.380738182798515#9
0000 0010 2000 0000 0000 0000#1626595770718998#-32.5#3.442252888015379#9
0000 0019 2000 0000 0000 0000#1626595770720404#-38.0#3.2090878082567613#9
0000 001C 2000 0000 0000 0000#1626595770721478#-51.5#1.7548740213411735#9
0000 0014 2000 0000 0000 0000#1626595770722515#-53.5#1.509437095279471#9
0000 0013 2000 0000 0000 0000#1626595770723597#-50.5#2.2089323345553233#9
0000 0013 2000 0000 0000 0000#1626595770729812#-50.5#2.184388641949153#9
0000 0012 2000 0000 0000 0000#1626595770730858#-44.5#2.5709518004963345#9
0000 0015 2000 0000 0000 0000#1626595770733276#-50.5#0.14112623248547898#9
0000 000F 2000 0000 0000 0000#1626595770734566#-31.0#3.865631585471816#9
0000 001C 2000 0000 0000 0000#1626595770735668#-52.0#1.662835174068035#9
0000 0014 2000 0000 0000 0000#1626595770737201#-53.5#1.4419419406125027#9
0000 001A 2000 0000 0000 0000#1626595770738277#-41.5#2.5034566458293663#9
0000 0018 2000 0000 0000 0000#1626595770739647#-31.5#3.6017868899554855#9
0000 0017 2000 0000 0000 0000#1626595770740763#-25.0#3.9208548938356986#9
0000 0016 2000 0000 0000 0000#1626595770741814#-31.0#4.871922982324796#9
0000 0019 2000 0000 0000 0000#1626595770742862#-38.5#3.1354567304382504#9
0000 001D 2000 0000 0000 0000#1626595770743936#-55.0#0.6135923151542565#9
0000 001B 2000 0000 0000 0000#1626595770745872#-48.0#2.227340104009951#9
0000 0010 2000 0000 0000 0000#1626595770746999#-33.0#3.368621810196868#9
0000 0011 2000 0000 0000 0000#1626595770748561#-38.0#2.7979809571034093#9
0000 001B 2000 0000 0000 0000#1626595771016788#-50.0#0.4172427743048944#9
0000 0014 2000 0000 0000 0000#1626595771018310#-47.5#4.896466674930966#9
0000 0016 2000 0000 0000 0000#1626595771019829#-33.0#4.09266074207889#9
0000 000F 2000 0000 0000 0000#1626595771020907#-32.5#2.730485802436441#9
0000 0019 2000 0000 0000 0000#1626595771021999#-40.5#1.7916895602504288#9
0000 0012 2000 0000 0000 0000#1626595771023785#-47.5#0.8713010875190442#9
0000 0013 2000 0000 0000 0000#1626595771025037#-52.0#0.06135923151542565#9
0000 001A 2000 0000 0000 0000#1626595771026321#-44.5#0.9326603190344698#9
0000 001D 2000 0000 0000 0000#1626595771027912#-45.0#3.9269908169872414#9
0000 001C 2000 0000 0000 0000#1626595771028996#-48.5#5.123495831538041#9
0000 0017 2000 0000 0000 0000#1626595771030074#-28.0#2.834796496012665#9
0000 0018 2000 0000 0000 0000#1626595771031149#-35.5#2.411417798556228#9
0000 0010 2000 0000 0000 0000#1626595771032436#-36.5#2.116893487282185#9
0000 0015 2000 0000 0000 0000#1626595771034440#-48.5#4.074252972624263#9
0000 0011 2000 0000 0000 0000#1626595771039268#-41.0#1.3744467859455345#9
0000 0010 2000 0000 0000 0000#1626595771044747#-37.0#2.073942025221387#9
0000 0017 2000 0000 0000 0000#1626595771046370#-26.5#2.816388726558037#9
0000 0019 2000 0000 0000 0000#1626595771047663#-40.5#1.7241944055834606#9
0000 0016 2000 0000 0000 0000#1626595771049154#-33.0#4.04357335686655#9
0000 0012 2000 0000 0000 0000#1626595771050970#-48.0#0.7485826244881929#9
0000 0018 2000 0000 0000 0000#1626595771052060#-36.0#2.356194490192345#9
0000 001B 2000 0000 0000 0000#1626595771054064#-50.0#0.23930100291016002#9
0000 001C 2000 0000 0000 0000#1626595771055149#-47.5#4.81056375080937#9
0000 000F 2000 0000 0000 0000#1626595771056451#-32.5#2.6691265709210157#9
0000 0015 2000 0000 0000 0000#1626595771057532#-50.0#4.025165587411922#9
0000 0013 2000 0000 0000 0000#1626595771060368#-52.5#6.14819499784565#9
0000 0014 2000 0000 0000 0000#1626595771064286#-45.5#4.460816131171445#9
0000 001D 2000 0000 0000 0000#1626595771065379#-45.5#3.7551849687440497#9
0000 0011 2000 0000 0000 0000#1626595771067912#-41.0#1.282407938672396#9
0000 001A 2000 0000 0000 0000#1626595771068957#-45.0#0.7792622402459057#9
0000 0011 2000 0000 0000 0000#1626595771332073#-43.0#1.2946797849754812#9
0000 001C 2000 0000 0000 0000#1626595771333146#-42.5#4.264466590322082#9
0000 0017 2000 0000 0000 0000#1626595771334195#-30.0#3.074097498922825#9
0000 0015 2000 0000 0000 0000#1626595771336227#-59.5#3.5036121195308043#9
0000 0019 2000 0000 0000 0000#1626595771337760#-43.0#1.7119225592803755#9
0000 000F 2000 0000 0000 0000#1626595771340031#-34.5#2.8716120349219203#9
0000 0016 2000 0000 0000 0000#1626595771341353#-34.5#4.448544284868359#9
0000 0013 2000 0000 0000 0000#1626595771342362#-41.5#4.552854978444583#9
0000 001B 2000 0000 0000 0000#1626595771343687#-43.0#4.792155981354743#9
0000 001D 2000 0000 0000 0000#1626595771344959#-57.0#3.5833791205008576#9
0000 0014 2000 0000 0000 0000#1626595771346270#-46.5#4.184699589352029#9
0000 0018 2000 0000 0000 0000#1626595771350224#-37.5#2.478912953223196#9
0000 0010 2000 0000 0000 0000#1626595771351555#-39.0#2.141437179888355#9
0000 0012 2000 0000 0000 0000#1626595771352813#-47.0#6.14819499784565#9
0000 001A 2000 0000 0000 0000#1626595771354114#-47.0#0.32520392703175593#9
0000 0010 2000 0000 0000 0000#1626595771361142#-37.5#2.116893487282185#9
0000 000F 2000 0000 0000 0000#1626595771363324#-35.0#2.8102528034064944#9
0000 0016 2000 0000 0000 0000#1626595771364320#-34.5#4.387185053352934#9
0000 0018 2000 0000 0000 0000#1626595771366481#-38.0#2.442097414313941#9
0000 0013 2000 0000 0000 0000#1626595771367531#-41.0#4.430136515413731#9
0000 0017 2000 0000 0000 0000#1626595771368665#-29.0#2.9391071895888885#9
0000 001B 2000 0000 0000 0000#1626595771369992#-42.0#4.626486056263094#9
0000 0019 2000 0000 0000 0000#1626595771371083#-44.0#1.5892040962495242#9
0000 0012 2000 0000 0000 0000#1626595771373511#-46.0#5.8659425328746915#9
0000 0011 2000 0000 0000 0000#1626595771374928#-43.5#1.0921943209745766#9
0000 001D 2000 0000 0000 0000#1626595771375987#-58.0#3.2643111166206444#9
0000 001C 2000 0000 0000 0000#1626595771377318#-44.5#4.1417481272912315#9
0000 0014 2000 0000 0000 0000#1626595771378653#-48.5#4.0987966652304335#9
0000 001A 2000 0000 0000 0000#1626595771379671#-47.0#0.11658253987930872#9
0000 0015 2000 0000 0000 0000#1626595771380709#-59.5#3.423845118560751#9
0000 001A 2000 0000 0000 0000#1626595771649647#-39.5#3.8963112012295285#9
0000 0010 2000 0000 0000 0000#1626595771651888#-43.0#0.8835729338221293#9
0000 001C 2000 0000 0000 0000#1626595771653300#-56.5#2.9268353432858034#9
0000 0017 2000 0000 0000 0000#1626595771654378#-33.0#2.061670178918302#9
0000 0011 2000 0000 0000 0000#1626595771655534#-41.0#5.086680292628786#9
0000 0018 2000 0000 0000 0000#1626595771656748#-41.5#1.4419419406125027#9
0000 0012 2000 0000 0000 0000#1626595771657881#-39.0#3.724505352986337#9
0000 0019 2000 0000 0000 0000#1626595771658928#-46.5#5.9088939949354895#9
0000 000F 2000 0000 0000 0000#1626595771659949#-39.0#1.8775924843720249#9
0000 001B 2000 0000 0000 0000#1626595771661027#-46.5#3.724505352986337#9
0000 001D 2000 0000 0000 0000#1626595771662232#-62.5#1.6935147898257479#9
0000 0014 2000 0000 0000 0000#1626595771663312#-56.0#2.662990647769473#9
0000 0016 2000 0000 0000 0000#1626595771665280#-37.0#3.4606606574700063#9
0000 0013 2000 0000 0000 0000#1626595771667544#-52.0#3.5342917352885173#9
0000 001A 2000 0000 0000 0000#1626595771673326#-39.0#3.80427235395639#9
0000 0016 2000 0000 0000 0000#1626595771675019#-37.5#3.442252888015379#9
0000 001B 2000 0000 0000 0000#1626595771676298#-47.5#3.7122335066832517#9
0000 000F 2000 0000 0000 0000#1626595771677304#-39.5#1.8346410223112268#9
0000 0019 2000 0000 0000 0000#1626595771678607#-46.0#5.712544454086128#9
0000 0011 2000 0000 0000 0000#1626595771679988#-41.5#4.878058905476339#9
0000 0017 2000 0000 0000 0000#1626595771681308#-34.0#1.9880391010997909#9
0000 0012 2000 0000 0000 0000#1626595771682640#-40.5#3.6815538909255388#9
0000 0018 2000 0000 0000 0000#1626595771684542#-43.0#1.3008157081270237#9
0000 0010 2000 0000 0000 0000#1626595771685602#-45.0#0.6872233929727672#9
0000 0014 2000 0000 0000 0000#1626595771686683#-56.0#2.5709518004963345#9
0000 001C 2000 0000 0000 0000#1626595771688496#-55.5#2.767301341345697#9
0000 001D 2000 0000 0000 0000#1626595771689882#-64.5#1.5892040962495242#9
0000 0013 2000 0000 0000 0000#1626595771691191#-53.0#3.4913402732277192#9
0000 0017 2000 0000 0000 0000#1626595771958323#-40.0#0.9694758579437253#9
0000 001D 2000 0000 0000 0000#1626595771959911#-58.5#2.0064468705544187#9
0000 0016 2000 0000 0000 0000#1626595771961017#-41.0#2.675262494072558#9
0000 0013 2000 0000 0000 0000#1626595771962626#-53.0#1.1903690913992575#9
0000 0019 2000 0000 0000 0000#1626595771964416#-41.0#3.9760782021995817#9
0000 000F 2000 0000 0000 0000#1626595771965436#-45.5#0.4295146206079795#9
0000 0014 2000 0000 0000 0000#1626595771967936#-56.0#5.66959299202533#9
0000 001A 2000 0000 0000 0000#1626595771969223#-50.5#3.2213596545598464#9
0000 0010 2000 0000 0000 0000#1626595771972028#-41.0#4.700117134081604#9
0000 001B 2000 0000 0000 0000#1626595771973366#-55.0#1.6014759425526093#9
0000 0018 2000 0000 0000 0000#1626595771974507#-44.5#5.540738605842936#9
0000 0011 2000 0000 0000 0000#1626595771975911#-42.0#3.5772431973493153#9
0000 001C 2000 0000 0000 0000#1626595771976997#-55.0#6.252505691421874#9
0000 0015 2000 0000 0000 0000#1626595771979615#-53.0#6.14819499784565#9
0000 0012 2000 0000 0000 0000#1626595771981601#-51.5#2.761165418194154#9
0000 001C 2000 0000 0000 0000#1626595771987205#-55.0#6.234097921967246#9
0000 0016 2000 0000 0000 0000#1626595771988581#-42.0#2.6139032625571326#9
0000 0019 2000 0000 0000 0000#1626595771989587#-41.5#3.933126740138784#9
0000 0013 2000 0000 0000 0000#1626595771990641#-53.0#0.8713010875190442#9
0000 001A 2000 0000 0000 0000#1626595771991711#-52.0#3.1354567304382504#9
0000 0012 2000 0000 0000 0000#1626595771992817#-53.5#2.6445828783148455#9
0000 0018 2000 0000 0000 0000#1626595771993849#-45.5#5.387340527054372#9
0000 000F 2000 0000 0000 0000#1626595771994912#-45.5#0.20248546400090464#9
0000 0011 2000 0000 0000 0000#1626595771995960#-42.5#3.5711072741977725#9
0000 001D 2000 0000 0000 0000#1626595771997520#-57.0#1.6689710972195777#9
0000 001B 2000 0000 0000 0000#1626595772000452#-55.0#1.3130875544301088#9
0000 0010 2000 0000 0000 0000#1626595772002096#-42.0#4.558990901596125#9
0000 0017 2000 0000 0000 0000#1626595772003128#-42.0#0.7179030087304801#9
0000 0015 2000 0000 0000 0000#1626595772004166#-53.5#5.93343768754166#9
0000 0014 2000 0000 0000 0000#1626595772005559#-56.5#5.221670601962723#9
0000 0013 2000 0000 0000 0000#1626595772270642#-54.5#4.166291819897402#9
0000 0016 2000 0000 0000 0000#1626595772272927#-49.0#0.9387962421860124#9
0000 000F 2000 0000 0000 0000#1626595772274204#-44.5#4.3503695144436785#9
0000 0010 2000 0000 0000 0000#1626595772275293#-47.0#3.4913402732277192#9
0000 001A 2000 0000 0000 0000#1626595772277322#-58.5#0.1349903093339364#9
0000 0018 2000 0000 0000 0000#1626595772279666#-46.0#3.865631585471816#9
0000 0012 2000 0000 0000 0000#1626595772281699#-56.0#5.608233760509904#9
0000 001B 2000 0000 0000 0000#1626595772282778#-56.0#4.387185053352934#9
0000 0019 2000 0000 0000 0000#1626595772283796#-53.5#2.8654761117703775#9
0000 0015 2000 0000 0000 0000#1626595772285858#-53.5#3.2581751934691017#9
0000 0017 2000 0000 0000 0000#1626595772286936#-42.5#4.620350133111551#9
0000 0011 2000 0000 0000 0000#1626595772290598#-53.5#1.8960002538266525#9
0000 001D 2000 0000 0000 0000#1626595772291873#-55.0#5.2339424482658075#9
0000 0014 2000 0000 0000 0000#1626595772292912#-59.5#2.350058567040802#9
0000 001C 2000 0000 0000 0000#1626595772294356#-58.5#3.2581751934691017#9
0000 001B 2000 0000 0000 0000#1626595772297936#-56.0#4.239922897715912#9
0000 0017 2000 0000 0000 0000#1626595772300008#-42.0#4.552854978444583#9
0000 0014 2000 0000 0000 0000#1626595772301661#-59.5#2.1598449493429825#9
0000 001A 2000 0000 0000 0000#1626595772302763#-58.5#6.178874613603362#9
0000 000F 2000 0000 0000 0000#1626595772304864#-44.5#4.221515128261284#9
0000 0019 2000 0000 0000 0000#1626595772307316#-54.0#2.748893571891069#9
0000 0011 2000 0000 0000 0000#1626595772308420#-53.5#1.7548740213411735#9
0000 0016 2000 0000 0000 0000#1626595772309763#-50.0#0.6994952392758523#9
0000 0018 2000 0000 0000 0000#1626595772311060#-46.5#3.77972866135022#9
0000 0012 2000 0000 0000 0000#1626595772312094#-56.0#5.332117218690489#9
0000 0010 2000 0000 0000 0000#1626595772313551#-48.0#3.4054373491061236#9
0000 0015 2000 0000 0000 0000#1626595772314588#-54.0#3.043417883165112#9
0000 001C 2000 0000 0000 0000#1626595772315721#-59.0#3.018874190558942#9
0000 0013 2000 0000 0000 0000#1626595772316802#-55.5#3.834951969714103#9
0000 001D 2000 0000 0000 0000#1626595772317964#-55.5#5.0682725231741586#9
0000 0011 2000 0000 0000 0000#1626595772587915#-55.5#0.4724660826687775#9
0000 001D 2000 0000 0000 0000#1626595772589717#-54.5#4.884194828627882#9
0000 0010 2000 0000 0000 0000#1626595772591288#-53.0#3.031146036862027#9
0000 0014 2000 0000 0000 0000#1626595772592310#-58.0#1.4296700943094176#9
0000 0013 2000 0000 0000 0000#1626595772593338#-55.0#3.129320807286708#9
0000 0016 2000 0000 0000 0000#1626595772594711#-47.5#6.270913460876501#9
0000 0017 2000 0000 0000 0000#1626595772595736#-40.5#4.571262747899211#9
0000 0012 2000 0000 0000 0000#1626595772597349#-53.0#4.466952054322987#9
0000 0019 2000 0000 0000 0000#1626595772598409#-55.5#1.945087639038993#9
0000 001C 2000 0000 0000 0000#1626595772599468#-58.0#2.2089323345553233#9
0000 000F 2000 0000 0000 0000#1626595772600530#-47.0#4.424000592262189#9
0000 0018 2000 0000 0000 0000#1626595772601605#-52.0#3.792000507653305#9
0000 0015 2000 0000 0000 0000#1626595772602854#-52.5#2.736621725587984#9
0000 001A 2000 0000 0000 0000#1626595772605409#-54.5#4.71238898038469#9
0000 001B 2000 0000 0000 0000#1626595772607303#-55.0#3.454524734318464#9
0000 001D 2000 0000 0000 0000#1626595772615024#-54.5#4.718524903536232#9
0000 0017 2000 0000 0000 0000#1626595772616045#-41.0#4.516039439535327#9
0000 0013 2000 0000 0000 0000#1626595772618667#-55.0#2.9513790358919736#9
0000 0014 2000 0000 0000 0000#1626595772619747#-58.0#1.2210487071569704#9
0000 0016 2000 0000 0000 0000#1626595772621026#-47.0#6.1850105367549055#9
0000 0010 2000 0000 0000 0000#1626595772622435#-51.0#2.8286605728611223#9
0000 0012 2000 0000 0000 0000#1626595772623469#-53.0#4.252194744018997#9
0000 000F 2000 0000 0000 0000#1626595772625022#-47.5#4.344233591292136#9
0000 0019 2000 0000 0000 0000#1626595772626083#-56.0#1.705786636128833#9
0000 001C 2000 0000 0000 0000#1626595772627381#-57.5#2.012582793705961#9
0000 0011 2000 0000 0000 0000#1626595772628627#-56.0#0.04295146206079795#9
0000 001B 2000 0000 0000 0000#1626595772629707#-55.0#3.313398501832985#9
0000 001A 2000 0000 0000 0000#1626595772631148#-54.0#4.534447208989955#9
0000 0018 2000 0000 0000 0000#1626595772632183#-52.0#3.6140587362585705#9
0000 0015 2000 0000 0000 0000#1626595772633989#-52.5#2.5402721847386216#9
0000 0015 2000 0000 0000 0000#1626595772898689#-53.5#1.3008157081270237#9
0000 0019 2000 0000 0000 0000#1626595772900963#-58.5#4.9823695990525625#9
0000 0011 2000 0000 0000 0000#1626595772902289#-53.5#3.80427235395639#9
0000 001A 2000 0000 0000 0000#1626595772903652#-52.0#2.5034566458293663#9
0000 0017 2000 0000 0000 0000#1626595772905667#-46.5#3.2949907323783574#9
0000 0010 2000 0000 0000 0000#1626595772906726#-54.0#0.3129320807286708#9
0000 000F 2000 0000 0000 0000#1626595772908757#-52.0#2.6323110320117604#9
0000 0018 2000 0000 0000 0000#1626595772911018#-54.0#1.3744467859455345#9
0000 0016 2000 0000 0000 0000#1626595772912081#-48.0#5.135767677841127#9
0000 0014 2000 0000 0000 0000#1626595772913390#-59.5#5.2339424482658075#9
0000 001B 2000 0000 0000 0000#1626595772915178#-53.5#1.4358060174609601#9
0000 001C 2000 0000 0000 0000#1626595772916356#-59.5#6.252505691421874#9
0000 001D 2000 0000 0000 0000#1626595772931591#-53.5#1.8346410223112268#9
0000 0012 2000 0000 0000 0000#1626595772932637#-52.5#1.5462526341887264#9
0000 0013 2000 0000 0000 0000#1626595772933859#-54.5#0.5031456984264903#9
0000 0014 2000 0000 0000 0000#1626595772938497#-60.5#4.6448938257177215#9
0000 0019 2000 0000 0000 0000#1626595772939546#-59.0#4.319689898685965#9
0000 0013 2000 0000 0000 0000#1626595772940600#-54.5#0.4356505437595221#9
0000 001C 2000 0000 0000 0000#1626595772941646#-60.0#5.890486225480862#9
0000 000F 2000 0000 0000 0000#1626595772942876#-53.0#2.012582793705961#9
0000 0011 2000 0000 0000 0000#1626595772945373#-54.0#2.9636508821950587#9
0000 0016 2000 0000 0000 0000#1626595772947161#-49.5#4.657165672020807#9
0000 0010 2000 0000 0000 0000#1626595772948235#-55.0#5.822991070813893#9
0000 0017 2000 0000 0000 0000#1626595772949521#-47.5#2.6568547246179306#9
0000 0015 2000 0000 0000 0000#1626595772950633#-55.0#0.7485826244881929#9
0000 001A 2000 0000 0000 0000#1626595772952986#-51.0#1.7426021750380885#9
0000 0018 2000 0000 0000 0000#1626595772955409#-55.0#0.6688156235181395#9
0000 001B 2000 0000 0000 0000#1626595772956990#-54.0#0.859029241215959#9
0000 001D 2000 0000 0000 0000#1626595772958322#-54.0#1.6382914814618648#9
0000 0012 2000 0000 0000 0000#1626595772963610#-51.0#1.3560390164909069#9
0000 000F 2000 0000 0000 0000#1626595773226465#-57.5#0.7485826244881929#9
0000 001D 2000 0000 0000 0000#1626595773228123#-57.0#0.5338253141842031#9
0000 0010 2000 0000 0000 0000#1626595773230447#-57.5#4.601942363656923#9
0000 0018 2000 0000 0000 0000#1626595773231478#-58.5#5.620505606812989#9
0000 0014 2000 0000 0000 0000#1626595773235740#-65.0#3.3379421944391554#9
0000 001A 2000 0000 0000 0000#1626595773236801#-54.5#0.7731263170943632#9
0000 0011 2000 0000 0000 0000#1626595773237847#-56.0#1.6260196351587797#9
0000 0017 2000 0000 0000 0000#1626595773239424#-54.0#1.7426021750380885#9
0000 0019 2000 0000 0000 0000#1626595773241478#-64.0#2.730485802436441#9
0000 0012 2000 0000 0000 0000#1626595773242768#-54.0#0.5092816215780329#9
0000 0016 2000 0000 0000 0000#1626595773244167#-56.0#4.25833066717054#9
0000 0015 2000 0000 0000 0000#1626595773245448#-57.5#0.380427235395639#9
0000 001B 2000 0000 0000 0000#1626595773246742#-56.0#0.2454369260617026#9
0000 0013 2000 0000 0000 0000#1626595773248265#-57.0#6.019340611663256#9
0000 0014 2000 0000 0000 0000#1626595773253216#-65.5#3.3318062712876126#9
0000 0010 2000 0000 0000 0000#1626595773254459#-60.0#4.595806440505381#9
0000 001A 2000 0000 0000 0000#1626595773255989#-55.0#0.7424467013366504#9
0000 0011 2000 0000 0000 0000#1626595773258691#-55.5#1.6321555583103222#9
0000 0017 2000 0000 0000 0000#1626595773260047#-55.5#1.8039614065535141#9
0000 000F 2000 0000 0000 0000#1626595773262074#-58.5#0.7485826244881929#9
0000 001B 2000 0000 0000 0000#1626595773264179#-56.0#0.3620194659410113#9
0000 0016 2000 0000 0000 0000#1626595773265742#-57.5#4.3074180523828804#9
0000 0015 2000 0000 0000 0000#1626595773266821#-57.5#0.3988350048502667#9
0000 0012 2000 0000 0000 0000#1626595773268168#-54.5#0.5767767762450011#9
0000 0018 2000 0000 0000 0000#1626595773269718#-58.5#5.64504929941916#9
0000 001D 2000 0000 0000 0000#1626595773270863#-59.0#0.48473792897186263#9
0000 0019 2000 0000 0000 0000#1626595773271953#-66.5#2.60776733940559#9
0000 0013 2000 0000 0000 0000#1626595773273034#-58.5#6.209554229361076#9
0000 000F 2000 0000 0000 0000#1626595773812858#-69.0#5.418020142812084#9
0000 000F 2000 0000 0000 0000#1626595773823984#-67.5#5.295301679781233#9
0000 001B 2000 0000 0000 0000#1626595774088292#-62.5#0.8651651643675016#9
0000 0013 2000 0000 0000 0000#1626595774091438#-64.5#0.32520392703175593#9
0000 0015 2000 0000 0000 0000#1626595774092573#-62.5#2.386874105950058#9
0000 000F 2000 0000 0000 0000#1626595774094854#-67.0#5.240078371417351#9
0000 0012 2000 0000 0000 0000#1626595774095888#-62.5#1.1658253987930873#9
0000 001D 2000 0000 0000 0000#1626595774096978#-64.0#2.5770877236478773#9
0000 0014 2000 0000 0000 0000#1626595774098646#-65.5#4.123340357836604#9
0000 0013 2000 0000 0000 0000#1626595774103480#-63.5#0.30066023442558565#9
0000 0015 2000 0000 0000 0000#1626595774106140#-62.0#2.0800779483729293#9
0000 0014 2000 0000 0000 0000#1626595774107821#-66.0#4.3074180523828804#9
0000 001B 2000 0000 0000 0000#1626595774109086#-62.0#0.8283496254582462#9
0000 0012 2000 0000 0000 0000#1626595774110161#-62.0#1.184233168247715#9
0000 000F 2000 0000 0000 0000#1626595774111209#-68.0#5.240078371417351#9
0000 000F 2000 0000 0000 0000#1626595774377092#-64.5#5.117359908386499#9
0000 001A 2000 0000 0000 0000#1626595774380052#-60.5#2.380738182798515#9
0000 0018 2000 0000 0000 0000#1626595774381755#-64.0#4.540583132141498#9
0000 0010 2000 0000 0000 0000#1626595774384138#-61.5#4.0987966652304335#9
0000 0011 2000 0000 0000 0000#1626595774385605#-59.5#2.7979809571034093#9
0000 0012 2000 0000 0000 0000#1626595774386655#-60.0#2.5280003384355365#9
0000 0019 2000 0000 0000 0000#1626595774387966#-63.5#3.6386024288647407#9
0000 0016 2000 0000 0000 0000#1626595774391250#-61.5#5.50392306693368#9
0000 0017 2000 0000 0000 0000#1626595774392327#-62.5#4.896466674930966#9
0000 000F 2000 0000 0000 0000#1626595774396433#-64.5#5.135767677841127#9
0000 0017 2000 0000 0000 0000#1626595774397437#-62.5#4.853515212870168#9
0000 0019 2000 0000 0000 0000#1626595774398742#-63.0#3.9392626632903265#9
0000 0010 2000 0000 0000 0000#1626595774402115#-60.5#4.331961744989051#9
0000 0018 2000 0000 0000 0000#1626595774405726#-61.5#4.675573441475434#9
0000 0016 2000 0000 0000 0000#1626595774406819#-61.5#5.5100589900852235#9
0000 0011 2000 0000 0000 0000#1626595774412160#-61.5#3.2520392703175593#9
