0000 0019 2000 0000 0000 0000#1626595787359833#-44.5#4.037437433715008#9
0000 000F 2000 0000 0000 0000#1626595787361793#-47.0#3.2949907323783574#9
0000 001D 2000 0000 0000 0000#1626595787365836#-49.0#2.380738182798515#9
0000 0011 2000 0000 0000 0000#1626595787366890#-43.0#4.178563666200486#9
0000 0018 2000 0000 0000 0000#1626595787367982#-46.0#3.5465635815916023#9
0000 0012 2000 0000 0000 0000#1626595787369071#-48.5#5.325981295538946#9
0000 001C 2000 0000 0000 0000#1626595787370327#-50.0#1.4542137869155878#9
0000 0015 2000 0000 0000 0000#1626595787371362#-50.0#2.6691265709210157#9
0000 0010 2000 0000 0000 0000#1626595787372450#-44.5#3.749049045592507#9
0000 0013 2000 0000 0000 0000#1626595787374540#-52.5#0.607456392002714#9
0000 0017 2000 0000 0000 0000#1626595787375686#-45.0#2.6261751088602177#9
0000 001A 2000 0000 0000 0000#1626595787377327#-46.0#4.76147636559703#9
0000 0014 2000 0000 0000 0000#1626595787378783#-50.5#1.8039614065535141#9
0000 001B 2000 0000 0000 0000#1626595787380345#-50.5#6.264777537724958#9
0000 001B 2000 0000 0000 0000#1626595787385025#-50.5#6.277049384028044#9
0000 0014 2000 0000 0000 0000#1626595787386334#-50.5#1.8530487917658545#9
0000 0013 2000 0000 0000 0000#1626595787388501#-52.5#0.607456392002714#9
0000 0015 2000 0000 0000 0000#1626595787390107#-50.0#2.6568547246179306#9
0000 0010 2000 0000 0000 0000#1626595787391220#-43.0#3.730641276137879#9
0000 0011 2000 0000 0000 0000#1626595787392324#-44.5#4.190835512503572#9
0000 0019 2000 0000 0000 0000#1626595787393413#-44.5#4.031301510563465#9
0000 001D 2000 0000 0000 0000#1626595787395232#-49.5#2.3930100291016#9
0000 000F 2000 0000 0000 0000#1626595787396266#-47.5#3.2643111166206444#9
0000 0012 2000 0000 0000 0000#1626595787397435#-47.0#5.338253141842031#9
0000 001A 2000 0000 0000 0000#1626595787398805#-44.0#4.767612288748572#9
0000 0018 2000 0000 0000 0000#1626595787400050#-44.5#3.5588354278946874#9
0000 0017 2000 0000 0000 0000#1626595787401655#-46.5#2.6445828783148455#9
0000 001C 2000 0000 0000 0000#1626595787403438#-50.0#1.4910293258248433#9
0000 0010 2000 0000 0000 0000#1626595787667666#-42.0#4.546719055293041#9
0000 001C 2000 0000 0000 0000#1626595787668737#-50.0#2.2027964114037806#9
0000 000F 2000 0000 0000 0000#1626595787669787#-46.5#4.086524818927348#9
0000 0017 2000 0000 0000 0000#1626595787672700#-46.0#3.442252888015379#9
0000 001D 2000 0000 0000 0000#1626595787673789#-49.5#3.1906800388021335#9
0000 001A 2000 0000 0000 0000#1626595787675115#-45.5#5.5284667595398505#9
0000 0011 2000 0000 0000 0000#1626595787677439#-42.0#4.957825906446392#9
0000 0019 2000 0000 0000 0000#1626595787678546#-43.5#4.81056375080937#9
0000 0018 2000 0000 0000 0000#1626595787680305#-45.0#4.362641360746763#9
0000 0013 2000 0000 0000 0000#1626595787681330#-51.5#1.3744467859455345#9
0000 001B 2000 0000 0000 0000#1626595787683318#-50.0#0.7669903939428205#9
0000 0014 2000 0000 0000 0000#1626595787684583#-50.5#2.5832236467994196#9
0000 0015 2000 0000 0000 0000#1626595787685591#-50.5#3.5158839658338894#9
0000 0012 2000 0000 0000 0000#1626595787690660#-48.0#6.111379458936394#9
0000 0014 2000 0000 0000 0000#1626595787707616#-51.0#2.429825568010856#9
0000 0015 2000 0000 0000 0000#1626595787709393#-50.0#3.368621810196868#9
0000 0017 2000 0000 0000 0000#1626595787711267#-46.5#3.2827188860752723#9
0000 001C 2000 0000 0000 0000#1626595787712408#-49.0#2.055534255766759#9
0000 0019 2000 0000 0000 0000#1626595787713941#-44.0#4.651029748869264#9
0000 0010 2000 0000 0000 0000#1626595787714972#-43.5#4.368777283898306#9
0000 001A 2000 0000 0000 0000#1626595787716288#-45.0#5.3198453723874035#9
0000 000F 2000 0000 0000 0000#1626595787717353#-47.0#3.9147189706841563#9
0000 001D 2000 0000 0000 0000#1626595787718668#-49.5#3.043417883165112#9
0000 0011 2000 0000 0000 0000#1626595787719852#-43.0#4.779884135051658#9
0000 0012 2000 0000 0000 0000#1626595787720915#-48.0#5.896622148632405#9
0000 0018 2000 0000 0000 0000#1626595787722776#-45.0#4.215379205109742#9
0000 001B 2000 0000 0000 0000#1626595787723839#-50.0#0.5645049299419159#9
0000 0013 2000 0000 0000 0000#1626595787724904#-52.0#1.1596894756415448#9
0000 0011 2000 0000 0000 0000#1626595787991629#-44.0#4.411728745959104#9
0000 001C 2000 0000 0000 0000#1626595787992729#-50.0#1.6873788666742053#9
0000 0017 2000 0000 0000 0000#1626595787994720#-46.0#2.8532042654672924#9
0000 0018 2000 0000 0000 0000#1626595787995798#-46.0#3.761320891895592#9
0000 001A 2000 0000 0000 0000#1626595787996858#-45.0#4.988505522204105#9
0000 001B 2000 0000 0000 0000#1626595787997907#-50.0#0.22089323345553233#9
0000 000F 2000 0000 0000 0000#1626595787999740#-47.0#3.497476196379262#9
0000 0010 2000 0000 0000 0000#1626595788001854#-43.0#3.9638063558964967#9
0000 0019 2000 0000 0000 0000#1626595788003400#-44.0#4.227651051412827#9
0000 0012 2000 0000 0000 0000#1626595788004727#-47.5#5.553010452146021#9
0000 0013 2000 0000 0000 0000#1626595788007202#-52.5#0.8344855486097889#9
0000 001D 2000 0000 0000 0000#1626595788009375#-49.0#2.5893595699509624#9
0000 0015 2000 0000 0000 0000#1626595788010838#-50.5#2.8777479580734626#9
0000 0014 2000 0000 0000 0000#1626595788011889#-50.5#2.030990563160589#9
0000 0017 2000 0000 0000 0000#1626595788018814#-46.5#2.8409324191642074#9
0000 000F 2000 0000 0000 0000#1626595788019908#-47.0#3.479068426924634#9
0000 001C 2000 0000 0000 0000#1626595788020978#-50.0#1.718058482431918#9
0000 0019 2000 0000 0000 0000#1626595788023044#-44.0#4.227651051412827#9
0000 0013 2000 0000 0000 0000#1626595788024819#-52.5#0.8283496254582462#9
0000 0015 2000 0000 0000 0000#1626595788026385#-50.5#2.890019804376548#9
0000 0011 2000 0000 0000 0000#1626595788027768#-42.5#4.399456899656019#9
0000 0018 2000 0000 0000 0000#1626595788030137#-44.5#3.767456815047135#9
0000 001A 2000 0000 0000 0000#1626595788031424#-45.0#4.9823695990525625#9
0000 0010 2000 0000 0000 0000#1626595788033209#-44.5#3.9638063558964967#9
0000 001D 2000 0000 0000 0000#1626595788034370#-47.5#2.5954954931025047#9
0000 001B 2000 0000 0000 0000#1626595788036317#-50.0#0.21475731030398976#9
0000 0012 2000 0000 0000 0000#1626595788038915#-49.0#5.553010452146021#9
0000 0014 2000 0000 0000 0000#1626595788040366#-50.5#2.018718716857504#9
0000 000F 2000 0000 0000 0000#1626595788313660#-48.0#3.0925052683774528#9
0000 0015 2000 0000 0000 0000#1626595788315068#-50.0#2.509592568980909#9
0000 0012 2000 0000 0000 0000#1626595788316097#-48.5#5.1725832167503825#9
0000 0013 2000 0000 0000 0000#1626595788317182#-52.5#0.42337869745643697#9
0000 001A 2000 0000 0000 0000#1626595788319682#-46.0#4.608078286808466#9
0000 001C 2000 0000 0000 0000#1626595788321883#-50.0#1.3069516312785663#9
0000 0014 2000 0000 0000 0000#1626595788323206#-51.0#1.6812429435226628#9
0000 001D 2000 0000 0000 0000#1626595788324209#-49.5#2.2457478734645786#9
0000 0018 2000 0000 0000 0000#1626595788325395#-44.5#3.380893656499953#9
0000 001B 2000 0000 0000 0000#1626595788326503#-50.5#6.117515382087937#9
0000 0010 2000 0000 0000 0000#1626595788327607#-44.5#3.5711072741977725#9
0000 0019 2000 0000 0000 0000#1626595788328797#-44.5#3.8410878928656453#9
0000 0017 2000 0000 0000 0000#1626595788330086#-47.0#2.4911847995262812#9
0000 0011 2000 0000 0000 0000#1626595788331658#-45.0#4.006757817957295#9
0000 0018 2000 0000 0000 0000#1626595788337862#-45.0#3.3624858870453256#9
0000 001A 2000 0000 0000 0000#1626595788339862#-46.0#4.601942363656923#9
0000 0019 2000 0000 0000 0000#1626595788341551#-44.5#3.859495662320273#9
0000 0012 2000 0000 0000 0000#1626595788342627#-48.5#5.154175447295755#9
0000 001C 2000 0000 0000 0000#1626595788343698#-50.0#1.3192234775816514#9
0000 0017 2000 0000 0000 0000#1626595788344733#-46.5#2.4911847995262812#9
0000 001D 2000 0000 0000 0000#1626595788345781#-49.5#2.2150682577068657#9
0000 0014 2000 0000 0000 0000#1626595788347089#-51.0#1.6996507129772904#9
0000 000F 2000 0000 0000 0000#1626595788348392#-48.0#3.11091303783208#9
0000 0010 2000 0000 0000 0000#1626595788349923#-44.5#3.5711072741977725#9
0000 001B 2000 0000 0000 0000#1626595788350985#-50.0#6.086835766330224#9
0000 0011 2000 0000 0000 0000#1626595788352125#-43.5#4.0128937411088375#9
0000 0013 2000 0000 0000 0000#1626595788353434#-52.5#0.44178646691106466#9
0000 0015 2000 0000 0000 0000#1626595788355767#-50.5#2.478912953223196#9
0000 0018 2000 0000 0000 0000#1626595788620419#-45.5#3.5772431973493153#9
0000 0013 2000 0000 0000 0000#1626595788621743#-52.0#0.8897088569736719#9
0000 001C 2000 0000 0000 0000#1626595788623083#-49.5#1.6566992509164924#9
0000 0012 2000 0000 0000 0000#1626595788624840#-49.5#5.540738605842936#9
0000 0014 2000 0000 0000 0000#1626595788625877#-50.0#2.012582793705961#9
0000 0015 2000 0000 0000 0000#1626595788627668#-49.5#2.7979809571034093#9
0000 0011 2000 0000 0000 0000#1626595788628745#-44.5#4.295146206079795#9
0000 001A 2000 0000 0000 0000#1626595788629804#-46.0#4.970097752749477#9
0000 001D 2000 0000 0000 0000#1626595788631107#-48.5#2.521864415283994#9
0000 000F 2000 0000 0000 0000#1626595788634383#-45.5#3.2765829629237295#9
0000 0017 2000 0000 0000 0000#1626595788635729#-44.5#2.6568547246179306#9
0000 0019 2000 0000 0000 0000#1626595788639797#-44.0#4.1172044346850605#9
0000 0010 2000 0000 0000 0000#1626595788641105#-44.0#3.77972866135022#9
0000 001B 2000 0000 0000 0000#1626595788642367#-50.0#0.3129320807286708#9
0000 001A 2000 0000 0000 0000#1626595788648423#-46.0#5.006913291658733#9
0000 0017 2000 0000 0000 0000#1626595788652135#-43.0#2.662990647769473#9
0000 0014 2000 0000 0000 0000#1626595788653187#-49.5#2.0923497946760143#9
0000 0015 2000 0000 0000 0000#1626595788654254#-49.5#2.8532042654672924#9
0000 001B 2000 0000 0000 0000#1626595788655344#-50.0#0.4111068511533518#9
0000 0011 2000 0000 0000 0000#1626595788656444#-45.0#4.338097668140593#9
0000 0010 2000 0000 0000 0000#1626595788657522#-44.0#3.77972866135022#9
0000 001D 2000 0000 0000 0000#1626595788658555#-48.0#2.5893595699509624#9
0000 0019 2000 0000 0000 0000#1626595788660308#-44.5#4.154019973594316#9
0000 000F 2000 0000 0000 0000#1626595788661383#-45.0#3.2397674240144743#9
0000 0018 2000 0000 0000 0000#1626595788662999#-43.5#3.5465635815916023#9
0000 0012 2000 0000 0000 0000#1626595788664015#-49.5#5.737088146692298#9
0000 001C 2000 0000 0000 0000#1626595788667615#-48.5#1.8285050991596843#9
0000 0013 2000 0000 0000 0000#1626595788670107#-51.5#1.0737865515199487#9
0000 0013 2000 0000 0000 0000#1626595788933087#-46.0#2.8102528034064944#9
0000 0018 2000 0000 0000 0000#1626595788934435#-42.5#4.399456899656019#9
0000 0014 2000 0000 0000 0000#1626595788936339#-45.0#3.5158839658338894#9
0000 001A 2000 0000 0000 0000#1626595788937650#-46.0#1.1351457830353744#9
0000 0019 2000 0000 0000 0000#1626595788939211#-47.0#5.688000761479957#9
0000 0015 2000 0000 0000 0000#1626595788940530#-46.5#4.154019973594316#9
0000 0010 2000 0000 0000 0000#1626595788941591#-44.0#4.865787059173254#9
0000 000F 2000 0000 0000 0000#1626595788942683#-40.5#3.9147189706841563#9
0000 0017 2000 0000 0000 0000#1626595788943855#-34.0#3.2520392703175593#9
0000 0012 2000 0000 0000 0000#1626595788944939#-45.0#1.8223691760081417#9
0000 001B 2000 0000 0000 0000#1626595788946236#-45.0#2.423689644859313#9
0000 001C 2000 0000 0000 0000#1626595788947606#-44.0#3.313398501832985#9
0000 001D 2000 0000 0000 0000#1626595788948735#-45.0#3.9453985864418692#9
0000 0016 2000 0000 0000 0000#1626595788949774#-43.0#3.816544200259475#9
0000 0011 2000 0000 0000 0000#1626595788950816#-48.5#0.07976700097005335#9
0000 0019 2000 0000 0000 0000#1626595788957662#-47.0#5.773903685601553#9
0000 001D 2000 0000 0000 0000#1626595788958766#-45.0#3.9515345095934116#9
0000 0010 2000 0000 0000 0000#1626595788960404#-43.0#4.9394181369917645#9
0000 001B 2000 0000 0000 0000#1626595788962437#-44.5#2.4850488763747385#9
0000 0013 2000 0000 0000 0000#1626595788964221#-45.5#2.8961557275280905#9
0000 001C 2000 0000 0000 0000#1626595788966054#-43.5#3.3624858870453256#9
0000 0016 2000 0000 0000 0000#1626595788967136#-42.5#3.816544200259475#9
0000 0015 2000 0000 0000 0000#1626595788969168#-46.5#4.221515128261284#9
0000 000F 2000 0000 0000 0000#1626595788971214#-40.0#3.9638063558964967#9
0000 0017 2000 0000 0000 0000#1626595788972788#-35.0#3.2949907323783574#9
0000 0014 2000 0000 0000 0000#1626595788975766#-44.5#3.6079228131070282#9
0000 0018 2000 0000 0000 0000#1626595788976864#-41.5#4.491495746929157#9
0000 001A 2000 0000 0000 0000#1626595788978722#-44.0#1.3499030933393643#9
0000 0012 2000 0000 0000 0000#1626595788979869#-46.0#1.9757672547967058#9
0000 0011 2000 0000 0000 0000#1626595788981209#-46.5#0.28225246497095796#9
0000 0019 2000 0000 0000 0000#1626595789248125#-47.0#1.0983302441261191#9
0000 0018 2000 0000 0000 0000#1626595789249759#-45.5#5.240078371417351#9
0000 001B 2000 0000 0000 0000#1626595789250823#-41.5#2.8961557275280905#9
0000 0013 2000 0000 0000 0000#1626595789251932#-43.0#3.2888548092268146#9
0000 001C 2000 0000 0000 0000#1626595789252991#-41.5#3.6386024288647407#9
0000 001A 2000 0000 0000 0000#1626595789255291#-41.5#2.1475731030398975#9
0000 0011 2000 0000 0000 0000#1626595789256363#-45.5#1.576932249946439#9
0000 001D 2000 0000 0000 0000#1626595789257442#-42.5#4.1417481272912315#9
0000 0017 2000 0000 0000 0000#1626595789258463#-34.5#3.6570101983193686#9
0000 0014 2000 0000 0000 0000#1626595789259518#-43.0#3.8410878928656453#9
0000 0012 2000 0000 0000 0000#1626595789260575#-42.0#2.552544031041707#9
0000 0016 2000 0000 0000 0000#1626595789262113#-39.0#3.9699422790480394#9
0000 0010 2000 0000 0000 0000#1626595789264875#-47.5#6.2034183062095325#9
0000 0015 2000 0000 0000 0000#1626595789266298#-45.0#4.362641360746763#9
0000 000F 2000 0000 0000 0000#1626595789267334#-41.0#4.516039439535327#9
0000 0012 2000 0000 0000 0000#1626595789271302#-42.0#2.5770877236478773#9
0000 0013 2000 0000 0000 0000#1626595789272384#-42.5#3.3195344249845276#9
0000 0017 2000 0000 0000 0000#1626595789273448#-35.0#3.7122335066832517#9
0000 0010 2000 0000 0000 0000#1626595789276665#-46.0#6.264777537724958#9
0000 0016 2000 0000 0000 0000#1626595789278844#-38.5#4.01902966426038#9
0000 001D 2000 0000 0000 0000#1626595789280185#-42.5#4.172427743048944#9
0000 0011 2000 0000 0000 0000#1626595789281244#-45.0#1.662835174068035#9
0000 000F 2000 0000 0000 0000#1626595789282521#-41.5#4.601942363656923#9
0000 0018 2000 0000 0000 0000#1626595789283554#-46.0#5.442563835418255#9
0000 0015 2000 0000 0000 0000#1626595789285003#-45.0#4.399456899656019#9
0000 0019 2000 0000 0000 0000#1626595789286517#-46.5#1.3069516312785663#9
0000 0014 2000 0000 0000 0000#1626595789287820#-42.5#3.9208548938356986#9
0000 001A 2000 0000 0000 0000#1626595789289806#-41.5#2.2580197197676637#9
0000 001B 2000 0000 0000 0000#1626595789292181#-41.5#3.031146036862027#9
0000 001C 2000 0000 0000 0000#1626595789293238#-41.5#3.736777199289422#9
0000 000F 2000 0000 0000 0000#1626595789562168#-42.0#5.589825991055276#9
0000 0013 2000 0000 0000 0000#1626595789563495#-41.0#3.5772431973493153#9
0000 001C 2000 0000 0000 0000#1626595789564578#-40.5#3.902447124381071#9
0000 0014 2000 0000 0000 0000#1626595789565661#-41.5#4.06811704947272#9
0000 001A 2000 0000 0000 0000#1626595789567018#-37.0#2.5402721847386216#9
0000 0011 2000 0000 0000 0000#1626595789568352#-40.5#2.141437179888355#9
0000 0010 2000 0000 0000 0000#1626595789569340#-44.5#1.1290098598838318#9
0000 0016 2000 0000 0000 0000#1626595789571616#-39.0#4.669437518323892#9
0000 0017 2000 0000 0000 0000#1626595789572905#-36.0#4.657165672020807#9
0000 001D 2000 0000 0000 0000#1626595789573964#-42.0#4.295146206079795#9
0000 0012 2000 0000 0000 0000#1626595789575044#-40.0#2.9022916506796332#9
0000 001B 2000 0000 0000 0000#1626595789578054#-39.5#3.2888548092268146#9
0000 0018 2000 0000 0000 0000#1626595789579912#-45.0#0.36815538909255385#9
0000 0019 2000 0000 0000 0000#1626595789580960#-42.0#1.9941750242513334#9
0000 0015 2000 0000 0000 0000#1626595789584355#-44.5#4.491495746929157#9
0000 0011 2000 0000 0000 0000#1626595789591577#-41.0#2.1905245651006955#9
0000 0013 2000 0000 0000 0000#1626595789592646#-41.0#3.6324665057131984#9
0000 001D 2000 0000 0000 0000#1626595789593976#-41.5#4.325825821837508#9
0000 001B 2000 0000 0000 0000#1626595789595240#-39.0#3.3195344249845276#9
0000 001A 2000 0000 0000 0000#1626595789596805#-38.0#2.5954954931025047#9
0000 0017 2000 0000 0000 0000#1626595789598370#-36.0#4.779884135051658#9
0000 0016 2000 0000 0000 0000#1626595789599446#-39.0#4.743068596142402#9
0000 001C 2000 0000 0000 0000#1626595789600760#-40.0#3.9699422790480394#9
0000 0014 2000 0000 0000 0000#1626595789602718#-41.0#4.135612204139688#9
0000 0019 2000 0000 0000 0000#1626595789603781#-42.0#2.055534255766759#9
0000 0010 2000 0000 0000 0000#1626595789605422#-42.5#1.2701360923693108#9
0000 0015 2000 0000 0000 0000#1626595789606514#-44.5#4.534447208989955#9
0000 0018 2000 0000 0000 0000#1626595789607702#-44.5#0.5092816215780329#9
0000 000F 2000 0000 0000 0000#1626595789608768#-41.5#5.798447378207723#9
0000 0012 2000 0000 0000 0000#1626595789609800#-39.5#2.9943304979527716#9
0000 001B 2000 0000 0000 0000#1626595789874900#-37.5#4.031301510563465#9
0000 0016 2000 0000 0000 0000#1626595789875994#-38.5#6.031612457966341#9
0000 000F 2000 0000 0000 0000#1626595789877566#-39.0#0.8897088569736719#9
0000 001C 2000 0000 0000 0000#1626595789878902#-38.5#4.583534594202296#9
0000 0013 2000 0000 0000 0000#1626595789879956#-39.0#4.344233591292136#9
0000 0018 2000 0000 0000 0000#1626595789881002#-40.5#1.6566992509164924#9
0000 0014 2000 0000 0000 0000#1626595789883218#-40.0#4.71238898038469#9
0000 0019 2000 0000 0000 0000#1626595789884284#-39.0#2.7979809571034093#9
0000 001A 2000 0000 0000 0000#1626595789885559#-36.0#3.368621810196868#9
0000 001D 2000 0000 0000 0000#1626595789886589#-40.5#4.853515212870168#9
0000 0010 2000 0000 0000 0000#1626595789888535#-40.0#2.184388641949153#9
0000 0012 2000 0000 0000 0000#1626595789890906#-37.5#3.730641276137879#9
0000 0011 2000 0000 0000 0000#1626595789892081#-38.0#2.9575149590435164#9
0000 0015 2000 0000 0000 0000#1626595789893144#-43.5#4.988505522204105#9
0000 0017 2000 0000 0000 0000#1626595789894465#-34.5#0.0#9
0000 0015 2000 0000 0000 0000#1626595789901188#-43.0#4.97623367590102#9
0000 000F 2000 0000 0000 0000#1626595789903835#-38.5#0.9940195505498954#9
0000 0011 2000 0000 0000 0000#1626595789905730#-37.5#3.0066023442558567#9
0000 0016 2000 0000 0000 0000#1626595789906780#-39.0#6.160466844148735#9
0000 0017 2000 0000 0000 0000#1626595789907816#-34.0#0.04908738521234052#9
0000 0013 2000 0000 0000 0000#1626595789908900#-39.0#4.368777283898306#9
0000 001B 2000 0000 0000 0000#1626595789909980#-37.5#4.09266074207889#9
0000 0019 2000 0000 0000 0000#1626595789912014#-38.5#2.834796496012665#9
0000 0014 2000 0000 0000 0000#1626595789913894#-40.0#4.749204519293945#9
0000 001A 2000 0000 0000 0000#1626595789915226#-36.0#3.4177091954092087#9
0000 001D 2000 0000 0000 0000#1626595789916246#-40.5#4.884194828627882#9
0000 0010 2000 0000 0000 0000#1626595789917577#-39.5#2.2457478734645786#9
0000 0012 2000 0000 0000 0000#1626595789919367#-36.5#3.77972866135022#9
0000 001C 2000 0000 0000 0000#1626595789920425#-38.5#4.657165672020807#9
0000 0018 2000 0000 0000 0000#1626595789921501#-40.0#1.7548740213411735#9
0000 0017 2000 0000 0000 0000#1626595790185526#-30.0#1.662835174068035#9
0000 0012 2000 0000 0000 0000#1626595790188093#-34.5#4.859651136021712#9
0000 001B 2000 0000 0000 0000#1626595790189190#-35.5#5.141903600992669#9
0000 001A 2000 0000 0000 0000#1626595790190375#-33.0#4.522175362686871#9
0000 0011 2000 0000 0000 0000#1626595790191453#-35.5#4.135612204139688#9
0000 000F 2000 0000 0000 0000#1626595790192745#-34.5#2.405281875404685#9
0000 001C 2000 0000 0000 0000#1626595790193842#-37.5#5.546874528994478#9
0000 0019 2000 0000 0000 0000#1626595790194907#-36.5#3.9760782021995817#9
0000 0010 2000 0000 0000 0000#1626595790196033#-35.0#3.393165502803038#9
0000 0016 2000 0000 0000 0000#1626595790197116#-36.0#1.6812429435226628#9
0000 0018 2000 0000 0000 0000#1626595790198291#-35.0#2.9391071895888885#9
0000 0014 2000 0000 0000 0000#1626595790199340#-39.0#5.620505606812989#9
0000 001D 2000 0000 0000 0000#1626595790202502#-40.0#5.681864838328415#9
0000 0013 2000 0000 0000 0000#1626595790204689#-38.0#5.405748296509#9
0000 0015 2000 0000 0000 0000#1626595790206209#-43.0#5.730952223540755#9
0000 0019 2000 0000 0000 0000#1626595790212572#-36.5#3.9944859716542096#9
0000 0011 2000 0000 0000 0000#1626595790214201#-34.0#4.172427743048944#9
0000 0010 2000 0000 0000 0000#1626595790216947#-34.5#3.4177091954092087#9
0000 0017 2000 0000 0000 0000#1626595790218365#-29.5#1.7732817907958012#9
0000 000F 2000 0000 0000 0000#1626595790220582#-34.0#2.454369260617026#9
0000 001A 2000 0000 0000 0000#1626595790221929#-33.0#4.608078286808466#9
0000 0018 2000 0000 0000 0000#1626595790223005#-36.0#3.0066023442558567#9
0000 0016 2000 0000 0000 0000#1626595790224555#-35.0#1.7794177139473437#9
0000 0012 2000 0000 0000 0000#1626595790225870#-35.5#4.933282213840222#9
0000 0014 2000 0000 0000 0000#1626595790227422#-38.5#5.64504929941916#9
0000 001D 2000 0000 0000 0000#1626595790228469#-40.0#5.66959299202533#9
0000 001C 2000 0000 0000 0000#1626595790229888#-37.0#5.595961914206819#9
0000 0013 2000 0000 0000 0000#1626595790231241#-38.0#5.436427912266712#9
0000 001B 2000 0000 0000 0000#1626595790232774#-35.5#5.197126909356553#9
0000 0015 2000 0000 0000 0000#1626595790233839#-43.0#5.749359992995383#9
0000 0016 2000 0000 0000 0000#1626595790499804#-33.5#2.380738182798515#9
0000 0014 2000 0000 0000 0000#1626595790501383#-39.5#5.448699758569798#9
0000 000F 2000 0000 0000 0000#1626595790502447#-32.0#2.748893571891069#9
0000 0015 2000 0000 0000 0000#1626595790504055#-44.5#5.393476450205914#9
0000 0010 2000 0000 0000 0000#1626595790505143#-34.5#3.5281558121369745#9
0000 001A 2000 0000 0000 0000#1626595790507183#-35.0#4.638757902566179#9
0000 0017 2000 0000 0000 0000#1626595790508810#-26.0#2.2641556429192065#9
0000 001D 2000 0000 0000 0000#1626595790510130#-41.0#5.405748296509#9
0000 0019 2000 0000 0000 0000#1626595790511649#-35.5#4.0987966652304335#9
0000 0018 2000 0000 0000 0000#1626595790513046#-32.5#3.1968159619536762#9
0000 001B 2000 0000 0000 0000#1626595790514596#-35.5#5.148039524144211#9
0000 001C 2000 0000 0000 0000#1626595790515711#-38.0#5.436427912266712#9
0000 0013 2000 0000 0000 0000#1626595790517979#-38.0#5.368932757599744#9
0000 0011 2000 0000 0000 0000#1626595790520841#-33.5#4.25833066717054#9
0000 0012 2000 0000 0000 0000#1626595790523612#-35.5#4.970097752749477#9
0000 0016 2000 0000 0000 0000#1626595790528979#-33.0#2.454369260617026#9
0000 0019 2000 0000 0000 0000#1626595790530256#-35.5#4.129476280988146#9
0000 001D 2000 0000 0000 0000#1626595790531931#-41.5#5.381204603902829#9
0000 0015 2000 0000 0000 0000#1626595790533238#-44.5#5.381204603902829#9
0000 0011 2000 0000 0000 0000#1626595790534242#-34.5#4.289010282928253#9
0000 000F 2000 0000 0000 0000#1626595790535277#-31.5#2.8286605728611223#9
0000 0014 2000 0000 0000 0000#1626595790536318#-40.0#5.4671075280244255#9
0000 0017 2000 0000 0000 0000#1626595790537863#-28.0#2.3623304133438876#9
0000 001B 2000 0000 0000 0000#1626595790539931#-36.0#5.166447293598839#9
0000 0013 2000 0000 0000 0000#1626595790541912#-38.5#5.393476450205914#9
0000 0018 2000 0000 0000 0000#1626595790543001#-33.5#3.2643111166206444#9
0000 0010 2000 0000 0000 0000#1626595790544035#-34.0#3.5956509668039427#9
0000 001C 2000 0000 0000 0000#1626595790545378#-38.0#5.43029198911517#9
0000 001A 2000 0000 0000 0000#1626595790546680#-35.0#4.681709364626977#9
0000 0012 2000 0000 0000 0000#1626595790548996#-36.0#4.994641445355648#9
0000 0013 2000 0000 0000 0000#1626595790812053#-39.5#5.135767677841127#9
0000 0011 2000 0000 0000 0000#1626595790813193#-34.5#4.2092432819582#9
0000 0018 2000 0000 0000 0000#1626595790814639#-32.5#3.3072625786814425#9
0000 000F 2000 0000 0000 0000#1626595790816457#-31.0#3.0127382674073995#9
0000 0010 2000 0000 0000 0000#1626595790817598#-32.5#3.6017868899554855#9
0000 0017 2000 0000 0000 0000#1626595790819168#-25.0#2.60776733940559#9
0000 0014 2000 0000 0000 0000#1626595790820209#-41.5#5.080544369477243#9
0000 0019 2000 0000 0000 0000#1626595790821287#-36.0#4.1172044346850605#9
0000 001D 2000 0000 0000 0000#1626595790822879#-43.5#4.884194828627882#9
0000 0015 2000 0000 0000 0000#1626595790826626#-47.5#4.779884135051658#9
0000 0012 2000 0000 0000 0000#1626595790828010#-36.0#4.828971520263998#9
0000 0016 2000 0000 0000 0000#1626595790829078#-32.5#2.9145634969827183#9
0000 001B 2000 0000 0000 0000#1626595790830372#-37.5#4.9394181369917645#9
0000 001A 2000 0000 0000 0000#1626595790832354#-34.5#4.516039439535327#9
0000 001C 2000 0000 0000 0000#1626595790833998#-39.5#5.098952138931871#9
0000 001A 2000 0000 0000 0000#1626595790841148#-36.0#4.522175362686871#9
0000 0018 2000 0000 0000 0000#1626595790842908#-33.5#3.3624858870453256#9
0000 0010 2000 0000 0000 0000#1626595790844554#-34.0#3.6263305825616556#9
0000 0017 2000 0000 0000 0000#1626595790845627#-26.5#2.6568547246179306#9
0000 0016 2000 0000 0000 0000#1626595790846680#-32.5#2.9636508821950587#9
0000 0013 2000 0000 0000 0000#1626595790847747#-40.0#5.129631754689584#9
0000 0015 2000 0000 0000 0000#1626595790848826#-47.5#4.767612288748572#9
0000 0019 2000 0000 0000 0000#1626595790849931#-36.0#4.123340357836604#9
0000 000F 2000 0000 0000 0000#1626595790851211#-31.5#3.08636934522591#9
0000 001B 2000 0000 0000 0000#1626595790852515#-38.0#4.92714629068868#9
0000 001D 2000 0000 0000 0000#1626595790854079#-44.0#4.853515212870168#9
0000 0012 2000 0000 0000 0000#1626595790855623#-37.5#4.822835597112456#9
0000 0011 2000 0000 0000 0000#1626595790858401#-35.5#4.246058820867455#9
0000 0014 2000 0000 0000 0000#1626595790863127#-41.5#5.049864753719531#9
0000 001C 2000 0000 0000 0000#1626595790864183#-40.0#5.092816215780329#9
0000 0012 2000 0000 0000 0000#1626595791126762#-39.0#4.914874444385594#9
0000 001C 2000 0000 0000 0000#1626595791129417#-42.5#4.97623367590102#9
0000 0017 2000 0000 0000 0000#1626595791130451#-27.0#3.3870295796514958#9
0000 0019 2000 0000 0000 0000#1626595791131542#-36.5#4.460816131171445#9
0000 000F 2000 0000 0000 0000#1626595791132620#-31.0#3.7122335066832517#9
0000 001D 2000 0000 0000 0000#1626595791133708#-46.5#4.546719055293041#9
0000 0010 2000 0000 0000 0000#1626595791135049#-32.5#4.0987966652304335#9
0000 0016 2000 0000 0000 0000#1626595791136325#-32.5#3.816544200259475#9
0000 0014 2000 0000 0000 0000#1626595791137392#-44.0#4.896466674930966#9
0000 0018 2000 0000 0000 0000#1626595791138944#-33.5#3.9269908169872414#9
0000 0013 2000 0000 0000 0000#1626595791140624#-42.0#5.086680292628786#9
0000 001B 2000 0000 0000 0000#1626595791142217#-40.0#4.92714629068868#9
0000 0011 2000 0000 0000 0000#1626595791143343#-35.0#4.485359823777615#9
0000 001A 2000 0000 0000 0000#1626595791144504#-36.0#4.663301595172349#9
0000 0015 2000 0000 0000 0000#1626595791145569#-49.5#4.362641360746763#9
0000 0017 2000 0000 0000 0000#1626595791155236#-27.0#3.4054373491061236#9
0000 0016 2000 0000 0000 0000#1626595791156271#-32.5#3.8717675086233583#9
0000 0018 2000 0000 0000 0000#1626595791158645#-33.5#3.9392626632903265#9
0000 0010 2000 0000 0000 0000#1626595791159773#-32.5#4.111068511533518#9
0000 001D 2000 0000 0000 0000#1626595791160834#-46.5#4.485359823777615#9
0000 0015 2000 0000 0000 0000#1626595791161898#-49.5#4.325825821837508#9
0000 001A 2000 0000 0000 0000#1626595791162927#-38.0#4.632621979414636#9
0000 001C 2000 0000 0000 0000#1626595791172504#-42.5#5.620505606812989#9
0000 0012 2000 0000 0000 0000#1626595791173796#-39.0#5.583690067903734#9
0000 001B 2000 0000 0000 0000#1626595791176184#-40.0#5.602097837358362#9
0000 000F 2000 0000 0000 0000#1626595791177265#-30.5#4.546719055293041#9
0000 0014 2000 0000 0000 0000#1626595791178330#-44.5#5.5284667595398505#9
0000 0011 2000 0000 0000 0000#1626595791179603#-36.0#5.166447293598839#9
0000 0019 2000 0000 0000 0000#1626595791180881#-36.0#5.178719139901925#9
0000 0013 2000 0000 0000 0000#1626595791182092#-42.5#5.749359992995383#9
0000 0011 2000 0000 0000 0000#1626595791446654#-37.0#4.767612288748572#9
0000 001B 2000 0000 0000 0000#1626595791448004#-42.0#4.933282213840222#9
0000 0014 2000 0000 0000 0000#1626595791449069#-46.5#4.7860200582032#9
0000 0017 2000 0000 0000 0000#1626595791451100#-26.0#4.344233591292136#9
0000 0001 0000 0000 0000 0000#1626595791453638#-66.0#5.927301764390117#9
0000 0016 2000 0000 0000 0000#1626595791454912#-31.0#4.878058905476339#9
0000 001C 2000 0000 0000 0000#1626595791455972#-44.5#4.884194828627882#9
0000 001A 2000 0000 0000 0000#1626595791457273#-38.5#4.7860200582032#9
0000 0018 2000 0000 0000 0000#1626595791458748#-32.5#4.638757902566179#9
0000 001D 2000 0000 0000 0000#1626595791460307#-48.0#4.362641360746763#9
0000 0019 2000 0000 0000 0000#1626595791462116#-36.5#4.822835597112456#9
0000 0015 2000 0000 0000 0000#1626595791463211#-51.0#4.227651051412827#9
0000 0012 2000 0000 0000 0000#1626595791464388#-40.5#4.9394181369917645#9
0000 0010 2000 0000 0000 0000#1626595791465799#-32.0#4.681709364626977#9
3008 33B2 DDD9 0140 2018 0626#1626595791467203#-62.0#5.957981380147831#9
0000 000F 2000 0000 0000 0000#1626595791469731#-30.5#4.565126824747668#9
0000 0013 2000 0000 0000 0000#1626595791471548#-44.5#5.013049214810275#9
0000 0010 2000 0000 0000 0000#1626595791478245#-34.0#4.675573441475434#9
0000 0011 2000 0000 0000 0000#1626595791479645#-36.0#4.718524903536232#9
0000 0018 2000 0000 0000 0000#1626595791481521#-32.5#4.638757902566179#9
0000 001B 2000 0000 0000 0000#1626595791483089#-42.0#4.853515212870168#9
3008 33B2 DDD9 0140 2018 0626#1626595791484179#-63.0#5.872078456026235#9
0000 0012 2000 0000 0000 0000#1626595791485561#-39.5#4.896466674930966#9
0000 0017 2000 0000 0000 0000#1626595791487915#-26.0#4.381049130201391#9
0000 0016 2000 0000 0000 0000#1626595791489051#-31.0#4.92714629068868#9
0000 0019 2000 0000 0000 0000#1626595791490352#-36.5#4.792155981354743#9
0000 000F 2000 0000 0000 0000#1626595791491404#-30.0#4.571262747899211#9
0000 001D 2000 0000 0000 0000#1626595791492479#-48.0#4.313553975534423#9
0000 001A 2000 0000 0000 0000#1626595791494138#-39.0#4.693981210930062#9
0000 001C 2000 0000 0000 0000#1626595791496059#-45.0#4.767612288748572#9
0000 0013 2000 0000 0000 0000#1626595791497141#-44.5#4.963961829597935#9
0000 0014 2000 0000 0000 0000#1626595791498236#-47.0#4.681709364626977#9
0000 0015 2000 0000 0000 0000#1626595791499372#-51.5#4.172427743048944#9
0000 0017 2000 0000 0000 0000#1626595791764465#-24.5#4.111068511533518#9
0000 001B 2000 0000 0000 0000#1626595791766042#-44.0#3.816544200259475#9
0000 0010 2000 0000 0000 0000#1626595791767446#-32.0#4.04357335686655#9
0000 000F 2000 0000 0000 0000#1626595791776931#-29.5#4.387185053352934#9
0000 0015 2000 0000 0000 0000#1626595791778223#-55.5#3.2397674240144743#9
0000 001C 2000 0000 0000 0000#1626595791779307#-47.5#3.9269908169872414#9
0000 0018 2000 0000 0000 0000#1626595791780625#-31.5#4.3074180523828804#9
0000 001D 2000 0000 0000 0000#1626595791781912#-51.5#3.399301425954581#9
0000 0014 2000 0000 0000 0000#1626595791784486#-49.5#3.792000507653305#9
0000 0011 2000 0000 0000 0000#1626595791788972#-36.5#4.000621894805752#9
0000 0012 2000 0000 0000 0000#1626595791790046#-42.5#4.0128937411088375#9
0000 001A 2000 0000 0000 0000#1626595791791863#-40.0#3.8288160465625602#9
0000 0019 2000 0000 0000 0000#1626595791793454#-36.5#4.1601558967458585#9
0000 0016 2000 0000 0000 0000#1626595791795229#-30.5#4.994641445355648#9
0000 0013 2000 0000 0000 0000#1626595791796808#-46.5#4.025165587411922#9
0000 0018 2000 0000 0000 0000#1626595791802806#-32.0#4.276738436625168#9
0000 001D 2000 0000 0000 0000#1626595791804820#-51.5#3.3440781175906977#9
0000 0019 2000 0000 0000 0000#1626595791806936#-36.5#4.123340357836604#9
0000 000F 2000 0000 0000 0000#1626595791808890#-29.5#4.374913207049849#9
0000 0017 2000 0000 0000 0000#1626595791810236#-25.5#4.301282129231338#9
0000 0013 2000 0000 0000 0000#1626595791811359#-47.0#4.0128937411088375#9
0000 0016 2000 0000 0000 0000#1626595791812465#-30.5#5.00077736850719#9
0000 0015 2000 0000 0000 0000#1626595791813591#-55.5#3.1968159619536762#9
0000 001C 2000 0000 0000 0000#1626595791814676#-47.5#3.822680123411018#9
0000 0011 2000 0000 0000 0000#1626595791815991#-36.5#3.9515345095934116#9
0000 0010 2000 0000 0000 0000#1626595791817359#-31.5#4.184699589352029#9
0000 0012 2000 0000 0000 0000#1626595791819572#-42.5#3.9453985864418692#9
0000 001A 2000 0000 0000 0000#1626595791821537#-40.0#3.7551849687440497#9
0000 001B 2000 0000 0000 0000#1626595791823222#-44.5#3.877903431774901#9
0000 0014 2000 0000 0000 0000#1626595791824501#-49.5#3.6999616603801666#9
0000 0011 2000 0000 0000 0000#1626595792092391#-37.0#2.6813984172241008#9
0000 0018 2000 0000 0000 0000#1626595792093534#-31.5#3.3195344249845276#9
0000 0016 2000 0000 0000 0000#1626595792094830#-31.0#4.485359823777615#9
0000 0015 2000 0000 0000 0000#1626595792096124#-59.5#1.1351457830353744#9
0000 0017 2000 0000 0000 0000#1626595792097413#-26.5#3.56497135104623#9
0000 0014 2000 0000 0000 0000#1626595792099162#-53.0#2.116893487282185#9
0000 000F 2000 0000 0000 0000#1626595792101997#-30.5#3.54042765844006#9
0000 0019 2000 0000 0000 0000#1626595792103046#-38.0#2.8777479580734626#9
0000 001D 2000 0000 0000 0000#1626595792105491#-56.5#1.5462526341887264#9
0000 0012 2000 0000 0000 0000#1626595792107308#-44.0#2.5157284921324514#9
0000 001C 2000 0000 0000 0000#1626595792109518#-51.0#2.227340104009951#9
0000 0013 2000 0000 0000 0000#1626595792110584#-49.5#2.4850488763747385#9
0000 001B 2000 0000 0000 0000#1626595792112190#-46.5#2.435961491162398#9
0000 001A 2000 0000 0000 0000#1626595792113505#-41.5#2.36846633649543#9
0000 0010 2000 0000 0000 0000#1626595792116445#-33.5#3.0925052683774528#9
0000 001A 2000 0000 0000 0000#1626595792123110#-41.5#2.356194490192345#9
0000 001B 2000 0000 0000 0000#1626595792124205#-46.5#2.411417798556228#9
0000 0012 2000 0000 0000 0000#1626595792126022#-44.5#2.4605051837685683#9
0000 0017 2000 0000 0000 0000#1626595792129490#-26.5#3.5342917352885173#9
0000 0015 2000 0000 0000 0000#1626595792130570#-60.0#0.8283496254582462#9
0000 0018 2000 0000 0000 0000#1626595792131865#-33.0#3.2765829629237295#9
0000 0014 2000 0000 0000 0000#1626595792132932#-53.0#1.9696313316451632#9
0000 000F 2000 0000 0000 0000#1626595792134238#-30.5#3.485204350076177#9
0000 0013 2000 0000 0000 0000#1626595792135334#-50.0#2.3746022596469727#9
0000 001D 2000 0000 0000 0000#1626595792138014#-56.5#1.3437671701878218#9
0000 0016 2000 0000 0000 0000#1626595792139079#-31.0#4.460816131171445#9
0000 001C 2000 0000 0000 0000#1626595792140278#-51.5#2.110757564130642#9
0000 0011 2000 0000 0000 0000#1626595792141324#-38.5#2.5586799541932495#9
0000 0019 2000 0000 0000 0000#1626595792144882#-38.0#2.773437264497239#9
0000 0010 2000 0000 0000 0000#1626595792145972#-34.5#3.0372819600135696#9
0000 0016 2000 0000 0000 0000#1626595792411474#-32.0#5.184855063053467#9
0000 001A 2000 0000 0000 0000#1626595792413032#-42.0#2.509592568980909#9
0000 0011 2000 0000 0000 0000#1626595792414414#-37.5#2.8716120349219203#9
0000 001C 2000 0000 0000 0000#1626595792415473#-54.0#1.509437095279471#9
0000 000F 2000 0000 0000 0000#1626595792417246#-31.5#4.000621894805752#9
0000 0017 2000 0000 0000 0000#1626595792419065#-27.0#4.123340357836604#9
0000 0018 2000 0000 0000 0000#1626595792420732#-32.5#3.706097583531709#9
3008 33B2 DDD9 0140 2018 0626#1626595792422094#-63.5#0.01227184630308513#9
0000 0015 2000 0000 0000 0000#1626595792424142#-45.0#5.700272607783043#9
0000 0019 2000 0000 0000 0000#1626595792425445#-38.5#3.104777114680538#9
0000 0010 2000 0000 0000 0000#1626595792426844#-33.0#3.4177091954092087#9
0000 0013 2000 0000 0000 0000#1626595792429225#-52.0#2.067806102069844#9
0000 001D 2000 0000 0000 0000#1626595792430869#-47.0#5.822991070813893#9
0000 0014 2000 0000 0000 0000#1626595792431947#-53.5#1.2087768608538851#9
0000 001B 2000 0000 0000 0000#1626595792433014#-49.0#2.2089323345553233#9
0000 0012 2000 0000 0000 0000#1626595792434397#-44.0#2.5157284921324514#9
0000 0014 2000 0000 0000 0000#1626595792440005#-53.5#1.141281706186917#9
0000 0012 2000 0000 0000 0000#1626595792441081#-46.0#2.4850488763747385#9
0000 0011 2000 0000 0000 0000#1626595792442399#-39.0#2.8102528034064944#9
0000 0015 2000 0000 0000 0000#1626595792443463#-45.5#5.583690067903734#9
0000 001A 2000 0000 0000 0000#1626595792444660#-41.0#2.435961491162398#9
0000 0017 2000 0000 0000 0000#1626595792445710#-27.0#4.049709280018092#9
0000 0019 2000 0000 0000 0000#1626595792447001#-38.5#3.031146036862027#9
0000 0010 2000 0000 0000 0000#1626595792448125#-33.5#3.3624858870453256#9
0000 0016 2000 0000 0000 0000#1626595792449207#-32.0#5.135767677841127#9
0000 001D 2000 0000 0000 0000#1626595792450737#-46.0#5.663457068873787#9
3008 33B2 DDD9 0140 2018 0626#1626595792452070#-62.5#6.2463697682703305#9
0000 0018 2000 0000 0000 0000#1626595792453830#-34.0#3.6201946594101133#9
0000 000F 2000 0000 0000 0000#1626595792455361#-31.5#3.933126740138784#9
0000 0013 2000 0000 0000 0000#1626595792456913#-52.5#1.9266798695843652#9
0000 001C 2000 0000 0000 0000#1626595792460264#-53.5#1.1474176293384597#9
0000 001B 2000 0000 0000 0000#1626595792462616#-49.0#2.0923497946760143#9
0000 001A 2000 0000 0000 0000#1626595792729151#-46.0#1.282407938672396#9
0000 0018 2000 0000 0000 0000#1626595792730484#-35.0#2.718213956133356#9
0000 0017 2000 0000 0000 0000#1626595792731534#-29.5#3.184544115650591#9
0000 0011 2000 0000 0000 0000#1626595792732608#-41.0#1.8039614065535141#9
0000 000F 2000 0000 0000 0000#1626595792734384#-33.5#3.043417883165112#9
0000 0014 2000 0000 0000 0000#1626595792736224#-43.5#4.430136515413731#9
0000 0010 2000 0000 0000 0000#1626595792739475#-36.5#2.411417798556228#9
0000 0019 2000 0000 0000 0000#1626595792741022#-40.5#2.0800779483729293#9
0000 0016 2000 0000 0000 0000#1626595792742041#-34.0#4.424000592262189#9
0000 001C 2000 0000 0000 0000#1626595792743113#-42.5#4.485359823777615#9
0000 0012 2000 0000 0000 0000#1626595792744417#-49.0#1.0369710126106935#9
0000 001D 2000 0000 0000 0000#1626595792745476#-49.5#4.23378697456437#9
0000 0013 2000 0000 0000 0000#1626595792747854#-48.5#5.546874528994478#9
0000 001B 2000 0000 0000 0000#1626595792748948#-51.5#0.006135923151542565#9
0000 0015 2000 0000 0000 0000#1626595792751608#-58.5#3.933126740138784#9
0000 0016 2000 0000 0000 0000#1626595792757526#-34.0#4.399456899656019#9
0000 0013 2000 0000 0000 0000#1626595792758568#-48.0#5.381204603902829#9
0000 0010 2000 0000 0000 0000#1626595792760112#-37.5#2.3746022596469727#9
0000 001D 2000 0000 0000 0000#1626595792761941#-50.5#4.178563666200486#9
0000 001C 2000 0000 0000 0000#1626595792763269#-42.5#4.381049130201391#9
0000 0015 2000 0000 0000 0000#1626595792764305#-59.5#3.792000507653305#9
0000 0018 2000 0000 0000 0000#1626595792766079#-35.5#2.6261751088602177#9
0000 0014 2000 0000 0000 0000#1626595792768670#-43.5#4.295146206079795#9
0000 001B 2000 0000 0000 0000#1626595792771221#-50.5#6.025476534814799#9
0000 0017 2000 0000 0000 0000#1626595792773604#-29.5#3.0372819600135696#9
0000 000F 2000 0000 0000 0000#1626595792775765#-33.5#2.9022916506796332#9
0000 001A 2000 0000 0000 0000#1626595792777308#-46.5#1.0369710126106935#9
0000 0012 2000 0000 0000 0000#1626595792778598#-49.5#0.8283496254582462#9
0000 0019 2000 0000 0000 0000#1626595792780531#-41.0#1.9880391010997909#9
0000 0011 2000 0000 0000 0000#1626595792781572#-41.0#1.6505633277649499#9
0000 0019 2000 0000 0000 0000#1626595793050024#-47.0#0.7731263170943632#9
0000 0016 2000 0000 0000 0000#1626595793051461#-36.0#3.4913402732277192#9
0000 001A 2000 0000 0000 0000#1626595793053002#-45.0#4.749204519293945#9
0000 000F 2000 0000 0000 0000#1626595793054026#-36.0#2.086213871524472#9
0000 0011 2000 0000 0000 0000#1626595793056169#-45.0#0.04908738521234052#9
0000 0018 2000 0000 0000 0000#1626595793057541#-38.0#1.7241944055834606#9
0000 001B 2000 0000 0000 0000#1626595793058639#-42.5#3.6754179677739964#9
0000 0012 2000 0000 0000 0000#1626595793060040#-40.5#4.147884050442774#9
0000 0017 2000 0000 0000 0000#1626595793061089#-31.5#2.1598449493429825#9
0000 0015 2000 0000 0000 0000#1626595793062552#-65.5#1.4419419406125027#9
0000 0013 2000 0000 0000 0000#1626595793063605#-45.0#3.6263305825616556#9
0000 0010 2000 0000 0000 0000#1626595793065522#-40.0#1.3499030933393643#9
0000 001D 2000 0000 0000 0000#1626595793066942#-60.5#1.9266798695843652#9
0000 0014 2000 0000 0000 0000#1626595793068915#-58.0#3.074097498922825#9
0000 001C 2000 0000 0000 0000#1626595793069927#-55.0#3.552699504743145#9
0000 0015 2000 0000 0000 0000#1626595793077107#-65.5#1.0799224746714913#9
0000 001D 2000 0000 0000 0000#1626595793078241#-60.5#1.7794177139473437#9
0000 0016 2000 0000 0000 0000#1626595793079577#-36.0#3.429981041712294#9
0000 0018 2000 0000 0000 0000#1626595793080621#-40.0#1.6812429435226628#9
0000 0017 2000 0000 0000 0000#1626595793081672#-31.5#2.116893487282185#9
0000 0010 2000 0000 0000 0000#1626595793083055#-40.5#1.2885438618239387#9
0000 001C 2000 0000 0000 0000#1626595793084369#-55.5#3.472932503773092#9
0000 000F 2000 0000 0000 0000#1626595793086385#-36.5#2.0064468705544187#9
0000 0012 2000 0000 0000 0000#1626595793087645#-41.5#3.9822141253511245#9
0000 0011 2000 0000 0000 0000#1626595793089118#-46.5#6.068427996875596#9
0000 001A 2000 0000 0000 0000#1626595793090463#-43.0#4.362641360746763#9
0000 0013 2000 0000 0000 0000#1626595793091730#-46.0#3.5956509668039427#9
0000 0019 2000 0000 0000 0000#1626595793092806#-47.5#0.48473792897186263#9
0000 001B 2000 0000 0000 0000#1626595793093897#-43.0#3.6201946594101133#9
0000 0014 2000 0000 0000 0000#1626595793095324#-58.0#2.9329712664373457#9
0000 0011 2000 0000 0000 0000#1626595793365245#-41.0#3.2827188860752723#9
0000 001D 2000 0000 0000 0000#1626595793366293#-59.5#3.031146036862027#9
0000 0014 2000 0000 0000 0000#1626595793367388#-65.5#6.129787228391022#9
0000 0017 2000 0000 0000 0000#1626595793369065#-36.0#1.0921943209745766#9
0000 0018 2000 0000 0000 0000#1626595793370975#-46.0#0.11658253987930872#9
0000 001A 2000 0000 0000 0000#1626595793372050#-43.0#2.6998061866787286#9
0000 0010 2000 0000 0000 0000#1626595793373704#-45.5#5.258486140871978#9
0000 0012 2000 0000 0000 0000#1626595793375990#-47.5#2.6691265709210157#9
0000 000F 2000 0000 0000 0000#1626595793377052#-43.5#0.859029241215959#9
0000 001B 2000 0000 0000 0000#1626595793379084#-55.5#2.423689644859313#9
0000 0019 2000 0000 0000 0000#1626595793381115#-44.0#3.77972866135022#9
0000 0016 2000 0000 0000 0000#1626595793382308#-39.0#2.3623304133438876#9
0000 001C 2000 0000 0000 0000#1626595793383592#-62.5#1.1167380135807468#9
0000 0013 2000 0000 0000 0000#1626595793385369#-55.5#2.0371264863121317#9
0000 0015 2000 0000 0000 0000#1626595793386450#-57.5#2.5893595699509624#9
0000 0017 2000 0000 0000 0000#1626595793395234#-37.5#1.0615147052168636#9
0000 001A 2000 0000 0000 0000#1626595793396295#-43.5#2.6691265709210157#9
0000 0012 2000 0000 0000 0000#1626595793397583#-48.5#2.6323110320117604#9
0000 0014 2000 0000 0000 0000#1626595793398892#-65.5#5.497787143782138#9
0000 0011 2000 0000 0000 0000#1626595793400004#-40.0#3.153864499892878#9
0000 001C 2000 0000 0000 0000#1626595793401365#-63.5#0.8222137023067037#9
0000 000F 2000 0000 0000 0000#1626595793402642#-44.5#0.7853981633974483#9
0000 0013 2000 0000 0000 0000#1626595793403936#-56.0#1.902136176978195#9
0000 0015 2000 0000 0000 0000#1626595793405715#-58.0#2.5034566458293663#9
0000 0018 2000 0000 0000 0000#1626595793407327#-46.5#6.0991076126333095#9
0000 0019 2000 0000 0000 0000#1626595793410840#-42.5#3.6079228131070282#9
0000 001D 2000 0000 0000 0000#1626595793423701#-56.5#2.804116880254952#9
0000 0010 2000 0000 0000 0000#1626595793426396#-46.0#4.963961829597935#9
0000 001B 2000 0000 0000 0000#1626595793427789#-55.5#2.325514874434632#9
0000 0016 2000 0000 0000 0000#1626595793428955#-39.0#2.435961491162398#9
0000 0017 2000 0000 0000 0000#1626595793694382#-45.5#0.6872233929727672#9
0000 001A 2000 0000 0000 0000#1626595793695457#-52.5#2.804116880254952#9
0000 0010 2000 0000 0000 0000#1626595793698421#-41.5#4.473087977474529#9
0000 0019 2000 0000 0000 0000#1626595793699513#-45.5#4.025165587411922#9
0000 000F 2000 0000 0000 0000#1626595793700577#-47.5#5.945709533844745#9
0000 0018 2000 0000 0000 0000#1626595793701863#-44.5#4.994641445355648#9
0000 0011 2000 0000 0000 0000#1626595793704071#-48.5#3.6324665057131984#9
0000 0015 2000 0000 0000 0000#1626595793706042#-59.0#1.6444274046134073#9
0000 0016 2000 0000 0000 0000#1626595793707603#-44.5#2.724349879284899#9
0000 0014 2000 0000 0000 0000#1626595793708684#-57.0#3.7122335066832517#9
0000 001B 2000 0000 0000 0000#1626595793710078#-60.5#0.7792622402459057#9
0000 001D 2000 0000 0000 0000#1626595793711125#-57.5#2.405281875404685#9
0000 001C 2000 0000 0000 0000#1626595793712697#-59.5#4.166291819897402#9
0000 0012 2000 0000 0000 0000#1626595793714028#-53.0#2.1475731030398975#9
0000 0013 2000 0000 0000 0000#1626595793716116#-60.5#6.025476534814799#9
0000 0011 2000 0000 0000 0000#1626595793720954#-49.0#3.5956509668039427#9
0000 000F 2000 0000 0000 0000#1626595793723354#-47.0#5.8045833013592665#9
0000 001D 2000 0000 0000 0000#1626595793724948#-58.0#2.3623304133438876#9
0000 0019 2000 0000 0000 0000#1626595793726023#-47.0#3.988350048502667#9
0000 0015 2000 0000 0000 0000#1626595793727561#-60.0#1.5155730184310134#9
0000 0014 2000 0000 0000 0000#1626595793728614#-57.5#3.5711072741977725#9
0000 0010 2000 0000 0000 0000#1626595793729724#-42.0#4.405592822807561#9
0000 0016 2000 0000 0000 0000#1626595793730818#-45.0#2.6568547246179306#9
0000 001C 2000 0000 0000 0000#1626595793731893#-60.0#3.988350048502667#9
0000 0017 2000 0000 0000 0000#1626595793733195#-45.0#0.3374757733348411#9
0000 0018 2000 0000 0000 0000#1626595793734606#-43.5#4.908738521234052#9
0000 001A 2000 0000 0000 0000#1626595793735793#-52.5#2.6016314162540475#9
0000 001B 2000 0000 0000 0000#1626595793737359#-60.5#0.30066023442558565#9
0000 0013 2000 0000 0000 0000#1626595793738895#-59.0#5.7616318392984684#9
0000 0012 2000 0000 0000 0000#1626595793739941#-53.5#1.9941750242513334#9
0000 0018 2000 0000 0000 0000#1626595794006050#-49.0#4.06811704947272#9
0000 0010 2000 0000 0000 0000#1626595794007162#-49.0#3.56497135104623#9
0000 001C 2000 0000 0000 0000#1626595794009333#-60.5#2.662990647769473#9
0000 0013 2000 0000 0000 0000#1626595794010584#-57.5#3.4606606574700063#9
0000 0019 2000 0000 0000 0000#1626595794011875#-53.0#2.5832236467994196#9
0000 001A 2000 0000 0000 0000#1626595794012950#-58.0#5.767767762450011#9
0000 0016 2000 0000 0000 0000#1626595794014026#-51.0#0.7915340865489908#9
0000 000F 2000 0000 0000 0000#1626595794015373#-46.5#4.479223900626073#9
0000 0017 2000 0000 0000 0000#1626595794017529#-44.0#4.700117134081604#9
0000 001B 2000 0000 0000 0000#1626595794018566#-58.5#3.8717675086233583#9
0000 0011 2000 0000 0000 0000#1626595794019733#-52.5#1.4910293258248433#9
0000 0012 2000 0000 0000 0000#1626595794020915#-55.5#4.884194828627882#9
0000 0014 2000 0000 0000 0000#1626595794023070#-60.5#2.012582793705961#9
0000 0011 2000 0000 0000 0000#1626595794028857#-52.5#1.3560390164909069#9
0000 0010 2000 0000 0000 0000#1626595794042455#-50.5#2.945243112740431#9
0000 0018 2000 0000 0000 0000#1626595794044098#-50.0#3.5465635815916023#9
0000 0019 2000 0000 0000 0000#1626595794045159#-54.5#1.9757672547967058#9
0000 001B 2000 0000 0000 0000#1626595794046917#-59.0#3.3379421944391554#9
0000 0012 2000 0000 0000 0000#1626595794048246#-56.0#4.381049130201391#9
0000 0016 2000 0000 0000 0000#1626595794049553#-51.5#0.14726215563702155#9
0000 0014 2000 0000 0000 0000#1626595794050590#-63.0#1.4419419406125027#9
0000 000F 2000 0000 0000 0000#1626595794051669#-48.0#3.9760782021995817#9
0000 0017 2000 0000 0000 0000#1626595794052955#-44.0#4.196971435655114#9
0000 0013 2000 0000 0000 0000#1626595794055127#-58.0#2.8654761117703775#9
0000 001A 2000 0000 0000 0000#1626595794056817#-57.0#4.792155981354743#9
0000 001C 2000 0000 0000 0000#1626595794057948#-62.5#2.098485717827557#9
0000 0016 2000 0000 0000 0000#1626595794333297#-49.0#4.970097752749477#9
0000 0012 2000 0000 0000 0000#1626595794335181#-53.0#2.3193789512830896#9
0000 0010 2000 0000 0000 0000#1626595794336322#-54.0#0.6810874698212247#9
0000 001B 2000 0000 0000 0000#1626595794338940#-59.0#1.662835174068035#9
0000 001A 2000 0000 0000 0000#1626595794340040#-52.0#2.6998061866787286#9
0000 000F 2000 0000 0000 0000#1626595794341164#-51.0#2.8838838812250054#9
0000 0018 2000 0000 0000 0000#1626595794342451#-53.5#1.8837284075235674#9
0000 0019 2000 0000 0000 0000#1626595794344598#-57.0#4.9823695990525625#9
0000 0017 2000 0000 0000 0000#1626595794348125#-44.0#3.2704470397721868#9
0000 0011 2000 0000 0000 0000#1626595794350951#-52.0#3.834951969714103#9
0000 0013 2000 0000 0000 0000#1626595794352392#-62.0#0.859029241215959#9
0000 0011 2000 0000 0000 0000#1626595794356398#-53.5#3.785864584501762#9
0000 0012 2000 0000 0000 0000#1626595794357488#-54.0#2.184388641949153#9
0000 0010 2000 0000 0000 0000#1626595794359557#-55.5#0.42337869745643697#9
0000 000F 2000 0000 0000 0000#1626595794360619#-51.5#2.7857091108003242#9
0000 0017 2000 0000 0000 0000#1626595794362759#-44.5#3.1906800388021335#9
0000 0016 2000 0000 0000 0000#1626595794364308#-49.0#4.859651136021712#9
0000 0018 2000 0000 0000 0000#1626595794366321#-54.5#1.705786636128833#9
0000 001A 2000 0000 0000 0000#1626595794368724#-53.5#2.4605051837685683#9
0000 001B 2000 0000 0000 0000#1626595794369991#-60.0#1.4480778637640452#9
0000 0013 2000 0000 0000 0000#1626595794371271#-62.5#0.8099418560036186#9
0000 0019 2000 0000 0000 0000#1626595794373460#-57.0#4.706253057233147#9
