0000 0016 2000 0000 0000 0000#1626595824660595#-68.0#4.276738436625168#9
0000 0017 2000 0000 0000 0000#1626595824661884#-44.5#2.5832236467994196#9
0000 0019 2000 0000 0000 0000#1626595824662958#-44.5#4.0558452031696355#9
0000 0011 2000 0000 0000 0000#1626595824664021#-44.5#4.2031073588066565#9
0000 001A 2000 0000 0000 0000#1626595824665109#-45.5#4.822835597112456#9
0000 0018 2000 0000 0000 0000#1626595824666084#-45.5#3.5588354278946874#9
0000 001C 2000 0000 0000 0000#1626595824667097#-49.5#1.4848934026733007#9
0000 000F 2000 0000 0000 0000#1626595824668674#-46.5#3.2581751934691017#9
0000 001B 2000 0000 0000 0000#1626595824670279#-50.0#0.07363107781851078#9
0000 0012 2000 0000 0000 0000#1626595824674761#-49.0#5.387340527054372#9
0000 0013 2000 0000 0000 0000#1626595824676111#-51.5#0.6320000846088841#9
0000 0010 2000 0000 0000 0000#1626595824677401#-44.5#3.7122335066832517#9
0000 0015 2000 0000 0000 0000#1626595824678593#-50.5#2.705942109830271#9
0000 0014 2000 0000 0000 0000#1626595824683580#-50.0#1.8346410223112268#9
0000 0014 2000 0000 0000 0000#1626595824688500#-50.0#1.859184714917397#9
0000 001D 2000 0000 0000 0000#1626595824689786#-49.0#2.399145952253143#9
0000 001A 2000 0000 0000 0000#1626595824691032#-45.5#4.828971520263998#9
0000 0019 2000 0000 0000 0000#1626595824694200#-43.0#4.04357335686655#9
0000 0011 2000 0000 0000 0000#1626595824695272#-44.5#4.2092432819582#9
0000 0010 2000 0000 0000 0000#1626595824697242#-43.0#3.736777199289422#9
0000 001C 2000 0000 0000 0000#1626595824698799#-49.0#1.4480778637640452#9
0000 0017 2000 0000 0000 0000#1626595824700388#-44.5#2.60776733940559#9
0000 0012 2000 0000 0000 0000#1626595824701531#-47.0#5.405748296509#9
0000 0013 2000 0000 0000 0000#1626595824702741#-51.5#0.6258641614573416#9
0000 0018 2000 0000 0000 0000#1626595824704406#-44.0#3.5465635815916023#9
0000 001B 2000 0000 0000 0000#1626595824705585#-50.0#0.06135923151542565#9
0000 000F 2000 0000 0000 0000#1626595824707539#-46.5#3.2459033471660166#9
0000 0015 2000 0000 0000 0000#1626595824708589#-50.5#2.718213956133356#9
0000 0016 2000 0000 0000 0000#1626595824710014#-65.5#4.221515128261284#9
0000 0012 2000 0000 0000 0000#1626595824977307#-48.5#6.19728238305799#9
0000 001B 2000 0000 0000 0000#1626595824978627#-49.5#0.8713010875190442#9
0000 001A 2000 0000 0000 0000#1626595824979958#-45.0#5.6143696836614465#9
0000 0015 2000 0000 0000 0000#1626595824981007#-50.5#3.5281558121369745#9
0000 0017 2000 0000 0000 0000#1626595824982041#-43.5#3.4054373491061236#9
0000 0013 2000 0000 0000 0000#1626595824984287#-51.0#1.3867186322486196#9
0000 0019 2000 0000 0000 0000#1626595824986272#-43.5#4.804427827657828#9
0000 0011 2000 0000 0000 0000#1626595824987320#-44.0#4.97623367590102#9
0000 0010 2000 0000 0000 0000#1626595824988396#-43.5#4.509903516383785#9
0000 001C 2000 0000 0000 0000#1626595824989424#-49.0#2.2027964114037806#9
0000 0018 2000 0000 0000 0000#1626595824990758#-44.5#4.344233591292136#9
0000 001D 2000 0000 0000 0000#1626595825002403#-49.0#2.9759227284981438#9
0000 000F 2000 0000 0000 0000#1626595825005709#-46.0#3.865631585471816#9
0000 0014 2000 0000 0000 0000#1626595825006789#-50.0#2.454369260617026#9
0000 0016 2000 0000 0000 0000#1626595825008341#-65.5#4.871922982324796#9
0000 0014 2000 0000 0000 0000#1626595825014531#-50.0#2.448233337465483#9
0000 0011 2000 0000 0000 0000#1626595825016439#-44.5#4.792155981354743#9
0000 0016 2000 0000 0000 0000#1626595825017738#-65.5#4.884194828627882#9
0000 0019 2000 0000 0000 0000#1626595825020087#-44.5#4.620350133111551#9
0000 001B 2000 0000 0000 0000#1626595825021414#-49.5#0.7117670855789375#9
0000 0010 2000 0000 0000 0000#1626595825022556#-42.0#4.3074180523828804#9
0000 0017 2000 0000 0000 0000#1626595825023879#-44.0#3.2213596545598464#9
0000 0012 2000 0000 0000 0000#1626595825024994#-48.5#5.988660995905543#9
0000 0013 2000 0000 0000 0000#1626595825026049#-51.0#1.2333205534600555#9
0000 001C 2000 0000 0000 0000#1626595825027718#-49.0#2.055534255766759#9
0000 000F 2000 0000 0000 0000#1626595825029009#-46.0#3.8410878928656453#9
0000 0018 2000 0000 0000 0000#1626595825030539#-45.0#4.1172044346850605#9
0000 001D 2000 0000 0000 0000#1626595825033393#-49.0#2.988194574801229#9
0000 001A 2000 0000 0000 0000#1626595825034795#-45.5#5.399612373357457#9
0000 0015 2000 0000 0000 0000#1626595825036117#-50.5#3.3440781175906977#9
0000 0014 2000 0000 0000 0000#1626595825301511#-50.0#2.061670178918302#9
0000 001B 2000 0000 0000 0000#1626595825302805#-49.5#0.32520392703175593#9
0000 0018 2000 0000 0000 0000#1626595825303826#-45.5#3.736777199289422#9
0000 0017 2000 0000 0000 0000#1626595825304831#-44.0#2.779573187648782#9
0000 0019 2000 0000 0000 0000#1626595825306093#-44.0#4.23378697456437#9
0000 001D 2000 0000 0000 0000#1626595825307110#-48.5#2.6323110320117604#9
0000 0016 2000 0000 0000 0000#1626595825308134#-65.5#4.509903516383785#9
0000 0013 2000 0000 0000 0000#1626595825309171#-52.0#0.8835729338221293#9
0000 0010 2000 0000 0000 0000#1626595825311170#-44.5#3.9392626632903265#9
0000 0011 2000 0000 0000 0000#1626595825312609#-44.5#4.399456899656019#9
0000 001C 2000 0000 0000 0000#1626595825314308#-49.0#1.705786636128833#9
0000 001A 2000 0000 0000 0000#1626595825315631#-45.5#5.043728830567988#9
0000 000F 2000 0000 0000 0000#1626595825317025#-46.0#3.429981041712294#9
0000 0015 2000 0000 0000 0000#1626595825318116#-50.5#2.945243112740431#9
0000 0012 2000 0000 0000 0000#1626595825319277#-48.5#5.663457068873787#9
0000 001C 2000 0000 0000 0000#1626595825328697#-49.0#1.705786636128833#9
0000 001A 2000 0000 0000 0000#1626595825330014#-45.5#5.0253210611133605#9
0000 0018 2000 0000 0000 0000#1626595825332022#-45.5#3.736777199289422#9
0000 0013 2000 0000 0000 0000#1626595825333620#-52.0#0.8897088569736719#9
0000 0015 2000 0000 0000 0000#1626595825334701#-50.5#2.9268353432858034#9
0000 0017 2000 0000 0000 0000#1626595825336004#-44.5#2.7857091108003242#9
0000 001D 2000 0000 0000 0000#1626595825337080#-48.5#2.60776733940559#9
0000 0012 2000 0000 0000 0000#1626595825338098#-49.0#5.6941366846315#9
0000 0019 2000 0000 0000 0000#1626595825339173#-44.5#4.239922897715912#9
0000 0010 2000 0000 0000 0000#1626595825340539#-43.0#3.9453985864418692#9
0000 000F 2000 0000 0000 0000#1626595825341621#-46.0#3.429981041712294#9
0000 0011 2000 0000 0000 0000#1626595825343535#-44.5#4.399456899656019#9
0000 001B 2000 0000 0000 0000#1626595825345427#-49.5#0.3436116964863836#9
0000 0016 2000 0000 0000 0000#1626595825346449#-66.0#4.473087977474529#9
0000 0014 2000 0000 0000 0000#1626595825347529#-50.0#2.073942025221387#9
0000 001B 2000 0000 0000 0000#1626595825611088#-50.0#6.227961998815704#9
0000 001C 2000 0000 0000 0000#1626595825612414#-49.5#1.325359400733194#9
0000 0011 2000 0000 0000 0000#1626595825614273#-45.5#4.025165587411922#9
0000 000F 2000 0000 0000 0000#1626595825615521#-47.0#3.0372819600135696#9
0000 0016 2000 0000 0000 0000#1626595825616630#-66.0#4.221515128261284#9
0000 0013 2000 0000 0000 0000#1626595825617667#-52.0#0.5092816215780329#9
0000 0010 2000 0000 0000 0000#1626595825618699#-44.5#3.5158839658338894#9
0000 0018 2000 0000 0000 0000#1626595825619774#-46.0#3.3379421944391554#9
0000 0019 2000 0000 0000 0000#1626595825620807#-45.0#3.859495662320273#9
0000 001A 2000 0000 0000 0000#1626595825621906#-45.0#4.663301595172349#9
0000 0017 2000 0000 0000 0000#1626595825623667#-45.0#2.429825568010856#9
0000 0015 2000 0000 0000 0000#1626595825626311#-50.5#2.5402721847386216#9
0000 0012 2000 0000 0000 0000#1626595825627555#-47.5#5.2768939103266055#9
0000 0014 2000 0000 0000 0000#1626595825628564#-50.0#1.6935147898257479#9
0000 001D 2000 0000 0000 0000#1626595825629912#-48.5#2.2027964114037806#9
0000 0018 2000 0000 0000 0000#1626595825640478#-44.5#3.356349963893783#9
0000 001D 2000 0000 0000 0000#1626595825641766#-48.5#2.2150682577068657#9
0000 0013 2000 0000 0000 0000#1626595825642847#-51.5#0.521553467881118#9
0000 0014 2000 0000 0000 0000#1626595825644900#-50.0#1.705786636128833#9
0000 001C 2000 0000 0000 0000#1626595825646199#-49.5#1.3192234775816514#9
0000 0015 2000 0000 0000 0000#1626595825647206#-50.5#2.5280003384355365#9
0000 000F 2000 0000 0000 0000#1626595825648498#-47.0#3.0250101137104846#9
0000 001A 2000 0000 0000 0000#1626595825649585#-46.5#4.651029748869264#9
0000 0019 2000 0000 0000 0000#1626595825650930#-45.0#3.8840393549264434#9
0000 001B 2000 0000 0000 0000#1626595825652948#-50.5#6.227961998815704#9
0000 0012 2000 0000 0000 0000#1626595825654009#-49.0#5.252350217720435#9
0000 0010 2000 0000 0000 0000#1626595825655877#-42.5#3.5158839658338894#9
0000 0017 2000 0000 0000 0000#1626595825658107#-43.5#2.405281875404685#9
0000 0011 2000 0000 0000 0000#1626595825660246#-45.5#4.01902966426038#9
0000 0016 2000 0000 0000 0000#1626595825662428#-65.5#4.264466590322082#9
0000 0015 2000 0000 0000 0000#1626595825926550#-49.5#3.08636934522591#9
0000 000F 2000 0000 0000 0000#1626595825927630#-43.5#3.172272269347506#9
0000 0010 2000 0000 0000 0000#1626595825928932#-44.0#3.8288160465625602#9
0000 0014 2000 0000 0000 0000#1626595825930274#-48.0#2.3746022596469727#9
0000 0013 2000 0000 0000 0000#1626595825931838#-49.5#1.4787574795217582#9
0000 0012 2000 0000 0000 0000#1626595825933429#-50.0#0.04295146206079795#9
0000 0011 2000 0000 0000 0000#1626595825934987#-46.5#4.651029748869264#9
0000 001B 2000 0000 0000 0000#1626595825936250#-48.5#0.9940195505498954#9
0000 001A 2000 0000 0000 0000#1626595825938265#-47.0#5.6143696836614465#9
0000 0018 2000 0000 0000 0000#1626595825939355#-44.0#3.5342917352885173#9
0000 0016 2000 0000 0000 0000#1626595825940691#-51.5#3.479068426924634#9
0000 0019 2000 0000 0000 0000#1626595825943293#-45.5#4.368777283898306#9
0000 0017 2000 0000 0000 0000#1626595825944367#-38.5#2.509592568980909#9
0000 001C 2000 0000 0000 0000#1626595825946022#-46.5#2.1537090261914402#9
0000 001D 2000 0000 0000 0000#1626595825948155#-46.5#2.890019804376548#9
0000 0019 2000 0000 0000 0000#1626595825954376#-45.5#4.460816131171445#9
0000 000F 2000 0000 0000 0000#1626595825957478#-43.0#3.147728576741336#9
0000 0014 2000 0000 0000 0000#1626595825958874#-47.0#2.478912953223196#9
0000 0018 2000 0000 0000 0000#1626595825959908#-43.5#3.5342917352885173#9
0000 0017 2000 0000 0000 0000#1626595825961225#-38.5#2.478912953223196#9
0000 0011 2000 0000 0000 0000#1626595825962622#-47.0#4.81056375080937#9
0000 0010 2000 0000 0000 0000#1626595825963638#-44.5#3.8717675086233583#9
0000 001B 2000 0000 0000 0000#1626595825965757#-47.5#1.1474176293384597#9
0000 0016 2000 0000 0000 0000#1626595825966934#-50.0#3.3747577333484107#9
0000 001C 2000 0000 0000 0000#1626595825970248#-46.0#2.227340104009951#9
0000 0015 2000 0000 0000 0000#1626595825971299#-48.5#3.2336315008629315#9
0000 0013 2000 0000 0000 0000#1626595825972353#-48.5#1.6566992509164924#9
0000 0012 2000 0000 0000 0000#1626595825973670#-49.0#0.39269908169872414#9
0000 001D 2000 0000 0000 0000#1626595825977553#-46.0#2.9145634969827183#9
0000 001A 2000 0000 0000 0000#1626595825978627#-47.0#5.8659425328746915#9
0000 001A 2000 0000 0000 0000#1626595826241630#-44.0#1.7548740213411735#9
0000 0014 2000 0000 0000 0000#1626595826242709#-44.5#3.859495662320273#9
0000 0017 2000 0000 0000 0000#1626595826243745#-34.0#3.497476196379262#9
0000 0013 2000 0000 0000 0000#1626595826245511#-44.5#3.1661363461959633#9
0000 0012 2000 0000 0000 0000#1626595826246828#-45.0#2.3009711818284617#9
0000 0018 2000 0000 0000 0000#1626595826247903#-44.0#4.890330751779424#9
0000 0016 2000 0000 0000 0000#1626595826251677#-40.5#4.000621894805752#9
0000 0011 2000 0000 0000 0000#1626595826254014#-47.5#0.9633399347921826#9
0000 0019 2000 0000 0000 0000#1626595826255557#-48.0#0.39269908169872414#9
0000 001B 2000 0000 0000 0000#1626595826257267#-43.0#2.791845033951867#9
0000 0010 2000 0000 0000 0000#1626595826258340#-46.0#5.5284667595398505#9
0000 0015 2000 0000 0000 0000#1626595826259405#-46.0#4.509903516383785#9
0000 001C 2000 0000 0000 0000#1626595826261914#-42.5#3.650874275167826#9
0000 000F 2000 0000 0000 0000#1626595826263021#-40.5#4.338097668140593#9
0000 001D 2000 0000 0000 0000#1626595826264351#-41.5#4.252194744018997#9
0000 001A 2000 0000 0000 0000#1626595826272413#-43.5#1.8960002538266525#9
0000 0016 2000 0000 0000 0000#1626595826273833#-40.5#4.031301510563465#9
0000 001B 2000 0000 0000 0000#1626595826275169#-43.0#2.834796496012665#9
0000 001C 2000 0000 0000 0000#1626595826276951#-42.5#3.6999616603801666#9
0000 0017 2000 0000 0000 0000#1626595826278000#-34.0#3.5895150436524004#9
0000 0010 2000 0000 0000 0000#1626595826279043#-46.0#5.638913376267617#9
0000 0014 2000 0000 0000 0000#1626595826280123#-44.0#3.9576704327449543#9
0000 0012 2000 0000 0000 0000#1626595826281773#-43.0#2.423689644859313#9
0000 0013 2000 0000 0000 0000#1626595826282837#-44.0#3.2949907323783574#9
0000 001D 2000 0000 0000 0000#1626595826284228#-43.0#4.301282129231338#9
0000 0019 2000 0000 0000 0000#1626595826285762#-47.5#0.5951845456996288#9
0000 000F 2000 0000 0000 0000#1626595826286884#-40.5#4.411728745959104#9
0000 0018 2000 0000 0000 0000#1626595826287961#-44.5#5.056000676871073#9
0000 0015 2000 0000 0000 0000#1626595826289011#-46.0#4.552854978444583#9
0000 0011 2000 0000 0000 0000#1626595826290926#-46.5#1.1719613219446299#9
0000 001D 2000 0000 0000 0000#1626595826568769#-42.0#4.442408361716817#9
0000 0012 2000 0000 0000 0000#1626595826570312#-39.5#2.9022916506796332#9
0000 001C 2000 0000 0000 0000#1626595826571596#-40.5#4.01902966426038#9
0000 0014 2000 0000 0000 0000#1626595826572651#-41.5#4.196971435655114#9
0000 0017 2000 0000 0000 0000#1626595826573712#-35.0#4.338097668140593#9
0000 0010 2000 0000 0000 0000#1626595826576056#-45.5#0.7301748550335652#9
0000 001B 2000 0000 0000 0000#1626595826577105#-40.5#3.313398501832985#9
0000 0018 2000 0000 0000 0000#1626595826578871#-46.0#6.191146459906448#9
0000 0015 2000 0000 0000 0000#1626595826580050#-45.5#4.681709364626977#9
0000 000F 2000 0000 0000 0000#1626595826581984#-42.0#5.307573526084319#9
0000 0013 2000 0000 0000 0000#1626595826583108#-41.5#3.663146121470911#9
0000 0016 2000 0000 0000 0000#1626595826584185#-39.0#4.558990901596125#9
0000 0019 2000 0000 0000 0000#1626595826585618#-44.5#1.7916895602504288#9
0000 001A 2000 0000 0000 0000#1626595826589049#-40.0#2.5770877236478773#9
0000 0011 2000 0000 0000 0000#1626595826590099#-42.5#2.086213871524472#9
0000 0016 2000 0000 0000 0000#1626595826593756#-39.5#4.595806440505381#9
0000 0014 2000 0000 0000 0000#1626595826594795#-41.5#4.246058820867455#9
0000 001A 2000 0000 0000 0000#1626595826597414#-40.0#2.6139032625571326#9
0000 0015 2000 0000 0000 0000#1626595826598492#-45.5#4.706253057233147#9
0000 000F 2000 0000 0000 0000#1626595826599570#-42.0#5.399612373357457#9
0000 0013 2000 0000 0000 0000#1626595826600624#-41.5#3.7122335066832517#9
0000 0017 2000 0000 0000 0000#1626595826601687#-35.0#4.448544284868359#9
0000 0012 2000 0000 0000 0000#1626595826602749#-41.0#2.9943304979527716#9
0000 0011 2000 0000 0000 0000#1626595826603894#-41.5#2.12916533358527#9
0000 001D 2000 0000 0000 0000#1626595826604984#-41.5#4.516039439535327#9
0000 0019 2000 0000 0000 0000#1626595826606612#-43.0#1.8775924843720249#9
0000 001B 2000 0000 0000 0000#1626595826607948#-40.0#3.393165502803038#9
0000 0010 2000 0000 0000 0000#1626595826609106#-44.5#0.8651651643675016#9
0000 001C 2000 0000 0000 0000#1626595826610416#-40.5#4.09266074207889#9
0000 0018 2000 0000 0000 0000#1626595826612105#-46.0#0.06135923151542565#9
0000 000F 2000 0000 0000 0000#1626595826876868#-42.0#0.06135923151542565#9
0000 001A 2000 0000 0000 0000#1626595826877916#-37.5#2.816388726558037#9
0000 0012 2000 0000 0000 0000#1626595826878950#-39.5#3.215223731408304#9
0000 0017 2000 0000 0000 0000#1626595826880038#-35.0#5.301437602932776#9
0000 0018 2000 0000 0000 0000#1626595826881101#-43.0#0.9203884727313847#9
0000 0016 2000 0000 0000 0000#1626595826882139#-39.5#5.270757987175063#9
0000 0019 2000 0000 0000 0000#1626595826886063#-41.0#2.3071071049800045#9
0000 0011 2000 0000 0000 0000#1626595826887615#-39.5#2.442097414313941#9
0000 001B 2000 0000 0000 0000#1626595826888934#-38.5#3.56497135104623#9
0000 0014 2000 0000 0000 0000#1626595826889988#-40.5#4.3074180523828804#9
0000 0013 2000 0000 0000 0000#1626595826891028#-40.5#3.8840393549264434#9
0000 001D 2000 0000 0000 0000#1626595826892317#-41.5#4.473087977474529#9
0000 0015 2000 0000 0000 0000#1626595826893866#-45.0#4.657165672020807#9
0000 001C 2000 0000 0000 0000#1626595826896049#-39.0#4.166291819897402#9
0000 0010 2000 0000 0000 0000#1626595826897492#-42.5#1.607611865704152#9
0000 0016 2000 0000 0000 0000#1626595826906829#-39.5#5.368932757599744#9
0000 0012 2000 0000 0000 0000#1626595826909775#-37.5#3.2765829629237295#9
0000 0017 2000 0000 0000 0000#1626595826911817#-35.0#5.45483568172134#9
0000 001D 2000 0000 0000 0000#1626595826913349#-41.5#4.485359823777615#9
0000 001A 2000 0000 0000 0000#1626595826914748#-36.0#2.890019804376548#9
0000 0018 2000 0000 0000 0000#1626595826916290#-42.5#1.0369710126106935#9
0000 0019 2000 0000 0000 0000#1626595826917583#-41.0#2.36846633649543#9
0000 000F 2000 0000 0000 0000#1626595826919180#-41.0#0.22089323345553233#9
0000 001B 2000 0000 0000 0000#1626595826920516#-38.5#3.6324665057131984#9
0000 0014 2000 0000 0000 0000#1626595826921715#-40.0#4.362641360746763#9
0000 0011 2000 0000 0000 0000#1626595826923031#-39.0#2.509592568980909#9
0000 0010 2000 0000 0000 0000#1626595826924061#-42.0#1.6935147898257479#9
0000 0015 2000 0000 0000 0000#1626595826925115#-44.5#4.675573441475434#9
0000 0013 2000 0000 0000 0000#1626595826926154#-40.0#3.933126740138784#9
0000 001C 2000 0000 0000 0000#1626595826927454#-38.5#4.2092432819582#9
0000 0010 2000 0000 0000 0000#1626595827192139#-37.0#2.429825568010856#9
0000 0011 2000 0000 0000 0000#1626595827193689#-37.5#3.227495577711389#9
0000 0013 2000 0000 0000 0000#1626595827194755#-38.5#4.565126824747668#9
0000 001A 2000 0000 0000 0000#1626595827196186#-34.5#3.6263305825616556#9
0000 001C 2000 0000 0000 0000#1626595827197738#-38.0#4.779884135051658#9
0000 0017 2000 0000 0000 0000#1626595827198815#-32.0#0.521553467881118#9
0000 000F 2000 0000 0000 0000#1626595827201207#-37.0#1.368310862793992#9
0000 001D 2000 0000 0000 0000#1626595827203977#-40.5#4.957825906446392#9
0000 0014 2000 0000 0000 0000#1626595827205045#-39.0#4.878058905476339#9
0000 001B 2000 0000 0000 0000#1626595827207063#-36.5#4.325825821837508#9
0000 0016 2000 0000 0000 0000#1626595827208311#-38.0#0.5276893910326605#9
0000 0012 2000 0000 0000 0000#1626595827209317#-37.0#4.025165587411922#9
0000 0015 2000 0000 0000 0000#1626595827211481#-43.5#5.080544369477243#9
0000 0018 2000 0000 0000 0000#1626595827214013#-37.0#2.012582793705961#9
0000 0019 2000 0000 0000 0000#1626595827215904#-38.5#3.104777114680538#9
0000 001B 2000 0000 0000 0000#1626595827221900#-36.5#4.3503695144436785#9
0000 0019 2000 0000 0000 0000#1626595827223507#-38.5#3.141592653589793#9
0000 001A 2000 0000 0000 0000#1626595827225309#-35.5#3.6815538909255388#9
0000 0016 2000 0000 0000 0000#1626595827226629#-37.5#0.5890486225480862#9
0000 0013 2000 0000 0000 0000#1626595827227712#-38.5#4.620350133111551#9
0000 001C 2000 0000 0000 0000#1626595827228800#-37.5#4.816699673960914#9
0000 0012 2000 0000 0000 0000#1626595827229876#-36.5#4.06811704947272#9
0000 0011 2000 0000 0000 0000#1626595827230936#-36.5#3.2949907323783574#9
0000 0017 2000 0000 0000 0000#1626595827232000#-31.5#0.6320000846088841#9
0000 001D 2000 0000 0000 0000#1626595827233698#-40.0#5.00077736850719#9
0000 000F 2000 0000 0000 0000#1626595827234961#-37.0#1.509437095279471#9
0000 0015 2000 0000 0000 0000#1626595827236295#-43.5#5.092816215780329#9
0000 0014 2000 0000 0000 0000#1626595827238842#-39.0#4.908738521234052#9
0000 0018 2000 0000 0000 0000#1626595827239893#-38.0#2.0800779483729293#9
0000 0010 2000 0000 0000 0000#1626595827241061#-36.0#2.521864415283994#9
0000 0010 2000 0000 0000 0000#1626595827508325#-35.0#3.6754179677739964#9
0000 001C 2000 0000 0000 0000#1626595827509963#-37.5#5.6573211457222445#9
0000 001B 2000 0000 0000 0000#1626595827511522#-36.0#5.313709449235861#9
0000 0017 2000 0000 0000 0000#1626595827513769#-28.0#2.172116795646068#9
0000 000F 2000 0000 0000 0000#1626595827516955#-33.0#2.82252464970958#9
0000 001A 2000 0000 0000 0000#1626595827518147#-34.5#4.804427827657828#9
0000 0014 2000 0000 0000 0000#1626595827520986#-39.0#5.712544454086128#9
0000 0016 2000 0000 0000 0000#1626595827522709#-35.0#2.3009711818284617#9
0000 0018 2000 0000 0000 0000#1626595827523864#-34.0#3.3318062712876126#9
0000 0015 2000 0000 0000 0000#1626595827525086#-44.0#5.737088146692298#9
0000 001D 2000 0000 0000 0000#1626595827526485#-39.0#5.712544454086128#9
0000 0011 2000 0000 0000 0000#1626595827527614#-34.0#4.4362724385652745#9
0000 0012 2000 0000 0000 0000#1626595827528650#-35.5#5.117359908386499#9
0000 0013 2000 0000 0000 0000#1626595827529730#-37.5#5.583690067903734#9
0000 0019 2000 0000 0000 0000#1626595827530766#-35.5#4.276738436625168#9
0000 001B 2000 0000 0000 0000#1626595827537349#-36.0#5.368932757599744#9
0000 0011 2000 0000 0000 0000#1626595827538959#-34.5#4.4362724385652745#9
0000 0019 2000 0000 0000 0000#1626595827539994#-35.5#4.295146206079795#9
0000 0015 2000 0000 0000 0000#1626595827541559#-44.0#5.773903685601553#9
0000 0014 2000 0000 0000 0000#1626595827544442#-39.0#5.730952223540755#9
0000 0017 2000 0000 0000 0000#1626595827545476#-28.0#2.2948352586769194#9
0000 0012 2000 0000 0000 0000#1626595827547260#-35.5#5.154175447295755#9
0000 001C 2000 0000 0000 0000#1626595827548847#-37.0#5.706408530934585#9
0000 001D 2000 0000 0000 0000#1626595827549909#-40.5#5.700272607783043#9
0000 0018 2000 0000 0000 0000#1626595827551027#-35.0#3.3870295796514958#9
0000 000F 2000 0000 0000 0000#1626595827552102#-32.5#2.9268353432858034#9
0000 0016 2000 0000 0000 0000#1626595827554567#-34.5#2.405281875404685#9
0000 001A 2000 0000 0000 0000#1626595827555930#-34.5#4.853515212870168#9
0000 0013 2000 0000 0000 0000#1626595827557027#-38.0#5.589825991055276#9
0000 0010 2000 0000 0000 0000#1626595827558370#-35.0#3.749049045592507#9
0000 0018 2000 0000 0000 0000#1626595827822707#-33.5#3.5036121195308043#9
0000 001A 2000 0000 0000 0000#1626595827823770#-35.5#4.767612288748572#9
0000 001C 2000 0000 0000 0000#1626595827825082#-39.0#5.43029198911517#9
0000 0010 2000 0000 0000 0000#1626595827826187#-34.5#3.773592738198677#9
0000 0014 2000 0000 0000 0000#1626595827831050#-41.0#5.448699758569798#9
0000 0016 2000 0000 0000 0000#1626595827832133#-33.5#2.9636508821950587#9
0000 0013 2000 0000 0000 0000#1626595827833970#-39.0#5.411884219660542#9
0000 0011 2000 0000 0000 0000#1626595827835544#-35.0#4.4362724385652745#9
0000 0017 2000 0000 0000 0000#1626595827836646#-27.0#2.705942109830271#9
0000 0012 2000 0000 0000 0000#1626595827837653#-36.5#5.0682725231741586#9
0000 001B 2000 0000 0000 0000#1626595827838673#-37.0#5.21553467881118#9
0000 000F 2000 0000 0000 0000#1626595827840166#-32.0#3.2213596545598464#9
0000 0019 2000 0000 0000 0000#1626595827841258#-35.5#4.325825821837508#9
0000 0015 2000 0000 0000 0000#1626595827844599#-46.5#5.246214294568893#9
0000 001D 2000 0000 0000 0000#1626595827845676#-42.5#5.295301679781233#9
0000 000F 2000 0000 0000 0000#1626595827851651#-31.5#3.2520392703175593#9
0000 0016 2000 0000 0000 0000#1626595827853187#-33.5#3.06182565261974#9
0000 0017 2000 0000 0000 0000#1626595827863498#-27.0#2.9759227284981438#9
0000 0015 2000 0000 0000 0000#1626595827864562#-46.5#5.411884219660542#9
0000 001C 2000 0000 0000 0000#1626595827866974#-39.0#5.6143696836614465#9
0000 0018 2000 0000 0000 0000#1626595827868330#-32.5#3.785864584501762#9
0000 0012 2000 0000 0000 0000#1626595827870258#-36.5#5.252350217720435#9
0000 0011 2000 0000 0000 0000#1626595827871920#-34.5#4.663301595172349#9
0000 001A 2000 0000 0000 0000#1626595827872925#-35.5#4.963961829597935#9
0000 0019 2000 0000 0000 0000#1626595827875403#-35.5#4.540583132141498#9
0000 0010 2000 0000 0000 0000#1626595827876464#-34.0#4.074252972624263#9
0000 001D 2000 0000 0000 0000#1626595827878012#-41.5#5.448699758569798#9
0000 001B 2000 0000 0000 0000#1626595827879192#-37.5#5.405748296509#9
0000 0014 2000 0000 0000 0000#1626595827880559#-41.0#5.602097837358362#9
0000 0013 2000 0000 0000 0000#1626595827881655#-39.5#5.608233760509904#9
0000 0019 2000 0000 0000 0000#1626595828145206#-36.5#4.190835512503572#9
0000 001C 2000 0000 0000 0000#1626595828146277#-41.5#4.92714629068868#9
0000 0017 2000 0000 0000 0000#1626595828147555#-27.0#2.945243112740431#9
0000 0016 2000 0000 0000 0000#1626595828148592#-32.5#3.4054373491061236#9
0000 001A 2000 0000 0000 0000#1626595828151304#-37.0#4.479223900626073#9
0000 0013 2000 0000 0000 0000#1626595828152357#-41.0#4.988505522204105#9
0000 0015 2000 0000 0000 0000#1626595828154606#-49.5#4.430136515413731#9
0000 000F 2000 0000 0000 0000#1626595828156423#-31.0#3.3624858870453256#9
0000 0018 2000 0000 0000 0000#1626595828157780#-32.0#3.56497135104623#9
0000 0014 2000 0000 0000 0000#1626595828158861#-43.5#4.871922982324796#9
0000 0010 2000 0000 0000 0000#1626595828161032#-33.0#3.773592738198677#9
0000 001D 2000 0000 0000 0000#1626595828162835#-45.5#4.558990901596125#9
0000 001B 2000 0000 0000 0000#1626595828163943#-40.0#4.804427827657828#9
0000 0012 2000 0000 0000 0000#1626595828165830#-39.0#4.749204519293945#9
0000 0011 2000 0000 0000 0000#1626595828169216#-36.5#4.246058820867455#9
0000 0010 2000 0000 0000 0000#1626595828174009#-34.5#3.77972866135022#9
0000 0016 2000 0000 0000 0000#1626595828175432#-32.5#3.466796580621549#9
0000 0012 2000 0000 0000 0000#1626595828176755#-39.0#4.749204519293945#9
0000 0015 2000 0000 0000 0000#1626595828178049#-49.5#4.405592822807561#9
0000 0018 2000 0000 0000 0000#1626595828179323#-33.0#3.6079228131070282#9
0000 0017 2000 0000 0000 0000#1626595828180401#-27.0#3.031146036862027#9
0000 0011 2000 0000 0000 0000#1626595828182292#-35.0#4.246058820867455#9
0000 000F 2000 0000 0000 0000#1626595828183372#-31.5#3.399301425954581#9
0000 0014 2000 0000 0000 0000#1626595828185263#-44.0#4.828971520263998#9
0000 001A 2000 0000 0000 0000#1626595828186420#-35.5#4.466952054322987#9
0000 001C 2000 0000 0000 0000#1626595828187737#-41.5#4.871922982324796#9
0000 001D 2000 0000 0000 0000#1626595828188812#-45.5#4.522175362686871#9
0000 0019 2000 0000 0000 0000#1626595828190102#-36.5#4.221515128261284#9
0000 001B 2000 0000 0000 0000#1626595828191166#-40.0#4.779884135051658#9
0000 0013 2000 0000 0000 0000#1626595828192847#-41.5#4.95168998329485#9
0000 001D 2000 0000 0000 0000#1626595828458350#-47.5#4.129476280988146#9
0000 001A 2000 0000 0000 0000#1626595828460108#-38.5#4.411728745959104#9
0000 001B 2000 0000 0000 0000#1626595828461217#-41.5#4.626486056263094#9
0000 0019 2000 0000 0000 0000#1626595828462295#-36.5#4.368777283898306#9
0000 0010 2000 0000 0000 0000#1626595828463678#-32.5#4.1172044346850605#9
0000 0018 2000 0000 0000 0000#1626595828464782#-33.5#4.025165587411922#9
0000 0014 2000 0000 0000 0000#1626595828476704#-45.5#5.203262832508095#9
0000 0013 2000 0000 0000 0000#1626595828478385#-44.0#5.418020142812084#9
0000 0012 2000 0000 0000 0000#1626595828479388#-40.0#5.301437602932776#9
0000 000F 2000 0000 0000 0000#1626595828481209#-31.0#4.693981210930062#9
0000 001C 2000 0000 0000 0000#1626595828483526#-43.0#5.264622064023521#9
0000 0016 2000 0000 0000 0000#1626595828485464#-31.5#4.9823695990525625#9
0000 0011 2000 0000 0000 0000#1626595828486526#-36.0#5.031456984264903#9
0000 0017 2000 0000 0000 0000#1626595828487855#-26.0#4.430136515413731#9
0000 0015 2000 0000 0000 0000#1626595828490103#-51.0#4.669437518323892#9
0000 001D 2000 0000 0000 0000#1626595828497864#-47.5#4.773748211900116#9
0000 0016 2000 0000 0000 0000#1626595828498959#-31.5#4.97623367590102#9
0000 0017 2000 0000 0000 0000#1626595828501330#-26.0#4.442408361716817#9
0000 0014 2000 0000 0000 0000#1626595828502982#-45.0#5.166447293598839#9
0000 0013 2000 0000 0000 0000#1626595828504050#-44.0#5.3627968344482015#9
0000 0012 2000 0000 0000 0000#1626595828507012#-40.0#5.252350217720435#9
0000 000F 2000 0000 0000 0000#1626595828508162#-31.0#4.718524903536232#9
0000 0011 2000 0000 0000 0000#1626595828509180#-36.0#5.00077736850719#9
0000 0019 2000 0000 0000 0000#1626595828510515#-36.0#5.062136600022616#9
0000 001A 2000 0000 0000 0000#1626595828512045#-36.5#5.043728830567988#9
0000 0018 2000 0000 0000 0000#1626595828513866#-31.0#4.798291904506286#9
0000 0010 2000 0000 0000 0000#1626595828515037#-32.0#4.865787059173254#9
0000 001B 2000 0000 0000 0000#1626595828516090#-41.5#5.203262832508095#9
0000 0015 2000 0000 0000 0000#1626595828517139#-51.0#4.614214209960009#9
0000 001C 2000 0000 0000 0000#1626595828518593#-43.5#5.203262832508095#9
0000 0014 2000 0000 0000 0000#1626595828789583#-47.0#4.417864669110647#9
0000 000F 2000 0000 0000 0000#1626595828790632#-30.5#4.614214209960009#9
0000 0016 2000 0000 0000 0000#1626595828791682#-31.0#5.117359908386499#9
0000 0012 2000 0000 0000 0000#1626595828792729#-41.5#4.534447208989955#9
0000 0018 2000 0000 0000 0000#1626595828794170#-31.5#4.595806440505381#9
0000 001C 2000 0000 0000 0000#1626595828795454#-45.5#4.479223900626073#9
0000 001A 2000 0000 0000 0000#1626595828796559#-39.0#4.362641360746763#9
0000 0011 2000 0000 0000 0000#1626595828797661#-37.0#4.430136515413731#9
0000 0010 2000 0000 0000 0000#1626595828798813#-32.0#4.534447208989955#9
0000 0017 2000 0000 0000 0000#1626595828799833#-26.0#4.448544284868359#9
0000 0019 2000 0000 0000 0000#1626595828801775#-36.5#4.571262747899211#9
0000 001B 2000 0000 0000 0000#1626595828803083#-42.5#4.491495746929157#9
0000 0013 2000 0000 0000 0000#1626595828804562#-45.0#4.577398671050753#9
0000 001D 2000 0000 0000 0000#1626595828805866#-50.0#4.000621894805752#9
0000 0015 2000 0000 0000 0000#1626595828807381#-54.0#3.9147189706841563#9
0000 0001 0000 0000 0000 0000#1626595828809723#-66.0#6.019340611663256#9
0000 000F 2000 0000 0000 0000#1626595828814910#-30.5#4.620350133111551#9
0000 0016 2000 0000 0000 0000#1626595828816245#-31.5#5.117359908386499#9
0000 0018 2000 0000 0000 0000#1626595828817840#-32.0#4.565126824747668#9
0000 0015 2000 0000 0000 0000#1626595828819559#-54.0#3.9208548938356986#9
0000 0017 2000 0000 0000 0000#1626595828820590#-26.0#4.448544284868359#9
0000 0010 2000 0000 0000 0000#1626595828824293#-32.0#4.522175362686871#9
0000 001B 2000 0000 0000 0000#1626595828825389#-42.5#4.430136515413731#9
0000 001A 2000 0000 0000 0000#1626595828827141#-39.0#4.295146206079795#9
0000 0019 2000 0000 0000 0000#1626595828828233#-36.5#4.516039439535327#9
0000 0012 2000 0000 0000 0000#1626595828829252#-41.5#4.460816131171445#9
0000 0011 2000 0000 0000 0000#1626595828831040#-37.0#4.381049130201391#9
0000 001C 2000 0000 0000 0000#1626595828832368#-45.5#4.411728745959104#9
0000 0014 2000 0000 0000 0000#1626595828834659#-47.0#4.3074180523828804#9
0000 0013 2000 0000 0000 0000#1626595828835942#-45.0#4.509903516383785#9
0000 001D 2000 0000 0000 0000#1626595828837031#-50.5#3.933126740138784#9
0000 0001 0000 0000 0000 0000#1626595828838259#-65.5#6.092971689481767#9
0000 000F 2000 0000 0000 0000#1626595829106492#-30.0#4.264466590322082#9
0000 0011 2000 0000 0000 0000#1626595829107672#-37.0#3.6447383520162835#9
0000 0001 0000 0000 0000 0000#1626595829108986#-65.5#5.841398840268521#9
0000 001D 2000 0000 0000 0000#1626595829110509#-54.0#2.8961557275280905#9
0000 0010 2000 0000 0000 0000#1626595829111607#-32.5#3.9944859716542096#9
0000 001B 2000 0000 0000 0000#1626595829112898#-44.5#3.5772431973493153#9
0000 001A 2000 0000 0000 0000#1626595829114759#-40.0#3.4177091954092087#9
0000 0016 2000 0000 0000 0000#1626595829115780#-31.0#5.074408446325701#9
0000 0017 2000 0000 0000 0000#1626595829117055#-26.0#4.221515128261284#9
0000 0018 2000 0000 0000 0000#1626595829118216#-32.5#4.135612204139688#9
0000 0012 2000 0000 0000 0000#1626595829119547#-42.5#3.5895150436524004#9
0000 0013 2000 0000 0000 0000#1626595829120813#-47.5#3.6140587362585705#9
0000 0019 2000 0000 0000 0000#1626595829122089#-37.5#3.8288160465625602#9
0000 001C 2000 0000 0000 0000#1626595829123190#-48.5#3.442252888015379#9
0000 0014 2000 0000 0000 0000#1626595829124809#-50.5#3.3502140407422405#9
0000 0015 2000 0000 0000 0000#1626595829125888#-58.5#2.6139032625571326#9
0000 000F 2000 0000 0000 0000#1626595829130019#-30.5#4.264466590322082#9
0000 0018 2000 0000 0000 0000#1626595829131536#-32.5#4.111068511533518#9
0000 0016 2000 0000 0000 0000#1626595829132658#-31.0#5.086680292628786#9
0000 0019 2000 0000 0000 0000#1626595829133720#-37.5#3.785864584501762#9
0000 0017 2000 0000 0000 0000#1626595829135176#-24.5#4.215379205109742#9
0000 0010 2000 0000 0000 0000#1626595829136277#-33.0#3.9576704327449543#9
0000 0013 2000 0000 0000 0000#1626595829138054#-47.5#3.56497135104623#9
0000 0014 2000 0000 0000 0000#1626595829141830#-51.0#3.2888548092268146#9
0000 001B 2000 0000 0000 0000#1626595829142924#-44.5#3.479068426924634#9
0000 001C 2000 0000 0000 0000#1626595829144465#-49.0#3.3624858870453256#9
0000 001D 2000 0000 0000 0000#1626595829148323#-54.5#2.730485802436441#9
0000 0015 2000 0000 0000 0000#1626595829149742#-59.5#2.509592568980909#9
0000 001A 2000 0000 0000 0000#1626595829150774#-40.0#3.3379421944391554#9
0000 0012 2000 0000 0000 0000#1626595829152415#-41.0#3.485204350076177#9
0000 0011 2000 0000 0000 0000#1626595829153464#-37.5#3.5281558121369745#9
0000 0010 2000 0000 0000 0000#1626595829417924#-34.5#2.7979809571034093#9
0000 001A 2000 0000 0000 0000#1626595829419241#-41.5#2.043262409463674#9
0000 001B 2000 0000 0000 0000#1626595829420331#-47.5#2.055534255766759#9
0000 001D 2000 0000 0000 0000#1626595829422781#-58.5#0.3620194659410113#9
0000 0016 2000 0000 0000 0000#1626595829424069#-32.0#4.362641360746763#9
0000 0011 2000 0000 0000 0000#1626595829425115#-39.0#2.3193789512830896#9
0000 000F 2000 0000 0000 0000#1626595829427634#-32.0#3.2765829629237295#9
0000 001C 2000 0000 0000 0000#1626595829428975#-53.5#1.5585244804918115#9
0000 0017 2000 0000 0000 0000#1626595829430033#-27.0#3.2827188860752723#9
0000 0018 2000 0000 0000 0000#1626595829432844#-34.0#3.000466421104314#9
0000 0013 2000 0000 0000 0000#1626595829434754#-50.5#1.932815792735908#9
0000 0012 2000 0000 0000 0000#1626595829435803#-45.0#2.116893487282185#9
0000 0019 2000 0000 0000 0000#1626595829436822#-38.5#2.497320722677824#9
0000 0015 2000 0000 0000 0000#1626595829438598#-54.5#5.970253226450915#9
0000 0014 2000 0000 0000 0000#1626595829441785#-55.5#1.2333205534600555#9
0000 0012 2000 0000 0000 0000#1626595829448779#-45.0#2.086213871524472#9
0000 0014 2000 0000 0000 0000#1626595829449860#-55.5#1.184233168247715#9
0000 0017 2000 0000 0000 0000#1626595829450905#-27.5#3.2520392703175593#9
0000 001D 2000 0000 0000 0000#1626595829452342#-56.5#0.23316507975861744#9
0000 0013 2000 0000 0000 0000#1626595829454105#-51.5#1.846912868614312#9
0000 0015 2000 0000 0000 0000#1626595829455411#-53.0#5.835262917116979#9
0000 000F 2000 0000 0000 0000#1626595829458187#-32.0#3.2090878082567613#9
0000 001B 2000 0000 0000 0000#1626595829459536#-48.0#1.88986433067511#9
0000 0019 2000 0000 0000 0000#1626595829460624#-38.5#2.466641106920111#9
0000 001C 2000 0000 0000 0000#1626595829462674#-54.0#1.368310862793992#9
0000 0016 2000 0000 0000 0000#1626595829463739#-32.0#4.344233591292136#9
0000 001A 2000 0000 0000 0000#1626595829465169#-40.0#1.902136176978195#9
0000 0018 2000 0000 0000 0000#1626595829466615#-34.0#2.9206994201342606#9
0000 0011 2000 0000 0000 0000#1626595829469538#-39.0#2.2027964114037806#9
0000 0010 2000 0000 0000 0000#1626595829471547#-33.5#2.693670263527186#9
0000 0018 2000 0000 0000 0000#1626595829738385#-33.5#3.3318062712876126#9
0000 0012 2000 0000 0000 0000#1626595829739987#-46.0#2.018718716857504#9
0000 0017 2000 0000 0000 0000#1626595829741007#-27.5#3.650874275167826#9
0000 0016 2000 0000 0000 0000#1626595829742057#-33.0#4.859651136021712#9
0000 0019 2000 0000 0000 0000#1626595829743120#-39.0#2.724349879284899#9
0000 0010 2000 0000 0000 0000#1626595829744407#-36.0#3.043417883165112#9
0000 001A 2000 0000 0000 0000#1626595829745498#-44.0#2.030990563160589#9
0000 0015 2000 0000 0000 0000#1626595829746577#-47.0#4.822835597112456#9
0000 0014 2000 0000 0000 0000#1626595829747842#-46.5#5.5284667595398505#9
0000 000F 2000 0000 0000 0000#1626595829748892#-32.0#3.5772431973493153#9
0000 001C 2000 0000 0000 0000#1626595829749991#-48.5#5.884350302329319#9
0000 001D 2000 0000 0000 0000#1626595829751366#-44.0#4.675573441475434#9
0000 0011 2000 0000 0000 0000#1626595829752641#-40.0#2.4605051837685683#9
0000 001B 2000 0000 0000 0000#1626595829753706#-51.5#1.3989904785517047#9
0000 0013 2000 0000 0000 0000#1626595829755001#-53.0#1.0185632431560658#9
0000 000F 2000 0000 0000 0000#1626595829765074#-32.0#3.5342917352885173#9
0000 0011 2000 0000 0000 0000#1626595829766149#-40.5#2.405281875404685#9
0000 0017 2000 0000 0000 0000#1626595829767773#-26.5#3.6017868899554855#9
0000 0018 2000 0000 0000 0000#1626595829769291#-34.5#3.2643111166206444#9
0000 0012 2000 0000 0000 0000#1626595829770878#-47.5#1.88986433067511#9
0000 0010 2000 0000 0000 0000#1626595829772699#-36.0#2.9636508821950587#9
0000 0015 2000 0000 0000 0000#1626595829775006#-48.5#4.7860200582032#9
0000 001A 2000 0000 0000 0000#1626595829776081#-44.5#1.945087639038993#9
0000 001C 2000 0000 0000 0000#1626595829777350#-47.0#5.522330836388308#9
0000 0019 2000 0000 0000 0000#1626595829778926#-39.5#2.6384469551633027#9
0000 0016 2000 0000 0000 0000#1626595829779988#-33.5#4.7860200582032#9
0000 0013 2000 0000 0000 0000#1626595829784159#-54.0#0.7915340865489908#9
0000 001B 2000 0000 0000 0000#1626595829785224#-52.0#1.2578642460662257#9
0000 001D 2000 0000 0000 0000#1626595829788857#-44.5#4.577398671050753#9
0000 0014 2000 0000 0000 0000#1626595829789895#-44.5#5.135767677841127#9
0000 001D 2000 0000 0000 0000#1626595830054388#-58.0#3.718369429834794#9
0000 001B 2000 0000 0000 0000#1626595830056570#-44.5#4.546719055293041#9
0000 000F 2000 0000 0000 0000#1626595830058884#-34.5#2.650718801466388#9
0000 0010 2000 0000 0000 0000#1626595830059962#-38.0#2.0800779483729293#9
0000 0013 2000 0000 0000 0000#1626595830061256#-42.0#4.184699589352029#9
0000 0017 2000 0000 0000 0000#1626595830062561#-29.5#2.693670263527186#9
0000 0015 2000 0000 0000 0000#1626595830063839#-63.0#3.3011266555298997#9
0000 001C 2000 0000 0000 0000#1626595830064966#-44.0#3.9453985864418692#9
0000 0019 2000 0000 0000 0000#1626595830068627#-44.0#1.662835174068035#9
0000 0014 2000 0000 0000 0000#1626595830070926#-47.5#3.8840393549264434#9
0000 0018 2000 0000 0000 0000#1626595830072230#-37.5#2.356194490192345#9
0000 001A 2000 0000 0000 0000#1626595830074158#-49.0#0.14112623248547898#9
0000 0016 2000 0000 0000 0000#1626595830076075#-35.0#3.988350048502667#9
0000 0011 2000 0000 0000 0000#1626595830078087#-43.0#1.141281706186917#9
0000 0012 2000 0000 0000 0000#1626595830079180#-48.5#5.915029918087033#9
0000 001D 2000 0000 0000 0000#1626595830083330#-59.0#3.4177091954092087#9
0000 0017 2000 0000 0000 0000#1626595830084875#-29.5#2.6384469551633027#9
0000 001A 2000 0000 0000 0000#1626595830086203#-49.5#0.05522330836388308#9
0000 0018 2000 0000 0000 0000#1626595830089106#-37.5#2.282563412373834#9
0000 0012 2000 0000 0000 0000#1626595830090990#-48.5#5.767767762450011#9
0000 000F 2000 0000 0000 0000#1626595830092335#-34.5#2.5832236467994196#9
0000 0015 2000 0000 0000 0000#1626595830093429#-63.5#3.227495577711389#9
0000 0016 2000 0000 0000 0000#1626595830095321#-35.5#3.9453985864418692#9
0000 0010 2000 0000 0000 0000#1626595830096579#-37.5#1.9819031779482483#9
0000 0013 2000 0000 0000 0000#1626595830097605#-42.0#4.04357335686655#9
0000 001C 2000 0000 0000 0000#1626595830098632#-45.0#3.9147189706841563#9
0000 0014 2000 0000 0000 0000#1626595830101554#-49.5#3.847223816017188#9
0000 0011 2000 0000 0000 0000#1626595830102717#-45.0#1.0185632431560658#9
0000 001B 2000 0000 0000 0000#1626595830103981#-42.5#4.246058820867455#9
0000 0019 2000 0000 0000 0000#1626595830105400#-45.0#1.509437095279471#9
0000 000F 2000 0000 0000 0000#1626595830372271#-38.5#1.8837284075235674#9
0000 0019 2000 0000 0000 0000#1626595830373547#-48.5#5.896622148632405#9
0000 001C 2000 0000 0000 0000#1626595830374862#-57.0#2.8961557275280905#9
0000 0015 2000 0000 0000 0000#1626595830375970#-62.5#5.031456984264903#9
0000 001B 2000 0000 0000 0000#1626595830377774#-46.0#3.4606606574700063#9
0000 0018 2000 0000 0000 0000#1626595830379214#-41.5#1.4603497100671303#9
0000 0012 2000 0000 0000 0000#1626595830380248#-40.0#3.423845118560751#9
0000 001A 2000 0000 0000 0000#1626595830381282#-39.5#3.5342917352885173#9
0000 0013 2000 0000 0000 0000#1626595830384218#-51.0#3.3870295796514958#9
0000 0014 2000 0000 0000 0000#1626595830385582#-59.0#2.337786720737717#9
0000 0016 2000 0000 0000 0000#1626595830387671#-37.0#3.1906800388021335#9
0000 0017 2000 0000 0000 0000#1626595830388707#-33.0#1.9144080232812801#9
0000 0011 2000 0000 0000 0000#1626595830389709#-44.5#4.8351074434155406#9
0000 0010 2000 0000 0000 0000#1626595830390696#-45.5#0.8344855486097889#9
0000 001D 2000 0000 0000 0000#1626595830394962#-62.0#5.6573211457222445#9
0000 0013 2000 0000 0000 0000#1626595830399812#-52.5#3.3624858870453256#9
0000 0014 2000 0000 0000 0000#1626595830401079#-59.5#2.2518837966161214#9
0000 0017 2000 0000 0000 0000#1626595830402597#-33.0#1.9082721001297376#9
0000 0019 2000 0000 0000 0000#1626595830404082#-48.5#5.6143696836614465#9
0000 001B 2000 0000 0000 0000#1626595830405135#-47.5#3.5158839658338894#9
0000 0016 2000 0000 0000 0000#1626595830408153#-37.5#3.1661363461959633#9
0000 0018 2000 0000 0000 0000#1626595830409469#-42.0#1.3437671701878218#9
0000 001A 2000 0000 0000 0000#1626595830410789#-39.0#3.442252888015379#9
0000 000F 2000 0000 0000 0000#1626595830411794#-39.5#1.8162332528565992#9
0000 0010 2000 0000 0000 0000#1626595830413659#-45.0#0.6994952392758523#9
0000 0012 2000 0000 0000 0000#1626595830414723#-41.0#3.3624858870453256#9
0000 0015 2000 0000 0000 0000#1626595830415787#-60.5#4.577398671050753#9
0000 001C 2000 0000 0000 0000#1626595830417585#-57.5#2.779573187648782#9
0000 0011 2000 0000 0000 0000#1626595830421696#-43.0#4.552854978444583#9
0000 001D 2000 0000 0000 0000#1626595830423344#-61.5#5.184855063053467#9
0000 001A 2000 0000 0000 0000#1626595830687196#-48.5#2.564815877344792#9
0000 0013 2000 0000 0000 0000#1626595830688522#-57.0#1.2640001692177683#9
0000 0017 2000 0000 0000 0000#1626595830689798#-42.5#0.8958447801252144#9
0000 0011 2000 0000 0000 0000#1626595830691185#-41.0#2.84706834231575#9
0000 0015 2000 0000 0000 0000#1626595830692291#-57.5#1.552388557340269#9
0000 0010 2000 0000 0000 0000#1626595830694102#-45.5#4.129476280988146#9
0000 0012 2000 0000 0000 0000#1626595830697571#-53.0#2.3071071049800045#9
0000 0019 2000 0000 0000 0000#1626595830699602#-43.0#3.2336315008629315#9
0000 000F 2000 0000 0000 0000#1626595830700636#-49.5#0.2699806186678728#9
0000 0016 2000 0000 0000 0000#1626595830701914#-41.5#2.2948352586769194#9
0000 001B 2000 0000 0000 0000#1626595830703294#-56.0#1.718058482431918#9
0000 0018 2000 0000 0000 0000#1626595830706702#-47.5#5.092816215780329#9
0000 0014 2000 0000 0000 0000#1626595830708125#-62.0#3.5772431973493153#9
0000 001D 2000 0000 0000 0000#1626595830709769#-56.0#1.8960002538266525#9
0000 0015 2000 0000 0000 0000#1626595830714253#-57.5#1.4542137869155878#9
0000 0016 2000 0000 0000 0000#1626595830715330#-42.0#2.282563412373834#9
0000 0014 2000 0000 0000 0000#1626595830716381#-62.5#3.466796580621549#9
0000 001D 2000 0000 0000 0000#1626595830730289#-57.5#2.012582793705961#9
0000 0011 2000 0000 0000 0000#1626595830731878#-43.5#2.988194574801229#9
0000 0010 2000 0000 0000 0000#1626595830732989#-43.0#4.123340357836604#9
0000 0018 2000 0000 0000 0000#1626595830734008#-48.5#5.019185137961818#9
0000 0019 2000 0000 0000 0000#1626595830735098#-42.5#3.356349963893783#9
0000 001B 2000 0000 0000 0000#1626595830736633#-56.5#1.6935147898257479#9
0000 0017 2000 0000 0000 0000#1626595830739900#-44.0#0.8835729338221293#9
0000 0013 2000 0000 0000 0000#1626595830741165#-58.5#1.0062913968529805#9
0000 0012 2000 0000 0000 0000#1626595830742959#-53.0#2.3071071049800045#9
0000 000F 2000 0000 0000 0000#1626595830744178#-50.5#0.09203884727313846#9
0000 001A 2000 0000 0000 0000#1626595830745480#-51.0#2.6323110320117604#9
0000 0017 2000 0000 0000 0000#1626595831014928#-45.0#5.5284667595398505#9
0000 000F 2000 0000 0000 0000#1626595831017327#-45.5#5.092816215780329#9
0000 001D 2000 0000 0000 0000#1626595831018347#-60.0#1.8407769454627694#9
0000 0011 2000 0000 0000 0000#1626595831019493#-52.0#3.0925052683774528#9
0000 0019 2000 0000 0000 0000#1626595831020810#-51.5#3.767456815047135#9
0000 0015 2000 0000 0000 0000#1626595831021876#-64.0#0.7179030087304801#9
0000 0018 2000 0000 0000 0000#1626595831022936#-46.0#4.620350133111551#9
0000 0016 2000 0000 0000 0000#1626595831024972#-50.0#2.086213871524472#9
0000 0014 2000 0000 0000 0000#1626595831026026#-58.0#2.9391071895888885#9
0000 0010 2000 0000 0000 0000#1626595831027195#-44.5#4.25833066717054#9
0000 0013 2000 0000 0000 0000#1626595831028460#-58.0#4.540583132141498#9
0000 001C 2000 0000 0000 0000#1626595831031441#-59.5#3.3870295796514958#9
0000 001A 2000 0000 0000 0000#1626595831032461#-56.5#1.8530487917658545#9
0000 0012 2000 0000 0000 0000#1626595831033536#-59.5#0.803805932852076#9
0000 001B 2000 0000 0000 0000#1626595831034918#-60.0#4.9394181369917645#9
0000 001D 2000 0000 0000 0000#1626595831041315#-60.5#1.7732817907958012#9
0000 0017 2000 0000 0000 0000#1626595831042377#-44.5#5.325981295538946#9
0000 000F 2000 0000 0000 0000#1626595831047999#-45.5#4.988505522204105#9
0000 0010 2000 0000 0000 0000#1626595831049086#-47.0#4.221515128261284#9
0000 0012 2000 0000 0000 0000#1626595831050840#-60.5#0.4908738521234052#9
0000 0018 2000 0000 0000 0000#1626595831053518#-46.0#4.558990901596125#9
0000 001B 2000 0000 0000 0000#1626595831054511#-60.5#4.743068596142402#9
0000 001C 2000 0000 0000 0000#1626595831055543#-59.0#3.380893656499953#9
0000 0016 2000 0000 0000 0000#1626595831056606#-51.0#1.8346410223112268#9
0000 0011 2000 0000 0000 0000#1626595831057680#-52.0#2.859340188618835#9
0000 0013 2000 0000 0000 0000#1626595831059288#-57.5#4.325825821837508#9
0000 001A 2000 0000 0000 0000#1626595831060417#-56.5#1.6198837120072371#9
0000 0019 2000 0000 0000 0000#1626595831063289#-52.0#3.6140587362585705#9
0000 0014 2000 0000 0000 0000#1626595831064341#-58.0#2.761165418194154#9
0000 0014 2000 0000 0000 0000#1626595831337267#-65.0#0.4295146206079795#9
0000 0016 2000 0000 0000 0000#1626595831340529#-50.0#5.424156065963627#9
0000 001A 2000 0000 0000 0000#1626595831341948#-55.5#3.4913402732277192#9
0000 0012 2000 0000 0000 0000#1626595831343041#-55.0#3.184544115650591#9
0000 000F 2000 0000 0000 0000#1626595831344419#-49.5#3.56497135104623#9
0000 0018 2000 0000 0000 0000#1626595831345722#-53.0#2.9636508821950587#9
0000 0017 2000 0000 0000 0000#1626595831347055#-43.5#3.6447383520162835#9
0000 001B 2000 0000 0000 0000#1626595831349653#-57.0#2.380738182798515#9
0000 0013 2000 0000 0000 0000#1626595831350737#-57.5#1.9757672547967058#9
0000 0010 2000 0000 0000 0000#1626595831351865#-52.5#2.0923497946760143#9
0000 0011 2000 0000 0000 0000#1626595831353166#-56.5#5.062136600022616#9
0000 0019 2000 0000 0000 0000#1626595831354571#-59.5#0.7915340865489908#9
0000 0018 2000 0000 0000 0000#1626595831359248#-53.0#2.8838838812250054#9
0000 0019 2000 0000 0000 0000#1626595831360796#-60.0#0.7915340865489908#9
0000 0010 2000 0000 0000 0000#1626595831363019#-52.0#2.018718716857504#9
0000 0013 2000 0000 0000 0000#1626595831364344#-57.5#1.8837284075235674#9
0000 001B 2000 0000 0000 0000#1626595831365425#-57.5#2.2948352586769194#9
0000 0016 2000 0000 0000 0000#1626595831366486#-49.5#5.307573526084319#9
0000 0012 2000 0000 0000 0000#1626595831367805#-54.5#2.9697868053466014#9
0000 001A 2000 0000 0000 0000#1626595831368896#-55.5#3.2704470397721868#9
0000 000F 2000 0000 0000 0000#1626595831371662#-50.0#3.448388811166921#9
0000 0017 2000 0000 0000 0000#1626595831373912#-44.0#3.5465635815916023#9
0000 0011 2000 0000 0000 0000#1626595831376153#-56.5#4.755340442445488#9
