0000 001C 2000 0000 0000 0000#1626595971720419#-49.0#1.6321555583103222#9
0000 001A 2000 0000 0000 0000#1626595971721466#-45.0#4.890330751779424#9
0000 001D 2000 0000 0000 0000#1626595971722540#-47.5#2.5893595699509624#9
0000 0011 2000 0000 0000 0000#1626595971723669#-42.5#4.313553975534423#9
0000 0019 2000 0000 0000 0000#1626595971725243#-44.0#4.1601558967458585#9
0000 0015 2000 0000 0000 0000#1626595971727290#-50.0#2.9022916506796332#9
0000 0014 2000 0000 0000 0000#1626595971728568#-49.0#2.0371264863121317#9
0000 000F 2000 0000 0000 0000#1626595971731618#-47.0#3.4606606574700063#9
0000 0012 2000 0000 0000 0000#1626595971732707#-48.5#5.45483568172134#9
0000 0010 2000 0000 0000 0000#1626595971734796#-42.5#3.8288160465625602#9
0000 0013 2000 0000 0000 0000#1626595971737886#-50.5#0.7363107781851077#9
0000 0018 2000 0000 0000 0000#1626595971739926#-44.0#3.6815538909255388#9
0000 0017 2000 0000 0000 0000#1626595971742577#-47.5#2.779573187648782#9
0000 001B 2000 0000 0000 0000#1626595971743869#-49.5#0.1043106935762236#9
0000 001D 2000 0000 0000 0000#1626595971749521#-47.5#2.5770877236478773#9
0000 0015 2000 0000 0000 0000#1626595971750584#-50.0#2.9145634969827183#9
0000 0013 2000 0000 0000 0000#1626595971751667#-51.0#0.7547185476397354#9
0000 001A 2000 0000 0000 0000#1626595971752712#-45.0#4.908738521234052#9
0000 0019 2000 0000 0000 0000#1626595971753761#-43.5#4.166291819897402#9
0000 0017 2000 0000 0000 0000#1626595971755314#-47.5#2.7550294950426117#9
0000 0011 2000 0000 0000 0000#1626595971756860#-44.0#4.319689898685965#9
0000 001C 2000 0000 0000 0000#1626595971757972#-49.0#1.6321555583103222#9
0000 0010 2000 0000 0000 0000#1626595971759032#-44.0#3.8410878928656453#9
0000 001B 2000 0000 0000 0000#1626595971760335#-49.5#0.1349903093339364#9
0000 0014 2000 0000 0000 0000#1626595971762004#-49.0#2.024854640009046#9
0000 0012 2000 0000 0000 0000#1626595971763692#-48.5#5.473243451175968#9
0000 0018 2000 0000 0000 0000#1626595971764723#-45.5#3.6815538909255388#9
0000 000F 2000 0000 0000 0000#1626595971765773#-47.5#3.454524734318464#9
0000 0011 2000 0000 0000 0000#1626595972029195#-44.0#4.522175362686871#9
0000 000F 2000 0000 0000 0000#1626595972030502#-47.5#3.6570101983193686#9
0000 0012 2000 0000 0000 0000#1626595972032286#-48.0#5.66959299202533#9
0000 001A 2000 0000 0000 0000#1626595972033362#-45.0#5.092816215780329#9
0000 001B 2000 0000 0000 0000#1626595972034383#-49.0#0.3190680038802134#9
0000 0014 2000 0000 0000 0000#1626595972035677#-49.5#2.2027964114037806#9
0000 0018 2000 0000 0000 0000#1626595972036977#-46.0#3.9208548938356986#9
0000 0013 2000 0000 0000 0000#1626595972038556#-50.5#0.9203884727313847#9
0000 001C 2000 0000 0000 0000#1626595972039903#-48.5#1.8162332528565992#9
0000 0017 2000 0000 0000 0000#1626595972041448#-47.5#2.9391071895888885#9
0000 0019 2000 0000 0000 0000#1626595972046555#-44.0#4.368777283898306#9
0000 001D 2000 0000 0000 0000#1626595972048016#-47.5#2.7857091108003242#9
0000 0010 2000 0000 0000 0000#1626595972049559#-43.5#4.0558452031696355#9
0000 0015 2000 0000 0000 0000#1626595972050894#-50.5#3.1354567304382504#9
0000 0017 2000 0000 0000 0000#1626595972067816#-48.0#2.4175537217077703#9
0000 0011 2000 0000 0000 0000#1626595972069775#-43.5#3.9392626632903265#9
0000 0019 2000 0000 0000 0000#1626595972070795#-44.5#3.761320891895592#9
0000 001A 2000 0000 0000 0000#1626595972071840#-45.5#4.522175362686871#9
0000 001C 2000 0000 0000 0000#1626595972072839#-49.0#1.2701360923693108#9
0000 0010 2000 0000 0000 0000#1626595972074157#-44.0#3.448388811166921#9
0000 000F 2000 0000 0000 0000#1626595972075502#-48.0#3.098641191528995#9
0000 0013 2000 0000 0000 0000#1626595972076842#-50.5#0.3436116964863836#9
0000 001B 2000 0000 0000 0000#1626595972077863#-49.5#6.019340611663256#9
0000 0015 2000 0000 0000 0000#1626595972078927#-50.0#2.509592568980909#9
0000 0018 2000 0000 0000 0000#1626595972080817#-44.5#3.2949907323783574#9
0000 0012 2000 0000 0000 0000#1626595972083218#-46.5#5.086680292628786#9
0000 001D 2000 0000 0000 0000#1626595972084523#-48.0#2.1966604882522383#9
0000 0014 2000 0000 0000 0000#1626595972085617#-49.5#1.6751070203711202#9
0000 000F 2000 0000 0000 0000#1626595972349078#-47.5#3.2949907323783574#9
0000 001D 2000 0000 0000 0000#1626595972352227#-48.0#2.399145952253143#9
0000 0010 2000 0000 0000 0000#1626595972353615#-44.0#3.6570101983193686#9
0000 0011 2000 0000 0000 0000#1626595972354646#-44.5#4.154019973594316#9
0000 0019 2000 0000 0000 0000#1626595972355980#-44.5#3.9944859716542096#9
0000 001A 2000 0000 0000 0000#1626595972357011#-46.0#4.724660826687775#9
0000 0012 2000 0000 0000 0000#1626595972358323#-48.5#5.313709449235861#9
0000 0018 2000 0000 0000 0000#1626595972360506#-45.5#3.5281558121369745#9
0000 001C 2000 0000 0000 0000#1626595972364035#-49.0#1.4542137869155878#9
0000 0015 2000 0000 0000 0000#1626595972365086#-50.0#2.724349879284899#9
0000 0014 2000 0000 0000 0000#1626595972366195#-49.0#1.8653206380689396#9
0000 0017 2000 0000 0000 0000#1626595972367385#-48.0#2.5832236467994196#9
0000 0013 2000 0000 0000 0000#1626595972368950#-51.0#0.5399612373357456#9
0000 001B 2000 0000 0000 0000#1626595972371420#-50.0#6.22182607566416#9
0000 0011 2000 0000 0000 0000#1626595972376895#-44.5#4.1417481272912315#9
0000 001A 2000 0000 0000 0000#1626595972378981#-46.0#4.724660826687775#9
0000 0012 2000 0000 0000 0000#1626595972380056#-48.5#5.295301679781233#9
0000 0015 2000 0000 0000 0000#1626595972381377#-49.5#2.6998061866787286#9
0000 0010 2000 0000 0000 0000#1626595972382395#-44.0#3.663146121470911#9
0000 0019 2000 0000 0000 0000#1626595972384258#-44.5#3.9822141253511245#9
0000 001C 2000 0000 0000 0000#1626595972385313#-49.0#1.4603497100671303#9
0000 001B 2000 0000 0000 0000#1626595972386360#-50.0#6.215690152512618#9
0000 0018 2000 0000 0000 0000#1626595972387652#-45.5#3.5158839658338894#9
0000 000F 2000 0000 0000 0000#1626595972388945#-48.0#3.2765829629237295#9
0000 001D 2000 0000 0000 0000#1626595972390105#-48.0#2.405281875404685#9
0000 0017 2000 0000 0000 0000#1626595972391649#-48.0#2.5832236467994196#9
0000 0014 2000 0000 0000 0000#1626595972393496#-49.0#1.8530487917658545#9
0000 0013 2000 0000 0000 0000#1626595972394704#-51.0#0.5583690067903734#9
0000 001A 2000 0000 0000 0000#1626595972664459#-45.5#5.516194913236766#9
0000 000F 2000 0000 0000 0000#1626595972665580#-47.0#4.061981126321178#9
0000 0010 2000 0000 0000 0000#1626595972666692#-41.5#4.448544284868359#9
0000 0011 2000 0000 0000 0000#1626595972668262#-42.0#4.933282213840222#9
0000 0013 2000 0000 0000 0000#1626595972669844#-50.5#1.325359400733194#9
0000 0019 2000 0000 0000 0000#1626595972670879#-43.5#4.773748211900116#9
0000 0018 2000 0000 0000 0000#1626595972672216#-45.0#4.313553975534423#9
0000 001C 2000 0000 0000 0000#1626595972673287#-48.5#2.1966604882522383#9
0000 001B 2000 0000 0000 0000#1626595972684832#-49.5#0.5890486225480862#9
0000 0014 2000 0000 0000 0000#1626595972686467#-49.5#2.466641106920111#9
0000 0012 2000 0000 0000 0000#1626595972687802#-48.0#5.884350302329319#9
0000 0015 2000 0000 0000 0000#1626595972689536#-50.0#3.380893656499953#9
0000 0017 2000 0000 0000 0000#1626595972691039#-47.5#3.141592653589793#9
0000 001D 2000 0000 0000 0000#1626595972692355#-48.0#3.031146036862027#9
0000 0019 2000 0000 0000 0000#1626595972696916#-44.0#4.601942363656923#9
0000 001A 2000 0000 0000 0000#1626595972698347#-45.0#5.338253141842031#9
0000 0012 2000 0000 0000 0000#1626595972699365#-48.0#5.915029918087033#9
0000 0018 2000 0000 0000 0000#1626595972700484#-44.5#4.111068511533518#9
0000 001B 2000 0000 0000 0000#1626595972702340#-49.0#0.6442719309119693#9
0000 0017 2000 0000 0000 0000#1626595972704860#-46.5#3.129320807286708#9
0000 0015 2000 0000 0000 0000#1626595972705937#-50.0#3.399301425954581#9
0000 0011 2000 0000 0000 0000#1626595972707617#-44.5#4.767612288748572#9
0000 0013 2000 0000 0000 0000#1626595972708925#-50.0#1.2333205534600555#9
0000 000F 2000 0000 0000 0000#1626595972710730#-46.5#3.8533597391687304#9
0000 0010 2000 0000 0000 0000#1626595972712201#-42.5#4.25833066717054#9
0000 001D 2000 0000 0000 0000#1626595972713280#-48.0#3.043417883165112#9
0000 0014 2000 0000 0000 0000#1626595972714359#-49.0#2.5280003384355365#9
0000 001C 2000 0000 0000 0000#1626595972715514#-48.0#2.110757564130642#9
0000 0016 2000 0000 0000 0000#1626595972978986#-46.5#3.2888548092268146#9
0000 0012 2000 0000 0000 0000#1626595972981597#-47.5#1.1474176293384597#9
0000 0011 2000 0000 0000 0000#1626595972982737#-47.0#5.5284667595398505#9
0000 001D 2000 0000 0000 0000#1626595972984285#-44.0#3.2827188860752723#9
0000 0018 2000 0000 0000 0000#1626595972986321#-42.5#3.7122335066832517#9
0000 001A 2000 0000 0000 0000#1626595972987648#-47.0#0.42337869745643697#9
0000 001B 2000 0000 0000 0000#1626595972989655#-45.0#1.7794177139473437#9
0000 0017 2000 0000 0000 0000#1626595972990761#-35.0#2.6261751088602177#9
0000 0013 2000 0000 0000 0000#1626595972991799#-45.0#2.1353012567368124#9
0000 0015 2000 0000 0000 0000#1626595972993320#-46.5#3.5772431973493153#9
0000 0010 2000 0000 0000 0000#1626595972994367#-43.5#4.111068511533518#9
0000 0019 2000 0000 0000 0000#1626595972995471#-47.0#5.019185137961818#9
0000 0014 2000 0000 0000 0000#1626595972997664#-44.5#2.9145634969827183#9
0000 001C 2000 0000 0000 0000#1626595973000657#-43.0#2.6691265709210157#9
0000 000F 2000 0000 0000 0000#1626595973002175#-40.5#3.3072625786814425#9
0000 0010 2000 0000 0000 0000#1626595973006590#-43.5#4.172427743048944#9
0000 0014 2000 0000 0000 0000#1626595973008172#-44.0#2.9268353432858034#9
0000 0013 2000 0000 0000 0000#1626595973009266#-45.0#2.184388641949153#9
0000 0017 2000 0000 0000 0000#1626595973010343#-35.0#2.6200391857086753#9
0000 001D 2000 0000 0000 0000#1626595973011632#-44.0#3.3440781175906977#9
0000 0018 2000 0000 0000 0000#1626595973013303#-41.5#3.749049045592507#9
0000 001C 2000 0000 0000 0000#1626595973015570#-43.0#2.705942109830271#9
0000 0012 2000 0000 0000 0000#1626595973017043#-47.0#1.3192234775816514#9
0000 0016 2000 0000 0000 0000#1626595973018620#-44.5#3.2888548092268146#9
0000 0011 2000 0000 0000 0000#1626595973019748#-46.5#5.7616318392984684#9
0000 001A 2000 0000 0000 0000#1626595973020738#-46.5#0.607456392002714#9
0000 0015 2000 0000 0000 0000#1626595973022243#-46.5#3.6692820446224537#9
0000 000F 2000 0000 0000 0000#1626595973023265#-40.0#3.313398501832985#9
0000 0019 2000 0000 0000 0000#1626595973024998#-47.5#5.154175447295755#9
0000 001B 2000 0000 0000 0000#1626595973027853#-44.5#1.9205439464328227#9
0000 0012 2000 0000 0000 0000#1626595973292591#-41.5#2.5464081078901644#9
0000 0017 2000 0000 0000 0000#1626595973294395#-33.0#3.466796580621549#9
0000 0015 2000 0000 0000 0000#1626595973296337#-45.0#4.411728745959104#9
0000 0019 2000 0000 0000 0000#1626595973297395#-48.0#1.1535535524900022#9
0000 0010 2000 0000 0000 0000#1626595973299267#-45.0#5.8475347634200645#9
0000 0018 2000 0000 0000 0000#1626595973300798#-44.0#5.013049214810275#9
0000 0014 2000 0000 0000 0000#1626595973310419#-42.0#3.2704470397721868#9
0000 0011 2000 0000 0000 0000#1626595973312813#-45.5#1.1351457830353744#9
0000 001C 2000 0000 0000 0000#1626595973314482#-41.0#3.055689729468197#9
0000 0016 2000 0000 0000 0000#1626595973315475#-39.0#3.3318062712876126#9
0000 0013 2000 0000 0000 0000#1626595973316915#-41.0#2.60776733940559#9
0000 001D 2000 0000 0000 0000#1626595973317976#-42.0#3.5833791205008576#9
0000 001B 2000 0000 0000 0000#1626595973319496#-41.0#2.3623304133438876#9
0000 000F 2000 0000 0000 0000#1626595973320532#-41.5#3.810408277107933#9
0000 001A 2000 0000 0000 0000#1626595973322463#-41.5#1.6996507129772904#9
0000 0012 2000 0000 0000 0000#1626595973326522#-41.5#2.055534255766759#9
0000 0019 2000 0000 0000 0000#1626595973328552#-48.0#0.8099418560036186#9
0000 0015 2000 0000 0000 0000#1626595973329859#-45.5#3.8963112012295285#9
0000 0011 2000 0000 0000 0000#1626595973331161#-45.0#1.2210487071569704#9
0000 0013 2000 0000 0000 0000#1626595973332496#-41.0#2.6568547246179306#9
0000 001B 2000 0000 0000 0000#1626595973334290#-41.0#2.423689644859313#9
0000 0010 2000 0000 0000 0000#1626595973335605#-47.5#5.559146375297564#9
0000 001A 2000 0000 0000 0000#1626595973337420#-41.0#1.748738098189631#9
0000 0017 2000 0000 0000 0000#1626595973338938#-34.5#3.0127382674073995#9
0000 001C 2000 0000 0000 0000#1626595973340264#-41.0#3.11091303783208#9
0000 0018 2000 0000 0000 0000#1626595973341300#-46.0#4.693981210930062#9
0000 001D 2000 0000 0000 0000#1626595973343068#-42.0#3.650874275167826#9
0000 0016 2000 0000 0000 0000#1626595973346925#-38.5#3.4177091954092087#9
0000 0014 2000 0000 0000 0000#1626595973354116#-41.5#3.356349963893783#9
0000 000F 2000 0000 0000 0000#1626595973355153#-41.5#3.9638063558964967#9
0000 000F 2000 0000 0000 0000#1626595973618793#-42.0#5.553010452146021#9
0000 001D 2000 0000 0000 0000#1626595973620149#-41.0#4.325825821837508#9
0000 001C 2000 0000 0000 0000#1626595973621733#-39.0#3.9699422790480394#9
0000 0014 2000 0000 0000 0000#1626595973624611#-40.0#4.1172044346850605#9
0000 0016 2000 0000 0000 0000#1626595973625677#-38.0#4.620350133111551#9
0000 0013 2000 0000 0000 0000#1626595973626759#-39.0#3.5895150436524004#9
0000 001A 2000 0000 0000 0000#1626595973627975#-37.5#2.724349879284899#9
0000 001B 2000 0000 0000 0000#1626595973630023#-38.5#3.3502140407422405#9
0000 0017 2000 0000 0000 0000#1626595973631100#-34.5#4.577398671050753#9
0000 0019 2000 0000 0000 0000#1626595973632162#-42.5#2.2518837966161214#9
0000 0011 2000 0000 0000 0000#1626595973633210#-40.5#2.399145952253143#9
0000 0012 2000 0000 0000 0000#1626595973635467#-39.0#3.074097498922825#9
0000 0018 2000 0000 0000 0000#1626595973637357#-44.5#0.3988350048502667#9
0000 0015 2000 0000 0000 0000#1626595973638857#-44.5#4.632621979414636#9
0000 0010 2000 0000 0000 0000#1626595973639972#-42.5#1.325359400733194#9
0000 0010 2000 0000 0000 0000#1626595973645030#-42.5#1.3499030933393643#9
0000 0012 2000 0000 0000 0000#1626595973646091#-39.0#3.0925052683774528#9
0000 0017 2000 0000 0000 0000#1626595973647154#-35.0#4.669437518323892#9
0000 001C 2000 0000 0000 0000#1626595973648695#-39.0#3.9822141253511245#9
0000 0011 2000 0000 0000 0000#1626595973649927#-40.0#2.448233337465483#9
0000 001B 2000 0000 0000 0000#1626595973650950#-38.5#3.411573272257666#9
0000 0015 2000 0000 0000 0000#1626595973652683#-44.5#4.620350133111551#9
0000 0016 2000 0000 0000 0000#1626595973653962#-38.5#4.706253057233147#9
0000 001A 2000 0000 0000 0000#1626595973655504#-37.5#2.767301341345697#9
0000 0018 2000 0000 0000 0000#1626595973656825#-44.5#0.4970097752749477#9
0000 0013 2000 0000 0000 0000#1626595973659815#-39.0#3.6447383520162835#9
0000 0014 2000 0000 0000 0000#1626595973660853#-40.0#4.172427743048944#9
0000 0019 2000 0000 0000 0000#1626595973662515#-42.5#2.350058567040802#9
0000 001D 2000 0000 0000 0000#1626595973666451#-39.5#4.405592822807561#9
0000 000F 2000 0000 0000 0000#1626595973667886#-41.0#5.822991070813893#9
0000 0012 2000 0000 0000 0000#1626595973930298#-36.5#4.276738436625168#9
0000 001D 2000 0000 0000 0000#1626595973932699#-39.5#5.295301679781233#9
0000 0014 2000 0000 0000 0000#1626595973934325#-38.5#5.148039524144211#9
0000 001B 2000 0000 0000 0000#1626595973935646#-36.5#4.571262747899211#9
0000 0017 2000 0000 0000 0000#1626595973936735#-32.5#0.3988350048502667#9
0000 0013 2000 0000 0000 0000#1626595973938071#-37.5#4.773748211900116#9
0000 001A 2000 0000 0000 0000#1626595973939602#-36.0#3.9638063558964967#9
0000 0019 2000 0000 0000 0000#1626595973940892#-38.5#3.497476196379262#9
0000 0015 2000 0000 0000 0000#1626595973942301#-44.5#5.485515297479052#9
0000 001C 2000 0000 0000 0000#1626595973943400#-37.0#5.043728830567988#9
0000 000F 2000 0000 0000 0000#1626595973945249#-38.0#1.3989904785517047#9
0000 0016 2000 0000 0000 0000#1626595973947880#-37.5#0.2761165418194154#9
0000 0011 2000 0000 0000 0000#1626595973949212#-37.0#3.6263305825616556#9
0000 0018 2000 0000 0000 0000#1626595973950454#-38.0#2.1475731030398975#9
0000 0010 2000 0000 0000 0000#1626595973951611#-37.0#2.724349879284899#9
0000 0011 2000 0000 0000 0000#1626595973955817#-37.0#3.6386024288647407#9
0000 0012 2000 0000 0000 0000#1626595973957748#-36.5#4.3074180523828804#9
0000 0019 2000 0000 0000 0000#1626595973959082#-38.5#3.522019888985432#9
0000 0010 2000 0000 0000 0000#1626595973960384#-38.5#2.7550294950426117#9
0000 0017 2000 0000 0000 0000#1626595973961418#-32.5#0.5031456984264903#9
0000 000F 2000 0000 0000 0000#1626595973962983#-38.0#1.4542137869155878#9
0000 001A 2000 0000 0000 0000#1626595973964887#-35.5#4.0128937411088375#9
0000 0014 2000 0000 0000 0000#1626595973965928#-38.5#5.184855063053467#9
0000 0015 2000 0000 0000 0000#1626595973967604#-44.0#5.497787143782138#9
0000 0013 2000 0000 0000 0000#1626595973968657#-37.5#4.822835597112456#9
0000 001D 2000 0000 0000 0000#1626595973969976#-40.0#5.3198453723874035#9
0000 001B 2000 0000 0000 0000#1626595973971027#-37.0#4.638757902566179#9
0000 0018 2000 0000 0000 0000#1626595973972074#-39.0#2.2150682577068657#9
0000 001C 2000 0000 0000 0000#1626595973973147#-37.0#5.080544369477243#9
0000 0016 2000 0000 0000 0000#1626595973975154#-37.5#0.3865631585471816#9
0000 001C 2000 0000 0000 0000#1626595974238678#-36.5#5.013049214810275#9
0000 0018 2000 0000 0000 0000#1626595974240076#-34.5#2.405281875404685#9
0000 001B 2000 0000 0000 0000#1626595974241388#-36.0#4.669437518323892#9
0000 0013 2000 0000 0000 0000#1626595974243438#-36.5#4.828971520263998#9
0000 0017 2000 0000 0000 0000#1626595974245111#-27.5#1.1780972450961724#9
0000 0011 2000 0000 0000 0000#1626595974246238#-35.0#3.730641276137879#9
0000 001A 2000 0000 0000 0000#1626595974247396#-33.0#4.1172044346850605#9
0000 0012 2000 0000 0000 0000#1626595974248943#-35.5#4.430136515413731#9
0000 000F 2000 0000 0000 0000#1626595974250918#-33.5#1.9144080232812801#9
0000 0019 2000 0000 0000 0000#1626595974252480#-36.5#3.5895150436524004#9
0000 0015 2000 0000 0000 0000#1626595974253513#-43.5#5.227806525114265#9
0000 0016 2000 0000 0000 0000#1626595974254552#-35.5#1.2087768608538851#9
0000 0010 2000 0000 0000 0000#1626595974256447#-34.0#2.8838838812250054#9
0000 001D 2000 0000 0000 0000#1626595974258412#-39.5#5.148039524144211#9
0000 0014 2000 0000 0000 0000#1626595974260962#-38.0#5.092816215780329#9
0000 0015 2000 0000 0000 0000#1626595974265843#-44.0#5.246214294568893#9
0000 000F 2000 0000 0000 0000#1626595974267164#-33.0#1.9573594853420782#9
0000 0019 2000 0000 0000 0000#1626595974268698#-36.5#3.6017868899554855#9
0000 0017 2000 0000 0000 0000#1626595974270727#-28.5#1.2701360923693108#9
0000 001C 2000 0000 0000 0000#1626595974272680#-36.5#5.037592907416445#9
0000 001A 2000 0000 0000 0000#1626595974274227#-34.5#4.166291819897402#9
0000 0018 2000 0000 0000 0000#1626595974275558#-35.0#2.4727770300716534#9
0000 0014 2000 0000 0000 0000#1626595974276669#-38.0#5.111223985234957#9
0000 0010 2000 0000 0000 0000#1626595974281359#-35.0#2.8961557275280905#9
0000 0012 2000 0000 0000 0000#1626595974283228#-35.5#4.466952054322987#9
0000 0013 2000 0000 0000 0000#1626595974285563#-36.5#4.896466674930966#9
0000 001B 2000 0000 0000 0000#1626595974286585#-36.0#4.7307967498393175#9
0000 0011 2000 0000 0000 0000#1626595974287956#-35.0#3.816544200259475#9
0000 001D 2000 0000 0000 0000#1626595974289019#-39.5#5.166447293598839#9
0000 0016 2000 0000 0000 0000#1626595974290298#-35.0#1.3560390164909069#9
0000 001C 2000 0000 0000 0000#1626595974555308#-37.0#4.908738521234052#9
0000 000F 2000 0000 0000 0000#1626595974556360#-31.5#2.2948352586769194#9
0000 0013 2000 0000 0000 0000#1626595974558737#-37.0#4.841243366567084#9
0000 0019 2000 0000 0000 0000#1626595974559772#-36.5#3.7429131224409646#9
0000 0010 2000 0000 0000 0000#1626595974561331#-34.5#3.0372819600135696#9
0000 0018 2000 0000 0000 0000#1626595974562471#-32.0#2.662990647769473#9
0000 0016 2000 0000 0000 0000#1626595974563524#-33.0#1.9880391010997909#9
0000 001B 2000 0000 0000 0000#1626595974565102#-36.5#4.706253057233147#9
0000 0015 2000 0000 0000 0000#1626595974566196#-45.0#4.865787059173254#9
0000 0017 2000 0000 0000 0000#1626595974567751#-26.5#1.8223691760081417#9
0000 001A 2000 0000 0000 0000#1626595974568920#-33.5#4.264466590322082#9
0000 0011 2000 0000 0000 0000#1626595974570124#-36.0#3.9453985864418692#9
0000 0012 2000 0000 0000 0000#1626595974571158#-36.0#4.546719055293041#9
0000 001D 2000 0000 0000 0000#1626595974572490#-41.0#4.865787059173254#9
0000 0014 2000 0000 0000 0000#1626595974574281#-39.0#4.933282213840222#9
0000 000F 2000 0000 0000 0000#1626595974581207#-31.5#2.350058567040802#9
0000 0010 2000 0000 0000 0000#1626595974583690#-33.0#3.098641191528995#9
0000 0011 2000 0000 0000 0000#1626595974585022#-36.5#3.9453985864418692#9
0000 0015 2000 0000 0000 0000#1626595974586069#-45.0#4.847379289718626#9
0000 0017 2000 0000 0000 0000#1626595974588044#-26.5#1.88986433067511#9
0000 001B 2000 0000 0000 0000#1626595974589082#-36.5#4.7307967498393175#9
0000 001A 2000 0000 0000 0000#1626595974590144#-34.5#4.28287435977671#9
0000 0016 2000 0000 0000 0000#1626595974591194#-33.0#2.098485717827557#9
0000 0012 2000 0000 0000 0000#1626595974592240#-36.0#4.601942363656923#9
0000 0019 2000 0000 0000 0000#1626595974593350#-36.5#3.773592738198677#9
0000 0013 2000 0000 0000 0000#1626595974594418#-37.0#4.853515212870168#9
0000 0014 2000 0000 0000 0000#1626595974595497#-39.0#4.9394181369917645#9
0000 001D 2000 0000 0000 0000#1626595974596691#-41.0#4.841243366567084#9
0000 0018 2000 0000 0000 0000#1626595974599474#-33.0#2.742757648739526#9
0000 001C 2000 0000 0000 0000#1626595974600931#-37.5#4.92714629068868#9
0000 001D 2000 0000 0000 0000#1626595974862946#-43.5#4.822835597112456#9
0000 0013 2000 0000 0000 0000#1626595974864374#-38.5#5.086680292628786#9
0000 001C 2000 0000 0000 0000#1626595974865430#-39.0#5.049864753719531#9
0000 0017 2000 0000 0000 0000#1626595974866446#-26.0#2.761165418194154#9
0000 0014 2000 0000 0000 0000#1626595974868013#-41.0#5.00077736850719#9
0000 001B 2000 0000 0000 0000#1626595974869079#-38.0#4.994641445355648#9
0000 0019 2000 0000 0000 0000#1626595974871325#-37.0#4.356505437595221#9
0000 0011 2000 0000 0000 0000#1626595974872643#-36.0#4.466952054322987#9
0000 001A 2000 0000 0000 0000#1626595974874202#-36.5#4.718524903536232#9
0000 000F 2000 0000 0000 0000#1626595974875734#-31.0#3.2090878082567613#9
0000 0016 2000 0000 0000 0000#1626595974877272#-32.5#3.1784081924990484#9
0000 0010 2000 0000 0000 0000#1626595974879459#-34.5#3.7551849687440497#9
0000 0012 2000 0000 0000 0000#1626595974881931#-36.5#4.945554060143307#9
0000 0015 2000 0000 0000 0000#1626595974883620#-48.0#4.693981210930062#9
0000 0018 2000 0000 0000 0000#1626595974885034#-31.5#3.479068426924634#9
0000 0015 2000 0000 0000 0000#1626595974891250#-48.5#4.6878452877785195#9
0000 0013 2000 0000 0000 0000#1626595974894405#-39.0#5.0682725231741586#9
0000 0017 2000 0000 0000 0000#1626595974895837#-26.0#2.834796496012665#9
0000 0011 2000 0000 0000 0000#1626595974897156#-36.5#4.503767593232243#9
0000 001B 2000 0000 0000 0000#1626595974898205#-38.0#4.97623367590102#9
0000 0010 2000 0000 0000 0000#1626595974899306#-33.0#3.792000507653305#9
0000 001C 2000 0000 0000 0000#1626595974900337#-39.5#5.019185137961818#9
0000 000F 2000 0000 0000 0000#1626595974901372#-31.0#3.2520392703175593#9
0000 0018 2000 0000 0000 0000#1626595974903390#-33.0#3.522019888985432#9
0000 0016 2000 0000 0000 0000#1626595974904527#-32.0#3.2520392703175593#9
0000 001D 2000 0000 0000 0000#1626595974906722#-44.0#4.755340442445488#9
0000 001A 2000 0000 0000 0000#1626595974907810#-37.0#4.718524903536232#9
0000 0019 2000 0000 0000 0000#1626595974908915#-37.0#4.399456899656019#9
0000 0012 2000 0000 0000 0000#1626595974912109#-37.5#4.9394181369917645#9
0000 0014 2000 0000 0000 0000#1626595974913222#-41.5#4.95168998329485#9
0000 0010 2000 0000 0000 0000#1626595975175651#-34.0#4.614214209960009#9
0000 000F 2000 0000 0000 0000#1626595975176742#-30.5#4.252194744018997#9
0000 0018 2000 0000 0000 0000#1626595975178003#-32.0#4.399456899656019#9
0000 0017 2000 0000 0000 0000#1626595975179105#-25.0#3.9515345095934116#9
0000 0015 2000 0000 0000 0000#1626595975181651#-49.5#4.693981210930062#9
0000 001A 2000 0000 0000 0000#1626595975182698#-37.0#5.105088062083414#9
0000 0019 2000 0000 0000 0000#1626595975185903#-36.5#5.019185137961818#9
0000 001C 2000 0000 0000 0000#1626595975187259#-41.5#5.197126909356553#9
0000 0013 2000 0000 0000 0000#1626595975188827#-41.0#5.295301679781233#9
0000 001B 2000 0000 0000 0000#1626595975190163#-39.5#5.246214294568893#9
0000 0016 2000 0000 0000 0000#1626595975191229#-31.5#4.466952054322987#9
0000 0014 2000 0000 0000 0000#1626595975192337#-43.0#5.105088062083414#9
0000 0012 2000 0000 0000 0000#1626595975196250#-39.0#5.2768939103266055#9
0000 0011 2000 0000 0000 0000#1626595975197670#-36.5#5.006913291658733#9
0000 001D 2000 0000 0000 0000#1626595975199829#-45.5#4.767612288748572#9
0000 001B 2000 0000 0000 0000#1626595975203918#-39.5#5.240078371417351#9
0000 001C 2000 0000 0000 0000#1626595975205491#-41.5#5.1725832167503825#9
0000 0019 2000 0000 0000 0000#1626595975206555#-36.5#5.006913291658733#9
0000 000F 2000 0000 0000 0000#1626595975207563#-30.0#4.289010282928253#9
0000 0013 2000 0000 0000 0000#1626595975208887#-41.0#5.2768939103266055#9
0000 0018 2000 0000 0000 0000#1626595975210439#-32.5#4.430136515413731#9
0000 0010 2000 0000 0000 0000#1626595975212680#-34.0#4.614214209960009#9
0000 0014 2000 0000 0000 0000#1626595975213733#-43.5#5.062136600022616#9
0000 0012 2000 0000 0000 0000#1626595975215489#-39.0#5.252350217720435#9
0000 0017 2000 0000 0000 0000#1626595975217309#-26.5#3.9944859716542096#9
0000 0015 2000 0000 0000 0000#1626595975219752#-49.5#4.638757902566179#9
0000 001D 2000 0000 0000 0000#1626595975220816#-46.0#4.743068596142402#9
0000 0016 2000 0000 0000 0000#1626595975222363#-31.5#4.503767593232243#9
0000 0011 2000 0000 0000 0000#1626595975226624#-36.5#4.988505522204105#9
0000 001A 2000 0000 0000 0000#1626595975227656#-37.0#5.062136600022616#9
0000 001A 2000 0000 0000 0000#1626595975491125#-38.0#4.331961744989051#9
0000 0018 2000 0000 0000 0000#1626595975492200#-32.0#4.129476280988146#9
0000 0017 2000 0000 0000 0000#1626595975493287#-26.5#3.834951969714103#9
0000 001C 2000 0000 0000 0000#1626595975497144#-43.5#4.276738436625168#9
0000 0012 2000 0000 0000 0000#1626595975498192#-40.0#4.460816131171445#9
0000 0010 2000 0000 0000 0000#1626595975499831#-32.0#4.196971435655114#9
0000 0011 2000 0000 0000 0000#1626595975501407#-36.5#4.344233591292136#9
0000 000F 2000 0000 0000 0000#1626595975502470#-30.0#4.09266074207889#9
0000 001B 2000 0000 0000 0000#1626595975503549#-41.0#4.3933209765044765#9
0000 0016 2000 0000 0000 0000#1626595975504800#-32.0#4.503767593232243#9
0000 0014 2000 0000 0000 0000#1626595975506050#-45.5#4.147884050442774#9
0000 0015 2000 0000 0000 0000#1626595975507085#-51.5#3.6876898140770815#9
0000 001D 2000 0000 0000 0000#1626595975508132#-48.0#3.767456815047135#9
0000 0019 2000 0000 0000 0000#1626595975509337#-37.0#4.430136515413731#9
0000 0013 2000 0000 0000 0000#1626595975511303#-42.5#4.405592822807561#9
0000 0017 2000 0000 0000 0000#1626595975517019#-25.0#3.865631585471816#9
0000 0015 2000 0000 0000 0000#1626595975519258#-51.5#3.663146121470911#9
0000 000F 2000 0000 0000 0000#1626595975520566#-30.0#4.0987966652304335#9
0000 0018 2000 0000 0000 0000#1626595975521949#-30.5#4.135612204139688#9
0000 0010 2000 0000 0000 0000#1626595975524004#-33.0#4.178563666200486#9
0000 001C 2000 0000 0000 0000#1626595975525315#-44.0#4.23378697456437#9
0000 0016 2000 0000 0000 0000#1626595975526366#-32.0#4.528311285838413#9
0000 001B 2000 0000 0000 0000#1626595975528642#-41.5#4.331961744989051#9
0000 001A 2000 0000 0000 0000#1626595975532788#-38.5#4.25833066717054#9
0000 0013 2000 0000 0000 0000#1626595975533827#-43.0#4.368777283898306#9
0000 0012 2000 0000 0000 0000#1626595975544351#-40.5#4.577398671050753#9
0000 0014 2000 0000 0000 0000#1626595975545670#-45.5#4.246058820867455#9
0000 0011 2000 0000 0000 0000#1626595975546817#-36.5#4.466952054322987#9
0000 0019 2000 0000 0000 0000#1626595975547849#-37.0#4.558990901596125#9
0000 001D 2000 0000 0000 0000#1626595975548999#-48.5#3.8840393549264434#9
0000 001B 2000 0000 0000 0000#1626595975812618#-43.5#3.3440781175906977#9
0000 001D 2000 0000 0000 0000#1626595975813693#-51.0#2.6568547246179306#9
0000 000F 2000 0000 0000 0000#1626595975814980#-30.0#3.6876898140770815#9
0000 0010 2000 0000 0000 0000#1626595975817596#-33.5#3.552699504743145#9
0000 001A 2000 0000 0000 0000#1626595975818884#-40.0#3.2643111166206444#9
0000 0014 2000 0000 0000 0000#1626595975820688#-49.0#2.9759227284981438#9
0000 0016 2000 0000 0000 0000#1626595975821740#-31.5#4.3933209765044765#9
0000 0019 2000 0000 0000 0000#1626595975822776#-37.5#3.5895150436524004#9
0000 0015 2000 0000 0000 0000#1626595975823894#-55.0#2.5034566458293663#9
0000 0013 2000 0000 0000 0000#1626595975825207#-45.0#3.2949907323783574#9
0000 0017 2000 0000 0000 0000#1626595975826282#-26.0#3.5772431973493153#9
0000 0018 2000 0000 0000 0000#1626595975827614#-32.0#3.6079228131070282#9
0000 001C 2000 0000 0000 0000#1626595975828713#-47.0#3.08636934522591#9
0000 0012 2000 0000 0000 0000#1626595975832797#-42.0#3.368621810196868#9
0000 0011 2000 0000 0000 0000#1626595975833886#-37.5#3.399301425954581#9
0000 0011 2000 0000 0000 0000#1626595975838034#-38.0#3.380893656499953#9
0000 0016 2000 0000 0000 0000#1626595975840051#-31.5#4.405592822807561#9
0000 0019 2000 0000 0000 0000#1626595975841116#-37.5#3.54042765844006#9
0000 0015 2000 0000 0000 0000#1626595975842422#-55.5#2.4605051837685683#9
0000 001B 2000 0000 0000 0000#1626595975844000#-43.5#3.2581751934691017#9
0000 0017 2000 0000 0000 0000#1626595975845572#-26.0#3.5711072741977725#9
0000 0018 2000 0000 0000 0000#1626595975846872#-32.0#3.5772431973493153#9
0000 001C 2000 0000 0000 0000#1626595975847930#-47.0#3.0372819600135696#9
0000 001A 2000 0000 0000 0000#1626595975849681#-40.5#3.184544115650591#9
0000 0010 2000 0000 0000 0000#1626595975852272#-31.5#3.5036121195308043#9
0000 000F 2000 0000 0000 0000#1626595975853295#-30.0#3.6815538909255388#9
0000 0013 2000 0000 0000 0000#1626595975855431#-45.5#3.2336315008629315#9
0000 001D 2000 0000 0000 0000#1626595975856673#-51.5#2.4850488763747385#9
0000 0014 2000 0000 0000 0000#1626595975859338#-49.0#2.859340188618835#9
0000 0012 2000 0000 0000 0000#1626595975860968#-42.5#3.2949907323783574#9
0000 0015 2000 0000 0000 0000#1626595976127374#-59.5#1.2885438618239387#9
0000 001A 2000 0000 0000 0000#1626595976129793#-41.0#2.6139032625571326#9
0000 0018 2000 0000 0000 0000#1626595976131970#-32.0#3.4606606574700063#9
0000 0013 2000 0000 0000 0000#1626595976133021#-47.5#2.5402721847386216#9
0000 0016 2000 0000 0000 0000#1626595976134087#-31.5#4.657165672020807#9
0000 0019 2000 0000 0000 0000#1626595976135161#-38.5#3.117048960983623#9
0000 0010 2000 0000 0000 0000#1626595976136292#-32.5#3.2643111166206444#9
0000 0011 2000 0000 0000 0000#1626595976137354#-38.0#2.8716120349219203#9
0000 001C 2000 0000 0000 0000#1626595976138425#-50.0#2.2334760271614935#9
0000 0014 2000 0000 0000 0000#1626595976139491#-51.5#2.055534255766759#9
0000 000F 2000 0000 0000 0000#1626595976140569#-30.5#3.650874275167826#9
0000 0012 2000 0000 0000 0000#1626595976141603#-43.0#2.693670263527186#9
0000 001B 2000 0000 0000 0000#1626595976142639#-45.5#2.5586799541932495#9
0000 0017 2000 0000 0000 0000#1626595976143686#-26.0#3.650874275167826#9
0000 001D 2000 0000 0000 0000#1626595976144874#-56.0#1.576932249946439#9
0000 0017 2000 0000 0000 0000#1626595976152298#-24.5#3.6263305825616556#9
0000 0013 2000 0000 0000 0000#1626595976161297#-48.0#3.1968159619536762#9
0000 0016 2000 0000 0000 0000#1626595976162575#-31.0#5.381204603902829#9
0000 0019 2000 0000 0000 0000#1626595976163608#-38.0#3.865631585471816#9
0000 001B 2000 0000 0000 0000#1626595976166111#-45.5#3.2704470397721868#9
0000 0014 2000 0000 0000 0000#1626595976167633#-51.5#2.675262494072558#9
0000 0011 2000 0000 0000 0000#1626595976169264#-36.5#3.6017868899554855#9
0000 001A 2000 0000 0000 0000#1626595976170570#-40.5#3.3195344249845276#9
0000 001C 2000 0000 0000 0000#1626595976171611#-50.0#2.84706834231575#9
0000 0018 2000 0000 0000 0000#1626595976174256#-30.5#4.2031073588066565#9
0000 000F 2000 0000 0000 0000#1626595976175276#-29.5#4.3933209765044765#9
0000 0010 2000 0000 0000 0000#1626595976176902#-32.0#4.000621894805752#9
0000 0015 2000 0000 0000 0000#1626595976179308#-59.5#1.607611865704152#9
0000 0012 2000 0000 0000 0000#1626595976180438#-43.0#3.393165502803038#9
0000 001D 2000 0000 0000 0000#1626595976182039#-53.5#2.024854640009046#9
0000 001D 2000 0000 0000 0000#1626595976449528#-50.5#5.638913376267617#9
0000 0011 2000 0000 0000 0000#1626595976450790#-38.5#2.6875343403756435#9
0000 0018 2000 0000 0000 0000#1626595976452092#-32.5#3.485204350076177#9
0000 000F 2000 0000 0000 0000#1626595976453113#-31.0#3.7551849687440497#9
0000 0016 2000 0000 0000 0000#1626595976454662#-31.5#4.9823695990525625#9
0000 0019 2000 0000 0000 0000#1626595976455727#-38.5#2.9391071895888885#9
0000 0012 2000 0000 0000 0000#1626595976456787#-45.5#2.337786720737717#9
0000 001A 2000 0000 0000 0000#1626595976458109#-42.5#2.2886993355253766#9
0000 0010 2000 0000 0000 0000#1626595976459423#-34.5#3.1968159619536762#9
0000 0017 2000 0000 0000 0000#1626595976460485#-27.0#3.834951969714103#9
0000 0013 2000 0000 0000 0000#1626595976462503#-50.5#1.7548740213411735#9
0000 0014 2000 0000 0000 0000#1626595976465068#-54.5#0.9142525495798421#9
0000 0015 2000 0000 0000 0000#1626595976466133#-47.5#5.399612373357457#9
0000 001C 2000 0000 0000 0000#1626595976469928#-53.0#1.0921943209745766#9
0000 001B 2000 0000 0000 0000#1626595976471561#-48.0#1.9512235621905356#9
0000 0019 2000 0000 0000 0000#1626595976477320#-38.5#2.8838838812250054#9
0000 0012 2000 0000 0000 0000#1626595976478638#-45.5#2.2457478734645786#9
0000 0018 2000 0000 0000 0000#1626595976479695#-33.0#3.4177091954092087#9
0000 0016 2000 0000 0000 0000#1626595976480721#-32.0#4.945554060143307#9
0000 001A 2000 0000 0000 0000#1626595976482362#-41.0#2.2334760271614935#9
0000 0011 2000 0000 0000 0000#1626595976483778#-38.0#2.6323110320117604#9
0000 0015 2000 0000 0000 0000#1626595976484870#-47.0#5.289165756629691#9
0000 0010 2000 0000 0000 0000#1626595976487963#-33.5#3.153864499892878#9
0000 0014 2000 0000 0000 0000#1626595976489054#-54.5#0.7547185476397354#9
0000 001D 2000 0000 0000 0000#1626595976490658#-48.0#5.289165756629691#9
0000 001C 2000 0000 0000 0000#1626595976491701#-53.0#0.9817477042468103#9
0000 0013 2000 0000 0000 0000#1626595976492782#-51.0#1.6382914814618648#9
0000 0017 2000 0000 0000 0000#1626595976494120#-25.0#3.767456815047135#9
0000 000F 2000 0000 0000 0000#1626595976495656#-31.0#3.6815538909255388#9
0000 001B 2000 0000 0000 0000#1626595976498172#-48.5#1.859184714917397#9
0000 0018 2000 0000 0000 0000#1626595976772231#-33.0#2.521864415283994#9
0000 0011 2000 0000 0000 0000#1626595976773548#-42.0#1.6382914814618648#9
0000 001C 2000 0000 0000 0000#1626595976774607#-44.0#4.227651051412827#9
0000 001D 2000 0000 0000 0000#1626595976775909#-49.0#3.9699422790480394#9
0000 0012 2000 0000 0000 0000#1626595976777563#-47.5#0.8651651643675016#9
0000 000F 2000 0000 0000 0000#1626595976779821#-32.0#2.82252464970958#9
0000 0017 2000 0000 0000 0000#1626595976780855#-28.0#2.9329712664373457#9
0000 0014 2000 0000 0000 0000#1626595976784579#-44.5#4.1172044346850605#9
0000 0016 2000 0000 0000 0000#1626595976788436#-33.5#4.28287435977671#9
0000 001A 2000 0000 0000 0000#1626595976789469#-46.0#1.0062913968529805#9
0000 0015 2000 0000 0000 0000#1626595976790520#-58.5#4.06811704947272#9
0000 0010 2000 0000 0000 0000#1626595976792883#-35.0#2.1966604882522383#9
0000 0013 2000 0000 0000 0000#1626595976793951#-49.0#5.2768939103266055#9
0000 0019 2000 0000 0000 0000#1626595976794985#-41.0#1.88986433067511#9
0000 001B 2000 0000 0000 0000#1626595976796047#-52.0#6.1850105367549055#9
0000 0011 2000 0000 0000 0000#1626595976803447#-41.0#1.521708941582556#9
0000 0017 2000 0000 0000 0000#1626595976804509#-28.0#2.8716120349219203#9
0000 000F 2000 0000 0000 0000#1626595976806736#-32.5#2.767301341345697#9
0000 001B 2000 0000 0000 0000#1626595976807803#-51.5#6.056156150572511#9
0000 001A 2000 0000 0000 0000#1626595976809344#-46.5#0.9142525495798421#9
0000 0010 2000 0000 0000 0000#1626595976811874#-36.5#2.141437179888355#9
0000 0019 2000 0000 0000 0000#1626595976813179#-41.0#1.8346410223112268#9
0000 001C 2000 0000 0000 0000#1626595976814262#-43.5#4.0558452031696355#9
0000 0018 2000 0000 0000 0000#1626595976815390#-33.5#2.423689644859313#9
0000 0012 2000 0000 0000 0000#1626595976817475#-47.5#0.6135923151542565#9
0000 0014 2000 0000 0000 0000#1626595976818527#-45.0#3.9822141253511245#9
0000 001D 2000 0000 0000 0000#1626595976819846#-51.5#3.933126740138784#9
0000 0016 2000 0000 0000 0000#1626595976820924#-33.5#4.215379205109742#9
0000 0013 2000 0000 0000 0000#1626595976822632#-47.5#4.933282213840222#9
0000 0015 2000 0000 0000 0000#1626595976825368#-60.5#3.761320891895592#9
0000 0017 2000 0000 0000 0000#1626595977092833#-30.5#1.7548740213411735#9
0000 0018 2000 0000 0000 0000#1626595977094751#-38.0#1.2701360923693108#9
0000 0016 2000 0000 0000 0000#1626595977096389#-36.5#3.11091303783208#9
0000 000F 2000 0000 0000 0000#1626595977097443#-36.0#1.6382914814618648#9
0000 0019 2000 0000 0000 0000#1626595977099863#-47.0#0.3190680038802134#9
0000 0013 2000 0000 0000 0000#1626595977100930#-43.5#2.8716120349219203#9
0000 0010 2000 0000 0000 0000#1626595977102033#-41.0#0.8835729338221293#9
0000 001C 2000 0000 0000 0000#1626595977103219#-52.0#2.9575149590435164#9
0000 001B 2000 0000 0000 0000#1626595977104312#-43.0#3.0127382674073995#9
0000 001A 2000 0000 0000 0000#1626595977105636#-48.0#4.589670517353839#9
0000 0015 2000 0000 0000 0000#1626595977107288#-67.5#0.34974761963792617#9
0000 001D 2000 0000 0000 0000#1626595977108389#-62.5#0.9694758579437253#9
0000 0014 2000 0000 0000 0000#1626595977110434#-57.0#2.5157284921324514#9
0000 0012 2000 0000 0000 0000#1626595977111510#-44.5#3.724505352986337#9
0000 0011 2000 0000 0000 0000#1626595977112571#-46.5#5.890486225480862#9
0000 0015 2000 0000 0000 0000#1626595977118592#-67.5#0.14112623248547898#9
0000 0012 2000 0000 0000 0000#1626595977120736#-44.0#3.650874275167826#9
0000 0016 2000 0000 0000 0000#1626595977122414#-36.5#3.067961575771282#9
0000 0017 2000 0000 0000 0000#1626595977123486#-29.5#1.6873788666742053#9
0000 001C 2000 0000 0000 0000#1626595977124586#-53.5#2.9943304979527716#9
0000 0010 2000 0000 0000 0000#1626595977125741#-40.0#0.8344855486097889#9
0000 001B 2000 0000 0000 0000#1626595977126824#-43.0#2.9329712664373457#9
0000 0011 2000 0000 0000 0000#1626595977127993#-45.0#5.822991070813893#9
0000 000F 2000 0000 0000 0000#1626595977129479#-37.0#1.5707963267948966#9
0000 0013 2000 0000 0000 0000#1626595977130819#-44.0#2.816388726558037#9
0000 0018 2000 0000 0000 0000#1626595977131892#-37.5#1.1658253987930873#9
0000 001D 2000 0000 0000 0000#1626595977134102#-62.5#0.607456392002714#9
0000 001A 2000 0000 0000 0000#1626595977135147#-46.5#4.239922897715912#9
0000 0019 2000 0000 0000 0000#1626595977136353#-48.0#0.1227184630308513#9
0000 0014 2000 0000 0000 0000#1626595977137547#-59.0#2.3316507975861747#9
0000 0016 2000 0000 0000 0000#1626595977401323#-36.5#3.552699504743145#9
0000 0014 2000 0000 0000 0000#1626595977402377#-61.5#1.2026409377023426#9
0000 0013 2000 0000 0000 0000#1626595977404383#-53.0#3.3318062712876126#9
0000 0018 2000 0000 0000 0000#1626595977405539#-41.5#1.4358060174609601#9
0000 0015 2000 0000 0000 0000#1626595977406817#-54.5#4.154019973594316#9
0000 0017 2000 0000 0000 0000#1626595977409120#-33.0#2.12916533358527#9
0000 001C 2000 0000 0000 0000#1626595977410206#-60.0#2.3193789512830896#9
0000 0012 2000 0000 0000 0000#1626595977411364#-40.0#3.724505352986337#9
0000 001B 2000 0000 0000 0000#1626595977413182#-50.5#3.859495662320273#9
0000 001A 2000 0000 0000 0000#1626595977414244#-39.0#3.785864584501762#9
0000 0019 2000 0000 0000 0000#1626595977415520#-45.5#5.405748296509#9
0000 000F 2000 0000 0000 0000#1626595977416555#-39.0#1.9634954084936207#9
0000 0011 2000 0000 0000 0000#1626595977418613#-41.0#4.626486056263094#9
0000 001D 2000 0000 0000 0000#1626595977419731#-55.5#4.387185053352934#9
0000 0010 2000 0000 0000 0000#1626595977421311#-44.0#0.5951845456996288#9
0000 0016 2000 0000 0000 0000#1626595977429692#-37.0#3.5158839658338894#9
0000 0013 2000 0000 0000 0000#1626595977431005#-54.0#3.1968159619536762#9
0000 0018 2000 0000 0000 0000#1626595977432163#-42.0#1.3314953238847365#9
0000 001A 2000 0000 0000 0000#1626595977433751#-39.0#3.7551849687440497#9
0000 0019 2000 0000 0000 0000#1626595977436850#-44.5#5.258486140871978#9
0000 0015 2000 0000 0000 0000#1626595977437883#-54.5#3.9269908169872414#9
0000 0010 2000 0000 0000 0000#1626595977439479#-44.0#0.4724660826687775#9
0000 000F 2000 0000 0000 0000#1626595977440602#-40.0#1.9144080232812801#9
0000 0017 2000 0000 0000 0000#1626595977441693#-33.5#2.0923497946760143#9
0000 001C 2000 0000 0000 0000#1626595977442777#-60.5#2.2027964114037806#9
0000 001D 2000 0000 0000 0000#1626595977443855#-55.0#4.252194744018997#9
0000 0012 2000 0000 0000 0000#1626595977445383#-42.0#3.7122335066832517#9
0000 0011 2000 0000 0000 0000#1626595977446555#-38.5#4.466952054322987#9
0000 0014 2000 0000 0000 0000#1626595977447834#-63.0#0.5276893910326605#9
0000 001B 2000 0000 0000 0000#1626595977450868#-52.0#3.767456815047135#9
0000 001A 2000 0000 0000 0000#1626595977713892#-50.5#3.2581751934691017#9
0000 000F 2000 0000 0000 0000#1626595977715125#-47.0#0.5829126993965437#9
0000 001C 2000 0000 0000 0000#1626595977717114#-61.0#4.546719055293041#9
0000 0010 2000 0000 0000 0000#1626595977718796#-41.0#4.620350133111551#9
0000 0012 2000 0000 0000 0000#1626595977719887#-51.5#2.7550294950426117#9
0000 0019 2000 0000 0000 0000#1626595977721417#-42.0#3.9453985864418692#9
0000 0011 2000 0000 0000 0000#1626595977722751#-42.5#3.5833791205008576#9
0000 0013 2000 0000 0000 0000#1626595977725292#-57.5#0.8774370106705868#9
0000 001D 2000 0000 0000 0000#1626595977726381#-54.5#2.4850488763747385#9
0000 0015 2000 0000 0000 0000#1626595977727913#-54.0#2.024854640009046#9
0000 0017 2000 0000 0000 0000#1626595977728993#-41.0#1.1228739367322893#9
0000 0016 2000 0000 0000 0000#1626595977730054#-41.5#2.8286605728611223#9
0000 0014 2000 0000 0000 0000#1626595977731380#-56.5#3.8288160465625602#9
0000 0018 2000 0000 0000 0000#1626595977732937#-46.5#5.43029198911517#9
0000 001B 2000 0000 0000 0000#1626595977737644#-56.0#1.7303303287350031#9
0000 0012 2000 0000 0000 0000#1626595977742054#-52.0#2.5954954931025047#9
0000 0018 2000 0000 0000 0000#1626595977743358#-46.0#5.338253141842031#9
0000 0014 2000 0000 0000 0000#1626595977745757#-56.0#3.706097583531709#9
0000 001D 2000 0000 0000 0000#1626595977747017#-54.0#2.380738182798515#9
0000 0016 2000 0000 0000 0000#1626595977748566#-41.5#2.816388726558037#9
0000 001A 2000 0000 0000 0000#1626595977750123#-52.0#3.141592653589793#9
0000 0019 2000 0000 0000 0000#1626595977751157#-42.5#3.9147189706841563#9
0000 0017 2000 0000 0000 0000#1626595977752234#-41.5#1.030835089459151#9
0000 001C 2000 0000 0000 0000#1626595977753549#-60.0#4.28287435977671#9
0000 000F 2000 0000 0000 0000#1626595977755727#-47.0#0.32520392703175593#9
0000 0011 2000 0000 0000 0000#1626595977756849#-43.5#3.5833791205008576#9
0000 0010 2000 0000 0000 0000#1626595977757937#-42.0#4.473087977474529#9
0000 001B 2000 0000 0000 0000#1626595977759031#-56.5#1.521708941582556#9
0000 0013 2000 0000 0000 0000#1626595977760940#-58.0#0.4724660826687775#9
0000 0015 2000 0000 0000 0000#1626595977762232#-54.5#1.9266798695843652#9
0000 000F 2000 0000 0000 0000#1626595978026361#-45.5#4.822835597112456#9
0000 0010 2000 0000 0000 0000#1626595978027956#-44.5#3.7429131224409646#9
0000 0015 2000 0000 0000 0000#1626595978029237#-62.5#0.8467573949128739#9
0000 001B 2000 0000 0000 0000#1626595978031070#-57.5#4.381049130201391#9
0000 0019 2000 0000 0000 0000#1626595978033512#-51.5#3.184544115650591#9
0000 0013 2000 0000 0000 0000#1626595978034565#-55.5#3.761320891895592#9
0000 0012 2000 0000 0000 0000#1626595978036310#-58.5#0.030679615757712823#9
0000 0018 2000 0000 0000 0000#1626595978037612#-45.0#4.172427743048944#9
0000 001D 2000 0000 0000 0000#1626595978039870#-59.0#1.4726215563702154#9
0000 0014 2000 0000 0000 0000#1626595978040965#-55.5#2.350058567040802#9
0000 0017 2000 0000 0000 0000#1626595978042026#-43.0#5.184855063053467#9
0000 0011 2000 0000 0000 0000#1626595978043313#-51.5#2.399145952253143#9
0000 001A 2000 0000 0000 0000#1626595978045219#-56.5#1.086058397823034#9
0000 0016 2000 0000 0000 0000#1626595978046768#-49.0#1.6014759425526093#9
0000 001C 2000 0000 0000 0000#1626595978048915#-56.5#2.736621725587984#9
0000 0016 2000 0000 0000 0000#1626595978054956#-49.5#1.5401167110371838#9
0000 0017 2000 0000 0000 0000#1626595978056289#-42.5#5.129631754689584#9
0000 001A 2000 0000 0000 0000#1626595978058563#-56.0#0.9203884727313847#9
0000 0012 2000 0000 0000 0000#1626595978060678#-58.5#5.939573610693203#9
0000 0019 2000 0000 0000 0000#1626595978061668#-52.5#3.08636934522591#9
0000 0014 2000 0000 0000 0000#1626595978062779#-56.0#2.2457478734645786#9
0000 0018 2000 0000 0000 0000#1626595978063920#-44.0#4.1417481272912315#9
0000 0010 2000 0000 0000 0000#1626595978065261#-45.5#3.6692820446224537#9
0000 000F 2000 0000 0000 0000#1626595978066563#-46.0#4.669437518323892#9
0000 0011 2000 0000 0000 0000#1626595978068323#-51.5#2.2027964114037806#9
0000 001B 2000 0000 0000 0000#1626595978070122#-57.5#4.06811704947272#9
0000 001C 2000 0000 0000 0000#1626595978071296#-56.0#2.5954954931025047#9
0000 0013 2000 0000 0000 0000#1626595978072675#-55.0#3.5465635815916023#9
0000 001D 2000 0000 0000 0000#1626595978073922#-59.5#1.380582709097077#9
0000 0012 2000 0000 0000 0000#1626595978339972#-54.5#2.9943304979527716#9
0000 0018 2000 0000 0000 0000#1626595978341260#-51.5#2.730485802436441#9
0000 001B 2000 0000 0000 0000#1626595978343663#-56.0#2.1966604882522383#9
0000 0010 2000 0000 0000 0000#1626595978345371#-52.5#1.9696313316451632#9
0000 000F 2000 0000 0000 0000#1626595978346478#-48.5#3.380893656499953#9
0000 0019 2000 0000 0000 0000#1626595978347738#-57.5#0.944932165337555#9
0000 0011 2000 0000 0000 0000#1626595978348770#-57.0#5.270757987175063#9
0000 0016 2000 0000 0000 0000#1626595978349831#-50.5#5.559146375297564#9
0000 0017 2000 0000 0000 0000#1626595978350912#-43.0#3.5158839658338894#9
0000 001C 2000 0000 0000 0000#1626595978352603#-60.5#1.1719613219446299#9
0000 0014 2000 0000 0000 0000#1626595978353626#-61.5#0.4479223900626072#9
0000 0013 2000 0000 0000 0000#1626595978356822#-55.5#1.718058482431918#9
0000 001A 2000 0000 0000 0000#1626595978357885#-55.0#3.2827188860752723#9
0000 001C 2000 0000 0000 0000#1626595978363367#-61.0#1.2210487071569704#9
0000 001A 2000 0000 0000 0000#1626595978365745#-55.0#3.2213596545598464#9
0000 0013 2000 0000 0000 0000#1626595978366923#-56.0#1.6689710972195777#9
0000 0017 2000 0000 0000 0000#1626595978368274#-43.0#3.472932503773092#9
0000 001B 2000 0000 0000 0000#1626595978369311#-55.5#2.116893487282185#9
0000 0011 2000 0000 0000 0000#1626595978370647#-56.5#4.97623367590102#9
0000 0018 2000 0000 0000 0000#1626595978371689#-51.5#2.6261751088602177#9
0000 0010 2000 0000 0000 0000#1626595978372723#-53.0#1.7732817907958012#9
0000 0012 2000 0000 0000 0000#1626595978374197#-54.0#2.804116880254952#9
0000 000F 2000 0000 0000 0000#1626595978375259#-49.0#3.2888548092268146#9
0000 0016 2000 0000 0000 0000#1626595978376752#-50.0#5.43029198911517#9
0000 0019 2000 0000 0000 0000#1626595978378215#-58.5#0.6933593161243098#9
0000 0014 2000 0000 0000 0000#1626595978379440#-62.0#0.42337869745643697#9
0000 0010 2000 0000 0000 0000#1626595978644491#-52.5#0.5706408530934585#9
0000 0011 2000 0000 0000 0000#1626595978645621#-51.5#3.9944859716542096#9
0000 0017 2000 0000 0000 0000#1626595978648470#-44.0#3.6140587362585705#9
0000 0012 2000 0000 0000 0000#1626595978649831#-51.0#2.2334760271614935#9
0000 0016 2000 0000 0000 0000#1626595978650955#-47.5#5.252350217720435#9
0000 000F 2000 0000 0000 0000#1626595978651989#-51.0#3.172272269347506#9
0000 0019 2000 0000 0000 0000#1626595978653940#-55.5#4.908738521234052#9
0000 001B 2000 0000 0000 0000#1626595978654964#-55.5#1.6137477888556946#9
0000 001A 2000 0000 0000 0000#1626595978656154#-51.0#2.705942109830271#9
0000 0013 2000 0000 0000 0000#1626595978657225#-57.5#0.7853981633974483#9
0000 0018 2000 0000 0000 0000#1626595978658312#-53.0#1.859184714917397#9
0000 001A 2000 0000 0000 0000#1626595978662394#-51.5#2.6568547246179306#9
0000 0018 2000 0000 0000 0000#1626595978664767#-53.0#1.8346410223112268#9
0000 0017 2000 0000 0000 0000#1626595978666086#-44.5#3.5342917352885173#9
0000 0010 2000 0000 0000 0000#1626595978667388#-54.5#0.35588354278946877#9
0000 0012 2000 0000 0000 0000#1626595978668674#-51.5#2.12916533358527#9
0000 0016 2000 0000 0000 0000#1626595978669710#-47.0#5.21553467881118#9
0000 0019 2000 0000 0000 0000#1626595978671540#-55.5#4.804427827657828#9
0000 000F 2000 0000 0000 0000#1626595978672630#-51.5#3.055689729468197#9
