0000 000F 2000 0000 0000 0000#1626595864340931#-46.0#2.84706834231575#9
0000 0016 2000 0000 0000 0000#1626595864342483#-67.0#3.865631585471816#9
0000 0011 2000 0000 0000 0000#1626595864345247#-45.5#3.9269908169872414#9
0000 0013 2000 0000 0000 0000#1626595864346556#-51.5#0.4540583132141498#9
0000 0018 2000 0000 0000 0000#1626595864348946#-46.0#3.2090878082567613#9
0000 0010 2000 0000 0000 0000#1626595864350596#-42.5#3.368621810196868#9
0000 0014 2000 0000 0000 0000#1626595864351924#-49.5#1.7119225592803755#9
0000 001A 2000 0000 0000 0000#1626595864353053#-44.5#4.577398671050753#9
0000 0019 2000 0000 0000 0000#1626595864354957#-44.5#3.718369429834794#9
0000 001C 2000 0000 0000 0000#1626595864359217#-49.0#1.3192234775816514#9
0000 001D 2000 0000 0000 0000#1626595864360529#-48.5#2.2457478734645786#9
0000 001B 2000 0000 0000 0000#1626595864361578#-50.5#6.17273869045182#9
0000 0017 2000 0000 0000 0000#1626595864362739#-44.5#2.3071071049800045#9
0000 0012 2000 0000 0000 0000#1626595864364911#-49.0#5.197126909356553#9
0000 0015 2000 0000 0000 0000#1626595864366257#-50.5#2.448233337465483#9
0000 001D 2000 0000 0000 0000#1626595864378715#-48.5#2.454369260617026#9
0000 001C 2000 0000 0000 0000#1626595864379785#-49.0#1.521708941582556#9
0000 000F 2000 0000 0000 0000#1626595864381682#-46.5#3.074097498922825#9
0000 0011 2000 0000 0000 0000#1626595864382839#-43.5#4.111068511533518#9
0000 0017 2000 0000 0000 0000#1626595864383886#-44.5#2.478912953223196#9
0000 0015 2000 0000 0000 0000#1626595864385208#-50.5#2.60776733940559#9
0000 0010 2000 0000 0000 0000#1626595864386349#-42.5#3.5772431973493153#9
0000 0014 2000 0000 0000 0000#1626595864387429#-49.5#1.8960002538266525#9
0000 0019 2000 0000 0000 0000#1626595864388519#-45.0#3.9269908169872414#9
0000 001A 2000 0000 0000 0000#1626595864389564#-46.5#4.767612288748572#9
0000 0018 2000 0000 0000 0000#1626595864390668#-45.5#3.399301425954581#9
0000 001B 2000 0000 0000 0000#1626595864391746#-50.5#0.07976700097005335#9
0000 0012 2000 0000 0000 0000#1626595864393062#-49.0#5.399612373357457#9
0000 0013 2000 0000 0000 0000#1626595864395409#-52.0#0.6872233929727672#9
0000 0016 2000 0000 0000 0000#1626595864397842#-65.5#4.111068511533518#9
0000 0011 2000 0000 0000 0000#1626595864665583#-45.0#5.148039524144211#9
0000 000F 2000 0000 0000 0000#1626595864666618#-43.0#3.847223816017188#9
0000 0019 2000 0000 0000 0000#1626595864668164#-44.5#4.884194828627882#9
0000 0010 2000 0000 0000 0000#1626595864669692#-43.0#4.411728745959104#9
0000 001C 2000 0000 0000 0000#1626595864673433#-46.5#2.6813984172241008#9
0000 0013 2000 0000 0000 0000#1626595864674713#-49.0#2.055534255766759#9
0000 0012 2000 0000 0000 0000#1626595864675774#-49.5#0.6013204688511713#9
0000 001A 2000 0000 0000 0000#1626595864676850#-47.0#6.043884304269426#9
0000 0015 2000 0000 0000 0000#1626595864677881#-49.0#3.724505352986337#9
0000 0017 2000 0000 0000 0000#1626595864679201#-39.5#3.2643111166206444#9
0000 001B 2000 0000 0000 0000#1626595864680311#-48.5#1.576932249946439#9
0000 0014 2000 0000 0000 0000#1626595864681817#-48.0#3.08636934522591#9
0000 0018 2000 0000 0000 0000#1626595864683829#-43.0#4.147884050442774#9
0000 0016 2000 0000 0000 0000#1626595864685022#-53.5#4.331961744989051#9
0000 001D 2000 0000 0000 0000#1626595864687423#-46.0#3.5588354278946874#9
0000 0012 2000 0000 0000 0000#1626595864692329#-50.0#0.7179030087304801#9
0000 000F 2000 0000 0000 0000#1626595864693665#-42.0#3.785864584501762#9
0000 0015 2000 0000 0000 0000#1626595864694657#-49.0#3.7429131224409646#9
0000 0016 2000 0000 0000 0000#1626595864695947#-52.5#4.3074180523828804#9
0000 0010 2000 0000 0000 0000#1626595864697463#-43.0#4.430136515413731#9
0000 001D 2000 0000 0000 0000#1626595864698780#-46.0#3.5956509668039427#9
0000 0011 2000 0000 0000 0000#1626595864700416#-44.0#5.258486140871978#9
0000 0018 2000 0000 0000 0000#1626595864701804#-42.0#4.1601558967458585#9
0000 001C 2000 0000 0000 0000#1626595864702874#-46.0#2.804116880254952#9
0000 0019 2000 0000 0000 0000#1626595864704164#-44.5#4.957825906446392#9
0000 0014 2000 0000 0000 0000#1626595864705260#-47.0#3.141592653589793#9
0000 0013 2000 0000 0000 0000#1626595864706313#-48.5#2.1782527187976104#9
0000 001A 2000 0000 0000 0000#1626595864708084#-47.5#6.258641614573416#9
0000 0017 2000 0000 0000 0000#1626595864709331#-38.5#3.2336315008629315#9
0000 001B 2000 0000 0000 0000#1626595864710595#-48.0#1.7548740213411735#9
0000 001C 2000 0000 0000 0000#1626595864977300#-42.0#3.32567034813607#9
0000 000F 2000 0000 0000 0000#1626595864979148#-40.5#3.8717675086233583#9
0000 001D 2000 0000 0000 0000#1626595864981356#-44.0#3.9944859716542096#9
0000 0017 2000 0000 0000 0000#1626595864982589#-34.5#3.1354567304382504#9
0000 0014 2000 0000 0000 0000#1626595864983842#-43.5#3.5956509668039427#9
0000 0010 2000 0000 0000 0000#1626595864984952#-44.0#5.092816215780329#9
0000 0013 2000 0000 0000 0000#1626595864986273#-44.0#2.8777479580734626#9
0000 0015 2000 0000 0000 0000#1626595864988020#-46.5#4.172427743048944#9
0000 001A 2000 0000 0000 0000#1626595864989051#-44.5#1.5401167110371838#9
0000 0016 2000 0000 0000 0000#1626595864990104#-41.5#3.7122335066832517#9
0000 0018 2000 0000 0000 0000#1626595864992195#-43.0#4.522175362686871#9
0000 001B 2000 0000 0000 0000#1626595865001860#-43.0#2.1782527187976104#9
0000 0019 2000 0000 0000 0000#1626595865004004#-48.5#6.007068765360171#9
0000 0012 2000 0000 0000 0000#1626595865005488#-44.0#1.748738098189631#9
0000 0011 2000 0000 0000 0000#1626595865006600#-46.0#0.3988350048502667#9
0000 0011 2000 0000 0000 0000#1626595865009363#-47.5#0.4295146206079795#9
0000 0017 2000 0000 0000 0000#1626595865010684#-34.5#2.779573187648782#9
0000 001C 2000 0000 0000 0000#1626595865011741#-42.0#3.018874190558942#9
0000 0015 2000 0000 0000 0000#1626595865013034#-47.0#3.8410878928656453#9
0000 001D 2000 0000 0000 0000#1626595865015079#-43.5#3.6692820446224537#9
0000 001B 2000 0000 0000 0000#1626595865016385#-43.0#2.2150682577068657#9
0000 0013 2000 0000 0000 0000#1626595865017919#-43.5#2.5770877236478773#9
0000 0014 2000 0000 0000 0000#1626595865019203#-43.5#3.2949907323783574#9
0000 001A 2000 0000 0000 0000#1626595865022532#-43.5#1.2885438618239387#9
0000 0018 2000 0000 0000 0000#1626595865023716#-43.5#4.289010282928253#9
0000 0012 2000 0000 0000 0000#1626595865026707#-44.0#1.8039614065535141#9
0000 000F 2000 0000 0000 0000#1626595865027932#-41.0#3.6386024288647407#9
0000 0010 2000 0000 0000 0000#1626595865029586#-45.0#5.00077736850719#9
0000 0016 2000 0000 0000 0000#1626595865030880#-41.0#3.380893656499953#9
0000 0019 2000 0000 0000 0000#1626595865032581#-48.5#6.227961998815704#9
0000 0014 2000 0000 0000 0000#1626595865297483#-41.5#4.2031073588066565#9
0000 0019 2000 0000 0000 0000#1626595865298787#-44.5#1.705786636128833#9
0000 0010 2000 0000 0000 0000#1626595865299874#-46.5#0.6013204688511713#9
0000 0018 2000 0000 0000 0000#1626595865301147#-46.0#6.000932842208628#9
0000 0013 2000 0000 0000 0000#1626595865302528#-41.0#3.5956509668039427#9
0000 001A 2000 0000 0000 0000#1626595865303873#-40.0#2.478912953223196#9
0000 001C 2000 0000 0000 0000#1626595865305429#-40.5#3.9822141253511245#9
0000 0017 2000 0000 0000 0000#1626595865306448#-34.5#4.135612204139688#9
0000 001D 2000 0000 0000 0000#1626595865307511#-42.0#4.522175362686871#9
0000 000F 2000 0000 0000 0000#1626595865310013#-41.5#5.117359908386499#9
0000 0012 2000 0000 0000 0000#1626595865311319#-40.0#2.8838838812250054#9
0000 0016 2000 0000 0000 0000#1626595865313351#-39.0#4.374913207049849#9
0000 0011 2000 0000 0000 0000#1626595865314536#-41.0#2.055534255766759#9
0000 001B 2000 0000 0000 0000#1626595865316100#-40.5#3.2827188860752723#9
0000 0015 2000 0000 0000 0000#1626595865319944#-45.5#4.718524903536232#9
0000 000F 2000 0000 0000 0000#1626595865324865#-41.5#5.184855063053467#9
0000 0016 2000 0000 0000 0000#1626595865326212#-39.0#4.4362724385652745#9
0000 0011 2000 0000 0000 0000#1626595865328592#-42.5#2.1046216409791#9
0000 001A 2000 0000 0000 0000#1626595865330766#-39.5#2.5402721847386216#9
0000 0017 2000 0000 0000 0000#1626595865331831#-34.5#4.264466590322082#9
0000 001B 2000 0000 0000 0000#1626595865332896#-40.0#3.3318062712876126#9
0000 0012 2000 0000 0000 0000#1626595865334297#-39.0#2.945243112740431#9
0000 0010 2000 0000 0000 0000#1626595865335407#-44.5#0.8528933180644165#9
0000 0013 2000 0000 0000 0000#1626595865336734#-41.0#3.663146121470911#9
0000 0014 2000 0000 0000 0000#1626595865338057#-41.0#4.270602513473625#9
0000 0015 2000 0000 0000 0000#1626595865339364#-45.0#4.73693267299086#9
0000 0019 2000 0000 0000 0000#1626595865340780#-43.5#1.8775924843720249#9
0000 001C 2000 0000 0000 0000#1626595865342368#-40.0#4.074252972624263#9
0000 001D 2000 0000 0000 0000#1626595865343444#-42.0#4.626486056263094#9
0000 0018 2000 0000 0000 0000#1626595865344743#-46.0#0.018407769454627694#9
0000 0016 2000 0000 0000 0000#1626595865612133#-39.0#4.921010367537137#9
0000 0017 2000 0000 0000 0000#1626595865613605#-34.5#4.865787059173254#9
0000 0018 2000 0000 0000 0000#1626595865614624#-43.5#0.47860200582032003#9
0000 0014 2000 0000 0000 0000#1626595865615677#-40.0#4.147884050442774#9
0000 0013 2000 0000 0000 0000#1626595865617229#-40.0#3.6570101983193686#9
0000 0010 2000 0000 0000 0000#1626595865618626#-41.0#1.1965050145508#9
0000 000F 2000 0000 0000 0000#1626595865628576#-41.0#6.111379458936394#9
0000 0012 2000 0000 0000 0000#1626595865630115#-39.0#3.2520392703175593#9
0000 001B 2000 0000 0000 0000#1626595865632031#-38.5#3.5956509668039427#9
0000 0019 2000 0000 0000 0000#1626595865633356#-42.0#2.2334760271614935#9
0000 001C 2000 0000 0000 0000#1626595865634430#-38.5#4.190835512503572#9
0000 001A 2000 0000 0000 0000#1626595865635633#-37.5#2.8532042654672924#9
0000 0015 2000 0000 0000 0000#1626595865637168#-44.5#4.6878452877785195#9
0000 001D 2000 0000 0000 0000#1626595865638272#-41.0#4.571262747899211#9
0000 0011 2000 0000 0000 0000#1626595865639803#-40.0#2.4605051837685683#9
0000 0019 2000 0000 0000 0000#1626595865645110#-42.0#2.270291566070749#9
0000 000F 2000 0000 0000 0000#1626595865646388#-41.0#6.227961998815704#9
0000 001D 2000 0000 0000 0000#1626595865648907#-41.0#4.608078286808466#9
0000 0013 2000 0000 0000 0000#1626595865650646#-40.0#3.9392626632903265#9
0000 001B 2000 0000 0000 0000#1626595865652710#-38.5#3.6324665057131984#9
0000 0011 2000 0000 0000 0000#1626595865654582#-38.5#2.497320722677824#9
0000 0010 2000 0000 0000 0000#1626595865657052#-41.5#1.5033011721279284#9
0000 0016 2000 0000 0000 0000#1626595865658077#-39.0#5.264622064023521#9
0000 0012 2000 0000 0000 0000#1626595865659381#-38.5#3.313398501832985#9
0000 0014 2000 0000 0000 0000#1626595865660448#-40.0#4.411728745959104#9
0000 001A 2000 0000 0000 0000#1626595865661524#-38.0#2.9268353432858034#9
0000 0017 2000 0000 0000 0000#1626595865663484#-34.0#5.270757987175063#9
0000 0018 2000 0000 0000 0000#1626595865664643#-42.0#0.8651651643675016#9
0000 001C 2000 0000 0000 0000#1626595865665715#-38.0#4.246058820867455#9
0000 0015 2000 0000 0000 0000#1626595865667052#-44.5#4.71238898038469#9
0000 0012 2000 0000 0000 0000#1626595865934354#-37.0#4.675573441475434#9
0000 0017 2000 0000 0000 0000#1626595865936142#-31.5#0.9878836273983529#9
0000 001D 2000 0000 0000 0000#1626595865937257#-39.0#5.626641529964532#9
0000 001C 2000 0000 0000 0000#1626595865938573#-37.0#5.418020142812084#9
0000 0016 2000 0000 0000 0000#1626595865940439#-37.0#1.0062913968529805#9
0000 001A 2000 0000 0000 0000#1626595865941781#-35.0#4.3503695144436785#9
0000 0018 2000 0000 0000 0000#1626595865943948#-37.5#2.5341362615870793#9
0000 0019 2000 0000 0000 0000#1626595865945667#-37.0#3.7551849687440497#9
0000 001B 2000 0000 0000 0000#1626595865948184#-36.0#4.988505522204105#9
0000 0011 2000 0000 0000 0000#1626595865949261#-37.0#3.9638063558964967#9
0000 000F 2000 0000 0000 0000#1626595865950882#-36.5#1.8960002538266525#9
0000 0015 2000 0000 0000 0000#1626595865952411#-44.0#5.681864838328415#9
0000 0010 2000 0000 0000 0000#1626595865953781#-37.0#3.0925052683774528#9
0000 0013 2000 0000 0000 0000#1626595865955094#-37.5#5.21553467881118#9
0000 0014 2000 0000 0000 0000#1626595865956146#-39.0#5.540738605842936#9
0000 0017 2000 0000 0000 0000#1626595865964759#-30.5#1.1167380135807468#9
0000 0010 2000 0000 0000 0000#1626595865965844#-37.0#3.117048960983623#9
0000 001A 2000 0000 0000 0000#1626595865967590#-35.0#4.387185053352934#9
0000 001D 2000 0000 0000 0000#1626595865968651#-40.0#5.651185222570702#9
0000 0011 2000 0000 0000 0000#1626595865972155#-35.5#4.000621894805752#9
0000 0018 2000 0000 0000 0000#1626595865973261#-38.0#2.60776733940559#9
0000 0014 2000 0000 0000 0000#1626595865974300#-39.0#5.565282298449106#9
0000 0012 2000 0000 0000 0000#1626595865975926#-35.5#4.755340442445488#9
0000 001B 2000 0000 0000 0000#1626595865976949#-36.5#5.031456984264903#9
0000 000F 2000 0000 0000 0000#1626595865978428#-35.5#2.000310947402876#9
0000 0013 2000 0000 0000 0000#1626595865979481#-37.5#5.258486140871978#9
0000 0015 2000 0000 0000 0000#1626595865982650#-43.5#5.706408530934585#9
0000 0019 2000 0000 0000 0000#1626595865983671#-38.0#3.865631585471816#9
0000 0016 2000 0000 0000 0000#1626595865984950#-37.0#1.2087768608538851#9
0000 001C 2000 0000 0000 0000#1626595865986023#-37.5#5.473243451175968#9
0000 0010 2000 0000 0000 0000#1626595866258157#-34.5#3.104777114680538#9
0000 0017 2000 0000 0000 0000#1626595866259221#-28.5#1.5707963267948966#9
0000 000F 2000 0000 0000 0000#1626595866261624#-33.0#2.2089323345553233#9
0000 001D 2000 0000 0000 0000#1626595866262684#-40.5#5.240078371417351#9
0000 0016 2000 0000 0000 0000#1626595866264009#-35.0#1.7303303287350031#9
0000 001B 2000 0000 0000 0000#1626595866265303#-36.0#4.853515212870168#9
0000 001A 2000 0000 0000 0000#1626595866266701#-33.0#4.276738436625168#9
0000 0013 2000 0000 0000 0000#1626595866267728#-37.5#5.043728830567988#9
0000 0015 2000 0000 0000 0000#1626595866269092#-44.0#5.2339424482658075#9
0000 0011 2000 0000 0000 0000#1626595866270124#-35.5#3.9208548938356986#9
0000 0018 2000 0000 0000 0000#1626595866271439#-35.0#2.7120780329818137#9
0000 0019 2000 0000 0000 0000#1626595866273168#-36.0#3.730641276137879#9
0000 0014 2000 0000 0000 0000#1626595866274205#-38.5#5.240078371417351#9
0000 0012 2000 0000 0000 0000#1626595866275482#-36.5#4.651029748869264#9
0000 001C 2000 0000 0000 0000#1626595866277652#-36.5#5.166447293598839#9
0000 0011 2000 0000 0000 0000#1626595866282622#-36.0#3.933126740138784#9
0000 001A 2000 0000 0000 0000#1626595866284224#-33.0#4.313553975534423#9
0000 001C 2000 0000 0000 0000#1626595866286094#-36.5#5.178719139901925#9
0000 0018 2000 0000 0000 0000#1626595866287127#-34.5#2.742757648739526#9
0000 0010 2000 0000 0000 0000#1626595866289731#-34.0#3.147728576741336#9
0000 0019 2000 0000 0000 0000#1626595866290767#-36.0#3.7551849687440497#9
0000 000F 2000 0000 0000 0000#1626595866292346#-33.0#2.2948352586769194#9
0000 0017 2000 0000 0000 0000#1626595866293365#-28.5#1.6812429435226628#9
0000 0016 2000 0000 0000 0000#1626595866294389#-34.5#1.8407769454627694#9
0000 0012 2000 0000 0000 0000#1626595866295992#-35.0#4.681709364626977#9
0000 001D 2000 0000 0000 0000#1626595866297370#-40.5#5.252350217720435#9
0000 0015 2000 0000 0000 0000#1626595866298421#-44.5#5.246214294568893#9
0000 0013 2000 0000 0000 0000#1626595866299474#-37.0#5.086680292628786#9
0000 0014 2000 0000 0000 0000#1626595866300513#-38.5#5.246214294568893#9
0000 001B 2000 0000 0000 0000#1626595866301848#-36.0#4.896466674930966#9
0000 000F 2000 0000 0000 0000#1626595866568151#-31.5#3.1784081924990484#9
0000 0010 2000 0000 0000 0000#1626595866569892#-32.5#3.822680123411018#9
0000 0017 2000 0000 0000 0000#1626595866570952#-26.5#2.6813984172241008#9
0000 0011 2000 0000 0000 0000#1626595866572002#-35.5#4.534447208989955#9
0000 0013 2000 0000 0000 0000#1626595866573583#-39.0#5.50392306693368#9
0000 0016 2000 0000 0000 0000#1626595866574647#-33.5#3.0127382674073995#9
0000 001B 2000 0000 0000 0000#1626595866576426#-37.0#5.3198453723874035#9
0000 0018 2000 0000 0000 0000#1626595866577596#-32.0#3.56497135104623#9
0000 001D 2000 0000 0000 0000#1626595866578660#-42.0#5.418020142812084#9
0000 001C 2000 0000 0000 0000#1626595866581239#-39.0#5.522330836388308#9
0000 001A 2000 0000 0000 0000#1626595866582426#-34.0#4.871922982324796#9
0000 0012 2000 0000 0000 0000#1626595866583562#-36.0#5.178719139901925#9
0000 0015 2000 0000 0000 0000#1626595866585092#-46.0#5.3198453723874035#9
0000 0019 2000 0000 0000 0000#1626595866586372#-35.5#4.405592822807561#9
0000 0014 2000 0000 0000 0000#1626595866587836#-40.5#5.534602682691394#9
0000 001C 2000 0000 0000 0000#1626595866593649#-39.0#5.534602682691394#9
0000 0019 2000 0000 0000 0000#1626595866595089#-35.5#4.399456899656019#9
0000 001A 2000 0000 0000 0000#1626595866596391#-35.0#4.878058905476339#9
0000 0017 2000 0000 0000 0000#1626595866597467#-26.0#2.748893571891069#9
0000 0016 2000 0000 0000 0000#1626595866599214#-34.0#3.098641191528995#9
0000 000F 2000 0000 0000 0000#1626595866600530#-31.0#3.2397674240144743#9
0000 0010 2000 0000 0000 0000#1626595866603266#-34.5#3.8840393549264434#9
0000 001B 2000 0000 0000 0000#1626595866604459#-37.0#5.338253141842031#9
0000 0011 2000 0000 0000 0000#1626595866605549#-35.5#4.577398671050753#9
0000 0014 2000 0000 0000 0000#1626595866606602#-40.5#5.5284667595398505#9
0000 001D 2000 0000 0000 0000#1626595866608114#-42.5#5.381204603902829#9
0000 0015 2000 0000 0000 0000#1626595866609192#-46.0#5.295301679781233#9
0000 0018 2000 0000 0000 0000#1626595866610895#-33.5#3.6079228131070282#9
0000 0013 2000 0000 0000 0000#1626595866614748#-39.0#5.516194913236766#9
0000 0012 2000 0000 0000 0000#1626595866615779#-36.5#5.203262832508095#9
0000 0019 2000 0000 0000 0000#1626595866879250#-36.5#4.289010282928253#9
0000 000F 2000 0000 0000 0000#1626595866880785#-30.5#3.356349963893783#9
0000 0016 2000 0000 0000 0000#1626595866882092#-32.5#3.454524734318464#9
0000 001B 2000 0000 0000 0000#1626595866883227#-39.0#4.933282213840222#9
0000 0012 2000 0000 0000 0000#1626595866884817#-38.0#4.902602598082509#9
0000 0015 2000 0000 0000 0000#1626595866886380#-48.5#4.522175362686871#9
0000 0018 2000 0000 0000 0000#1626595866888232#-32.0#3.6017868899554855#9
0000 0010 2000 0000 0000 0000#1626595866889931#-33.0#3.834951969714103#9
0000 001D 2000 0000 0000 0000#1626595866892240#-44.0#4.669437518323892#9
0000 0011 2000 0000 0000 0000#1626595866893501#-36.0#4.381049130201391#9
0000 0017 2000 0000 0000 0000#1626595866894888#-25.0#2.9820586516496865#9
0000 001C 2000 0000 0000 0000#1626595866896444#-40.5#4.994641445355648#9
0000 001A 2000 0000 0000 0000#1626595866899097#-37.5#4.620350133111551#9
0000 0014 2000 0000 0000 0000#1626595866901665#-42.5#4.921010367537137#9
0000 0013 2000 0000 0000 0000#1626595866902720#-40.5#5.043728830567988#9
0000 001D 2000 0000 0000 0000#1626595866908132#-45.5#4.632621979414636#9
0000 001B 2000 0000 0000 0000#1626595866909252#-39.5#4.92714629068868#9
0000 0015 2000 0000 0000 0000#1626595866910560#-48.5#4.466952054322987#9
0000 0016 2000 0000 0000 0000#1626595866911639#-32.0#3.5342917352885173#9
0000 0011 2000 0000 0000 0000#1626595866913961#-35.0#4.374913207049849#9
0000 0012 2000 0000 0000 0000#1626595866915518#-37.5#4.865787059173254#9
0000 0014 2000 0000 0000 0000#1626595866916826#-42.5#4.921010367537137#9
0000 001C 2000 0000 0000 0000#1626595866918394#-41.0#4.963961829597935#9
0000 0018 2000 0000 0000 0000#1626595866920216#-31.5#3.6386024288647407#9
0000 001A 2000 0000 0000 0000#1626595866921251#-37.0#4.614214209960009#9
0000 0010 2000 0000 0000 0000#1626595866922665#-33.0#3.877903431774901#9
0000 0013 2000 0000 0000 0000#1626595866924531#-40.5#5.043728830567988#9
0000 000F 2000 0000 0000 0000#1626595866926407#-30.5#3.423845118560751#9
0000 0017 2000 0000 0000 0000#1626595866928394#-26.5#3.0372819600135696#9
0000 0019 2000 0000 0000 0000#1626595866930409#-36.5#4.325825821837508#9
0000 001A 2000 0000 0000 0000#1626595867194376#-37.5#5.092816215780329#9
0000 0017 2000 0000 0000 0000#1626595867195380#-26.0#4.264466590322082#9
0000 0015 2000 0000 0000 0000#1626595867196671#-50.5#4.657165672020807#9
0000 0018 2000 0000 0000 0000#1626595867197826#-31.5#4.669437518323892#9
0000 001D 2000 0000 0000 0000#1626595867198874#-46.5#4.749204519293945#9
0000 0011 2000 0000 0000 0000#1626595867201578#-36.5#5.006913291658733#9
0000 001C 2000 0000 0000 0000#1626595867202633#-42.5#5.190990986205009#9
3008 33B2 DDD9 0140 2018 0626#1626595867203754#-62.5#5.853670686571607#9
0000 0014 2000 0000 0000 0000#1626595867204845#-44.0#5.105088062083414#9
0000 0010 2000 0000 0000 0000#1626595867206171#-32.0#4.76147636559703#9
0000 0019 2000 0000 0000 0000#1626595867207263#-36.0#5.006913291658733#9
0000 0016 2000 0000 0000 0000#1626595867208583#-31.5#4.847379289718626#9
0000 000F 2000 0000 0000 0000#1626595867211114#-30.0#4.546719055293041#9
0000 0012 2000 0000 0000 0000#1626595867213999#-39.5#5.264622064023521#9
0000 001B 2000 0000 0000 0000#1626595867216176#-41.0#5.21553467881118#9
0000 0013 2000 0000 0000 0000#1626595867218333#-43.0#5.325981295538946#9
0000 0015 2000 0000 0000 0000#1626595867222780#-50.0#4.595806440505381#9
0000 0013 2000 0000 0000 0000#1626595867223875#-43.0#5.307573526084319#9
0000 001C 2000 0000 0000 0000#1626595867226841#-43.0#5.148039524144211#9
0000 001D 2000 0000 0000 0000#1626595867227903#-47.0#4.71238898038469#9
0000 001B 2000 0000 0000 0000#1626595867229012#-41.0#5.197126909356553#9
0000 0016 2000 0000 0000 0000#1626595867230518#-31.5#4.878058905476339#9
0000 000F 2000 0000 0000 0000#1626595867231838#-30.0#4.571262747899211#9
0000 0017 2000 0000 0000 0000#1626595867232951#-24.5#4.301282129231338#9
0000 0018 2000 0000 0000 0000#1626595867234586#-31.5#4.6878452877785195#9
0000 0011 2000 0000 0000 0000#1626595867235743#-35.5#4.963961829597935#9
3008 33B2 DDD9 0140 2018 0626#1626595867237032#-63.0#5.6941366846315#9
0000 0014 2000 0000 0000 0000#1626595867238497#-44.5#5.031456984264903#9
0000 0012 2000 0000 0000 0000#1626595867239544#-40.0#5.21553467881118#9
0000 0019 2000 0000 0000 0000#1626595867240881#-35.0#4.994641445355648#9
0000 001A 2000 0000 0000 0000#1626595867243727#-37.5#5.0253210611133605#9
0000 0010 2000 0000 0000 0000#1626595867245043#-33.5#4.767612288748572#9
0000 0016 2000 0000 0000 0000#1626595867518005#-32.0#4.681709364626977#9
0000 0010 2000 0000 0000 0000#1626595867519946#-32.0#4.080388895775806#9
0000 000F 2000 0000 0000 0000#1626595867521273#-30.0#4.09266074207889#9
0000 0018 2000 0000 0000 0000#1626595867522584#-32.5#4.09266074207889#9
0000 0012 2000 0000 0000 0000#1626595867523755#-40.5#4.086524818927348#9
0000 0017 2000 0000 0000 0000#1626595867524928#-25.0#3.9453985864418692#9
0000 0013 2000 0000 0000 0000#1626595867526536#-45.0#4.0987966652304335#9
0000 001A 2000 0000 0000 0000#1626595867527655#-38.0#3.9085830475326135#9
0000 0014 2000 0000 0000 0000#1626595867528947#-47.0#3.8533597391687304#9
0000 0015 2000 0000 0000 0000#1626595867530280#-53.0#3.4054373491061236#9
0000 0011 2000 0000 0000 0000#1626595867531972#-37.5#3.988350048502667#9
0000 001D 2000 0000 0000 0000#1626595867533046#-49.5#3.4913402732277192#9
0000 001C 2000 0000 0000 0000#1626595867535147#-45.5#3.9147189706841563#9
0000 0019 2000 0000 0000 0000#1626595867536197#-37.0#4.123340357836604#9
0000 001B 2000 0000 0000 0000#1626595867537462#-43.5#3.9944859716542096#9
0000 0014 2000 0000 0000 0000#1626595867544177#-47.0#3.822680123411018#9
0000 0011 2000 0000 0000 0000#1626595867545269#-37.5#3.9699422790480394#9
0000 0018 2000 0000 0000 0000#1626595867546965#-32.5#4.0987966652304335#9
0000 0013 2000 0000 0000 0000#1626595867548031#-45.0#4.0558452031696355#9
0000 0012 2000 0000 0000 0000#1626595867550239#-41.5#4.025165587411922#9
0000 000F 2000 0000 0000 0000#1626595867551331#-30.0#4.104932588381976#9
0000 0017 2000 0000 0000 0000#1626595867553133#-26.0#3.9515345095934116#9
0000 001A 2000 0000 0000 0000#1626595867554619#-39.5#3.8288160465625602#9
0000 0016 2000 0000 0000 0000#1626595867555657#-32.0#4.706253057233147#9
0000 001C 2000 0000 0000 0000#1626595867556742#-45.5#3.890175278077986#9
0000 001D 2000 0000 0000 0000#1626595867557816#-49.5#3.448388811166921#9
0000 0010 2000 0000 0000 0000#1626595867560103#-33.5#4.031301510563465#9
0000 0019 2000 0000 0000 0000#1626595867561679#-37.0#4.080388895775806#9
0000 001B 2000 0000 0000 0000#1626595867562858#-43.5#3.9515345095934116#9
0000 0015 2000 0000 0000 0000#1626595867563965#-53.5#3.3195344249845276#9
0000 001C 2000 0000 0000 0000#1626595867827265#-47.5#3.3502140407422405#9
0000 001B 2000 0000 0000 0000#1626595867828846#-44.0#3.448388811166921#9
0000 0016 2000 0000 0000 0000#1626595867830182#-31.0#5.037592907416445#9
0000 0015 2000 0000 0000 0000#1626595867831715#-57.5#2.5709518004963345#9
3008 33B2 DDD9 0140 2018 0626#1626595867833346#-62.5#5.712544454086128#9
0000 0014 2000 0000 0000 0000#1626595867834438#-50.0#3.2029518851052186#9
0000 0010 2000 0000 0000 0000#1626595867835565#-32.5#3.902447124381071#9
0000 000F 2000 0000 0000 0000#1626595867836640#-30.0#4.172427743048944#9
0000 0012 2000 0000 0000 0000#1626595867837917#-42.0#3.479068426924634#9
0000 0017 2000 0000 0000 0000#1626595867839192#-26.0#4.147884050442774#9
0000 0013 2000 0000 0000 0000#1626595867840272#-46.5#3.4606606574700063#9
0000 001A 2000 0000 0000 0000#1626595867841656#-38.0#3.3195344249845276#9
0000 0019 2000 0000 0000 0000#1626595867843034#-36.0#3.718369429834794#9
0000 0018 2000 0000 0000 0000#1626595867844892#-31.5#4.04357335686655#9
0000 001D 2000 0000 0000 0000#1626595867847698#-53.5#2.761165418194154#9
0000 0011 2000 0000 0000 0000#1626595867850728#-37.0#3.5158839658338894#9
0000 001C 2000 0000 0000 0000#1626595867855901#-48.0#3.2213596545598464#9
0000 0017 2000 0000 0000 0000#1626595867856919#-26.0#4.1417481272912315#9
0000 001B 2000 0000 0000 0000#1626595867866492#-44.5#2.742757648739526#9
0000 0018 2000 0000 0000 0000#1626595867869415#-31.5#3.393165502803038#9
0000 0015 2000 0000 0000 0000#1626595867870496#-58.0#1.9144080232812801#9
0000 0011 2000 0000 0000 0000#1626595867872533#-37.5#2.859340188618835#9
0000 0016 2000 0000 0000 0000#1626595867873854#-32.0#4.4976316700806995#9
0000 0019 2000 0000 0000 0000#1626595867874915#-38.0#3.067961575771282#9
0000 0010 2000 0000 0000 0000#1626595867876030#-32.5#3.227495577711389#9
0000 000F 2000 0000 0000 0000#1626595867877052#-30.5#3.54042765844006#9
0000 001A 2000 0000 0000 0000#1626595867879518#-38.0#2.6261751088602177#9
0000 0014 2000 0000 0000 0000#1626595867881446#-50.5#2.509592568980909#9
0000 0013 2000 0000 0000 0000#1626595867882528#-47.0#2.761165418194154#9
0000 0012 2000 0000 0000 0000#1626595867883831#-42.0#2.7550294950426117#9
0000 001D 2000 0000 0000 0000#1626595867885775#-54.5#2.067806102069844#9
0000 001C 2000 0000 0000 0000#1626595868150049#-52.5#1.6444274046134073#9
0000 001A 2000 0000 0000 0000#1626595868152664#-41.0#2.1230294104337273#9
0000 0017 2000 0000 0000 0000#1626595868153709#-26.5#3.4177091954092087#9
0000 0018 2000 0000 0000 0000#1626595868155226#-33.5#3.1354567304382504#9
0000 0019 2000 0000 0000 0000#1626595868156275#-37.5#2.6384469551633027#9
0000 000F 2000 0000 0000 0000#1626595868157780#-31.0#3.356349963893783#9
0000 001D 2000 0000 0000 0000#1626595868158883#-58.0#0.4111068511533518#9
0000 0010 2000 0000 0000 0000#1626595868160010#-32.5#2.8716120349219203#9
0000 0011 2000 0000 0000 0000#1626595868162127#-38.5#2.405281875404685#9
0000 0016 2000 0000 0000 0000#1626595868163205#-32.5#4.534447208989955#9
0000 0013 2000 0000 0000 0000#1626595868164288#-50.0#1.9880391010997909#9
0000 0012 2000 0000 0000 0000#1626595868165563#-44.5#2.1905245651006955#9
0000 001B 2000 0000 0000 0000#1626595868167083#-47.0#2.0371264863121317#9
0000 0015 2000 0000 0000 0000#1626595868169098#-57.0#6.080699843178682#9
0000 0014 2000 0000 0000 0000#1626595868170178#-54.5#1.2885438618239387#9
0000 0013 2000 0000 0000 0000#1626595868174647#-50.0#1.9266798695843652#9
0000 0018 2000 0000 0000 0000#1626595868177678#-33.5#3.0925052683774528#9
0000 000F 2000 0000 0000 0000#1626595868178727#-31.0#3.3379421944391554#9
0000 0019 2000 0000 0000 0000#1626595868179790#-37.5#2.5954954931025047#9
0000 0010 2000 0000 0000 0000#1626595868180915#-33.0#2.8409324191642074#9
0000 001C 2000 0000 0000 0000#1626595868182000#-53.0#1.4603497100671303#9
0000 0016 2000 0000 0000 0000#1626595868183307#-32.5#4.509903516383785#9
0000 001A 2000 0000 0000 0000#1626595868184495#-39.5#2.0371264863121317#9
0000 0017 2000 0000 0000 0000#1626595868185653#-25.5#3.368621810196868#9
0000 0015 2000 0000 0000 0000#1626595868186732#-55.0#5.9088939949354895#9
0000 0011 2000 0000 0000 0000#1626595868188870#-37.5#2.356194490192345#9
0000 001D 2000 0000 0000 0000#1626595868189932#-58.0#0.09817477042468103#9
0000 001B 2000 0000 0000 0000#1626595868192603#-47.0#1.9389517158874505#9
0000 0012 2000 0000 0000 0000#1626595868193779#-44.5#2.110757564130642#9
0000 0014 2000 0000 0000 0000#1626595868194830#-55.0#1.1228739367322893#9
0000 0016 2000 0000 0000 0000#1626595868458956#-33.0#4.921010367537137#9
0000 0017 2000 0000 0000 0000#1626595868460002#-27.5#3.6876898140770815#9
0000 0013 2000 0000 0000 0000#1626595868462022#-52.5#1.1596894756415448#9
0000 0018 2000 0000 0000 0000#1626595868463796#-34.0#3.2949907323783574#9
0000 0015 2000 0000 0000 0000#1626595868465401#-47.0#4.779884135051658#9
0000 0019 2000 0000 0000 0000#1626595868466721#-38.5#2.6875343403756435#9
0000 0010 2000 0000 0000 0000#1626595868476766#-33.5#2.761165418194154#9
0000 0011 2000 0000 0000 0000#1626595868477924#-38.0#2.227340104009951#9
0000 0012 2000 0000 0000 0000#1626595868479469#-46.5#1.761009944492716#9
0000 001D 2000 0000 0000 0000#1626595868480787#-44.5#4.424000592262189#9
0000 001B 2000 0000 0000 0000#1626595868483606#-51.0#1.2701360923693108#9
0000 001A 2000 0000 0000 0000#1626595868486703#-43.5#1.761009944492716#9
0000 0014 2000 0000 0000 0000#1626595868489238#-47.0#5.166447293598839#9
0000 000F 2000 0000 0000 0000#1626595868490316#-32.0#3.313398501832985#9
0000 001C 2000 0000 0000 0000#1626595868491387#-50.0#5.5284667595398505#9
0000 000F 2000 0000 0000 0000#1626595868495414#-32.0#3.2827188860752723#9
0000 0019 2000 0000 0000 0000#1626595868496733#-39.0#2.429825568010856#9
0000 001D 2000 0000 0000 0000#1626595868499938#-45.0#4.356505437595221#9
0000 001A 2000 0000 0000 0000#1626595868501014#-43.5#1.7119225592803755#9
0000 001C 2000 0000 0000 0000#1626595868502780#-49.0#5.399612373357457#9
0000 0016 2000 0000 0000 0000#1626595868504103#-34.0#4.675573441475434#9
0000 0018 2000 0000 0000 0000#1626595868505179#-34.5#2.9575149590435164#9
0000 0015 2000 0000 0000 0000#1626595868506272#-49.0#4.466952054322987#9
0000 0010 2000 0000 0000 0000#1626595868507587#-35.0#2.6875343403756435#9
0000 001B 2000 0000 0000 0000#1626595868508710#-51.0#1.0983302441261191#9
0000 0011 2000 0000 0000 0000#1626595868509773#-39.5#2.098485717827557#9
0000 0017 2000 0000 0000 0000#1626595868510860#-27.5#3.3624858870453256#9
0000 0014 2000 0000 0000 0000#1626595868513443#-46.0#4.963961829597935#9
0000 0013 2000 0000 0000 0000#1626595868514607#-53.5#0.6258641614573416#9
0000 0012 2000 0000 0000 0000#1626595868515714#-47.5#1.5892040962495242#9
0000 0018 2000 0000 0000 0000#1626595868780703#-36.0#1.9266798695843652#9
0000 001B 2000 0000 0000 0000#1626595868781739#-46.5#4.2031073588066565#9
0000 0010 2000 0000 0000 0000#1626595868783767#-38.5#1.6321555583103222#9
0000 0014 2000 0000 0000 0000#1626595868784835#-48.0#3.3624858870453256#9
0000 001C 2000 0000 0000 0000#1626595868786875#-44.5#3.393165502803038#9
0000 0019 2000 0000 0000 0000#1626595868788166#-42.5#1.2087768608538851#9
0000 0013 2000 0000 0000 0000#1626595868789690#-44.0#3.7429131224409646#9
0000 001A 2000 0000 0000 0000#1626595868791071#-47.5#6.215690152512618#9
0000 0011 2000 0000 0000 0000#1626595868795252#-44.5#0.7792622402459057#9
0000 0016 2000 0000 0000 0000#1626595868796348#-35.5#3.6754179677739964#9
0000 0017 2000 0000 0000 0000#1626595868798279#-30.0#2.3009711818284617#9
0000 0012 2000 0000 0000 0000#1626595868799966#-50.0#5.681864838328415#9
0000 001D 2000 0000 0000 0000#1626595868801640#-60.0#2.9820586516496865#9
0000 0015 2000 0000 0000 0000#1626595868802749#-65.0#2.4850488763747385#9
0000 000F 2000 0000 0000 0000#1626595868803798#-34.0#2.1475731030398975#9
0000 0015 2000 0000 0000 0000#1626595868808495#-65.5#2.5770877236478773#9
0000 0014 2000 0000 0000 0000#1626595868809790#-49.5#3.32567034813607#9
0000 0011 2000 0000 0000 0000#1626595868810836#-45.0#0.7424467013366504#9
0000 000F 2000 0000 0000 0000#1626595868811915#-34.0#2.12916533358527#9
0000 0010 2000 0000 0000 0000#1626595868812972#-39.0#1.552388557340269#9
0000 0019 2000 0000 0000 0000#1626595868814747#-43.5#1.1228739367322893#9
0000 001A 2000 0000 0000 0000#1626595868815778#-48.5#5.994796919057086#9
0000 0017 2000 0000 0000 0000#1626595868818350#-30.0#2.2150682577068657#9
0000 0012 2000 0000 0000 0000#1626595868819909#-50.0#5.473243451175968#9
0000 0016 2000 0000 0000 0000#1626595868821189#-35.5#3.6201946594101133#9
0000 0013 2000 0000 0000 0000#1626595868822527#-43.5#3.5711072741977725#9
0000 001B 2000 0000 0000 0000#1626595868825547#-45.0#3.822680123411018#9
0000 0018 2000 0000 0000 0000#1626595868826623#-37.0#1.8223691760081417#9
0000 001D 2000 0000 0000 0000#1626595868830094#-61.0#2.6875343403756435#9
0000 001C 2000 0000 0000 0000#1626595868831749#-46.0#3.3195344249845276#9
0000 0016 2000 0000 0000 0000#1626595869098956#-37.5#2.6384469551633027#9
0000 0011 2000 0000 0000 0000#1626595869099974#-47.5#4.675573441475434#9
0000 0012 2000 0000 0000 0000#1626595869101110#-41.5#2.6998061866787286#9
0000 001A 2000 0000 0000 0000#1626595869103336#-42.0#2.9391071895888885#9
0000 0017 2000 0000 0000 0000#1626595869108374#-32.5#1.282407938672396#9
0000 001D 2000 0000 0000 0000#1626595869109452#-62.0#4.479223900626073#9
0000 0018 2000 0000 0000 0000#1626595869110542#-42.5#0.7915340865489908#9
0000 000F 2000 0000 0000 0000#1626595869112061#-38.0#1.1474176293384597#9
0000 0014 2000 0000 0000 0000#1626595869113098#-62.0#1.1903690913992575#9
0000 0010 2000 0000 0000 0000#1626595869114252#-43.0#0.2454369260617026#9
0000 0019 2000 0000 0000 0000#1626595869115415#-49.0#5.405748296509#9
0000 0013 2000 0000 0000 0000#1626595869116525#-52.0#2.5954954931025047#9
0000 001B 2000 0000 0000 0000#1626595869117846#-47.0#2.6384469551633027#9
0000 0015 2000 0000 0000 0000#1626595869119025#-60.5#3.706097583531709#9
0000 001C 2000 0000 0000 0000#1626595869120069#-59.5#1.9941750242513334#9
0000 000F 2000 0000 0000 0000#1626595869123882#-38.5#1.1290098598838318#9
0000 0015 2000 0000 0000 0000#1626595869124946#-60.0#3.6570101983193686#9
0000 0017 2000 0000 0000 0000#1626595869126507#-33.0#1.239456476611598#9
0000 0019 2000 0000 0000 0000#1626595869127555#-49.5#5.307573526084319#9
0000 0012 2000 0000 0000 0000#1626595869128858#-41.5#2.6445828783148455#9
0000 0011 2000 0000 0000 0000#1626595869130360#-46.0#4.338097668140593#9
0000 001D 2000 0000 0000 0000#1626595869133145#-61.0#4.104932588381976#9
0000 0013 2000 0000 0000 0000#1626595869134925#-53.0#2.5280003384355365#9
0000 0016 2000 0000 0000 0000#1626595869137502#-37.5#2.5709518004963345#9
0000 001A 2000 0000 0000 0000#1626595869138856#-39.5#2.773437264497239#9
0000 001B 2000 0000 0000 0000#1626595869139894#-48.0#2.650718801466388#9
0000 0014 2000 0000 0000 0000#1626595869143690#-63.5#0.8651651643675016#9
0000 0010 2000 0000 0000 0000#1626595869145939#-44.0#0.09203884727313846#9
0000 0018 2000 0000 0000 0000#1626595869147047#-43.0#0.6504078540635119#9
0000 001C 2000 0000 0000 0000#1626595869148430#-60.0#1.8530487917658545#9
0000 0011 2000 0000 0000 0000#1626595869415982#-41.5#2.9329712664373457#9
0000 001B 2000 0000 0000 0000#1626595869417560#-56.5#1.761009944492716#9
0000 0019 2000 0000 0000 0000#1626595869418635#-42.0#3.3440781175906977#9
0000 000F 2000 0000 0000 0000#1626595869419939#-46.5#0.5031456984264903#9
0000 0016 2000 0000 0000 0000#1626595869421449#-40.5#2.3746022596469727#9
0000 0013 2000 0000 0000 0000#1626595869422514#-58.0#0.9756117810952678#9
0000 0018 2000 0000 0000 0000#1626595869424570#-49.0#5.546874528994478#9
0000 0010 2000 0000 0000 0000#1626595869426450#-44.0#4.381049130201391#9
0000 0012 2000 0000 0000 0000#1626595869427584#-52.5#2.3746022596469727#9
0000 0014 2000 0000 0000 0000#1626595869428650#-60.0#3.423845118560751#9
0000 001D 2000 0000 0000 0000#1626595869429684#-56.0#1.902136176978195#9
0000 0015 2000 0000 0000 0000#1626595869430763#-56.5#1.6260196351587797#9
0000 001A 2000 0000 0000 0000#1626595869432531#-48.0#2.5893595699509624#9
0000 0017 2000 0000 0000 0000#1626595869434080#-40.0#0.9142525495798421#9
0000 001A 2000 0000 0000 0000#1626595869443904#-49.0#2.5770877236478773#9
0000 0011 2000 0000 0000 0000#1626595869445092#-41.0#2.8838838812250054#9
0000 001B 2000 0000 0000 0000#1626595869448423#-57.0#1.5278448647340985#9
0000 0016 2000 0000 0000 0000#1626595869449844#-41.5#2.36846633649543#9
0000 0014 2000 0000 0000 0000#1626595869450882#-59.5#3.2643111166206444#9
0000 0015 2000 0000 0000 0000#1626595869452159#-56.5#1.5585244804918115#9
0000 0013 2000 0000 0000 0000#1626595869453242#-59.0#0.6872233929727672#9
0000 0017 2000 0000 0000 0000#1626595869454333#-41.0#0.8528933180644165#9
0000 0019 2000 0000 0000 0000#1626595869455424#-42.5#3.2581751934691017#9
0000 0010 2000 0000 0000 0000#1626595869456584#-45.0#4.1601558967458585#9
0000 0012 2000 0000 0000 0000#1626595869457874#-53.5#2.2150682577068657#9
0000 000F 2000 0000 0000 0000#1626595869458919#-47.5#0.2638446955163303#9
0000 0018 2000 0000 0000 0000#1626595869460368#-48.0#5.1725832167503825#9
0000 001D 2000 0000 0000 0000#1626595869461557#-56.5#1.8223691760081417#9
0000 0010 2000 0000 0000 0000#1626595869728482#-44.0#3.9760782021995817#9
0000 001A 2000 0000 0000 0000#1626595869729515#-55.5#1.761009944492716#9
0000 0014 2000 0000 0000 0000#1626595869731745#-57.0#2.6384469551633027#9
0000 0015 2000 0000 0000 0000#1626595869733012#-60.0#0.8528933180644165#9
0000 0017 2000 0000 0000 0000#1626595869734358#-45.0#5.706408530934585#9
0000 0016 2000 0000 0000 0000#1626595869736376#-48.0#2.110757564130642#9
0000 0012 2000 0000 0000 0000#1626595869737736#-58.0#0.5890486225480862#9
0000 001C 2000 0000 0000 0000#1626595869739048#-59.0#3.141592653589793#9
0000 0019 2000 0000 0000 0000#1626595869740363#-50.0#3.497476196379262#9
0000 0013 2000 0000 0000 0000#1626595869741432#-57.0#4.215379205109742#9
0000 0018 2000 0000 0000 0000#1626595869742523#-45.5#4.387185053352934#9
0000 000F 2000 0000 0000 0000#1626595869743842#-46.0#4.9823695990525625#9
0000 001B 2000 0000 0000 0000#1626595869745606#-59.5#4.779884135051658#9
0000 0011 2000 0000 0000 0000#1626595869749431#-51.5#2.804116880254952#9
0000 001D 2000 0000 0000 0000#1626595869751322#-59.5#1.41126232485479#9
0000 0018 2000 0000 0000 0000#1626595869755616#-45.5#4.3503695144436785#9
0000 0019 2000 0000 0000 0000#1626595869756663#-50.5#3.472932503773092#9
0000 0012 2000 0000 0000 0000#1626595869758180#-58.5#0.2638446955163303#9
0000 0016 2000 0000 0000 0000#1626595869759214#-48.5#2.000310947402876#9
0000 0010 2000 0000 0000 0000#1626595869760244#-46.0#3.9453985864418692#9
0000 001A 2000 0000 0000 0000#1626595869764076#-57.0#1.4173982480063325#9
0000 0017 2000 0000 0000 0000#1626595869765122#-45.0#5.497787143782138#9
0000 0015 2000 0000 0000 0000#1626595869768414#-61.5#0.662679700366597#9
0000 0014 2000 0000 0000 0000#1626595869769522#-57.0#2.4911847995262812#9
0000 001D 2000 0000 0000 0000#1626595869770602#-59.5#1.3130875544301088#9
0000 0011 2000 0000 0000 0000#1626595869771875#-52.0#2.6691265709210157#9
0000 000F 2000 0000 0000 0000#1626595869773182#-45.5#4.871922982324796#9
0000 001C 2000 0000 0000 0000#1626595869774253#-58.5#2.9575149590435164#9
0000 0013 2000 0000 0000 0000#1626595869778250#-56.5#3.9760782021995817#9
0000 001B 2000 0000 0000 0000#1626595869779947#-58.5#4.454680208019902#9
0000 001B 2000 0000 0000 0000#1626595870042882#-57.0#2.5770877236478773#9
0000 0016 2000 0000 0000 0000#1626595870044613#-50.5#5.767767762450011#9
0000 001A 2000 0000 0000 0000#1626595870045755#-54.0#3.706097583531709#9
0000 0013 2000 0000 0000 0000#1626595870047352#-56.5#2.0493983326152168#9
0000 0012 2000 0000 0000 0000#1626595870048780#-53.0#3.3318062712876126#9
0000 0018 2000 0000 0000 0000#1626595870050367#-52.0#3.129320807286708#9
0000 000F 2000 0000 0000 0000#1626595870055449#-48.0#3.6079228131070282#9
0000 0010 2000 0000 0000 0000#1626595870056538#-53.5#2.3193789512830896#9
0000 0019 2000 0000 0000 0000#1626595870057631#-57.5#1.1044661672776617#9
0000 0017 2000 0000 0000 0000#1626595870059944#-43.0#3.706097583531709#9
0000 0014 2000 0000 0000 0000#1626595870061227#-62.0#0.4724660826687775#9
0000 0011 2000 0000 0000 0000#1626595870062857#-57.5#5.387340527054372#9
0000 001C 2000 0000 0000 0000#1626595870065211#-62.0#1.3008157081270237#9
0000 001B 2000 0000 0000 0000#1626595870069545#-57.0#2.478912953223196#9
