0000 0010 2000 0000 0000 0000#1626596015210202#-43.5#4.135612204139688#9
0000 0019 2000 0000 0000 0000#1626596015211249#-44.0#4.430136515413731#9
0000 001A 2000 0000 0000 0000#1626596015212751#-44.5#5.141903600992669#9
0000 0013 2000 0000 0000 0000#1626596015214275#-50.0#1.043106935762236#9
0000 0016 2000 0000 0000 0000#1626596015216852#-67.0#5.841398840268521#9
0000 0017 2000 0000 0000 0000#1626596015217939#-47.5#2.7979809571034093#9
0000 001B 2000 0000 0000 0000#1626596015220584#-49.0#0.4049709280018093#9
0000 0018 2000 0000 0000 0000#1626596015221902#-45.5#3.9269908169872414#9
0000 0012 2000 0000 0000 0000#1626596015223210#-48.0#5.755495916146925#9
0000 0011 2000 0000 0000 0000#1626596015225161#-44.0#4.595806440505381#9
3008 33B2 DDD9 0140 2018 0626#1626596015226606#-62.0#5.491651220630596#9
0000 001C 2000 0000 0000 0000#1626596015230590#-48.0#1.902136176978195#9
0000 001D 2000 0000 0000 0000#1626596015231679#-48.0#2.8838838812250054#9
0000 000F 2000 0000 0000 0000#1626596015232842#-47.0#3.6386024288647407#9
0000 0015 2000 0000 0000 0000#1626596015233921#-50.0#3.2397674240144743#9
0000 0014 2000 0000 0000 0000#1626596015235030#-49.5#2.325514874434632#9
0000 001B 2000 0000 0000 0000#1626596015239127#-49.0#0.42337869745643697#9
3008 33B2 DDD9 0140 2018 0626#1626596015240514#-61.5#5.43029198911517#9
0000 001D 2000 0000 0000 0000#1626596015241587#-48.0#2.9145634969827183#9
0000 0011 2000 0000 0000 0000#1626596015242730#-43.0#4.601942363656923#9
0000 000F 2000 0000 0000 0000#1626596015244963#-47.0#3.6447383520162835#9
0000 0015 2000 0000 0000 0000#1626596015246740#-50.0#3.2397674240144743#9
0000 0014 2000 0000 0000 0000#1626596015247821#-49.5#2.2948352586769194#9
0000 0017 2000 0000 0000 0000#1626596015248853#-47.5#2.791845033951867#9
0000 0018 2000 0000 0000 0000#1626596015250397#-45.5#3.9392626632903265#9
0000 0012 2000 0000 0000 0000#1626596015251470#-48.0#5.755495916146925#9
0000 0013 2000 0000 0000 0000#1626596015252526#-50.5#1.043106935762236#9
0000 0010 2000 0000 0000 0000#1626596015254562#-43.5#4.1417481272912315#9
0000 001A 2000 0000 0000 0000#1626596015257896#-44.5#5.148039524144211#9
0000 0016 2000 0000 0000 0000#1626596015259447#-67.5#5.749359992995383#9
0000 001C 2000 0000 0000 0000#1626596015260485#-48.5#1.9144080232812801#9
0000 0019 2000 0000 0000 0000#1626596015261576#-43.5#4.448544284868359#9
0000 001D 2000 0000 0000 0000#1626596015527374#-48.0#2.356194490192345#9
0000 001A 2000 0000 0000 0000#1626596015528491#-45.5#4.589670517353839#9
0000 0011 2000 0000 0000 0000#1626596015530305#-45.0#3.9944859716542096#9
0000 0013 2000 0000 0000 0000#1626596015531600#-50.5#0.4970097752749477#9
0000 0018 2000 0000 0000 0000#1626596015532952#-45.5#3.356349963893783#9
0000 0010 2000 0000 0000 0000#1626596015534269#-44.0#3.5711072741977725#9
0000 0015 2000 0000 0000 0000#1626596015535375#-49.5#2.650718801466388#9
0000 000F 2000 0000 0000 0000#1626596015536453#-48.0#3.11091303783208#9
0000 0017 2000 0000 0000 0000#1626596015538025#-48.5#2.36846633649543#9
0000 001B 2000 0000 0000 0000#1626596015539588#-49.5#6.105243535784852#9
0000 0019 2000 0000 0000 0000#1626596015542740#-45.0#3.877903431774901#9
0000 0012 2000 0000 0000 0000#1626596015553505#-48.5#5.3627968344482015#9
0000 0016 2000 0000 0000 0000#1626596015556677#-68.0#4.95168998329485#9
0000 0014 2000 0000 0000 0000#1626596015561161#-49.0#1.9696313316451632#9
0000 001C 2000 0000 0000 0000#1626596015562600#-49.0#1.5585244804918115#9
0000 001B 2000 0000 0000 0000#1626596015566573#-50.0#0.03681553890925539#9
0000 0015 2000 0000 0000 0000#1626596015567666#-50.0#2.834796496012665#9
0000 0011 2000 0000 0000 0000#1626596015568939#-44.5#4.190835512503572#9
0000 0018 2000 0000 0000 0000#1626596015569971#-45.5#3.56497135104623#9
0000 001C 2000 0000 0000 0000#1626596015571541#-49.0#1.564660403643354#9
0000 0017 2000 0000 0000 0000#1626596015572545#-48.0#2.509592568980909#9
0000 001A 2000 0000 0000 0000#1626596015574343#-45.5#4.773748211900116#9
0000 000F 2000 0000 0000 0000#1626596015575864#-47.5#3.3072625786814425#9
0000 0019 2000 0000 0000 0000#1626596015576897#-44.5#4.074252972624263#9
0000 0016 2000 0000 0000 0000#1626596015578976#-70.0#4.9823695990525625#9
0000 0010 2000 0000 0000 0000#1626596015579978#-44.5#3.7429131224409646#9
0000 0014 2000 0000 0000 0000#1626596015581030#-48.5#1.9634954084936207#9
0000 0012 2000 0000 0000 0000#1626596015582147#-48.5#5.368932757599744#9
0000 001D 2000 0000 0000 0000#1626596015583150#-48.0#2.5157284921324514#9
0000 0013 2000 0000 0000 0000#1626596015584644#-51.0#0.7117670855789375#9
0000 001D 2000 0000 0000 0000#1626596015852855#-46.0#3.6570101983193686#9
0000 0018 2000 0000 0000 0000#1626596015854159#-42.5#4.313553975534423#9
0000 0017 2000 0000 0000 0000#1626596015855778#-41.0#3.2765829629237295#9
0000 001B 2000 0000 0000 0000#1626596015856814#-48.0#1.509437095279471#9
0000 000F 2000 0000 0000 0000#1626596015857876#-43.0#3.9576704327449543#9
0000 0016 2000 0000 0000 0000#1626596015859184#-58.5#4.154019973594316#9
0000 0015 2000 0000 0000 0000#1626596015860233#-48.5#3.9822141253511245#9
0000 001A 2000 0000 0000 0000#1626596015861609#-46.0#6.037748381117884#9
3008 33B2 DDD9 0140 2018 0626#1626596015862726#-62.0#5.8475347634200645#9
0000 0019 2000 0000 0000 0000#1626596015865267#-44.0#5.043728830567988#9
0000 0013 2000 0000 0000 0000#1626596015866436#-48.0#2.055534255766759#9
0000 001C 2000 0000 0000 0000#1626596015867765#-46.0#2.791845033951867#9
0000 0012 2000 0000 0000 0000#1626596015868826#-49.0#0.607456392002714#9
0000 0011 2000 0000 0000 0000#1626596015869965#-43.5#5.283029833478148#9
0000 0014 2000 0000 0000 0000#1626596015871967#-47.0#3.2090878082567613#9
0000 0010 2000 0000 0000 0000#1626596015873498#-43.0#4.595806440505381#9
0000 001A 2000 0000 0000 0000#1626596015878629#-46.5#6.1850105367549055#9
0000 0015 2000 0000 0000 0000#1626596015879693#-48.5#4.025165587411922#9
0000 0018 2000 0000 0000 0000#1626596015880967#-42.5#4.289010282928253#9
0000 0013 2000 0000 0000 0000#1626596015882505#-48.0#2.1905245651006955#9
0000 0019 2000 0000 0000 0000#1626596015883599#-44.0#5.080544369477243#9
0000 0011 2000 0000 0000 0000#1626596015885599#-45.5#5.332117218690489#9
0000 000F 2000 0000 0000 0000#1626596015886635#-42.0#3.9515345095934116#9
0000 0014 2000 0000 0000 0000#1626596015887743#-46.5#3.2520392703175593#9
0000 001D 2000 0000 0000 0000#1626596015889304#-45.5#3.7122335066832517#9
0000 0017 2000 0000 0000 0000#1626596015890367#-39.0#3.2459033471660166#9
0000 0010 2000 0000 0000 0000#1626596015891964#-41.5#4.632621979414636#9
0000 0012 2000 0000 0000 0000#1626596015893011#-49.0#0.8222137023067037#9
0000 0016 2000 0000 0000 0000#1626596015896707#-54.0#4.04357335686655#9
3008 33B2 DDD9 0140 2018 0626#1626596015898283#-62.5#5.853670686571607#9
0000 001C 2000 0000 0000 0000#1626596015899325#-46.0#2.945243112740431#9
0000 001B 2000 0000 0000 0000#1626596015900616#-47.5#1.7732817907958012#9
0000 001A 2000 0000 0000 0000#1626596016172906#-44.5#1.2946797849754812#9
0000 0017 2000 0000 0000 0000#1626596016175147#-34.0#2.9268353432858034#9
0000 0014 2000 0000 0000 0000#1626596016177807#-43.0#3.3747577333484107#9
0000 001B 2000 0000 0000 0000#1626596016178974#-43.5#2.350058567040802#9
0000 0010 2000 0000 0000 0000#1626596016180343#-44.0#4.921010367537137#9
0000 0018 2000 0000 0000 0000#1626596016181363#-43.0#4.276738436625168#9
0000 001D 2000 0000 0000 0000#1626596016182639#-43.0#3.706097583531709#9
0000 0016 2000 0000 0000 0000#1626596016184561#-40.5#3.472932503773092#9
0000 0015 2000 0000 0000 0000#1626596016185740#-46.0#4.000621894805752#9
0000 000F 2000 0000 0000 0000#1626596016187060#-40.0#3.724505352986337#9
0000 0013 2000 0000 0000 0000#1626596016188535#-43.0#2.6568547246179306#9
0000 001C 2000 0000 0000 0000#1626596016190298#-42.5#3.160000423044421#9
0000 0012 2000 0000 0000 0000#1626596016191586#-44.0#1.945087639038993#9
0000 0011 2000 0000 0000 0000#1626596016192762#-48.0#0.5522330836388308#9
0000 0019 2000 0000 0000 0000#1626596016193810#-48.5#6.215690152512618#9
0000 001A 2000 0000 0000 0000#1626596016200439#-44.0#1.4358060174609601#9
0000 0014 2000 0000 0000 0000#1626596016201496#-42.5#3.423845118560751#9
0000 0018 2000 0000 0000 0000#1626596016202626#-42.0#4.374913207049849#9
0000 001D 2000 0000 0000 0000#1626596016204429#-43.0#3.773592738198677#9
0000 0011 2000 0000 0000 0000#1626596016206484#-48.0#0.6258641614573416#9
0000 0016 2000 0000 0000 0000#1626596016207549#-40.0#3.522019888985432#9
0000 0015 2000 0000 0000 0000#1626596016209598#-46.0#4.049709280018092#9
0000 0017 2000 0000 0000 0000#1626596016210917#-34.0#3.0250101137104846#9
0000 0010 2000 0000 0000 0000#1626596016212915#-45.5#5.105088062083414#9
0000 0013 2000 0000 0000 0000#1626596016214196#-42.5#2.736621725587984#9
0000 000F 2000 0000 0000 0000#1626596016215502#-40.5#3.834951969714103#9
0000 001C 2000 0000 0000 0000#1626596016218496#-41.5#3.2336315008629315#9
0000 0019 2000 0000 0000 0000#1626596016219825#-49.0#0.1349903093339364#9
0000 001B 2000 0000 0000 0000#1626596016220865#-42.0#2.454369260617026#9
0000 0012 2000 0000 0000 0000#1626596016222667#-43.5#2.055534255766759#9
0000 0015 2000 0000 0000 0000#1626596016490447#-45.0#4.792155981354743#9
0000 000F 2000 0000 0000 0000#1626596016492492#-40.5#5.154175447295755#9
0000 0019 2000 0000 0000 0000#1626596016493553#-45.0#1.9144080232812801#9
0000 0016 2000 0000 0000 0000#1626596016494849#-38.0#4.473087977474529#9
0000 0010 2000 0000 0000 0000#1626596016495937#-46.5#0.6872233929727672#9
0000 001A 2000 0000 0000 0000#1626596016497480#-40.0#2.6691265709210157#9
0000 001D 2000 0000 0000 0000#1626596016498784#-41.5#4.558990901596125#9
0000 0018 2000 0000 0000 0000#1626596016500314#-44.5#6.025476534814799#9
0000 0017 2000 0000 0000 0000#1626596016501617#-33.5#4.289010282928253#9
0000 001B 2000 0000 0000 0000#1626596016503894#-39.5#3.429981041712294#9
0000 0011 2000 0000 0000 0000#1626596016505012#-43.5#2.2089323345553233#9
0000 0013 2000 0000 0000 0000#1626596016506068#-40.5#3.718369429834794#9
0000 001C 2000 0000 0000 0000#1626596016507138#-39.5#4.111068511533518#9
0000 0014 2000 0000 0000 0000#1626596016508691#-40.5#4.276738436625168#9
0000 0012 2000 0000 0000 0000#1626596016511929#-41.0#3.11091303783208#9
3008 33B2 DDD9 0140 2018 0626#1626596016512965#-62.0#5.221670601962723#9
0000 0011 2000 0000 0000 0000#1626596016519507#-43.5#2.3193789512830896#9
0000 0016 2000 0000 0000 0000#1626596016520600#-38.0#4.589670517353839#9
0000 0012 2000 0000 0000 0000#1626596016522586#-40.5#3.153864499892878#9
0000 0013 2000 0000 0000 0000#1626596016523825#-40.5#3.761320891895592#9
0000 001C 2000 0000 0000 0000#1626596016525139#-39.5#4.154019973594316#9
0000 000F 2000 0000 0000 0000#1626596016526658#-40.5#5.313709449235861#9
3008 33B2 DDD9 0140 2018 0626#1626596016528262#-61.5#5.301437602932776#9
0000 0018 2000 0000 0000 0000#1626596016529521#-45.5#6.240233845118788#9
0000 0010 2000 0000 0000 0000#1626596016531305#-46.0#0.9387962421860124#9
0000 0014 2000 0000 0000 0000#1626596016533369#-40.0#4.3503695144436785#9
0000 001B 2000 0000 0000 0000#1626596016534377#-39.5#3.509748042682347#9
0000 0017 2000 0000 0000 0000#1626596016535725#-33.5#4.442408361716817#9
0000 001A 2000 0000 0000 0000#1626596016536870#-38.0#2.779573187648782#9
0000 0019 2000 0000 0000 0000#1626596016539384#-44.5#2.141437179888355#9
0000 001D 2000 0000 0000 0000#1626596016540945#-41.5#4.6448938257177215#9
0000 0015 2000 0000 0000 0000#1626596016542751#-45.0#4.871922982324796#9
0000 0011 2000 0000 0000 0000#1626596016809321#-38.0#2.6323110320117604#9
0000 001C 2000 0000 0000 0000#1626596016810624#-38.0#4.252194744018997#9
0000 0019 2000 0000 0000 0000#1626596016811628#-41.5#2.5157284921324514#9
0000 0015 2000 0000 0000 0000#1626596016814731#-44.5#4.828971520263998#9
0000 001B 2000 0000 0000 0000#1626596016815854#-38.0#3.6570101983193686#9
0000 001A 2000 0000 0000 0000#1626596016817025#-36.0#2.9943304979527716#9
0000 0013 2000 0000 0000 0000#1626596016818550#-39.0#3.9392626632903265#9
0000 001D 2000 0000 0000 0000#1626596016820190#-39.5#4.632621979414636#9
0000 0016 2000 0000 0000 0000#1626596016821507#-38.0#5.227806525114265#9
0000 0017 2000 0000 0000 0000#1626596016822613#-34.0#5.307573526084319#9
0000 000F 2000 0000 0000 0000#1626596016824578#-41.0#0.07976700097005335#9
0000 0012 2000 0000 0000 0000#1626596016826585#-37.0#3.380893656499953#9
0000 0018 2000 0000 0000 0000#1626596016828232#-43.0#1.0062913968529805#9
0000 0010 2000 0000 0000 0000#1626596016829388#-41.0#1.7794177139473437#9
0000 0014 2000 0000 0000 0000#1626596016830445#-39.5#4.424000592262189#9
3008 33B2 DDD9 0140 2018 0626#1626596016831560#-61.5#4.878058905476339#9
0000 001D 2000 0000 0000 0000#1626596016836223#-41.5#4.657165672020807#9
0000 0014 2000 0000 0000 0000#1626596016837505#-39.5#4.4362724385652745#9
0000 000F 2000 0000 0000 0000#1626596016839429#-40.5#0.1595340019401067#9
0000 0017 2000 0000 0000 0000#1626596016840817#-33.0#5.375068680751287#9
0000 0010 2000 0000 0000 0000#1626596016841915#-40.5#1.8162332528565992#9
0000 001C 2000 0000 0000 0000#1626596016842931#-38.0#4.301282129231338#9
0000 0016 2000 0000 0000 0000#1626596016844252#-38.0#5.307573526084319#9
0000 001A 2000 0000 0000 0000#1626596016846144#-36.0#3.06182565261974#9
0000 0011 2000 0000 0000 0000#1626596016847529#-39.0#2.6998061866787286#9
0000 0012 2000 0000 0000 0000#1626596016848630#-36.5#3.423845118560751#9
0000 0018 2000 0000 0000 0000#1626596016850577#-42.0#1.1044661672776617#9
0000 0019 2000 0000 0000 0000#1626596016852224#-40.5#2.60776733940559#9
0000 0013 2000 0000 0000 0000#1626596016853294#-39.0#4.000621894805752#9
0000 001B 2000 0000 0000 0000#1626596016854345#-38.0#3.718369429834794#9
3008 33B2 DDD9 0140 2018 0626#1626596016855462#-62.0#4.828971520263998#9
0000 0015 2000 0000 0000 0000#1626596016856654#-44.5#4.884194828627882#9
0000 000F 2000 0000 0000 0000#1626596017119219#-36.0#2.030990563160589#9
0000 0017 2000 0000 0000 0000#1626596017120764#-30.5#1.1474176293384597#9
0000 0019 2000 0000 0000 0000#1626596017121840#-38.5#3.9269908169872414#9
0000 0012 2000 0000 0000 0000#1626596017123915#-36.5#4.76147636559703#9
0000 001C 2000 0000 0000 0000#1626596017125000#-37.5#5.473243451175968#9
0000 0010 2000 0000 0000 0000#1626596017126061#-38.0#3.2397674240144743#9
0000 0011 2000 0000 0000 0000#1626596017127832#-37.0#4.04357335686655#9
0000 001A 2000 0000 0000 0000#1626596017128851#-35.0#4.399456899656019#9
0000 001D 2000 0000 0000 0000#1626596017129885#-39.5#5.700272607783043#9
3008 33B2 DDD9 0140 2018 0626#1626596017131190#-62.5#5.810719224510809#9
0000 0014 2000 0000 0000 0000#1626596017132722#-38.5#5.5714182216006485#9
0000 0013 2000 0000 0000 0000#1626596017134247#-37.0#5.252350217720435#9
0000 0016 2000 0000 0000 0000#1626596017135267#-36.5#1.1044661672776617#9
0000 001B 2000 0000 0000 0000#1626596017137090#-36.0#5.056000676871073#9
0000 0018 2000 0000 0000 0000#1626596017139246#-37.5#2.718213956133356#9
0000 0015 2000 0000 0000 0000#1626596017141426#-43.0#5.8659425328746915#9
0000 001D 2000 0000 0000 0000#1626596017147380#-39.5#5.71868037723767#9
0000 0015 2000 0000 0000 0000#1626596017148430#-43.5#5.835262917116979#9
0000 0019 2000 0000 0000 0000#1626596017149434#-38.0#3.9576704327449543#9
0000 0018 2000 0000 0000 0000#1626596017150979#-37.0#2.7550294950426117#9
0000 000F 2000 0000 0000 0000#1626596017152256#-35.5#2.1353012567368124#9
0000 0017 2000 0000 0000 0000#1626596017154309#-30.5#1.282407938672396#9
0000 001A 2000 0000 0000 0000#1626596017157344#-34.5#4.460816131171445#9
0000 0010 2000 0000 0000 0000#1626596017158576#-37.5#3.3011266555298997#9
3008 33B2 DDD9 0140 2018 0626#1626596017160444#-62.0#5.822991070813893#9
0000 0012 2000 0000 0000 0000#1626596017161759#-36.0#4.8351074434155406#9
0000 0013 2000 0000 0000 0000#1626596017163170#-37.0#5.289165756629691#9
0000 0011 2000 0000 0000 0000#1626596017164514#-36.0#4.111068511533518#9
0000 0016 2000 0000 0000 0000#1626596017166277#-36.0#1.2517283229146832#9
0000 001B 2000 0000 0000 0000#1626596017168125#-35.5#5.105088062083414#9
0000 0014 2000 0000 0000 0000#1626596017169648#-38.0#5.608233760509904#9
0000 001C 2000 0000 0000 0000#1626596017172687#-37.0#5.546874528994478#9
0000 0011 2000 0000 0000 0000#1626596017439528#-35.5#4.01902966426038#9
0000 001B 2000 0000 0000 0000#1626596017443268#-35.5#4.95168998329485#9
0000 001A 2000 0000 0000 0000#1626596017444328#-34.5#4.399456899656019#9
0000 0018 2000 0000 0000 0000#1626596017446280#-34.5#2.816388726558037#9
0000 0013 2000 0000 0000 0000#1626596017447350#-36.5#5.123495831538041#9
0000 0016 2000 0000 0000 0000#1626596017448600#-34.0#1.8407769454627694#9
0000 001D 2000 0000 0000 0000#1626596017452348#-40.5#5.313709449235861#9
0000 000F 2000 0000 0000 0000#1626596017453385#-32.5#2.3930100291016#9
0000 0019 2000 0000 0000 0000#1626596017454476#-37.0#3.9208548938356986#9
0000 0017 2000 0000 0000 0000#1626596017456064#-27.5#1.7978254834019713#9
0000 0015 2000 0000 0000 0000#1626596017457551#-44.0#5.356660911296659#9
0000 001C 2000 0000 0000 0000#1626596017458607#-37.0#5.258486140871978#9
0000 0010 2000 0000 0000 0000#1626596017459667#-35.0#3.2827188860752723#9
0000 0014 2000 0000 0000 0000#1626596017460750#-38.0#5.289165756629691#9
0000 0012 2000 0000 0000 0000#1626596017463038#-35.0#4.773748211900116#9
0000 001A 2000 0000 0000 0000#1626596017468135#-33.0#4.442408361716817#9
0000 0017 2000 0000 0000 0000#1626596017469681#-27.5#1.8346410223112268#9
0000 0018 2000 0000 0000 0000#1626596017470822#-33.0#2.859340188618835#9
0000 0019 2000 0000 0000 0000#1626596017471928#-36.5#3.9392626632903265#9
0000 0011 2000 0000 0000 0000#1626596017473070#-34.5#4.09266074207889#9
0000 0015 2000 0000 0000 0000#1626596017474078#-44.5#5.3627968344482015#9
0000 0016 2000 0000 0000 0000#1626596017475402#-33.5#1.932815792735908#9
0000 0013 2000 0000 0000 0000#1626596017476711#-36.5#5.160311370447297#9
0000 0012 2000 0000 0000 0000#1626596017478823#-34.5#4.81056375080937#9
0000 000F 2000 0000 0000 0000#1626596017480102#-32.0#2.454369260617026#9
0000 0010 2000 0000 0000 0000#1626596017482909#-33.5#3.3195344249845276#9
0000 001C 2000 0000 0000 0000#1626596017484666#-36.5#5.283029833478148#9
0000 001B 2000 0000 0000 0000#1626596017486032#-35.5#5.013049214810275#9
0000 001D 2000 0000 0000 0000#1626596017487337#-40.0#5.307573526084319#9
0000 0014 2000 0000 0000 0000#1626596017488418#-38.5#5.307573526084319#9
0000 0014 2000 0000 0000 0000#1626596017757080#-40.0#5.546874528994478#9
0000 001B 2000 0000 0000 0000#1626596017758600#-37.5#5.442563835418255#9
0000 0011 2000 0000 0000 0000#1626596017759930#-36.0#4.749204519293945#9
0000 0016 2000 0000 0000 0000#1626596017762320#-32.5#3.2029518851052186#9
0000 001C 2000 0000 0000 0000#1626596017763335#-38.5#5.577554144752192#9
0000 001A 2000 0000 0000 0000#1626596017764608#-35.0#5.037592907416445#9
0000 001D 2000 0000 0000 0000#1626596017766224#-42.5#5.43029198911517#9
0000 0018 2000 0000 0000 0000#1626596017767800#-33.0#3.724505352986337#9
0000 0017 2000 0000 0000 0000#1626596017768862#-26.0#2.9145634969827183#9
0000 0013 2000 0000 0000 0000#1626596017770159#-38.5#5.559146375297564#9
0000 0015 2000 0000 0000 0000#1626596017771837#-46.5#5.338253141842031#9
0000 0012 2000 0000 0000 0000#1626596017772899#-36.5#5.325981295538946#9
0000 000F 2000 0000 0000 0000#1626596017773978#-30.5#3.411573272257666#9
0000 0010 2000 0000 0000 0000#1626596017776910#-33.0#4.086524818927348#9
0000 0019 2000 0000 0000 0000#1626596017778047#-37.0#4.675573441475434#9
0000 0015 2000 0000 0000 0000#1626596017783721#-46.5#5.325981295538946#9
0000 0016 2000 0000 0000 0000#1626596017786108#-32.5#3.2704470397721868#9
0000 0019 2000 0000 0000 0000#1626596017787200#-37.0#4.681709364626977#9
0000 0018 2000 0000 0000 0000#1626596017788356#-32.0#3.749049045592507#9
0000 0017 2000 0000 0000 0000#1626596017789392#-26.5#2.9820586516496865#9
0000 0011 2000 0000 0000 0000#1626596017790819#-35.0#4.798291904506286#9
0000 0010 2000 0000 0000 0000#1626596017792388#-33.0#4.111068511533518#9
0000 001B 2000 0000 0000 0000#1626596017793469#-37.5#5.4671075280244255#9
0000 001C 2000 0000 0000 0000#1626596017794568#-39.0#5.565282298449106#9
0000 001A 2000 0000 0000 0000#1626596017795641#-35.5#5.074408446325701#9
0000 001D 2000 0000 0000 0000#1626596017796827#-41.5#5.393476450205914#9
0000 0013 2000 0000 0000 0000#1626596017798139#-38.5#5.565282298449106#9
0000 000F 2000 0000 0000 0000#1626596017799162#-31.0#3.472932503773092#9
0000 0012 2000 0000 0000 0000#1626596017810974#-37.0#4.822835597112456#9
0000 0014 2000 0000 0000 0000#1626596017812312#-40.5#4.963961829597935#9
0000 0016 2000 0000 0000 0000#1626596018079105#-32.0#3.6079228131070282#9
0000 0011 2000 0000 0000 0000#1626596018080665#-37.0#4.595806440505381#9
0000 0017 2000 0000 0000 0000#1626596018081697#-27.0#3.184544115650591#9
0000 0014 2000 0000 0000 0000#1626596018083537#-42.5#4.841243366567084#9
0000 001B 2000 0000 0000 0000#1626596018085556#-39.0#4.963961829597935#9
3008 33B2 DDD9 0140 2018 0626#1626596018087408#-62.0#4.908738521234052#9
0000 001C 2000 0000 0000 0000#1626596018088920#-41.0#4.914874444385594#9
0000 0019 2000 0000 0000 0000#1626596018090709#-37.5#4.601942363656923#9
0000 001A 2000 0000 0000 0000#1626596018091740#-37.0#4.749204519293945#9
0000 0018 2000 0000 0000 0000#1626596018093287#-33.5#3.8288160465625602#9
0000 0012 2000 0000 0000 0000#1626596018094362#-38.0#4.9823695990525625#9
0000 0013 2000 0000 0000 0000#1626596018096242#-40.0#5.0253210611133605#9
0000 000F 2000 0000 0000 0000#1626596018098993#-31.0#3.6079228131070282#9
0000 0010 2000 0000 0000 0000#1626596018100067#-34.5#4.09266074207889#9
0000 0015 2000 0000 0000 0000#1626596018101857#-48.5#4.381049130201391#9
0000 001D 2000 0000 0000 0000#1626596018103773#-45.0#4.516039439535327#9
0000 001B 2000 0000 0000 0000#1626596018108548#-39.0#4.9394181369917645#9
0000 0018 2000 0000 0000 0000#1626596018109918#-32.0#3.847223816017188#9
0000 0012 2000 0000 0000 0000#1626596018111235#-38.5#4.963961829597935#9
0000 000F 2000 0000 0000 0000#1626596018112541#-31.0#3.6263305825616556#9
0000 0010 2000 0000 0000 0000#1626596018113572#-34.5#4.0987966652304335#9
0000 001D 2000 0000 0000 0000#1626596018114876#-45.0#4.503767593232243#9
0000 0015 2000 0000 0000 0000#1626596018116666#-49.0#4.338097668140593#9
0000 0013 2000 0000 0000 0000#1626596018117762#-40.5#4.994641445355648#9
0000 0016 2000 0000 0000 0000#1626596018118799#-32.5#3.6999616603801666#9
0000 0019 2000 0000 0000 0000#1626596018120588#-37.5#4.608078286808466#9
0000 0011 2000 0000 0000 0000#1626596018121591#-37.0#4.620350133111551#9
0000 0017 2000 0000 0000 0000#1626596018123078#-26.5#3.2888548092268146#9
0000 001A 2000 0000 0000 0000#1626596018124409#-37.0#4.724660826687775#9
3008 33B2 DDD9 0140 2018 0626#1626596018127593#-61.5#4.970097752749477#9
0000 001C 2000 0000 0000 0000#1626596018128975#-41.5#4.859651136021712#9
0000 0014 2000 0000 0000 0000#1626596018131423#-43.5#4.755340442445488#9
0000 001A 2000 0000 0000 0000#1626596018396122#-36.0#5.080544369477243#9
0000 0010 2000 0000 0000 0000#1626596018397234#-32.0#4.92714629068868#9
0000 0016 2000 0000 0000 0000#1626596018398272#-31.5#4.9823695990525625#9
0000 000F 2000 0000 0000 0000#1626596018399308#-31.0#4.724660826687775#9
0000 0011 2000 0000 0000 0000#1626596018400949#-35.0#5.092816215780329#9
0000 0019 2000 0000 0000 0000#1626596018402752#-36.5#5.227806525114265#9
0000 0014 2000 0000 0000 0000#1626596018403863#-44.0#4.878058905476339#9
3008 33B2 DDD9 0140 2018 0626#1626596018405207#-62.5#6.111379458936394#9
0000 0012 2000 0000 0000 0000#1626596018406364#-38.0#5.227806525114265#9
0000 0017 2000 0000 0000 0000#1626596018407491#-24.5#4.466952054322987#9
0000 001D 2000 0000 0000 0000#1626596018408541#-46.5#4.571262747899211#9
0000 0013 2000 0000 0000 0000#1626596018411090#-42.0#5.148039524144211#9
0000 001C 2000 0000 0000 0000#1626596018412146#-42.5#5.00077736850719#9
0000 0018 2000 0000 0000 0000#1626596018413421#-32.0#4.822835597112456#9
0000 0015 2000 0000 0000 0000#1626596018426132#-50.0#4.252194744018997#9
0000 001B 2000 0000 0000 0000#1626596018429085#-40.5#4.933282213840222#9
0000 0019 2000 0000 0000 0000#1626596018432668#-37.0#5.00077736850719#9
0000 0010 2000 0000 0000 0000#1626596018434081#-32.5#4.773748211900116#9
0000 0013 2000 0000 0000 0000#1626596018435603#-42.5#4.95168998329485#9
0000 0015 2000 0000 0000 0000#1626596018437066#-50.0#4.23378697456437#9
0000 001B 2000 0000 0000 0000#1626596018438615#-40.5#4.914874444385594#9
0000 001D 2000 0000 0000 0000#1626596018439634#-46.5#4.325825821837508#9
3008 33B2 DDD9 0140 2018 0626#1626596018440995#-61.5#5.841398840268521#9
0000 0012 2000 0000 0000 0000#1626596018442767#-40.0#4.988505522204105#9
0000 001A 2000 0000 0000 0000#1626596018443921#-36.5#4.847379289718626#9
0000 0017 2000 0000 0000 0000#1626596018445338#-24.5#4.319689898685965#9
0000 001C 2000 0000 0000 0000#1626596018447713#-43.5#4.743068596142402#9
0000 0014 2000 0000 0000 0000#1626596018448796#-44.5#4.632621979414636#9
0000 0011 2000 0000 0000 0000#1626596018450128#-37.0#4.859651136021712#9
0000 0018 2000 0000 0000 0000#1626596018452593#-31.0#4.6448938257177215#9
0000 000F 2000 0000 0000 0000#1626596018456892#-30.5#4.595806440505381#9
0000 0016 2000 0000 0000 0000#1626596018457954#-31.5#4.890330751779424#9
0000 001B 2000 0000 0000 0000#1626596018720658#-43.0#3.9147189706841563#9
3008 33B2 DDD9 0140 2018 0626#1626596018722461#-62.5#5.540738605842936#9
0000 001C 2000 0000 0000 0000#1626596018724662#-45.5#3.736777199289422#9
0000 0011 2000 0000 0000 0000#1626596018725710#-37.5#4.006757817957295#9
0000 0015 2000 0000 0000 0000#1626596018727030#-54.0#3.2520392703175593#9
0000 000F 2000 0000 0000 0000#1626596018728121#-30.0#4.252194744018997#9
0000 0017 2000 0000 0000 0000#1626596018729250#-24.5#4.123340357836604#9
0000 001A 2000 0000 0000 0000#1626596018730637#-37.5#3.810408277107933#9
0000 0013 2000 0000 0000 0000#1626596018731716#-44.5#3.9085830475326135#9
0000 0019 2000 0000 0000 0000#1626596018732767#-37.5#4.196971435655114#9
0000 0010 2000 0000 0000 0000#1626596018734119#-33.5#4.1417481272912315#9
0000 0014 2000 0000 0000 0000#1626596018735169#-47.0#3.6017868899554855#9
0000 001D 2000 0000 0000 0000#1626596018737567#-50.0#3.313398501832985#9
0000 0016 2000 0000 0000 0000#1626596018738760#-31.5#4.853515212870168#9
0000 0012 2000 0000 0000 0000#1626596018739853#-41.5#3.9392626632903265#9
0000 0018 2000 0000 0000 0000#1626596018741115#-32.0#4.184699589352029#9
0000 001A 2000 0000 0000 0000#1626596018746100#-39.0#3.7551849687440497#9
0000 0019 2000 0000 0000 0000#1626596018747449#-37.0#4.166291819897402#9
0000 001C 2000 0000 0000 0000#1626596018749018#-45.5#3.693825737228624#9
0000 0011 2000 0000 0000 0000#1626596018750065#-37.5#3.9576704327449543#9
0000 0014 2000 0000 0000 0000#1626596018751614#-47.0#3.56497135104623#9
0000 0015 2000 0000 0000 0000#1626596018752651#-55.0#3.1906800388021335#9
0000 000F 2000 0000 0000 0000#1626596018753999#-30.0#4.246058820867455#9
0000 0018 2000 0000 0000 0000#1626596018756592#-31.0#4.1601558967458585#9
0000 0013 2000 0000 0000 0000#1626596018757673#-44.5#3.8410878928656453#9
0000 0017 2000 0000 0000 0000#1626596018758735#-26.0#4.135612204139688#9
0000 001B 2000 0000 0000 0000#1626596018759771#-43.0#3.792000507653305#9
0000 0010 2000 0000 0000 0000#1626596018761641#-32.5#4.111068511533518#9
0000 0012 2000 0000 0000 0000#1626596018762956#-41.5#3.8840393549264434#9
0000 0016 2000 0000 0000 0000#1626596018764520#-31.5#4.871922982324796#9
0000 001D 2000 0000 0000 0000#1626596018766452#-51.0#3.2459033471660166#9
3008 33B2 DDD9 0140 2018 0626#1626596018768664#-62.5#5.45483568172134#9
0000 001C 2000 0000 0000 0000#1626596019033965#-49.5#2.5034566458293663#9
0000 0016 2000 0000 0000 0000#1626596019035315#-32.0#4.608078286808466#9
0000 0017 2000 0000 0000 0000#1626596019036887#-26.0#3.6324665057131984#9
0000 0012 2000 0000 0000 0000#1626596019038175#-42.5#2.804116880254952#9
0000 0011 2000 0000 0000 0000#1626596019039985#-38.0#2.9022916506796332#9
0000 001D 2000 0000 0000 0000#1626596019044736#-55.5#1.859184714917397#9
0000 0013 2000 0000 0000 0000#1626596019045802#-47.0#2.693670263527186#9
0000 0010 2000 0000 0000 0000#1626596019046928#-32.5#3.2581751934691017#9
0000 001B 2000 0000 0000 0000#1626596019048982#-45.0#2.6813984172241008#9
0000 0014 2000 0000 0000 0000#1626596019050292#-52.0#2.282563412373834#9
0000 0019 2000 0000 0000 0000#1626596019051341#-38.5#3.153864499892878#9
0000 001A 2000 0000 0000 0000#1626596019052386#-40.0#2.6139032625571326#9
0000 0015 2000 0000 0000 0000#1626596019056298#-61.5#1.4726215563702154#9
0000 000F 2000 0000 0000 0000#1626596019057361#-30.5#3.6017868899554855#9
0000 0018 2000 0000 0000 0000#1626596019058421#-32.5#3.393165502803038#9
0000 0015 2000 0000 0000 0000#1626596019064657#-61.0#1.3928545554001621#9
0000 0016 2000 0000 0000 0000#1626596019066433#-32.0#4.583534594202296#9
0000 0014 2000 0000 0000 0000#1626596019068581#-52.0#2.2027964114037806#9
0000 0011 2000 0000 0000 0000#1626596019069585#-38.0#2.834796496012665#9
0000 0017 2000 0000 0000 0000#1626596019070618#-26.5#3.5956509668039427#9
0000 0012 2000 0000 0000 0000#1626596019072626#-42.5#2.7120780329818137#9
0000 0010 2000 0000 0000 0000#1626596019073698#-34.5#3.2336315008629315#9
0000 000F 2000 0000 0000 0000#1626596019074764#-30.5#3.5956509668039427#9
0000 0013 2000 0000 0000 0000#1626596019076316#-47.0#2.60776733940559#9
0000 0018 2000 0000 0000 0000#1626596019077421#-32.5#3.368621810196868#9
0000 001B 2000 0000 0000 0000#1626596019078816#-45.0#2.5832236467994196#9
0000 001C 2000 0000 0000 0000#1626596019079814#-50.5#2.313243028131547#9
0000 001A 2000 0000 0000 0000#1626596019080888#-40.0#2.5402721847386216#9
0000 0019 2000 0000 0000 0000#1626596019082917#-38.5#3.074097498922825#9
0000 001D 2000 0000 0000 0000#1626596019084563#-56.5#1.6751070203711202#9
0000 0016 2000 0000 0000 0000#1626596019348156#-32.5#4.577398671050753#9
0000 0017 2000 0000 0000 0000#1626596019351028#-26.5#3.442252888015379#9
0000 0019 2000 0000 0000 0000#1626596019352119#-38.5#2.6445828783148455#9
0000 001C 2000 0000 0000 0000#1626596019353217#-53.0#1.184233168247715#9
0000 0013 2000 0000 0000 0000#1626596019354540#-50.0#1.6873788666742053#9
0000 0018 2000 0000 0000 0000#1626596019356741#-33.5#3.074097498922825#9
0000 001A 2000 0000 0000 0000#1626596019358057#-41.0#2.024854640009046#9
0000 0010 2000 0000 0000 0000#1626596019359227#-33.0#2.8286605728611223#9
0000 000F 2000 0000 0000 0000#1626596019360305#-31.0#3.3624858870453256#9
0000 001B 2000 0000 0000 0000#1626596019361312#-47.5#1.8346410223112268#9
0000 0015 2000 0000 0000 0000#1626596019362732#-50.5#5.405748296509#9
0000 0014 2000 0000 0000 0000#1626596019364666#-55.0#0.8283496254582462#9
0000 0012 2000 0000 0000 0000#1626596019365727#-44.5#2.061670178918302#9
0000 0011 2000 0000 0000 0000#1626596019367016#-38.5#2.36846633649543#9
0000 001D 2000 0000 0000 0000#1626596019370277#-56.0#5.786175531904639#9
0000 0017 2000 0000 0000 0000#1626596019375238#-27.0#3.411573272257666#9
0000 001A 2000 0000 0000 0000#1626596019376378#-40.0#1.9634954084936207#9
0000 0016 2000 0000 0000 0000#1626596019378399#-32.5#4.534447208989955#9
0000 0018 2000 0000 0000 0000#1626596019379463#-33.5#3.000466421104314#9
0000 000F 2000 0000 0000 0000#1626596019381025#-31.5#3.3318062712876126#9
0000 001B 2000 0000 0000 0000#1626596019382148#-47.5#1.7426021750380885#9
0000 0011 2000 0000 0000 0000#1626596019383775#-37.5#2.3316507975861747#9
0000 0010 2000 0000 0000 0000#1626596019385142#-33.0#2.7857091108003242#9
0000 001C 2000 0000 0000 0000#1626596019387194#-54.0#0.9940195505498954#9
0000 0013 2000 0000 0000 0000#1626596019389469#-51.0#1.521708941582556#9
0000 001D 2000 0000 0000 0000#1626596019390855#-53.0#5.546874528994478#9
0000 0012 2000 0000 0000 0000#1626596019392268#-43.0#1.9757672547967058#9
0000 0014 2000 0000 0000 0000#1626596019393730#-55.0#0.662679700366597#9
0000 0015 2000 0000 0000 0000#1626596019396975#-49.0#5.166447293598839#9
0000 0019 2000 0000 0000 0000#1626596019398067#-38.5#2.5341362615870793#9
0000 0010 2000 0000 0000 0000#1626596019662504#-35.0#2.705942109830271#9
0000 001D 2000 0000 0000 0000#1626596019663821#-46.0#4.4362724385652745#9
0000 000F 2000 0000 0000 0000#1626596019664842#-32.0#3.3195344249845276#9
0000 0017 2000 0000 0000 0000#1626596019667710#-27.5#3.429981041712294#9
0000 0015 2000 0000 0000 0000#1626596019670309#-52.5#4.657165672020807#9
0000 0016 2000 0000 0000 0000#1626596019671431#-33.5#4.700117134081604#9
0000 0014 2000 0000 0000 0000#1626596019672756#-44.5#4.822835597112456#9
0000 001C 2000 0000 0000 0000#1626596019673827#-45.5#4.97623367590102#9
0000 001B 2000 0000 0000 0000#1626596019674890#-50.5#0.9019807032767571#9
0000 0013 2000 0000 0000 0000#1626596019675928#-51.0#0.36815538909255385#9
0000 0018 2000 0000 0000 0000#1626596019677273#-34.0#2.9329712664373457#9
0000 001A 2000 0000 0000 0000#1626596019678517#-44.0#1.5892040962495242#9
0000 0012 2000 0000 0000 0000#1626596019679564#-47.0#1.4542137869155878#9
0000 0019 2000 0000 0000 0000#1626596019680641#-40.0#2.3930100291016#9
0000 0011 2000 0000 0000 0000#1626596019681730#-39.5#2.067806102069844#9
0000 0011 2000 0000 0000 0000#1626596019691550#-38.5#2.0371264863121317#9
0000 001B 2000 0000 0000 0000#1626596019692858#-50.5#0.7853981633974483#9
0000 0017 2000 0000 0000 0000#1626596019693920#-28.0#3.3747577333484107#9
0000 0010 2000 0000 0000 0000#1626596019694976#-35.5#2.6200391857086753#9
0000 0013 2000 0000 0000 0000#1626596019696045#-51.0#0.2086213871524472#9
0000 0012 2000 0000 0000 0000#1626596019697887#-46.0#1.3744467859455345#9
0000 0015 2000 0000 0000 0000#1626596019698937#-54.0#4.565126824747668#9
0000 0019 2000 0000 0000 0000#1626596019699969#-40.0#2.356194490192345#9
0000 0018 2000 0000 0000 0000#1626596019701005#-34.0#2.8716120349219203#9
0000 0016 2000 0000 0000 0000#1626596019702270#-34.0#4.657165672020807#9
0000 000F 2000 0000 0000 0000#1626596019703617#-32.5#3.2336315008629315#9
0000 001C 2000 0000 0000 0000#1626596019705871#-44.5#4.773748211900116#9
0000 001D 2000 0000 0000 0000#1626596019707627#-47.0#4.338097668140593#9
0000 001A 2000 0000 0000 0000#1626596019708998#-42.5#1.4664856332186729#9
0000 0014 2000 0000 0000 0000#1626596019710296#-44.0#4.632621979414636#9
0000 001B 2000 0000 0000 0000#1626596019978194#-43.5#3.9515345095934116#9
0000 0013 2000 0000 0000 0000#1626596019979476#-42.0#3.6570101983193686#9
0000 000F 2000 0000 0000 0000#1626596019980995#-34.5#2.1966604882522383#9
0000 0015 2000 0000 0000 0000#1626596019983013#-64.5#1.7916895602504288#9
0000 0019 2000 0000 0000 0000#1626596019984046#-44.5#1.1167380135807468#9
0000 0016 2000 0000 0000 0000#1626596019985140#-35.5#3.7122335066832517#9
0000 0014 2000 0000 0000 0000#1626596019987901#-52.0#3.3502140407422405#9
0000 0012 2000 0000 0000 0000#1626596019989087#-45.5#5.184855063053467#9
0000 0018 2000 0000 0000 0000#1626596019990348#-37.0#1.8223691760081417#9
0000 0010 2000 0000 0000 0000#1626596019991532#-38.0#1.521708941582556#9
0000 0017 2000 0000 0000 0000#1626596019994600#-30.0#2.313243028131547#9
0000 001C 2000 0000 0000 0000#1626596019996846#-47.0#3.522019888985432#9
0000 001A 2000 0000 0000 0000#1626596019998117#-45.5#5.792311455056181#9
0000 001D 2000 0000 0000 0000#1626596019999415#-60.0#2.073942025221387#9
0000 0011 2000 0000 0000 0000#1626596020003452#-43.0#0.47860200582032003#9
0000 0013 2000 0000 0000 0000#1626596020007873#-42.0#3.552699504743145#9
0000 0019 2000 0000 0000 0000#1626596020009191#-45.0#1.0062913968529805#9
0000 001A 2000 0000 0000 0000#1626596020010207#-47.5#5.64504929941916#9
0000 0018 2000 0000 0000 0000#1626596020012964#-37.0#1.7671458676442586#9
0000 0017 2000 0000 0000 0000#1626596020013997#-30.0#2.2396119503130363#9
0000 001B 2000 0000 0000 0000#1626596020015276#-42.5#3.736777199289422#9
0000 0015 2000 0000 0000 0000#1626596020016581#-64.5#1.3928545554001621#9
0000 0010 2000 0000 0000 0000#1626596020018660#-38.0#1.4419419406125027#9
0000 0014 2000 0000 0000 0000#1626596020020469#-54.0#3.2029518851052186#9
0000 000F 2000 0000 0000 0000#1626596020021504#-35.0#2.098485717827557#9
0000 001D 2000 0000 0000 0000#1626596020022552#-60.0#1.8100973297050567#9
0000 0016 2000 0000 0000 0000#1626596020024299#-35.5#3.6386024288647407#9
0000 0012 2000 0000 0000 0000#1626596020027895#-45.5#4.743068596142402#9
0000 0011 2000 0000 0000 0000#1626596020028968#-45.0#0.34974761963792617#9
0000 001C 2000 0000 0000 0000#1626596020030028#-49.0#3.509748042682347#9
0000 001C 2000 0000 0000 0000#1626596020299604#-59.0#1.4848934026733007#9
0000 0016 2000 0000 0000 0000#1626596020300811#-37.5#2.6323110320117604#9
0000 001A 2000 0000 0000 0000#1626596020302225#-39.0#2.9636508821950587#9
0000 001D 2000 0000 0000 0000#1626596020303287#-56.5#4.025165587411922#9
0000 0017 2000 0000 0000 0000#1626596020304378#-33.5#1.2701360923693108#9
0000 0011 2000 0000 0000 0000#1626596020305746#-42.0#4.178563666200486#9
0000 0012 2000 0000 0000 0000#1626596020306811#-41.5#2.804116880254952#9
0000 0010 2000 0000 0000 0000#1626596020309174#-44.5#6.270913460876501#9
0000 0013 2000 0000 0000 0000#1626596020310258#-53.5#2.36846633649543#9
0000 000F 2000 0000 0000 0000#1626596020311364#-39.0#1.1106020904292042#9
0000 0014 2000 0000 0000 0000#1626596020312687#-61.5#0.17794177139473438#9
0000 0019 2000 0000 0000 0000#1626596020313735#-47.5#4.970097752749477#9
0000 0015 2000 0000 0000 0000#1626596020314902#-56.0#3.442252888015379#9
0000 001B 2000 0000 0000 0000#1626596020316177#-50.0#2.82252464970958#9
0000 0018 2000 0000 0000 0000#1626596020319112#-42.0#0.5460971604872883#9
0000 0019 2000 0000 0000 0000#1626596020324158#-47.5#4.884194828627882#9
0000 0014 2000 0000 0000 0000#1626596020325758#-62.0#0.05522330836388308#9
0000 000F 2000 0000 0000 0000#1626596020326807#-39.5#1.1106020904292042#9
0000 0010 2000 0000 0000 0000#1626596020327837#-46.0#6.160466844148735#9
0000 001A 2000 0000 0000 0000#1626596020329340#-40.0#2.8777479580734626#9
0000 0017 2000 0000 0000 0000#1626596020331186#-34.0#1.2210487071569704#9
0000 0015 2000 0000 0000 0000#1626596020332249#-56.0#3.1906800388021335#9
0000 001D 2000 0000 0000 0000#1626596020334009#-56.5#3.6140587362585705#9
0000 001B 2000 0000 0000 0000#1626596020337967#-51.0#2.82252464970958#9
0000 0018 2000 0000 0000 0000#1626596020340083#-43.5#0.4908738521234052#9
0000 0012 2000 0000 0000 0000#1626596020341487#-42.5#2.761165418194154#9
0000 0011 2000 0000 0000 0000#1626596020342616#-43.0#3.877903431774901#9
0000 0013 2000 0000 0000 0000#1626596020343657#-54.0#2.1475731030398975#9
0000 0016 2000 0000 0000 0000#1626596020345206#-38.0#2.5402721847386216#9
0000 001C 2000 0000 0000 0000#1626596020347076#-59.5#1.1780972450961724#9
0000 0011 2000 0000 0000 0000#1626596020616393#-42.0#3.067961575771282#9
0000 001C 2000 0000 0000 0000#1626596020617467#-61.5#4.460816131171445#9
0000 001A 2000 0000 0000 0000#1626596020618482#-48.5#2.6568547246179306#9
0000 0014 2000 0000 0000 0000#1626596020619789#-56.5#3.5342917352885173#9
0000 0018 2000 0000 0000 0000#1626596020620821#-47.0#5.270757987175063#9
0000 0016 2000 0000 0000 0000#1626596020623125#-41.0#2.3439226438892597#9
0000 001B 2000 0000 0000 0000#1626596020624673#-55.5#1.3744467859455345#9
0000 000F 2000 0000 0000 0000#1626596020626206#-46.5#0.2454369260617026#9
0000 0019 2000 0000 0000 0000#1626596020627255#-42.0#3.448388811166921#9
0000 001D 2000 0000 0000 0000#1626596020628272#-55.0#2.110757564130642#9
0000 0017 2000 0000 0000 0000#1626596020629789#-41.0#0.7669903939428205#9
0000 0012 2000 0000 0000 0000#1626596020632322#-50.5#2.1905245651006955#9
0000 0010 2000 0000 0000 0000#1626596020634201#-42.0#4.239922897715912#9
0000 0015 2000 0000 0000 0000#1626596020637255#-55.0#1.5892040962495242#9
0000 0013 2000 0000 0000 0000#1626596020638294#-56.5#0.34974761963792617#9
0000 001B 2000 0000 0000 0000#1626596020645486#-55.0#1.2026409377023426#9
0000 000F 2000 0000 0000 0000#1626596020647062#-47.0#0.1227184630308513#9
0000 0017 2000 0000 0000 0000#1626596020648995#-41.5#0.6810874698212247#9
0000 0011 2000 0000 0000 0000#1626596020650283#-42.5#3.000466421104314#9
0000 001A 2000 0000 0000 0000#1626596020651400#-50.0#2.5832236467994196#9
0000 0016 2000 0000 0000 0000#1626596020653191#-41.5#2.282563412373834#9
0000 0015 2000 0000 0000 0000#1626596020654777#-55.5#1.5033011721279284#9
0000 0018 2000 0000 0000 0000#1626596020655894#-46.5#5.006913291658733#9
0000 001D 2000 0000 0000 0000#1626596020657440#-55.0#1.9573594853420782#9
0000 0019 2000 0000 0000 0000#1626596020658887#-42.0#3.380893656499953#9
0000 0014 2000 0000 0000 0000#1626596020659953#-56.0#3.2949907323783574#9
0000 0010 2000 0000 0000 0000#1626596020662219#-43.5#4.0987966652304335#9
0000 0012 2000 0000 0000 0000#1626596020671857#-51.0#2.8102528034064944#9
0000 0013 2000 0000 0000 0000#1626596020673407#-56.5#0.7976700097005334#9
0000 001C 2000 0000 0000 0000#1626596020674621#-58.5#4.841243366567084#9
0000 0013 2000 0000 0000 0000#1626596020937913#-53.5#4.28287435977671#9
0000 0016 2000 0000 0000 0000#1626596020939603#-46.5#2.0064468705544187#9
0000 0011 2000 0000 0000 0000#1626596020940887#-49.5#2.791845033951867#9
0000 0015 2000 0000 0000 0000#1626596020941958#-62.0#0.6258641614573416#9
0000 001C 2000 0000 0000 0000#1626596020943084#-56.5#3.08636934522591#9
0000 001A 2000 0000 0000 0000#1626596020944385#-53.5#1.4664856332186729#9
0000 0019 2000 0000 0000 0000#1626596020945475#-49.5#3.4606606574700063#9
0000 0014 2000 0000 0000 0000#1626596020946542#-54.5#2.5832236467994196#9
0000 0018 2000 0000 0000 0000#1626596020947589#-44.5#4.442408361716817#9
0000 001D 2000 0000 0000 0000#1626596020948879#-58.0#1.662835174068035#9
0000 000F 2000 0000 0000 0000#1626596020949941#-45.0#5.086680292628786#9
0000 0017 2000 0000 0000 0000#1626596020951261#-43.0#5.626641529964532#9
0000 0010 2000 0000 0000 0000#1626596020952334#-45.5#3.9638063558964967#9
0000 001B 2000 0000 0000 0000#1626596020953485#-56.5#4.865787059173254#9
0000 0012 2000 0000 0000 0000#1626596020955884#-55.0#0.4479223900626072#9
0000 0014 2000 0000 0000 0000#1626596020961594#-54.5#2.5709518004963345#9
0000 001A 2000 0000 0000 0000#1626596020962910#-53.0#1.3437671701878218#9
0000 0018 2000 0000 0000 0000#1626596020963970#-44.5#4.387185053352934#9
0000 001C 2000 0000 0000 0000#1626596020965314#-56.0#3.000466421104314#9
0000 0015 2000 0000 0000 0000#1626596020967107#-63.0#0.5154175447295755#9
0000 001D 2000 0000 0000 0000#1626596020968295#-57.5#1.5278448647340985#9
0000 000F 2000 0000 0000 0000#1626596020969372#-44.5#5.019185137961818#9
0000 0011 2000 0000 0000 0000#1626596020970460#-50.0#2.6200391857086753#9
0000 0013 2000 0000 0000 0000#1626596020972254#-54.0#4.0558452031696355#9
0000 0017 2000 0000 0000 0000#1626596020974055#-43.5#5.473243451175968#9
0000 0016 2000 0000 0000 0000#1626596020975093#-47.5#1.846912868614312#9
0000 0010 2000 0000 0000 0000#1626596020976502#-45.0#3.9453985864418692#9
0000 0019 2000 0000 0000 0000#1626596020978305#-50.5#3.3624858870453256#9
0000 001B 2000 0000 0000 0000#1626596020979344#-56.5#4.651029748869264#9
0000 0012 2000 0000 0000 0000#1626596020983197#-55.5#0.16566992509164924#9
0000 001C 2000 0000 0000 0000#1626596021247831#-59.5#1.552388557340269#9
0000 0017 2000 0000 0000 0000#1626596021248877#-43.0#3.988350048502667#9
0000 0016 2000 0000 0000 0000#1626596021249913#-49.5#6.056156150572511#9
0000 000F 2000 0000 0000 0000#1626596021250978#-48.0#3.77972866135022#9
0000 0012 2000 0000 0000 0000#1626596021252053#-53.0#3.6386024288647407#9
0000 0010 2000 0000 0000 0000#1626596021254365#-50.5#2.313243028131547#9
0000 0013 2000 0000 0000 0000#1626596021255418#-54.5#2.1598449493429825#9
0000 0014 2000 0000 0000 0000#1626596021257171#-61.0#0.8651651643675016#9
0000 001A 2000 0000 0000 0000#1626596021259039#-52.0#4.104932588381976#9
0000 0019 2000 0000 0000 0000#1626596021260087#-55.0#1.3437671701878218#9
0000 0011 2000 0000 0000 0000#1626596021262468#-53.0#5.939573610693203#9
0000 0018 2000 0000 0000 0000#1626596021264024#-51.5#3.043417883165112#9
0000 001B 2000 0000 0000 0000#1626596021269783#-54.5#2.5832236467994196#9
0000 001B 2000 0000 0000 0000#1626596021281886#-54.5#2.693670263527186#9
0000 001A 2000 0000 0000 0000#1626596021284486#-53.0#4.074252972624263#9
0000 000F 2000 0000 0000 0000#1626596021285535#-48.0#3.834951969714103#9
0000 0018 2000 0000 0000 0000#1626596021286652#-51.5#3.1231848841351653#9
0000 001C 2000 0000 0000 0000#1626596021288464#-60.0#1.552388557340269#9
0000 0011 2000 0000 0000 0000#1626596021289589#-52.5#5.816855147662351#9
0000 0016 2000 0000 0000 0000#1626596021290712#-49.0#5.982525072754001#9
0000 0017 2000 0000 0000 0000#1626596021292045#-42.5#4.006757817957295#9
0000 0010 2000 0000 0000 0000#1626596021293361#-52.0#2.227340104009951#9
0000 0013 2000 0000 0000 0000#1626596021295028#-54.0#2.055534255766759#9
0000 0019 2000 0000 0000 0000#1626596021296333#-55.5#0.9817477042468103#9
0000 0012 2000 0000 0000 0000#1626596021298029#-51.0#3.466796580621549#9
0000 0014 2000 0000 0000 0000#1626596021299738#-62.0#0.7363107781851077#9
0000 001A 2000 0000 0000 0000#1626596021565004#-52.0#1.736466251886546#9
0000 000F 2000 0000 0000 0000#1626596021566107#-51.5#1.945087639038993#9
0000 0010 2000 0000 0000 0000#1626596021568505#-55.0#5.497787143782138#9
0000 0017 2000 0000 0000 0000#1626596021570263#-46.0#2.386874105950058#9
0000 0016 2000 0000 0000 0000#1626596021571298#-49.5#4.252194744018997#9
0000 0018 2000 0000 0000 0000#1626596021572454#-53.5#0.6135923151542565#9
0000 001B 2000 0000 0000 0000#1626596021573492#-58.5#0.6013204688511713#9
0000 0011 2000 0000 0000 0000#1626596021574822#-51.5#2.8409324191642074#9
0000 0012 2000 0000 0000 0000#1626596021577589#-52.5#1.2087768608538851#9
0000 0019 2000 0000 0000 0000#1626596021581404#-56.5#3.810408277107933#9
0000 0011 2000 0000 0000 0000#1626596021585549#-50.0#2.742757648739526#9
0000 0017 2000 0000 0000 0000#1626596021587145#-46.5#2.3439226438892597#9
0000 0018 2000 0000 0000 0000#1626596021588190#-55.0#0.521553467881118#9
0000 001B 2000 0000 0000 0000#1626596021589997#-59.0#0.5706408530934585#9
0000 0019 2000 0000 0000 0000#1626596021591544#-56.0#3.706097583531709#9
0000 001A 2000 0000 0000 0000#1626596021592862#-52.5#1.6566992509164924#9
0000 0010 2000 0000 0000 0000#1626596021594145#-55.0#5.252350217720435#9
0000 0016 2000 0000 0000 0000#1626596021595225#-49.5#4.154019973594316#9
0000 000F 2000 0000 0000 0000#1626596021597042#-52.5#1.8407769454627694#9
0000 0012 2000 0000 0000 0000#1626596021600068#-53.0#1.0737865515199487#9
0000 0012 2000 0000 0000 0000#1626596021866469#-56.5#0.32520392703175593#9
0000 0017 2000 0000 0000 0000#1626596021867545#-49.5#1.945087639038993#9
0000 0019 2000 0000 0000 0000#1626596021872415#-56.5#3.043417883165112#9
0000 000F 2000 0000 0000 0000#1626596021874125#-56.0#1.1228739367322893#9
0000 0011 2000 0000 0000 0000#1626596021875511#-52.0#2.067806102069844#9
0000 0010 2000 0000 0000 0000#1626596021876628#-55.0#4.276738436625168#9
0000 001A 2000 0000 0000 0000#1626596021877675#-54.5#0.9878836273983529#9
0000 0016 2000 0000 0000 0000#1626596021878752#-51.5#3.7981364308048478#9
0000 0018 2000 0000 0000 0000#1626596021879970#-57.0#5.516194913236766#9
0000 0015 2000 0000 0000 0000#1626596021881886#-63.5#1.8653206380689396#9
