0000 0017 2000 0000 0000 0000#1626595844601887#-43.5#2.184388641949153#9
0000 0011 2000 0000 0000 0000#1626595844602933#-46.0#3.933126740138784#9
0000 0013 2000 0000 0000 0000#1626595844604227#-50.5#0.5092816215780329#9
0000 001D 2000 0000 0000 0000#1626595844605259#-47.5#2.1475731030398975#9
0000 0015 2000 0000 0000 0000#1626595844606523#-50.5#2.3316507975861747#9
0000 0012 2000 0000 0000 0000#1626595844608067#-49.0#5.283029833478148#9
0000 001C 2000 0000 0000 0000#1626595844609605#-48.0#1.2762720155208536#9
0000 000F 2000 0000 0000 0000#1626595844610925#-45.0#2.748893571891069#9
0000 001B 2000 0000 0000 0000#1626595844612498#-50.0#6.252505691421874#9
0000 0010 2000 0000 0000 0000#1626595844613549#-44.5#3.3011266555298997#9
0000 0018 2000 0000 0000 0000#1626595844617175#-46.0#3.067961575771282#9
0000 0019 2000 0000 0000 0000#1626595844618236#-45.0#3.6876898140770815#9
0000 001A 2000 0000 0000 0000#1626595844619346#-45.0#4.6448938257177215#9
0000 0016 2000 0000 0000 0000#1626595844620884#-64.5#3.785864584501762#9
0000 0014 2000 0000 0000 0000#1626595844623402#-49.0#1.6382914814618648#9
0000 0013 2000 0000 0000 0000#1626595844632565#-50.5#0.5338253141842031#9
0000 0012 2000 0000 0000 0000#1626595844633969#-49.0#5.313709449235861#9
0000 0017 2000 0000 0000 0000#1626595844635014#-43.5#2.2027964114037806#9
0000 0016 2000 0000 0000 0000#1626595844636154#-65.0#3.890175278077986#9
0000 000F 2000 0000 0000 0000#1626595844637442#-45.0#2.748893571891069#9
0000 0014 2000 0000 0000 0000#1626595844638905#-49.5#1.6505633277649499#9
0000 0015 2000 0000 0000 0000#1626595844639972#-50.5#2.350058567040802#9
0000 001B 2000 0000 0000 0000#1626595844643017#-50.0#6.258641614573416#9
0000 0019 2000 0000 0000 0000#1626595844644137#-45.0#3.6876898140770815#9
0000 0011 2000 0000 0000 0000#1626595844645184#-45.5#3.9269908169872414#9
0000 001D 2000 0000 0000 0000#1626595844646763#-47.5#2.1475731030398975#9
0000 001A 2000 0000 0000 0000#1626595844648486#-46.5#4.6448938257177215#9
0000 0018 2000 0000 0000 0000#1626595844650443#-46.0#3.0802334220743677#9
0000 0010 2000 0000 0000 0000#1626595844651490#-44.5#3.3011266555298997#9
0000 001C 2000 0000 0000 0000#1626595844654297#-48.0#1.2762720155208536#9
0000 0019 2000 0000 0000 0000#1626595844917854#-45.0#3.9208548938356986#9
0000 0017 2000 0000 0000 0000#1626595844918989#-43.5#2.399145952253143#9
0000 001D 2000 0000 0000 0000#1626595844920261#-48.0#2.3623304133438876#9
0000 0016 2000 0000 0000 0000#1626595844921341#-64.5#4.061981126321178#9
0000 0010 2000 0000 0000 0000#1626595844922726#-42.5#3.5036121195308043#9
0000 000F 2000 0000 0000 0000#1626595844924289#-45.5#2.9391071895888885#9
0000 001A 2000 0000 0000 0000#1626595844926115#-46.0#4.828971520263998#9
0000 0018 2000 0000 0000 0000#1626595844927449#-45.5#3.3011266555298997#9
0000 0012 2000 0000 0000 0000#1626595844929521#-49.5#5.516194913236766#9
0000 0014 2000 0000 0000 0000#1626595844931271#-48.5#1.8285050991596843#9
0000 0015 2000 0000 0000 0000#1626595844932577#-50.0#2.5280003384355365#9
0000 0013 2000 0000 0000 0000#1626595844933900#-51.0#0.7424467013366504#9
0000 0011 2000 0000 0000 0000#1626595844934961#-45.5#4.1417481272912315#9
0000 001B 2000 0000 0000 0000#1626595844950222#-49.0#0.944932165337555#9
0000 001C 2000 0000 0000 0000#1626595844951307#-48.0#2.2212041808584084#9
0000 001B 2000 0000 0000 0000#1626595844954691#-49.0#0.9572040116406401#9
0000 0010 2000 0000 0000 0000#1626595844957226#-41.5#4.3074180523828804#9
0000 0012 2000 0000 0000 0000#1626595844958625#-47.5#6.2463697682703305#9
0000 000F 2000 0000 0000 0000#1626595844959648#-44.5#3.773592738198677#9
0000 0018 2000 0000 0000 0000#1626595844961477#-44.0#4.09266074207889#9
0000 0017 2000 0000 0000 0000#1626595844962782#-42.5#3.2336315008629315#9
0000 001A 2000 0000 0000 0000#1626595844964080#-46.0#5.559146375297564#9
0000 0011 2000 0000 0000 0000#1626595844965224#-43.0#4.884194828627882#9
0000 0013 2000 0000 0000 0000#1626595844966777#-50.5#1.4542137869155878#9
0000 0019 2000 0000 0000 0000#1626595844968537#-44.0#4.657165672020807#9
0000 0016 2000 0000 0000 0000#1626595844969876#-63.5#4.884194828627882#9
0000 001C 2000 0000 0000 0000#1626595844970917#-48.0#2.1966604882522383#9
0000 001D 2000 0000 0000 0000#1626595844972958#-48.0#3.172272269347506#9
0000 0014 2000 0000 0000 0000#1626595844975136#-48.5#2.5709518004963345#9
0000 0015 2000 0000 0000 0000#1626595844978310#-50.0#3.3318062712876126#9
0000 0015 2000 0000 0000 0000#1626595845241304#-50.5#3.117048960983623#9
0000 0011 2000 0000 0000 0000#1626595845242336#-45.0#4.700117134081604#9
0000 0013 2000 0000 0000 0000#1626595845243658#-50.0#1.282407938672396#9
0000 0019 2000 0000 0000 0000#1626595845245675#-43.5#4.473087977474529#9
0000 001C 2000 0000 0000 0000#1626595845246801#-48.0#2.0371264863121317#9
0000 0018 2000 0000 0000 0000#1626595845248123#-45.0#3.9269908169872414#9
0000 0010 2000 0000 0000 0000#1626595845249682#-43.5#4.123340357836604#9
0000 0014 2000 0000 0000 0000#1626595845250792#-49.5#2.386874105950058#9
0000 001B 2000 0000 0000 0000#1626595845251842#-49.5#0.7915340865489908#9
0000 0017 2000 0000 0000 0000#1626595845253388#-43.0#3.018874190558942#9
0000 000F 2000 0000 0000 0000#1626595845255191#-44.5#3.5711072741977725#9
0000 001D 2000 0000 0000 0000#1626595845260941#-48.0#2.9391071895888885#9
0000 0012 2000 0000 0000 0000#1626595845262029#-48.5#6.031612457966341#9
0000 001A 2000 0000 0000 0000#1626595845263104#-46.0#5.393476450205914#9
0000 0016 2000 0000 0000 0000#1626595845264783#-64.0#4.706253057233147#9
0000 0018 2000 0000 0000 0000#1626595845270331#-45.0#3.9392626632903265#9
0000 0010 2000 0000 0000 0000#1626595845271594#-43.5#4.1417481272912315#9
0000 001B 2000 0000 0000 0000#1626595845273370#-49.5#0.7731263170943632#9
0000 0016 2000 0000 0000 0000#1626595845274665#-64.0#4.657165672020807#9
0000 0014 2000 0000 0000 0000#1626595845276726#-49.0#2.3930100291016#9
0000 0015 2000 0000 0000 0000#1626595845278289#-50.5#3.141592653589793#9
0000 0011 2000 0000 0000 0000#1626595845279955#-43.5#4.718524903536232#9
0000 0019 2000 0000 0000 0000#1626595845281539#-44.0#4.4976316700806995#9
0000 0012 2000 0000 0000 0000#1626595845283084#-49.0#6.062292073724054#9
0000 001D 2000 0000 0000 0000#1626595845284659#-48.0#2.9329712664373457#9
0000 001C 2000 0000 0000 0000#1626595845285757#-48.0#2.0371264863121317#9
0000 0017 2000 0000 0000 0000#1626595845287176#-42.5#3.0250101137104846#9
0000 001A 2000 0000 0000 0000#1626595845288193#-46.0#5.387340527054372#9
0000 0013 2000 0000 0000 0000#1626595845290695#-50.5#1.2762720155208536#9
0000 000F 2000 0000 0000 0000#1626595845292987#-44.5#3.5711072741977725#9
0000 0018 2000 0000 0000 0000#1626595845560469#-44.5#3.7122335066832517#9
0000 0017 2000 0000 0000 0000#1626595845561786#-42.5#2.804116880254952#9
0000 0012 2000 0000 0000 0000#1626595845563346#-48.5#5.841398840268521#9
0000 001A 2000 0000 0000 0000#1626595845565849#-44.0#5.178719139901925#9
0000 0019 2000 0000 0000 0000#1626595845566924#-44.0#4.301282129231338#9
0000 001B 2000 0000 0000 0000#1626595845568004#-49.5#0.5460971604872883#9
0000 0011 2000 0000 0000 0000#1626595845569049#-45.0#4.528311285838413#9
0000 0015 2000 0000 0000 0000#1626595845572412#-50.5#2.9636508821950587#9
0000 0010 2000 0000 0000 0000#1626595845573555#-42.5#3.9392626632903265#9
0000 000F 2000 0000 0000 0000#1626595845574576#-45.0#3.393165502803038#9
0000 001C 2000 0000 0000 0000#1626595845575616#-48.0#1.8653206380689396#9
0000 001D 2000 0000 0000 0000#1626595845577033#-47.5#2.773437264497239#9
0000 0013 2000 0000 0000 0000#1626595845578114#-50.5#1.0983302441261191#9
0000 0014 2000 0000 0000 0000#1626595845579965#-49.0#2.2334760271614935#9
0000 0016 2000 0000 0000 0000#1626595845581930#-64.0#4.399456899656019#9
0000 0014 2000 0000 0000 0000#1626595845587204#-49.0#2.2334760271614935#9
0000 0010 2000 0000 0000 0000#1626595845588344#-42.5#3.933126740138784#9
0000 001A 2000 0000 0000 0000#1626595845590729#-45.5#5.190990986205009#9
0000 0019 2000 0000 0000 0000#1626595845591818#-44.0#4.28287435977671#9
0000 0011 2000 0000 0000 0000#1626595845593214#-43.5#4.540583132141498#9
0000 0018 2000 0000 0000 0000#1626595845594505#-45.0#3.7122335066832517#9
0000 000F 2000 0000 0000 0000#1626595845596251#-45.0#3.393165502803038#9
0000 001C 2000 0000 0000 0000#1626595845597293#-48.0#1.846912868614312#9
0000 0016 2000 0000 0000 0000#1626595845598628#-64.0#4.473087977474529#9
0000 0013 2000 0000 0000 0000#1626595845599694#-50.5#1.086058397823034#9
0000 0017 2000 0000 0000 0000#1626595845600784#-42.5#2.8102528034064944#9
0000 0012 2000 0000 0000 0000#1626595845602088#-49.0#5.829126993965437#9
0000 001B 2000 0000 0000 0000#1626595845604389#-49.5#0.5522330836388308#9
0000 001D 2000 0000 0000 0000#1626595845605707#-47.5#2.773437264497239#9
0000 0015 2000 0000 0000 0000#1626595845606771#-50.0#2.9820586516496865#9
0000 0012 2000 0000 0000 0000#1626595845874907#-49.0#5.295301679781233#9
0000 001B 2000 0000 0000 0000#1626595845876247#-50.5#6.264777537724958#9
0000 0016 2000 0000 0000 0000#1626595845877311#-65.0#3.8840393549264434#9
0000 001D 2000 0000 0000 0000#1626595845878359#-48.0#2.172116795646068#9
0000 0011 2000 0000 0000 0000#1626595845879406#-45.5#3.9453985864418692#9
0000 0015 2000 0000 0000 0000#1626595845880971#-50.5#2.3746022596469727#9
0000 001A 2000 0000 0000 0000#1626595845882061#-46.5#4.651029748869264#9
0000 001C 2000 0000 0000 0000#1626595845883873#-48.0#1.2946797849754812#9
0000 0014 2000 0000 0000 0000#1626595845884937#-49.0#1.6812429435226628#9
0000 000F 2000 0000 0000 0000#1626595845885986#-45.0#2.767301341345697#9
0000 0013 2000 0000 0000 0000#1626595845888066#-51.0#0.5583690067903734#9
0000 0017 2000 0000 0000 0000#1626595845889715#-43.5#2.2089323345553233#9
0000 0019 2000 0000 0000 0000#1626595845890749#-45.0#3.706097583531709#9
0000 0018 2000 0000 0000 0000#1626595845892096#-46.0#3.104777114680538#9
0000 0010 2000 0000 0000 0000#1626595845893541#-44.5#3.3379421944391554#9
0000 0015 2000 0000 0000 0000#1626595845898641#-50.5#2.356194490192345#9
0000 0018 2000 0000 0000 0000#1626595845901181#-44.5#3.11091303783208#9
0000 0010 2000 0000 0000 0000#1626595845903324#-44.5#3.3318062712876126#9
0000 0019 2000 0000 0000 0000#1626595845904650#-44.5#3.706097583531709#9
0000 001B 2000 0000 0000 0000#1626595845906483#-50.5#6.258641614573416#9
0000 0016 2000 0000 0000 0000#1626595845907876#-64.0#3.859495662320273#9
0000 0017 2000 0000 0000 0000#1626595845909437#-43.5#2.2150682577068657#9
0000 001A 2000 0000 0000 0000#1626595845910539#-46.5#4.651029748869264#9
0000 001C 2000 0000 0000 0000#1626595845911907#-48.0#1.2885438618239387#9
0000 0012 2000 0000 0000 0000#1626595845913520#-47.5#5.289165756629691#9
0000 0011 2000 0000 0000 0000#1626595845914932#-44.0#3.9576704327449543#9
0000 0013 2000 0000 0000 0000#1626595845916230#-50.5#0.5399612373357456#9
0000 001D 2000 0000 0000 0000#1626595845917745#-46.5#2.1659808724945253#9
0000 0014 2000 0000 0000 0000#1626595845919081#-49.0#1.6751070203711202#9
0000 000F 2000 0000 0000 0000#1626595845920173#-45.0#2.761165418194154#9
0000 0017 2000 0000 0000 0000#1626595846185995#-36.5#3.11091303783208#9
0000 0014 2000 0000 0000 0000#1626595846187322#-47.0#3.067961575771282#9
0000 000F 2000 0000 0000 0000#1626595846188387#-41.0#3.706097583531709#9
0000 001D 2000 0000 0000 0000#1626595846189449#-46.0#3.5956509668039427#9
0000 0015 2000 0000 0000 0000#1626595846191239#-48.5#3.749049045592507#9
0000 001B 2000 0000 0000 0000#1626595846194150#-47.0#1.7794177139473437#9
0000 001A 2000 0000 0000 0000#1626595846195489#-45.5#0.14112623248547898#9
0000 0013 2000 0000 0000 0000#1626595846196573#-48.0#2.2027964114037806#9
0000 0010 2000 0000 0000 0000#1626595846198600#-43.0#4.430136515413731#9
0000 001C 2000 0000 0000 0000#1626595846199684#-45.5#2.7857091108003242#9
0000 0011 2000 0000 0000 0000#1626595846200757#-46.5#5.45483568172134#9
0000 0016 2000 0000 0000 0000#1626595846201794#-49.0#3.988350048502667#9
0000 0018 2000 0000 0000 0000#1626595846203163#-41.5#4.147884050442774#9
0000 0012 2000 0000 0000 0000#1626595846205322#-48.5#1.030835089459151#9
0000 0019 2000 0000 0000 0000#1626595846207212#-44.5#5.056000676871073#9
0000 0012 2000 0000 0000 0000#1626595846213328#-48.0#1.0676506283684062#9
0000 001D 2000 0000 0000 0000#1626595846215462#-45.5#3.6201946594101133#9
0000 0017 2000 0000 0000 0000#1626595846218720#-37.0#3.0802334220743677#9
0000 0015 2000 0000 0000 0000#1626595846219743#-48.5#3.822680123411018#9
0000 001B 2000 0000 0000 0000#1626595846221967#-46.5#1.9144080232812801#9
0000 001C 2000 0000 0000 0000#1626595846223733#-45.0#2.8777479580734626#9
0000 0016 2000 0000 0000 0000#1626595846225269#-48.0#3.933126740138784#9
0000 0018 2000 0000 0000 0000#1626595846227438#-42.5#4.147884050442774#9
0000 0019 2000 0000 0000 0000#1626595846230614#-45.0#5.160311370447297#9
0000 0010 2000 0000 0000 0000#1626595846231646#-43.5#4.485359823777615#9
0000 000F 2000 0000 0000 0000#1626595846232953#-40.5#3.718369429834794#9
0000 001A 2000 0000 0000 0000#1626595846234273#-46.5#0.4663301595172349#9
0000 0011 2000 0000 0000 0000#1626595846236782#-47.0#5.663457068873787#9
0000 0013 2000 0000 0000 0000#1626595846238327#-47.0#2.399145952253143#9
0000 0014 2000 0000 0000 0000#1626595846239654#-46.0#3.2459033471660166#9
0000 001A 2000 0000 0000 0000#1626595846504391#-43.0#1.8162332528565992#9
0000 0012 2000 0000 0000 0000#1626595846506432#-44.0#2.3071071049800045#9
0000 0017 2000 0000 0000 0000#1626595846508353#-33.5#3.3440781175906977#9
0000 0016 2000 0000 0000 0000#1626595846509889#-40.0#3.8410878928656453#9
0000 0014 2000 0000 0000 0000#1626595846511447#-43.5#3.7981364308048478#9
0000 001B 2000 0000 0000 0000#1626595846513539#-42.5#2.742757648739526#9
0000 0011 2000 0000 0000 0000#1626595846515177#-45.0#1.1351457830353744#9
0000 0018 2000 0000 0000 0000#1626595846516225#-44.5#4.865787059173254#9
0000 0019 2000 0000 0000 0000#1626595846517314#-47.5#0.5399612373357456#9
0000 001D 2000 0000 0000 0000#1626595846518505#-43.0#4.2092432819582#9
0000 0013 2000 0000 0000 0000#1626595846519828#-43.5#3.153864499892878#9
0000 0015 2000 0000 0000 0000#1626595846521779#-45.5#4.362641360746763#9
0000 0010 2000 0000 0000 0000#1626595846523107#-46.5#5.589825991055276#9
0000 001C 2000 0000 0000 0000#1626595846524587#-41.5#3.6017868899554855#9
0000 000F 2000 0000 0000 0000#1626595846525623#-40.0#4.190835512503572#9
0000 0017 2000 0000 0000 0000#1626595846532036#-33.5#3.423845118560751#9
0000 001C 2000 0000 0000 0000#1626595846533363#-41.5#3.5956509668039427#9
0000 001B 2000 0000 0000 0000#1626595846534428#-42.0#2.816388726558037#9
0000 0012 2000 0000 0000 0000#1626595846536500#-43.0#2.4175537217077703#9
0000 000F 2000 0000 0000 0000#1626595846538021#-40.0#4.246058820867455#9
0000 001A 2000 0000 0000 0000#1626595846539357#-42.5#1.9634954084936207#9
0000 0014 2000 0000 0000 0000#1626595846540426#-43.0#3.8840393549264434#9
0000 001D 2000 0000 0000 0000#1626595846542332#-42.5#4.264466590322082#9
0000 0019 2000 0000 0000 0000#1626595846543509#-47.5#0.7240389318820226#9
0000 0018 2000 0000 0000 0000#1626595846544811#-44.5#4.988505522204105#9
0000 0010 2000 0000 0000 0000#1626595846546723#-45.0#5.675728915176872#9
0000 0015 2000 0000 0000 0000#1626595846547773#-45.5#4.430136515413731#9
0000 0016 2000 0000 0000 0000#1626595846550061#-39.5#3.9453985864418692#9
0000 0013 2000 0000 0000 0000#1626595846551144#-43.0#3.2459033471660166#9
0000 0011 2000 0000 0000 0000#1626595846554143#-46.0#1.337631247036279#9
0000 0017 2000 0000 0000 0000#1626595846818066#-33.0#4.466952054322987#9
0000 0010 2000 0000 0000 0000#1626595846819706#-44.0#0.9633399347921826#9
0000 000F 2000 0000 0000 0000#1626595846821009#-41.5#5.436427912266712#9
0000 001A 2000 0000 0000 0000#1626595846823069#-38.0#2.6998061866787286#9
0000 001B 2000 0000 0000 0000#1626595846824405#-40.0#3.479068426924634#9
0000 0019 2000 0000 0000 0000#1626595846825709#-43.5#2.000310947402876#9
0000 001D 2000 0000 0000 0000#1626595846826798#-42.0#4.681709364626977#9
0000 001C 2000 0000 0000 0000#1626595846828153#-39.5#4.184699589352029#9
0000 0012 2000 0000 0000 0000#1626595846829229#-40.5#3.129320807286708#9
0000 0011 2000 0000 0000 0000#1626595846830611#-41.0#2.2948352586769194#9
0000 0015 2000 0000 0000 0000#1626595846832162#-44.5#4.841243366567084#9
0000 0014 2000 0000 0000 0000#1626595846833201#-41.0#4.411728745959104#9
0000 0013 2000 0000 0000 0000#1626595846835225#-41.0#3.865631585471816#9
0000 0016 2000 0000 0000 0000#1626595846836333#-39.0#4.724660826687775#9
0000 0018 2000 0000 0000 0000#1626595846841441#-45.5#0.2270291566070749#9
0000 000F 2000 0000 0000 0000#1626595846845834#-41.5#5.559146375297564#9
0000 0015 2000 0000 0000 0000#1626595846846902#-44.5#4.853515212870168#9
0000 0018 2000 0000 0000 0000#1626595846848103#-44.0#0.2699806186678728#9
0000 001D 2000 0000 0000 0000#1626595846849275#-40.5#4.706253057233147#9
0000 0017 2000 0000 0000 0000#1626595846850398#-34.5#4.632621979414636#9
0000 0011 2000 0000 0000 0000#1626595846853688#-40.5#2.356194490192345#9
0000 0014 2000 0000 0000 0000#1626595846854757#-40.5#4.448544284868359#9
0000 0013 2000 0000 0000 0000#1626595846856051#-41.0#3.9147189706841563#9
0000 0012 2000 0000 0000 0000#1626595846857572#-40.0#3.2090878082567613#9
0000 001C 2000 0000 0000 0000#1626595846858857#-39.5#4.25833066717054#9
0000 0016 2000 0000 0000 0000#1626595846860664#-38.5#4.81056375080937#9
0000 0019 2000 0000 0000 0000#1626595846861685#-43.0#2.1046216409791#9
0000 001B 2000 0000 0000 0000#1626595846864680#-39.5#3.5895150436524004#9
0000 0010 2000 0000 0000 0000#1626595846865755#-44.5#1.1780972450961724#9
0000 001A 2000 0000 0000 0000#1626595846867299#-39.0#2.8286605728611223#9
0000 0016 2000 0000 0000 0000#1626595847136481#-39.0#5.325981295538946#9
0000 000F 2000 0000 0000 0000#1626595847138401#-40.0#0.1227184630308513#9
0000 001B 2000 0000 0000 0000#1626595847140226#-38.0#3.5588354278946874#9
0000 0018 2000 0000 0000 0000#1626595847141331#-42.0#0.9387962421860124#9
0000 0011 2000 0000 0000 0000#1626595847142363#-38.5#2.442097414313941#9
0000 0014 2000 0000 0000 0000#1626595847143446#-39.5#4.289010282928253#9
0000 0012 2000 0000 0000 0000#1626595847144507#-38.5#3.227495577711389#9
0000 0013 2000 0000 0000 0000#1626595847145545#-40.0#3.865631585471816#9
0000 0017 2000 0000 0000 0000#1626595847147050#-34.0#5.393476450205914#9
0000 001A 2000 0000 0000 0000#1626595847148635#-37.0#2.84706834231575#9
0000 0019 2000 0000 0000 0000#1626595847149773#-40.0#2.3009711818284617#9
0000 0015 2000 0000 0000 0000#1626595847151064#-44.0#4.589670517353839#9
0000 0010 2000 0000 0000 0000#1626595847152066#-41.5#1.576932249946439#9
0000 001C 2000 0000 0000 0000#1626595847153139#-38.5#4.147884050442774#9
0000 001D 2000 0000 0000 0000#1626595847154415#-41.0#4.466952054322987#9
0000 0012 2000 0000 0000 0000#1626595847160321#-38.5#3.2827188860752723#9
0000 0010 2000 0000 0000 0000#1626595847161381#-41.0#1.607611865704152#9
0000 001A 2000 0000 0000 0000#1626595847162724#-37.0#2.8716120349219203#9
0000 0019 2000 0000 0000 0000#1626595847163801#-40.0#2.3009711818284617#9
0000 001C 2000 0000 0000 0000#1626595847164864#-38.0#4.154019973594316#9
0000 0013 2000 0000 0000 0000#1626595847165904#-39.5#3.9269908169872414#9
0000 000F 2000 0000 0000 0000#1626595847166996#-39.5#0.21475731030398976#9
0000 0017 2000 0000 0000 0000#1626595847169774#-34.0#5.497787143782138#9
0000 0011 2000 0000 0000 0000#1626595847171591#-38.5#2.509592568980909#9
0000 001B 2000 0000 0000 0000#1626595847173868#-38.0#3.6201946594101133#9
0000 0015 2000 0000 0000 0000#1626595847175158#-44.0#4.601942363656923#9
0000 0016 2000 0000 0000 0000#1626595847176438#-39.0#5.5100589900852235#9
0000 0018 2000 0000 0000 0000#1626595847177474#-41.0#1.055378782065321#9
0000 0014 2000 0000 0000 0000#1626595847179881#-39.5#4.331961744989051#9
0000 001D 2000 0000 0000 0000#1626595847182439#-40.5#4.479223900626073#9
0000 0011 2000 0000 0000 0000#1626595847447198#-36.5#4.086524818927348#9
0000 001C 2000 0000 0000 0000#1626595847448525#-37.0#5.491651220630596#9
0000 0019 2000 0000 0000 0000#1626595847449560#-37.5#3.890175278077986#9
0000 0010 2000 0000 0000 0000#1626595847450847#-37.5#3.2336315008629315#9
0000 0012 2000 0000 0000 0000#1626595847452819#-36.0#4.8351074434155406#9
0000 0015 2000 0000 0000 0000#1626595847454169#-43.0#5.706408530934585#9
0000 001A 2000 0000 0000 0000#1626595847455222#-34.5#4.491495746929157#9
0000 0017 2000 0000 0000 0000#1626595847456267#-30.0#1.3499030933393643#9
0000 0016 2000 0000 0000 0000#1626595847457364#-36.5#1.368310862793992#9
0000 0014 2000 0000 0000 0000#1626595847458972#-38.5#5.608233760509904#9
0000 001B 2000 0000 0000 0000#1626595847460009#-36.0#5.111223985234957#9
0000 000F 2000 0000 0000 0000#1626595847461543#-35.0#2.1537090261914402#9
0000 0018 2000 0000 0000 0000#1626595847462803#-37.0#2.7550294950426117#9
0000 001D 2000 0000 0000 0000#1626595847464121#-39.5#5.681864838328415#9
0000 0013 2000 0000 0000 0000#1626595847468539#-37.5#5.332117218690489#9
0000 0016 2000 0000 0000 0000#1626595847474348#-36.5#1.4542137869155878#9
0000 0018 2000 0000 0000 0000#1626595847475382#-37.0#2.779573187648782#9
0000 001B 2000 0000 0000 0000#1626595847476446#-35.5#5.123495831538041#9
0000 0011 2000 0000 0000 0000#1626595847478255#-36.5#4.123340357836604#9
0000 000F 2000 0000 0000 0000#1626595847479602#-35.0#2.2089323345553233#9
0000 0019 2000 0000 0000 0000#1626595847481622#-37.5#3.9392626632903265#9
0000 0010 2000 0000 0000 0000#1626595847482708#-37.0#3.2888548092268146#9
0000 0017 2000 0000 0000 0000#1626595847487392#-30.5#1.4603497100671303#9
0000 0015 2000 0000 0000 0000#1626595847489212#-43.0#5.724816300389213#9
0000 001C 2000 0000 0000 0000#1626595847490883#-37.0#5.534602682691394#9
0000 001D 2000 0000 0000 0000#1626595847491986#-39.5#5.688000761479957#9
0000 001A 2000 0000 0000 0000#1626595847493335#-34.5#4.546719055293041#9
0000 0012 2000 0000 0000 0000#1626595847495606#-35.5#4.896466674930966#9
0000 0014 2000 0000 0000 0000#1626595847497815#-38.0#5.632777453116074#9
0000 0013 2000 0000 0000 0000#1626595847500608#-37.5#5.399612373357457#9
0000 0010 2000 0000 0000 0000#1626595847767530#-33.0#3.6570101983193686#9
0000 001A 2000 0000 0000 0000#1626595847768578#-34.0#4.816699673960914#9
0000 000F 2000 0000 0000 0000#1626595847771290#-32.0#2.8102528034064944#9
0000 0014 2000 0000 0000 0000#1626595847772486#-38.5#5.620505606812989#9
0000 001B 2000 0000 0000 0000#1626595847773581#-35.5#5.307573526084319#9
0000 0017 2000 0000 0000 0000#1626595847774628#-27.5#2.2396119503130363#9
0000 0016 2000 0000 0000 0000#1626595847775679#-34.0#2.4175537217077703#9
0000 001D 2000 0000 0000 0000#1626595847779363#-40.5#5.589825991055276#9
0000 0018 2000 0000 0000 0000#1626595847780381#-34.5#3.3318062712876126#9
0000 0012 2000 0000 0000 0000#1626595847781485#-35.0#5.135767677841127#9
0000 0019 2000 0000 0000 0000#1626595847783319#-35.5#4.276738436625168#9
0000 0013 2000 0000 0000 0000#1626595847785312#-38.0#5.516194913236766#9
0000 0015 2000 0000 0000 0000#1626595847787744#-44.0#5.540738605842936#9
0000 0011 2000 0000 0000 0000#1626595847789442#-35.0#4.473087977474529#9
0000 001C 2000 0000 0000 0000#1626595847790532#-37.0#5.595961914206819#9
0000 000F 2000 0000 0000 0000#1626595847795284#-32.0#2.8961557275280905#9
0000 001A 2000 0000 0000 0000#1626595847796319#-34.0#4.853515212870168#9
0000 0017 2000 0000 0000 0000#1626595847798747#-27.5#2.3623304133438876#9
0000 0014 2000 0000 0000 0000#1626595847807553#-38.5#5.252350217720435#9
0000 0016 2000 0000 0000 0000#1626595847810511#-33.5#2.1598449493429825#9
0000 001C 2000 0000 0000 0000#1626595847813177#-37.0#5.221670601962723#9
0000 0010 2000 0000 0000 0000#1626595847814226#-34.5#3.32567034813607#9
0000 001B 2000 0000 0000 0000#1626595847815555#-36.0#4.988505522204105#9
0000 001D 2000 0000 0000 0000#1626595847817340#-41.0#5.209398755659637#9
0000 0011 2000 0000 0000 0000#1626595847818372#-35.0#4.104932588381976#9
0000 0018 2000 0000 0000 0000#1626595847819920#-34.5#2.9636508821950587#9
0000 0012 2000 0000 0000 0000#1626595847822050#-36.0#4.804427827657828#9
0000 0019 2000 0000 0000 0000#1626595847823741#-36.0#3.9453985864418692#9
0000 0015 2000 0000 0000 0000#1626595847825318#-44.0#5.160311370447297#9
0000 0013 2000 0000 0000 0000#1626595847826485#-37.5#5.1725832167503825#9
0000 0019 2000 0000 0000 0000#1626595848089755#-35.5#4.491495746929157#9
0000 001A 2000 0000 0000 0000#1626595848091715#-35.0#4.908738521234052#9
0000 0018 2000 0000 0000 0000#1626595848093076#-33.0#3.730641276137879#9
0000 0016 2000 0000 0000 0000#1626595848094398#-32.5#3.32567034813607#9
0000 001C 2000 0000 0000 0000#1626595848095923#-39.5#5.43029198911517#9
0000 0012 2000 0000 0000 0000#1626595848096957#-37.0#5.190990986205009#9
0000 000F 2000 0000 0000 0000#1626595848098007#-30.5#3.4177091954092087#9
0000 0010 2000 0000 0000 0000#1626595848099138#-34.0#4.0128937411088375#9
0000 001B 2000 0000 0000 0000#1626595848100204#-37.5#5.2768939103266055#9
0000 0017 2000 0000 0000 0000#1626595848101479#-26.5#2.9820586516496865#9
0000 0013 2000 0000 0000 0000#1626595848102917#-39.5#5.4671075280244255#9
0000 001D 2000 0000 0000 0000#1626595848103964#-42.5#5.209398755659637#9
0000 0014 2000 0000 0000 0000#1626595848105050#-41.0#5.424156065963627#9
0000 0011 2000 0000 0000 0000#1626595848107783#-34.0#4.651029748869264#9
0000 0015 2000 0000 0000 0000#1626595848109216#-46.5#5.080544369477243#9
0000 001A 2000 0000 0000 0000#1626595848115092#-35.0#4.921010367537137#9
0000 0018 2000 0000 0000 0000#1626595848116846#-31.5#3.749049045592507#9
0000 0010 2000 0000 0000 0000#1626595848119562#-32.5#4.037437433715008#9
0000 0013 2000 0000 0000 0000#1626595848120645#-39.5#5.45483568172134#9
0000 0019 2000 0000 0000 0000#1626595848121954#-36.0#4.516039439535327#9
0000 000F 2000 0000 0000 0000#1626595848123035#-30.5#3.466796580621549#9
0000 0017 2000 0000 0000 0000#1626595848124110#-26.5#3.0250101137104846#9
0000 0016 2000 0000 0000 0000#1626595848125175#-32.5#3.4177091954092087#9
0000 001B 2000 0000 0000 0000#1626595848126644#-37.5#5.289165756629691#9
0000 001D 2000 0000 0000 0000#1626595848128314#-43.0#5.184855063053467#9
0000 001C 2000 0000 0000 0000#1626595848129368#-39.5#5.411884219660542#9
0000 0014 2000 0000 0000 0000#1626595848130466#-41.0#5.381204603902829#9
0000 0011 2000 0000 0000 0000#1626595848132322#-34.5#4.669437518323892#9
0000 0015 2000 0000 0000 0000#1626595848133330#-46.5#5.056000676871073#9
0000 0012 2000 0000 0000 0000#1626595848134947#-37.0#5.203262832508095#9
0000 0015 2000 0000 0000 0000#1626595848398953#-49.5#4.049709280018092#9
0000 0011 2000 0000 0000 0000#1626595848400594#-35.5#4.135612204139688#9
0000 001C 2000 0000 0000 0000#1626595848402779#-42.0#4.595806440505381#9
0000 0014 2000 0000 0000 0000#1626595848404128#-43.5#4.528311285838413#9
0000 0010 2000 0000 0000 0000#1626595848406385#-33.5#3.6876898140770815#9
0000 001B 2000 0000 0000 0000#1626595848407478#-40.0#4.565126824747668#9
0000 0019 2000 0000 0000 0000#1626595848409283#-36.5#4.080388895775806#9
0000 0017 2000 0000 0000 0000#1626595848410453#-24.5#2.9329712664373457#9
0000 0013 2000 0000 0000 0000#1626595848411520#-42.5#4.700117134081604#9
0000 0018 2000 0000 0000 0000#1626595848421080#-31.5#3.706097583531709#9
0000 001D 2000 0000 0000 0000#1626595848422227#-44.0#4.331961744989051#9
0000 000F 2000 0000 0000 0000#1626595848423507#-30.0#3.5281558121369745#9
0000 0016 2000 0000 0000 0000#1626595848425071#-32.0#3.6876898140770815#9
0000 001A 2000 0000 0000 0000#1626595848427465#-36.0#4.460816131171445#9
0000 0012 2000 0000 0000 0000#1626595848428526#-39.5#4.718524903536232#9
0000 0017 2000 0000 0000 0000#1626595848435875#-26.5#3.2090878082567613#9
0000 0010 2000 0000 0000 0000#1626595848437162#-34.0#3.9085830475326135#9
0000 0013 2000 0000 0000 0000#1626595848438227#-42.0#4.841243366567084#9
0000 001D 2000 0000 0000 0000#1626595848439988#-45.5#4.3074180523828804#9
0000 0016 2000 0000 0000 0000#1626595848441808#-32.0#3.730641276137879#9
0000 001C 2000 0000 0000 0000#1626595848443815#-42.5#4.6878452877785195#9
0000 0018 2000 0000 0000 0000#1626595848445104#-33.0#3.7429131224409646#9
0000 001B 2000 0000 0000 0000#1626595848446412#-40.5#4.700117134081604#9
0000 0014 2000 0000 0000 0000#1626595848447481#-44.0#4.632621979414636#9
0000 0012 2000 0000 0000 0000#1626595848448811#-39.5#4.693981210930062#9
0000 000F 2000 0000 0000 0000#1626595848450104#-30.0#3.5465635815916023#9
0000 0015 2000 0000 0000 0000#1626595848452613#-49.0#4.135612204139688#9
0000 0011 2000 0000 0000 0000#1626595848453754#-35.0#4.289010282928253#9
0000 0019 2000 0000 0000 0000#1626595848455448#-36.0#4.270602513473625#9
0000 001A 2000 0000 0000 0000#1626595848457294#-37.5#4.460816131171445#9
0000 001A 2000 0000 0000 0000#1626595848722874#-37.0#4.798291904506286#9
0000 0010 2000 0000 0000 0000#1626595848724488#-32.0#4.706253057233147#9
3008 33B2 DDD9 0140 2018 0626#1626595848725549#-62.0#6.050020227420969#9
0000 0016 2000 0000 0000 0000#1626595848727822#-31.0#4.970097752749477#9
0000 001B 2000 0000 0000 0000#1626595848728885#-41.5#4.92714629068868#9
0000 0011 2000 0000 0000 0000#1626595848731710#-37.0#4.779884135051658#9
0000 0018 2000 0000 0000 0000#1626595848732839#-31.0#4.681709364626977#9
0000 0015 2000 0000 0000 0000#1626595848733904#-50.0#4.368777283898306#9
0000 000F 2000 0000 0000 0000#1626595848734968#-30.0#4.589670517353839#9
0000 0017 2000 0000 0000 0000#1626595848736309#-24.0#4.374913207049849#9
0000 001C 2000 0000 0000 0000#1626595848737607#-43.5#4.853515212870168#9
0000 0013 2000 0000 0000 0000#1626595848739575#-43.5#5.037592907416445#9
0000 0012 2000 0000 0000 0000#1626595848740750#-40.0#4.957825906446392#9
0000 001D 2000 0000 0000 0000#1626595848743650#-47.0#4.466952054322987#9
0000 0019 2000 0000 0000 0000#1626595848745067#-36.0#4.8351074434155406#9
0000 0014 2000 0000 0000 0000#1626595848746366#-45.0#4.7860200582032#9
0000 001B 2000 0000 0000 0000#1626595848750858#-41.5#4.884194828627882#9
0000 001A 2000 0000 0000 0000#1626595848753256#-38.5#4.749204519293945#9
0000 0017 2000 0000 0000 0000#1626595848754670#-24.0#4.3933209765044765#9
0000 0013 2000 0000 0000 0000#1626595848756498#-43.5#4.9823695990525625#9
0000 0014 2000 0000 0000 0000#1626595848758607#-45.5#4.76147636559703#9
0000 001C 2000 0000 0000 0000#1626595848759678#-44.0#4.828971520263998#9
0000 0010 2000 0000 0000 0000#1626595848760794#-33.5#4.675573441475434#9
0000 0018 2000 0000 0000 0000#1626595848761938#-31.0#4.657165672020807#9
0000 000F 2000 0000 0000 0000#1626595848762975#-29.5#4.595806440505381#9
0000 0012 2000 0000 0000 0000#1626595848764132#-39.0#4.921010367537137#9
0000 001D 2000 0000 0000 0000#1626595848765491#-47.0#4.424000592262189#9
0000 0019 2000 0000 0000 0000#1626595848768331#-35.0#4.816699673960914#9
0000 0016 2000 0000 0000 0000#1626595848769656#-31.0#5.0253210611133605#9
3008 33B2 DDD9 0140 2018 0626#1626595848770760#-62.5#5.994796919057086#9
0000 0015 2000 0000 0000 0000#1626595848773729#-50.0#4.313553975534423#9
0000 0011 2000 0000 0000 0000#1626595848774847#-36.5#4.71238898038469#9
0000 0016 2000 0000 0000 0000#1626595849040841#-31.5#4.73693267299086#9
0000 001A 2000 0000 0000 0000#1626595849043887#-39.0#3.552699504743145#9
0000 001D 2000 0000 0000 0000#1626595849046382#-50.5#3.3195344249845276#9
0000 0013 2000 0000 0000 0000#1626595849047452#-45.5#3.767456815047135#9
0000 001B 2000 0000 0000 0000#1626595849048531#-43.5#3.6815538909255388#9
0000 0011 2000 0000 0000 0000#1626595849049778#-37.0#3.6754179677739964#9
0000 0017 2000 0000 0000 0000#1626595849050866#-26.0#3.933126740138784#9
0000 0012 2000 0000 0000 0000#1626595849052404#-42.0#3.7122335066832517#9
0000 0019 2000 0000 0000 0000#1626595849053482#-37.0#3.834951969714103#9
0000 0014 2000 0000 0000 0000#1626595849054507#-47.5#3.6079228131070282#9
0000 001C 2000 0000 0000 0000#1626595849055836#-46.0#3.6447383520162835#9
0000 0010 2000 0000 0000 0000#1626595849058250#-33.5#3.8840393549264434#9
0000 000F 2000 0000 0000 0000#1626595849061677#-30.0#4.031301510563465#9
0000 0018 2000 0000 0000 0000#1626595849062861#-31.0#3.9699422790480394#9
0000 0015 2000 0000 0000 0000#1626595849064025#-54.5#3.2029518851052186#9
0000 0015 2000 0000 0000 0000#1626595849067509#-55.0#3.1968159619536762#9
0000 0011 2000 0000 0000 0000#1626595849068797#-37.5#3.650874275167826#9
0000 0019 2000 0000 0000 0000#1626595849070302#-37.0#3.816544200259475#9
0000 0016 2000 0000 0000 0000#1626595849071367#-31.5#4.73693267299086#9
0000 0010 2000 0000 0000 0000#1626595849073429#-33.5#3.865631585471816#9
0000 0012 2000 0000 0000 0000#1626595849074790#-41.5#3.650874275167826#9
0000 001B 2000 0000 0000 0000#1626595849076368#-43.0#3.6263305825616556#9
0000 001D 2000 0000 0000 0000#1626595849078398#-51.0#3.2643111166206444#9
0000 0017 2000 0000 0000 0000#1626595849079415#-26.0#3.9453985864418692#9
0000 000F 2000 0000 0000 0000#1626595849080706#-30.0#4.01902966426038#9
0000 001C 2000 0000 0000 0000#1626595849081776#-46.0#3.5772431973493153#9
0000 0018 2000 0000 0000 0000#1626595849083548#-32.5#3.9453985864418692#9
0000 0013 2000 0000 0000 0000#1626595849086552#-45.5#3.693825737228624#9
0000 001A 2000 0000 0000 0000#1626595849087615#-39.0#3.4606606574700063#9
0000 0014 2000 0000 0000 0000#1626595849088695#-48.0#3.5281558121369745#9
0000 0015 2000 0000 0000 0000#1626595849355562#-60.0#2.1230294104337273#9
0000 0016 2000 0000 0000 0000#1626595849357739#-31.0#4.97623367590102#9
0000 001B 2000 0000 0000 0000#1626595849359289#-45.0#3.104777114680538#9
0000 0018 2000 0000 0000 0000#1626595849362068#-31.0#3.7981364308048478#9
0000 0011 2000 0000 0000 0000#1626595849363214#-37.0#3.2336315008629315#9
0000 0010 2000 0000 0000 0000#1626595849364411#-31.5#3.6324665057131984#9
0000 001A 2000 0000 0000 0000#1626595849366185#-39.5#2.9943304979527716#9
0000 0017 2000 0000 0000 0000#1626595849367275#-26.0#4.000621894805752#9
0000 001D 2000 0000 0000 0000#1626595849368553#-56.0#1.9573594853420782#9
0000 001C 2000 0000 0000 0000#1626595849369593#-49.5#2.9513790358919736#9
0000 0019 2000 0000 0000 0000#1626595849372323#-36.5#3.423845118560751#9
0000 0013 2000 0000 0000 0000#1626595849373391#-48.0#3.0925052683774528#9
0000 0014 2000 0000 0000 0000#1626595849374497#-51.5#2.8532042654672924#9
0000 000F 2000 0000 0000 0000#1626595849376773#-30.5#3.988350048502667#9
0000 0012 2000 0000 0000 0000#1626595849378062#-43.0#3.129320807286708#9
0000 001C 2000 0000 0000 0000#1626595849382986#-49.5#2.8961557275280905#9
0000 0014 2000 0000 0000 0000#1626595849384080#-52.0#2.7979809571034093#9
0000 001D 2000 0000 0000 0000#1626595849386154#-56.5#2.2212041808584084#9
0000 0017 2000 0000 0000 0000#1626595849387212#-26.0#3.988350048502667#9
0000 0018 2000 0000 0000 0000#1626595849389014#-32.5#3.761320891895592#9
0000 0019 2000 0000 0000 0000#1626595849392909#-36.5#3.368621810196868#9
0000 0015 2000 0000 0000 0000#1626595849394317#-60.5#1.7916895602504288#9
0000 0010 2000 0000 0000 0000#1626595849395428#-31.5#3.5711072741977725#9
0000 000F 2000 0000 0000 0000#1626595849396465#-30.0#3.9515345095934116#9
0000 0016 2000 0000 0000 0000#1626595849397530#-31.0#4.970097752749477#9
0000 001A 2000 0000 0000 0000#1626595849402000#-38.5#2.890019804376548#9
0000 0013 2000 0000 0000 0000#1626595849403424#-48.5#3.018874190558942#9
0000 0011 2000 0000 0000 0000#1626595849404567#-36.5#3.1354567304382504#9
0000 001B 2000 0000 0000 0000#1626595849405633#-45.5#2.9636508821950587#9
0000 0012 2000 0000 0000 0000#1626595849407295#-43.0#3.055689729468197#9
0000 001C 2000 0000 0000 0000#1626595849670492#-54.0#1.2210487071569704#9
0000 0013 2000 0000 0000 0000#1626595849673486#-51.5#1.718058482431918#9
0000 0016 2000 0000 0000 0000#1626595849675034#-32.5#4.3933209765044765#9
0000 001B 2000 0000 0000 0000#1626595849677553#-48.5#1.7855536370988863#9
0000 0012 2000 0000 0000 0000#1626595849679298#-44.5#1.9512235621905356#9
0000 0017 2000 0000 0000 0000#1626595849680635#-27.0#3.2029518851052186#9
0000 000F 2000 0000 0000 0000#1626595849682241#-31.5#3.129320807286708#9
0000 0010 2000 0000 0000 0000#1626595849683526#-34.0#2.6200391857086753#9
0000 0019 2000 0000 0000 0000#1626595849685066#-38.0#2.36846633649543#9
0000 0018 2000 0000 0000 0000#1626595849686341#-33.0#2.8654761117703775#9
0000 0015 2000 0000 0000 0000#1626595849687488#-51.5#5.356660911296659#9
0000 0014 2000 0000 0000 0000#1626595849689448#-56.0#0.8283496254582462#9
0000 0011 2000 0000 0000 0000#1626595849690945#-38.5#2.1353012567368124#9
0000 001A 2000 0000 0000 0000#1626595849692034#-41.5#1.8285050991596843#9
0000 001D 2000 0000 0000 0000#1626595849693320#-56.5#5.6941366846315#9
0000 0018 2000 0000 0000 0000#1626595849697583#-32.0#2.84706834231575#9
0000 0017 2000 0000 0000 0000#1626595849698620#-27.5#3.1784081924990484#9
0000 0016 2000 0000 0000 0000#1626595849699670#-32.0#4.368777283898306#9
0000 0014 2000 0000 0000 0000#1626595849702427#-56.5#0.7669903939428205#9
0000 001C 2000 0000 0000 0000#1626595849705001#-55.0#1.030835089459151#9
0000 0015 2000 0000 0000 0000#1626595849706520#-50.5#5.160311370447297#9
0000 0011 2000 0000 0000 0000#1626595849708051#-38.5#2.0923497946760143#9
0000 001D 2000 0000 0000 0000#1626595849709110#-55.5#5.491651220630596#9
0000 001B 2000 0000 0000 0000#1626595849710431#-49.0#1.6812429435226628#9
0000 0010 2000 0000 0000 0000#1626595849712056#-32.5#2.5770877236478773#9
0000 001A 2000 0000 0000 0000#1626595849713374#-41.5#1.7794177139473437#9
0000 000F 2000 0000 0000 0000#1626595849715565#-31.5#3.074097498922825#9
0000 0012 2000 0000 0000 0000#1626595849718179#-45.0#1.8653206380689396#9
0000 0013 2000 0000 0000 0000#1626595849719659#-52.5#1.4971652489763858#9
0000 0019 2000 0000 0000 0000#1626595849720722#-38.0#2.3009711818284617#9
0000 001B 2000 0000 0000 0000#1626595849988401#-52.0#1.2026409377023426#9
0000 0010 2000 0000 0000 0000#1626595849989883#-33.5#2.7550294950426117#9
0000 0011 2000 0000 0000 0000#1626595849991201#-40.0#2.1782527187976104#9
0000 0016 2000 0000 0000 0000#1626595849992537#-33.5#4.71238898038469#9
0000 0019 2000 0000 0000 0000#1626595849994104#-39.0#2.454369260617026#9
0000 0018 2000 0000 0000 0000#1626595849995490#-33.0#3.0372819600135696#9
0000 0012 2000 0000 0000 0000#1626595849996566#-48.0#1.6873788666742053#9
0000 001C 2000 0000 0000 0000#1626595849997651#-48.0#5.148039524144211#9
0000 0017 2000 0000 0000 0000#1626595849998709#-27.5#3.4054373491061236#9
0000 000F 2000 0000 0000 0000#1626595849999761#-31.5#3.2765829629237295#9
0000 001A 2000 0000 0000 0000#1626595850000822#-44.0#1.748738098189631#9
0000 0013 2000 0000 0000 0000#1626595850002246#-54.5#0.5706408530934585#9
0000 0015 2000 0000 0000 0000#1626595850003281#-50.0#4.4362724385652745#9
0000 001D 2000 0000 0000 0000#1626595850004813#-46.0#4.301282129231338#9
0000 0014 2000 0000 0000 0000#1626595850007121#-46.5#4.816699673960914#9
0000 001B 2000 0000 0000 0000#1626595850013205#-52.0#1.055378782065321#9
0000 0013 2000 0000 0000 0000#1626595850014996#-54.5#0.4724660826687775#9
0000 0014 2000 0000 0000 0000#1626595850016048#-46.5#4.755340442445488#9
0000 0017 2000 0000 0000 0000#1626595850017136#-27.5#3.368621810196868#9
0000 0016 2000 0000 0000 0000#1626595850019446#-34.0#4.669437518323892#9
0000 0015 2000 0000 0000 0000#1626595850020752#-51.0#4.399456899656019#9
0000 0019 2000 0000 0000 0000#1626595850021826#-39.5#2.3746022596469727#9
0000 000F 2000 0000 0000 0000#1626595850022849#-32.0#3.2397674240144743#9
0000 001C 2000 0000 0000 0000#1626595850023964#-47.0#4.933282213840222#9
0000 0012 2000 0000 0000 0000#1626595850025041#-48.5#1.576932249946439#9
0000 001D 2000 0000 0000 0000#1626595850026613#-46.5#4.246058820867455#9
0000 0011 2000 0000 0000 0000#1626595850027755#-39.0#2.086213871524472#9
0000 0018 2000 0000 0000 0000#1626595850030899#-34.0#2.9391071895888885#9
0000 001A 2000 0000 0000 0000#1626595850034851#-45.0#1.6260196351587797#9
0000 0010 2000 0000 0000 0000#1626595850035976#-34.0#2.6691265709210157#9
0000 001C 2000 0000 0000 0000#1626595850301229#-46.5#3.2090878082567613#9
0000 0014 2000 0000 0000 0000#1626595850303060#-50.5#3.227495577711389#9
0000 000F 2000 0000 0000 0000#1626595850304127#-34.0#2.043262409463674#9
0000 001A 2000 0000 0000 0000#1626595850305942#-49.5#5.921165841238575#9
0000 0016 2000 0000 0000 0000#1626595850307220#-35.5#3.4913402732277192#9
0000 001D 2000 0000 0000 0000#1626595850308777#-61.5#2.761165418194154#9
0000 001B 2000 0000 0000 0000#1626595850310341#-46.0#3.6815538909255388#9
0000 0015 2000 0000 0000 0000#1626595850312132#-66.5#2.552544031041707#9
0000 0011 2000 0000 0000 0000#1626595850314220#-45.0#0.5706408530934585#9
0000 0018 2000 0000 0000 0000#1626595850315282#-37.0#1.7548740213411735#9
0000 0017 2000 0000 0000 0000#1626595850316373#-29.5#2.110757564130642#9
0000 0012 2000 0000 0000 0000#1626595850317784#-49.0#5.2339424482658075#9
0000 0010 2000 0000 0000 0000#1626595850319239#-37.5#1.4542137869155878#9
0000 0013 2000 0000 0000 0000#1626595850320564#-44.0#3.3747577333484107#9
0000 0019 2000 0000 0000 0000#1626595850328152#-44.0#0.9694758579437253#9
0000 0014 2000 0000 0000 0000#1626595850331982#-52.0#3.1661363461959633#9
0000 001C 2000 0000 0000 0000#1626595850333792#-48.0#3.1906800388021335#9
0000 0018 2000 0000 0000 0000#1626595850334994#-36.0#1.7119225592803755#9
0000 0015 2000 0000 0000 0000#1626595850338659#-67.0#2.3623304133438876#9
0000 000F 2000 0000 0000 0000#1626595850340227#-34.0#1.9634954084936207#9
0000 0017 2000 0000 0000 0000#1626595850341275#-29.5#2.043262409463674#9
0000 0010 2000 0000 0000 0000#1626595850342630#-38.0#1.3744467859455345#9
0000 0016 2000 0000 0000 0000#1626595850344434#-35.5#3.429981041712294#9
0000 0019 2000 0000 0000 0000#1626595850345994#-45.0#0.9203884727313847#9
0000 001A 2000 0000 0000 0000#1626595850347040#-50.0#5.583690067903734#9
0000 001D 2000 0000 0000 0000#1626595850349395#-61.5#2.497320722677824#9
0000 001B 2000 0000 0000 0000#1626595850350474#-44.5#3.4606606574700063#9
0000 0012 2000 0000 0000 0000#1626595850351584#-48.0#4.8351074434155406#9
0000 0013 2000 0000 0000 0000#1626595850356163#-44.5#3.2704470397721868#9
0000 0011 2000 0000 0000 0000#1626595850357305#-44.0#0.36815538909255385#9
0000 001B 2000 0000 0000 0000#1626595850626497#-47.5#3.1968159619536762#9
0000 001A 2000 0000 0000 0000#1626595850627604#-41.0#3.3072625786814425#9
0000 0017 2000 0000 0000 0000#1626595850629135#-32.5#1.7732817907958012#9
0000 0010 2000 0000 0000 0000#1626595850631408#-45.0#0.7363107781851077#9
0000 001C 2000 0000 0000 0000#1626595850632434#-60.0#2.564815877344792#9
0000 0015 2000 0000 0000 0000#1626595850633527#-60.5#4.424000592262189#9
0000 0019 2000 0000 0000 0000#1626595850634601#-49.0#5.724816300389213#9
0000 000F 2000 0000 0000 0000#1626595850636878#-38.5#1.6505633277649499#9
0000 001D 2000 0000 0000 0000#1626595850637995#-60.5#4.988505522204105#9
0000 0016 2000 0000 0000 0000#1626595850639330#-37.0#3.067961575771282#9
0000 0014 2000 0000 0000 0000#1626595850640854#-62.0#1.662835174068035#9
0000 0018 2000 0000 0000 0000#1626595850641886#-42.0#1.227184630308513#9
0000 0013 2000 0000 0000 0000#1626595850643692#-54.0#3.129320807286708#9
0000 0012 2000 0000 0000 0000#1626595850645223#-41.0#3.1231848841351653#9
0000 0011 2000 0000 0000 0000#1626595850647719#-44.0#4.626486056263094#9
0000 0012 2000 0000 0000 0000#1626595850654274#-42.5#3.1231848841351653#9
0000 0018 2000 0000 0000 0000#1626595850656502#-41.0#1.1903690913992575#9
0000 0017 2000 0000 0000 0000#1626595850657565#-32.5#1.7241944055834606#9
0000 001C 2000 0000 0000 0000#1626595850658822#-60.0#2.405281875404685#9
0000 0016 2000 0000 0000 0000#1626595850660130#-37.5#3.0495538063166547#9
0000 0010 2000 0000 0000 0000#1626595850661229#-44.0#0.5706408530934585#9
0000 0019 2000 0000 0000 0000#1626595850662746#-49.0#5.4671075280244255#9
0000 000F 2000 0000 0000 0000#1626595850663809#-39.0#1.6198837120072371#9
0000 0011 2000 0000 0000 0000#1626595850664839#-44.5#4.4362724385652745#9
0000 001D 2000 0000 0000 0000#1626595850674816#-62.0#3.6692820446224537#9
0000 0015 2000 0000 0000 0000#1626595850677376#-60.0#3.2643111166206444#9
0000 001B 2000 0000 0000 0000#1626595850678439#-50.5#2.6016314162540475#9
0000 001A 2000 0000 0000 0000#1626595850679542#-42.0#2.5341362615870793#9
0000 0013 2000 0000 0000 0000#1626595850680638#-56.5#2.405281875404685#9
0000 0014 2000 0000 0000 0000#1626595850682276#-65.0#0.7117670855789375#9
0000 001B 2000 0000 0000 0000#1626595850947691#-57.0#1.8346410223112268#9
0000 001A 2000 0000 0000 0000#1626595850950518#-48.0#2.5464081078901644#9
0000 0017 2000 0000 0000 0000#1626595850951537#-40.0#0.9756117810952678#9
0000 0019 2000 0000 0000 0000#1626595850952613#-43.0#3.2704470397721868#9
0000 0010 2000 0000 0000 0000#1626595850954517#-44.5#4.362641360746763#9
0000 0014 2000 0000 0000 0000#1626595850955585#-61.5#3.5465635815916023#9
0000 000F 2000 0000 0000 0000#1626595850956934#-47.0#0.5092816215780329#9
0000 0018 2000 0000 0000 0000#1626595850958024#-50.0#5.540738605842936#9
0000 0015 2000 0000 0000 0000#1626595850959616#-58.0#1.8530487917658545#9
0000 0013 2000 0000 0000 0000#1626595850961552#-59.0#1.030835089459151#9
0000 0016 2000 0000 0000 0000#1626595850963018#-41.0#2.380738182798515#9
0000 0011 2000 0000 0000 0000#1626595850964080#-42.5#2.8654761117703775#9
0000 0012 2000 0000 0000 0000#1626595850965340#-53.5#2.3439226438892597#9
0000 001D 2000 0000 0000 0000#1626595850966560#-58.0#2.030990563160589#9
0000 001A 2000 0000 0000 0000#1626595850970284#-47.5#2.5586799541932495#9
0000 001B 2000 0000 0000 0000#1626595850971309#-57.5#1.6935147898257479#9
0000 0015 2000 0000 0000 0000#1626595850973730#-57.5#1.8162332528565992#9
0000 0012 2000 0000 0000 0000#1626595850976318#-53.5#2.325514874434632#9
0000 000F 2000 0000 0000 0000#1626595850978106#-47.0#0.4111068511533518#9
0000 0019 2000 0000 0000 0000#1626595850979442#-43.0#3.215223731408304#9
0000 0016 2000 0000 0000 0000#1626595850980493#-41.0#2.3746022596469727#9
0000 0011 2000 0000 0000 0000#1626595850981583#-42.5#2.8286605728611223#9
0000 0018 2000 0000 0000 0000#1626595850982600#-49.5#5.356660911296659#9
0000 0014 2000 0000 0000 0000#1626595850983639#-61.0#3.509748042682347#9
0000 0010 2000 0000 0000 0000#1626595850984682#-46.0#4.196971435655114#9
0000 0017 2000 0000 0000 0000#1626595850986415#-41.0#0.9387962421860124#9
0000 001D 2000 0000 0000 0000#1626595850988186#-57.0#2.0923497946760143#9
0000 0013 2000 0000 0000 0000#1626595850990791#-60.5#0.8099418560036186#9
0000 0017 2000 0000 0000 0000#1626595851264963#-46.0#0.04295146206079795#9
0000 001B 2000 0000 0000 0000#1626595851266243#-63.0#5.896622148632405#9
0000 0010 2000 0000 0000 0000#1626595851267243#-44.0#4.154019973594316#9
0000 0011 2000 0000 0000 0000#1626595851269002#-51.0#3.3440781175906977#9
0000 000F 2000 0000 0000 0000#1626595851270562#-47.5#5.418020142812084#9
0000 0019 2000 0000 0000 0000#1626595851271611#-48.5#3.785864584501762#9
0000 0018 2000 0000 0000 0000#1626595851272913#-46.0#4.651029748869264#9
0000 0016 2000 0000 0000 0000#1626595851273994#-46.5#2.552544031041707#9
0000 0013 2000 0000 0000 0000#1626595851275812#-59.0#5.00077736850719#9
0000 0012 2000 0000 0000 0000#1626595851277838#-57.0#1.4296700943094176#9
0000 0015 2000 0000 0000 0000#1626595851279163#-61.5#1.521708941582556#9
0000 001D 2000 0000 0000 0000#1626595851292308#-60.5#1.8285050991596843#9
0000 0014 2000 0000 0000 0000#1626595851294384#-59.0#2.9391071895888885#9
0000 001C 2000 0000 0000 0000#1626595851296100#-60.5#3.429981041712294#9
0000 001A 2000 0000 0000 0000#1626595851297400#-56.0#2.024854640009046#9
0000 0015 2000 0000 0000 0000#1626595851301804#-61.0#1.2026409377023426#9
0000 0012 2000 0000 0000 0000#1626595851303351#-58.0#1.0615147052168636#9
0000 001C 2000 0000 0000 0000#1626595851304437#-61.0#3.3624858870453256#9
0000 0010 2000 0000 0000 0000#1626595851307892#-44.5#3.9515345095934116#9
0000 0011 2000 0000 0000 0000#1626595851308996#-52.5#3.0066023442558567#9
0000 0014 2000 0000 0000 0000#1626595851310021#-59.0#2.9145634969827183#9
0000 0016 2000 0000 0000 0000#1626595851311071#-48.0#2.2457478734645786#9
0000 001B 2000 0000 0000 0000#1626595851312627#-62.0#5.117359908386499#9
0000 001D 2000 0000 0000 0000#1626595851314660#-61.5#1.7732817907958012#9
0000 0018 2000 0000 0000 0000#1626595851315953#-46.0#4.362641360746763#9
0000 001A 2000 0000 0000 0000#1626595851317129#-56.5#1.8775924843720249#9
0000 0017 2000 0000 0000 0000#1626595851318704#-46.0#5.730952223540755#9
0000 0013 2000 0000 0000 0000#1626595851321184#-59.0#4.430136515413731#9
0000 000F 2000 0000 0000 0000#1626595851322365#-46.5#4.994641445355648#9
0000 0019 2000 0000 0000 0000#1626595851323441#-50.0#3.5036121195308043#9
0000 000F 2000 0000 0000 0000#1626595851587774#-47.5#3.792000507653305#9
0000 0017 2000 0000 0000 0000#1626595851590678#-44.0#3.9392626632903265#9
0000 001B 2000 0000 0000 0000#1626595851591671#-59.0#3.0802334220743677#9
0000 0019 2000 0000 0000 0000#1626595851592988#-57.0#1.8775924843720249#9
0000 001A 2000 0000 0000 0000#1626595851594110#-58.5#4.25833066717054#9
0000 0011 2000 0000 0000 0000#1626595851595140#-59.0#0.18407769454627693#9
