0000 001B 2000 0000 0000 0000#1626595950432942#-50.0#0.01227184630308513#9
0000 001A 2000 0000 0000 0000#1626595950433999#-45.5#4.7860200582032#9
0000 0019 2000 0000 0000 0000#1626595950435089#-44.5#4.09266074207889#9
0000 0012 2000 0000 0000 0000#1626595950436124#-48.5#5.393476450205914#9
0000 0016 2000 0000 0000 0000#1626595950437204#-59.5#3.6263305825616556#9
0000 0018 2000 0000 0000 0000#1626595950439264#-46.5#3.6876898140770815#9
0000 0010 2000 0000 0000 0000#1626595950440905#-43.5#3.834951969714103#9
0000 0017 2000 0000 0000 0000#1626595950441966#-51.0#2.60776733940559#9
0000 001C 2000 0000 0000 0000#1626595950444685#-49.5#1.5033011721279284#9
0000 0014 2000 0000 0000 0000#1626595950447264#-49.5#1.9266798695843652#9
0000 000F 2000 0000 0000 0000#1626595950452727#-48.5#3.429981041712294#9
0000 001D 2000 0000 0000 0000#1626595950453888#-48.0#2.442097414313941#9
0000 0011 2000 0000 0000 0000#1626595950454962#-44.5#4.252194744018997#9
0000 0015 2000 0000 0000 0000#1626595950456069#-50.5#2.742757648739526#9
0000 0013 2000 0000 0000 0000#1626595950457120#-51.0#0.6381360077604268#9
0000 0010 2000 0000 0000 0000#1626595950463114#-45.0#3.8410878928656453#9
0000 0011 2000 0000 0000 0000#1626595950464414#-44.5#4.246058820867455#9
0000 001B 2000 0000 0000 0000#1626595950465734#-50.0#0.018407769454627694#9
0000 001A 2000 0000 0000 0000#1626595950467065#-45.5#4.779884135051658#9
0000 0018 2000 0000 0000 0000#1626595950468109#-46.5#3.6999616603801666#9
0000 0017 2000 0000 0000 0000#1626595950469216#-50.5#2.6016314162540475#9
0000 0016 2000 0000 0000 0000#1626595950470508#-59.5#3.650874275167826#9
0000 0019 2000 0000 0000 0000#1626595950471555#-44.0#4.080388895775806#9
0000 0014 2000 0000 0000 0000#1626595950472663#-49.0#1.9082721001297376#9
0000 001D 2000 0000 0000 0000#1626595950473966#-48.0#2.448233337465483#9
0000 000F 2000 0000 0000 0000#1626595950476240#-48.5#3.429981041712294#9
0000 001C 2000 0000 0000 0000#1626595950478448#-49.5#1.5278448647340985#9
0000 0015 2000 0000 0000 0000#1626595950479512#-51.0#2.730485802436441#9
0000 0012 2000 0000 0000 0000#1626595950481043#-48.5#5.368932757599744#9
0000 0013 2000 0000 0000 0000#1626595950482382#-51.0#0.6258641614573416#9
0000 0010 2000 0000 0000 0000#1626595950748467#-44.0#4.651029748869264#9
0000 0012 2000 0000 0000 0000#1626595950751340#-48.0#6.105243535784852#9
0000 0014 2000 0000 0000 0000#1626595950752379#-49.5#2.662990647769473#9
0000 000F 2000 0000 0000 0000#1626595950753670#-47.0#4.2031073588066565#9
0000 0018 2000 0000 0000 0000#1626595950755266#-44.0#4.4976316700806995#9
0000 0019 2000 0000 0000 0000#1626595950756329#-43.0#4.865787059173254#9
0000 0011 2000 0000 0000 0000#1626595950757670#-42.0#4.994641445355648#9
0000 0013 2000 0000 0000 0000#1626595950758711#-51.0#1.3744467859455345#9
0000 001A 2000 0000 0000 0000#1626595950760820#-43.5#5.5284667595398505#9
0000 001D 2000 0000 0000 0000#1626595950763559#-48.5#3.3011266555298997#9
0000 001B 2000 0000 0000 0000#1626595950764811#-49.5#0.7915340865489908#9
0000 0015 2000 0000 0000 0000#1626595950766316#-51.0#3.5895150436524004#9
0000 001C 2000 0000 0000 0000#1626595950767387#-49.0#2.2641556429192065#9
0000 0016 2000 0000 0000 0000#1626595950770673#-58.5#4.773748211900116#9
0000 0017 2000 0000 0000 0000#1626595950773173#-50.0#3.393165502803038#9
0000 0010 2000 0000 0000 0000#1626595950777256#-44.0#4.6448938257177215#9
0000 0017 2000 0000 0000 0000#1626595950779656#-50.0#3.4054373491061236#9
0000 0012 2000 0000 0000 0000#1626595950781257#-48.0#6.092971689481767#9
0000 001A 2000 0000 0000 0000#1626595950782315#-45.0#5.522330836388308#9
0000 0015 2000 0000 0000 0000#1626595950783640#-51.0#3.5588354278946874#9
0000 0019 2000 0000 0000 0000#1626595950785859#-43.5#4.859651136021712#9
0000 000F 2000 0000 0000 0000#1626595950786895#-47.5#4.215379205109742#9
0000 001C 2000 0000 0000 0000#1626595950787981#-49.0#2.2886993355253766#9
0000 0018 2000 0000 0000 0000#1626595950789142#-45.5#4.4976316700806995#9
0000 0014 2000 0000 0000 0000#1626595950790450#-49.5#2.6813984172241008#9
0000 0013 2000 0000 0000 0000#1626595950791516#-50.5#1.3744467859455345#9
0000 001B 2000 0000 0000 0000#1626595950792566#-49.5#0.7915340865489908#9
0000 0011 2000 0000 0000 0000#1626595950793676#-42.0#5.006913291658733#9
0000 001D 2000 0000 0000 0000#1626595950794966#-48.5#3.2888548092268146#9
0000 0016 2000 0000 0000 0000#1626595950796358#-58.5#4.779884135051658#9
0000 0013 2000 0000 0000 0000#1626595951060156#-51.5#0.8406214717613314#9
0000 0019 2000 0000 0000 0000#1626595951061475#-43.5#4.270602513473625#9
0000 001A 2000 0000 0000 0000#1626595951063590#-44.5#4.963961829597935#9
0000 0018 2000 0000 0000 0000#1626595951065563#-46.5#3.933126740138784#9
0000 000F 2000 0000 0000 0000#1626595951066628#-48.0#3.6999616603801666#9
0000 001D 2000 0000 0000 0000#1626595951067732#-48.0#2.675262494072558#9
0000 0014 2000 0000 0000 0000#1626595951068812#-49.5#2.116893487282185#9
0000 0015 2000 0000 0000 0000#1626595951071015#-51.0#2.9513790358919736#9
0000 0010 2000 0000 0000 0000#1626595951072088#-44.5#4.0558452031696355#9
0000 001C 2000 0000 0000 0000#1626595951074060#-49.0#1.736466251886546#9
0000 0011 2000 0000 0000 0000#1626595951075103#-44.0#4.417864669110647#9
0000 0017 2000 0000 0000 0000#1626595951076126#-50.5#2.890019804376548#9
0000 001B 2000 0000 0000 0000#1626595951077789#-49.5#0.2270291566070749#9
0000 0016 2000 0000 0000 0000#1626595951079350#-59.0#3.933126740138784#9
0000 0012 2000 0000 0000 0000#1626595951081194#-48.5#5.589825991055276#9
0000 000F 2000 0000 0000 0000#1626595951086532#-48.5#3.6692820446224537#9
0000 0012 2000 0000 0000 0000#1626595951087795#-48.5#5.553010452146021#9
0000 0011 2000 0000 0000 0000#1626595951088854#-44.5#4.417864669110647#9
0000 001B 2000 0000 0000 0000#1626595951089934#-49.5#0.23316507975861744#9
0000 0010 2000 0000 0000 0000#1626595951091463#-44.5#4.037437433715008#9
0000 0019 2000 0000 0000 0000#1626595951092525#-44.0#4.276738436625168#9
0000 001A 2000 0000 0000 0000#1626595951094328#-45.0#4.970097752749477#9
0000 0015 2000 0000 0000 0000#1626595951095911#-51.0#2.945243112740431#9
0000 0013 2000 0000 0000 0000#1626595951097535#-51.5#0.8528933180644165#9
0000 0017 2000 0000 0000 0000#1626595951099622#-50.5#2.859340188618835#9
0000 001D 2000 0000 0000 0000#1626595951100710#-48.0#2.6568547246179306#9
0000 0014 2000 0000 0000 0000#1626595951104098#-49.5#2.0923497946760143#9
0000 0018 2000 0000 0000 0000#1626595951105971#-47.0#3.9085830475326135#9
0000 001C 2000 0000 0000 0000#1626595951107657#-49.0#1.748738098189631#9
0000 0016 2000 0000 0000 0000#1626595951108963#-59.5#3.8288160465625602#9
0000 0012 2000 0000 0000 0000#1626595951373956#-49.0#0.5951845456996288#9
0000 0010 2000 0000 0000 0000#1626595951376406#-41.5#4.313553975534423#9
0000 0019 2000 0000 0000 0000#1626595951377701#-44.5#4.828971520263998#9
0000 0017 2000 0000 0000 0000#1626595951378979#-39.5#2.9145634969827183#9
0000 000F 2000 0000 0000 0000#1626595951380087#-42.0#3.5956509668039427#9
0000 0014 2000 0000 0000 0000#1626595951381184#-46.5#2.9084275738311756#9
0000 0011 2000 0000 0000 0000#1626595951382513#-46.0#5.190990986205009#9
0000 0013 2000 0000 0000 0000#1626595951383797#-48.0#2.061670178918302#9
0000 001D 2000 0000 0000 0000#1626595951386156#-45.5#3.4054373491061236#9
0000 001C 2000 0000 0000 0000#1626595951387227#-45.5#2.675262494072558#9
0000 0015 2000 0000 0000 0000#1626595951388561#-48.5#3.650874275167826#9
0000 0018 2000 0000 0000 0000#1626595951390092#-43.0#4.000621894805752#9
0000 001A 2000 0000 0000 0000#1626595951391180#-47.0#6.154330920997192#9
0000 0016 2000 0000 0000 0000#1626595951392644#-54.0#3.6754179677739964#9
0000 001B 2000 0000 0000 0000#1626595951393680#-47.5#1.6505633277649499#9
0000 0017 2000 0000 0000 0000#1626595951400953#-38.5#2.9206994201342606#9
0000 0018 2000 0000 0000 0000#1626595951403207#-41.5#4.037437433715008#9
0000 0015 2000 0000 0000 0000#1626595951404813#-48.5#3.693825737228624#9
0000 001B 2000 0000 0000 0000#1626595951406600#-47.0#1.6996507129772904#9
0000 0011 2000 0000 0000 0000#1626595951408046#-46.5#5.301437602932776#9
0000 001D 2000 0000 0000 0000#1626595951409122#-45.0#3.448388811166921#9
0000 0010 2000 0000 0000 0000#1626595951410490#-41.5#4.356505437595221#9
0000 001C 2000 0000 0000 0000#1626595951412017#-45.0#2.736621725587984#9
0000 000F 2000 0000 0000 0000#1626595951413607#-41.5#3.5895150436524004#9
0000 0019 2000 0000 0000 0000#1626595951423864#-46.0#4.4362724385652745#9
0000 0013 2000 0000 0000 0000#1626595951425544#-47.0#1.6444274046134073#9
0000 0014 2000 0000 0000 0000#1626595951427269#-45.5#2.454369260617026#9
0000 0012 2000 0000 0000 0000#1626595951428928#-49.0#0.4172427743048944#9
0000 001A 2000 0000 0000 0000#1626595951430775#-45.5#5.8659425328746915#9
0000 0016 2000 0000 0000 0000#1626595951432111#-51.0#3.0372819600135696#9
0000 0016 2000 0000 0000 0000#1626595951695780#-40.0#3.3011266555298997#9
0000 000F 2000 0000 0000 0000#1626595951698574#-40.5#3.650874275167826#9
0000 001A 2000 0000 0000 0000#1626595951699636#-44.0#1.4051264017032472#9
0000 001B 2000 0000 0000 0000#1626595951700715#-42.5#2.356194490192345#9
0000 0019 2000 0000 0000 0000#1626595951701748#-49.0#0.03681553890925539#9
0000 0017 2000 0000 0000 0000#1626595951702799#-34.0#2.8409324191642074#9
0000 0018 2000 0000 0000 0000#1626595951704909#-44.0#4.344233591292136#9
0000 001C 2000 0000 0000 0000#1626595951705984#-42.5#3.1231848841351653#9
0000 0014 2000 0000 0000 0000#1626595951707311#-43.0#3.3379421944391554#9
0000 0010 2000 0000 0000 0000#1626595951708611#-46.0#5.074408446325701#9
0000 0011 2000 0000 0000 0000#1626595951710182#-48.0#0.7301748550335652#9
0000 0012 2000 0000 0000 0000#1626595951711360#-43.5#1.9634954084936207#9
0000 001D 2000 0000 0000 0000#1626595951712890#-43.0#3.6692820446224537#9
0000 0013 2000 0000 0000 0000#1626595951714199#-42.5#2.6813984172241008#9
0000 0015 2000 0000 0000 0000#1626595951717016#-47.0#3.9269908169872414#9
0000 0018 2000 0000 0000 0000#1626595951721242#-44.5#4.399456899656019#9
0000 0013 2000 0000 0000 0000#1626595951722353#-42.0#2.705942109830271#9
0000 0011 2000 0000 0000 0000#1626595951724955#-47.5#0.8283496254582462#9
0000 0017 2000 0000 0000 0000#1626595951726019#-34.0#2.9084275738311756#9
0000 0016 2000 0000 0000 0000#1626595951727055#-39.5#3.368621810196868#9
0000 0015 2000 0000 0000 0000#1626595951728304#-47.0#3.9638063558964967#9
0000 0019 2000 0000 0000 0000#1626595951730575#-48.0#0.23316507975861744#9
0000 001A 2000 0000 0000 0000#1626595951732571#-43.5#1.552388557340269#9
0000 001B 2000 0000 0000 0000#1626595951733908#-42.0#2.435961491162398#9
0000 001C 2000 0000 0000 0000#1626595951735248#-41.5#3.2029518851052186#9
0000 0012 2000 0000 0000 0000#1626595951736970#-42.5#2.061670178918302#9
0000 0014 2000 0000 0000 0000#1626595951738079#-42.5#3.4177091954092087#9
0000 000F 2000 0000 0000 0000#1626595951739145#-40.5#3.773592738198677#9
0000 001D 2000 0000 0000 0000#1626595951740174#-42.5#3.736777199289422#9
0000 0010 2000 0000 0000 0000#1626595951741607#-46.5#5.209398755659637#9
0000 0010 2000 0000 0000 0000#1626595952005511#-46.5#1.1658253987930873#9
0000 0013 2000 0000 0000 0000#1626595952006666#-40.0#4.190835512503572#9
0000 0016 2000 0000 0000 0000#1626595952007702#-37.0#4.859651136021712#9
0000 001A 2000 0000 0000 0000#1626595952008763#-40.0#3.227495577711389#9
0000 0015 2000 0000 0000 0000#1626595952009786#-45.0#5.160311370447297#9
0000 0017 2000 0000 0000 0000#1626595952010849#-33.5#4.663301595172349#9
0000 001D 2000 0000 0000 0000#1626595952011924#-41.5#4.970097752749477#9
0000 0012 2000 0000 0000 0000#1626595952013099#-38.5#3.6017868899554855#9
0000 0011 2000 0000 0000 0000#1626595952014678#-41.5#2.7857091108003242#9
0000 000F 2000 0000 0000 0000#1626595952016002#-41.0#5.559146375297564#9
0000 0019 2000 0000 0000 0000#1626595952017062#-45.0#2.4727770300716534#9
0000 001B 2000 0000 0000 0000#1626595952018384#-39.5#3.9638063558964967#9
0000 001C 2000 0000 0000 0000#1626595952019466#-39.5#4.595806440505381#9
0000 0014 2000 0000 0000 0000#1626595952022281#-41.0#4.755340442445488#9
0000 0018 2000 0000 0000 0000#1626595952023599#-45.0#0.2454369260617026#9
3008 33B2 DDD9 0140 2018 0626#1626595952025270#-62.0#5.8475347634200645#9
0000 001C 2000 0000 0000 0000#1626595952036588#-39.5#4.424000592262189#9
0000 0016 2000 0000 0000 0000#1626595952037883#-37.5#4.755340442445488#9
0000 0019 2000 0000 0000 0000#1626595952040012#-45.0#2.399145952253143#9
0000 0013 2000 0000 0000 0000#1626595952041084#-40.0#4.061981126321178#9
0000 0017 2000 0000 0000 0000#1626595952042642#-33.5#4.577398671050753#9
0000 001A 2000 0000 0000 0000#1626595952043691#-39.5#3.098641191528995#9
0000 0012 2000 0000 0000 0000#1626595952044995#-40.0#3.497476196379262#9
0000 0018 2000 0000 0000 0000#1626595952046123#-44.0#0.1902136176978195#9
0000 000F 2000 0000 0000 0000#1626595952047687#-41.0#5.522330836388308#9
0000 001B 2000 0000 0000 0000#1626595952048963#-39.5#3.8410878928656453#9
0000 0015 2000 0000 0000 0000#1626595952050279#-45.0#5.049864753719531#9
0000 0011 2000 0000 0000 0000#1626595952052274#-41.0#2.724349879284899#9
0000 0010 2000 0000 0000 0000#1626595952053516#-45.0#1.2578642460662257#9
0000 0014 2000 0000 0000 0000#1626595952054611#-41.0#4.626486056263094#9
0000 001D 2000 0000 0000 0000#1626595952055956#-41.5#4.871922982324796#9
3008 33B2 DDD9 0140 2018 0626#1626595952057162#-62.0#5.424156065963627#9
0000 0015 2000 0000 0000 0000#1626595952319811#-45.5#5.031456984264903#9
0000 001C 2000 0000 0000 0000#1626595952320925#-38.5#4.565126824747668#9
0000 001D 2000 0000 0000 0000#1626595952321960#-41.0#4.878058905476339#9
0000 0013 2000 0000 0000 0000#1626595952323298#-38.5#4.25833066717054#9
0000 0011 2000 0000 0000 0000#1626595952324628#-39.0#3.06182565261974#9
0000 000F 2000 0000 0000 0000#1626595952325735#-40.0#0.46019423636569234#9
0000 0019 2000 0000 0000 0000#1626595952326830#-40.0#2.9022916506796332#9
0000 0017 2000 0000 0000 0000#1626595952329835#-34.0#5.675728915176872#9
0000 0016 2000 0000 0000 0000#1626595952332581#-38.0#5.565282298449106#9
0000 0012 2000 0000 0000 0000#1626595952333857#-37.5#3.7551849687440497#9
0000 0018 2000 0000 0000 0000#1626595952335725#-41.5#1.4480778637640452#9
0000 001A 2000 0000 0000 0000#1626595952337911#-35.0#3.399301425954581#9
0000 0010 2000 0000 0000 0000#1626595952340569#-42.0#2.184388641949153#9
0000 001B 2000 0000 0000 0000#1626595952341748#-37.5#4.061981126321178#9
0000 0014 2000 0000 0000 0000#1626595952343327#-40.0#4.7307967498393175#9
0000 001A 2000 0000 0000 0000#1626595952348998#-36.5#3.442252888015379#9
0000 0015 2000 0000 0000 0000#1626595952351429#-45.0#5.049864753719531#9
0000 0013 2000 0000 0000 0000#1626595952352513#-38.5#4.313553975534423#9
0000 0011 2000 0000 0000 0000#1626595952353898#-38.0#3.098641191528995#9
0000 001B 2000 0000 0000 0000#1626595952355498#-37.5#4.0987966652304335#9
0000 001C 2000 0000 0000 0000#1626595952356557#-38.5#4.638757902566179#9
0000 0014 2000 0000 0000 0000#1626595952357593#-40.0#4.73693267299086#9
0000 0017 2000 0000 0000 0000#1626595952358672#-33.5#5.822991070813893#9
0000 0012 2000 0000 0000 0000#1626595952360323#-36.5#3.77972866135022#9
0000 0019 2000 0000 0000 0000#1626595952361487#-40.0#2.9759227284981438#9
0000 000F 2000 0000 0000 0000#1626595952363050#-40.0#0.6320000846088841#9
0000 0010 2000 0000 0000 0000#1626595952364246#-40.0#2.2518837966161214#9
0000 0016 2000 0000 0000 0000#1626595952366159#-37.5#5.724816300389213#9
0000 001D 2000 0000 0000 0000#1626595952368084#-41.0#4.914874444385594#9
0000 0018 2000 0000 0000 0000#1626595952369159#-42.0#1.5953400194010667#9
0000 0010 2000 0000 0000 0000#1626595952632324#-38.0#2.9697868053466014#9
0000 000F 2000 0000 0000 0000#1626595952634236#-36.0#1.8162332528565992#9
0000 0011 2000 0000 0000 0000#1626595952635394#-35.5#3.7551849687440497#9
0000 0012 2000 0000 0000 0000#1626595952636455#-36.5#4.460816131171445#9
0000 001B 2000 0000 0000 0000#1626595952637778#-36.5#4.755340442445488#9
0000 0018 2000 0000 0000 0000#1626595952639361#-36.5#2.478912953223196#9
0000 0014 2000 0000 0000 0000#1626595952641608#-39.0#5.252350217720435#9
0000 001C 2000 0000 0000 0000#1626595952642709#-37.5#5.166447293598839#9
0000 0019 2000 0000 0000 0000#1626595952644216#-37.0#3.6201946594101133#9
0000 0017 2000 0000 0000 0000#1626595952645248#-31.0#0.9633399347921826#9
0000 0013 2000 0000 0000 0000#1626595952646460#-37.5#4.957825906446392#9
0000 001A 2000 0000 0000 0000#1626595952647619#-33.5#4.135612204139688#9
0000 001D 2000 0000 0000 0000#1626595952648893#-40.5#5.338253141842031#9
0000 0016 2000 0000 0000 0000#1626595952658326#-37.0#0.2945243112740431#9
0000 0015 2000 0000 0000 0000#1626595952660203#-45.0#4.921010367537137#9
0000 001D 2000 0000 0000 0000#1626595952664898#-41.0#4.792155981354743#9
0000 0011 2000 0000 0000 0000#1626595952666314#-35.5#3.184544115650591#9
0000 0012 2000 0000 0000 0000#1626595952667419#-37.0#3.933126740138784#9
0000 0010 2000 0000 0000 0000#1626595952668451#-37.5#2.411417798556228#9
0000 001B 2000 0000 0000 0000#1626595952669503#-36.5#4.2092432819582#9
0000 000F 2000 0000 0000 0000#1626595952671547#-35.5#1.3069516312785663#9
0000 0019 2000 0000 0000 0000#1626595952673337#-37.5#3.06182565261974#9
0000 0013 2000 0000 0000 0000#1626595952674376#-37.5#4.424000592262189#9
0000 0016 2000 0000 0000 0000#1626595952676394#-36.5#0.37429131224409645#9
0000 0017 2000 0000 0000 0000#1626595952677701#-30.5#0.48473792897186263#9
0000 001A 2000 0000 0000 0000#1626595952679146#-33.5#3.5588354278946874#9
0000 0015 2000 0000 0000 0000#1626595952681455#-45.0#4.921010367537137#9
0000 001C 2000 0000 0000 0000#1626595952683143#-38.0#4.651029748869264#9
0000 0018 2000 0000 0000 0000#1626595952685498#-37.0#1.9757672547967058#9
0000 0014 2000 0000 0000 0000#1626595952687165#-39.5#4.724660826687775#9
0000 0014 2000 0000 0000 0000#1626595952951219#-39.0#5.141903600992669#9
0000 000F 2000 0000 0000 0000#1626595952952270#-32.5#2.227340104009951#9
0000 001D 2000 0000 0000 0000#1626595952953575#-40.5#5.141903600992669#9
0000 0013 2000 0000 0000 0000#1626595952954645#-37.0#4.994641445355648#9
0000 0017 2000 0000 0000 0000#1626595952956899#-28.0#1.6689710972195777#9
0000 001A 2000 0000 0000 0000#1626595952958433#-35.0#4.270602513473625#9
0000 0019 2000 0000 0000 0000#1626595952960207#-36.0#3.724505352986337#9
0000 001B 2000 0000 0000 0000#1626595952961740#-36.0#4.841243366567084#9
0000 0012 2000 0000 0000 0000#1626595952962803#-36.5#4.657165672020807#9
0000 0010 2000 0000 0000 0000#1626595952964065#-35.5#3.098641191528995#9
0000 0018 2000 0000 0000 0000#1626595952965142#-34.0#2.6998061866787286#9
0000 001C 2000 0000 0000 0000#1626595952966256#-37.0#5.117359908386499#9
0000 0016 2000 0000 0000 0000#1626595952967393#-33.5#1.7732817907958012#9
0000 0015 2000 0000 0000 0000#1626595952968685#-45.0#5.178719139901925#9
0000 0011 2000 0000 0000 0000#1626595952970014#-36.0#3.9269908169872414#9
0000 0012 2000 0000 0000 0000#1626595952979148#-36.5#4.681709364626977#9
0000 0016 2000 0000 0000 0000#1626595952980226#-33.5#1.8285050991596843#9
0000 0011 2000 0000 0000 0000#1626595952981247#-36.0#3.9392626632903265#9
0000 000F 2000 0000 0000 0000#1626595952982340#-32.5#2.3193789512830896#9
0000 001B 2000 0000 0000 0000#1626595952983860#-36.0#4.871922982324796#9
0000 0017 2000 0000 0000 0000#1626595952984937#-27.5#1.748738098189631#9
0000 0018 2000 0000 0000 0000#1626595952986306#-33.0#2.761165418194154#9
0000 0019 2000 0000 0000 0000#1626595952987400#-36.5#3.7551849687440497#9
0000 0014 2000 0000 0000 0000#1626595952989022#-39.0#5.1725832167503825#9
0000 001C 2000 0000 0000 0000#1626595952990079#-37.0#5.154175447295755#9
0000 0015 2000 0000 0000 0000#1626595952991147#-45.0#5.1725832167503825#9
0000 0010 2000 0000 0000 0000#1626595952993908#-35.5#3.184544115650591#9
0000 001D 2000 0000 0000 0000#1626595952998581#-41.0#5.148039524144211#9
0000 0013 2000 0000 0000 0000#1626595952999906#-37.0#5.049864753719531#9
0000 001A 2000 0000 0000 0000#1626595953000968#-34.5#4.338097668140593#9
0000 0012 2000 0000 0000 0000#1626595953264262#-37.0#5.773903685601553#9
0000 0016 2000 0000 0000 0000#1626595953265611#-31.5#3.6140587362585705#9
0000 001D 2000 0000 0000 0000#1626595953268040#-42.0#5.798447378207723#9
0000 0015 2000 0000 0000 0000#1626595953269103#-47.0#5.730952223540755#9
0000 0019 2000 0000 0000 0000#1626595953270180#-36.0#4.994641445355648#9
0000 000F 2000 0000 0000 0000#1626595953271216#-31.0#3.822680123411018#9
0000 001A 2000 0000 0000 0000#1626595953280526#-36.0#5.258486140871978#9
0000 0013 2000 0000 0000 0000#1626595953281651#-38.5#5.798447378207723#9
0000 0010 2000 0000 0000 0000#1626595953282780#-34.0#4.246058820867455#9
0000 001C 2000 0000 0000 0000#1626595953283867#-38.5#5.816855147662351#9
0000 0018 2000 0000 0000 0000#1626595953284944#-33.5#3.9576704327449543#9
0000 0017 2000 0000 0000 0000#1626595953287911#-26.5#3.2029518851052186#9
0000 001B 2000 0000 0000 0000#1626595953289718#-37.5#5.700272607783043#9
0000 0014 2000 0000 0000 0000#1626595953292014#-40.5#5.767767762450011#9
0000 0011 2000 0000 0000 0000#1626595953293088#-36.0#4.994641445355648#9
0000 0017 2000 0000 0000 0000#1626595953297716#-24.5#3.2090878082567613#9
0000 0018 2000 0000 0000 0000#1626595953298767#-33.0#3.9822141253511245#9
0000 0016 2000 0000 0000 0000#1626595953300060#-31.5#3.509748042682347#9
0000 0012 2000 0000 0000 0000#1626595953301147#-37.5#5.6143696836614465#9
0000 001A 2000 0000 0000 0000#1626595953302478#-36.0#5.295301679781233#9
0000 001B 2000 0000 0000 0000#1626595953303574#-37.5#5.6941366846315#9
0000 0015 2000 0000 0000 0000#1626595953304850#-47.5#5.50392306693368#9
0000 001C 2000 0000 0000 0000#1626595953306634#-38.5#5.792311455056181#9
0000 0010 2000 0000 0000 0000#1626595953308958#-32.5#4.301282129231338#9
0000 0013 2000 0000 0000 0000#1626595953310242#-39.0#5.810719224510809#9
0000 0019 2000 0000 0000 0000#1626595953311563#-36.5#4.865787059173254#9
0000 000F 2000 0000 0000 0000#1626595953312613#-30.5#3.6876898140770815#9
0000 0014 2000 0000 0000 0000#1626595953313681#-40.5#5.749359992995383#9
0000 0011 2000 0000 0000 0000#1626595953318201#-36.5#5.013049214810275#9
0000 001D 2000 0000 0000 0000#1626595953319889#-43.0#5.553010452146021#9
0000 0010 2000 0000 0000 0000#1626595953583372#-33.5#4.221515128261284#9
0000 001A 2000 0000 0000 0000#1626595953584871#-37.5#4.970097752749477#9
0000 0019 2000 0000 0000 0000#1626595953585938#-38.0#4.71238898038469#9
0000 0018 2000 0000 0000 0000#1626595953590129#-33.5#3.9760782021995817#9
0000 001D 2000 0000 0000 0000#1626595953592010#-45.0#4.798291904506286#9
0000 0011 2000 0000 0000 0000#1626595953593178#-36.5#4.773748211900116#9
0000 0013 2000 0000 0000 0000#1626595953594261#-40.5#5.270757987175063#9
0000 000F 2000 0000 0000 0000#1626595953595297#-31.0#3.6999616603801666#9
0000 0017 2000 0000 0000 0000#1626595953596713#-24.5#3.356349963893783#9
0000 001B 2000 0000 0000 0000#1626595953597895#-39.5#5.203262832508095#9
0000 0012 2000 0000 0000 0000#1626595953598942#-39.0#5.209398755659637#9
0000 0016 2000 0000 0000 0000#1626595953600271#-31.5#3.785864584501762#9
0000 0015 2000 0000 0000 0000#1626595953601707#-50.0#4.626486056263094#9
0000 001C 2000 0000 0000 0000#1626595953602751#-40.5#5.166447293598839#9
0000 0014 2000 0000 0000 0000#1626595953604284#-42.5#5.074408446325701#9
0000 0015 2000 0000 0000 0000#1626595953610477#-49.5#4.608078286808466#9
0000 001C 2000 0000 0000 0000#1626595953612936#-41.0#5.154175447295755#9
0000 0017 2000 0000 0000 0000#1626595953614370#-26.0#3.399301425954581#9
0000 0010 2000 0000 0000 0000#1626595953616958#-33.5#4.252194744018997#9
0000 0018 2000 0000 0000 0000#1626595953618143#-32.5#3.9944859716542096#9
0000 0019 2000 0000 0000 0000#1626595953619288#-38.0#4.71238898038469#9
0000 0016 2000 0000 0000 0000#1626595953620872#-32.0#3.8410878928656453#9
0000 001D 2000 0000 0000 0000#1626595953622234#-45.5#4.71238898038469#9
0000 000F 2000 0000 0000 0000#1626595953623326#-31.0#3.7429131224409646#9
0000 0011 2000 0000 0000 0000#1626595953625102#-36.5#4.773748211900116#9
0000 0014 2000 0000 0000 0000#1626595953626170#-42.5#5.0253210611133605#9
0000 001A 2000 0000 0000 0000#1626595953627560#-37.5#4.95168998329485#9
0000 001B 2000 0000 0000 0000#1626595953629551#-39.5#5.166447293598839#9
0000 0012 2000 0000 0000 0000#1626595953630955#-39.0#5.184855063053467#9
0000 0013 2000 0000 0000 0000#1626595953632038#-41.0#5.2339424482658075#9
0000 0010 2000 0000 0000 0000#1626595953895695#-34.0#3.9944859716542096#9
0000 001C 2000 0000 0000 0000#1626595953896766#-43.0#4.325825821837508#9
0000 0018 2000 0000 0000 0000#1626595953900564#-33.0#3.8288160465625602#9
0000 000F 2000 0000 0000 0000#1626595953902312#-31.0#3.6754179677739964#9
0000 0017 2000 0000 0000 0000#1626595953903614#-27.0#3.368621810196868#9
0000 0016 2000 0000 0000 0000#1626595953904664#-32.5#3.9515345095934116#9
0000 0013 2000 0000 0000 0000#1626595953906012#-42.5#4.485359823777615#9
0000 001A 2000 0000 0000 0000#1626595953907509#-39.0#4.289010282928253#9
0000 0015 2000 0000 0000 0000#1626595953908601#-51.5#3.6692820446224537#9
0000 001B 2000 0000 0000 0000#1626595953909708#-41.0#4.417864669110647#9
0000 0011 2000 0000 0000 0000#1626595953911435#-38.0#4.264466590322082#9
0000 001D 2000 0000 0000 0000#1626595953912577#-46.0#3.77972866135022#9
0000 0014 2000 0000 0000 0000#1626595953913647#-45.0#4.166291819897402#9
0000 0019 2000 0000 0000 0000#1626595953915857#-38.5#4.3074180523828804#9
0000 0012 2000 0000 0000 0000#1626595953917386#-40.5#4.460816131171445#9
0000 0014 2000 0000 0000 0000#1626595953921999#-45.0#4.147884050442774#9
0000 0017 2000 0000 0000 0000#1626595953923967#-25.0#3.3870295796514958#9
0000 001A 2000 0000 0000 0000#1626595953925137#-37.5#4.25833066717054#9
0000 000F 2000 0000 0000 0000#1626595953927806#-31.0#3.6999616603801666#9
0000 0010 2000 0000 0000 0000#1626595953928876#-34.5#4.006757817957295#9
0000 0013 2000 0000 0000 0000#1626595953929942#-42.5#4.430136515413731#9
0000 0019 2000 0000 0000 0000#1626595953931291#-38.0#4.295146206079795#9
0000 0016 2000 0000 0000 0000#1626595953932370#-32.5#3.9822141253511245#9
0000 0018 2000 0000 0000 0000#1626595953933513#-32.5#3.8533597391687304#9
0000 0012 2000 0000 0000 0000#1626595953934575#-40.5#4.460816131171445#9
0000 0011 2000 0000 0000 0000#1626595953935831#-37.0#4.239922897715912#9
0000 001C 2000 0000 0000 0000#1626595953937160#-43.5#4.252194744018997#9
0000 001B 2000 0000 0000 0000#1626595953940605#-41.5#4.368777283898306#9
0000 0015 2000 0000 0000 0000#1626595953942168#-51.5#3.5895150436524004#9
0000 001D 2000 0000 0000 0000#1626595953943412#-45.5#3.7429131224409646#9
0000 001D 2000 0000 0000 0000#1626595954208140#-49.5#3.3747577333484107#9
0000 0017 2000 0000 0000 0000#1626595954209294#-25.5#3.80427235395639#9
0000 0013 2000 0000 0000 0000#1626595954210378#-44.0#4.0558452031696355#9
0000 0016 2000 0000 0000 0000#1626595954211443#-32.0#4.503767593232243#9
0000 0014 2000 0000 0000 0000#1626595954212993#-47.0#3.749049045592507#9
0000 001C 2000 0000 0000 0000#1626595954215302#-45.5#3.902447124381071#9
0000 000F 2000 0000 0000 0000#1626595954216394#-31.5#3.988350048502667#9
0000 001B 2000 0000 0000 0000#1626595954217430#-43.0#4.0128937411088375#9
0000 001A 2000 0000 0000 0000#1626595954218556#-38.5#3.8533597391687304#9
0000 0012 2000 0000 0000 0000#1626595954221124#-41.5#4.04357335686655#9
0000 0019 2000 0000 0000 0000#1626595954223686#-38.0#4.086524818927348#9
0000 0015 2000 0000 0000 0000#1626595954225049#-54.5#3.2397674240144743#9
0000 0010 2000 0000 0000 0000#1626595954226334#-33.5#4.006757817957295#9
0000 0018 2000 0000 0000 0000#1626595954230571#-32.5#3.9944859716542096#9
0000 0011 2000 0000 0000 0000#1626595954232005#-38.5#3.9392626632903265#9
0000 0015 2000 0000 0000 0000#1626595954235827#-55.0#3.2397674240144743#9
0000 0016 2000 0000 0000 0000#1626595954236848#-32.0#4.534447208989955#9
0000 000F 2000 0000 0000 0000#1626595954238153#-31.0#3.988350048502667#9
0000 001C 2000 0000 0000 0000#1626595954239492#-45.5#3.8288160465625602#9
0000 0014 2000 0000 0000 0000#1626595954241298#-47.5#3.6570101983193686#9
0000 0013 2000 0000 0000 0000#1626595954242862#-44.5#3.9944859716542096#9
0000 0011 2000 0000 0000 0000#1626595954244423#-38.5#3.9208548938356986#9
0000 0019 2000 0000 0000 0000#1626595954245515#-38.0#4.04357335686655#9
0000 001A 2000 0000 0000 0000#1626595954247625#-38.5#3.77972866135022#9
0000 0010 2000 0000 0000 0000#1626595954249185#-35.0#3.9760782021995817#9
0000 0017 2000 0000 0000 0000#1626595954250984#-27.0#3.810408277107933#9
0000 0018 2000 0000 0000 0000#1626595954252084#-32.0#3.9760782021995817#9
0000 001B 2000 0000 0000 0000#1626595954253162#-43.5#3.9147189706841563#9
0000 001D 2000 0000 0000 0000#1626595954254593#-50.5#3.2765829629237295#9
0000 0012 2000 0000 0000 0000#1626595954257865#-42.0#3.9699422790480394#9
0000 0018 2000 0000 0000 0000#1626595954528340#-32.5#4.289010282928253#9
0000 001B 2000 0000 0000 0000#1626595954530730#-44.5#3.816544200259475#9
0000 0014 2000 0000 0000 0000#1626595954531812#-50.5#3.4177091954092087#9
0000 001A 2000 0000 0000 0000#1626595954532843#-40.0#3.706097583531709#9
0000 001C 2000 0000 0000 0000#1626595954534413#-48.5#3.5588354278946874#9
0000 0012 2000 0000 0000 0000#1626595954535501#-42.5#3.8963112012295285#9
0000 0016 2000 0000 0000 0000#1626595954537350#-31.5#5.1725832167503825#9
0000 0011 2000 0000 0000 0000#1626595954538438#-38.0#3.9085830475326135#9
0000 0010 2000 0000 0000 0000#1626595954539542#-33.5#4.172427743048944#9
0000 001D 2000 0000 0000 0000#1626595954542676#-54.0#2.7857091108003242#9
0000 0015 2000 0000 0000 0000#1626595954545176#-59.0#2.442097414313941#9
0000 0019 2000 0000 0000 0000#1626595954546471#-37.5#4.06811704947272#9
0000 000F 2000 0000 0000 0000#1626595954547650#-30.0#4.3933209765044765#9
0000 0013 2000 0000 0000 0000#1626595954548942#-46.5#3.7551849687440497#9
0000 0017 2000 0000 0000 0000#1626595954550730#-26.0#4.356505437595221#9
0000 0014 2000 0000 0000 0000#1626595954557030#-50.5#3.2643111166206444#9
0000 0019 2000 0000 0000 0000#1626595954558122#-37.5#4.04357335686655#9
0000 001D 2000 0000 0000 0000#1626595954559866#-52.5#2.693670263527186#9
0000 0012 2000 0000 0000 0000#1626595954561651#-42.5#3.816544200259475#9
0000 0011 2000 0000 0000 0000#1626595954562971#-38.0#3.8533597391687304#9
0000 0016 2000 0000 0000 0000#1626595954564050#-31.0#5.1725832167503825#9
0000 001B 2000 0000 0000 0000#1626595954566149#-44.5#3.718369429834794#9
0000 0013 2000 0000 0000 0000#1626595954567261#-46.5#3.7122335066832517#9
0000 001A 2000 0000 0000 0000#1626595954568295#-40.0#3.6140587362585705#9
0000 001C 2000 0000 0000 0000#1626595954570234#-49.0#3.411573272257666#9
0000 000F 2000 0000 0000 0000#1626595954571296#-30.0#4.374913207049849#9
0000 0017 2000 0000 0000 0000#1626595954572385#-26.0#4.338097668140593#9
0000 0010 2000 0000 0000 0000#1626595954574684#-32.0#4.1172044346850605#9
0000 0015 2000 0000 0000 0000#1626595954575706#-59.5#2.2948352586769194#9
0000 0018 2000 0000 0000 0000#1626595954576891#-31.0#4.239922897715912#9
0000 0010 2000 0000 0000 0000#1626595954843897#-34.5#3.2397674240144743#9
0000 001A 2000 0000 0000 0000#1626595954845275#-40.0#2.454369260617026#9
0000 0011 2000 0000 0000 0000#1626595954846609#-38.5#2.773437264497239#9
0000 001B 2000 0000 0000 0000#1626595954847930#-48.0#2.313243028131547#9
0000 0017 2000 0000 0000 0000#1626595954850267#-25.0#3.6876898140770815#9
0000 0018 2000 0000 0000 0000#1626595954851331#-32.5#3.423845118560751#9
0000 0019 2000 0000 0000 0000#1626595954854213#-37.0#2.9759227284981438#9
0000 0015 2000 0000 0000 0000#1626595954855293#-54.5#6.080699843178682#9
0000 000F 2000 0000 0000 0000#1626595954856330#-30.5#3.6324665057131984#9
0000 0013 2000 0000 0000 0000#1626595954858094#-50.0#2.1046216409791#9
0000 001D 2000 0000 0000 0000#1626595954859197#-56.0#0.36815538909255385#9
0000 0016 2000 0000 0000 0000#1626595954860261#-32.0#4.706253057233147#9
0000 0014 2000 0000 0000 0000#1626595954862890#-54.0#1.2333205534600555#9
0000 0012 2000 0000 0000 0000#1626595954865862#-45.0#2.5034566458293663#9
0000 001C 2000 0000 0000 0000#1626595954866858#-53.5#1.552388557340269#9
0000 001C 2000 0000 0000 0000#1626595954871582#-53.0#1.4848934026733007#9
0000 0013 2000 0000 0000 0000#1626595954872649#-50.0#2.055534255766759#9
0000 0010 2000 0000 0000 0000#1626595954873807#-33.5#3.1661363461959633#9
0000 0015 2000 0000 0000 0000#1626595954875811#-52.0#5.9088939949354895#9
0000 0017 2000 0000 0000 0000#1626595954877129#-26.5#3.650874275167826#9
0000 0011 2000 0000 0000 0000#1626595954878358#-39.0#2.693670263527186#9
0000 001D 2000 0000 0000 0000#1626595954879872#-55.5#0.14726215563702155#9
0000 001A 2000 0000 0000 0000#1626595954880934#-42.5#2.350058567040802#9
0000 0016 2000 0000 0000 0000#1626595954882496#-32.5#4.681709364626977#9
0000 001B 2000 0000 0000 0000#1626595954884016#-48.0#2.1475731030398975#9
0000 0012 2000 0000 0000 0000#1626595954885333#-45.5#2.411417798556228#9
0000 0014 2000 0000 0000 0000#1626595954886469#-54.0#1.0983302441261191#9
0000 0019 2000 0000 0000 0000#1626595954888030#-38.5#2.8838838812250054#9
0000 000F 2000 0000 0000 0000#1626595954889549#-31.0#3.5772431973493153#9
0000 0018 2000 0000 0000 0000#1626595954892535#-33.0#3.356349963893783#9
0000 0017 2000 0000 0000 0000#1626595955160584#-27.0#2.761165418194154#9
0000 0019 2000 0000 0000 0000#1626595955162148#-39.5#1.859184714917397#9
0000 0014 2000 0000 0000 0000#1626595955163186#-46.5#4.4976316700806995#9
0000 0012 2000 0000 0000 0000#1626595955164202#-48.5#1.0369710126106935#9
0000 0018 2000 0000 0000 0000#1626595955165278#-34.5#2.386874105950058#9
0000 0016 2000 0000 0000 0000#1626595955166856#-33.0#3.9944859716542096#9
0000 0013 2000 0000 0000 0000#1626595955168691#-53.0#6.234097921967246#9
0000 001D 2000 0000 0000 0000#1626595955169795#-45.0#3.706097583531709#9
0000 0010 2000 0000 0000 0000#1626595955171190#-34.5#2.110757564130642#9
0000 0011 2000 0000 0000 0000#1626595955172975#-41.5#1.552388557340269#9
0000 000F 2000 0000 0000 0000#1626595955174082#-31.5#2.6384469551633027#9
0000 001C 2000 0000 0000 0000#1626595955178179#-49.0#4.700117134081604#9
0000 0015 2000 0000 0000 0000#1626595955179726#-49.5#3.810408277107933#9
0000 001B 2000 0000 0000 0000#1626595955182169#-52.0#0.3436116964863836#9
0000 001A 2000 0000 0000 0000#1626595955185598#-45.0#1.055378782065321#9
0000 0016 2000 0000 0000 0000#1626595955189154#-33.5#3.9453985864418692#9
0000 000F 2000 0000 0000 0000#1626595955190527#-32.0#2.6016314162540475#9
0000 0017 2000 0000 0000 0000#1626595955192072#-27.5#2.705942109830271#9
0000 001B 2000 0000 0000 0000#1626595955193636#-52.0#0.2638446955163303#9
0000 001D 2000 0000 0000 0000#1626595955194640#-45.0#3.6079228131070282#9
0000 0018 2000 0000 0000 0000#1626595955196668#-35.0#2.3193789512830896#9
0000 0010 2000 0000 0000 0000#1626595955198944#-36.0#2.0493983326152168#9
0000 001C 2000 0000 0000 0000#1626595955200272#-46.5#4.424000592262189#9
0000 0014 2000 0000 0000 0000#1626595955201324#-45.0#4.154019973594316#9
0000 0019 2000 0000 0000 0000#1626595955202899#-40.5#1.7732817907958012#9
0000 0012 2000 0000 0000 0000#1626595955206121#-47.5#0.8344855486097889#9
0000 0015 2000 0000 0000 0000#1626595955207172#-50.5#3.7122335066832517#9
0000 0013 2000 0000 0000 0000#1626595955208182#-52.0#5.970253226450915#9
0000 0011 2000 0000 0000 0000#1626595955210531#-40.0#1.4419419406125027#9
0000 001A 2000 0000 0000 0000#1626595955212343#-44.0#0.9142525495798421#9
0000 0019 2000 0000 0000 0000#1626595955477472#-43.5#1.0983302441261191#9
0000 000F 2000 0000 0000 0000#1626595955479070#-33.5#2.1353012567368124#9
0000 001C 2000 0000 0000 0000#1626595955481237#-43.5#3.2581751934691017#9
0000 0014 2000 0000 0000 0000#1626595955482519#-47.5#3.2336315008629315#9
0000 0017 2000 0000 0000 0000#1626595955483596#-29.0#2.2334760271614935#9
0000 0013 2000 0000 0000 0000#1626595955484704#-41.0#3.454524734318464#9
0000 0015 2000 0000 0000 0000#1626595955486257#-63.0#2.282563412373834#9
0000 0012 2000 0000 0000 0000#1626595955487274#-48.5#5.344389064993574#9
0000 0011 2000 0000 0000 0000#1626595955488318#-45.0#0.5645049299419159#9
0000 001A 2000 0000 0000 0000#1626595955490433#-48.5#5.816855147662351#9
0000 0016 2000 0000 0000 0000#1626595955491497#-34.5#3.5588354278946874#9
0000 0018 2000 0000 0000 0000#1626595955493624#-36.5#1.7855536370988863#9
0000 001B 2000 0000 0000 0000#1626595955494789#-43.0#3.7429131224409646#9
0000 0010 2000 0000 0000 0000#1626595955496106#-39.5#1.521708941582556#9
0000 001D 2000 0000 0000 0000#1626595955498349#-58.0#2.6261751088602177#9
0000 0016 2000 0000 0000 0000#1626595955504184#-34.5#3.5281558121369745#9
0000 001D 2000 0000 0000 0000#1626595955505943#-58.5#2.466641106920111#9
0000 0013 2000 0000 0000 0000#1626595955507281#-41.0#3.3440781175906977#9
0000 001C 2000 0000 0000 0000#1626595955508596#-44.5#3.227495577711389#9
0000 0017 2000 0000 0000 0000#1626595955509915#-29.5#2.172116795646068#9
0000 0015 2000 0000 0000 0000#1626595955511688#-63.0#2.2764274892222915#9
0000 0010 2000 0000 0000 0000#1626595955513445#-39.5#1.4419419406125027#9
0000 0011 2000 0000 0000 0000#1626595955524256#-43.0#1.1351457830353744#9
0000 0019 2000 0000 0000 0000#1626595955527788#-44.0#1.6382914814618648#9
0000 000F 2000 0000 0000 0000#1626595955529076#-33.5#2.761165418194154#9
0000 001B 2000 0000 0000 0000#1626595955530128#-40.0#4.325825821837508#9
0000 001A 2000 0000 0000 0000#1626595955531433#-48.0#6.22182607566416#9
0000 0018 2000 0000 0000 0000#1626595955532816#-35.5#2.423689644859313#9
0000 0012 2000 0000 0000 0000#1626595955534020#-46.0#5.522330836388308#9
0000 0014 2000 0000 0000 0000#1626595955535600#-49.5#3.9699422790480394#9
0000 0016 2000 0000 0000 0000#1626595955805704#-36.0#3.466796580621549#9
0000 001C 2000 0000 0000 0000#1626595955806776#-56.5#2.9145634969827183#9
0000 0011 2000 0000 0000 0000#1626595955807823#-42.0#4.963961829597935#9
0000 000F 2000 0000 0000 0000#1626595955808886#-38.0#1.9573594853420782#9
0000 0017 2000 0000 0000 0000#1626595955809977#-31.5#2.1046216409791#9
0000 0019 2000 0000 0000 0000#1626595955811036#-46.0#5.780039608753096#9
0000 0014 2000 0000 0000 0000#1626595955813108#-57.0#2.172116795646068#9
0000 001A 2000 0000 0000 0000#1626595955814397#-37.5#3.724505352986337#9
0000 001D 2000 0000 0000 0000#1626595955815444#-58.0#6.068427996875596#9
0000 0013 2000 0000 0000 0000#1626595955816525#-50.0#3.442252888015379#9
0000 0010 2000 0000 0000 0000#1626595955817683#-44.5#0.803805932852076#9
0000 001B 2000 0000 0000 0000#1626595955819006#-46.0#3.6754179677739964#9
0000 0018 2000 0000 0000 0000#1626595955820575#-41.0#1.4419419406125027#9
0000 0012 2000 0000 0000 0000#1626595955821626#-38.5#3.5895150436524004#9
0000 0015 2000 0000 0000 0000#1626595955823574#-58.0#5.166447293598839#9
3008 33B2 DDD9 0140 2018 0626#1626595955824648#-62.0#5.6941366846315#9
0000 001D 2000 0000 0000 0000#1626595955828737#-57.5#5.8475347634200645#9
0000 001A 2000 0000 0000 0000#1626595955829845#-37.5#3.6876898140770815#9
0000 0018 2000 0000 0000 0000#1626595955831446#-42.5#1.3928545554001621#9
0000 0017 2000 0000 0000 0000#1626595955833207#-32.5#2.061670178918302#9
0000 0010 2000 0000 0000 0000#1626595955834763#-45.0#0.6872233929727672#9
0000 000F 2000 0000 0000 0000#1626595955835813#-38.5#1.902136176978195#9
0000 0014 2000 0000 0000 0000#1626595955837618#-57.0#1.9757672547967058#9
3008 33B2 DDD9 0140 2018 0626#1626595955838992#-61.5#5.589825991055276#9
0000 0013 2000 0000 0000 0000#1626595955840738#-51.0#3.368621810196868#9
0000 0012 2000 0000 0000 0000#1626595955841813#-38.5#3.5772431973493153#9
0000 0016 2000 0000 0000 0000#1626595955843165#-36.5#3.3870295796514958#9
0000 0011 2000 0000 0000 0000#1626595955844322#-39.5#4.657165672020807#9
0000 0019 2000 0000 0000 0000#1626595955845853#-45.5#5.442563835418255#9
0000 001C 2000 0000 0000 0000#1626595955847764#-56.5#2.742757648739526#9
0000 0015 2000 0000 0000 0000#1626595955851267#-57.5#4.841243366567084#9
0000 001B 2000 0000 0000 0000#1626595955852331#-47.5#3.693825737228624#9
0000 0013 2000 0000 0000 0000#1626595956116006#-53.5#1.3621749396424494#9
0000 001B 2000 0000 0000 0000#1626595956118338#-53.0#1.9941750242513334#9
0000 0017 2000 0000 0000 0000#1626595956119629#-40.0#1.030835089459151#9
0000 0019 2000 0000 0000 0000#1626595956120876#-39.5#3.5465635815916023#9
0000 0014 2000 0000 0000 0000#1626595956122426#-58.0#4.344233591292136#9
0000 0010 2000 0000 0000 0000#1626595956123443#-42.0#4.3503695144436785#9
0000 000F 2000 0000 0000 0000#1626595956125891#-46.5#0.32520392703175593#9
0000 0016 2000 0000 0000 0000#1626595956127473#-40.0#2.5709518004963345#9
0000 0011 2000 0000 0000 0000#1626595956128565#-40.0#3.2397674240144743#9
0000 001D 2000 0000 0000 0000#1626595956140063#-55.0#2.552544031041707#9
0000 0015 2000 0000 0000 0000#1626595956141115#-55.0#2.000310947402876#9
0000 001A 2000 0000 0000 0000#1626595956142464#-48.5#3.104777114680538#9
0000 001C 2000 0000 0000 0000#1626595956143849#-63.0#5.577554144752192#9
3008 33B2 DDD9 0140 2018 0626#1626595956144954#-62.0#5.460971604872882#9
0000 0018 2000 0000 0000 0000#1626595956146012#-45.5#5.307573526084319#9
0000 0012 2000 0000 0000 0000#1626595956147879#-48.5#2.816388726558037#9
0000 0013 2000 0000 0000 0000#1626595956152952#-54.5#1.2333205534600555#9
0000 001B 2000 0000 0000 0000#1626595956155325#-53.0#1.9573594853420782#9
0000 0016 2000 0000 0000 0000#1626595956157075#-40.5#2.6875343403756435#9
0000 0015 2000 0000 0000 0000#1626595956158381#-55.0#1.932815792735908#9
0000 0014 2000 0000 0000 0000#1626595956159993#-57.0#4.246058820867455#9
0000 000F 2000 0000 0000 0000#1626595956161566#-47.0#0.2270291566070749#9
0000 0019 2000 0000 0000 0000#1626595956163147#-40.0#3.6876898140770815#9
0000 0018 2000 0000 0000 0000#1626595956164368#-45.0#5.166447293598839#9
0000 001A 2000 0000 0000 0000#1626595956165385#-49.5#3.043417883165112#9
0000 001C 2000 0000 0000 0000#1626595956167139#-61.0#5.2339424482658075#9
0000 0011 2000 0000 0000 0000#1626595956168242#-41.0#3.393165502803038#9
0000 001D 2000 0000 0000 0000#1626595956169275#-55.5#2.405281875404685#9
0000 0010 2000 0000 0000 0000#1626595956170405#-41.5#4.331961744989051#9
0000 0012 2000 0000 0000 0000#1626595956171451#-50.5#2.6813984172241008#9
0000 0017 2000 0000 0000 0000#1626595956172770#-41.5#0.9694758579437253#9
3008 33B2 DDD9 0140 2018 0626#1626595956174016#-62.5#5.332117218690489#9
0000 001A 2000 0000 0000 0000#1626595956439234#-52.5#1.055378782065321#9
0000 0013 2000 0000 0000 0000#1626595956442250#-57.0#3.6876898140770815#9
0000 0019 2000 0000 0000 0000#1626595956443340#-50.0#2.675262494072558#9
0000 0010 2000 0000 0000 0000#1626595956444953#-44.5#3.1968159619536762#9
0000 0011 2000 0000 0000 0000#1626595956446470#-50.5#2.12916533358527#9
0000 001B 2000 0000 0000 0000#1626595956447523#-59.0#4.3074180523828804#9
0000 0017 2000 0000 0000 0000#1626595956448639#-42.5#4.663301595172349#9
0000 0018 2000 0000 0000 0000#1626595956449701#-45.0#3.5895150436524004#9
0000 001D 2000 0000 0000 0000#1626595956451319#-61.5#0.6442719309119693#9
0000 0012 2000 0000 0000 0000#1626595956452976#-57.5#0.018407769454627694#9
0000 000F 2000 0000 0000 0000#1626595956454053#-45.0#4.123340357836604#9
0000 0014 2000 0000 0000 0000#1626595956455124#-57.0#1.8714565612204823#9
0000 0016 2000 0000 0000 0000#1626595956456187#-49.0#1.0676506283684062#9
0000 001C 2000 0000 0000 0000#1626595956458036#-59.0#2.356194490192345#9
0000 0018 2000 0000 0000 0000#1626595956466014#-45.0#3.5342917352885173#9
0000 0016 2000 0000 0000 0000#1626595956467714#-49.5#0.9817477042468103#9
0000 001C 2000 0000 0000 0000#1626595956468787#-59.0#2.3193789512830896#9
0000 000F 2000 0000 0000 0000#1626595956469879#-45.0#4.074252972624263#9
0000 001B 2000 0000 0000 0000#1626595956471442#-59.0#4.06811704947272#9
0000 0013 2000 0000 0000 0000#1626595956472512#-56.5#3.442252888015379#9
0000 0017 2000 0000 0000 0000#1626595956473600#-43.0#4.485359823777615#9
0000 0011 2000 0000 0000 0000#1626595956474744#-49.0#1.9082721001297376#9
0000 0012 2000 0000 0000 0000#1626595956477279#-57.5#6.031612457966341#9
0000 0010 2000 0000 0000 0000#1626595956478365#-47.0#3.11091303783208#9
0000 0014 2000 0000 0000 0000#1626595956479803#-57.5#1.8162332528565992#9
0000 0019 2000 0000 0000 0000#1626595956480849#-51.0#2.552544031041707#9
0000 001A 2000 0000 0000 0000#1626595956482909#-56.0#0.705631162427395#9
0000 0019 2000 0000 0000 0000#1626595956757391#-53.5#1.761009944492716#9
0000 001A 2000 0000 0000 0000#1626595956760676#-53.0#4.491495746929157#9
0000 0010 2000 0000 0000 0000#1626595956763009#-49.0#2.82252464970958#9
0000 0016 2000 0000 0000 0000#1626595956764671#-46.5#5.988660995905543#9
0000 0013 2000 0000 0000 0000#1626595956766492#-54.5#2.2457478734645786#9
0000 0011 2000 0000 0000 0000#1626595956768051#-54.0#0.0#9
3008 33B2 DDD9 0140 2018 0626#1626595956769124#-62.0#5.915029918087033#9
0000 0012 2000 0000 0000 0000#1626595956770128#-53.0#3.8288160465625602#9
0000 0017 2000 0000 0000 0000#1626595956771147#-39.5#4.3074180523828804#9
0000 0018 2000 0000 0000 0000#1626595956772207#-49.5#3.5465635815916023#9
0000 001B 2000 0000 0000 0000#1626595956773501#-55.5#2.82252464970958#9
0000 000F 2000 0000 0000 0000#1626595956774592#-45.5#4.135612204139688#9
0000 001C 2000 0000 0000 0000#1626595956778097#-61.5#1.3744467859455345#9
0000 0014 2000 0000 0000 0000#1626595956780273#-61.5#0.20248546400090464#9
0000 001A 2000 0000 0000 0000#1626595956786738#-52.5#4.239922897715912#9
3008 33B2 DDD9 0140 2018 0626#1626595956788226#-61.5#5.945709533844745#9
0000 0017 2000 0000 0000 0000#1626595956789502#-39.5#4.246058820867455#9
0000 0011 2000 0000 0000 0000#1626595956790614#-52.0#5.988660995905543#9
0000 0018 2000 0000 0000 0000#1626595956792531#-48.5#3.429981041712294#9
0000 0012 2000 0000 0000 0000#1626595956793862#-52.5#3.6263305825616556#9
0000 0014 2000 0000 0000 0000#1626595956795627#-62.5#0.01227184630308513#9
0000 001B 2000 0000 0000 0000#1626595956796722#-54.5#2.6200391857086753#9
0000 0019 2000 0000 0000 0000#1626595956797825#-54.5#1.3560390164909069#9
0000 0010 2000 0000 0000 0000#1626595956799813#-49.0#2.5402721847386216#9
0000 000F 2000 0000 0000 0000#1626595956801188#-46.5#4.049709280018092#9
0000 0013 2000 0000 0000 0000#1626595956802231#-54.5#2.018718716857504#9
0000 0016 2000 0000 0000 0000#1626595956803324#-46.0#5.810719224510809#9
0000 001C 2000 0000 0000 0000#1626595956804539#-62.5#1.2026409377023426#9
0000 0017 2000 0000 0000 0000#1626595957068029#-45.0#3.160000423044421#9
0000 001B 2000 0000 0000 0000#1626595957069380#-58.5#0.619728238305799#9
0000 0016 2000 0000 0000 0000#1626595957070415#-47.0#4.804427827657828#9
0000 001A 2000 0000 0000 0000#1626595957071506#-52.0#1.902136176978195#9
0000 0019 2000 0000 0000 0000#1626595957072821#-55.0#4.319689898685965#9
0000 0011 2000 0000 0000 0000#1626595957074083#-52.0#3.2397674240144743#9
0000 0013 2000 0000 0000 0000#1626595957075391#-60.5#5.872078456026235#9
0000 000F 2000 0000 0000 0000#1626595957076466#-51.5#2.5341362615870793#9
0000 0018 2000 0000 0000 0000#1626595957077512#-54.0#1.1106020904292042#9
3008 33B2 DDD9 0140 2018 0626#1626595957078904#-62.0#5.626641529964532#9
0000 0010 2000 0000 0000 0000#1626595957081415#-54.0#6.019340611663256#9
0000 0012 2000 0000 0000 0000#1626595957083215#-53.0#1.2087768608538851#9
0000 0015 2000 0000 0000 0000#1626595957084494#-61.5#2.742757648739526#9
0000 0014 2000 0000 0000 0000#1626595957088996#-62.5#3.6999616603801666#9
0000 0015 2000 0000 0000 0000#1626595957093941#-62.0#2.6445828783148455#9
0000 0016 2000 0000 0000 0000#1626595957095928#-47.5#4.73693267299086#9
0000 0012 2000 0000 0000 0000#1626595957097063#-53.0#1.1780972450961724#9
0000 001A 2000 0000 0000 0000#1626595957098850#-52.5#1.736466251886546#9
0000 0013 2000 0000 0000 0000#1626595957100431#-61.5#5.700272607783043#9
0000 000F 2000 0000 0000 0000#1626595957101478#-52.5#2.399145952253143#9
0000 0011 2000 0000 0000 0000#1626595957102776#-52.5#3.098641191528995#9
0000 0018 2000 0000 0000 0000#1626595957103854#-54.5#0.9572040116406401#9
0000 0014 2000 0000 0000 0000#1626595957104909#-62.5#3.5772431973493153#9
3008 33B2 DDD9 0140 2018 0626#1626595957106013#-62.0#5.853670686571607#9
0000 001B 2000 0000 0000 0000#1626595957107817#-59.5#0.3865631585471816#9
0000 0010 2000 0000 0000 0000#1626595957109387#-54.5#5.767767762450011#9
0000 0019 2000 0000 0000 0000#1626595957110474#-55.5#4.1172044346850605#9
0000 0017 2000 0000 0000 0000#1626595957111554#-46.0#3.031146036862027#9
0000 001D 2000 0000 0000 0000#1626595957112859#-61.0#2.9575149590435164#9
0000 0016 2000 0000 0000 0000#1626595957380101#-51.5#4.111068511533518#9
0000 001A 2000 0000 0000 0000#1626595957381729#-56.0#0.44178646691106466#9
0000 0012 2000 0000 0000 0000#1626595957382885#-57.5#6.160466844148735#9
0000 0011 2000 0000 0000 0000#1626595957385216#-54.0#1.6751070203711202#9
0000 0018 2000 0000 0000 0000#1626595957387468#-58.0#5.405748296509#9
0000 0010 2000 0000 0000 0000#1626595957388622#-54.5#4.23378697456437#9
0000 000F 2000 0000 0000 0000#1626595957389685#-58.5#1.0799224746714913#9
3008 33B2 DDD9 0140 2018 0626#1626595957391514#-62.0#5.338253141842031#9
0000 0017 2000 0000 0000 0000#1626595957394054#-52.0#2.1598449493429825#9
0000 0015 2000 0000 0000 0000#1626595957395577#-63.5#2.5770877236478773#9
0000 0019 2000 0000 0000 0000#1626595957396848#-57.0#2.748893571891069#9
0000 001D 2000 0000 0000 0000#1626595957402017#-62.0#2.718213956133356#9
0000 0015 2000 0000 0000 0000#1626595957406158#-63.0#2.6016314162540475#9
0000 0017 2000 0000 0000 0000#1626595957407261#-52.0#2.1659808724945253#9
0000 001A 2000 0000 0000 0000#1626595957409704#-56.5#0.4172427743048944#9
0000 0012 2000 0000 0000 0000#1626595957411008#-59.0#6.117515382087937#9
3008 33B2 DDD9 0140 2018 0626#1626595957412068#-61.5#5.411884219660542#9
0000 001D 2000 0000 0000 0000#1626595957413381#-62.0#2.748893571891069#9
0000 0018 2000 0000 0000 0000#1626595957414871#-57.5#5.43029198911517#9
0000 0016 2000 0000 0000 0000#1626595957415946#-51.5#4.0987966652304335#9
0000 000F 2000 0000 0000 0000#1626595957417253#-58.5#1.0185632431560658#9
0000 0011 2000 0000 0000 0000#1626595957418312#-54.0#1.6321555583103222#9
0000 0010 2000 0000 0000 0000#1626595957419641#-56.0#4.25833066717054#9
0000 0019 2000 0000 0000 0000#1626595957421045#-57.5#2.730485802436441#9
0000 0010 2000 0000 0000 0000#1626595957685902#-57.0#3.5772431973493153#9
0000 001D 2000 0000 0000 0000#1626595957686964#-62.5#2.282563412373834#9
0000 0017 2000 0000 0000 0000#1626595957688279#-52.5#1.6260196351587797#9
0000 0016 2000 0000 0000 0000#1626595957691925#-52.0#3.423845118560751#9
0000 000F 2000 0000 0000 0000#1626595957693734#-59.0#0.4970097752749477#9
0000 0015 2000 0000 0000 0000#1626595957694827#-64.5#2.2150682577068657#9
0000 001A 2000 0000 0000 0000#1626595957695858#-58.0#6.17273869045182#9
0000 0019 2000 0000 0000 0000#1626595957696952#-58.0#2.1230294104337273#9
0000 0011 2000 0000 0000 0000#1626595957702163#-54.0#1.055378782065321#9
0000 0018 2000 0000 0000 0000#1626595957705109#-58.0#4.73693267299086#9
0000 0017 2000 0000 0000 0000#1626595957708767#-52.5#1.6198837120072371#9
0000 0011 2000 0000 0000 0000#1626595957710868#-54.5#1.0921943209745766#9
0000 000F 2000 0000 0000 0000#1626595957712187#-59.0#0.44178646691106466#9
0000 001A 2000 0000 0000 0000#1626595957713974#-58.5#6.17273869045182#9
0000 0019 2000 0000 0000 0000#1626595957715250#-58.0#2.1598449493429825#9
0000 0016 2000 0000 0000 0000#1626595957716783#-52.5#3.4606606574700063#9
0000 0010 2000 0000 0000 0000#1626595957718525#-57.0#3.5772431973493153#9
0000 0015 2000 0000 0000 0000#1626595957720218#-64.5#2.270291566070749#9
0000 0018 2000 0000 0000 0000#1626595957721648#-58.5#4.73693267299086#9
0000 001D 2000 0000 0000 0000#1626595957722739#-63.0#2.3623304133438876#9
0000 000F 2000 0000 0000 0000#1626595957991444#-57.5#1.1719613219446299#9
0000 0017 2000 0000 0000 0000#1626595957992477#-52.0#2.36846633649543#9
0000 001A 2000 0000 0000 0000#1626595957994736#-55.5#0.9019807032767571#9
0000 001D 2000 0000 0000 0000#1626595957996069#-62.5#3.153864499892878#9
0000 0010 2000 0000 0000 0000#1626595957997566#-54.0#4.424000592262189#9
0000 0019 2000 0000 0000 0000#1626595958001230#-55.5#3.0250101137104846#9
0000 0018 2000 0000 0000 0000#1626595958002544#-56.5#5.577554144752192#9
0000 0015 2000 0000 0000 0000#1626595958004466#-62.5#3.1968159619536762#9
0000 0016 2000 0000 0000 0000#1626595958006012#-51.0#4.313553975534423#9
0000 0011 2000 0000 0000 0000#1626595958007103#-52.0#1.9941750242513334#9
0000 0014 2000 0000 0000 0000#1626595958008997#-63.5#3.472932503773092#9
0000 0012 2000 0000 0000 0000#1626595958010511#-58.0#0.380427235395639#9
0000 0012 2000 0000 0000 0000#1626595958015872#-57.0#0.34974761963792617#9
0000 0010 2000 0000 0000 0000#1626595958017544#-54.0#4.405592822807561#9
0000 0011 2000 0000 0000 0000#1626595958020711#-50.5#2.024854640009046#9
0000 0016 2000 0000 0000 0000#1626595958022005#-51.0#4.331961744989051#9
0000 0017 2000 0000 0000 0000#1626595958024242#-52.0#2.4175537217077703#9
0000 001A 2000 0000 0000 0000#1626595958025533#-56.0#0.9510680884890975#9
0000 0019 2000 0000 0000 0000#1626595958026637#-56.0#3.0925052683774528#9
0000 0014 2000 0000 0000 0000#1626595958027959#-63.5#3.5588354278946874#9
0000 0018 2000 0000 0000 0000#1626595958029117#-55.0#5.638913376267617#9
0000 000F 2000 0000 0000 0000#1626595958030260#-57.5#1.1965050145508#9
0000 0015 2000 0000 0000 0000#1626595958031811#-63.0#3.2459033471660166#9
