0000 0015 2000 0000 0000 0000#1626595807242710#-50.0#3.3502140407422405#9
0000 001D 2000 0000 0000 0000#1626595807243815#-48.5#3.043417883165112#9
0000 0010 2000 0000 0000 0000#1626595807245962#-41.5#4.399456899656019#9
0000 0017 2000 0000 0000 0000#1626595807247009#-42.0#3.32567034813607#9
0000 001C 2000 0000 0000 0000#1626595807248355#-48.5#2.270291566070749#9
0000 0011 2000 0000 0000 0000#1626595807249400#-44.0#4.921010367537137#9
0000 0018 2000 0000 0000 0000#1626595807251437#-44.5#4.2031073588066565#9
0000 001B 2000 0000 0000 0000#1626595807252505#-49.5#0.9510680884890975#9
0000 001A 2000 0000 0000 0000#1626595807253948#-46.0#5.608233760509904#9
0000 0013 2000 0000 0000 0000#1626595807255002#-51.0#1.4910293258248433#9
0000 0019 2000 0000 0000 0000#1626595807256046#-44.5#4.767612288748572#9
0000 0014 2000 0000 0000 0000#1626595807257100#-49.5#2.5954954931025047#9
0000 000F 2000 0000 0000 0000#1626595807258150#-45.0#3.8963112012295285#9
0000 0016 2000 0000 0000 0000#1626595807259442#-60.5#4.804427827657828#9
0000 0012 2000 0000 0000 0000#1626595807260573#-49.5#0.01227184630308513#9
0000 0016 2000 0000 0000 0000#1626595807265869#-60.0#4.755340442445488#9
0000 0015 2000 0000 0000 0000#1626595807267219#-49.5#3.423845118560751#9
0000 001A 2000 0000 0000 0000#1626595807268308#-46.0#5.663457068873787#9
0000 0014 2000 0000 0000 0000#1626595807269358#-49.0#2.6323110320117604#9
0000 0013 2000 0000 0000 0000#1626595807272305#-51.0#1.5892040962495242#9
0000 0019 2000 0000 0000 0000#1626595807273325#-44.0#4.792155981354743#9
0000 0012 2000 0000 0000 0000#1626595807274871#-49.5#0.1043106935762236#9
0000 0017 2000 0000 0000 0000#1626595807276089#-41.0#3.313398501832985#9
0000 001C 2000 0000 0000 0000#1626595807277116#-48.5#2.350058567040802#9
0000 0011 2000 0000 0000 0000#1626595807278858#-44.5#4.994641445355648#9
0000 001B 2000 0000 0000 0000#1626595807279937#-49.0#1.0921943209745766#9
0000 0010 2000 0000 0000 0000#1626595807281775#-41.5#4.417864669110647#9
0000 0018 2000 0000 0000 0000#1626595807282809#-44.0#4.196971435655114#9
0000 001D 2000 0000 0000 0000#1626595807285217#-47.5#3.184544115650591#9
0000 000F 2000 0000 0000 0000#1626595807286295#-44.0#3.8840393549264434#9
0000 0019 2000 0000 0000 0000#1626595807554864#-47.0#5.737088146692298#9
0000 001A 2000 0000 0000 0000#1626595807556551#-46.0#1.0799224746714913#9
0000 0017 2000 0000 0000 0000#1626595807557829#-35.5#3.147728576741336#9
0000 0013 2000 0000 0000 0000#1626595807560088#-45.5#2.6568547246179306#9
0000 0010 2000 0000 0000 0000#1626595807561120#-45.0#4.871922982324796#9
0000 000F 2000 0000 0000 0000#1626595807562639#-41.0#3.8410878928656453#9
0000 001B 2000 0000 0000 0000#1626595807563703#-45.0#2.3193789512830896#9
0000 001D 2000 0000 0000 0000#1626595807564737#-44.0#3.706097583531709#9
0000 0014 2000 0000 0000 0000#1626595807566080#-44.5#3.380893656499953#9
0000 0015 2000 0000 0000 0000#1626595807568119#-46.5#3.9699422790480394#9
0000 0018 2000 0000 0000 0000#1626595807569136#-43.5#4.3933209765044765#9
0000 0012 2000 0000 0000 0000#1626595807570155#-46.0#1.7916895602504288#9
0000 0011 2000 0000 0000 0000#1626595807580106#-46.5#6.1420590746941075#9
0000 001C 2000 0000 0000 0000#1626595807581192#-43.5#2.748893571891069#9
0000 0016 2000 0000 0000 0000#1626595807582743#-42.5#3.3195344249845276#9
0000 001D 2000 0000 0000 0000#1626595807588258#-44.0#3.3502140407422405#9
0000 0014 2000 0000 0000 0000#1626595807590689#-45.0#3.0495538063166547#9
0000 0019 2000 0000 0000 0000#1626595807591798#-48.0#5.626641529964532#9
0000 0017 2000 0000 0000 0000#1626595807593086#-35.0#2.7857091108003242#9
0000 001B 2000 0000 0000 0000#1626595807594124#-44.0#2.012582793705961#9
0000 000F 2000 0000 0000 0000#1626595807595204#-41.0#3.522019888985432#9
0000 0015 2000 0000 0000 0000#1626595807596269#-46.0#3.6447383520162835#9
0000 0012 2000 0000 0000 0000#1626595807597540#-46.5#1.533980787885641#9
0000 0016 2000 0000 0000 0000#1626595807599129#-42.5#3.3440781175906977#9
0000 0010 2000 0000 0000 0000#1626595807600173#-46.5#4.675573441475434#9
0000 0018 2000 0000 0000 0000#1626595807601344#-43.0#4.123340357836604#9
0000 001A 2000 0000 0000 0000#1626595807602743#-45.5#0.9694758579437253#9
0000 001C 2000 0000 0000 0000#1626595807604468#-43.0#2.804116880254952#9
0000 0013 2000 0000 0000 0000#1626595807606447#-45.0#2.411417798556228#9
0000 0011 2000 0000 0000 0000#1626595807609615#-47.0#0.0674951546669682#9
0000 0011 2000 0000 0000 0000#1626595807876519#-44.5#1.7794177139473437#9
0000 000F 2000 0000 0000 0000#1626595807877612#-41.5#4.8351074434155406#9
0000 0013 2000 0000 0000 0000#1626595807879178#-42.0#3.423845118560751#9
0000 0012 2000 0000 0000 0000#1626595807882475#-41.5#2.7120780329818137#9
0000 0015 2000 0000 0000 0000#1626595807883511#-45.0#4.473087977474529#9
0000 0019 2000 0000 0000 0000#1626595807884588#-46.0#1.423534171157875#9
0000 001A 2000 0000 0000 0000#1626595807885832#-41.5#2.350058567040802#9
0000 0018 2000 0000 0000 0000#1626595807888097#-45.5#5.688000761479957#9
0000 001D 2000 0000 0000 0000#1626595807889373#-41.5#4.289010282928253#9
0000 0017 2000 0000 0000 0000#1626595807890650#-35.0#3.9944859716542096#9
0000 0010 2000 0000 0000 0000#1626595807892061#-45.0#0.3374757733348411#9
0000 0016 2000 0000 0000 0000#1626595807893141#-38.5#4.264466590322082#9
0000 001B 2000 0000 0000 0000#1626595807894445#-41.5#3.117048960983623#9
0000 001C 2000 0000 0000 0000#1626595807896631#-41.0#3.8410878928656453#9
0000 0014 2000 0000 0000 0000#1626595807898797#-42.5#4.031301510563465#9
0000 0012 2000 0000 0000 0000#1626595807905439#-41.0#2.779573187648782#9
0000 000F 2000 0000 0000 0000#1626595807906759#-41.5#4.970097752749477#9
0000 0019 2000 0000 0000 0000#1626595807908293#-46.0#1.564660403643354#9
0000 001A 2000 0000 0000 0000#1626595807909599#-41.0#2.405281875404685#9
0000 0011 2000 0000 0000 0000#1626595807911182#-43.5#1.9144080232812801#9
0000 001D 2000 0000 0000 0000#1626595807912244#-42.0#4.325825821837508#9
0000 0017 2000 0000 0000 0000#1626595807913833#-34.5#4.104932588381976#9
0000 0015 2000 0000 0000 0000#1626595807914913#-44.5#4.558990901596125#9
0000 0010 2000 0000 0000 0000#1626595807916197#-45.5#0.4663301595172349#9
0000 0018 2000 0000 0000 0000#1626595807917784#-46.0#5.878214379177777#9
0000 0014 2000 0000 0000 0000#1626595807919350#-42.0#4.080388895775806#9
0000 0013 2000 0000 0000 0000#1626595807920804#-41.5#3.522019888985432#9
0000 0016 2000 0000 0000 0000#1626595807922401#-39.0#4.356505437595221#9
0000 001C 2000 0000 0000 0000#1626595807923557#-41.0#3.9269908169872414#9
0000 001B 2000 0000 0000 0000#1626595807924668#-41.0#3.2090878082567613#9
0000 001A 2000 0000 0000 0000#1626595808191905#-36.5#2.7120780329818137#9
0000 001D 2000 0000 0000 0000#1626595808192981#-41.0#4.411728745959104#9
0000 0018 2000 0000 0000 0000#1626595808194810#-44.0#0.7179030087304801#9
0000 0011 2000 0000 0000 0000#1626595808196626#-40.5#2.313243028131547#9
0000 0010 2000 0000 0000 0000#1626595808197979#-41.5#1.3928545554001621#9
0000 000F 2000 0000 0000 0000#1626595808199015#-42.0#6.135923151542564#9
0000 0012 2000 0000 0000 0000#1626595808200445#-38.5#3.117048960983623#9
0000 0019 2000 0000 0000 0000#1626595808201451#-41.5#2.1475731030398975#9
0000 0017 2000 0000 0000 0000#1626595808204224#-35.0#5.154175447295755#9
0000 0014 2000 0000 0000 0000#1626595808206560#-40.5#4.25833066717054#9
0000 001C 2000 0000 0000 0000#1626595808207889#-39.0#4.111068511533518#9
0000 0013 2000 0000 0000 0000#1626595808209070#-40.5#3.810408277107933#9
0000 0015 2000 0000 0000 0000#1626595808211540#-44.0#4.6448938257177215#9
0000 001B 2000 0000 0000 0000#1626595808214559#-39.0#3.497476196379262#9
0000 0016 2000 0000 0000 0000#1626595808215867#-39.5#5.178719139901925#9
0000 0015 2000 0000 0000 0000#1626595808220303#-44.5#4.626486056263094#9
0000 0010 2000 0000 0000 0000#1626595808222294#-43.0#1.4787574795217582#9
0000 0012 2000 0000 0000 0000#1626595808223669#-39.5#3.172272269347506#9
0000 001A 2000 0000 0000 0000#1626595808224985#-38.0#2.7857091108003242#9
0000 0019 2000 0000 0000 0000#1626595808226789#-41.5#2.2027964114037806#9
0000 0013 2000 0000 0000 0000#1626595808228114#-40.5#3.877903431774901#9
0000 001D 2000 0000 0000 0000#1626595808229434#-40.5#4.466952054322987#9
0000 0017 2000 0000 0000 0000#1626595808230725#-35.0#5.2768939103266055#9
0000 001C 2000 0000 0000 0000#1626595808232279#-39.0#4.1601558967458585#9
0000 000F 2000 0000 0000 0000#1626595808233314#-41.5#0.01227184630308513#9
0000 001B 2000 0000 0000 0000#1626595808234409#-39.0#3.5465635815916023#9
0000 0014 2000 0000 0000 0000#1626595808235946#-40.0#4.3074180523828804#9
0000 0018 2000 0000 0000 0000#1626595808237705#-43.0#0.8713010875190442#9
0000 0016 2000 0000 0000 0000#1626595808241576#-39.5#5.307573526084319#9
0000 0011 2000 0000 0000 0000#1626595808242865#-40.0#2.411417798556228#9
0000 0012 2000 0000 0000 0000#1626595808506377#-37.0#4.546719055293041#9
0000 0011 2000 0000 0000 0000#1626595808508535#-37.5#3.822680123411018#9
0000 0014 2000 0000 0000 0000#1626595808510615#-39.5#5.43029198911517#9
0000 001B 2000 0000 0000 0000#1626595808512207#-37.0#4.878058905476339#9
0000 001A 2000 0000 0000 0000#1626595808514525#-34.0#4.23378697456437#9
0000 000F 2000 0000 0000 0000#1626595808515578#-37.5#1.8837284075235674#9
0000 0013 2000 0000 0000 0000#1626595808517343#-38.0#5.117359908386499#9
0000 0017 2000 0000 0000 0000#1626595808518391#-32.5#1.0062913968529805#9
0000 001C 2000 0000 0000 0000#1626595808519481#-38.0#5.3198453723874035#9
0000 001D 2000 0000 0000 0000#1626595808520558#-40.0#5.50392306693368#9
0000 0015 2000 0000 0000 0000#1626595808521877#-43.0#5.638913376267617#9
0000 0019 2000 0000 0000 0000#1626595808523169#-38.5#3.6876898140770815#9
0000 0010 2000 0000 0000 0000#1626595808524344#-39.5#3.0495538063166547#9
0000 0018 2000 0000 0000 0000#1626595808525632#-39.0#2.5586799541932495#9
0000 0016 2000 0000 0000 0000#1626595808526738#-37.5#0.9817477042468103#9
3008 33B2 DDD9 0140 2018 0626#1626595808527975#-62.0#5.8659425328746915#9
3008 33B2 DDD9 0140 2018 0626#1626595808531832#-62.0#5.7616318392984684#9
0000 001A 2000 0000 0000 0000#1626595808532958#-34.0#4.246058820867455#9
0000 000F 2000 0000 0000 0000#1626595808535597#-37.0#1.945087639038993#9
0000 0019 2000 0000 0000 0000#1626595808538389#-38.5#3.718369429834794#9
0000 0014 2000 0000 0000 0000#1626595808539484#-39.0#5.448699758569798#9
0000 0010 2000 0000 0000 0000#1626595808540889#-38.0#3.098641191528995#9
0000 0013 2000 0000 0000 0000#1626595808542577#-38.0#5.148039524144211#9
0000 001D 2000 0000 0000 0000#1626595808545019#-40.0#5.5284667595398505#9
0000 0012 2000 0000 0000 0000#1626595808546735#-37.0#4.6448938257177215#9
0000 0011 2000 0000 0000 0000#1626595808547889#-36.5#3.8963112012295285#9
0000 0015 2000 0000 0000 0000#1626595808549202#-43.0#5.64504929941916#9
0000 001C 2000 0000 0000 0000#1626595808550359#-37.5#5.3627968344482015#9
0000 0017 2000 0000 0000 0000#1626595808551423#-32.0#1.1167380135807468#9
0000 001B 2000 0000 0000 0000#1626595808552488#-36.5#4.92714629068868#9
0000 0018 2000 0000 0000 0000#1626595808553631#-37.5#2.6261751088602177#9
0000 0016 2000 0000 0000 0000#1626595808555181#-37.5#1.1106020904292042#9
0000 0014 2000 0000 0000 0000#1626595808820211#-39.0#5.135767677841127#9
0000 001D 2000 0000 0000 0000#1626595808821599#-38.5#5.135767677841127#9
0000 0019 2000 0000 0000 0000#1626595808822646#-36.5#3.6201946594101133#9
0000 001B 2000 0000 0000 0000#1626595808823686#-36.5#4.73693267299086#9
0000 0015 2000 0000 0000 0000#1626595808824709#-43.0#5.209398755659637#9
0000 0011 2000 0000 0000 0000#1626595808826288#-36.0#3.785864584501762#9
0000 000F 2000 0000 0000 0000#1626595808827296#-34.5#2.12916533358527#9
0000 0013 2000 0000 0000 0000#1626595808829602#-37.5#4.970097752749477#9
0000 0017 2000 0000 0000 0000#1626595808830907#-29.5#1.4726215563702154#9
0000 001A 2000 0000 0000 0000#1626595808832680#-35.0#4.172427743048944#9
0000 0010 2000 0000 0000 0000#1626595808833838#-35.0#3.074097498922825#9
0000 0016 2000 0000 0000 0000#1626595808835616#-35.5#1.576932249946439#9
0000 0012 2000 0000 0000 0000#1626595808837472#-35.0#4.509903516383785#9
0000 001C 2000 0000 0000 0000#1626595808841383#-37.0#5.105088062083414#9
0000 0018 2000 0000 0000 0000#1626595808843009#-35.0#2.662990647769473#9
0000 0017 2000 0000 0000 0000#1626595808847154#-30.0#1.521708941582556#9
0000 0018 2000 0000 0000 0000#1626595808848716#-35.5#2.675262494072558#9
0000 000F 2000 0000 0000 0000#1626595808849751#-34.0#2.1905245651006955#9
0000 0012 2000 0000 0000 0000#1626595808851070#-36.5#4.534447208989955#9
0000 0011 2000 0000 0000 0000#1626595808852600#-36.0#3.810408277107933#9
0000 0015 2000 0000 0000 0000#1626595808855154#-43.5#5.221670601962723#9
0000 0014 2000 0000 0000 0000#1626595808856933#-38.5#5.1725832167503825#9
0000 001A 2000 0000 0000 0000#1626595808858277#-35.0#4.2031073588066565#9
0000 0016 2000 0000 0000 0000#1626595808859650#-35.5#1.6751070203711202#9
0000 0013 2000 0000 0000 0000#1626595808862419#-37.5#5.006913291658733#9
0000 001D 2000 0000 0000 0000#1626595808863678#-39.5#5.166447293598839#9
0000 001C 2000 0000 0000 0000#1626595808865365#-37.0#5.117359908386499#9
0000 0010 2000 0000 0000 0000#1626595808866748#-35.0#3.1231848841351653#9
0000 0019 2000 0000 0000 0000#1626595808867768#-36.5#3.706097583531709#9
0000 001B 2000 0000 0000 0000#1626595808869623#-36.5#4.804427827657828#9
0000 001A 2000 0000 0000 0000#1626595809137701#-33.5#4.779884135051658#9
0000 0017 2000 0000 0000 0000#1626595809138777#-27.5#2.5770877236478773#9
0000 0014 2000 0000 0000 0000#1626595809139788#-40.0#5.50392306693368#9
0000 0010 2000 0000 0000 0000#1626595809141065#-35.0#3.8410878928656453#9
0000 0019 2000 0000 0000 0000#1626595809142355#-36.0#4.344233591292136#9
0000 0018 2000 0000 0000 0000#1626595809143389#-34.0#3.5281558121369745#9
0000 0011 2000 0000 0000 0000#1626595809144689#-35.0#4.473087977474529#9
0000 0012 2000 0000 0000 0000#1626595809146003#-36.0#5.092816215780329#9
0000 0013 2000 0000 0000 0000#1626595809147298#-38.5#5.45483568172134#9
0000 0016 2000 0000 0000 0000#1626595809148349#-33.0#2.8102528034064944#9
0000 000F 2000 0000 0000 0000#1626595809149411#-32.5#3.160000423044421#9
0000 0015 2000 0000 0000 0000#1626595809151317#-45.0#5.3627968344482015#9
0000 001D 2000 0000 0000 0000#1626595809152449#-41.5#5.356660911296659#9
0000 001B 2000 0000 0000 0000#1626595809155858#-36.5#5.252350217720435#9
0000 001C 2000 0000 0000 0000#1626595809157532#-38.5#5.473243451175968#9
0000 0017 2000 0000 0000 0000#1626595809162215#-26.0#2.6445828783148455#9
0000 0019 2000 0000 0000 0000#1626595809163266#-35.5#4.368777283898306#9
0000 0011 2000 0000 0000 0000#1626595809165101#-35.0#4.491495746929157#9
0000 0015 2000 0000 0000 0000#1626595809166125#-45.0#5.344389064993574#9
0000 0010 2000 0000 0000 0000#1626595809170200#-35.0#3.8963112012295285#9
0000 001B 2000 0000 0000 0000#1626595809172384#-36.5#5.264622064023521#9
0000 000F 2000 0000 0000 0000#1626595809173503#-32.0#3.2213596545598464#9
0000 0018 2000 0000 0000 0000#1626595809174857#-34.0#3.5833791205008576#9
0000 0014 2000 0000 0000 0000#1626595809175920#-40.0#5.497787143782138#9
0000 0016 2000 0000 0000 0000#1626595809176999#-33.0#2.9145634969827183#9
0000 001C 2000 0000 0000 0000#1626595809178103#-38.5#5.47937937432751#9
0000 0012 2000 0000 0000 0000#1626595809179875#-35.0#5.111223985234957#9
0000 001D 2000 0000 0000 0000#1626595809181091#-40.0#5.332117218690489#9
0000 001A 2000 0000 0000 0000#1626595809182801#-35.0#4.828971520263998#9
0000 0013 2000 0000 0000 0000#1626595809184000#-39.0#5.45483568172134#9
0000 001A 2000 0000 0000 0000#1626595809447371#-36.5#4.558990901596125#9
0000 0015 2000 0000 0000 0000#1626595809448421#-47.5#4.657165672020807#9
0000 0013 2000 0000 0000 0000#1626595809449947#-40.0#5.049864753719531#9
0000 0017 2000 0000 0000 0000#1626595809451008#-27.0#2.9022916506796332#9
0000 000F 2000 0000 0000 0000#1626595809452070#-31.5#3.3624858870453256#9
0000 0016 2000 0000 0000 0000#1626595809453860#-33.0#3.313398501832985#9
0000 001D 2000 0000 0000 0000#1626595809455151#-44.0#4.7307967498393175#9
0000 0018 2000 0000 0000 0000#1626595809456762#-32.5#3.6201946594101133#9
0000 0010 2000 0000 0000 0000#1626595809458432#-33.5#3.865631585471816#9
0000 0012 2000 0000 0000 0000#1626595809459802#-36.5#4.822835597112456#9
0000 001C 2000 0000 0000 0000#1626595809461130#-40.0#4.988505522204105#9
0000 001B 2000 0000 0000 0000#1626595809462680#-38.5#4.890330751779424#9
0000 0011 2000 0000 0000 0000#1626595809464788#-34.5#4.331961744989051#9
0000 0019 2000 0000 0000 0000#1626595809466224#-36.0#4.295146206079795#9
0000 0014 2000 0000 0000 0000#1626595809469885#-42.0#4.945554060143307#9
0000 001B 2000 0000 0000 0000#1626595809475555#-38.5#4.884194828627882#9
0000 0014 2000 0000 0000 0000#1626595809477150#-42.0#4.945554060143307#9
0000 0011 2000 0000 0000 0000#1626595809478212#-35.5#4.331961744989051#9
0000 0016 2000 0000 0000 0000#1626595809479504#-32.5#3.380893656499953#9
0000 0017 2000 0000 0000 0000#1626595809481146#-25.5#2.9759227284981438#9
0000 001D 2000 0000 0000 0000#1626595809482164#-44.5#4.6878452877785195#9
0000 0010 2000 0000 0000 0000#1626595809483769#-34.5#3.8840393549264434#9
0000 0018 2000 0000 0000 0000#1626595809485085#-33.5#3.663146121470911#9
0000 001C 2000 0000 0000 0000#1626595809486686#-40.5#4.95168998329485#9
0000 0019 2000 0000 0000 0000#1626595809487864#-36.0#4.301282129231338#9
0000 001A 2000 0000 0000 0000#1626595809489246#-35.0#4.552854978444583#9
0000 000F 2000 0000 0000 0000#1626595809490327#-31.5#3.4177091954092087#9
0000 0012 2000 0000 0000 0000#1626595809491616#-38.0#4.816699673960914#9
0000 0015 2000 0000 0000 0000#1626595809492695#-48.0#4.540583132141498#9
0000 0013 2000 0000 0000 0000#1626595809493706#-40.5#5.0253210611133605#9
0000 001D 2000 0000 0000 0000#1626595809758987#-44.0#4.884194828627882#9
0000 001C 2000 0000 0000 0000#1626595809760131#-42.0#5.313709449235861#9
0000 0010 2000 0000 0000 0000#1626595809761273#-32.5#4.822835597112456#9
0000 000F 2000 0000 0000 0000#1626595809762794#-31.0#4.577398671050753#9
0000 0014 2000 0000 0000 0000#1626595809763847#-43.5#5.227806525114265#9
0000 0019 2000 0000 0000 0000#1626595809764896#-35.5#5.080544369477243#9
0000 0013 2000 0000 0000 0000#1626595809768917#-42.0#5.436427912266712#9
0000 001B 2000 0000 0000 0000#1626595809769971#-40.0#5.289165756629691#9
0000 0017 2000 0000 0000 0000#1626595809771129#-24.5#4.276738436625168#9
0000 001A 2000 0000 0000 0000#1626595809772446#-37.0#5.111223985234957#9
0000 0011 2000 0000 0000 0000#1626595809774821#-34.5#5.031456984264903#9
0000 0016 2000 0000 0000 0000#1626595809776983#-32.0#4.76147636559703#9
0000 0018 2000 0000 0000 0000#1626595809779126#-33.5#4.706253057233147#9
0000 0015 2000 0000 0000 0000#1626595809780148#-49.5#4.743068596142402#9
0000 0012 2000 0000 0000 0000#1626595809781223#-39.0#5.301437602932776#9
0000 000F 2000 0000 0000 0000#1626595809787243#-30.5#4.595806440505381#9
0000 0012 2000 0000 0000 0000#1626595809788289#-39.5#5.289165756629691#9
0000 001D 2000 0000 0000 0000#1626595809789635#-45.5#4.841243366567084#9
0000 0017 2000 0000 0000 0000#1626595809791194#-26.5#4.28287435977671#9
0000 0019 2000 0000 0000 0000#1626595809794707#-36.0#5.056000676871073#9
0000 0016 2000 0000 0000 0000#1626595809796059#-32.0#4.779884135051658#9
0000 0013 2000 0000 0000 0000#1626595809797661#-42.5#5.3627968344482015#9
0000 0010 2000 0000 0000 0000#1626595809798707#-33.5#4.847379289718626#9
0000 0011 2000 0000 0000 0000#1626595809800491#-35.5#5.00077736850719#9
0000 0014 2000 0000 0000 0000#1626595809802287#-44.0#5.160311370447297#9
0000 001B 2000 0000 0000 0000#1626595809803809#-40.0#5.246214294568893#9
0000 0015 2000 0000 0000 0000#1626595809806284#-49.5#4.706253057233147#9
0000 0018 2000 0000 0000 0000#1626595809807602#-33.0#4.743068596142402#9
0000 001A 2000 0000 0000 0000#1626595809808677#-36.5#5.074408446325701#9
0000 001C 2000 0000 0000 0000#1626595809810006#-42.0#5.209398755659637#9
0000 001C 2000 0000 0000 0000#1626595810075010#-44.5#4.178563666200486#9
0000 000F 2000 0000 0000 0000#1626595810076558#-30.5#4.172427743048944#9
0000 0012 2000 0000 0000 0000#1626595810077958#-39.0#4.276738436625168#9
0000 0014 2000 0000 0000 0000#1626595810079295#-46.0#4.074252972624263#9
0000 0011 2000 0000 0000 0000#1626595810081141#-36.0#4.1601558967458585#9
0000 0015 2000 0000 0000 0000#1626595810082950#-51.5#3.5956509668039427#9
0000 0017 2000 0000 0000 0000#1626595810084980#-27.0#3.9392626632903265#9
0000 001A 2000 0000 0000 0000#1626595810087737#-38.5#4.09266074207889#9
0000 0016 2000 0000 0000 0000#1626595810088787#-32.0#4.577398671050753#9
0000 0018 2000 0000 0000 0000#1626595810091074#-32.0#4.196971435655114#9
0000 0019 2000 0000 0000 0000#1626595810093492#-36.0#4.28287435977671#9
0000 0010 2000 0000 0000 0000#1626595810094537#-33.5#4.196971435655114#9
0000 001D 2000 0000 0000 0000#1626595810097230#-48.5#3.6692820446224537#9
0000 001B 2000 0000 0000 0000#1626595810098308#-42.0#4.184699589352029#9
0000 0013 2000 0000 0000 0000#1626595810099634#-44.0#4.28287435977671#9
0000 0015 2000 0000 0000 0000#1626595810105180#-52.0#3.5833791205008576#9
0000 0011 2000 0000 0000 0000#1626595810106997#-36.5#4.111068511533518#9
0000 000F 2000 0000 0000 0000#1626595810108075#-30.5#4.1601558967458585#9
0000 0013 2000 0000 0000 0000#1626595810109129#-44.0#4.264466590322082#9
0000 0014 2000 0000 0000 0000#1626595810112533#-46.5#4.037437433715008#9
0000 0010 2000 0000 0000 0000#1626595810113646#-32.0#4.2031073588066565#9
0000 0017 2000 0000 0000 0000#1626595810115732#-26.5#3.9638063558964967#9
0000 001B 2000 0000 0000 0000#1626595810117738#-42.0#4.172427743048944#9
0000 001A 2000 0000 0000 0000#1626595810119467#-38.5#4.04357335686655#9
0000 0012 2000 0000 0000 0000#1626595810120819#-40.5#4.2031073588066565#9
0000 0018 2000 0000 0000 0000#1626595810122719#-32.5#4.172427743048944#9
0000 001C 2000 0000 0000 0000#1626595810124393#-45.0#4.111068511533518#9
0000 001D 2000 0000 0000 0000#1626595810125410#-48.5#3.6140587362585705#9
0000 0019 2000 0000 0000 0000#1626595810126744#-36.5#4.239922897715912#9
0000 0016 2000 0000 0000 0000#1626595810128050#-32.0#4.632621979414636#9
0000 0016 2000 0000 0000 0000#1626595810392558#-31.0#4.9823695990525625#9
0000 0018 2000 0000 0000 0000#1626595810394171#-30.5#4.23378697456437#9
0000 001D 2000 0000 0000 0000#1626595810395244#-51.5#3.2029518851052186#9
0000 0019 2000 0000 0000 0000#1626595810397708#-35.5#4.025165587411922#9
0000 001C 2000 0000 0000 0000#1626595810399504#-46.5#3.650874275167826#9
0000 001A 2000 0000 0000 0000#1626595810401034#-39.0#3.6263305825616556#9
0000 0012 2000 0000 0000 0000#1626595810402851#-41.5#3.773592738198677#9
0000 000F 2000 0000 0000 0000#1626595810403942#-30.0#4.313553975534423#9
0000 0010 2000 0000 0000 0000#1626595810405113#-31.5#4.111068511533518#9
0000 0011 2000 0000 0000 0000#1626595810406829#-37.0#3.792000507653305#9
0000 0017 2000 0000 0000 0000#1626595810407876#-26.0#4.221515128261284#9
0000 0014 2000 0000 0000 0000#1626595810409181#-49.0#3.5588354278946874#9
0000 001B 2000 0000 0000 0000#1626595810412411#-43.5#3.724505352986337#9
0000 0013 2000 0000 0000 0000#1626595810415341#-46.0#3.7551849687440497#9
0000 0015 2000 0000 0000 0000#1626595810416434#-56.0#3.055689729468197#9
0000 0013 2000 0000 0000 0000#1626595810420835#-46.0#3.7551849687440497#9
0000 0017 2000 0000 0000 0000#1626595810422656#-26.0#4.221515128261284#9
0000 0019 2000 0000 0000 0000#1626595810424217#-37.0#3.9822141253511245#9
0000 0014 2000 0000 0000 0000#1626595810425340#-49.0#3.509748042682347#9
0000 001A 2000 0000 0000 0000#1626595810426386#-39.0#3.5833791205008576#9
0000 001B 2000 0000 0000 0000#1626595810427680#-43.0#3.6815538909255388#9
0000 0016 2000 0000 0000 0000#1626595810430210#-31.0#4.988505522204105#9
0000 0001 0000 0000 0000 0000#1626595810431268#-65.5#5.700272607783043#9
0000 001D 2000 0000 0000 0000#1626595810432779#-52.5#3.0925052683774528#9
0000 0015 2000 0000 0000 0000#1626595810434572#-56.0#2.9820586516496865#9
0000 0011 2000 0000 0000 0000#1626595810437295#-35.5#3.7429131224409646#9
0000 0018 2000 0000 0000 0000#1626595810447296#-32.5#3.5833791205008576#9
0000 000F 2000 0000 0000 0000#1626595810448331#-31.0#3.706097583531709#9
0000 0010 2000 0000 0000 0000#1626595810451245#-33.5#3.4606606574700063#9
0000 0012 2000 0000 0000 0000#1626595810452363#-42.5#3.06182565261974#9
0000 001C 2000 0000 0000 0000#1626595810453420#-48.0#2.9329712664373457#9
0000 0016 2000 0000 0000 0000#1626595810717346#-31.5#4.620350133111551#9
0000 001A 2000 0000 0000 0000#1626595810718421#-40.5#2.4727770300716534#9
0000 0019 2000 0000 0000 0000#1626595810719955#-37.5#2.9759227284981438#9
0000 0012 2000 0000 0000 0000#1626595810721016#-43.0#2.60776733940559#9
0000 0018 2000 0000 0000 0000#1626595810722049#-32.5#3.442252888015379#9
0000 001C 2000 0000 0000 0000#1626595810723103#-51.0#2.3316507975861747#9
0000 0010 2000 0000 0000 0000#1626595810724847#-34.5#3.2213596545598464#9
0000 0014 2000 0000 0000 0000#1626595810727668#-52.5#2.12916533358527#9
0000 0017 2000 0000 0000 0000#1626595810729242#-26.5#3.6324665057131984#9
0000 0015 2000 0000 0000 0000#1626595810731261#-61.0#1.1719613219446299#9
0000 0013 2000 0000 0000 0000#1626595810732340#-48.5#2.4911847995262812#9
0000 000F 2000 0000 0000 0000#1626595810733603#-31.0#3.6324665057131984#9
0000 0011 2000 0000 0000 0000#1626595810736461#-37.5#2.693670263527186#9
0000 001B 2000 0000 0000 0000#1626595810737897#-45.5#2.454369260617026#9
0000 001D 2000 0000 0000 0000#1626595810743304#-57.0#1.4910293258248433#9
0000 0010 2000 0000 0000 0000#1626595810749327#-34.5#3.172272269347506#9
0000 0017 2000 0000 0000 0000#1626595810750689#-26.5#3.6140587362585705#9
0000 0016 2000 0000 0000 0000#1626595810752887#-32.0#4.608078286808466#9
0000 0011 2000 0000 0000 0000#1626595810753916#-37.5#2.6691265709210157#9
0000 0018 2000 0000 0000 0000#1626595810755222#-33.0#3.3747577333484107#9
0000 0013 2000 0000 0000 0000#1626595810756275#-49.0#2.405281875404685#9
0000 001A 2000 0000 0000 0000#1626595810757350#-40.5#2.380738182798515#9
0000 000F 2000 0000 0000 0000#1626595810758707#-31.0#3.5833791205008576#9
0000 0019 2000 0000 0000 0000#1626595810760190#-37.5#2.8777479580734626#9
0000 0015 2000 0000 0000 0000#1626595810761524#-61.5#0.9633399347921826#9
0000 0012 2000 0000 0000 0000#1626595810762728#-43.0#2.5034566458293663#9
0000 001D 2000 0000 0000 0000#1626595810764238#-57.0#1.3621749396424494#9
0000 001B 2000 0000 0000 0000#1626595810766428#-46.0#2.386874105950058#9
0000 0014 2000 0000 0000 0000#1626595810776086#-53.0#1.902136176978195#9
0000 001C 2000 0000 0000 0000#1626595810777171#-51.0#2.073942025221387#9
0000 000F 2000 0000 0000 0000#1626595811039731#-32.0#3.9269908169872414#9
0000 0018 2000 0000 0000 0000#1626595811041997#-33.5#3.6386024288647407#9
0000 001A 2000 0000 0000 0000#1626595811043135#-40.0#2.4605051837685683#9
0000 001C 2000 0000 0000 0000#1626595811045148#-54.0#1.3928545554001621#9
0000 0017 2000 0000 0000 0000#1626595811046437#-27.5#3.9638063558964967#9
0000 001B 2000 0000 0000 0000#1626595811047971#-48.5#2.2027964114037806#9
0000 0012 2000 0000 0000 0000#1626595811049031#-45.0#2.478912953223196#9
0000 0015 2000 0000 0000 0000#1626595811050080#-48.5#5.460971604872882#9
0000 0010 2000 0000 0000 0000#1626595811051208#-33.0#3.3502140407422405#9
0000 0014 2000 0000 0000 0000#1626595811053512#-55.0#1.0799224746714913#9
0000 0011 2000 0000 0000 0000#1626595811054617#-38.5#2.767301341345697#9
0000 0019 2000 0000 0000 0000#1626595811056416#-38.5#3.0372819600135696#9
0000 0016 2000 0000 0000 0000#1626595811066551#-32.5#4.853515212870168#9
3008 33B2 DDD9 0140 2018 0626#1626595811068752#-62.5#5.7616318392984684#9
0000 001D 2000 0000 0000 0000#1626595811069782#-50.0#5.301437602932776#9
0000 0013 2000 0000 0000 0000#1626595811072900#-52.0#1.718058482431918#9
0000 001C 2000 0000 0000 0000#1626595811080579#-54.5#0.9878836273983529#9
0000 000F 2000 0000 0000 0000#1626595811082139#-32.0#3.6324665057131984#9
0000 001B 2000 0000 0000 0000#1626595811083189#-49.0#1.9144080232812801#9
0000 001A 2000 0000 0000 0000#1626595811084209#-42.0#2.1475731030398975#9
0000 0017 2000 0000 0000 0000#1626595811086508#-27.5#3.6754179677739964#9
3008 33B2 DDD9 0140 2018 0626#1626595811087597#-62.5#5.835262917116979#9
0000 0016 2000 0000 0000 0000#1626595811089145#-32.5#4.828971520263998#9
0000 0012 2000 0000 0000 0000#1626595811090436#-45.0#2.172116795646068#9
0000 0018 2000 0000 0000 0000#1626595811091774#-33.5#3.3318062712876126#9
0000 0019 2000 0000 0000 0000#1626595811094076#-38.0#2.736621725587984#9
0000 0015 2000 0000 0000 0000#1626595811095625#-47.0#4.970097752749477#9
0000 001D 2000 0000 0000 0000#1626595811096729#-48.0#5.074408446325701#9
0000 0011 2000 0000 0000 0000#1626595811098470#-37.5#2.4605051837685683#9
0000 0014 2000 0000 0000 0000#1626595811099749#-55.0#0.5522330836388308#9
0000 0013 2000 0000 0000 0000#1626595811100803#-52.5#1.6444274046134073#9
0000 0010 2000 0000 0000 0000#1626595811103101#-35.5#3.0250101137104846#9
0000 0011 2000 0000 0000 0000#1626595811371283#-41.5#1.4910293258248433#9
0000 001A 2000 0000 0000 0000#1626595811373228#-46.0#1.0246991663076084#9
0000 0016 2000 0000 0000 0000#1626595811374277#-34.0#4.031301510563465#9
0000 0017 2000 0000 0000 0000#1626595811375323#-28.5#2.718213956133356#9
0000 0018 2000 0000 0000 0000#1626595811376401#-35.5#2.350058567040802#9
0000 000F 2000 0000 0000 0000#1626595811378864#-33.0#2.650718801466388#9
0000 0014 2000 0000 0000 0000#1626595811380627#-46.5#3.877903431774901#9
0000 001B 2000 0000 0000 0000#1626595811381709#-53.5#0.0859029241215959#9
0000 001D 2000 0000 0000 0000#1626595811382771#-47.5#3.454524734318464#9
0000 0010 2000 0000 0000 0000#1626595811385051#-36.5#2.061670178918302#9
0000 0013 2000 0000 0000 0000#1626595811386058#-53.5#5.663457068873787#9
0000 0019 2000 0000 0000 0000#1626595811387378#-40.5#1.7671458676442586#9
0000 0015 2000 0000 0000 0000#1626595811388372#-54.0#3.5956509668039427#9
0000 0012 2000 0000 0000 0000#1626595811392691#-49.5#0.7731263170943632#9
0000 001C 2000 0000 0000 0000#1626595811393760#-46.0#3.9699422790480394#9
0000 001A 2000 0000 0000 0000#1626595811397544#-46.5#0.8958447801252144#9
0000 0017 2000 0000 0000 0000#1626595811398835#-29.0#2.6691265709210157#9
0000 0011 2000 0000 0000 0000#1626595811399910#-41.5#1.380582709097077#9
0000 0019 2000 0000 0000 0000#1626595811400958#-40.5#1.7303303287350031#9
0000 0012 2000 0000 0000 0000#1626595811403499#-50.0#0.7485826244881929#9
0000 000F 2000 0000 0000 0000#1626595811404762#-33.5#2.5954954931025047#9
0000 001B 2000 0000 0000 0000#1626595811405869#-54.0#6.191146459906448#9
0000 0010 2000 0000 0000 0000#1626595811406993#-35.0#2.018718716857504#9
0000 0014 2000 0000 0000 0000#1626595811409516#-45.5#3.7122335066832517#9
0000 0018 2000 0000 0000 0000#1626595811410673#-35.0#2.3009711818284617#9
0000 0016 2000 0000 0000 0000#1626595811412150#-34.5#3.9760782021995817#9
0000 001D 2000 0000 0000 0000#1626595811415296#-49.0#3.4054373491061236#9
0000 001C 2000 0000 0000 0000#1626595811416467#-45.5#3.816544200259475#9
0000 0013 2000 0000 0000 0000#1626595811417760#-52.0#5.240078371417351#9
0000 0015 2000 0000 0000 0000#1626595811419581#-56.0#3.5281558121369745#9
0000 0015 2000 0000 0000 0000#1626595811685756#-68.0#1.6873788666742053#9
0000 0012 2000 0000 0000 0000#1626595811687773#-48.0#4.123340357836604#9
0000 0011 2000 0000 0000 0000#1626595811689404#-47.5#6.19728238305799#9
0000 0018 2000 0000 0000 0000#1626595811690479#-39.0#1.3192234775816514#9
0000 0016 2000 0000 0000 0000#1626595811691545#-36.0#2.9697868053466014#9
0000 000F 2000 0000 0000 0000#1626595811692834#-36.5#1.662835174068035#9
0000 0013 2000 0000 0000 0000#1626595811694121#-44.0#2.82252464970958#9
0000 0019 2000 0000 0000 0000#1626595811695609#-47.0#0.4663301595172349#9
0000 001A 2000 0000 0000 0000#1626595811696750#-48.5#4.816699673960914#9
0000 0017 2000 0000 0000 0000#1626595811697800#-31.0#1.6873788666742053#9
0000 001B 2000 0000 0000 0000#1626595811698865#-44.0#2.9145634969827183#9
0000 0014 2000 0000 0000 0000#1626595811700230#-54.5#2.662990647769473#9
0000 001C 2000 0000 0000 0000#1626595811701303#-49.5#2.767301341345697#9
0000 001D 2000 0000 0000 0000#1626595811702502#-64.0#1.8039614065535141#9
0000 0010 2000 0000 0000 0000#1626595811704088#-40.0#0.9878836273983529#9
0000 0018 2000 0000 0000 0000#1626595811714586#-39.5#1.2701360923693108#9
0000 0013 2000 0000 0000 0000#1626595811716751#-44.0#2.7979809571034093#9
0000 001D 2000 0000 0000 0000#1626595811717787#-63.5#1.5830681730979816#9
0000 0010 2000 0000 0000 0000#1626595811719060#-41.5#0.9510680884890975#9
0000 0014 2000 0000 0000 0000#1626595811720182#-56.0#2.6691265709210157#9
0000 0017 2000 0000 0000 0000#1626595811721230#-31.5#1.662835174068035#9
0000 0011 2000 0000 0000 0000#1626595811722262#-47.5#6.000932842208628#9
0000 0019 2000 0000 0000 0000#1626595811723594#-47.0#0.36815538909255385#9
0000 0016 2000 0000 0000 0000#1626595811724659#-36.0#2.9084275738311756#9
0000 000F 2000 0000 0000 0000#1626595811727368#-37.0#1.5953400194010667#9
0000 001B 2000 0000 0000 0000#1626595811729017#-43.5#2.8409324191642074#9
0000 001A 2000 0000 0000 0000#1626595811730078#-49.0#4.473087977474529#9
0000 001C 2000 0000 0000 0000#1626595811731417#-51.5#2.84706834231575#9
0000 0012 2000 0000 0000 0000#1626595811732949#-46.0#3.663146121470911#9
0000 0017 2000 0000 0000 0000#1626595811998987#-35.0#1.4173982480063325#9
0000 0011 2000 0000 0000 0000#1626595812000562#-44.5#3.9147189706841563#9
0000 0013 2000 0000 0000 0000#1626595812002100#-56.0#2.693670263527186#9
0000 001D 2000 0000 0000 0000#1626595812004537#-61.0#3.7429131224409646#9
0000 001C 2000 0000 0000 0000#1626595812005610#-60.5#2.043262409463674#9
0000 0016 2000 0000 0000 0000#1626595812008980#-37.5#2.6323110320117604#9
0000 000F 2000 0000 0000 0000#1626595812010054#-41.5#1.3130875544301088#9
0000 0012 2000 0000 0000 0000#1626595812011375#-43.5#2.7550294950426117#9
0000 0018 2000 0000 0000 0000#1626595812012436#-45.5#0.8099418560036186#9
0000 0019 2000 0000 0000 0000#1626595812013495#-49.0#4.71238898038469#9
0000 001A 2000 0000 0000 0000#1626595812016091#-41.5#2.791845033951867#9
0000 0010 2000 0000 0000 0000#1626595812018073#-48.5#6.252505691421874#9
0000 001B 2000 0000 0000 0000#1626595812019304#-52.5#2.9759227284981438#9
0000 0014 2000 0000 0000 0000#1626595812020546#-65.0#0.7915340865489908#9
0000 0015 2000 0000 0000 0000#1626595812025344#-58.5#3.2581751934691017#9
0000 0012 2000 0000 0000 0000#1626595812026517#-44.0#2.773437264497239#9
0000 0016 2000 0000 0000 0000#1626595812027599#-37.5#2.6139032625571326#9
0000 001A 2000 0000 0000 0000#1626595812028727#-40.0#2.7857091108003242#9
0000 0019 2000 0000 0000 0000#1626595812030275#-48.5#4.565126824747668#9
0000 001C 2000 0000 0000 0000#1626595812031605#-61.5#1.8960002538266525#9
0000 0017 2000 0000 0000 0000#1626595812032638#-36.0#1.3867186322486196#9
0000 0010 2000 0000 0000 0000#1626595812034181#-48.5#6.129787228391022#9
0000 0011 2000 0000 0000 0000#1626595812035301#-43.0#3.650874275167826#9
0000 0018 2000 0000 0000 0000#1626595812036375#-46.5#0.6688156235181395#9
0000 000F 2000 0000 0000 0000#1626595812038026#-42.0#1.2640001692177683#9
0000 001B 2000 0000 0000 0000#1626595812039589#-53.5#2.9391071895888885#9
0000 0013 2000 0000 0000 0000#1626595812041977#-57.5#2.521864415283994#9
0000 001D 2000 0000 0000 0000#1626595812043027#-61.5#3.215223731408304#9
0000 0014 2000 0000 0000 0000#1626595812044708#-67.5#0.4908738521234052#9
0000 0013 2000 0000 0000 0000#1626595812309906#-60.0#1.2701360923693108#9
0000 001B 2000 0000 0000 0000#1626595812310985#-57.0#2.043262409463674#9
0000 0011 2000 0000 0000 0000#1626595812312320#-44.0#3.454524734318464#9
0000 0010 2000 0000 0000 0000#1626595812313459#-42.5#4.454680208019902#9
0000 0017 2000 0000 0000 0000#1626595812315265#-43.5#1.2578642460662257#9
0000 0015 2000 0000 0000 0000#1626595812317237#-56.5#2.1598449493429825#9
0000 000F 2000 0000 0000 0000#1626595812321282#-50.0#0.4295146206079795#9
0000 001A 2000 0000 0000 0000#1626595812322851#-52.0#3.074097498922825#9
0000 0016 2000 0000 0000 0000#1626595812324146#-42.0#2.8102528034064944#9
0000 0019 2000 0000 0000 0000#1626595812326148#-43.5#3.7551849687440497#9
0000 0012 2000 0000 0000 0000#1626595812327222#-53.5#2.6323110320117604#9
0000 001D 2000 0000 0000 0000#1626595812329141#-57.0#2.448233337465483#9
0000 0014 2000 0000 0000 0000#1626595812330490#-59.5#3.718369429834794#9
0000 0018 2000 0000 0000 0000#1626595812332293#-47.5#5.092816215780329#9
0000 0011 2000 0000 0000 0000#1626595812340064#-45.0#3.472932503773092#9
0000 0012 2000 0000 0000 0000#1626595812341349#-53.5#2.552544031041707#9
0000 001B 2000 0000 0000 0000#1626595812342359#-58.5#1.7855536370988863#9
0000 0013 2000 0000 0000 0000#1626595812343655#-62.0#0.9387962421860124#9
0000 0017 2000 0000 0000 0000#1626595812345415#-45.0#1.0799224746714913#9
0000 0014 2000 0000 0000 0000#1626595812346965#-59.0#3.6079228131070282#9
0000 0010 2000 0000 0000 0000#1626595812348860#-42.0#4.3503695144436785#9
0000 0016 2000 0000 0000 0000#1626595812350153#-43.0#2.767301341345697#9
0000 0015 2000 0000 0000 0000#1626595812351177#-57.0#2.0064468705544187#9
0000 0019 2000 0000 0000 0000#1626595812352253#-44.0#3.724505352986337#9
0000 001A 2000 0000 0000 0000#1626595812354264#-52.5#2.9697868053466014#9
0000 0018 2000 0000 0000 0000#1626595812356437#-47.0#5.037592907416445#9
0000 000F 2000 0000 0000 0000#1626595812358910#-50.5#0.09203884727313846#9
0000 001D 2000 0000 0000 0000#1626595812360583#-57.5#2.356194490192345#9
0000 001D 2000 0000 0000 0000#1626595812625946#-63.5#1.000155473701438#9
0000 0019 2000 0000 0000 0000#1626595812627111#-54.5#2.9145634969827183#9
0000 0016 2000 0000 0000 0000#1626595812628230#-51.0#1.1965050145508#9
0000 001B 2000 0000 0000 0000#1626595812630899#-62.0#3.890175278077986#9
0000 0017 2000 0000 0000 0000#1626595812632003#-46.0#4.6448938257177215#9
0000 000F 2000 0000 0000 0000#1626595812633549#-47.5#4.313553975534423#9
0000 0018 2000 0000 0000 0000#1626595812634549#-48.5#3.865631585471816#9
0000 0013 2000 0000 0000 0000#1626595812635633#-59.5#3.448388811166921#9
0000 0010 2000 0000 0000 0000#1626595812636905#-49.5#3.5158839658338894#9
0000 001C 2000 0000 0000 0000#1626595812638984#-61.0#2.4850488763747385#9
0000 0014 2000 0000 0000 0000#1626595812640024#-59.5#2.043262409463674#9
0000 0012 2000 0000 0000 0000#1626595812641421#-59.5#5.301437602932776#9
0000 0011 2000 0000 0000 0000#1626595812642549#-52.5#1.9205439464328227#9
0000 001A 2000 0000 0000 0000#1626595812644093#-62.5#0.3313398501832985#9
0000 0017 2000 0000 0000 0000#1626595812650670#-45.5#4.522175362686871#9
0000 001B 2000 0000 0000 0000#1626595812651953#-61.5#3.663146121470911#9
0000 001A 2000 0000 0000 0000#1626595812655093#-63.0#0.3620194659410113#9
0000 001C 2000 0000 0000 0000#1626595812656220#-61.0#2.564815877344792#9
0000 0014 2000 0000 0000 0000#1626595812657515#-60.0#1.9757672547967058#9
0000 0013 2000 0000 0000 0000#1626595812659114#-59.0#3.313398501832985#9
0000 0016 2000 0000 0000 0000#1626595812660412#-52.5#0.9510680884890975#9
0000 0019 2000 0000 0000 0000#1626595812661858#-55.0#2.718213956133356#9
0000 0018 2000 0000 0000 0000#1626595812663590#-49.0#3.77972866135022#9
0000 0011 2000 0000 0000 0000#1626595812665703#-54.5#1.7303303287350031#9
0000 0012 2000 0000 0000 0000#1626595812667113#-58.0#5.00077736850719#9
0000 000F 2000 0000 0000 0000#1626595812668290#-47.5#4.2031073588066565#9
0000 0010 2000 0000 0000 0000#1626595812669428#-49.0#3.411573272257666#9
0000 0010 2000 0000 0000 0000#1626595812934854#-56.5#1.4848934026733007#9
0000 0019 2000 0000 0000 0000#1626595812936672#-64.0#0.0674951546669682#9
0000 000F 2000 0000 0000 0000#1626595812938801#-52.0#3.0495538063166547#9
0000 001A 2000 0000 0000 0000#1626595812940075#-56.0#2.6691265709210157#9
0000 0011 2000 0000 0000 0000#1626595812942825#-58.5#4.06811704947272#9
0000 001B 2000 0000 0000 0000#1626595812943848#-58.0#1.945087639038993#9
0000 0017 2000 0000 0000 0000#1626595812944894#-46.5#3.098641191528995#9
0000 0013 2000 0000 0000 0000#1626595812945934#-60.5#1.4726215563702154#9
0000 0012 2000 0000 0000 0000#1626595812946983#-55.0#2.423689644859313#9
0000 0016 2000 0000 0000 0000#1626595812948088#-50.5#4.908738521234052#9
0000 0018 2000 0000 0000 0000#1626595812950824#-53.5#2.2457478734645786#9
0000 0017 2000 0000 0000 0000#1626595812957960#-46.0#3.0372819600135696#9
0000 001B 2000 0000 0000 0000#1626595812960365#-58.0#1.8285050991596843#9
0000 0011 2000 0000 0000 0000#1626595812961507#-56.0#3.9085830475326135#9
0000 000F 2000 0000 0000 0000#1626595812962583#-52.0#2.9022916506796332#9
0000 0019 2000 0000 0000 0000#1626595812963941#-64.5#5.773903685601553#9
0000 0018 2000 0000 0000 0000#1626595812965313#-54.0#2.1537090261914402#9
0000 0013 2000 0000 0000 0000#1626595812967165#-60.0#1.337631247036279#9
0000 0012 2000 0000 0000 0000#1626595812968440#-55.0#2.3009711818284617#9
0000 0016 2000 0000 0000 0000#1626595812969532#-51.0#4.816699673960914#9
0000 001A 2000 0000 0000 0000#1626595812970878#-55.5#2.4911847995262812#9
0000 0010 2000 0000 0000 0000#1626595812972612#-55.5#1.1290098598838318#9
0000 0010 2000 0000 0000 0000#1626595813241227#-58.0#4.779884135051658#9
0000 0017 2000 0000 0000 0000#1626595813242801#-49.5#2.386874105950058#9
0000 0011 2000 0000 0000 0000#1626595813244228#-52.5#2.325514874434632#9
0000 000F 2000 0000 0000 0000#1626595813245834#-56.5#1.8837284075235674#9
0000 001A 2000 0000 0000 0000#1626595813247635#-55.5#1.325359400733194#9
0000 0019 2000 0000 0000 0000#1626595813249169#-58.5#3.1906800388021335#9
0000 0016 2000 0000 0000 0000#1626595813255242#-51.0#4.074252972624263#9
0000 0012 2000 0000 0000 0000#1626595813256691#-56.0#0.6994952392758523#9
0000 001B 2000 0000 0000 0000#1626595813257685#-61.5#0.3374757733348411#9
0000 0018 2000 0000 0000 0000#1626595813258715#-61.0#6.166602767300278#9
0000 0016 2000 0000 0000 0000#1626595813264128#-51.5#4.037437433715008#9
0000 0012 2000 0000 0000 0000#1626595813265207#-56.0#0.7424467013366504#9
0000 001A 2000 0000 0000 0000#1626595813266283#-55.0#1.1903690913992575#9
0000 0017 2000 0000 0000 0000#1626595813267815#-50.5#2.350058567040802#9
0000 0011 2000 0000 0000 0000#1626595813268875#-54.0#2.172116795646068#9
0000 0010 2000 0000 0000 0000#1626595813272706#-57.5#4.534447208989955#9
0000 0019 2000 0000 0000 0000#1626595813275606#-58.5#2.9636508821950587#9
0000 000F 2000 0000 0000 0000#1626595813278150#-58.0#1.6689710972195777#9
0000 001B 2000 0000 0000 0000#1626595813279248#-61.5#0.25770877236478773#9
0000 0018 2000 0000 0000 0000#1626595813280876#-60.5#5.964117303299373#9
0000 0016 2000 0000 0000 0000#1626595813543408#-53.5#4.28287435977671#9
0000 0017 2000 0000 0000 0000#1626595813544981#-54.5#2.405281875404685#9
0000 0012 2000 0000 0000 0000#1626595813548224#-57.5#0.5276893910326605#9
0000 0011 2000 0000 0000 0000#1626595813549285#-53.5#2.024854640009046#9
0000 001A 2000 0000 0000 0000#1626595813550457#-54.5#1.0615147052168636#9
0000 000F 2000 0000 0000 0000#1626595813552454#-61.0#1.282407938672396#9
0000 0010 2000 0000 0000 0000#1626595813553584#-57.5#4.301282129231338#9
0000 0015 2000 0000 0000 0000#1626595813555671#-65.0#3.055689729468197#9
0000 0018 2000 0000 0000 0000#1626595813557016#-60.0#5.424156065963627#9
0000 0019 2000 0000 0000 0000#1626595813559488#-58.5#2.9820586516496865#9
0000 0017 2000 0000 0000 0000#1626595813564767#-54.5#2.466641106920111#9
0000 0018 2000 0000 0000 0000#1626595813567806#-60.5#5.47937937432751#9
0000 0016 2000 0000 0000 0000#1626595813569078#-53.5#4.252194744018997#9
0000 0019 2000 0000 0000 0000#1626595813571212#-58.5#2.9206994201342606#9
0000 0010 2000 0000 0000 0000#1626595813572315#-57.5#4.196971435655114#9
0000 0011 2000 0000 0000 0000#1626595813573587#-53.5#2.030990563160589#9
0000 000F 2000 0000 0000 0000#1626595813574663#-61.5#1.325359400733194#9
0000 0012 2000 0000 0000 0000#1626595813575741#-57.5#0.521553467881118#9
0000 0015 2000 0000 0000 0000#1626595813577646#-64.5#3.067961575771282#9
0000 001A 2000 0000 0000 0000#1626595813578964#-56.0#1.055378782065321#9
0000 0017 2000 0000 0000 0000#1626595813841691#-55.5#2.073942025221387#9
0000 001A 2000 0000 0000 0000#1626595813845383#-56.5#0.662679700366597#9
0000 000F 2000 0000 0000 0000#1626595813846730#-63.0#0.9142525495798421#9
0000 0011 2000 0000 0000 0000#1626595813849083#-55.0#1.6444274046134073#9
0000 0019 2000 0000 0000 0000#1626595813850175#-59.0#2.5402721847386216#9
0000 0012 2000 0000 0000 0000#1626595813851251#-59.5#0.19634954084936207#9
0000 0010 2000 0000 0000 0000#1626595813852310#-58.5#3.730641276137879#9
0000 0015 2000 0000 0000 0000#1626595813853374#-65.5#2.564815877344792#9
0000 0016 2000 0000 0000 0000#1626595813854891#-55.0#3.9147189706841563#9
0000 0018 2000 0000 0000 0000#1626595813856322#-61.0#4.945554060143307#9
0000 0017 2000 0000 0000 0000#1626595813861492#-55.5#2.012582793705961#9
0000 0018 2000 0000 0000 0000#1626595813862765#-61.0#4.859651136021712#9
0000 0015 2000 0000 0000 0000#1626595813865814#-64.5#2.435961491162398#9
0000 0012 2000 0000 0000 0000#1626595813866846#-59.0#0.1902136176978195#9
0000 0010 2000 0000 0000 0000#1626595813867903#-58.0#3.7429131224409646#9
0000 001A 2000 0000 0000 0000#1626595813870561#-56.0#0.6504078540635119#9
0000 0019 2000 0000 0000 0000#1626595813871850#-58.5#2.478912953223196#9
0000 0016 2000 0000 0000 0000#1626595813874480#-55.0#3.890175278077986#9
0000 0011 2000 0000 0000 0000#1626595813875698#-54.5#1.6321555583103222#9
0000 000F 2000 0000 0000 0000#1626595813876974#-62.5#0.8406214717613314#9
0000 0018 2000 0000 0000 0000#1626595814142504#-61.0#4.509903516383785#9
0000 0015 2000 0000 0000 0000#1626595814143784#-63.5#1.9205439464328227#9
0000 0010 2000 0000 0000 0000#1626595814144826#-58.0#3.4913402732277192#9
0000 0017 2000 0000 0000 0000#1626595814146582#-55.5#1.705786636128833#9
0000 0019 2000 0000 0000 0000#1626595814147647#-58.5#2.227340104009951#9
0000 0016 2000 0000 0000 0000#1626595814149236#-55.0#3.5158839658338894#9
0000 0011 2000 0000 0000 0000#1626595814150280#-55.0#1.3744467859455345#9
0000 000F 2000 0000 0000 0000#1626595814152686#-63.0#0.47860200582032003#9
0000 001A 2000 0000 0000 0000#1626595814154001#-58.5#0.48473792897186263#9
