0000 0019 2000 0000 0000 0000#1626595929199800#-44.0#4.460816131171445#9
0000 001A 2000 0000 0000 0000#1626595929201917#-44.5#5.123495831538041#9
0000 001B 2000 0000 0000 0000#1626595929204677#-49.5#0.3129320807286708#9
0000 0016 2000 0000 0000 0000#1626595929206227#-58.5#4.319689898685965#9
0000 000F 2000 0000 0000 0000#1626595929207302#-49.5#3.933126740138784#9
0000 0013 2000 0000 0000 0000#1626595929208382#-51.0#0.9203884727313847#9
0000 0018 2000 0000 0000 0000#1626595929209440#-46.5#4.135612204139688#9
0000 0011 2000 0000 0000 0000#1626595929210462#-44.5#4.626486056263094#9
0000 0017 2000 0000 0000 0000#1626595929211771#-53.0#2.988194574801229#9
0000 0010 2000 0000 0000 0000#1626595929212848#-44.5#4.28287435977671#9
0000 001C 2000 0000 0000 0000#1626595929213932#-49.0#1.7916895602504288#9
0000 001D 2000 0000 0000 0000#1626595929215335#-48.0#2.742757648739526#9
0000 0015 2000 0000 0000 0000#1626595929216590#-51.0#3.08636934522591#9
0000 0012 2000 0000 0000 0000#1626595929219932#-48.0#5.675728915176872#9
0000 0014 2000 0000 0000 0000#1626595929220983#-50.0#2.1782527187976104#9
0000 0017 2000 0000 0000 0000#1626595929225044#-53.0#3.018874190558942#9
0000 001A 2000 0000 0000 0000#1626595929226356#-44.5#5.135767677841127#9
0000 001B 2000 0000 0000 0000#1626595929228377#-49.5#0.32520392703175593#9
0000 0010 2000 0000 0000 0000#1626595929229678#-44.5#4.264466590322082#9
0000 0016 2000 0000 0000 0000#1626595929230744#-58.0#4.295146206079795#9
0000 001D 2000 0000 0000 0000#1626595929231804#-48.0#2.761165418194154#9
0000 0015 2000 0000 0000 0000#1626595929232838#-51.0#3.06182565261974#9
0000 0014 2000 0000 0000 0000#1626595929234373#-49.5#2.1659808724945253#9
0000 001C 2000 0000 0000 0000#1626595929235431#-49.0#1.7855536370988863#9
0000 0012 2000 0000 0000 0000#1626595929236476#-48.0#5.6941366846315#9
0000 000F 2000 0000 0000 0000#1626595929237568#-49.5#3.933126740138784#9
0000 0018 2000 0000 0000 0000#1626595929239128#-46.5#4.1601558967458585#9
0000 0019 2000 0000 0000 0000#1626595929240730#-43.5#4.473087977474529#9
0000 0011 2000 0000 0000 0000#1626595929242760#-44.0#4.601942363656923#9
0000 0013 2000 0000 0000 0000#1626595929246833#-51.5#0.9326603190344698#9
0000 001C 2000 0000 0000 0000#1626595929513393#-49.0#1.2578642460662257#9
0000 0010 2000 0000 0000 0000#1626595929514468#-45.0#3.6692820446224537#9
0000 001B 2000 0000 0000 0000#1626595929516278#-49.5#5.994796919057086#9
0000 001D 2000 0000 0000 0000#1626595929517296#-47.5#2.1905245651006955#9
0000 001A 2000 0000 0000 0000#1626595929520014#-45.5#4.565126824747668#9
0000 0012 2000 0000 0000 0000#1626595929521090#-48.0#5.111223985234957#9
0000 0018 2000 0000 0000 0000#1626595929522248#-45.5#3.54042765844006#9
0000 000F 2000 0000 0000 0000#1626595929523323#-49.5#3.3502140407422405#9
0000 0015 2000 0000 0000 0000#1626595929524388#-50.0#2.4850488763747385#9
0000 0013 2000 0000 0000 0000#1626595929533828#-51.5#0.5583690067903734#9
0000 0011 2000 0000 0000 0000#1626595929534919#-44.0#4.246058820867455#9
0000 0017 2000 0000 0000 0000#1626595929536207#-52.0#2.675262494072558#9
0000 0019 2000 0000 0000 0000#1626595929537966#-44.0#4.111068511533518#9
0000 0014 2000 0000 0000 0000#1626595929541296#-50.0#1.8346410223112268#9
0000 0016 2000 0000 0000 0000#1626595929543214#-59.5#3.706097583531709#9
0000 0014 2000 0000 0000 0000#1626595929548044#-50.0#1.8039614065535141#9
0000 000F 2000 0000 0000 0000#1626595929549335#-49.5#3.5465635815916023#9
0000 0013 2000 0000 0000 0000#1626595929550401#-51.5#0.5460971604872883#9
0000 001D 2000 0000 0000 0000#1626595929552444#-48.5#2.3746022596469727#9
0000 001A 2000 0000 0000 0000#1626595929553974#-45.5#4.773748211900116#9
0000 0012 2000 0000 0000 0000#1626595929555049#-48.0#5.289165756629691#9
0000 0011 2000 0000 0000 0000#1626595929556081#-44.0#4.2092432819582#9
0000 0017 2000 0000 0000 0000#1626595929557896#-52.0#2.6691265709210157#9
0000 0019 2000 0000 0000 0000#1626595929558929#-44.5#4.129476280988146#9
0000 0010 2000 0000 0000 0000#1626595929560470#-45.0#3.877903431774901#9
0000 0018 2000 0000 0000 0000#1626595929561590#-47.0#3.730641276137879#9
0000 0016 2000 0000 0000 0000#1626595929563368#-59.5#3.6079228131070282#9
0000 0015 2000 0000 0000 0000#1626595929564401#-50.5#2.6568547246179306#9
0000 001C 2000 0000 0000 0000#1626595929566340#-49.5#1.3928545554001621#9
0000 001B 2000 0000 0000 0000#1626595929568273#-50.0#6.22182607566416#9
0000 001C 2000 0000 0000 0000#1626595929835844#-49.5#2.1659808724945253#9
0000 0016 2000 0000 0000 0000#1626595929837136#-59.0#4.847379289718626#9
0000 000F 2000 0000 0000 0000#1626595929838746#-49.0#4.270602513473625#9
0000 001A 2000 0000 0000 0000#1626595929840289#-45.0#5.516194913236766#9
0000 0014 2000 0000 0000 0000#1626595929842396#-50.0#2.5586799541932495#9
0000 0015 2000 0000 0000 0000#1626595929843517#-50.5#3.497476196379262#9
0000 0011 2000 0000 0000 0000#1626595929844592#-43.5#4.994641445355648#9
0000 0010 2000 0000 0000 0000#1626595929845752#-44.5#4.669437518323892#9
0000 001B 2000 0000 0000 0000#1626595929846774#-49.5#0.7179030087304801#9
0000 0019 2000 0000 0000 0000#1626595929847851#-43.5#4.884194828627882#9
0000 0017 2000 0000 0000 0000#1626595929849212#-51.5#3.313398501832985#9
0000 001D 2000 0000 0000 0000#1626595929851462#-48.5#3.2029518851052186#9
0000 0013 2000 0000 0000 0000#1626595929852789#-51.0#1.3192234775816514#9
0000 0018 2000 0000 0000 0000#1626595929853995#-46.5#4.503767593232243#9
0000 0012 2000 0000 0000 0000#1626595929855066#-47.5#6.056156150572511#9
0000 0013 2000 0000 0000 0000#1626595929858812#-51.0#1.282407938672396#9
0000 001B 2000 0000 0000 0000#1626595929860115#-49.0#0.7240389318820226#9
0000 0015 2000 0000 0000 0000#1626595929861210#-50.5#3.485204350076177#9
0000 001C 2000 0000 0000 0000#1626595929862552#-49.5#2.1782527187976104#9
0000 0011 2000 0000 0000 0000#1626595929866517#-43.5#5.013049214810275#9
0000 0019 2000 0000 0000 0000#1626595929868642#-44.0#4.871922982324796#9
0000 0014 2000 0000 0000 0000#1626595929870570#-49.5#2.552544031041707#9
0000 0017 2000 0000 0000 0000#1626595929872564#-52.0#3.3072625786814425#9
0000 0018 2000 0000 0000 0000#1626595929873623#-46.0#4.516039439535327#9
0000 0012 2000 0000 0000 0000#1626595929874685#-47.5#6.074563920027139#9
0000 001A 2000 0000 0000 0000#1626595929875716#-45.0#5.5100589900852235#9
0000 0010 2000 0000 0000 0000#1626595929876720#-44.5#4.669437518323892#9
0000 0016 2000 0000 0000 0000#1626595929878026#-59.0#4.871922982324796#9
0000 000F 2000 0000 0000 0000#1626595929879046#-48.5#4.25833066717054#9
0000 001D 2000 0000 0000 0000#1626595929880749#-48.5#3.1968159619536762#9
0000 001C 2000 0000 0000 0000#1626595930150617#-49.5#1.607611865704152#9
0000 0016 2000 0000 0000 0000#1626595930151681#-59.5#3.9822141253511245#9
0000 0014 2000 0000 0000 0000#1626595930152761#-49.5#1.9941750242513334#9
0000 001B 2000 0000 0000 0000#1626595930155519#-50.0#0.1349903093339364#9
0000 0011 2000 0000 0000 0000#1626595930156867#-44.0#4.448544284868359#9
0000 0015 2000 0000 0000 0000#1626595930158994#-50.5#2.834796496012665#9
0000 000F 2000 0000 0000 0000#1626595930160084#-49.5#3.706097583531709#9
0000 001D 2000 0000 0000 0000#1626595930161160#-48.0#2.5586799541932495#9
0000 001A 2000 0000 0000 0000#1626595930163629#-45.0#4.963961829597935#9
0000 0018 2000 0000 0000 0000#1626595930165427#-47.0#3.9638063558964967#9
0000 0012 2000 0000 0000 0000#1626595930166463#-48.0#5.5284667595398505#9
0000 0010 2000 0000 0000 0000#1626595930167764#-44.5#4.09266074207889#9
0000 0019 2000 0000 0000 0000#1626595930168799#-43.5#4.325825821837508#9
0000 0017 2000 0000 0000 0000#1626595930169862#-52.5#2.834796496012665#9
0000 0013 2000 0000 0000 0000#1626595930174635#-51.5#0.7547185476397354#9
0000 0010 2000 0000 0000 0000#1626595930179522#-43.0#4.111068511533518#9
0000 0012 2000 0000 0000 0000#1626595930180925#-48.5#5.497787143782138#9
0000 001A 2000 0000 0000 0000#1626595930182001#-45.0#4.957825906446392#9
0000 0014 2000 0000 0000 0000#1626595930183081#-50.0#1.9941750242513334#9
0000 001B 2000 0000 0000 0000#1626595930184174#-49.5#0.14112623248547898#9
0000 001C 2000 0000 0000 0000#1626595930185735#-49.5#1.607611865704152#9
0000 000F 2000 0000 0000 0000#1626595930188049#-49.5#3.730641276137879#9
0000 0018 2000 0000 0000 0000#1626595930189140#-47.0#3.9576704327449543#9
0000 0011 2000 0000 0000 0000#1626595930190200#-44.0#4.448544284868359#9
0000 0019 2000 0000 0000 0000#1626595930191219#-44.0#4.3074180523828804#9
0000 0017 2000 0000 0000 0000#1626595930192609#-52.5#2.791845033951867#9
0000 001D 2000 0000 0000 0000#1626595930195159#-48.0#2.564815877344792#9
0000 0015 2000 0000 0000 0000#1626595930196239#-50.5#2.8532042654672924#9
0000 0013 2000 0000 0000 0000#1626595930197436#-51.0#0.7117670855789375#9
0000 0016 2000 0000 0000 0000#1626595930198584#-59.5#3.9699422790480394#9
0000 0013 2000 0000 0000 0000#1626595930461935#-51.5#0.9387962421860124#9
0000 0012 2000 0000 0000 0000#1626595930463154#-46.5#5.663457068873787#9
0000 0010 2000 0000 0000 0000#1626595930464521#-42.5#4.270602513473625#9
0000 001B 2000 0000 0000 0000#1626595930466324#-49.5#0.3374757733348411#9
0000 0019 2000 0000 0000 0000#1626595930468130#-44.0#4.4976316700806995#9
0000 0011 2000 0000 0000 0000#1626595930470692#-44.5#4.620350133111551#9
0000 0018 2000 0000 0000 0000#1626595930471808#-46.5#4.129476280988146#9
0000 0016 2000 0000 0000 0000#1626595930473906#-59.0#4.325825821837508#9
0000 000F 2000 0000 0000 0000#1626595930475223#-50.0#3.9147189706841563#9
0000 0017 2000 0000 0000 0000#1626595930476510#-52.0#3.000466421104314#9
0000 001D 2000 0000 0000 0000#1626595930477558#-48.0#2.761165418194154#9
0000 001A 2000 0000 0000 0000#1626595930480035#-44.5#5.123495831538041#9
0000 0015 2000 0000 0000 0000#1626595930481086#-51.0#3.06182565261974#9
0000 001C 2000 0000 0000 0000#1626595930482130#-49.0#1.7978254834019713#9
0000 0014 2000 0000 0000 0000#1626595930483624#-50.0#2.172116795646068#9
0000 001C 2000 0000 0000 0000#1626595930492246#-49.0#1.8039614065535141#9
0000 0016 2000 0000 0000 0000#1626595930494249#-59.0#4.25833066717054#9
0000 001D 2000 0000 0000 0000#1626595930495946#-48.0#2.736621725587984#9
0000 001B 2000 0000 0000 0000#1626595930497513#-49.0#0.3436116964863836#9
0000 000F 2000 0000 0000 0000#1626595930498533#-49.5#3.9208548938356986#9
0000 0010 2000 0000 0000 0000#1626595930500333#-44.0#4.246058820867455#9
0000 0011 2000 0000 0000 0000#1626595930501609#-44.0#4.6448938257177215#9
0000 001A 2000 0000 0000 0000#1626595930503400#-44.5#5.123495831538041#9
0000 0013 2000 0000 0000 0000#1626595930505336#-51.0#0.9203884727313847#9
0000 0019 2000 0000 0000 0000#1626595930506399#-43.5#4.485359823777615#9
0000 0017 2000 0000 0000 0000#1626595930507491#-52.5#2.9329712664373457#9
0000 0018 2000 0000 0000 0000#1626595930509048#-46.5#4.1417481272912315#9
0000 0015 2000 0000 0000 0000#1626595930510229#-51.0#3.055689729468197#9
0000 0012 2000 0000 0000 0000#1626595930511332#-47.5#5.6573211457222445#9
0000 0014 2000 0000 0000 0000#1626595930512668#-50.0#2.184388641949153#9
0000 0014 2000 0000 0000 0000#1626595930778918#-49.5#1.8100973297050567#9
0000 001C 2000 0000 0000 0000#1626595930779958#-49.5#1.423534171157875#9
0000 001B 2000 0000 0000 0000#1626595930781009#-50.0#6.234097921967246#9
0000 0013 2000 0000 0000 0000#1626595930782815#-51.5#0.5706408530934585#9
0000 0019 2000 0000 0000 0000#1626595930783935#-44.0#4.086524818927348#9
0000 001D 2000 0000 0000 0000#1626595930784968#-48.5#2.3623304133438876#9
0000 001A 2000 0000 0000 0000#1626595930787238#-45.5#4.773748211900116#9
0000 0010 2000 0000 0000 0000#1626595930789959#-45.0#3.877903431774901#9
0000 000F 2000 0000 0000 0000#1626595930791505#-49.5#3.522019888985432#9
0000 0018 2000 0000 0000 0000#1626595930793562#-47.0#3.7429131224409646#9
0000 0011 2000 0000 0000 0000#1626595930794624#-44.0#4.227651051412827#9
0000 0017 2000 0000 0000 0000#1626595930797128#-52.0#2.662990647769473#9
0000 0015 2000 0000 0000 0000#1626595930798406#-50.0#2.6445828783148455#9
0000 0016 2000 0000 0000 0000#1626595930799695#-59.5#3.6999616603801666#9
0000 0012 2000 0000 0000 0000#1626595930801726#-48.0#5.289165756629691#9
0000 0015 2000 0000 0000 0000#1626595930809325#-50.5#2.6323110320117604#9
0000 0013 2000 0000 0000 0000#1626595930810391#-51.0#0.5522330836388308#9
0000 001C 2000 0000 0000 0000#1626595930811776#-49.5#1.4358060174609601#9
0000 0019 2000 0000 0000 0000#1626595930813608#-44.5#4.086524818927348#9
0000 0010 2000 0000 0000 0000#1626595930815472#-43.5#3.8717675086233583#9
0000 000F 2000 0000 0000 0000#1626595930816525#-49.5#3.522019888985432#9
0000 0014 2000 0000 0000 0000#1626595930818074#-49.5#1.8162332528565992#9
0000 0016 2000 0000 0000 0000#1626595930819946#-59.5#3.6140587362585705#9
0000 001A 2000 0000 0000 0000#1626595930821489#-45.5#4.755340442445488#9
0000 001B 2000 0000 0000 0000#1626595930822582#-50.0#6.227961998815704#9
0000 0017 2000 0000 0000 0000#1626595930823870#-52.0#2.7120780329818137#9
0000 0018 2000 0000 0000 0000#1626595930825130#-47.0#3.736777199289422#9
0000 0012 2000 0000 0000 0000#1626595930826418#-48.0#5.2768939103266055#9
0000 0011 2000 0000 0000 0000#1626595930827557#-42.5#4.23378697456437#9
0000 001D 2000 0000 0000 0000#1626595930831341#-48.0#2.380738182798515#9
0000 0010 2000 0000 0000 0000#1626595931096443#-44.0#4.651029748869264#9
0000 0016 2000 0000 0000 0000#1626595931098668#-59.5#4.76147636559703#9
0000 0013 2000 0000 0000 0000#1626595931100907#-51.0#1.325359400733194#9
0000 001A 2000 0000 0000 0000#1626595931102593#-45.0#5.540738605842936#9
0000 0011 2000 0000 0000 0000#1626595931105769#-43.5#5.006913291658733#9
0000 000F 2000 0000 0000 0000#1626595931107763#-48.0#4.25833066717054#9
0000 001C 2000 0000 0000 0000#1626595931108834#-49.5#2.2580197197676637#9
0000 0017 2000 0000 0000 0000#1626595931109925#-50.5#3.3870295796514958#9
0000 0012 2000 0000 0000 0000#1626595931111683#-48.0#6.111379458936394#9
0000 0018 2000 0000 0000 0000#1626595931112773#-46.0#4.516039439535327#9
0000 001B 2000 0000 0000 0000#1626595931114036#-49.5#0.803805932852076#9
0000 001D 2000 0000 0000 0000#1626595931116093#-48.0#3.2888548092268146#9
0000 0019 2000 0000 0000 0000#1626595931117141#-43.0#4.890330751779424#9
0000 0014 2000 0000 0000 0000#1626595931118309#-49.5#2.6261751088602177#9
0000 0015 2000 0000 0000 0000#1626595931119430#-50.5#3.5711072741977725#9
0000 0015 2000 0000 0000 0000#1626595931126186#-50.0#3.5833791205008576#9
0000 001C 2000 0000 0000 0000#1626595931127771#-49.0#2.3193789512830896#9
0000 0011 2000 0000 0000 0000#1626595931128899#-42.0#5.049864753719531#9
0000 0013 2000 0000 0000 0000#1626595931129923#-51.0#1.4664856332186729#9
0000 001B 2000 0000 0000 0000#1626595931131980#-49.0#0.8897088569736719#9
0000 001A 2000 0000 0000 0000#1626595931133541#-45.0#5.602097837358362#9
0000 0010 2000 0000 0000 0000#1626595931135541#-44.0#4.651029748869264#9
0000 0018 2000 0000 0000 0000#1626595931136675#-45.0#4.485359823777615#9
0000 0016 2000 0000 0000 0000#1626595931137940#-61.5#5.098952138931871#9
0000 0014 2000 0000 0000 0000#1626595931139246#-49.0#2.7120780329818137#9
0000 0019 2000 0000 0000 0000#1626595931141006#-43.5#4.896466674930966#9
0000 000F 2000 0000 0000 0000#1626595931142128#-47.0#4.184699589352029#9
0000 0017 2000 0000 0000 0000#1626595931143143#-48.5#3.399301425954581#9
0000 001D 2000 0000 0000 0000#1626595931144278#-47.5#3.3318062712876126#9
0000 0012 2000 0000 0000 0000#1626595931148118#-48.5#6.277049384028044#9
0000 001C 2000 0000 0000 0000#1626595931412637#-43.5#2.730485802436441#9
0000 001D 2000 0000 0000 0000#1626595931413933#-44.0#3.380893656499953#9
0000 001B 2000 0000 0000 0000#1626595931414983#-45.0#1.8837284075235674#9
0000 0010 2000 0000 0000 0000#1626595931417159#-44.0#4.381049130201391#9
0000 0018 2000 0000 0000 0000#1626595931418960#-43.5#3.9576704327449543#9
0000 0016 2000 0000 0000 0000#1626595931420451#-46.0#3.4054373491061236#9
0000 0017 2000 0000 0000 0000#1626595931422269#-35.5#2.761165418194154#9
0000 0014 2000 0000 0000 0000#1626595931426668#-44.5#3.0066023442558567#9
0000 0019 2000 0000 0000 0000#1626595931428072#-46.5#5.295301679781233#9
0000 0013 2000 0000 0000 0000#1626595931429381#-46.0#2.3009711818284617#9
0000 000F 2000 0000 0000 0000#1626595931430916#-40.5#3.479068426924634#9
0000 001A 2000 0000 0000 0000#1626595931432851#-46.5#0.6320000846088841#9
0000 0012 2000 0000 0000 0000#1626595931433955#-47.0#1.3499030933393643#9
0000 0015 2000 0000 0000 0000#1626595931435034#-47.0#3.6754179677739964#9
0000 0011 2000 0000 0000 0000#1626595931436209#-48.0#5.884350302329319#9
0000 0012 2000 0000 0000 0000#1626595931440536#-46.5#1.3867186322486196#9
0000 0017 2000 0000 0000 0000#1626595931441585#-35.5#2.779573187648782#9
0000 0019 2000 0000 0000 0000#1626595931443729#-47.5#5.3627968344482015#9
0000 0015 2000 0000 0000 0000#1626595931445035#-47.0#3.706097583531709#9
0000 001C 2000 0000 0000 0000#1626595931446107#-43.0#2.8102528034064944#9
0000 0011 2000 0000 0000 0000#1626595931447209#-48.0#5.9518454569962875#9
0000 001B 2000 0000 0000 0000#1626595931448544#-44.5#2.018718716857504#9
0000 0016 2000 0000 0000 0000#1626595931449580#-44.5#3.4177091954092087#9
0000 000F 2000 0000 0000 0000#1626595931451350#-40.5#3.5036121195308043#9
0000 001A 2000 0000 0000 0000#1626595931452637#-46.5#0.7853981633974483#9
0000 0013 2000 0000 0000 0000#1626595931453690#-45.5#2.380738182798515#9
0000 0014 2000 0000 0000 0000#1626595931454756#-44.5#3.0802334220743677#9
0000 0010 2000 0000 0000 0000#1626595931455944#-44.5#4.503767593232243#9
0000 0018 2000 0000 0000 0000#1626595931457101#-42.0#4.025165587411922#9
0000 001D 2000 0000 0000 0000#1626595931458889#-43.5#3.485204350076177#9
0000 000F 2000 0000 0000 0000#1626595931724653#-40.5#4.558990901596125#9
0000 0016 2000 0000 0000 0000#1626595931726964#-38.0#4.080388895775806#9
0000 0015 2000 0000 0000 0000#1626595931728613#-45.5#4.522175362686871#9
0000 001C 2000 0000 0000 0000#1626595931730150#-41.0#3.7981364308048478#9
0000 001D 2000 0000 0000 0000#1626595931731455#-41.5#4.325825821837508#9
0000 0018 2000 0000 0000 0000#1626595931732540#-44.0#5.350524988145116#9
0000 0014 2000 0000 0000 0000#1626595931734064#-41.5#4.01902966426038#9
0000 001B 2000 0000 0000 0000#1626595931735358#-41.5#3.117048960983623#9
0000 0012 2000 0000 0000 0000#1626595931736632#-41.5#2.748893571891069#9
0000 0017 2000 0000 0000 0000#1626595931738035#-32.5#3.767456815047135#9
0000 0011 2000 0000 0000 0000#1626595931739319#-43.0#1.7916895602504288#9
0000 0010 2000 0000 0000 0000#1626595931740335#-47.5#0.01227184630308513#9
0000 001A 2000 0000 0000 0000#1626595931741408#-41.5#2.3623304133438876#9
0000 0019 2000 0000 0000 0000#1626595931743184#-46.5#1.4173982480063325#9
0000 0013 2000 0000 0000 0000#1626595931744253#-41.5#3.454524734318464#9
0000 001C 2000 0000 0000 0000#1626595931749231#-41.0#3.8717675086233583#9
0000 0019 2000 0000 0000 0000#1626595931750506#-46.5#1.4787574795217582#9
0000 0016 2000 0000 0000 0000#1626595931753648#-38.0#4.147884050442774#9
0000 001B 2000 0000 0000 0000#1626595931755043#-41.0#3.1906800388021335#9
0000 0017 2000 0000 0000 0000#1626595931756093#-34.0#3.847223816017188#9
0000 0013 2000 0000 0000 0000#1626595931757388#-41.5#3.4913402732277192#9
0000 001A 2000 0000 0000 0000#1626595931758448#-41.0#2.405281875404685#9
0000 0010 2000 0000 0000 0000#1626595931759750#-47.0#0.17794177139473438#9
0000 0014 2000 0000 0000 0000#1626595931762472#-41.5#4.09266074207889#9
0000 0015 2000 0000 0000 0000#1626595931763508#-45.0#4.6448938257177215#9
0000 0012 2000 0000 0000 0000#1626595931764570#-41.0#2.8409324191642074#9
0000 0018 2000 0000 0000 0000#1626595931765995#-44.0#5.553010452146021#9
0000 0011 2000 0000 0000 0000#1626595931767171#-42.5#1.9082721001297376#9
0000 001D 2000 0000 0000 0000#1626595931768685#-40.0#4.3933209765044765#9
0000 000F 2000 0000 0000 0000#1626595931770218#-41.0#4.773748211900116#9
0000 0018 2000 0000 0000 0000#1626595932033244#-44.5#0.4479223900626072#9
0000 0013 2000 0000 0000 0000#1626595932036437#-40.0#3.7429131224409646#9
0000 001A 2000 0000 0000 0000#1626595932037694#-36.5#2.748893571891069#9
0000 0010 2000 0000 0000 0000#1626595932039100#-42.5#1.3314953238847365#9
0000 0019 2000 0000 0000 0000#1626595932040163#-42.0#2.2089323345553233#9
0000 000F 2000 0000 0000 0000#1626595932041452#-41.0#5.786175531904639#9
0000 0016 2000 0000 0000 0000#1626595932042506#-38.5#4.779884135051658#9
0000 0012 2000 0000 0000 0000#1626595932043596#-39.5#3.153864499892878#9
0000 0017 2000 0000 0000 0000#1626595932044743#-35.0#4.767612288748572#9
0000 001D 2000 0000 0000 0000#1626595932047496#-39.5#4.448544284868359#9
0000 0015 2000 0000 0000 0000#1626595932048809#-45.5#4.6448938257177215#9
0000 001B 2000 0000 0000 0000#1626595932050510#-38.5#3.4913402732277192#9
0000 001C 2000 0000 0000 0000#1626595932051737#-39.0#4.104932588381976#9
0000 0014 2000 0000 0000 0000#1626595932052805#-40.0#4.252194744018997#9
0000 0011 2000 0000 0000 0000#1626595932055286#-40.5#2.429825568010856#9
0000 0010 2000 0000 0000 0000#1626595932059126#-42.5#1.4173982480063325#9
0000 0013 2000 0000 0000 0000#1626595932060920#-40.0#3.785864584501762#9
0000 001C 2000 0000 0000 0000#1626595932063346#-39.0#4.129476280988146#9
0000 001B 2000 0000 0000 0000#1626595932065024#-38.5#3.5281558121369745#9
0000 001D 2000 0000 0000 0000#1626595932066131#-41.0#4.466952054322987#9
0000 001A 2000 0000 0000 0000#1626595932067417#-37.5#2.82252464970958#9
0000 0017 2000 0000 0000 0000#1626595932068974#-34.5#4.890330751779424#9
0000 0011 2000 0000 0000 0000#1626595932070129#-38.5#2.4605051837685683#9
0000 0014 2000 0000 0000 0000#1626595932071328#-40.0#4.289010282928253#9
0000 0016 2000 0000 0000 0000#1626595932072636#-38.0#4.890330751779424#9
0000 0012 2000 0000 0000 0000#1626595932074077#-39.0#3.215223731408304#9
0000 0015 2000 0000 0000 0000#1626595932076086#-45.0#4.700117134081604#9
0000 0019 2000 0000 0000 0000#1626595932077118#-42.0#2.3193789512830896#9
0000 000F 2000 0000 0000 0000#1626595932078411#-41.0#5.9518454569962875#9
0000 0018 2000 0000 0000 0000#1626595932079843#-44.5#0.6810874698212247#9
0000 001C 2000 0000 0000 0000#1626595932342614#-37.5#5.332117218690489#9
0000 001B 2000 0000 0000 0000#1626595932343722#-36.5#4.859651136021712#9
0000 0011 2000 0000 0000 0000#1626595932344844#-37.5#3.8533597391687304#9
0000 0010 2000 0000 0000 0000#1626595932346030#-38.5#2.988194574801229#9
0000 0012 2000 0000 0000 0000#1626595932347861#-37.0#4.552854978444583#9
0000 001A 2000 0000 0000 0000#1626595932348937#-35.5#4.215379205109742#9
0000 0016 2000 0000 0000 0000#1626595932350941#-37.5#0.5399612373357456#9
0000 0015 2000 0000 0000 0000#1626595932352020#-44.0#5.71868037723767#9
0000 0017 2000 0000 0000 0000#1626595932353596#-33.0#0.7301748550335652#9
0000 001D 2000 0000 0000 0000#1626595932354995#-39.0#5.583690067903734#9
3008 33B2 DDD9 0140 2018 0626#1626595932356074#-62.5#5.8475347634200645#9
0000 0018 2000 0000 0000 0000#1626595932357375#-40.0#2.429825568010856#9
0000 0014 2000 0000 0000 0000#1626595932358974#-39.0#5.448699758569798#9
0000 0013 2000 0000 0000 0000#1626595932360040#-37.5#5.098952138931871#9
0000 0019 2000 0000 0000 0000#1626595932363626#-37.5#3.718369429834794#9
0000 000F 2000 0000 0000 0000#1626595932365516#-38.0#1.748738098189631#9
0000 001C 2000 0000 0000 0000#1626595932370760#-37.5#5.381204603902829#9
0000 001A 2000 0000 0000 0000#1626595932372119#-34.0#4.264466590322082#9
0000 0019 2000 0000 0000 0000#1626595932373185#-38.5#3.749049045592507#9
0000 0017 2000 0000 0000 0000#1626595932374205#-33.0#0.7976700097005334#9
0000 0014 2000 0000 0000 0000#1626595932375726#-39.0#5.473243451175968#9
0000 0015 2000 0000 0000 0000#1626595932376836#-43.5#5.730952223540755#9
0000 001B 2000 0000 0000 0000#1626595932379375#-36.5#4.92714629068868#9
3008 33B2 DDD9 0140 2018 0626#1626595932380437#-63.0#5.945709533844745#9
0000 0013 2000 0000 0000 0000#1626595932382713#-37.5#5.154175447295755#9
0000 001D 2000 0000 0000 0000#1626595932383715#-39.5#5.602097837358362#9
0000 0018 2000 0000 0000 0000#1626595932385034#-39.5#2.497320722677824#9
0000 000F 2000 0000 0000 0000#1626595932386085#-37.5#1.8100973297050567#9
0000 0016 2000 0000 0000 0000#1626595932387932#-38.0#0.7117670855789375#9
0000 0010 2000 0000 0000 0000#1626595932389349#-39.5#3.098641191528995#9
0000 0012 2000 0000 0000 0000#1626595932391451#-37.0#4.638757902566179#9
0000 0011 2000 0000 0000 0000#1626595932394238#-37.5#3.933126740138784#9
0000 001D 2000 0000 0000 0000#1626595932658493#-39.5#5.221670601962723#9
0000 0014 2000 0000 0000 0000#1626595932659832#-38.0#5.184855063053467#9
0000 0015 2000 0000 0000 0000#1626595932661138#-43.5#5.295301679781233#9
0000 000F 2000 0000 0000 0000#1626595932662157#-34.0#2.018718716857504#9
0000 0011 2000 0000 0000 0000#1626595932663235#-36.0#3.785864584501762#9
0000 001C 2000 0000 0000 0000#1626595932664292#-36.5#5.129631754689584#9
0000 001A 2000 0000 0000 0000#1626595932665661#-34.5#4.190835512503572#9
0000 001B 2000 0000 0000 0000#1626595932666742#-36.0#4.798291904506286#9
0000 0018 2000 0000 0000 0000#1626595932667802#-35.5#2.5464081078901644#9
0000 0013 2000 0000 0000 0000#1626595932668841#-37.0#4.97623367590102#9
0000 0017 2000 0000 0000 0000#1626595932670176#-29.0#1.3130875544301088#9
0000 0016 2000 0000 0000 0000#1626595932671254#-35.5#1.325359400733194#9
0000 0019 2000 0000 0000 0000#1626595932672646#-36.5#3.6570101983193686#9
0000 0012 2000 0000 0000 0000#1626595932673936#-36.0#4.558990901596125#9
0000 0010 2000 0000 0000 0000#1626595932675026#-36.0#3.031146036862027#9
0000 0019 2000 0000 0000 0000#1626595932681299#-36.5#3.663146121470911#9
0000 0010 2000 0000 0000 0000#1626595932683053#-36.5#3.031146036862027#9
0000 0017 2000 0000 0000 0000#1626595932684344#-29.5#1.3621749396424494#9
0000 001A 2000 0000 0000 0000#1626595932685691#-34.5#4.227651051412827#9
0000 0018 2000 0000 0000 0000#1626595932686778#-35.5#2.5954954931025047#9
0000 001C 2000 0000 0000 0000#1626595932688522#-36.5#5.154175447295755#9
0000 0014 2000 0000 0000 0000#1626595932689648#-38.0#5.209398755659637#9
0000 0013 2000 0000 0000 0000#1626595932690987#-37.0#5.006913291658733#9
0000 001D 2000 0000 0000 0000#1626595932692560#-39.5#5.246214294568893#9
0000 0011 2000 0000 0000 0000#1626595932693677#-34.5#3.865631585471816#9
0000 001B 2000 0000 0000 0000#1626595932696252#-36.0#4.8351074434155406#9
0000 0015 2000 0000 0000 0000#1626595932697838#-44.0#5.307573526084319#9
0000 000F 2000 0000 0000 0000#1626595932699515#-33.5#2.110757564130642#9
0000 0012 2000 0000 0000 0000#1626595932702143#-36.0#4.614214209960009#9
0000 0016 2000 0000 0000 0000#1626595932704493#-35.5#1.4910293258248433#9
0000 0019 2000 0000 0000 0000#1626595932969678#-35.5#4.368777283898306#9
0000 001D 2000 0000 0000 0000#1626595932971225#-41.0#5.47937937432751#9
0000 0014 2000 0000 0000 0000#1626595932972775#-39.5#5.559146375297564#9
0000 0018 2000 0000 0000 0000#1626595932973836#-33.5#3.466796580621549#9
0000 0015 2000 0000 0000 0000#1626595932974900#-45.5#5.460971604872882#9
0000 0017 2000 0000 0000 0000#1626595932975992#-27.0#2.5464081078901644#9
0000 0011 2000 0000 0000 0000#1626595932978441#-35.5#4.540583132141498#9
0000 0016 2000 0000 0000 0000#1626595932980157#-33.0#2.736621725587984#9
0000 0012 2000 0000 0000 0000#1626595932983475#-35.5#5.184855063053467#9
0000 000F 2000 0000 0000 0000#1626595932985138#-32.0#3.098641191528995#9
0000 001B 2000 0000 0000 0000#1626595932987979#-36.5#5.350524988145116#9
0000 001A 2000 0000 0000 0000#1626595932989730#-34.5#4.890330751779424#9
0000 0010 2000 0000 0000 0000#1626595932991021#-34.5#3.8410878928656453#9
0000 0013 2000 0000 0000 0000#1626595932992361#-38.0#5.5100589900852235#9
0000 001C 2000 0000 0000 0000#1626595932993675#-37.5#5.565282298449106#9
0000 000F 2000 0000 0000 0000#1626595932999004#-31.5#3.1354567304382504#9
0000 0016 2000 0000 0000 0000#1626595933000310#-32.5#2.804116880254952#9
0000 0010 2000 0000 0000 0000#1626595933001709#-33.0#3.8717675086233583#9
0000 0018 2000 0000 0000 0000#1626595933003000#-33.0#3.5158839658338894#9
0000 0015 2000 0000 0000 0000#1626595933004063#-46.0#5.448699758569798#9
0000 001C 2000 0000 0000 0000#1626595933005137#-38.0#5.565282298449106#9
0000 001A 2000 0000 0000 0000#1626595933006680#-35.0#4.921010367537137#9
0000 0011 2000 0000 0000 0000#1626595933007778#-34.5#4.571262747899211#9
0000 0014 2000 0000 0000 0000#1626595933009061#-39.5#5.559146375297564#9
0000 0017 2000 0000 0000 0000#1626595933011412#-25.0#2.6384469551633027#9
0000 0012 2000 0000 0000 0000#1626595933012488#-36.0#5.209398755659637#9
0000 0019 2000 0000 0000 0000#1626595933013550#-35.5#4.442408361716817#9
0000 0013 2000 0000 0000 0000#1626595933014917#-38.0#5.534602682691394#9
0000 001B 2000 0000 0000 0000#1626595933016967#-36.5#5.387340527054372#9
0000 001D 2000 0000 0000 0000#1626595933029001#-41.5#4.92714629068868#9
0000 001D 2000 0000 0000 0000#1626595933293433#-43.5#4.878058905476339#9
0000 0013 2000 0000 0000 0000#1626595933294504#-39.5#5.197126909356553#9
0000 0016 2000 0000 0000 0000#1626595933296039#-32.5#3.2643111166206444#9
0000 0019 2000 0000 0000 0000#1626595933297355#-36.5#4.381049130201391#9
0000 001C 2000 0000 0000 0000#1626595933298939#-39.5#5.160311370447297#9
0000 001A 2000 0000 0000 0000#1626595933300217#-36.5#4.7307967498393175#9
0000 000F 2000 0000 0000 0000#1626595933301794#-31.0#3.3011266555298997#9
0000 0010 2000 0000 0000 0000#1626595933302865#-35.0#3.847223816017188#9
0000 001B 2000 0000 0000 0000#1626595933304423#-38.0#5.080544369477243#9
0000 0015 2000 0000 0000 0000#1626595933306955#-48.0#4.773748211900116#9
0000 0017 2000 0000 0000 0000#1626595933308259#-26.0#2.890019804376548#9
0000 0012 2000 0000 0000 0000#1626595933309562#-38.0#5.013049214810275#9
0000 0011 2000 0000 0000 0000#1626595933314133#-36.5#4.4976316700806995#9
0000 0018 2000 0000 0000 0000#1626595933315787#-32.0#3.5895150436524004#9
0000 0014 2000 0000 0000 0000#1626595933317212#-41.5#5.080544369477243#9
0000 0012 2000 0000 0000 0000#1626595933320690#-38.0#5.013049214810275#9
0000 0018 2000 0000 0000 0000#1626595933322476#-33.5#3.6140587362585705#9
0000 0017 2000 0000 0000 0000#1626595933324049#-26.5#2.9145634969827183#9
0000 0013 2000 0000 0000 0000#1626595933325858#-39.5#5.184855063053467#9
0000 0015 2000 0000 0000 0000#1626595933327634#-48.5#4.700117134081604#9
0000 001D 2000 0000 0000 0000#1626595933328906#-44.0#4.8351074434155406#9
0000 001C 2000 0000 0000 0000#1626595933329967#-40.0#5.117359908386499#9
0000 0016 2000 0000 0000 0000#1626595933331546#-32.0#3.3379421944391554#9
0000 0014 2000 0000 0000 0000#1626595933332557#-41.5#5.062136600022616#9
0000 0011 2000 0000 0000 0000#1626595933334614#-36.5#4.4976316700806995#9
0000 0010 2000 0000 0000 0000#1626595933335957#-33.5#3.9147189706841563#9
0000 001B 2000 0000 0000 0000#1626595933337079#-38.5#5.080544369477243#9
0000 000F 2000 0000 0000 0000#1626595933338143#-31.0#3.368621810196868#9
0000 0019 2000 0000 0000 0000#1626595933340662#-36.5#4.424000592262189#9
0000 001A 2000 0000 0000 0000#1626595933342191#-37.0#4.743068596142402#9
0000 000F 2000 0000 0000 0000#1626595933607658#-30.5#4.540583132141498#9
0000 0019 2000 0000 0000 0000#1626595933609188#-36.5#5.203262832508095#9
0000 001A 2000 0000 0000 0000#1626595933610238#-37.0#5.307573526084319#9
0000 0010 2000 0000 0000 0000#1626595933612508#-34.0#4.871922982324796#9
0000 001C 2000 0000 0000 0000#1626595933613607#-42.5#5.460971604872882#9
0000 0012 2000 0000 0000 0000#1626595933614686#-40.0#5.540738605842936#9
0000 0014 2000 0000 0000 0000#1626595933616064#-43.5#5.344389064993574#9
0000 0016 2000 0000 0000 0000#1626595933617158#-32.0#4.681709364626977#9
0000 0017 2000 0000 0000 0000#1626595933618475#-26.0#4.23378697456437#9
0000 0015 2000 0000 0000 0000#1626595933628922#-50.0#4.669437518323892#9
0000 001B 2000 0000 0000 0000#1626595933632685#-40.5#5.3198453723874035#9
0000 0018 2000 0000 0000 0000#1626595933634229#-33.0#4.509903516383785#9
0000 0013 2000 0000 0000 0000#1626595933635269#-42.0#5.399612373357457#9
0000 0011 2000 0000 0000 0000#1626595933637362#-35.5#5.00077736850719#9
0000 001D 2000 0000 0000 0000#1626595933639036#-45.5#4.779884135051658#9
0000 0016 2000 0000 0000 0000#1626595933643416#-31.5#4.546719055293041#9
0000 001A 2000 0000 0000 0000#1626595933644931#-37.5#5.111223985234957#9
0000 0014 2000 0000 0000 0000#1626595933646269#-43.5#5.148039524144211#9
0000 0018 2000 0000 0000 0000#1626595933647879#-31.5#4.522175362686871#9
0000 0017 2000 0000 0000 0000#1626595933649155#-26.0#4.061981126321178#9
0000 000F 2000 0000 0000 0000#1626595933650504#-30.5#4.374913207049849#9
0000 0010 2000 0000 0000 0000#1626595933651621#-34.5#4.700117134081604#9
0000 0019 2000 0000 0000 0000#1626595933652697#-37.0#5.0253210611133605#9
0000 001C 2000 0000 0000 0000#1626595933653742#-41.5#5.203262832508095#9
0000 0012 2000 0000 0000 0000#1626595933655076#-39.0#5.295301679781233#9
0000 0015 2000 0000 0000 0000#1626595933656125#-50.0#4.608078286808466#9
0000 001B 2000 0000 0000 0000#1626595933658131#-40.0#5.270757987175063#9
0000 0013 2000 0000 0000 0000#1626595933661790#-42.0#5.338253141842031#9
0000 001D 2000 0000 0000 0000#1626595933662850#-46.0#4.724660826687775#9
0000 0011 2000 0000 0000 0000#1626595933666077#-36.5#4.994641445355648#9
0000 001A 2000 0000 0000 0000#1626595933933040#-37.0#4.313553975534423#9
0000 001B 2000 0000 0000 0000#1626595933934592#-42.0#4.4362724385652745#9
0000 0014 2000 0000 0000 0000#1626595933936128#-45.5#4.190835512503572#9
0000 0019 2000 0000 0000 0000#1626595933937937#-37.0#4.466952054322987#9
0000 001C 2000 0000 0000 0000#1626595933939250#-43.5#4.325825821837508#9
0000 0010 2000 0000 0000 0000#1626595933941359#-32.5#4.28287435977671#9
0000 0018 2000 0000 0000 0000#1626595933942650#-32.5#4.23378697456437#9
0000 0017 2000 0000 0000 0000#1626595933943764#-25.0#3.9699422790480394#9
0000 000F 2000 0000 0000 0000#1626595933945311#-30.5#4.184699589352029#9
0000 0016 2000 0000 0000 0000#1626595933946390#-32.0#4.583534594202296#9
0000 0013 2000 0000 0000 0000#1626595933951227#-43.5#4.485359823777615#9
0000 0011 2000 0000 0000 0000#1626595933952716#-37.0#4.319689898685965#9
0000 0015 2000 0000 0000 0000#1626595933954019#-52.0#3.663146121470911#9
0000 001D 2000 0000 0000 0000#1626595933955161#-46.5#3.7551849687440497#9
0000 0012 2000 0000 0000 0000#1626595933956209#-40.5#4.442408361716817#9
0000 0018 2000 0000 0000 0000#1626595933962612#-31.5#4.221515128261284#9
0000 0017 2000 0000 0000 0000#1626595933964143#-26.5#3.9638063558964967#9
0000 001A 2000 0000 0000 0000#1626595933965191#-38.5#4.252194744018997#9
0000 001D 2000 0000 0000 0000#1626595933967034#-48.0#3.7429131224409646#9
0000 0014 2000 0000 0000 0000#1626595933968046#-46.0#4.154019973594316#9
0000 000F 2000 0000 0000 0000#1626595933970575#-30.5#4.190835512503572#9
0000 0010 2000 0000 0000 0000#1626595933971731#-32.5#4.270602513473625#9
0000 0019 2000 0000 0000 0000#1626595933972809#-37.0#4.405592822807561#9
0000 0011 2000 0000 0000 0000#1626595933974110#-37.5#4.295146206079795#9
0000 0015 2000 0000 0000 0000#1626595933975387#-52.0#3.6017868899554855#9
0000 0012 2000 0000 0000 0000#1626595933977026#-39.5#4.411728745959104#9
0000 001B 2000 0000 0000 0000#1626595933978180#-42.0#4.356505437595221#9
0000 0016 2000 0000 0000 0000#1626595933979772#-32.0#4.614214209960009#9
0000 001C 2000 0000 0000 0000#1626595933982567#-44.0#4.23378697456437#9
0000 0013 2000 0000 0000 0000#1626595933984476#-43.5#4.405592822807561#9
0000 0012 2000 0000 0000 0000#1626595934250539#-42.0#3.448388811166921#9
0000 0017 2000 0000 0000 0000#1626595934252098#-26.5#3.663146121470911#9
0000 001C 2000 0000 0000 0000#1626595934253199#-46.5#3.2581751934691017#9
0000 001A 2000 0000 0000 0000#1626595934254816#-40.0#3.2520392703175593#9
0000 0015 2000 0000 0000 0000#1626595934256578#-56.0#2.5586799541932495#9
0000 0016 2000 0000 0000 0000#1626595934258089#-31.5#4.448544284868359#9
0000 0018 2000 0000 0000 0000#1626595934260990#-33.0#3.6876898140770815#9
0000 001B 2000 0000 0000 0000#1626595934262027#-44.0#3.356349963893783#9
0000 0010 2000 0000 0000 0000#1626595934264134#-32.5#3.6017868899554855#9
0000 001D 2000 0000 0000 0000#1626595934265236#-51.5#2.6445828783148455#9
0000 0014 2000 0000 0000 0000#1626595934266332#-49.0#3.074097498922825#9
0000 0019 2000 0000 0000 0000#1626595934267399#-37.5#3.56497135104623#9
0000 0011 2000 0000 0000 0000#1626595934268475#-38.0#3.3870295796514958#9
0000 000F 2000 0000 0000 0000#1626595934270536#-31.0#3.7551849687440497#9
0000 0013 2000 0000 0000 0000#1626595934274579#-45.5#3.380893656499953#9
0000 0016 2000 0000 0000 0000#1626595934278625#-31.5#4.460816131171445#9
0000 0010 2000 0000 0000 0000#1626595934280479#-32.5#3.5956509668039427#9
0000 001B 2000 0000 0000 0000#1626595934282164#-44.0#3.313398501832985#9
0000 0013 2000 0000 0000 0000#1626595934283188#-46.0#3.356349963893783#9
0000 000F 2000 0000 0000 0000#1626595934284677#-31.0#3.7429131224409646#9
0000 0011 2000 0000 0000 0000#1626595934286090#-37.0#3.356349963893783#9
0000 001C 2000 0000 0000 0000#1626595934287401#-47.5#3.153864499892878#9
0000 0017 2000 0000 0000 0000#1626595934288506#-26.5#3.6570101983193686#9
0000 001A 2000 0000 0000 0000#1626595934289767#-40.5#3.1784081924990484#9
0000 001D 2000 0000 0000 0000#1626595934291339#-52.0#2.5832236467994196#9
0000 0018 2000 0000 0000 0000#1626595934292454#-31.5#3.6447383520162835#9
0000 0019 2000 0000 0000 0000#1626595934293857#-37.5#3.5281558121369745#9
0000 0015 2000 0000 0000 0000#1626595934295778#-56.5#2.3930100291016#9
0000 0012 2000 0000 0000 0000#1626595934296839#-42.5#3.3318062712876126#9
0000 0014 2000 0000 0000 0000#1626595934298295#-49.0#2.9759227284981438#9
0000 0010 2000 0000 0000 0000#1626595934560918#-32.5#3.380893656499953#9
0000 0018 2000 0000 0000 0000#1626595934561935#-32.5#3.5465635815916023#9
0000 001A 2000 0000 0000 0000#1626595934563693#-40.5#2.724349879284899#9
0000 0017 2000 0000 0000 0000#1626595934565256#-26.5#3.6999616603801666#9
0000 001B 2000 0000 0000 0000#1626595934566590#-45.5#2.748893571891069#9
0000 000F 2000 0000 0000 0000#1626595934567625#-30.5#3.718369429834794#9
0000 0011 2000 0000 0000 0000#1626595934569425#-38.0#2.9820586516496865#9
0000 0016 2000 0000 0000 0000#1626595934570947#-32.5#4.669437518323892#9
0000 0012 2000 0000 0000 0000#1626595934572496#-43.0#2.84706834231575#9
0000 001C 2000 0000 0000 0000#1626595934573562#-50.0#2.4175537217077703#9
0000 0013 2000 0000 0000 0000#1626595934576112#-48.0#2.718213956133356#9
0000 001D 2000 0000 0000 0000#1626595934579132#-55.5#1.607611865704152#9
0000 0019 2000 0000 0000 0000#1626595934581306#-38.0#3.184544115650591#9
0000 0015 2000 0000 0000 0000#1626595934582499#-59.5#1.1658253987930873#9
0000 0014 2000 0000 0000 0000#1626595934583493#-51.5#2.172116795646068#9
0000 000F 2000 0000 0000 0000#1626595934588771#-30.5#3.693825737228624#9
0000 0016 2000 0000 0000 0000#1626595934590320#-32.0#4.663301595172349#9
0000 001B 2000 0000 0000 0000#1626595934591625#-45.5#2.6813984172241008#9
0000 0011 2000 0000 0000 0000#1626595934592809#-36.5#2.9206994201342606#9
0000 001C 2000 0000 0000 0000#1626595934593865#-50.5#2.350058567040802#9
0000 0017 2000 0000 0000 0000#1626595934595170#-26.5#3.6754179677739964#9
0000 0019 2000 0000 0000 0000#1626595934597524#-38.0#3.147728576741336#9
0000 0018 2000 0000 0000 0000#1626595934598589#-32.5#3.485204350076177#9
0000 001A 2000 0000 0000 0000#1626595934600619#-40.0#2.6445828783148455#9
0000 0014 2000 0000 0000 0000#1626595934602382#-52.0#2.086213871524472#9
0000 0010 2000 0000 0000 0000#1626595934604290#-33.0#3.313398501832985#9
0000 0013 2000 0000 0000 0000#1626595934605361#-48.0#2.6200391857086753#9
0000 0015 2000 0000 0000 0000#1626595934608569#-59.5#1.0492428589137786#9
0000 0012 2000 0000 0000 0000#1626595934610339#-41.5#2.748893571891069#9
0000 001D 2000 0000 0000 0000#1626595934611638#-55.5#1.3989904785517047#9
0000 000F 2000 0000 0000 0000#1626595934877421#-31.0#3.902447124381071#9
0000 0011 2000 0000 0000 0000#1626595934878609#-38.5#2.8654761117703775#9
0000 0015 2000 0000 0000 0000#1626595934879916#-47.0#5.8045833013592665#9
0000 001A 2000 0000 0000 0000#1626595934881004#-41.5#2.4911847995262812#9
3008 33B2 DDD9 0140 2018 0626#1626595934882039#-62.5#5.970253226450915#9
0000 0014 2000 0000 0000 0000#1626595934883117#-53.0#1.1351457830353744#9
0000 0012 2000 0000 0000 0000#1626595934884218#-44.5#2.5280003384355365#9
0000 0017 2000 0000 0000 0000#1626595934885495#-27.0#3.9515345095934116#9
0000 001B 2000 0000 0000 0000#1626595934886531#-48.0#2.1905245651006955#9
0000 0018 2000 0000 0000 0000#1626595934887929#-32.0#3.6017868899554855#9
0000 0010 2000 0000 0000 0000#1626595934889541#-33.0#3.380893656499953#9
0000 0013 2000 0000 0000 0000#1626595934890568#-50.5#1.9634954084936207#9
0000 001D 2000 0000 0000 0000#1626595934891785#-49.0#5.970253226450915#9
0000 0019 2000 0000 0000 0000#1626595934893063#-38.5#3.117048960983623#9
0000 0016 2000 0000 0000 0000#1626595934894099#-31.5#4.988505522204105#9
0000 001C 2000 0000 0000 0000#1626595934895911#-52.5#1.3130875544301088#9
0000 0012 2000 0000 0000 0000#1626595934901503#-45.0#2.4727770300716534#9
0000 0016 2000 0000 0000 0000#1626595934902810#-31.5#4.994641445355648#9
0000 0013 2000 0000 0000 0000#1626595934905481#-50.5#1.8960002538266525#9
0000 0018 2000 0000 0000 0000#1626595934906586#-33.0#3.56497135104623#9
0000 0017 2000 0000 0000 0000#1626595934907960#-27.0#3.9147189706841563#9
0000 001B 2000 0000 0000 0000#1626595934909558#-48.5#2.098485717827557#9
0000 0010 2000 0000 0000 0000#1626595934910912#-33.0#3.3318062712876126#9
0000 0015 2000 0000 0000 0000#1626595934912449#-46.0#5.577554144752192#9
0000 000F 2000 0000 0000 0000#1626595934913468#-31.5#3.822680123411018#9
0000 001A 2000 0000 0000 0000#1626595934914627#-42.0#2.399145952253143#9
0000 001D 2000 0000 0000 0000#1626595934915971#-47.5#5.7616318392984684#9
0000 0019 2000 0000 0000 0000#1626595934917018#-38.5#3.031146036862027#9
0000 0011 2000 0000 0000 0000#1626595934918079#-38.5#2.761165418194154#9
0000 001C 2000 0000 0000 0000#1626595934919450#-52.0#1.141281706186917#9
0000 0014 2000 0000 0000 0000#1626595934920485#-53.0#0.9326603190344698#9
3008 33B2 DDD9 0140 2018 0626#1626595934921676#-62.5#5.988660995905543#9
0000 0011 2000 0000 0000 0000#1626595935187349#-41.0#1.6996507129772904#9
0000 001C 2000 0000 0000 0000#1626595935188658#-44.0#4.516039439535327#9
0000 000F 2000 0000 0000 0000#1626595935190008#-32.5#2.890019804376548#9
3008 33B2 DDD9 0140 2018 0626#1626595935191086#-62.0#5.344389064993574#9
0000 0017 2000 0000 0000 0000#1626595935192190#-28.0#3.0066023442558567#9
0000 001A 2000 0000 0000 0000#1626595935197930#-45.0#1.1167380135807468#9
0000 0012 2000 0000 0000 0000#1626595935199135#-48.0#0.9572040116406401#9
0000 0013 2000 0000 0000 0000#1626595935200203#-51.0#6.007068765360171#9
0000 0016 2000 0000 0000 0000#1626595935202290#-33.0#4.239922897715912#9
0000 0010 2000 0000 0000 0000#1626595935203694#-36.5#2.3009711818284617#9
0000 0018 2000 0000 0000 0000#1626595935204793#-33.5#2.5464081078901644#9
0000 001B 2000 0000 0000 0000#1626595935205845#-51.5#0.20248546400090464#9
0000 0019 2000 0000 0000 0000#1626595935206909#-40.0#1.9634954084936207#9
0000 001D 2000 0000 0000 0000#1626595935208099#-46.0#3.933126740138784#9
0000 0014 2000 0000 0000 0000#1626595935209180#-43.0#4.227651051412827#9
0000 0015 2000 0000 0000 0000#1626595935210400#-52.5#4.104932588381976#9
0000 001C 2000 0000 0000 0000#1626595935214055#-43.0#4.344233591292136#9
0000 0011 2000 0000 0000 0000#1626595935215639#-40.0#1.607611865704152#9
0000 0016 2000 0000 0000 0000#1626595935217174#-33.5#4.215379205109742#9
0000 0014 2000 0000 0000 0000#1626595935218228#-42.5#4.184699589352029#9
0000 0017 2000 0000 0000 0000#1626595935219259#-28.0#2.9391071895888885#9
0000 0018 2000 0000 0000 0000#1626595935220523#-34.5#2.5157284921324514#9
0000 001A 2000 0000 0000 0000#1626595935221678#-43.5#1.0369710126106935#9
0000 000F 2000 0000 0000 0000#1626595935222713#-32.5#2.82252464970958#9
0000 0015 2000 0000 0000 0000#1626595935224018#-53.0#4.06811704947272#9
0000 0010 2000 0000 0000 0000#1626595935225644#-35.0#2.227340104009951#9
0000 0013 2000 0000 0000 0000#1626595935226729#-50.0#5.743224069843841#9
0000 0019 2000 0000 0000 0000#1626595935229444#-40.0#1.902136176978195#9
0000 0012 2000 0000 0000 0000#1626595935230557#-47.5#0.8160777791551611#9
0000 001B 2000 0000 0000 0000#1626595935232079#-52.0#0.01227184630308513#9
0000 001D 2000 0000 0000 0000#1626595935236500#-47.0#3.877903431774901#9
0000 0019 2000 0000 0000 0000#1626595935502337#-45.5#0.6872233929727672#9
0000 0010 2000 0000 0000 0000#1626595935503341#-40.0#1.2026409377023426#9
0000 001C 2000 0000 0000 0000#1626595935504384#-46.0#3.129320807286708#9
0000 0011 2000 0000 0000 0000#1626595935505470#-45.5#0.09817477042468103#9
0000 0013 2000 0000 0000 0000#1626595935508666#-41.5#3.1906800388021335#9
0000 000F 2000 0000 0000 0000#1626595935509744#-35.0#1.859184714917397#9
0000 0014 2000 0000 0000 0000#1626595935511580#-51.0#2.9943304979527716#9
0000 0012 2000 0000 0000 0000#1626595935512840#-46.5#4.577398671050753#9
0000 001A 2000 0000 0000 0000#1626595935513942#-48.0#5.21553467881118#9
0000 001D 2000 0000 0000 0000#1626595935515244#-59.5#1.9512235621905356#9
0000 0016 2000 0000 0000 0000#1626595935516297#-36.0#3.3072625786814425#9
0000 0017 2000 0000 0000 0000#1626595935518085#-30.5#1.9512235621905356#9
0000 0015 2000 0000 0000 0000#1626595935519136#-64.0#1.8162332528565992#9
0000 0018 2000 0000 0000 0000#1626595935520226#-38.5#1.4910293258248433#9
0000 001B 2000 0000 0000 0000#1626595935522732#-42.0#3.3195344249845276#9
0000 0015 2000 0000 0000 0000#1626595935529213#-64.0#1.7916895602504288#9
0000 0017 2000 0000 0000 0000#1626595935530275#-30.0#1.932815792735908#9
0000 001A 2000 0000 0000 0000#1626595935531656#-46.0#5.086680292628786#9
0000 0010 2000 0000 0000 0000#1626595935532999#-38.5#1.1106020904292042#9
0000 0018 2000 0000 0000 0000#1626595935534171#-37.5#1.4542137869155878#9
0000 000F 2000 0000 0000 0000#1626595935536494#-35.5#1.8100973297050567#9
0000 001B 2000 0000 0000 0000#1626595935538326#-41.5#3.2765829629237295#9
0000 0016 2000 0000 0000 0000#1626595935539392#-36.0#3.2520392703175593#9
0000 001D 2000 0000 0000 0000#1626595935541681#-59.5#1.761009944492716#9
0000 0019 2000 0000 0000 0000#1626595935543709#-46.0#0.4908738521234052#9
0000 0012 2000 0000 0000 0000#1626595935545254#-44.5#4.221515128261284#9
0000 0011 2000 0000 0000 0000#1626595935548010#-46.0#6.154330920997192#9
0000 0014 2000 0000 0000 0000#1626595935549663#-53.0#2.8961557275280905#9
0000 0013 2000 0000 0000 0000#1626595935550717#-42.0#3.067961575771282#9
0000 001C 2000 0000 0000 0000#1626595935552031#-48.5#3.129320807286708#9
0000 0012 2000 0000 0000 0000#1626595935818743#-40.0#3.098641191528995#9
0000 0017 2000 0000 0000 0000#1626595935820420#-33.5#1.5830681730979816#9
0000 0015 2000 0000 0000 0000#1626595935821500#-58.5#4.485359823777615#9
0000 0016 2000 0000 0000 0000#1626595935822806#-37.5#2.9022916506796332#9
0000 001B 2000 0000 0000 0000#1626595935824112#-47.0#3.1784081924990484#9
0000 0013 2000 0000 0000 0000#1626595935825466#-51.0#2.8961557275280905#9
0000 001A 2000 0000 0000 0000#1626595935827064#-39.0#3.1968159619536762#9
0000 001D 2000 0000 0000 0000#1626595935828099#-57.5#5.074408446325701#9
0000 001C 2000 0000 0000 0000#1626595935829172#-57.5#2.2457478734645786#9
0000 0019 2000 0000 0000 0000#1626595935830702#-46.5#5.166447293598839#9
0000 0018 2000 0000 0000 0000#1626595935831861#-43.5#0.8713010875190442#9
0000 000F 2000 0000 0000 0000#1626595935833846#-39.5#1.3744467859455345#9
0000 0011 2000 0000 0000 0000#1626595935834960#-42.0#4.3074180523828804#9
0000 0010 2000 0000 0000 0000#1626595935836090#-43.5#0.1718058482431918#9
0000 0014 2000 0000 0000 0000#1626595935837155#-59.0#1.423534171157875#9
0000 001C 2000 0000 0000 0000#1626595935842263#-57.5#2.141437179888355#9
0000 000F 2000 0000 0000 0000#1626595935843282#-40.0#1.3621749396424494#9
0000 0016 2000 0000 0000 0000#1626595935844591#-37.5#2.84706834231575#9
0000 0010 2000 0000 0000 0000#1626595935846119#-45.5#0.15339807878856412#9
0000 001D 2000 0000 0000 0000#1626595935847638#-58.0#4.804427827657828#9
0000 001B 2000 0000 0000 0000#1626595935848944#-48.5#3.172272269347506#9
0000 0012 2000 0000 0000 0000#1626595935850519#-40.5#3.0250101137104846#9
0000 0018 2000 0000 0000 0000#1626595935851594#-44.0#0.8099418560036186#9
0000 001A 2000 0000 0000 0000#1626595935854419#-39.0#3.129320807286708#9
0000 0017 2000 0000 0000 0000#1626595935856463#-34.5#1.509437095279471#9
0000 0014 2000 0000 0000 0000#1626595935857815#-59.5#1.2640001692177683#9
0000 0013 2000 0000 0000 0000#1626595935858869#-52.0#2.742757648739526#9
0000 0015 2000 0000 0000 0000#1626595935861245#-58.0#4.129476280988146#9
0000 0019 2000 0000 0000 0000#1626595935862632#-46.0#4.92714629068868#9
0000 0011 2000 0000 0000 0000#1626595935864546#-41.5#4.0987966652304335#9
0000 000F 2000 0000 0000 0000#1626595936129431#-45.0#1.1044661672776617#9
0000 0014 2000 0000 0000 0000#1626595936131325#-59.5#5.2339424482658075#9
0000 0016 2000 0000 0000 0000#1626595936132404#-40.0#3.074097498922825#9
0000 0011 2000 0000 0000 0000#1626595936134628#-38.5#3.8288160465625602#9
0000 001D 2000 0000 0000 0000#1626595936135705#-55.0#3.1231848841351653#9
0000 0015 2000 0000 0000 0000#1626595936138275#-54.0#2.5954954931025047#9
0000 0010 2000 0000 0000 0000#1626595936139377#-42.5#5.080544369477243#9
0000 0019 2000 0000 0000 0000#1626595936141044#-39.0#4.1601558967458585#9
0000 0018 2000 0000 0000 0000#1626595936142306#-46.5#6.105243535784852#9
0000 001A 2000 0000 0000 0000#1626595936143609#-45.0#3.54042765844006#9
0000 0017 2000 0000 0000 0000#1626595936144655#-39.5#1.5278448647340985#9
0000 0012 2000 0000 0000 0000#1626595936145920#-49.5#3.356349963893783#9
0000 001B 2000 0000 0000 0000#1626595936147324#-53.5#2.5954954931025047#9
0000 0013 2000 0000 0000 0000#1626595936148633#-53.0#1.9757672547967058#9
0000 001C 2000 0000 0000 0000#1626595936150072#-63.5#0.32520392703175593#9
0000 0011 2000 0000 0000 0000#1626595936153587#-39.0#3.785864584501762#9
0000 0015 2000 0000 0000 0000#1626595936154665#-54.0#2.5034566458293663#9
0000 0016 2000 0000 0000 0000#1626595936156460#-40.0#3.0372819600135696#9
0000 0010 2000 0000 0000 0000#1626595936157991#-42.5#4.994641445355648#9
0000 0012 2000 0000 0000 0000#1626595936159097#-50.0#3.313398501832985#9
0000 0019 2000 0000 0000 0000#1626595936160129#-39.0#4.123340357836604#9
0000 000F 2000 0000 0000 0000#1626595936163398#-46.0#0.9142525495798421#9
0000 001A 2000 0000 0000 0000#1626595936164915#-46.0#3.5465635815916023#9
0000 0014 2000 0000 0000 0000#1626595936166251#-58.5#4.908738521234052#9
0000 0018 2000 0000 0000 0000#1626595936168174#-44.5#5.939573610693203#9
0000 0017 2000 0000 0000 0000#1626595936169239#-39.5#1.4726215563702154#9
0000 001B 2000 0000 0000 0000#1626595936171144#-54.0#2.429825568010856#9
0000 001D 2000 0000 0000 0000#1626595936173076#-54.5#2.8777479580734626#9
0000 0013 2000 0000 0000 0000#1626595936174115#-53.5#1.7732817907958012#9
0000 001C 2000 0000 0000 0000#1626595936176138#-63.0#6.129787228391022#9
3008 33B2 DDD9 0140 2018 0626#1626595936177304#-62.5#5.780039608753096#9
0000 001C 2000 0000 0000 0000#1626595936441976#-58.0#3.3379421944391554#9
0000 0012 2000 0000 0000 0000#1626595936443005#-53.0#1.2762720155208536#9
0000 000F 2000 0000 0000 0000#1626595936444072#-45.0#5.0253210611133605#9
0000 001D 2000 0000 0000 0000#1626595936445475#-56.0#1.4603497100671303#9
0000 0015 2000 0000 0000 0000#1626595936446501#-59.5#0.4908738521234052#9
0000 001A 2000 0000 0000 0000#1626595936447902#-51.0#1.8407769454627694#9
0000 0018 2000 0000 0000 0000#1626595936450421#-42.5#4.276738436625168#9
0000 0010 2000 0000 0000 0000#1626595936452091#-42.0#3.792000507653305#9
0000 0016 2000 0000 0000 0000#1626595936454803#-46.0#1.8653206380689396#9
0000 001B 2000 0000 0000 0000#1626595936456578#-59.0#5.4671075280244255#9
0000 0013 2000 0000 0000 0000#1626595936458342#-56.5#4.614214209960009#9
0000 0011 2000 0000 0000 0000#1626595936459999#-49.5#2.8532042654672924#9
0000 0017 2000 0000 0000 0000#1626595936461019#-43.5#5.559146375297564#9
0000 0019 2000 0000 0000 0000#1626595936462338#-47.0#3.356349963893783#9
0000 0014 2000 0000 0000 0000#1626595936463862#-55.5#2.6568547246179306#9
0000 0012 2000 0000 0000 0000#1626595936473388#-54.0#1.0246991663076084#9
0000 0018 2000 0000 0000 0000#1626595936474561#-44.0#4.227651051412827#9
0000 001C 2000 0000 0000 0000#1626595936476452#-58.0#3.0127382674073995#9
0000 0010 2000 0000 0000 0000#1626595936477709#-43.5#3.767456815047135#9
0000 0015 2000 0000 0000 0000#1626595936478790#-61.0#0.3313398501832985#9
0000 0013 2000 0000 0000 0000#1626595936480097#-56.0#4.4362724385652745#9
0000 0011 2000 0000 0000 0000#1626595936481385#-49.5#2.7550294950426117#9
0000 0016 2000 0000 0000 0000#1626595936482465#-47.0#1.7671458676442586#9
0000 001D 2000 0000 0000 0000#1626595936483769#-57.5#1.3008157081270237#9
0000 000F 2000 0000 0000 0000#1626595936484890#-45.0#4.878058905476339#9
0000 001A 2000 0000 0000 0000#1626595936485947#-53.0#1.662835174068035#9
0000 0017 2000 0000 0000 0000#1626595936487041#-43.5#5.405748296509#9
0000 001B 2000 0000 0000 0000#1626595936488466#-58.0#5.098952138931871#9
0000 0014 2000 0000 0000 0000#1626595936489520#-55.5#2.509592568980909#9
0000 0019 2000 0000 0000 0000#1626595936491320#-48.5#3.2949907323783574#9
0000 0018 2000 0000 0000 0000#1626595936764619#-50.0#3.08636934522591#9
0000 0014 2000 0000 0000 0000#1626595936766198#-60.0#0.6258641614573416#9
0000 001B 2000 0000 0000 0000#1626595936767865#-56.0#2.4911847995262812#9
0000 0010 2000 0000 0000 0000#1626595936768908#-51.5#2.4175537217077703#9
0000 0016 2000 0000 0000 0000#1626595936770001#-49.0#5.688000761479957#9
0000 0017 2000 0000 0000 0000#1626595936771558#-41.5#3.718369429834794#9
0000 000F 2000 0000 0000 0000#1626595936772821#-46.5#3.552699504743145#9
0000 001A 2000 0000 0000 0000#1626595936774401#-54.5#4.104932588381976#9
0000 0019 2000 0000 0000 0000#1626595936775435#-54.0#1.380582709097077#9
0000 0013 2000 0000 0000 0000#1626595936776491#-55.0#1.9634954084936207#9
0000 0011 2000 0000 0000 0000#1626595936779614#-55.0#6.240233845118788#9
0000 0012 2000 0000 0000 0000#1626595936781057#-52.5#3.509748042682347#9
0000 001C 2000 0000 0000 0000#1626595936785079#-59.5#1.2517283229146832#9
0000 0019 2000 0000 0000 0000#1626595936789950#-54.0#1.2210487071569704#9
0000 0010 2000 0000 0000 0000#1626595936792830#-51.5#2.2396119503130363#9
0000 0012 2000 0000 0000 0000#1626595936794186#-52.5#3.399301425954581#9
0000 0018 2000 0000 0000 0000#1626595936795462#-50.5#2.9206994201342606#9
0000 000F 2000 0000 0000 0000#1626595936796752#-46.5#3.522019888985432#9
0000 0017 2000 0000 0000 0000#1626595936797757#-42.0#3.6570101983193686#9
0000 0016 2000 0000 0000 0000#1626595936799061#-49.0#5.5714182216006485#9
0000 0014 2000 0000 0000 0000#1626595936800089#-61.5#0.35588354278946877#9
0000 001C 2000 0000 0000 0000#1626595936801190#-60.5#1.141281706186917#9
0000 001B 2000 0000 0000 0000#1626595936802271#-56.5#2.3009711818284617#9
0000 0013 2000 0000 0000 0000#1626595936803368#-55.0#1.8530487917658545#9
0000 001A 2000 0000 0000 0000#1626595936806028#-53.0#3.810408277107933#9
0000 0011 2000 0000 0000 0000#1626595936807131#-54.5#5.810719224510809#9
0000 001B 2000 0000 0000 0000#1626595937070716#-57.5#0.9019807032767571#9
0000 0018 2000 0000 0000 0000#1626595937073651#-52.0#1.380582709097077#9
0000 0017 2000 0000 0000 0000#1626595937074686#-44.5#2.9329712664373457#9
0000 0010 2000 0000 0000 0000#1626595937076299#-53.0#0.030679615757712823#9
0000 0019 2000 0000 0000 0000#1626595937078072#-55.5#4.485359823777615#9
0000 0016 2000 0000 0000 0000#1626595937079407#-48.0#4.638757902566179#9
0000 0013 2000 0000 0000 0000#1626595937080504#-59.5#0.03681553890925539#9
0000 0011 2000 0000 0000 0000#1626595937081671#-50.0#3.3195344249845276#9
0000 0012 2000 0000 0000 0000#1626595937083624#-52.5#1.521708941582556#9
0000 000F 2000 0000 0000 0000#1626595937085959#-51.0#2.4727770300716534#9
0000 0015 2000 0000 0000 0000#1626595937087279#-62.5#2.564815877344792#9
0000 001A 2000 0000 0000 0000#1626595937088624#-51.5#1.9634954084936207#9
0000 0015 2000 0000 0000 0000#1626595937093641#-62.5#2.5402721847386216#9
0000 0016 2000 0000 0000 0000#1626595937095815#-48.0#4.589670517353839#9
0000 001B 2000 0000 0000 0000#1626595937097621#-58.0#0.7363107781851077#9
0000 001A 2000 0000 0000 0000#1626595937098940#-51.5#1.932815792735908#9
0000 0017 2000 0000 0000 0000#1626595937100469#-44.5#2.834796496012665#9
0000 0012 2000 0000 0000 0000#1626595937109699#-51.0#2.1046216409791#9
0000 0018 2000 0000 0000 0000#1626595937111244#-52.5#1.8960002538266525#9
0000 0011 2000 0000 0000 0000#1626595937112397#-49.5#3.9760782021995817#9
0000 000F 2000 0000 0000 0000#1626595937113945#-51.0#3.1231848841351653#9
0000 0010 2000 0000 0000 0000#1626595937116231#-53.5#0.5338253141842031#9
0000 0019 2000 0000 0000 0000#1626595937119034#-54.0#5.0253210611133605#9
0000 0013 2000 0000 0000 0000#1626595937120361#-58.5#0.44178646691106466#9
0000 0016 2000 0000 0000 0000#1626595937384201#-51.5#4.387185053352934#9
