0000 001B 2000 0000 0000 0000#1626596078221739#-49.5#0.760854470791278#9
0000 0012 2000 0000 0000 0000#1626596078223255#-48.5#6.160466844148735#9
0000 001D 2000 0000 0000 0000#1626596078225423#-48.5#3.098641191528995#9
0000 0011 2000 0000 0000 0000#1626596078226439#-44.5#5.00077736850719#9
0000 001A 2000 0000 0000 0000#1626596078227529#-45.5#5.5714182216006485#9
0000 001C 2000 0000 0000 0000#1626596078228570#-48.5#2.110757564130642#9
0000 0010 2000 0000 0000 0000#1626596078230057#-44.5#4.534447208989955#9
3008 33B2 DDD9 0140 2018 0626#1626596078231860#-62.0#5.9518454569962875#9
0000 0019 2000 0000 0000 0000#1626596078233178#-44.5#4.878058905476339#9
0000 000F 2000 0000 0000 0000#1626596078234270#-48.0#4.025165587411922#9
0000 0018 2000 0000 0000 0000#1626596078236683#-46.0#4.338097668140593#9
0000 0017 2000 0000 0000 0000#1626596078238150#-47.5#3.2704470397721868#9
0000 0013 2000 0000 0000 0000#1626596078239473#-50.0#1.2640001692177683#9
0000 0014 2000 0000 0000 0000#1626596078242461#-49.5#2.5280003384355365#9
0000 0015 2000 0000 0000 0000#1626596078243670#-50.5#3.5956509668039427#9
0000 0019 2000 0000 0000 0000#1626596078250149#-44.5#4.878058905476339#9
0000 001C 2000 0000 0000 0000#1626596078251193#-49.0#2.1046216409791#9
0000 0010 2000 0000 0000 0000#1626596078252239#-44.5#4.546719055293041#9
0000 001D 2000 0000 0000 0000#1626596078253383#-47.5#3.1231848841351653#9
0000 0012 2000 0000 0000 0000#1626596078254684#-48.5#6.2034183062095325#9
0000 0015 2000 0000 0000 0000#1626596078255706#-50.5#3.5956509668039427#9
0000 0011 2000 0000 0000 0000#1626596078258238#-44.5#5.006913291658733#9
3008 33B2 DDD9 0140 2018 0626#1626596078259927#-62.0#6.031612457966341#9
0000 001A 2000 0000 0000 0000#1626596078261315#-45.5#5.608233760509904#9
0000 0018 2000 0000 0000 0000#1626596078262414#-44.0#4.331961744989051#9
0000 0017 2000 0000 0000 0000#1626596078263461#-47.5#3.3195344249845276#9
0000 000F 2000 0000 0000 0000#1626596078266536#-47.5#4.049709280018092#9
0000 0014 2000 0000 0000 0000#1626596078267630#-49.5#2.5280003384355365#9
0000 0013 2000 0000 0000 0000#1626596078268853#-50.5#1.282407938672396#9
0000 001B 2000 0000 0000 0000#1626596078269903#-49.5#0.7363107781851077#9
0000 0011 2000 0000 0000 0000#1626596078532640#-43.5#4.841243366567084#9
0000 0019 2000 0000 0000 0000#1626596078534747#-45.0#4.706253057233147#9
0000 001D 2000 0000 0000 0000#1626596078535851#-48.5#2.9145634969827183#9
0000 000F 2000 0000 0000 0000#1626596078536970#-48.5#3.9085830475326135#9
0000 0015 2000 0000 0000 0000#1626596078538064#-51.0#3.436116964863836#9
0000 0017 2000 0000 0000 0000#1626596078539110#-48.5#3.08636934522591#9
3008 33B2 DDD9 0140 2018 0626#1626596078541608#-62.5#5.589825991055276#9
0000 0014 2000 0000 0000 0000#1626596078543128#-50.0#2.337786720737717#9
0000 0018 2000 0000 0000 0000#1626596078545382#-46.0#4.190835512503572#9
0000 0010 2000 0000 0000 0000#1626596078546997#-43.0#4.399456899656019#9
0000 001B 2000 0000 0000 0000#1626596078548286#-49.0#0.5399612373357456#9
0000 001C 2000 0000 0000 0000#1626596078549972#-48.5#1.9205439464328227#9
0000 001A 2000 0000 0000 0000#1626596078552114#-45.5#5.405748296509#9
0000 0012 2000 0000 0000 0000#1626596078553775#-48.5#5.964117303299373#9
0000 0013 2000 0000 0000 0000#1626596078554870#-50.5#1.0676506283684062#9
0000 0011 2000 0000 0000 0000#1626596078567703#-45.0#4.454680208019902#9
0000 0017 2000 0000 0000 0000#1626596078568807#-48.5#2.718213956133356#9
0000 0010 2000 0000 0000 0000#1626596078570107#-45.0#3.988350048502667#9
0000 0012 2000 0000 0000 0000#1626596078571680#-49.0#5.595961914206819#9
0000 001A 2000 0000 0000 0000#1626596078573894#-45.5#5.037592907416445#9
0000 0018 2000 0000 0000 0000#1626596078574984#-47.0#3.792000507653305#9
0000 001B 2000 0000 0000 0000#1626596078577462#-49.5#0.15339807878856412#9
0000 0019 2000 0000 0000 0000#1626596078579007#-45.0#4.325825821837508#9
0000 000F 2000 0000 0000 0000#1626596078580258#-48.5#3.5036121195308043#9
0000 001D 2000 0000 0000 0000#1626596078581333#-48.5#2.509592568980909#9
0000 001C 2000 0000 0000 0000#1626596078582444#-49.5#1.5585244804918115#9
0000 0014 2000 0000 0000 0000#1626596078583496#-49.0#1.9512235621905356#9
0000 0013 2000 0000 0000 0000#1626596078587082#-51.5#0.6994952392758523#9
0000 0015 2000 0000 0000 0000#1626596078591452#-51.5#3.000466421104314#9
0000 0018 2000 0000 0000 0000#1626596078854136#-47.0#3.988350048502667#9
0000 001B 2000 0000 0000 0000#1626596078855173#-49.0#0.3436116964863836#9
0000 0014 2000 0000 0000 0000#1626596078856482#-49.5#2.1353012567368124#9
0000 0015 2000 0000 0000 0000#1626596078857572#-51.5#3.2581751934691017#9
0000 0012 2000 0000 0000 0000#1626596078860313#-48.5#5.798447378207723#9
0000 0017 2000 0000 0000 0000#1626596078862313#-48.0#2.9022916506796332#9
0000 001C 2000 0000 0000 0000#1626596078864692#-48.5#1.7119225592803755#9
0000 0011 2000 0000 0000 0000#1626596078866684#-45.5#4.638757902566179#9
0000 001D 2000 0000 0000 0000#1626596078867687#-48.5#2.7120780329818137#9
0000 000F 2000 0000 0000 0000#1626596078871190#-48.5#3.6754179677739964#9
0000 001A 2000 0000 0000 0000#1626596078872462#-45.5#5.190990986205009#9
0000 0010 2000 0000 0000 0000#1626596078873559#-43.0#4.178563666200486#9
0000 0019 2000 0000 0000 0000#1626596078874609#-45.0#4.491495746929157#9
0000 0013 2000 0000 0000 0000#1626596078876266#-51.0#0.9019807032767571#9
0000 0014 2000 0000 0000 0000#1626596078881480#-49.5#2.12916533358527#9
0000 0017 2000 0000 0000 0000#1626596078883567#-48.0#2.9084275738311756#9
0000 001B 2000 0000 0000 0000#1626596078884602#-49.0#0.380427235395639#9
0000 001A 2000 0000 0000 0000#1626596078885662#-45.5#5.184855063053467#9
3008 33B2 DDD9 0140 2018 0626#1626596078886736#-62.5#5.3627968344482015#9
0000 0012 2000 0000 0000 0000#1626596078887781#-48.5#5.767767762450011#9
0000 0015 2000 0000 0000 0000#1626596078888888#-51.0#3.2336315008629315#9
0000 0011 2000 0000 0000 0000#1626596078889934#-45.5#4.632621979414636#9
0000 000F 2000 0000 0000 0000#1626596078891274#-48.0#3.6754179677739964#9
0000 0018 2000 0000 0000 0000#1626596078892292#-47.0#3.9760782021995817#9
0000 0013 2000 0000 0000 0000#1626596078893330#-51.0#0.8897088569736719#9
0000 0010 2000 0000 0000 0000#1626596078894430#-44.5#4.184699589352029#9
0000 0019 2000 0000 0000 0000#1626596078895467#-45.0#4.491495746929157#9
0000 0001 0000 0000 0000 0000#1626596078897651#-65.5#6.074563920027139#9
0000 001D 2000 0000 0000 0000#1626596078898655#-48.5#2.718213956133356#9
0000 001C 2000 0000 0000 0000#1626596078899681#-48.5#1.7426021750380885#9
0000 001A 2000 0000 0000 0000#1626596079165099#-46.0#4.620350133111551#9
0000 001B 2000 0000 0000 0000#1626596079166152#-49.5#6.043884304269426#9
0000 001D 2000 0000 0000 0000#1626596079167910#-48.5#2.1475731030398975#9
0000 000F 2000 0000 0000 0000#1626596079170271#-49.0#3.067961575771282#9
0000 0019 2000 0000 0000 0000#1626596079171287#-46.0#3.9147189706841563#9
0000 0014 2000 0000 0000 0000#1626596079172342#-50.0#1.5830681730979816#9
0000 001C 2000 0000 0000 0000#1626596079173396#-49.0#1.1903690913992575#9
0000 0010 2000 0000 0000 0000#1626596079174428#-45.0#3.5895150436524004#9
0000 0013 2000 0000 0000 0000#1626596079176246#-51.0#0.32520392703175593#9
0000 0012 2000 0000 0000 0000#1626596079178128#-47.5#5.21553467881118#9
0000 0011 2000 0000 0000 0000#1626596079179769#-44.0#4.049709280018092#9
0000 0018 2000 0000 0000 0000#1626596079192370#-46.5#3.5833791205008576#9
0000 0017 2000 0000 0000 0000#1626596079193545#-47.5#2.5709518004963345#9
0000 0015 2000 0000 0000 0000#1626596079194822#-50.5#2.82252464970958#9
0000 0001 0000 0000 0000 0000#1626596079195896#-65.5#5.381204603902829#9
0000 001B 2000 0000 0000 0000#1626596079201183#-50.0#6.252505691421874#9
0000 001C 2000 0000 0000 0000#1626596079202237#-49.5#1.41126232485479#9
0000 0019 2000 0000 0000 0000#1626596079204296#-45.5#4.09266074207889#9
0000 0018 2000 0000 0000 0000#1626596079205372#-46.0#3.5956509668039427#9
0000 0012 2000 0000 0000 0000#1626596079206500#-47.5#5.418020142812084#9
0000 0011 2000 0000 0000 0000#1626596079208027#-45.0#4.239922897715912#9
0000 0017 2000 0000 0000 0000#1626596079209333#-47.5#2.5770877236478773#9
0000 001D 2000 0000 0000 0000#1626596079210850#-48.5#2.3746022596469727#9
0000 000F 2000 0000 0000 0000#1626596079212936#-48.0#3.2827188860752723#9
0000 0010 2000 0000 0000 0000#1626596079216494#-45.0#3.767456815047135#9
0000 001A 2000 0000 0000 0000#1626596079218477#-44.5#4.8351074434155406#9
0000 0015 2000 0000 0000 0000#1626596079220347#-50.5#2.8654761117703775#9
0000 0013 2000 0000 0000 0000#1626596079221427#-51.0#0.5890486225480862#9
0000 0014 2000 0000 0000 0000#1626596079226255#-49.5#1.8346410223112268#9
0000 0012 2000 0000 0000 0000#1626596079491966#-49.0#1.2640001692177683#9
0000 0011 2000 0000 0000 0000#1626596079493054#-47.0#5.749359992995383#9
0000 001D 2000 0000 0000 0000#1626596079494087#-45.5#3.736777199289422#9
0000 0015 2000 0000 0000 0000#1626596079495435#-48.5#4.147884050442774#9
0000 0018 2000 0000 0000 0000#1626596079496850#-41.5#4.368777283898306#9
0000 0017 2000 0000 0000 0000#1626596079498368#-37.5#3.2520392703175593#9
0000 001A 2000 0000 0000 0000#1626596079499439#-47.0#0.5645049299419159#9
0000 000F 2000 0000 0000 0000#1626596079500507#-41.5#3.9453985864418692#9
0000 0014 2000 0000 0000 0000#1626596079501801#-46.0#3.32567034813607#9
0000 001C 2000 0000 0000 0000#1626596079502811#-45.0#3.0372819600135696#9
0000 0019 2000 0000 0000 0000#1626596079504269#-47.0#5.436427912266712#9
0000 0010 2000 0000 0000 0000#1626596079505314#-44.0#4.76147636559703#9
0000 001B 2000 0000 0000 0000#1626596079506365#-46.5#2.055534255766759#9
3008 33B2 DDD9 0140 2018 0626#1626596079507894#-61.5#5.8475347634200645#9
0000 0013 2000 0000 0000 0000#1626596079509793#-47.0#2.466641106920111#9
0000 0016 2000 0000 0000 0000#1626596079510900#-49.0#4.0128937411088375#9
0000 0017 2000 0000 0000 0000#1626596079515956#-37.0#3.2581751934691017#9
0000 000F 2000 0000 0000 0000#1626596079517050#-41.5#3.9638063558964967#9
0000 0014 2000 0000 0000 0000#1626596079518614#-45.5#3.3624858870453256#9
0000 001B 2000 0000 0000 0000#1626596079521450#-46.5#2.098485717827557#9
0000 0015 2000 0000 0000 0000#1626596079522726#-48.0#4.2092432819582#9
0000 001D 2000 0000 0000 0000#1626596079524793#-45.0#3.767456815047135#9
0000 0016 2000 0000 0000 0000#1626596079527323#-47.5#3.9760782021995817#9
0000 001C 2000 0000 0000 0000#1626596079528365#-45.0#3.08636934522591#9
0000 0011 2000 0000 0000 0000#1626596079529638#-47.5#5.945709533844745#9
0000 0013 2000 0000 0000 0000#1626596079531160#-46.5#2.521864415283994#9
0000 0018 2000 0000 0000 0000#1626596079532492#-42.5#4.387185053352934#9
0000 0012 2000 0000 0000 0000#1626596079533636#-48.5#1.521708941582556#9
0000 001A 2000 0000 0000 0000#1626596079534696#-47.5#0.7976700097005334#9
0000 0010 2000 0000 0000 0000#1626596079536211#-44.0#4.822835597112456#9
0000 0019 2000 0000 0000 0000#1626596079541868#-47.0#5.5714182216006485#9
0000 0013 2000 0000 0000 0000#1626596079806478#-43.0#2.724349879284899#9
0000 001D 2000 0000 0000 0000#1626596079807982#-43.0#3.77972866135022#9
0000 001B 2000 0000 0000 0000#1626596079810473#-42.5#2.466641106920111#9
0000 0015 2000 0000 0000 0000#1626596079811753#-46.5#4.154019973594316#9
0000 0012 2000 0000 0000 0000#1626596079813012#-44.0#2.0923497946760143#9
0000 0011 2000 0000 0000 0000#1626596079814087#-47.0#0.944932165337555#9
0000 0017 2000 0000 0000 0000#1626596079815362#-35.0#3.11091303783208#9
0000 0019 2000 0000 0000 0000#1626596079817118#-48.5#0.4356505437595221#9
0000 001A 2000 0000 0000 0000#1626596079819178#-43.5#1.6505633277649499#9
0000 0016 2000 0000 0000 0000#1626596079820499#-40.5#3.5895150436524004#9
0000 000F 2000 0000 0000 0000#1626596079822075#-41.5#3.9822141253511245#9
0000 001C 2000 0000 0000 0000#1626596079823346#-41.5#3.2520392703175593#9
0000 0014 2000 0000 0000 0000#1626596079824414#-42.5#3.479068426924634#9
0000 0010 2000 0000 0000 0000#1626596079826949#-46.0#5.45483568172134#9
0000 0018 2000 0000 0000 0000#1626596079829064#-45.0#4.706253057233147#9
0000 0015 2000 0000 0000 0000#1626596079834525#-46.5#4.2092432819582#9
0000 001D 2000 0000 0000 0000#1626596079835586#-43.5#3.847223816017188#9
0000 0018 2000 0000 0000 0000#1626596079837143#-45.0#4.749204519293945#9
0000 0016 2000 0000 0000 0000#1626596079838908#-40.5#3.6079228131070282#9
0000 001B 2000 0000 0000 0000#1626596079840183#-42.0#2.564815877344792#9
0000 0017 2000 0000 0000 0000#1626596079841690#-34.5#3.184544115650591#9
0000 000F 2000 0000 0000 0000#1626596079842968#-41.0#4.031301510563465#9
0000 0014 2000 0000 0000 0000#1626596079844504#-42.5#3.5281558121369745#9
0000 001C 2000 0000 0000 0000#1626596079846771#-41.0#3.313398501832985#9
0000 0010 2000 0000 0000 0000#1626596079848129#-47.0#5.559146375297564#9
0000 0011 2000 0000 0000 0000#1626596079849840#-45.0#1.1351457830353744#9
0000 0019 2000 0000 0000 0000#1626596079851449#-48.5#0.6872233929727672#9
0000 0013 2000 0000 0000 0000#1626596079854998#-42.5#2.859340188618835#9
0000 001A 2000 0000 0000 0000#1626596079856058#-43.0#1.8100973297050567#9
0000 0012 2000 0000 0000 0000#1626596079857212#-42.0#2.2457478734645786#9
0000 001B 2000 0000 0000 0000#1626596080120541#-40.0#3.5281558121369745#9
0000 0010 2000 0000 0000 0000#1626596080122344#-46.0#1.1535535524900022#9
0000 0013 2000 0000 0000 0000#1626596080123625#-41.0#3.767456815047135#9
0000 0017 2000 0000 0000 0000#1626596080124915#-34.5#4.4976316700806995#9
0000 001D 2000 0000 0000 0000#1626596080126073#-40.5#4.601942363656923#9
0000 0016 2000 0000 0000 0000#1626596080127622#-39.0#4.718524903536232#9
0000 001A 2000 0000 0000 0000#1626596080128936#-40.0#2.859340188618835#9
0000 0019 2000 0000 0000 0000#1626596080129999#-44.5#2.2641556429192065#9
0000 0012 2000 0000 0000 0000#1626596080131304#-40.5#3.2397674240144743#9
0000 000F 2000 0000 0000 0000#1626596080132384#-42.0#5.534602682691394#9
0000 0015 2000 0000 0000 0000#1626596080134174#-45.5#4.957825906446392#9
0000 001C 2000 0000 0000 0000#1626596080135445#-39.5#4.172427743048944#9
0000 0018 2000 0000 0000 0000#1626596080136448#-45.5#0.25157284921324513#9
0000 0011 2000 0000 0000 0000#1626596080137632#-41.0#2.4850488763747385#9
0000 0014 2000 0000 0000 0000#1626596080139198#-41.0#4.368777283898306#9
3008 33B2 DDD9 0140 2018 0626#1626596080143563#-61.5#5.166447293598839#9
0000 0011 2000 0000 0000 0000#1626596080148780#-42.5#2.5280003384355365#9
0000 0018 2000 0000 0000 0000#1626596080150087#-45.5#0.3313398501832985#9
0000 0013 2000 0000 0000 0000#1626596080151211#-41.0#3.865631585471816#9
0000 001C 2000 0000 0000 0000#1626596080152808#-39.5#4.221515128261284#9
0000 000F 2000 0000 0000 0000#1626596080154883#-42.0#5.64504929941916#9
0000 0010 2000 0000 0000 0000#1626596080156441#-46.0#1.3130875544301088#9
0000 001B 2000 0000 0000 0000#1626596080157961#-40.0#3.6201946594101133#9
0000 0012 2000 0000 0000 0000#1626596080159279#-40.0#3.3072625786814425#9
0000 0014 2000 0000 0000 0000#1626596080160815#-40.5#4.399456899656019#9
0000 0016 2000 0000 0000 0000#1626596080162347#-39.0#4.822835597112456#9
0000 0017 2000 0000 0000 0000#1626596080163427#-35.5#4.663301595172349#9
0000 001D 2000 0000 0000 0000#1626596080164474#-42.0#4.663301595172349#9
0000 0019 2000 0000 0000 0000#1626596080165551#-44.5#2.399145952253143#9
0000 0015 2000 0000 0000 0000#1626596080166969#-45.5#5.019185137961818#9
0000 001A 2000 0000 0000 0000#1626596080169884#-39.5#2.9575149590435164#9
3008 33B2 DDD9 0140 2018 0626#1626596080171586#-61.0#5.129631754689584#9
0000 0015 2000 0000 0000 0000#1626596080437690#-45.0#5.006913291658733#9
0000 000F 2000 0000 0000 0000#1626596080439750#-40.5#0.4111068511533518#9
0000 0014 2000 0000 0000 0000#1626596080440790#-40.0#4.4976316700806995#9
0000 0012 2000 0000 0000 0000#1626596080441947#-37.0#3.5281558121369745#9
0000 0019 2000 0000 0000 0000#1626596080443280#-41.0#2.742757648739526#9
0000 001A 2000 0000 0000 0000#1626596080445798#-37.5#3.2090878082567613#9
0000 001C 2000 0000 0000 0000#1626596080446926#-38.5#4.368777283898306#9
0000 001B 2000 0000 0000 0000#1626596080448250#-38.5#3.822680123411018#9
0000 0017 2000 0000 0000 0000#1626596080450102#-34.5#5.638913376267617#9
0000 0013 2000 0000 0000 0000#1626596080451426#-39.0#4.061981126321178#9
0000 0011 2000 0000 0000 0000#1626596080452554#-38.0#2.84706834231575#9
0000 0018 2000 0000 0000 0000#1626596080454566#-42.0#1.3499030933393643#9
0000 0016 2000 0000 0000 0000#1626596080456374#-39.0#5.565282298449106#9
0000 001D 2000 0000 0000 0000#1626596080461977#-41.0#4.724660826687775#9
0000 0010 2000 0000 0000 0000#1626596080463069#-41.0#2.0371264863121317#9
0000 001A 2000 0000 0000 0000#1626596080466743#-36.0#3.215223731408304#9
0000 000F 2000 0000 0000 0000#1626596080467805#-40.5#0.5399612373357456#9
0000 0019 2000 0000 0000 0000#1626596080470924#-40.5#2.791845033951867#9
0000 0014 2000 0000 0000 0000#1626596080472580#-40.0#4.534447208989955#9
0000 0013 2000 0000 0000 0000#1626596080473891#-39.0#4.0987966652304335#9
0000 0017 2000 0000 0000 0000#1626596080475732#-32.5#5.743224069843841#9
0000 0016 2000 0000 0000 0000#1626596080476783#-39.0#5.6573211457222445#9
0000 0018 2000 0000 0000 0000#1626596080479661#-42.0#1.4296700943094176#9
0000 0010 2000 0000 0000 0000#1626596080481183#-39.5#2.0800779483729293#9
0000 001B 2000 0000 0000 0000#1626596080482218#-38.5#3.902447124381071#9
0000 001D 2000 0000 0000 0000#1626596080483901#-41.5#4.749204519293945#9
0000 0011 2000 0000 0000 0000#1626596080485063#-39.0#2.9145634969827183#9
0000 0012 2000 0000 0000 0000#1626596080486367#-38.0#3.6201946594101133#9
0000 001C 2000 0000 0000 0000#1626596080487380#-38.0#4.411728745959104#9
0000 0015 2000 0000 0000 0000#1626596080488572#-45.0#5.123495831538041#9
0000 000F 2000 0000 0000 0000#1626596080752098#-36.0#2.2948352586769194#9
0000 0012 2000 0000 0000 0000#1626596080753372#-36.5#4.933282213840222#9
0000 0011 2000 0000 0000 0000#1626596080754675#-36.5#4.23378697456437#9
0000 001A 2000 0000 0000 0000#1626596080756246#-34.5#4.614214209960009#9
0000 0010 2000 0000 0000 0000#1626596080757619#-36.0#3.442252888015379#9
0000 0015 2000 0000 0000 0000#1626596080759179#-44.5#6.025476534814799#9
0000 001B 2000 0000 0000 0000#1626596080760261#-36.0#5.1725832167503825#9
0000 0013 2000 0000 0000 0000#1626596080762341#-37.5#5.356660911296659#9
0000 0017 2000 0000 0000 0000#1626596080763401#-31.0#1.4664856332186729#9
0000 0016 2000 0000 0000 0000#1626596080764652#-37.0#1.4173982480063325#9
0000 0019 2000 0000 0000 0000#1626596080766996#-37.5#4.147884050442774#9
0000 0014 2000 0000 0000 0000#1626596080769422#-38.5#5.700272607783043#9
0000 0018 2000 0000 0000 0000#1626596080770712#-38.0#2.945243112740431#9
0000 001D 2000 0000 0000 0000#1626596080772271#-40.5#5.8045833013592665#9
0000 001C 2000 0000 0000 0000#1626596080775142#-37.5#5.602097837358362#9
0000 0014 2000 0000 0000 0000#1626596080782533#-38.5#5.712544454086128#9
0000 0011 2000 0000 0000 0000#1626596080783702#-35.0#4.295146206079795#9
0000 0012 2000 0000 0000 0000#1626596080784805#-36.5#4.97623367590102#9
0000 0019 2000 0000 0000 0000#1626596080786340#-37.5#4.172427743048944#9
0000 001C 2000 0000 0000 0000#1626596080787383#-37.0#5.6143696836614465#9
0000 001A 2000 0000 0000 0000#1626596080789521#-34.0#4.675573441475434#9
0000 000F 2000 0000 0000 0000#1626596080791569#-35.5#2.399145952253143#9
0000 0018 2000 0000 0000 0000#1626596080792726#-36.5#3.0066023442558567#9
0000 0017 2000 0000 0000 0000#1626596080794541#-30.5#1.576932249946439#9
0000 0016 2000 0000 0000 0000#1626596080796304#-37.0#1.552388557340269#9
0000 0013 2000 0000 0000 0000#1626596080797858#-37.5#5.424156065963627#9
0000 001B 2000 0000 0000 0000#1626596080799193#-36.0#5.246214294568893#9
0000 001D 2000 0000 0000 0000#1626596080801788#-40.0#5.829126993965437#9
0000 0015 2000 0000 0000 0000#1626596080803679#-44.5#6.037748381117884#9
0000 0010 2000 0000 0000 0000#1626596080804778#-35.5#3.5342917352885173#9
0000 0018 2000 0000 0000 0000#1626596081074721#-35.0#2.9943304979527716#9
0000 001B 2000 0000 0000 0000#1626596081076275#-36.0#5.062136600022616#9
0000 0016 2000 0000 0000 0000#1626596081079265#-34.0#2.061670178918302#9
0000 0019 2000 0000 0000 0000#1626596081080341#-36.5#4.06811704947272#9
0000 001C 2000 0000 0000 0000#1626596081081459#-37.5#5.356660911296659#9
0000 001D 2000 0000 0000 0000#1626596081083518#-41.0#5.418020142812084#9
0000 0012 2000 0000 0000 0000#1626596081085254#-36.5#4.902602598082509#9
0000 0011 2000 0000 0000 0000#1626596081086326#-36.0#4.2031073588066565#9
0000 0017 2000 0000 0000 0000#1626596081087974#-27.5#1.945087639038993#9
0000 000F 2000 0000 0000 0000#1626596081089406#-32.5#2.564815877344792#9
0000 0013 2000 0000 0000 0000#1626596081091583#-37.0#5.2339424482658075#9
0000 001A 2000 0000 0000 0000#1626596081093212#-35.5#4.614214209960009#9
0000 0010 2000 0000 0000 0000#1626596081094353#-34.0#3.448388811166921#9
0000 0014 2000 0000 0000 0000#1626596081095394#-39.5#5.442563835418255#9
0000 0015 2000 0000 0000 0000#1626596081097557#-45.5#5.546874528994478#9
0000 0012 2000 0000 0000 0000#1626596081102955#-35.0#4.92714629068868#9
0000 0011 2000 0000 0000 0000#1626596081104083#-34.5#4.252194744018997#9
0000 001B 2000 0000 0000 0000#1626596081106292#-36.0#5.105088062083414#9
0000 001C 2000 0000 0000 0000#1626596081108039#-37.5#5.399612373357457#9
0000 001A 2000 0000 0000 0000#1626596081109210#-34.0#4.626486056263094#9
0000 0017 2000 0000 0000 0000#1626596081110745#-27.5#2.018718716857504#9
0000 000F 2000 0000 0000 0000#1626596081111807#-32.0#2.6261751088602177#9
0000 0010 2000 0000 0000 0000#1626596081113924#-33.5#3.472932503773092#9
0000 0013 2000 0000 0000 0000#1626596081116517#-37.0#5.264622064023521#9
0000 0019 2000 0000 0000 0000#1626596081118820#-36.5#4.147884050442774#9
0000 0016 2000 0000 0000 0000#1626596081119903#-34.0#2.2212041808584084#9
0000 0018 2000 0000 0000 0000#1626596081121416#-33.5#3.0925052683774528#9
0000 0014 2000 0000 0000 0000#1626596081122410#-39.5#5.460971604872882#9
0000 001D 2000 0000 0000 0000#1626596081124658#-41.0#5.43029198911517#9
0000 0015 2000 0000 0000 0000#1626596081125881#-45.5#5.522330836388308#9
0000 0012 2000 0000 0000 0000#1626596081389182#-38.0#5.4671075280244255#9
0000 0010 2000 0000 0000 0000#1626596081390754#-34.5#4.1601558967458585#9
0000 001B 2000 0000 0000 0000#1626596081392048#-38.0#5.546874528994478#9
0000 0018 2000 0000 0000 0000#1626596081393310#-33.5#3.834951969714103#9
0000 001D 2000 0000 0000 0000#1626596081394597#-43.0#5.534602682691394#9
0000 0013 2000 0000 0000 0000#1626596081395680#-38.5#5.66959299202533#9
0000 0016 2000 0000 0000 0000#1626596081398182#-32.5#3.356349963893783#9
0000 0015 2000 0000 0000 0000#1626596081399771#-47.5#5.534602682691394#9
0000 001C 2000 0000 0000 0000#1626596081400872#-38.5#5.681864838328415#9
0000 0017 2000 0000 0000 0000#1626596081402676#-26.5#3.018874190558942#9
0000 0019 2000 0000 0000 0000#1626596081404491#-37.0#4.7860200582032#9
0000 000F 2000 0000 0000 0000#1626596081405573#-30.5#3.5281558121369745#9
0000 001A 2000 0000 0000 0000#1626596081406875#-36.0#5.1725832167503825#9
0000 0011 2000 0000 0000 0000#1626596081407979#-36.0#4.884194828627882#9
0000 0014 2000 0000 0000 0000#1626596081410741#-40.5#5.6573211457222445#9
0000 0017 2000 0000 0000 0000#1626596081416271#-27.0#3.074097498922825#9
0000 001A 2000 0000 0000 0000#1626596081418356#-34.5#5.166447293598839#9
0000 0015 2000 0000 0000 0000#1626596081419375#-48.0#5.50392306693368#9
0000 0011 2000 0000 0000 0000#1626596081420406#-36.5#4.902602598082509#9
0000 000F 2000 0000 0000 0000#1626596081421445#-31.0#3.5588354278946874#9
0000 0012 2000 0000 0000 0000#1626596081423247#-38.0#5.460971604872882#9
0000 001B 2000 0000 0000 0000#1626596081425038#-38.0#5.534602682691394#9
0000 0019 2000 0000 0000 0000#1626596081427321#-37.0#4.822835597112456#9
0000 0016 2000 0000 0000 0000#1626596081429110#-32.5#3.429981041712294#9
0000 0013 2000 0000 0000 0000#1626596081430136#-39.0#5.663457068873787#9
0000 0010 2000 0000 0000 0000#1626596081431790#-33.0#4.221515128261284#9
0000 001C 2000 0000 0000 0000#1626596081432849#-39.0#5.681864838328415#9
0000 0018 2000 0000 0000 0000#1626596081434026#-33.5#3.9269908169872414#9
0000 001D 2000 0000 0000 0000#1626596081445307#-41.5#4.933282213840222#9
0000 0014 2000 0000 0000 0000#1626596081447647#-41.0#5.111223985234957#9
0000 0010 2000 0000 0000 0000#1626596081711790#-33.5#4.129476280988146#9
0000 0012 2000 0000 0000 0000#1626596081712895#-39.0#5.117359908386499#9
0000 0015 2000 0000 0000 0000#1626596081713929#-50.0#4.743068596142402#9
0000 000F 2000 0000 0000 0000#1626596081715689#-31.0#3.6017868899554855#9
0000 0018 2000 0000 0000 0000#1626596081717504#-34.0#3.8410878928656453#9
0000 0017 2000 0000 0000 0000#1626596081718566#-27.0#3.2029518851052186#9
3008 33B2 DDD9 0140 2018 0626#1626596081722779#-62.0#4.657165672020807#9
0000 001D 2000 0000 0000 0000#1626596081724031#-43.5#4.755340442445488#9
0000 0019 2000 0000 0000 0000#1626596081725083#-38.0#4.681709364626977#9
0000 0011 2000 0000 0000 0000#1626596081726433#-37.5#4.700117134081604#9
0000 0016 2000 0000 0000 0000#1626596081729205#-32.5#3.663146121470911#9
0000 001C 2000 0000 0000 0000#1626596081730219#-40.5#5.117359908386499#9
0000 001B 2000 0000 0000 0000#1626596081732833#-39.0#5.117359908386499#9
0000 001A 2000 0000 0000 0000#1626596081734022#-37.5#4.884194828627882#9
0000 0014 2000 0000 0000 0000#1626596081735105#-42.5#5.031456984264903#9
0000 0013 2000 0000 0000 0000#1626596081736443#-40.5#5.190990986205009#9
0000 000F 2000 0000 0000 0000#1626596081740891#-31.0#3.6324665057131984#9
0000 0018 2000 0000 0000 0000#1626596081742422#-34.0#3.8840393549264434#9
0000 0017 2000 0000 0000 0000#1626596081743696#-26.5#3.227495577711389#9
0000 0015 2000 0000 0000 0000#1626596081746088#-50.0#4.651029748869264#9
0000 0013 2000 0000 0000 0000#1626596081747414#-40.5#5.178719139901925#9
0000 001B 2000 0000 0000 0000#1626596081748735#-39.5#5.092816215780329#9
0000 0019 2000 0000 0000 0000#1626596081749752#-38.0#4.6878452877785195#9
0000 001D 2000 0000 0000 0000#1626596081751044#-45.5#4.706253057233147#9
0000 0016 2000 0000 0000 0000#1626596081752338#-32.5#3.718369429834794#9
0000 001A 2000 0000 0000 0000#1626596081753883#-37.5#4.902602598082509#9
0000 0010 2000 0000 0000 0000#1626596081755024#-33.5#4.1601558967458585#9
0000 0011 2000 0000 0000 0000#1626596081757788#-38.0#4.706253057233147#9
0000 0012 2000 0000 0000 0000#1626596081758864#-38.5#5.111223985234957#9
0000 0014 2000 0000 0000 0000#1626596081759934#-43.0#5.006913291658733#9
3008 33B2 DDD9 0140 2018 0626#1626596081760994#-62.0#4.724660826687775#9
0000 001C 2000 0000 0000 0000#1626596081762161#-41.0#5.074408446325701#9
0000 0010 2000 0000 0000 0000#1626596082025976#-32.5#5.006913291658733#9
0000 001D 2000 0000 0000 0000#1626596082027040#-47.0#4.755340442445488#9
0000 0014 2000 0000 0000 0000#1626596082028363#-44.5#5.105088062083414#9
0000 0018 2000 0000 0000 0000#1626596082030030#-31.5#4.890330751779424#9
0000 001A 2000 0000 0000 0000#1626596082031109#-38.5#5.240078371417351#9
0000 0015 2000 0000 0000 0000#1626596082032186#-51.5#4.7307967498393175#9
0000 0019 2000 0000 0000 0000#1626596082034015#-38.0#5.313709449235861#9
0000 0012 2000 0000 0000 0000#1626596082035076#-41.0#5.405748296509#9
0000 000F 2000 0000 0000 0000#1626596082036641#-31.0#4.773748211900116#9
0000 0013 2000 0000 0000 0000#1626596082037922#-42.5#5.344389064993574#9
0000 001B 2000 0000 0000 0000#1626596082039499#-41.0#5.295301679781233#9
0000 001C 2000 0000 0000 0000#1626596082041467#-42.5#5.1725832167503825#9
0000 0016 2000 0000 0000 0000#1626596082052877#-31.5#4.878058905476339#9
0000 0011 2000 0000 0000 0000#1626596082056163#-37.5#5.031456984264903#9
0000 0017 2000 0000 0000 0000#1626596082057209#-26.0#4.338097668140593#9
3008 33B2 DDD9 0140 2018 0626#1626596082058713#-61.5#5.700272607783043#9
0000 0015 2000 0000 0000 0000#1626596082063066#-51.0#4.473087977474529#9
0000 0019 2000 0000 0000 0000#1626596082064229#-37.5#5.129631754689584#9
0000 0014 2000 0000 0000 0000#1626596082065250#-45.5#4.841243366567084#9
0000 0018 2000 0000 0000 0000#1626596082067011#-33.5#4.73693267299086#9
0000 0017 2000 0000 0000 0000#1626596082068364#-26.0#4.356505437595221#9
0000 001D 2000 0000 0000 0000#1626596082069410#-47.0#4.473087977474529#9
3008 33B2 DDD9 0140 2018 0626#1626596082070455#-62.0#5.737088146692298#9
0000 001B 2000 0000 0000 0000#1626596082072076#-41.0#5.043728830567988#9
0000 001A 2000 0000 0000 0000#1626596082073152#-39.0#5.00077736850719#9
0000 000F 2000 0000 0000 0000#1626596082074442#-31.0#4.6448938257177215#9
0000 001C 2000 0000 0000 0000#1626596082075640#-43.0#4.908738521234052#9
0000 0010 2000 0000 0000 0000#1626596082076737#-33.0#4.841243366567084#9
0000 0011 2000 0000 0000 0000#1626596082078542#-37.5#4.994641445355648#9
0000 0013 2000 0000 0000 0000#1626596082079592#-42.5#5.074408446325701#9
0000 0016 2000 0000 0000 0000#1626596082080645#-31.5#4.921010367537137#9
0000 0012 2000 0000 0000 0000#1626596082083628#-40.5#5.111223985234957#9
0000 001D 2000 0000 0000 0000#1626596082350184#-50.0#3.479068426924634#9
0000 001A 2000 0000 0000 0000#1626596082351272#-40.0#4.0128937411088375#9
0000 0016 2000 0000 0000 0000#1626596082353081#-32.0#4.878058905476339#9
0000 000F 2000 0000 0000 0000#1626596082354427#-30.5#4.301282129231338#9
0000 0015 2000 0000 0000 0000#1626596082355948#-54.5#3.497476196379262#9
0000 001B 2000 0000 0000 0000#1626596082357255#-43.0#4.061981126321178#9
0000 0010 2000 0000 0000 0000#1626596082358667#-32.5#4.252194744018997#9
0000 0014 2000 0000 0000 0000#1626596082359746#-48.0#3.8533597391687304#9
0000 0018 2000 0000 0000 0000#1626596082361278#-32.5#4.25833066717054#9
0000 0011 2000 0000 0000 0000#1626596082362312#-38.5#4.135612204139688#9
0000 0013 2000 0000 0000 0000#1626596082363404#-44.5#4.080388895775806#9
0000 001C 2000 0000 0000 0000#1626596082365003#-45.5#3.9269908169872414#9
0000 0017 2000 0000 0000 0000#1626596082366307#-26.0#4.178563666200486#9
0000 0019 2000 0000 0000 0000#1626596082369750#-38.5#4.313553975534423#9
3008 33B2 DDD9 0140 2018 0626#1626596082371324#-61.5#5.264622064023521#9
0000 0012 2000 0000 0000 0000#1626596082372371#-42.0#4.123340357836604#9
0000 001A 2000 0000 0000 0000#1626596082378385#-40.5#3.9638063558964967#9
0000 0019 2000 0000 0000 0000#1626596082379476#-38.5#4.289010282928253#9
0000 0012 2000 0000 0000 0000#1626596082380564#-42.0#4.0987966652304335#9
0000 001D 2000 0000 0000 0000#1626596082381869#-50.0#3.411573272257666#9
0000 000F 2000 0000 0000 0000#1626596082383884#-30.5#4.301282129231338#9
0000 0016 2000 0000 0000 0000#1626596082385190#-31.5#4.896466674930966#9
0000 0018 2000 0000 0000 0000#1626596082387010#-32.5#4.25833066717054#9
0000 0017 2000 0000 0000 0000#1626596082388584#-26.0#4.178563666200486#9
0000 0013 2000 0000 0000 0000#1626596082389864#-44.5#4.031301510563465#9
0000 0014 2000 0000 0000 0000#1626596082390945#-48.0#3.749049045592507#9
0000 001B 2000 0000 0000 0000#1626596082392266#-43.0#3.9699422790480394#9
0000 0010 2000 0000 0000 0000#1626596082393811#-34.5#4.196971435655114#9
0000 001C 2000 0000 0000 0000#1626596082395094#-46.0#3.847223816017188#9
0000 0015 2000 0000 0000 0000#1626596082398369#-55.0#3.380893656499953#9
0000 0011 2000 0000 0000 0000#1626596082399402#-38.5#4.061981126321178#9
3008 33B2 DDD9 0140 2018 0626#1626596082402343#-62.0#5.436427912266712#9
0000 0017 2000 0000 0000 0000#1626596082669326#-26.5#3.693825737228624#9
0000 001C 2000 0000 0000 0000#1626596082671782#-48.5#2.6875343403756435#9
0000 0019 2000 0000 0000 0000#1626596082673429#-39.5#3.32567034813607#9
0000 0012 2000 0000 0000 0000#1626596082674585#-42.5#3.000466421104314#9
0000 0016 2000 0000 0000 0000#1626596082676164#-32.5#4.626486056263094#9
0000 001B 2000 0000 0000 0000#1626596082677257#-45.0#2.8654761117703775#9
0000 0015 2000 0000 0000 0000#1626596082678549#-61.0#1.7426021750380885#9
0000 0011 2000 0000 0000 0000#1626596082679850#-39.0#3.0925052683774528#9
0000 001A 2000 0000 0000 0000#1626596082680911#-41.0#2.816388726558037#9
0000 0013 2000 0000 0000 0000#1626596082682006#-47.0#2.8716120349219203#9
0000 0018 2000 0000 0000 0000#1626596082683342#-33.0#3.5465635815916023#9
0000 000F 2000 0000 0000 0000#1626596082684419#-31.0#3.718369429834794#9
0000 0014 2000 0000 0000 0000#1626596082686354#-51.5#2.4911847995262812#9
0000 0010 2000 0000 0000 0000#1626596082687437#-33.5#3.4054373491061236#9
0000 001D 2000 0000 0000 0000#1626596082689512#-55.5#1.9941750242513334#9
0000 000F 2000 0000 0000 0000#1626596082695506#-31.0#3.706097583531709#9
0000 0016 2000 0000 0000 0000#1626596082697696#-32.5#4.620350133111551#9
0000 001A 2000 0000 0000 0000#1626596082698770#-41.0#2.7857091108003242#9
0000 0018 2000 0000 0000 0000#1626596082699862#-33.0#3.522019888985432#9
0000 0017 2000 0000 0000 0000#1626596082701258#-25.0#3.6754179677739964#9
0000 0010 2000 0000 0000 0000#1626596082702560#-35.0#3.368621810196868#9
0000 0011 2000 0000 0000 0000#1626596082703606#-39.0#3.0066023442558567#9
0000 001D 2000 0000 0000 0000#1626596082704682#-56.0#1.8653206380689396#9
0000 0014 2000 0000 0000 0000#1626596082706851#-52.0#2.405281875404685#9
0000 0019 2000 0000 0000 0000#1626596082708170#-39.0#3.2581751934691017#9
0000 0012 2000 0000 0000 0000#1626596082709216#-43.5#2.9084275738311756#9
0000 0015 2000 0000 0000 0000#1626596082710367#-61.5#1.533980787885641#9
0000 001B 2000 0000 0000 0000#1626596082712297#-45.0#2.767301341345697#9
0000 0013 2000 0000 0000 0000#1626596082713392#-47.0#2.773437264497239#9
0000 001C 2000 0000 0000 0000#1626596082714475#-49.5#2.5280003384355365#9
0000 001C 2000 0000 0000 0000#1626596082978217#-54.0#1.4051264017032472#9
0000 0010 2000 0000 0000 0000#1626596082979389#-34.5#3.0250101137104846#9
0000 0017 2000 0000 0000 0000#1626596082980438#-27.0#3.5158839658338894#9
0000 0012 2000 0000 0000 0000#1626596082981497#-45.5#2.386874105950058#9
0000 0014 2000 0000 0000 0000#1626596082982550#-55.0#1.055378782065321#9
0000 0011 2000 0000 0000 0000#1626596082984036#-39.0#2.5709518004963345#9
0000 001A 2000 0000 0000 0000#1626596082985352#-43.0#2.3009711818284617#9
0000 0016 2000 0000 0000 0000#1626596082987797#-33.0#4.614214209960009#9
0000 000F 2000 0000 0000 0000#1626596082990070#-31.5#3.454524734318464#9
0000 0019 2000 0000 0000 0000#1626596082991418#-39.5#2.7979809571034093#9
0000 0018 2000 0000 0000 0000#1626596082992690#-34.0#3.2090878082567613#9
0000 001B 2000 0000 0000 0000#1626596082993970#-48.5#2.043262409463674#9
0000 0015 2000 0000 0000 0000#1626596082995030#-49.5#5.491651220630596#9
0000 001D 2000 0000 0000 0000#1626596082999242#-56.0#6.0991076126333095#9
0000 0013 2000 0000 0000 0000#1626596083002062#-50.5#1.8530487917658545#9
0000 001D 2000 0000 0000 0000#1626596083006836#-55.5#5.957981380147831#9
0000 0013 2000 0000 0000 0000#1626596083007888#-51.0#1.8285050991596843#9
0000 001C 2000 0000 0000 0000#1626596083009227#-54.0#1.2210487071569704#9
0000 0012 2000 0000 0000 0000#1626596083011627#-46.0#2.2764274892222915#9
0000 0017 2000 0000 0000 0000#1626596083013792#-27.0#3.448388811166921#9
0000 0018 2000 0000 0000 0000#1626596083014932#-33.0#3.147728576741336#9
0000 0014 2000 0000 0000 0000#1626596083016000#-55.5#0.8099418560036186#9
0000 001B 2000 0000 0000 0000#1626596083017516#-48.5#1.9634954084936207#9
0000 001A 2000 0000 0000 0000#1626596083018538#-43.0#2.1782527187976104#9
0000 000F 2000 0000 0000 0000#1626596083019642#-31.5#3.411573272257666#9
0000 0016 2000 0000 0000 0000#1626596083020722#-33.0#4.571262747899211#9
0000 0015 2000 0000 0000 0000#1626596083022046#-47.5#5.2768939103266055#9
0000 0010 2000 0000 0000 0000#1626596083023813#-34.0#2.9022916506796332#9
0000 0019 2000 0000 0000 0000#1626596083026541#-38.0#2.7120780329818137#9
0000 0011 2000 0000 0000 0000#1626596083027696#-38.0#2.4850488763747385#9
0000 0010 2000 0000 0000 0000#1626596083293518#-36.0#2.8286605728611223#9
0000 000F 2000 0000 0000 0000#1626596083294956#-32.0#3.411573272257666#9
0000 0014 2000 0000 0000 0000#1626596083296052#-44.0#4.963961829597935#9
0000 0017 2000 0000 0000 0000#1626596083297071#-28.0#3.497476196379262#9
0000 0018 2000 0000 0000 0000#1626596083298441#-34.0#3.08636934522591#9
0000 001A 2000 0000 0000 0000#1626596083299824#-43.5#1.8285050991596843#9
0000 001C 2000 0000 0000 0000#1626596083300884#-45.0#5.1725832167503825#9
0000 0015 2000 0000 0000 0000#1626596083301947#-50.0#4.651029748869264#9
0000 0012 2000 0000 0000 0000#1626596083302922#-48.0#1.6935147898257479#9
0000 0016 2000 0000 0000 0000#1626596083304272#-34.0#4.743068596142402#9
0000 0013 2000 0000 0000 0000#1626596083305352#-51.0#0.5031456984264903#9
0000 0019 2000 0000 0000 0000#1626596083306614#-40.5#2.5709518004963345#9
0000 0011 2000 0000 0000 0000#1626596083308372#-40.0#2.282563412373834#9
3008 33B2 DDD9 0140 2018 0626#1626596083310090#-62.0#5.780039608753096#9
0000 001B 2000 0000 0000 0000#1626596083311164#-51.5#0.9572040116406401#9
0000 001D 2000 0000 0000 0000#1626596083312484#-44.0#4.3503695144436785#9
0000 0016 2000 0000 0000 0000#1626596083316657#-34.0#4.706253057233147#9
0000 0015 2000 0000 0000 0000#1626596083318007#-51.0#4.589670517353839#9
0000 0017 2000 0000 0000 0000#1626596083320093#-28.0#3.448388811166921#9
0000 0012 2000 0000 0000 0000#1626596083321152#-48.5#1.607611865704152#9
0000 0019 2000 0000 0000 0000#1626596083323718#-41.0#2.521864415283994#9
0000 001C 2000 0000 0000 0000#1626596083325003#-44.0#4.963961829597935#9
0000 0013 2000 0000 0000 0000#1626596083326054#-50.5#0.3129320807286708#9
0000 0010 2000 0000 0000 0000#1626596083327055#-36.0#2.761165418194154#9
0000 000F 2000 0000 0000 0000#1626596083328151#-32.5#3.3440781175906977#9
0000 0011 2000 0000 0000 0000#1626596083329952#-41.5#2.1905245651006955#9
0000 0014 2000 0000 0000 0000#1626596083331460#-43.5#4.724660826687775#9
0000 0018 2000 0000 0000 0000#1626596083333605#-35.0#3.0127382674073995#9
0000 001B 2000 0000 0000 0000#1626596083335768#-52.0#0.7731263170943632#9
0000 001A 2000 0000 0000 0000#1626596083337297#-46.0#1.6751070203711202#9
0000 001D 2000 0000 0000 0000#1626596083338342#-44.5#4.270602513473625#9
3008 33B2 DDD9 0140 2018 0626#1626596083339450#-61.5#5.9088939949354895#9
0000 0014 2000 0000 0000 0000#1626596083606556#-49.0#3.3502140407422405#9
0000 0011 2000 0000 0000 0000#1626596083607628#-46.5#0.7485826244881929#9
0000 0019 2000 0000 0000 0000#1626596083610259#-45.5#1.282407938672396#9
0000 0018 2000 0000 0000 0000#1626596083611792#-37.0#1.9634954084936207#9
0000 001B 2000 0000 0000 0000#1626596083613084#-42.5#3.822680123411018#9
0000 001C 2000 0000 0000 0000#1626596083615840#-45.0#3.429981041712294#9
0000 0016 2000 0000 0000 0000#1626596083616921#-35.5#3.6815538909255388#9
0000 0012 2000 0000 0000 0000#1626596083618465#-46.5#5.117359908386499#9
0000 0010 2000 0000 0000 0000#1626596083619882#-40.0#1.6689710972195777#9
0000 001A 2000 0000 0000 0000#1626596083620955#-48.5#5.7616318392984684#9
0000 000F 2000 0000 0000 0000#1626596083622303#-35.0#2.2641556429192065#9
0000 001D 2000 0000 0000 0000#1626596083623380#-58.5#2.36846633649543#9
0000 0017 2000 0000 0000 0000#1626596083624398#-30.0#2.356194490192345#9
0000 0015 2000 0000 0000 0000#1626596083626750#-62.0#2.552544031041707#9
0000 0013 2000 0000 0000 0000#1626596083627831#-40.5#3.479068426924634#9
0000 000F 2000 0000 0000 0000#1626596083632461#-35.0#2.2457478734645786#9
0000 0016 2000 0000 0000 0000#1626596083634882#-35.5#3.6447383520162835#9
0000 0010 2000 0000 0000 0000#1626596083636409#-40.5#1.6321555583103222#9
0000 0017 2000 0000 0000 0000#1626596083637502#-30.0#2.325514874434632#9
0000 0013 2000 0000 0000 0000#1626596083638541#-40.5#3.436116964863836#9
0000 0018 2000 0000 0000 0000#1626596083639954#-36.5#1.902136176978195#9
0000 001D 2000 0000 0000 0000#1626596083641005#-59.0#2.2396119503130363#9
0000 001C 2000 0000 0000 0000#1626596083642116#-46.0#3.429981041712294#9
0000 0011 2000 0000 0000 0000#1626596083643191#-46.5#0.5092816215780329#9
0000 0012 2000 0000 0000 0000#1626596083644309#-45.5#4.792155981354743#9
0000 001A 2000 0000 0000 0000#1626596083645395#-48.5#5.540738605842936#9
0000 0015 2000 0000 0000 0000#1626596083646491#-62.5#2.4605051837685683#9
0000 0014 2000 0000 0000 0000#1626596083648622#-51.5#3.227495577711389#9
0000 001B 2000 0000 0000 0000#1626596083650287#-41.0#3.6201946594101133#9
0000 0019 2000 0000 0000 0000#1626596083651377#-46.5#1.0983302441261191#9
0000 001A 2000 0000 0000 0000#1626596083919869#-40.0#2.945243112740431#9
0000 0016 2000 0000 0000 0000#1626596083921215#-37.5#2.724349879284899#9
0000 001C 2000 0000 0000 0000#1626596083922291#-57.0#1.9880391010997909#9
0000 0011 2000 0000 0000 0000#1626596083924866#-43.0#4.123340357836604#9
0000 0017 2000 0000 0000 0000#1626596083925929#-34.0#1.4603497100671303#9
0000 0014 2000 0000 0000 0000#1626596083926993#-58.0#1.2578642460662257#9
0000 001B 2000 0000 0000 0000#1626596083928302#-48.0#2.8409324191642074#9
0000 0019 2000 0000 0000 0000#1626596083929333#-48.0#4.945554060143307#9
0000 0010 2000 0000 0000 0000#1626596083931319#-47.0#0.07363107781851078#9
0000 0013 2000 0000 0000 0000#1626596083933727#-51.5#2.5034566458293663#9
0000 0012 2000 0000 0000 0000#1626596083936411#-41.0#2.7979809571034093#9
0000 0015 2000 0000 0000 0000#1626596083938558#-58.5#4.080388895775806#9
0000 000F 2000 0000 0000 0000#1626596083940009#-40.5#1.2946797849754812#9
0000 0018 2000 0000 0000 0000#1626596083941083#-45.0#0.7485826244881929#9
0000 001D 2000 0000 0000 0000#1626596083944226#-58.0#4.743068596142402#9
0000 0017 2000 0000 0000 0000#1626596083949876#-34.5#1.4419419406125027#9
0000 000F 2000 0000 0000 0000#1626596083950926#-40.5#1.2701360923693108#9
0000 0015 2000 0000 0000 0000#1626596083953085#-58.0#3.859495662320273#9
0000 001B 2000 0000 0000 0000#1626596083954437#-49.5#2.82252464970958#9
0000 0012 2000 0000 0000 0000#1626596083955798#-41.5#2.7857091108003242#9
0000 0016 2000 0000 0000 0000#1626596083956849#-37.5#2.6691265709210157#9
0000 001C 2000 0000 0000 0000#1626596083957893#-57.0#1.8285050991596843#9
0000 0013 2000 0000 0000 0000#1626596083958987#-52.5#2.411417798556228#9
0000 001A 2000 0000 0000 0000#1626596083960293#-39.5#2.8409324191642074#9
0000 0010 2000 0000 0000 0000#1626596083961352#-47.5#6.111379458936394#9
0000 0011 2000 0000 0000 0000#1626596083963003#-41.0#3.810408277107933#9
0000 0019 2000 0000 0000 0000#1626596083964225#-47.0#4.614214209960009#9
0000 001D 2000 0000 0000 0000#1626596083965784#-57.5#4.387185053352934#9
0000 0018 2000 0000 0000 0000#1626596083966899#-44.0#0.607456392002714#9
0000 0014 2000 0000 0000 0000#1626596083967950#-59.5#0.9019807032767571#9
0000 0010 2000 0000 0000 0000#1626596084235139#-43.5#4.154019973594316#9
0000 0013 2000 0000 0000 0000#1626596084236223#-54.0#1.0737865515199487#9
0000 0017 2000 0000 0000 0000#1626596084237329#-42.0#1.000155473701438#9
0000 0012 2000 0000 0000 0000#1626596084239195#-50.0#2.478912953223196#9
0000 0018 2000 0000 0000 0000#1626596084240215#-47.0#5.062136600022616#9
0000 0014 2000 0000 0000 0000#1626596084241237#-58.5#3.9392626632903265#9
0000 001C 2000 0000 0000 0000#1626596084243305#-63.5#5.074408446325701#9
0000 0019 2000 0000 0000 0000#1626596084245269#-42.0#3.393165502803038#9
0000 0016 2000 0000 0000 0000#1626596084246320#-41.5#2.4850488763747385#9
0000 0011 2000 0000 0000 0000#1626596084247421#-43.0#3.043417883165112#9
0000 0015 2000 0000 0000 0000#1626596084248944#-54.5#1.6014759425526093#9
0000 001A 2000 0000 0000 0000#1626596084250057#-48.0#2.7120780329818137#9
0000 001D 2000 0000 0000 0000#1626596084251333#-54.5#2.141437179888355#9
0000 000F 2000 0000 0000 0000#1626596084253133#-49.0#0.1349903093339364#9
0000 001B 2000 0000 0000 0000#1626596084257145#-54.5#1.662835174068035#9
0000 0011 2000 0000 0000 0000#1626596084263640#-43.5#3.000466421104314#9
0000 0019 2000 0000 0000 0000#1626596084264700#-42.5#3.356349963893783#9
0000 001A 2000 0000 0000 0000#1626596084267778#-50.5#2.6200391857086753#9
0000 001B 2000 0000 0000 0000#1626596084269326#-55.0#1.5830681730979816#9
0000 0018 2000 0000 0000 0000#1626596084270615#-47.0#4.779884135051658#9
0000 0010 2000 0000 0000 0000#1626596084271688#-43.5#3.988350048502667#9
0000 000F 2000 0000 0000 0000#1626596084273019#-49.5#6.22182607566416#9
0000 0013 2000 0000 0000 0000#1626596084274601#-55.5#0.7179030087304801#9
0000 0016 2000 0000 0000 0000#1626596084275650#-42.0#2.448233337465483#9
0000 001D 2000 0000 0000 0000#1626596084276670#-54.5#2.055534255766759#9
0000 0017 2000 0000 0000 0000#1626596084277746#-44.0#0.8283496254582462#9
0000 0015 2000 0000 0000 0000#1626596084278884#-54.5#1.3989904785517047#9
0000 001C 2000 0000 0000 0000#1626596084280110#-62.0#4.485359823777615#9
0000 0012 2000 0000 0000 0000#1626596084281655#-51.5#2.2886993355253766#9
0000 0014 2000 0000 0000 0000#1626596084282979#-57.0#3.6324665057131984#9
0000 0014 2000 0000 0000 0000#1626596084551109#-55.0#2.650718801466388#9
0000 0018 2000 0000 0000 0000#1626596084552195#-45.0#4.301282129231338#9
0000 001C 2000 0000 0000 0000#1626596084553243#-57.0#3.172272269347506#9
0000 001A 2000 0000 0000 0000#1626596084555487#-54.0#1.7732817907958012#9
0000 000F 2000 0000 0000 0000#1626596084557035#-45.0#4.81056375080937#9
0000 0012 2000 0000 0000 0000#1626596084558217#-56.0#0.7240389318820226#9
0000 0011 2000 0000 0000 0000#1626596084559275#-50.0#2.7857091108003242#9
0000 0017 2000 0000 0000 0000#1626596084560341#-43.5#5.178719139901925#9
0000 0013 2000 0000 0000 0000#1626596084561665#-55.5#4.276738436625168#9
0000 0010 2000 0000 0000 0000#1626596084563775#-45.0#3.9453985864418692#9
0000 0016 2000 0000 0000 0000#1626596084564838#-50.0#1.748738098189631#9
0000 001B 2000 0000 0000 0000#1626596084566373#-58.0#4.779884135051658#9
0000 001D 2000 0000 0000 0000#1626596084567761#-57.0#1.5830681730979816#9
0000 0019 2000 0000 0000 0000#1626596084570288#-51.5#3.4054373491061236#9
0000 001A 2000 0000 0000 0000#1626596084580635#-55.5#1.4848934026733007#9
0000 0011 2000 0000 0000 0000#1626596084581694#-50.0#2.6384469551633027#9
0000 0017 2000 0000 0000 0000#1626596084582771#-42.5#5.062136600022616#9
0000 0014 2000 0000 0000 0000#1626596084584092#-55.5#2.564815877344792#9
0000 0016 2000 0000 0000 0000#1626596084585853#-51.0#1.5585244804918115#9
0000 001D 2000 0000 0000 0000#1626596084586946#-59.5#1.4480778637640452#9
0000 0019 2000 0000 0000 0000#1626596084588050#-52.0#3.2888548092268146#9
0000 0010 2000 0000 0000 0000#1626596084589979#-47.5#3.8717675086233583#9
0000 0012 2000 0000 0000 0000#1626596084591075#-56.5#0.14726215563702155#9
0000 001C 2000 0000 0000 0000#1626596084592978#-57.5#2.9391071895888885#9
0000 0013 2000 0000 0000 0000#1626596084594145#-55.5#4.04357335686655#9
0000 000F 2000 0000 0000 0000#1626596084595450#-45.0#4.663301595172349#9
0000 0018 2000 0000 0000 0000#1626596084596525#-45.5#4.221515128261284#9
0000 001B 2000 0000 0000 0000#1626596084597962#-57.5#4.491495746929157#9
0000 001C 2000 0000 0000 0000#1626596084860721#-60.0#1.325359400733194#9
0000 001B 2000 0000 0000 0000#1626596084862527#-56.0#2.429825568010856#9
0000 0017 2000 0000 0000 0000#1626596084864714#-42.5#3.6386024288647407#9
0000 000F 2000 0000 0000 0000#1626596084865820#-48.0#3.485204350076177#9
0000 0016 2000 0000 0000 0000#1626596084867097#-50.0#5.460971604872882#9
0000 0018 2000 0000 0000 0000#1626596084869762#-51.5#2.791845033951867#9
0000 0013 2000 0000 0000 0000#1626596084870787#-55.0#1.859184714917397#9
0000 0011 2000 0000 0000 0000#1626596084871889#-55.5#5.375068680751287#9
0000 0014 2000 0000 0000 0000#1626596084872987#-61.5#0.3865631585471816#9
0000 0010 2000 0000 0000 0000#1626596084874067#-50.0#2.030990563160589#9
0000 0012 2000 0000 0000 0000#1626596084878097#-53.5#3.172272269347506#9
0000 0019 2000 0000 0000 0000#1626596084879669#-57.0#0.9510680884890975#9
0000 001A 2000 0000 0000 0000#1626596084881472#-54.0#3.552699504743145#9
0000 0010 2000 0000 0000 0000#1626596084886857#-52.0#1.945087639038993#9
0000 0018 2000 0000 0000 0000#1626596084888201#-51.5#2.6998061866787286#9
0000 0014 2000 0000 0000 0000#1626596084889267#-62.0#0.3129320807286708#9
0000 0012 2000 0000 0000 0000#1626596084890881#-52.5#2.9943304979527716#9
0000 001A 2000 0000 0000 0000#1626596084892218#-53.5#3.466796580621549#9
0000 0013 2000 0000 0000 0000#1626596084893214#-55.0#1.7303303287350031#9
0000 0016 2000 0000 0000 0000#1626596084894306#-49.5#5.301437602932776#9
0000 000F 2000 0000 0000 0000#1626596084895366#-49.0#3.368621810196868#9
0000 0017 2000 0000 0000 0000#1626596084896673#-43.0#3.5342917352885173#9
0000 0011 2000 0000 0000 0000#1626596084897931#-54.5#5.074408446325701#9
0000 0019 2000 0000 0000 0000#1626596084909242#-58.0#0.7363107781851077#9
0000 001B 2000 0000 0000 0000#1626596084913681#-55.0#2.2641556429192065#9
0000 001C 2000 0000 0000 0000#1626596084916814#-61.0#1.1658253987930873#9
0000 0015 2000 0000 0000 0000#1626596085181493#-64.0#1.8346410223112268#9
0000 0017 2000 0000 0000 0000#1626596085183392#-46.5#2.2580197197676637#9
0000 0012 2000 0000 0000 0000#1626596085184965#-54.0#0.7792622402459057#9
