0000 0035 2000 0000 0000 0000#1626597966275271#-46.5#4.933282213840222#9
0000 0037 2000 0000 0000 0000#1626597966277031#-46.5#4.295146206079795#9
0000 002F 2000 0000 0000 0000#1626597966279423#-51.0#2.1966604882522383#9
0000 0030 2000 0000 0000 0000#1626597966281533#-50.5#1.9512235621905356#9
0000 0034 2000 0000 0000 0000#1626597966282827#-48.5#5.632777453116074#9
0000 0032 2000 0000 0000 0000#1626597966283902#-50.0#0.7485826244881929#9
0000 0038 2000 0000 0000 0000#1626597966285744#-46.5#3.9822141253511245#9
0000 0033 2000 0000 0000 0000#1626597966286891#-49.5#0.12885438618239387#9
0000 0039 2000 0000 0000 0000#1626597966288149#-46.5#3.411573272257666#9
0000 003A 2000 0000 0000 0000#1626597966289240#-46.5#2.5157284921324514#9
0000 0031 2000 0000 0000 0000#1626597966290917#-50.0#1.030835089459151#9
0000 0036 2000 0000 0000 0000#1626597966292324#-47.5#4.755340442445488#9
0000 002E 2000 0000 0000 0000#1626597966293634#-50.0#2.7857091108003242#9
0000 002D 2000 0000 0000 0000#1626597966294714#-53.5#3.000466421104314#9
0000 003A 2000 0000 0000 0000#1626597966300596#-46.5#2.5280003384355365#9
0000 002F 2000 0000 0000 0000#1626597966301916#-51.0#2.1966604882522383#9
0000 0039 2000 0000 0000 0000#1626597966303209#-46.5#3.411573272257666#9
0000 0034 2000 0000 0000 0000#1626597966304299#-49.0#5.626641529964532#9
0000 0032 2000 0000 0000 0000#1626597966305617#-50.0#0.7547185476397354#9
0000 0033 2000 0000 0000 0000#1626597966306957#-49.5#0.11658253987930872#9
0000 002E 2000 0000 0000 0000#1626597966308282#-50.5#2.773437264497239#9
0000 0035 2000 0000 0000 0000#1626597966309572#-46.5#4.884194828627882#9
0000 002D 2000 0000 0000 0000#1626597966311346#-53.0#3.0372819600135696#9
0000 0031 2000 0000 0000 0000#1626597966312383#-50.0#1.0492428589137786#9
0000 0036 2000 0000 0000 0000#1626597966313418#-47.5#4.749204519293945#9
0000 0038 2000 0000 0000 0000#1626597966314469#-46.5#3.988350048502667#9
0000 0037 2000 0000 0000 0000#1626597966315847#-46.5#4.28287435977671#9
0000 0030 2000 0000 0000 0000#1626597966317331#-50.5#1.9757672547967058#9
FFFF FFFF FFFF FFFF FFFF FFFF#1626597966318937#-69.5#0.0#9
0000 0033 2000 0000 0000 0000#1626597966583031#-49.5#5.810719224510809#9
0000 0031 2000 0000 0000 0000#1626597966584038#-50.5#0.4724660826687775#9
0000 002E 2000 0000 0000 0000#1626597966585790#-50.5#2.184388641949153#9
0000 0039 2000 0000 0000 0000#1626597966587071#-46.5#2.7857091108003242#9
0000 0030 2000 0000 0000 0000#1626597966588596#-51.0#1.4480778637640452#9
0000 003A 2000 0000 0000 0000#1626597966589689#-47.0#1.9573594853420782#9
0000 002F 2000 0000 0000 0000#1626597966591235#-51.0#1.6566992509164924#9
0000 0035 2000 0000 0000 0000#1626597966592582#-47.5#4.3074180523828804#9
0000 0034 2000 0000 0000 0000#1626597966593856#-48.5#5.049864753719531#9
0000 0037 2000 0000 0000 0000#1626597966594961#-47.5#3.693825737228624#9
0000 0036 2000 0000 0000 0000#1626597966596038#-47.5#4.1601558967458585#9
0000 0032 2000 0000 0000 0000#1626597966597386#-50.0#0.16566992509164924#9
0000 002D 2000 0000 0000 0000#1626597966598397#-52.5#2.435961491162398#9
0000 0038 2000 0000 0000 0000#1626597966599432#-46.5#3.393165502803038#9
FFFF FFFF FFFF FFFF FFFF FFFF#1626597966603174#-68.5#5.031456984264903#9
0000 0038 2000 0000 0000 0000#1626597966616451#-46.5#3.552699504743145#9
0000 0035 2000 0000 0000 0000#1626597966619108#-47.5#4.4976316700806995#9
0000 0036 2000 0000 0000 0000#1626597966621063#-47.0#4.338097668140593#9
0000 0037 2000 0000 0000 0000#1626597966623292#-48.0#3.877903431774901#9
0000 0034 2000 0000 0000 0000#1626597966624299#-49.0#5.21553467881118#9
0000 0031 2000 0000 0000 0000#1626597966625322#-50.5#0.6258641614573416#9
0000 0039 2000 0000 0000 0000#1626597966626687#-46.5#2.9943304979527716#9
0000 002D 2000 0000 0000 0000#1626597966627766#-52.5#2.6568547246179306#9
0000 0033 2000 0000 0000 0000#1626597966628827#-49.5#5.988660995905543#9
FFFF FFFF FFFF FFFF FFFF FFFF#1626597966629964#-68.5#5.178719139901925#9
0000 003A 2000 0000 0000 0000#1626597966631022#-46.5#2.141437179888355#9
0000 0030 2000 0000 0000 0000#1626597966632626#-50.5#1.6260196351587797#9
0000 002F 2000 0000 0000 0000#1626597966634802#-50.5#1.8346410223112268#9
0000 0032 2000 0000 0000 0000#1626597966637639#-50.0#0.3436116964863836#9
0000 002E 2000 0000 0000 0000#1626597966638850#-50.0#2.423689644859313#9
0000 0037 2000 0000 0000 0000#1626597966904025#-47.0#4.632621979414636#9
0000 003A 2000 0000 0000 0000#1626597966905117#-46.0#2.8532042654672924#9
0000 0033 2000 0000 0000 0000#1626597966906414#-49.0#0.4663301595172349#9
0000 002E 2000 0000 0000 0000#1626597966908801#-50.5#3.215223731408304#9
0000 0039 2000 0000 0000 0000#1626597966909838#-46.0#3.773592738198677#9
0000 0038 2000 0000 0000 0000#1626597966910934#-45.5#4.325825821837508#9
0000 002F 2000 0000 0000 0000#1626597966912302#-51.0#2.5954954931025047#9
0000 0034 2000 0000 0000 0000#1626597966913868#-48.5#5.957981380147831#9
0000 0036 2000 0000 0000 0000#1626597966915545#-46.5#5.074408446325701#9
0000 0031 2000 0000 0000 0000#1626597966917479#-50.0#1.4173982480063325#9
0000 0030 2000 0000 0000 0000#1626597966918520#-50.5#2.36846633649543#9
0000 002D 2000 0000 0000 0000#1626597966919617#-53.0#3.466796580621549#9
0000 0035 2000 0000 0000 0000#1626597966920900#-46.5#5.221670601962723#9
0000 0032 2000 0000 0000 0000#1626597966922190#-49.5#1.0799224746714913#9
FFFF FFFF FFFF FFFF FFFF FFFF#1626597966923880#-68.5#0.5338253141842031#9
0000 0037 2000 0000 0000 0000#1626597966929195#-47.0#4.638757902566179#9
0000 003A 2000 0000 0000 0000#1626597966930288#-46.0#2.8654761117703775#9
0000 0039 2000 0000 0000 0000#1626597966932110#-46.0#3.77972866135022#9
0000 0030 2000 0000 0000 0000#1626597966933394#-50.5#2.350058567040802#9
0000 0031 2000 0000 0000 0000#1626597966934473#-50.0#1.423534171157875#9
0000 002E 2000 0000 0000 0000#1626597966935784#-51.0#3.2090878082567613#9
0000 002F 2000 0000 0000 0000#1626597966936846#-50.5#2.60776733940559#9
0000 0038 2000 0000 0000 0000#1626597966938140#-45.5#4.331961744989051#9
0000 0035 2000 0000 0000 0000#1626597966942133#-46.5#5.227806525114265#9
FFFF FFFF FFFF FFFF FFFF FFFF#1626597966943184#-69.0#0.6565437772150544#9
0000 002D 2000 0000 0000 0000#1626597966944738#-53.0#3.4606606574700063#9
0000 0032 2000 0000 0000 0000#1626597966945857#-49.5#1.1290098598838318#9
0000 0033 2000 0000 0000 0000#1626597966948843#-47.5#0.46019423636569234#9
0000 0034 2000 0000 0000 0000#1626597966950263#-48.5#5.9518454569962875#9
0000 0036 2000 0000 0000 0000#1626597966951553#-46.5#5.056000676871073#9
0000 0031 2000 0000 0000 0000#1626597967214881#-48.5#1.7794177139473437#9
0000 0036 2000 0000 0000 0000#1626597967215974#-47.5#5.246214294568893#9
0000 0038 2000 0000 0000 0000#1626597967217293#-45.0#4.295146206079795#9
0000 0039 2000 0000 0000 0000#1626597967218404#-44.0#3.6999616603801666#9
0000 0034 2000 0000 0000 0000#1626597967219696#-49.5#0.1043106935762236#9
0000 003A 2000 0000 0000 0000#1626597967222491#-41.0#2.804116880254952#9
0000 0032 2000 0000 0000 0000#1626597967231578#-48.5#1.1780972450961724#9
FFFF FFFF FFFF FFFF FFFF FFFF#1626597967232656#-68.0#5.884350302329319#9
0000 003B 2000 0000 0000 0000#1626597967233734#-58.0#3.098641191528995#9
0000 0035 2000 0000 0000 0000#1626597967235066#-48.0#5.190990986205009#9
0000 002F 2000 0000 0000 0000#1626597967237822#-49.5#2.478912953223196#9
0000 0030 2000 0000 0000 0000#1626597967239149#-49.0#2.270291566070749#9
0000 002D 2000 0000 0000 0000#1626597967241410#-51.5#3.2827188860752723#9
0000 0037 2000 0000 0000 0000#1626597967243640#-47.0#4.381049130201391#9
0000 002E 2000 0000 0000 0000#1626597967244695#-49.0#3.0127382674073995#9
0000 0033 2000 0000 0000 0000#1626597967246468#-49.5#0.7117670855789375#9
0000 002E 2000 0000 0000 0000#1626597967254655#-49.0#3.043417883165112#9
0000 002F 2000 0000 0000 0000#1626597967255686#-49.0#2.5464081078901644#9
0000 0039 2000 0000 0000 0000#1626597967257247#-43.5#3.3502140407422405#9
0000 003A 2000 0000 0000 0000#1626597967258824#-40.5#2.429825568010856#9
0000 0034 2000 0000 0000 0000#1626597967260640#-49.5#6.209554229361076#9
0000 0032 2000 0000 0000 0000#1626597967261715#-48.0#1.3069516312785663#9
0000 0030 2000 0000 0000 0000#1626597967263452#-49.0#2.356194490192345#9
0000 002D 2000 0000 0000 0000#1626597967264777#-51.5#3.3072625786814425#9
0000 0038 2000 0000 0000 0000#1626597967266126#-46.0#4.025165587411922#9
0000 0036 2000 0000 0000 0000#1626597967267131#-48.0#5.105088062083414#9
FFFF FFFF FFFF FFFF FFFF FFFF#1626597967269148#-68.5#5.878214379177777#9
0000 003B 2000 0000 0000 0000#1626597967270913#-54.5#3.0250101137104846#9
0000 0031 2000 0000 0000 0000#1626597967273658#-48.5#1.6505633277649499#9
0000 0035 2000 0000 0000 0000#1626597967275617#-48.0#5.387340527054372#9
0000 0033 2000 0000 0000 0000#1626597967276691#-49.0#0.8467573949128739#9
0000 0037 2000 0000 0000 0000#1626597967277799#-47.0#4.485359823777615#9
0000 0030 2000 0000 0000 0000#1626597967541394#-45.5#3.2765829629237295#9
0000 002E 2000 0000 0000 0000#1626597967543251#-46.5#3.9208548938356986#9
0000 0034 2000 0000 0000 0000#1626597967544299#-47.0#1.4419419406125027#9
0000 0032 2000 0000 0000 0000#1626597967545333#-45.0#2.435961491162398#9
0000 002D 2000 0000 0000 0000#1626597967548481#-49.5#4.1172044346850605#9
0000 003A 2000 0000 0000 0000#1626597967549602#-35.5#2.9943304979527716#9
0000 002F 2000 0000 0000 0000#1626597967550880#-46.0#3.485204350076177#9
0000 0039 2000 0000 0000 0000#1626597967553437#-42.5#4.129476280988146#9
0000 0036 2000 0000 0000 0000#1626597967554471#-48.0#0.3865631585471816#9
0000 0038 2000 0000 0000 0000#1626597967555821#-45.5#5.013049214810275#9
0000 0035 2000 0000 0000 0000#1626597967556868#-48.0#0.6442719309119693#9
0000 003B 2000 0000 0000 0000#1626597967557907#-43.5#3.368621810196868#9
0000 0031 2000 0000 0000 0000#1626597967560340#-44.5#2.675262494072558#9
0000 0033 2000 0000 0000 0000#1626597967561744#-45.0#2.110757564130642#9
0000 0037 2000 0000 0000 0000#1626597967563035#-48.0#5.755495916146925#9
0000 0031 2000 0000 0000 0000#1626597967568720#-44.5#2.6998061866787286#9
0000 0038 2000 0000 0000 0000#1626597967570855#-46.0#5.0682725231741586#9
0000 0035 2000 0000 0000 0000#1626597967571903#-48.0#0.7485826244881929#9
0000 002D 2000 0000 0000 0000#1626597967572956#-48.5#4.166291819897402#9
0000 002E 2000 0000 0000 0000#1626597967573996#-46.0#3.9638063558964967#9
0000 0032 2000 0000 0000 0000#1626597967576019#-44.5#2.509592568980909#9
0000 003A 2000 0000 0000 0000#1626597967577566#-35.5#3.074097498922825#9
0000 0034 2000 0000 0000 0000#1626597967579502#-47.0#1.564660403643354#9
0000 003B 2000 0000 0000 0000#1626597967580542#-43.0#3.393165502803038#9
0000 0039 2000 0000 0000 0000#1626597967581850#-42.0#4.227651051412827#9
0000 0033 2000 0000 0000 0000#1626597967582915#-45.0#2.1659808724945253#9
0000 002F 2000 0000 0000 0000#1626597967583993#-46.0#3.5711072741977725#9
0000 0036 2000 0000 0000 0000#1626597967587374#-48.5#0.5338253141842031#9
0000 0037 2000 0000 0000 0000#1626597967588549#-48.0#5.8659425328746915#9
0000 0030 2000 0000 0000 0000#1626597967590148#-45.0#3.411573272257666#9
0000 003A 2000 0000 0000 0000#1626597967858593#-34.5#3.6079228131070282#9
0000 002E 2000 0000 0000 0000#1626597967860488#-44.5#4.0558452031696355#9
0000 0031 2000 0000 0000 0000#1626597967861584#-42.5#3.0127382674073995#9
0000 0030 2000 0000 0000 0000#1626597967862654#-43.0#3.5772431973493153#9
0000 0032 2000 0000 0000 0000#1626597967863700#-42.0#2.8716120349219203#9
0000 002F 2000 0000 0000 0000#1626597967864778#-44.0#3.724505352986337#9
0000 0034 2000 0000 0000 0000#1626597967865898#-43.0#2.110757564130642#9
0000 0033 2000 0000 0000 0000#1626597967867201#-42.0#2.5954954931025047#9
0000 003B 2000 0000 0000 0000#1626597967868283#-40.5#3.7551849687440497#9
0000 0036 2000 0000 0000 0000#1626597967869589#-46.0#1.3437671701878218#9
0000 0039 2000 0000 0000 0000#1626597967871156#-42.0#4.945554060143307#9
0000 0035 2000 0000 0000 0000#1626597967873115#-45.0#1.5585244804918115#9
0000 002D 2000 0000 0000 0000#1626597967874801#-47.5#4.246058820867455#9
0000 0038 2000 0000 0000 0000#1626597967876491#-46.0#6.019340611663256#9
0000 0037 2000 0000 0000 0000#1626597967877669#-47.5#0.5399612373357456#9
0000 002F 2000 0000 0000 0000#1626597967883038#-43.5#3.7551849687440497#9
0000 0036 2000 0000 0000 0000#1626597967885096#-45.5#1.4296700943094176#9
0000 002E 2000 0000 0000 0000#1626597967886208#-44.0#4.104932588381976#9
0000 0031 2000 0000 0000 0000#1626597967887515#-42.5#3.104777114680538#9
0000 0035 2000 0000 0000 0000#1626597967889019#-44.5#1.607611865704152#9
0000 0030 2000 0000 0000 0000#1626597967890331#-43.0#3.6447383520162835#9
0000 0033 2000 0000 0000 0000#1626597967891390#-41.5#2.675262494072558#9
0000 002D 2000 0000 0000 0000#1626597967892532#-47.5#4.28287435977671#9
0000 0034 2000 0000 0000 0000#1626597967893822#-43.0#2.1966604882522383#9
0000 003B 2000 0000 0000 0000#1626597967895374#-40.5#3.8410878928656453#9
0000 0032 2000 0000 0000 0000#1626597967896465#-41.5#2.9575149590435164#9
0000 0038 2000 0000 0000 0000#1626597967897811#-46.0#6.117515382087937#9
0000 003A 2000 0000 0000 0000#1626597967899646#-34.5#3.7551849687440497#9
0000 0037 2000 0000 0000 0000#1626597967904470#-47.0#0.6810874698212247#9
0000 0039 2000 0000 0000 0000#1626597967905524#-42.0#5.092816215780329#9
0000 0038 2000 0000 0000 0000#1626597968169457#-43.0#1.7794177139473437#9
0000 002E 2000 0000 0000 0000#1626597968171238#-43.0#5.3198453723874035#9
0000 0039 2000 0000 0000 0000#1626597968172292#-41.0#0.7853981633974483#9
0000 003B 2000 0000 0000 0000#1626597968173302#-38.5#5.638913376267617#9
0000 0036 2000 0000 0000 0000#1626597968174885#-43.0#3.104777114680538#9
0000 003A 2000 0000 0000 0000#1626597968175935#-33.0#5.688000761479957#9
0000 002F 2000 0000 0000 0000#1626597968179602#-41.5#5.092816215780329#9
0000 0035 2000 0000 0000 0000#1626597968180666#-41.0#3.2949907323783574#9
0000 0032 2000 0000 0000 0000#1626597968181837#-38.0#4.442408361716817#9
0000 0033 2000 0000 0000 0000#1626597968183111#-39.0#4.221515128261284#9
0000 0037 2000 0000 0000 0000#1626597968184617#-43.5#2.454369260617026#9
0000 002D 2000 0000 0000 0000#1626597968187267#-47.0#5.497787143782138#9
0000 0034 2000 0000 0000 0000#1626597968188344#-40.0#3.77972866135022#9
0000 0031 2000 0000 0000 0000#1626597968191689#-39.5#4.601942363656923#9
0000 0030 2000 0000 0000 0000#1626597968193130#-40.5#5.019185137961818#9
0000 0030 2000 0000 0000 0000#1626597968198015#-40.5#5.019185137961818#9
0000 0034 2000 0000 0000 0000#1626597968199173#-39.0#3.822680123411018#9
0000 0033 2000 0000 0000 0000#1626597968200977#-39.0#4.270602513473625#9
0000 0038 2000 0000 0000 0000#1626597968202072#-42.5#1.9082721001297376#9
0000 003B 2000 0000 0000 0000#1626597968204577#-38.5#5.767767762450011#9
0000 0037 2000 0000 0000 0000#1626597968205925#-43.5#2.5034566458293663#9
0000 003A 2000 0000 0000 0000#1626597968207472#-32.5#5.822991070813893#9
0000 002D 2000 0000 0000 0000#1626597968209040#-47.0#5.5284667595398505#9
0000 0031 2000 0000 0000 0000#1626597968210133#-39.5#4.620350133111551#9
0000 0032 2000 0000 0000 0000#1626597968211211#-39.0#4.491495746929157#9
0000 002E 2000 0000 0000 0000#1626597968213279#-43.0#5.405748296509#9
0000 002F 2000 0000 0000 0000#1626597968214327#-42.0#5.135767677841127#9
0000 0035 2000 0000 0000 0000#1626597968215588#-41.0#3.3747577333484107#9
0000 0039 2000 0000 0000 0000#1626597968217778#-40.0#0.9387962421860124#9
0000 0036 2000 0000 0000 0000#1626597968220552#-42.0#3.2459033471660166#9
0000 0034 2000 0000 0000 0000#1626597968486419#-38.0#3.736777199289422#9
0000 0036 2000 0000 0000 0000#1626597968487891#-39.5#3.227495577711389#9
0000 0035 2000 0000 0000 0000#1626597968490134#-38.5#3.3502140407422405#9
0000 003B 2000 0000 0000 0000#1626597968491827#-38.5#0.030679615757712823#9
0000 0031 2000 0000 0000 0000#1626597968492898#-38.0#4.454680208019902#9
0000 002F 2000 0000 0000 0000#1626597968496009#-41.0#4.92714629068868#9
0000 002D 2000 0000 0000 0000#1626597968497421#-46.0#5.21553467881118#9
0000 0030 2000 0000 0000 0000#1626597968498677#-40.0#4.865787059173254#9
0000 002E 2000 0000 0000 0000#1626597968500010#-42.0#5.123495831538041#9
0000 0037 2000 0000 0000 0000#1626597968501033#-40.0#2.6998061866787286#9
0000 0038 2000 0000 0000 0000#1626597968502082#-40.0#2.2396119503130363#9
0000 003A 2000 0000 0000 0000#1626597968503148#-31.5#0.15339807878856412#9
0000 0033 2000 0000 0000 0000#1626597968504886#-38.0#4.2031073588066565#9
0000 0039 2000 0000 0000 0000#1626597968508541#-38.0#1.41126232485479#9
0000 0032 2000 0000 0000 0000#1626597968509604#-38.0#4.387185053352934#9
0000 003B 2000 0000 0000 0000#1626597968513173#-38.0#0.12885438618239387#9
0000 0034 2000 0000 0000 0000#1626597968514250#-38.0#3.80427235395639#9
0000 002D 2000 0000 0000 0000#1626597968515772#-46.0#5.21553467881118#9
0000 002F 2000 0000 0000 0000#1626597968516835#-40.5#4.957825906446392#9
0000 0039 2000 0000 0000 0000#1626597968518132#-38.0#1.4480778637640452#9
0000 0031 2000 0000 0000 0000#1626597968519925#-38.0#4.4976316700806995#9
0000 0030 2000 0000 0000 0000#1626597968520983#-40.0#4.890330751779424#9
0000 0037 2000 0000 0000 0000#1626597968522590#-40.0#2.736621725587984#9
0000 0033 2000 0000 0000 0000#1626597968524164#-37.5#4.23378697456437#9
0000 0032 2000 0000 0000 0000#1626597968525241#-37.5#4.424000592262189#9
0000 003A 2000 0000 0000 0000#1626597968526590#-31.5#0.23316507975861744#9
0000 0038 2000 0000 0000 0000#1626597968528409#-40.0#2.313243028131547#9
0000 0036 2000 0000 0000 0000#1626597968532394#-39.0#3.313398501832985#9
0000 002E 2000 0000 0000 0000#1626597968534319#-42.0#5.141903600992669#9
0000 0035 2000 0000 0000 0000#1626597968535342#-38.0#3.411573272257666#9
0000 003A 2000 0000 0000 0000#1626597968801486#-29.0#1.4787574795217582#9
0000 0035 2000 0000 0000 0000#1626597968802536#-36.5#4.123340357836604#9
0000 0033 2000 0000 0000 0000#1626597968803880#-37.0#4.896466674930966#9
0000 002D 2000 0000 0000 0000#1626597968804949#-46.5#5.577554144752192#9
0000 0039 2000 0000 0000 0000#1626597968806032#-34.0#2.466641106920111#9
0000 002F 2000 0000 0000 0000#1626597968807353#-40.5#5.43029198911517#9
0000 0032 2000 0000 0000 0000#1626597968809415#-36.5#5.062136600022616#9
0000 0036 2000 0000 0000 0000#1626597968811447#-37.0#4.031301510563465#9
0000 003B 2000 0000 0000 0000#1626597968812530#-35.5#1.533980787885641#9
0000 0030 2000 0000 0000 0000#1626597968814568#-39.5#5.436427912266712#9
0000 0031 2000 0000 0000 0000#1626597968815919#-37.0#5.129631754689584#9
0000 0038 2000 0000 0000 0000#1626597968816996#-36.5#3.172272269347506#9
0000 0034 2000 0000 0000 0000#1626597968818102#-36.5#4.528311285838413#9
FFFF FFFF FFFF FFFF FFFF FFFF#1626597968820508#-68.5#5.890486225480862#9
0000 002E 2000 0000 0000 0000#1626597968822459#-42.0#5.540738605842936#9
0000 0037 2000 0000 0000 0000#1626597968823667#-37.0#3.5711072741977725#9
0000 0039 2000 0000 0000 0000#1626597968829308#-34.0#2.5464081078901644#9
0000 0035 2000 0000 0000 0000#1626597968830342#-36.0#4.154019973594316#9
FFFF FFFF FFFF FFFF FFFF FFFF#1626597968831410#-68.5#5.884350302329319#9
0000 002F 2000 0000 0000 0000#1626597968832908#-40.5#5.473243451175968#9
0000 0036 2000 0000 0000 0000#1626597968834245#-37.0#4.061981126321178#9
0000 0033 2000 0000 0000 0000#1626597968835765#-36.5#4.945554060143307#9
0000 0032 2000 0000 0000 0000#1626597968836798#-37.0#5.080544369477243#9
0000 0037 2000 0000 0000 0000#1626597968838112#-37.0#3.5956509668039427#9
0000 002D 2000 0000 0000 0000#1626597968839405#-46.0#5.595961914206819#9
0000 002E 2000 0000 0000 0000#1626597968840915#-42.0#5.559146375297564#9
0000 0038 2000 0000 0000 0000#1626597968841993#-36.5#3.2213596545598464#9
0000 003A 2000 0000 0000 0000#1626597968843074#-28.0#1.6137477888556946#9
0000 0031 2000 0000 0000 0000#1626597968845122#-37.0#5.148039524144211#9
0000 0030 2000 0000 0000 0000#1626597968846677#-39.5#5.460971604872882#9
0000 003B 2000 0000 0000 0000#1626597968848901#-35.0#1.6689710972195777#9
0000 0034 2000 0000 0000 0000#1626597968850802#-36.5#4.589670517353839#9
0000 002F 2000 0000 0000 0000#1626597969117082#-40.5#5.264622064023521#9
0000 003B 2000 0000 0000 0000#1626597969118477#-33.5#2.2150682577068657#9
0000 003A 2000 0000 0000 0000#1626597969119613#-26.5#2.0800779483729293#9
0000 0034 2000 0000 0000 0000#1626597969120660#-36.5#4.577398671050753#9
0000 002E 2000 0000 0000 0000#1626597969121702#-42.5#5.246214294568893#9
0000 0030 2000 0000 0000 0000#1626597969122775#-39.5#5.289165756629691#9
0000 0036 2000 0000 0000 0000#1626597969124307#-36.5#4.1172044346850605#9
FFFF FFFF FFFF FFFF FFFF FFFF#1626597969125361#-68.5#5.190990986205009#9
0000 0037 2000 0000 0000 0000#1626597969126396#-36.0#3.6876898140770815#9
0000 0035 2000 0000 0000 0000#1626597969127701#-35.5#4.2031073588066565#9
0000 0033 2000 0000 0000 0000#1626597969128777#-36.5#4.957825906446392#9
0000 0031 2000 0000 0000 0000#1626597969129856#-37.5#5.080544369477243#9
0000 0032 2000 0000 0000 0000#1626597969130878#-37.0#5.056000676871073#9
0000 0039 2000 0000 0000 0000#1626597969131932#-32.0#2.834796496012665#9
0000 0038 2000 0000 0000 0000#1626597969133083#-34.5#3.4054373491061236#9
0000 002D 2000 0000 0000 0000#1626597969135860#-46.5#5.2339424482658075#9
0000 002E 2000 0000 0000 0000#1626597969139861#-42.5#5.264622064023521#9
0000 0035 2000 0000 0000 0000#1626597969141653#-36.0#4.221515128261284#9
0000 0031 2000 0000 0000 0000#1626597969142989#-37.5#5.086680292628786#9
0000 0034 2000 0000 0000 0000#1626597969144010#-36.5#4.620350133111551#9
0000 002F 2000 0000 0000 0000#1626597969145343#-41.0#5.283029833478148#9
0000 0030 2000 0000 0000 0000#1626597969146912#-39.5#5.307573526084319#9
0000 003A 2000 0000 0000 0000#1626597969148700#-26.5#2.1598449493429825#9
0000 0037 2000 0000 0000 0000#1626597969149976#-36.0#3.724505352986337#9
0000 0036 2000 0000 0000 0000#1626597969150996#-36.5#4.147884050442774#9
FFFF FFFF FFFF FFFF FFFF FFFF#1626597969152576#-69.0#5.313709449235861#9
0000 0038 2000 0000 0000 0000#1626597969154428#-34.5#3.423845118560751#9
0000 0032 2000 0000 0000 0000#1626597969155761#-37.0#5.080544369477243#9
0000 0039 2000 0000 0000 0000#1626597969157115#-32.0#2.8838838812250054#9
0000 002D 2000 0000 0000 0000#1626597969158780#-46.5#5.221670601962723#9
0000 003B 2000 0000 0000 0000#1626597969160119#-33.5#2.3623304133438876#9
0000 0033 2000 0000 0000 0000#1626597969162292#-37.0#5.006913291658733#9
0000 002E 2000 0000 0000 0000#1626597969427181#-44.0#5.93343768754166#9
0000 003B 2000 0000 0000 0000#1626597969428262#-32.0#3.9576704327449543#9
0000 0038 2000 0000 0000 0000#1626597969430068#-34.0#4.681709364626977#9
0000 0034 2000 0000 0000 0000#1626597969431372#-37.0#5.608233760509904#9
0000 0037 2000 0000 0000 0000#1626597969432395#-35.5#4.908738521234052#9
0000 002F 2000 0000 0000 0000#1626597969433942#-42.5#6.025476534814799#9
0000 002D 2000 0000 0000 0000#1626597969434994#-48.5#5.810719224510809#9
0000 0035 2000 0000 0000 0000#1626597969437737#-36.0#5.2768939103266055#9
0000 003A 2000 0000 0000 0000#1626597969438814#-26.0#3.693825737228624#9
0000 0031 2000 0000 0000 0000#1626597969439895#-39.0#5.945709533844745#9
0000 0033 2000 0000 0000 0000#1626597969441696#-38.0#5.9518454569962875#9
0000 0030 2000 0000 0000 0000#1626597969443850#-41.5#6.080699843178682#9
0000 0036 2000 0000 0000 0000#1626597969445727#-36.5#5.2339424482658075#9
0000 0039 2000 0000 0000 0000#1626597969446810#-31.0#4.3074180523828804#9
0000 0032 2000 0000 0000 0000#1626597969448354#-38.5#5.957981380147831#9
0000 002E 2000 0000 0000 0000#1626597969455440#-44.0#5.872078456026235#9
0000 0035 2000 0000 0000 0000#1626597969456472#-36.0#5.295301679781233#9
0000 0033 2000 0000 0000 0000#1626597969457992#-38.0#5.945709533844745#9
0000 0032 2000 0000 0000 0000#1626597969459663#-37.0#5.964117303299373#9
0000 0038 2000 0000 0000 0000#1626597969460745#-34.0#4.7307967498393175#9
0000 002D 2000 0000 0000 0000#1626597969462054#-49.0#5.749359992995383#9
0000 0031 2000 0000 0000 0000#1626597969463106#-39.0#5.945709533844745#9
0000 0034 2000 0000 0000 0000#1626597969464097#-37.0#5.620505606812989#9
0000 0030 2000 0000 0000 0000#1626597969467341#-41.0#6.056156150572511#9
0000 003A 2000 0000 0000 0000#1626597969468388#-26.0#3.749049045592507#9
0000 0036 2000 0000 0000 0000#1626597969469438#-36.5#5.240078371417351#9
0000 002F 2000 0000 0000 0000#1626597969471014#-42.5#5.994796919057086#9
0000 0037 2000 0000 0000 0000#1626597969472092#-35.5#4.92714629068868#9
0000 0039 2000 0000 0000 0000#1626597969475127#-31.0#4.344233591292136#9
0000 003B 2000 0000 0000 0000#1626597969476422#-32.0#4.061981126321178#9
0000 0035 2000 0000 0000 0000#1626597969741938#-37.0#4.779884135051658#9
0000 003A 2000 0000 0000 0000#1626597969742985#-26.0#3.5772431973493153#9
0000 0038 2000 0000 0000 0000#1626597969745375#-34.0#4.411728745959104#9
0000 0034 2000 0000 0000 0000#1626597969746696#-37.5#5.019185137961818#9
0000 003B 2000 0000 0000 0000#1626597969747776#-32.5#4.01902966426038#9
0000 002F 2000 0000 0000 0000#1626597969749082#-44.0#5.086680292628786#9
0000 0032 2000 0000 0000 0000#1626597969750370#-39.5#5.184855063053467#9
0000 0036 2000 0000 0000 0000#1626597969751480#-37.5#4.779884135051658#9
0000 0037 2000 0000 0000 0000#1626597969752529#-36.0#4.522175362686871#9
0000 0031 2000 0000 0000 0000#1626597969753611#-40.5#5.129631754689584#9
0000 0033 2000 0000 0000 0000#1626597969754687#-39.0#5.240078371417351#9
0000 0039 2000 0000 0000 0000#1626597969755755#-32.0#4.086524818927348#9
0000 0030 2000 0000 0000 0000#1626597969757950#-43.0#5.190990986205009#9
0000 002D 2000 0000 0000 0000#1626597969759629#-51.0#4.718524903536232#9
0000 002E 2000 0000 0000 0000#1626597969760927#-46.0#4.878058905476339#9
0000 002D 2000 0000 0000 0000#1626597969766671#-51.5#4.718524903536232#9
0000 0035 2000 0000 0000 0000#1626597969768018#-37.0#4.804427827657828#9
0000 0037 2000 0000 0000 0000#1626597969769696#-36.0#4.528311285838413#9
0000 0030 2000 0000 0000 0000#1626597969771279#-43.0#5.1725832167503825#9
0000 0032 2000 0000 0000 0000#1626597969772327#-40.0#5.160311370447297#9
0000 003A 2000 0000 0000 0000#1626597969773937#-26.0#3.6140587362585705#9
0000 0031 2000 0000 0000 0000#1626597969775002#-40.5#5.117359908386499#9
0000 0033 2000 0000 0000 0000#1626597969776079#-39.0#5.21553467881118#9
0000 0036 2000 0000 0000 0000#1626597969777184#-37.5#4.767612288748572#9
0000 0034 2000 0000 0000 0000#1626597969778234#-37.5#4.988505522204105#9
0000 002F 2000 0000 0000 0000#1626597969779511#-44.5#5.056000676871073#9
0000 0038 2000 0000 0000 0000#1626597969780591#-34.0#4.424000592262189#9
0000 0039 2000 0000 0000 0000#1626597969782060#-32.0#4.1172044346850605#9
0000 002E 2000 0000 0000 0000#1626597969783610#-46.5#4.847379289718626#9
0000 003B 2000 0000 0000 0000#1626597969785348#-32.5#4.074252972624263#9
0000 003A 2000 0000 0000 0000#1626597970049028#-26.0#4.06811704947272#9
0000 003B 2000 0000 0000 0000#1626597970051947#-32.5#4.608078286808466#9
0000 0037 2000 0000 0000 0000#1626597970053054#-36.0#4.700117134081604#9
0000 0035 2000 0000 0000 0000#1626597970054649#-36.5#4.822835597112456#9
0000 0032 2000 0000 0000 0000#1626597970055685#-40.5#5.031456984264903#9
0000 002F 2000 0000 0000 0000#1626597970058400#-46.0#4.828971520263998#9
0000 0034 2000 0000 0000 0000#1626597970059477#-37.5#4.945554060143307#9
0000 0033 2000 0000 0000 0000#1626597970060635#-38.5#5.111223985234957#9
0000 0030 2000 0000 0000 0000#1626597970062049#-44.0#4.9823695990525625#9
0000 0038 2000 0000 0000 0000#1626597970063371#-34.0#4.6878452877785195#9
0000 0031 2000 0000 0000 0000#1626597970064495#-41.5#4.933282213840222#9
0000 0039 2000 0000 0000 0000#1626597970066709#-31.5#4.466952054322987#9
0000 0036 2000 0000 0000 0000#1626597970067730#-36.5#4.841243366567084#9
0000 002D 2000 0000 0000 0000#1626597970069053#-53.0#4.356505437595221#9
0000 002E 2000 0000 0000 0000#1626597970070294#-48.5#4.577398671050753#9
0000 002F 2000 0000 0000 0000#1626597970074130#-46.0#4.804427827657828#9
0000 0039 2000 0000 0000 0000#1626597970075703#-31.5#4.479223900626073#9
0000 002D 2000 0000 0000 0000#1626597970078079#-52.5#4.344233591292136#9
0000 0030 2000 0000 0000 0000#1626597970080256#-44.5#4.945554060143307#9
0000 0031 2000 0000 0000 0000#1626597970081563#-42.0#4.914874444385594#9
0000 0038 2000 0000 0000 0000#1626597970082863#-34.0#4.6878452877785195#9
0000 003A 2000 0000 0000 0000#1626597970083926#-26.0#4.086524818927348#9
0000 0036 2000 0000 0000 0000#1626597970084958#-36.5#4.81056375080937#9
0000 0035 2000 0000 0000 0000#1626597970086096#-36.5#4.7860200582032#9
0000 002E 2000 0000 0000 0000#1626597970087123#-49.0#4.528311285838413#9
0000 0034 2000 0000 0000 0000#1626597970090489#-37.5#4.914874444385594#9
0000 0032 2000 0000 0000 0000#1626597970091891#-40.5#4.97623367590102#9
0000 0033 2000 0000 0000 0000#1626597970093151#-39.5#5.062136600022616#9
0000 0037 2000 0000 0000 0000#1626597970094300#-36.0#4.6878452877785195#9
0000 003B 2000 0000 0000 0000#1626597970095385#-32.5#4.657165672020807#9
0000 0038 2000 0000 0000 0000#1626597970358194#-33.0#4.196971435655114#9
0000 0034 2000 0000 0000 0000#1626597970359256#-38.0#4.1417481272912315#9
0000 0035 2000 0000 0000 0000#1626597970360804#-36.5#4.061981126321178#9
0000 003B 2000 0000 0000 0000#1626597970361830#-32.0#4.516039439535327#9
0000 0032 2000 0000 0000 0000#1626597970363176#-42.5#4.04357335686655#9
0000 003A 2000 0000 0000 0000#1626597970364333#-24.5#3.834951969714103#9
0000 0031 2000 0000 0000 0000#1626597970366183#-45.0#3.9269908169872414#9
0000 0033 2000 0000 0000 0000#1626597970367771#-41.0#4.196971435655114#9
0000 0030 2000 0000 0000 0000#1626597970369098#-48.0#3.890175278077986#9
0000 002E 2000 0000 0000 0000#1626597970370382#-52.0#3.2827188860752723#9
0000 0037 2000 0000 0000 0000#1626597970374346#-35.0#4.0987966652304335#9
0000 0039 2000 0000 0000 0000#1626597970375712#-31.0#4.09266074207889#9
0000 0036 2000 0000 0000 0000#1626597970377617#-36.5#4.123340357836604#9
0000 002D 2000 0000 0000 0000#1626597970379311#-56.0#2.8777479580734626#9
0000 002F 2000 0000 0000 0000#1626597970381485#-49.0#3.6017868899554855#9
0000 0030 2000 0000 0000 0000#1626597970385910#-48.0#3.8288160465625602#9
0000 002F 2000 0000 0000 0000#1626597970387249#-49.0#3.5956509668039427#9
0000 0031 2000 0000 0000 0000#1626597970388313#-45.0#3.865631585471816#9
0000 002E 2000 0000 0000 0000#1626597970389425#-52.5#3.153864499892878#9
0000 0035 2000 0000 0000 0000#1626597970392701#-36.5#4.006757817957295#9
0000 003A 2000 0000 0000 0000#1626597970393720#-26.0#3.847223816017188#9
0000 003B 2000 0000 0000 0000#1626597970395101#-32.0#4.546719055293041#9
0000 0032 2000 0000 0000 0000#1626597970396703#-43.0#3.9638063558964967#9
0000 0033 2000 0000 0000 0000#1626597970398262#-41.0#4.129476280988146#9
0000 0039 2000 0000 0000 0000#1626597970400583#-31.0#4.086524818927348#9
0000 002D 2000 0000 0000 0000#1626597970403215#-56.0#2.7550294950426117#9
0000 0038 2000 0000 0000 0000#1626597970404622#-33.0#4.154019973594316#9
0000 0036 2000 0000 0000 0000#1626597970405646#-36.5#4.06811704947272#9
0000 0037 2000 0000 0000 0000#1626597970407182#-35.0#4.061981126321178#9
0000 0034 2000 0000 0000 0000#1626597970408339#-37.0#4.04357335686655#9
0000 0034 2000 0000 0000 0000#1626597970679168#-38.5#4.2092432819582#9
0000 0033 2000 0000 0000 0000#1626597970680271#-42.5#4.104932588381976#9
0000 0032 2000 0000 0000 0000#1626597970681576#-45.5#3.785864584501762#9
0000 0038 2000 0000 0000 0000#1626597970682882#-32.5#4.675573441475434#9
0000 0035 2000 0000 0000 0000#1626597970685812#-36.0#4.227651051412827#9
0000 0031 2000 0000 0000 0000#1626597970686904#-46.5#3.56497135104623#9
0000 0039 2000 0000 0000 0000#1626597970688242#-30.5#4.681709364626977#9
0000 0030 2000 0000 0000 0000#1626597970689355#-50.5#3.368621810196868#9
0000 0037 2000 0000 0000 0000#1626597970690661#-34.0#4.473087977474529#9
0000 002F 2000 0000 0000 0000#1626597970691993#-52.0#3.043417883165112#9
0000 003A 2000 0000 0000 0000#1626597970693295#-25.0#4.638757902566179#9
0000 002E 2000 0000 0000 0000#1626597970694379#-54.0#2.478912953223196#9
0000 003B 2000 0000 0000 0000#1626597970695405#-30.5#5.393476450205914#9
0000 0036 2000 0000 0000 0000#1626597970696669#-36.0#4.319689898685965#9
0000 002D 2000 0000 0000 0000#1626597970709238#-58.0#1.7978254834019713#9
0000 003B 2000 0000 0000 0000#1626597970717828#-30.5#5.184855063053467#9
0000 003A 2000 0000 0000 0000#1626597970719523#-24.5#4.3933209765044765#9
0000 0038 2000 0000 0000 0000#1626597970720774#-32.0#4.405592822807561#9
0000 002D 2000 0000 0000 0000#1626597970722959#-58.5#1.6996507129772904#9
0000 0031 2000 0000 0000 0000#1626597970724051#-47.5#3.2029518851052186#9
0000 0037 2000 0000 0000 0000#1626597970725404#-34.5#4.2031073588066565#9
0000 0033 2000 0000 0000 0000#1626597970726465#-43.5#3.736777199289422#9
0000 0035 2000 0000 0000 0000#1626597970727502#-37.0#3.9269908169872414#9
0000 0039 2000 0000 0000 0000#1626597970728568#-30.0#4.442408361716817#9
0000 0034 2000 0000 0000 0000#1626597970729646#-39.5#3.859495662320273#9
0000 002E 2000 0000 0000 0000#1626597970732202#-54.5#2.061670178918302#9
0000 002F 2000 0000 0000 0000#1626597970733224#-52.0#2.6261751088602177#9
0000 0032 2000 0000 0000 0000#1626597970734284#-45.5#3.380893656499953#9
0000 0030 2000 0000 0000 0000#1626597970735341#-51.0#2.8838838812250054#9
0000 0036 2000 0000 0000 0000#1626597970737101#-37.0#4.031301510563465#9
0000 0035 2000 0000 0000 0000#1626597971004842#-38.5#2.7120780329818137#9
0000 003B 2000 0000 0000 0000#1626597971006140#-31.5#4.71238898038469#9
0000 003A 2000 0000 0000 0000#1626597971009111#-25.5#3.724505352986337#9
0000 002E 2000 0000 0000 0000#1626597971010996#-49.0#5.9518454569962875#9
0000 0033 2000 0000 0000 0000#1626597971013301#-46.0#2.2089323345553233#9
0000 0038 2000 0000 0000 0000#1626597971014352#-33.5#3.454524734318464#9
0000 0037 2000 0000 0000 0000#1626597971015460#-36.5#3.160000423044421#9
0000 0039 2000 0000 0000 0000#1626597971017055#-31.0#3.6079228131070282#9
0000 0034 2000 0000 0000 0000#1626597971019097#-41.5#2.5034566458293663#9
0000 0036 2000 0000 0000 0000#1626597971022230#-38.5#2.834796496012665#9
0000 0032 2000 0000 0000 0000#1626597971023274#-48.0#1.718058482431918#9
0000 002D 2000 0000 0000 0000#1626597971027044#-46.0#5.448699758569798#9
0000 0031 2000 0000 0000 0000#1626597971028166#-49.5#1.380582709097077#9
0000 0030 2000 0000 0000 0000#1626597971029365#-53.0#0.8528933180644165#9
0000 002F 2000 0000 0000 0000#1626597971030457#-53.5#0.5829126993965437#9
0000 002E 2000 0000 0000 0000#1626597971034833#-47.5#5.71868037723767#9
0000 0039 2000 0000 0000 0000#1626597971035859#-31.0#3.5833791205008576#9
0000 0037 2000 0000 0000 0000#1626597971037779#-36.5#3.0802334220743677#9
0000 0033 2000 0000 0000 0000#1626597971038856#-46.0#2.116893487282185#9
0000 003B 2000 0000 0000 0000#1626597971039937#-31.5#4.6878452877785195#9
0000 002F 2000 0000 0000 0000#1626597971040971#-53.5#0.5829126993965437#9
0000 003A 2000 0000 0000 0000#1626597971042046#-25.5#3.6815538909255388#9
0000 002D 2000 0000 0000 0000#1626597971043426#-45.0#5.332117218690489#9
0000 0036 2000 0000 0000 0000#1626597971044449#-38.5#2.761165418194154#9
0000 0034 2000 0000 0000 0000#1626597971045451#-41.5#2.423689644859313#9
0000 0030 2000 0000 0000 0000#1626597971047023#-53.0#0.705631162427395#9
0000 0032 2000 0000 0000 0000#1626597971048083#-48.5#1.6014759425526093#9
0000 0038 2000 0000 0000 0000#1626597971049620#-33.5#3.393165502803038#9
0000 0035 2000 0000 0000 0000#1626597971050754#-39.0#2.5832236467994196#9
0000 0031 2000 0000 0000 0000#1626597971052287#-49.5#1.2333205534600555#9
0000 0033 2000 0000 0000 0000#1626597971325733#-49.5#0.3988350048502667#9
0000 0036 2000 0000 0000 0000#1626597971326782#-42.0#1.6137477888556946#9
0000 0039 2000 0000 0000 0000#1626597971329158#-33.5#2.5280003384355365#9
0000 003A 2000 0000 0000 0000#1626597971331303#-27.0#2.6875343403756435#9
0000 0037 2000 0000 0000 0000#1626597971332641#-38.5#1.9512235621905356#9
0000 0035 2000 0000 0000 0000#1626597971333733#-42.0#1.337631247036279#9
0000 0034 2000 0000 0000 0000#1626597971335493#-44.5#1.0185632431560658#9
0000 002D 2000 0000 0000 0000#1626597971336585#-53.0#3.8410878928656453#9
0000 0030 2000 0000 0000 0000#1626597971337867#-43.0#4.178563666200486#9
0000 002E 2000 0000 0000 0000#1626597971339207#-46.5#3.8288160465625602#9
0000 0038 2000 0000 0000 0000#1626597971340316#-37.0#2.313243028131547#9
0000 003B 2000 0000 0000 0000#1626597971341398#-33.5#3.933126740138784#9
FFFF FFFF FFFF FFFF FFFF FFFF#1626597971343105#-69.0#5.368932757599744#9
0000 0032 2000 0000 0000 0000#1626597971344731#-50.0#5.700272607783043#9
0000 0031 2000 0000 0000 0000#1626597971345741#-49.0#5.2339424482658075#9
0000 002F 2000 0000 0000 0000#1626597971346845#-43.0#3.988350048502667#9
0000 0030 2000 0000 0000 0000#1626597971351838#-42.5#4.129476280988146#9
0000 0037 2000 0000 0000 0000#1626597971353614#-39.0#1.9144080232812801#9
0000 0038 2000 0000 0000 0000#1626597971354649#-36.5#2.2518837966161214#9
0000 003B 2000 0000 0000 0000#1626597971355720#-33.5#3.9085830475326135#9
0000 0039 2000 0000 0000 0000#1626597971357555#-33.5#2.466641106920111#9
0000 003A 2000 0000 0000 0000#1626597971358877#-27.0#2.6200391857086753#9
0000 0035 2000 0000 0000 0000#1626597971360183#-42.0#1.2640001692177683#9
0000 0036 2000 0000 0000 0000#1626597971361956#-42.0#1.4910293258248433#9
0000 002D 2000 0000 0000 0000#1626597971363070#-55.0#3.736777199289422#9
0000 0034 2000 0000 0000 0000#1626597971364160#-45.0#0.9019807032767571#9
0000 002E 2000 0000 0000 0000#1626597971366455#-47.5#3.767456815047135#9
0000 002F 2000 0000 0000 0000#1626597971368001#-43.5#3.9147189706841563#9
FFFF FFFF FFFF FFFF FFFF FFFF#1626597971369098#-68.5#5.21553467881118#9
0000 0031 2000 0000 0000 0000#1626597971370172#-47.5#5.013049214810275#9
0000 0032 2000 0000 0000 0000#1626597971374028#-50.0#5.491651220630596#9
0000 0033 2000 0000 0000 0000#1626597971375331#-50.0#0.04295146206079795#9
0000 0033 2000 0000 0000 0000#1626597971640986#-42.5#4.522175362686871#9
0000 003A 2000 0000 0000 0000#1626597971642291#-29.5#2.2150682577068657#9
0000 0039 2000 0000 0000 0000#1626597971643698#-36.5#2.024854640009046#9
0000 002F 2000 0000 0000 0000#1626597971646000#-53.0#3.368621810196868#9
0000 0030 2000 0000 0000 0000#1626597971647310#-48.5#3.663146121470911#9
0000 0031 2000 0000 0000 0000#1626597971648632#-40.5#3.6324665057131984#9
FFFF FFFF FFFF FFFF FFFF FFFF#1626597971650196#-68.5#5.681864838328415#9
0000 0038 2000 0000 0000 0000#1626597971651231#-40.0#1.7241944055834606#9
0000 002E 2000 0000 0000 0000#1626597971653291#-59.5#2.5341362615870793#9
0000 0032 2000 0000 0000 0000#1626597971654596#-40.5#3.8717675086233583#9
0000 0037 2000 0000 0000 0000#1626597971655706#-43.0#1.1596894756415448#9
0000 003B 2000 0000 0000 0000#1626597971656817#-34.5#3.54042765844006#9
0000 0036 2000 0000 0000 0000#1626597971659613#-46.0#0.39269908169872414#9
0000 0035 2000 0000 0000 0000#1626597971662286#-46.0#0.02454369260617026#9
0000 002D 2000 0000 0000 0000#1626597971663411#-63.0#2.086213871524472#9
0000 0034 2000 0000 0000 0000#1626597971664440#-45.5#5.565282298449106#9
0000 002E 2000 0000 0000 0000#1626597971671238#-59.0#2.4175537217077703#9
0000 002F 2000 0000 0000 0000#1626597971672357#-54.5#3.2397674240144743#9
0000 0038 2000 0000 0000 0000#1626597971674718#-41.0#1.6505633277649499#9
0000 003A 2000 0000 0000 0000#1626597971675782#-30.0#2.141437179888355#9
0000 0037 2000 0000 0000 0000#1626597971676846#-43.5#1.0799224746714913#9
0000 003B 2000 0000 0000 0000#1626597971677915#-34.5#3.497476196379262#9
FFFF FFFF FFFF FFFF FFFF FFFF#1626597971679501#-68.5#5.651185222570702#9
0000 002D 2000 0000 0000 0000#1626597971680809#-62.5#1.9757672547967058#9
0000 0036 2000 0000 0000 0000#1626597971681914#-46.0#0.2638446955163303#9
0000 0035 2000 0000 0000 0000#1626597971683204#-46.0#6.178874613603362#9
0000 0031 2000 0000 0000 0000#1626597971684754#-41.0#3.552699504743145#9
0000 0033 2000 0000 0000 0000#1626597971686142#-41.0#4.252194744018997#9
0000 0032 2000 0000 0000 0000#1626597971687288#-39.0#3.761320891895592#9
0000 0039 2000 0000 0000 0000#1626597971688331#-37.0#1.9266798695843652#9
0000 0030 2000 0000 0000 0000#1626597971689384#-51.0#3.6140587362585705#9
0000 0034 2000 0000 0000 0000#1626597971690647#-44.5#5.332117218690489#9
FFFF FFFF FFFF FFFF FFFF FFFF#1626597971956617#-68.0#0.25157284921324513#9
0000 002E 2000 0000 0000 0000#1626597971957686#-60.0#6.1850105367549055#9
0000 0031 2000 0000 0000 0000#1626597971958961#-53.0#3.4913402732277192#9
0000 0037 2000 0000 0000 0000#1626597971960054#-46.0#0.006135923151542565#9
0000 0033 2000 0000 0000 0000#1626597971961968#-41.0#4.154019973594316#9
0000 003B 2000 0000 0000 0000#1626597971963036#-37.0#3.509748042682347#9
0000 0035 2000 0000 0000 0000#1626597971964847#-40.0#4.859651136021712#9
0000 0039 2000 0000 0000 0000#1626597971967152#-42.0#1.6505633277649499#9
0000 0030 2000 0000 0000 0000#1626597971968753#-59.0#2.773437264497239#9
0000 0036 2000 0000 0000 0000#1626597971970647#-41.5#5.166447293598839#9
0000 003A 2000 0000 0000 0000#1626597971971910#-33.5#2.043262409463674#9
0000 002F 2000 0000 0000 0000#1626597971973412#-60.0#1.8162332528565992#9
0000 0038 2000 0000 0000 0000#1626597971975050#-45.5#0.8958447801252144#9
0000 0034 2000 0000 0000 0000#1626597971977743#-38.5#4.368777283898306#9
0000 002D 2000 0000 0000 0000#1626597971979382#-60.0#5.092816215780329#9
0000 0032 2000 0000 0000 0000#1626597971980686#-51.5#3.9453985864418692#9
0000 0032 2000 0000 0000 0000#1626597971985806#-51.5#3.9269908169872414#9
0000 0035 2000 0000 0000 0000#1626597971987111#-39.5#4.773748211900116#9
0000 003A 2000 0000 0000 0000#1626597971988132#-34.0#1.9941750242513334#9
0000 0034 2000 0000 0000 0000#1626597971990926#-37.5#4.338097668140593#9
0000 002F 2000 0000 0000 0000#1626597971991962#-60.5#1.6689710972195777#9
0000 0030 2000 0000 0000 0000#1626597971993274#-59.5#2.6691265709210157#9
0000 0039 2000 0000 0000 0000#1626597971994341#-43.0#1.5155730184310134#9
0000 002E 2000 0000 0000 0000#1626597971995424#-60.0#5.688000761479957#9
0000 003B 2000 0000 0000 0000#1626597971997461#-37.0#3.429981041712294#9
0000 0036 2000 0000 0000 0000#1626597971998555#-41.0#5.013049214810275#9
0000 0037 2000 0000 0000 0000#1626597971999646#-45.0#5.988660995905543#9
0000 0031 2000 0000 0000 0000#1626597972001681#-54.5#3.3195344249845276#9
0000 0033 2000 0000 0000 0000#1626597972004306#-43.5#4.129476280988146#9
0000 0038 2000 0000 0000 0000#1626597972005430#-46.0#0.6749515466696822#9
0000 002D 2000 0000 0000 0000#1626597972006968#-61.0#4.755340442445488#9
FFFF FFFF FFFF FFFF FFFF FFFF#1626597972011325#-68.0#0.42337869745643697#9
0000 0031 2000 0000 0000 0000#1626597972274280#-57.5#0.9387962421860124#9
0000 0038 2000 0000 0000 0000#1626597972275629#-43.0#4.957825906446392#9
0000 0039 2000 0000 0000 0000#1626597972276696#-44.5#5.626641529964532#9
0000 0033 2000 0000 0000 0000#1626597972277999#-56.0#2.945243112740431#9
0000 0035 2000 0000 0000 0000#1626597972280411#-44.5#3.7429131224409646#9
0000 0034 2000 0000 0000 0000#1626597972281443#-50.0#3.6263305825616556#9
0000 0037 2000 0000 0000 0000#1626597972282764#-42.0#4.387185053352934#9
0000 0032 2000 0000 0000 0000#1626597972284082#-57.5#1.7978254834019713#9
0000 002E 2000 0000 0000 0000#1626597972285168#-63.5#2.5893595699509624#9
0000 003B 2000 0000 0000 0000#1626597972286249#-43.0#2.3071071049800045#9
0000 0030 2000 0000 0000 0000#1626597972289051#-64.0#5.706408530934585#9
0000 003A 2000 0000 0000 0000#1626597972290172#-40.5#0.22089323345553233#9
0000 002D 2000 0000 0000 0000#1626597972291183#-63.5#1.337631247036279#9
FFFF FFFF FFFF FFFF FFFF FFFF#1626597972293100#-68.0#5.749359992995383#9
0000 0036 2000 0000 0000 0000#1626597972294889#-44.0#3.9147189706841563#9
0000 002F 2000 0000 0000 0000#1626597972298175#-61.0#4.374913207049849#9
0000 0037 2000 0000 0000 0000#1626597972303422#-42.5#4.3503695144436785#9
0000 002F 2000 0000 0000 0000#1626597972304474#-61.5#4.4362724385652745#9
0000 003A 2000 0000 0000 0000#1626597972305535#-41.0#0.11658253987930872#9
0000 0033 2000 0000 0000 0000#1626597972307764#-56.0#2.773437264497239#9
0000 0030 2000 0000 0000 0000#1626597972308836#-64.5#5.565282298449106#9
0000 002D 2000 0000 0000 0000#1626597972310907#-64.0#1.1596894756415448#9
0000 003B 2000 0000 0000 0000#1626597972312501#-43.5#2.184388641949153#9
0000 0039 2000 0000 0000 0000#1626597972313839#-44.0#5.405748296509#9
0000 0035 2000 0000 0000 0000#1626597972315186#-46.0#3.718369429834794#9
0000 0038 2000 0000 0000 0000#1626597972316238#-42.5#4.828971520263998#9
FFFF FFFF FFFF FFFF FFFF FFFF#1626597972317315#-67.5#5.730952223540755#9
0000 0034 2000 0000 0000 0000#1626597972318745#-50.0#3.4913402732277192#9
0000 0036 2000 0000 0000 0000#1626597972320062#-45.0#3.8717675086233583#9
0000 0031 2000 0000 0000 0000#1626597972321141#-58.5#0.4172427743048944#9
0000 002E 2000 0000 0000 0000#1626597972322172#-64.5#2.1782527187976104#9
0000 0032 2000 0000 0000 0000#1626597972323812#-59.0#1.4173982480063325#9
0000 0038 2000 0000 0000 0000#1626597972591661#-47.5#3.9392626632903265#9
0000 003A 2000 0000 0000 0000#1626597972592995#-39.0#4.387185053352934#9
0000 0037 2000 0000 0000 0000#1626597972594072#-52.0#3.497476196379262#9
0000 0036 2000 0000 0000 0000#1626597972595620#-55.0#2.6323110320117604#9
FFFF FFFF FFFF FFFF FFFF FFFF#1626597972597396#-67.5#5.135767677841127#9
0000 0035 2000 0000 0000 0000#1626597972598677#-55.0#2.1659808724945253#9
0000 0039 2000 0000 0000 0000#1626597972600255#-44.0#4.129476280988146#9
0000 0033 2000 0000 0000 0000#1626597972601346#-62.5#5.902758071783947#9
0000 002F 2000 0000 0000 0000#1626597972602894#-64.0#1.3437671701878218#9
0000 0034 2000 0000 0000 0000#1626597972605362#-57.5#1.1596894756415448#9
0000 0032 2000 0000 0000 0000#1626597972608004#-60.0#4.356505437595221#9
0000 003B 2000 0000 0000 0000#1626597972609590#-47.5#0.09817477042468103#9
0000 002D 2000 0000 0000 0000#1626597972611474#-58.5#4.430136515413731#9
0000 0030 2000 0000 0000 0000#1626597972612856#-65.0#2.509592568980909#9
0000 0031 2000 0000 0000 0000#1626597972613963#-59.5#3.5036121195308043#9
0000 002E 2000 0000 0000 0000#1626597972615529#-61.0#4.970097752749477#9
0000 0036 2000 0000 0000 0000#1626597972620752#-56.0#2.4850488763747385#9
0000 0032 2000 0000 0000 0000#1626597972622055#-60.0#4.184699589352029#9
0000 003A 2000 0000 0000 0000#1626597972623091#-39.0#4.3074180523828804#9
0000 003B 2000 0000 0000 0000#1626597972624131#-47.5#0.0#9
0000 0039 2000 0000 0000 0000#1626597972625884#-44.0#4.074252972624263#9
0000 0035 2000 0000 0000 0000#1626597972627004#-55.5#1.945087639038993#9
0000 0031 2000 0000 0000 0000#1626597972628092#-59.5#3.442252888015379#9
0000 0033 2000 0000 0000 0000#1626597972629614#-63.0#5.749359992995383#9
0000 002F 2000 0000 0000 0000#1626597972630675#-64.0#0.9940195505498954#9
0000 002E 2000 0000 0000 0000#1626597972631772#-61.0#4.896466674930966#9
0000 0038 2000 0000 0000 0000#1626597972633336#-49.0#3.859495662320273#9
0000 002D 2000 0000 0000 0000#1626597972634643#-58.5#4.264466590322082#9
0000 0037 2000 0000 0000 0000#1626597972636190#-54.0#3.380893656499953#9
0000 0034 2000 0000 0000 0000#1626597972637507#-58.5#0.8344855486097889#9
FFFF FFFF FFFF FFFF FFFF FFFF#1626597972638602#-67.5#5.270757987175063#9
0000 0030 2000 0000 0000 0000#1626597972642582#-67.0#2.4175537217077703#9
0000 0037 2000 0000 0000 0000#1626597972916813#-58.0#1.9389517158874505#9
0000 0032 2000 0000 0000 0000#1626597972917974#-61.0#2.1230294104337273#9
0000 003A 2000 0000 0000 0000#1626597972919034#-42.0#3.767456815047135#9
0000 003B 2000 0000 0000 0000#1626597972921095#-46.0#5.381204603902829#9
0000 002E 2000 0000 0000 0000#1626597972922151#-58.5#3.9760782021995817#9
0000 0038 2000 0000 0000 0000#1626597972923331#-54.0#2.9084275738311756#9
0000 0036 2000 0000 0000 0000#1626597972924615#-60.5#0.3865631585471816#9
FFFF FFFF FFFF FFFF FFFF FFFF#1626597972926387#-68.0#5.553010452146021#9
0000 002F 2000 0000 0000 0000#1626597972927476#-58.0#5.043728830567988#9
0000 0039 2000 0000 0000 0000#1626597972930576#-50.5#3.380893656499953#9
0000 002D 2000 0000 0000 0000#1626597972931673#-57.5#3.6140587362585705#9
0000 0031 2000 0000 0000 0000#1626597972932753#-60.5#1.1228739367322893#9
0000 0033 2000 0000 0000 0000#1626597972934194#-60.0#3.1784081924990484#9
0000 0035 2000 0000 0000 0000#1626597972935722#-59.0#5.6941366846315#9
0000 0030 2000 0000 0000 0000#1626597972937053#-62.5#5.589825991055276#9
0000 0034 2000 0000 0000 0000#1626597972938141#-57.5#4.331961744989051#9
FFFF FFFF FFFF FFFF FFFF FFFF#1626597972943498#-67.5#5.411884219660542#9
0000 003A 2000 0000 0000 0000#1626597972944589#-42.5#3.693825737228624#9
0000 0036 2000 0000 0000 0000#1626597972945878#-60.5#0.28225246497095796#9
0000 002D 2000 0000 0000 0000#1626597972947672#-58.0#3.5772431973493153#9
0000 0034 2000 0000 0000 0000#1626597972949217#-57.5#4.239922897715912#9
0000 0035 2000 0000 0000 0000#1626597972950281#-58.5#5.632777453116074#9
0000 0031 2000 0000 0000 0000#1626597972960148#-59.5#1.736466251886546#9
0000 002E 2000 0000 0000 0000#1626597972961231#-57.5#4.565126824747668#9
0000 003B 2000 0000 0000 0000#1626597972962295#-46.0#6.031612457966341#9
0000 0030 2000 0000 0000 0000#1626597972963367#-61.5#6.111379458936394#9
0000 0033 2000 0000 0000 0000#1626597972965868#-59.0#3.8288160465625602#9
0000 0037 2000 0000 0000 0000#1626597972966916#-58.0#2.405281875404685#9
0000 0038 2000 0000 0000 0000#1626597972968704#-54.0#3.436116964863836#9
0000 0039 2000 0000 0000 0000#1626597972971046#-50.5#4.000621894805752#9
0000 002F 2000 0000 0000 0000#1626597972974126#-57.5#5.577554144752192#9
0000 0032 2000 0000 0000 0000#1626597972977952#-60.5#2.478912953223196#9
0000 0031 2000 0000 0000 0000#1626597973244049#-56.5#5.595961914206819#9
0000 003B 2000 0000 0000 0000#1626597973245074#-50.5#5.019185137961818#9
0000 0033 2000 0000 0000 0000#1626597973246150#-61.0#1.0799224746714913#9
0000 0036 2000 0000 0000 0000#1626597973247968#-61.0#4.577398671050753#9
0000 002F 2000 0000 0000 0000#1626597973249502#-58.5#4.479223900626073#9
0000 002D 2000 0000 0000 0000#1626597973251325#-62.0#3.736777199289422#9
0000 0034 2000 0000 0000 0000#1626597973253085#-59.0#2.282563412373834#9
0000 0030 2000 0000 0000 0000#1626597973254155#-61.5#4.798291904506286#9
0000 0038 2000 0000 0000 0000#1626597973255931#-59.5#1.282407938672396#9
0000 0037 2000 0000 0000 0000#1626597973256981#-61.0#5.921165841238575#9
0000 003A 2000 0000 0000 0000#1626597973258542#-49.5#3.0066023442558567#9
0000 0035 2000 0000 0000 0000#1626597973263056#-59.5#3.5772431973493153#9
FFFF FFFF FFFF FFFF FFFF FFFF#1626597973264175#-68.0#0.19634954084936207#9
0000 002E 2000 0000 0000 0000#1626597973265987#-62.0#3.9453985864418692#9
0000 0039 2000 0000 0000 0000#1626597973267452#-56.5#2.1966604882522383#9
0000 0032 2000 0000 0000 0000#1626597973269085#-58.5#6.013204688511713#9
FFFF FFFF FFFF FFFF FFFF FFFF#1626597973273395#-68.0#0.17794177139473438#9
0000 0031 2000 0000 0000 0000#1626597973274670#-57.0#5.522330836388308#9
0000 003A 2000 0000 0000 0000#1626597973277072#-50.0#2.9206994201342606#9
0000 003B 2000 0000 0000 0000#1626597973278139#-51.0#4.945554060143307#9
0000 0037 2000 0000 0000 0000#1626597973280372#-61.5#5.688000761479957#9
0000 0033 2000 0000 0000 0000#1626597973282758#-61.0#0.760854470791278#9
0000 0036 2000 0000 0000 0000#1626597973284433#-61.5#4.3503695144436785#9
0000 002E 2000 0000 0000 0000#1626597973285473#-63.0#4.086524818927348#9
0000 0034 2000 0000 0000 0000#1626597973286494#-59.0#2.0064468705544187#9
0000 0039 2000 0000 0000 0000#1626597973287573#-57.0#2.086213871524472#9
0000 002F 2000 0000 0000 0000#1626597973288667#-59.5#4.411728745959104#9
0000 0035 2000 0000 0000 0000#1626597973289956#-59.5#3.4606606574700063#9
0000 0038 2000 0000 0000 0000#1626597973291711#-60.5#1.012427320004523#9
0000 0032 2000 0000 0000 0000#1626597973293036#-58.5#5.976389149602458#9
0000 0030 2000 0000 0000 0000#1626597973294238#-62.0#4.632621979414636#9
0000 002D 2000 0000 0000 0000#1626597973295306#-63.0#3.7981364308048478#9
0000 0034 2000 0000 0000 0000#1626597973558402#-58.5#0.48473792897186263#9
0000 0037 2000 0000 0000 0000#1626597973560038#-65.5#4.239922897715912#9
0000 0039 2000 0000 0000 0000#1626597973561120#-61.5#0.9633399347921826#9
0000 003A 2000 0000 0000 0000#1626597973562211#-55.0#1.8530487917658545#9
0000 0038 2000 0000 0000 0000#1626597973563475#-64.5#5.970253226450915#9
0000 002F 2000 0000 0000 0000#1626597973564540#-64.5#3.859495662320273#9
0000 0031 2000 0000 0000 0000#1626597973566047#-60.0#4.884194828627882#9
0000 0035 2000 0000 0000 0000#1626597973567338#-61.5#1.5953400194010667#9
0000 002D 2000 0000 0000 0000#1626597973576546#-65.0#3.147728576741336#9
0000 0033 2000 0000 0000 0000#1626597973577579#-60.0#6.080699843178682#9
0000 0036 2000 0000 0000 0000#1626597973578871#-65.0#2.675262494072558#9
0000 0032 2000 0000 0000 0000#1626597973579891#-61.0#5.5100589900852235#9
0000 003B 2000 0000 0000 0000#1626597973580914#-56.0#4.368777283898306#9
0000 002E 2000 0000 0000 0000#1626597973585798#-65.5#3.6017868899554855#9
FFFF FFFF FFFF FFFF FFFF FFFF#1626597973588060#-68.5#6.080699843178682#9
0000 002D 2000 0000 0000 0000#1626597973592887#-66.0#3.11091303783208#9
0000 003B 2000 0000 0000 0000#1626597973593936#-55.5#4.417864669110647#9
0000 0034 2000 0000 0000 0000#1626597973594975#-58.5#0.607456392002714#9
0000 0037 2000 0000 0000 0000#1626597973596007#-64.5#4.534447208989955#9
0000 0038 2000 0000 0000 0000#1626597973597558#-64.0#6.135923151542564#9
0000 0039 2000 0000 0000 0000#1626597973598609#-61.0#1.086058397823034#9
0000 0036 2000 0000 0000 0000#1626597973599730#-64.5#2.6813984172241008#9
0000 003A 2000 0000 0000 0000#1626597973603243#-55.0#2.0064468705544187#9
0000 0032 2000 0000 0000 0000#1626597973604317#-60.5#5.485515297479052#9
0000 0033 2000 0000 0000 0000#1626597973605380#-60.0#6.14819499784565#9
0000 0035 2000 0000 0000 0000#1626597973606425#-61.0#1.8530487917658545#9
0000 002E 2000 0000 0000 0000#1626597973607751#-65.5#3.736777199289422#9
FFFF FFFF FFFF FFFF FFFF FFFF#1626597973608774#-68.0#6.2463697682703305#9
0000 002F 2000 0000 0000 0000#1626597973609778#-64.0#4.227651051412827#9
0000 0031 2000 0000 0000 0000#1626597973611427#-59.0#5.043728830567988#9
0000 0039 2000 0000 0000 0000#1626597973876476#-61.5#0.5583690067903734#9
0000 003A 2000 0000 0000 0000#1626597973879565#-55.0#1.4173982480063325#9
0000 0031 2000 0000 0000 0000#1626597973880676#-61.5#4.522175362686871#9
0000 0034 2000 0000 0000 0000#1626597973881753#-60.0#0.07976700097005335#9
0000 0032 2000 0000 0000 0000#1626597973882831#-61.0#4.994641445355648#9
0000 0038 2000 0000 0000 0000#1626597973884151#-64.0#5.749359992995383#9
0000 0035 2000 0000 0000 0000#1626597973885197#-62.0#1.3314953238847365#9
0000 0033 2000 0000 0000 0000#1626597973886346#-61.5#5.522330836388308#9
0000 003B 2000 0000 0000 0000#1626597973888646#-56.5#3.816544200259475#9
0000 002D 2000 0000 0000 0000#1626597973891597#-65.5#2.2457478734645786#9
0000 0037 2000 0000 0000 0000#1626597973892630#-64.5#4.239922897715912#9
FFFF FFFF FFFF FFFF FFFF FFFF#1626597973893695#-68.0#5.4671075280244255#9
0000 0036 2000 0000 0000 0000#1626597973894730#-65.5#2.061670178918302#9
0000 0034 2000 0000 0000 0000#1626597973899914#-59.5#0.14112623248547898#9
0000 0035 2000 0000 0000 0000#1626597973901204#-62.0#1.2455923997631406#9
FFFF FFFF FFFF FFFF FFFF FFFF#1626597973903381#-67.5#5.197126909356553#9
0000 002D 2000 0000 0000 0000#1626597973904417#-66.0#2.270291566070749#9
0000 003B 2000 0000 0000 0000#1626597973905955#-56.0#3.810408277107933#9
0000 0031 2000 0000 0000 0000#1626597973908872#-62.0#4.534447208989955#9
0000 0036 2000 0000 0000 0000#1626597973909961#-65.0#2.2641556429192065#9
0000 0039 2000 0000 0000 0000#1626597973911030#-61.0#0.521553467881118#9
0000 003A 2000 0000 0000 0000#1626597973912379#-55.0#1.3744467859455345#9
0000 0037 2000 0000 0000 0000#1626597973913730#-65.0#4.04357335686655#9
0000 0033 2000 0000 0000 0000#1626597973916067#-62.0#5.553010452146021#9
0000 0032 2000 0000 0000 0000#1626597973917726#-61.0#4.97623367590102#9
0000 0038 2000 0000 0000 0000#1626597973918791#-63.5#5.730952223540755#9
0000 0035 2000 0000 0000 0000#1626597974183367#-60.0#2.380738182798515#9
0000 0031 2000 0000 0000 0000#1626597974185004#-61.0#5.577554144752192#9
0000 003A 2000 0000 0000 0000#1626597974186068#-54.5#2.1905245651006955#9
0000 002D 2000 0000 0000 0000#1626597974188153#-65.0#3.822680123411018#9
0000 0034 2000 0000 0000 0000#1626597974189439#-57.5#1.337631247036279#9
0000 0038 2000 0000 0000 0000#1626597974190520#-62.5#0.15339807878856412#9
0000 0032 2000 0000 0000 0000#1626597974191796#-61.5#5.994796919057086#9
0000 0036 2000 0000 0000 0000#1626597974192901#-62.5#3.2336315008629315#9
0000 0037 2000 0000 0000 0000#1626597974195245#-63.0#4.896466674930966#9
FFFF FFFF FFFF FFFF FFFF FFFF#1626597974196411#-68.0#0.6258641614573416#9
0000 0001 0000 0000 0000 0000#1626597974197497#-65.0#6.2463697682703305#9
0000 0039 2000 0000 0000 0000#1626597974199052#-59.5#1.2087768608538851#9
0000 003B 2000 0000 0000 0000#1626597974200588#-56.0#4.583534594202296#9
