0000 003A 2000 0000 0000 0000#1626597943029915#-45.5#2.730485802436441#9
0000 002F 2000 0000 0000 0000#1626597943030950#-51.0#2.1966604882522383#9
0000 0035 2000 0000 0000 0000#1626597943032010#-48.0#4.7860200582032#9
0000 0036 2000 0000 0000 0000#1626597943033798#-47.5#4.608078286808466#9
0000 0030 2000 0000 0000 0000#1626597943035125#-50.0#2.0064468705544187#9
0000 0037 2000 0000 0000 0000#1626597943036415#-46.5#4.1601558967458585#9
0000 0032 2000 0000 0000 0000#1626597943037462#-50.5#0.8344855486097889#9
0000 0034 2000 0000 0000 0000#1626597943038568#-50.5#5.5714182216006485#9
0000 0038 2000 0000 0000 0000#1626597943040343#-46.0#3.9269908169872414#9
0000 0039 2000 0000 0000 0000#1626597943041623#-45.5#3.485204350076177#9
0000 002D 2000 0000 0000 0000#1626597943043921#-53.5#2.9329712664373457#9
0000 0031 2000 0000 0000 0000#1626597943045785#-50.5#1.141281706186917#9
0000 0033 2000 0000 0000 0000#1626597943046917#-50.5#0.1349903093339364#9
0000 003B 2000 0000 0000 0000#1626597943049154#-66.5#4.368777283898306#9
0000 002E 2000 0000 0000 0000#1626597943050263#-50.0#2.724349879284899#9
FFFF FFFF FFFF FFFF FFFF FFFF#1626597943053395#-68.5#5.939573610693203#9
0000 002F 2000 0000 0000 0000#1626597943060218#-51.5#2.2212041808584084#9
0000 0039 2000 0000 0000 0000#1626597943061428#-45.5#3.472932503773092#9
0000 0038 2000 0000 0000 0000#1626597943063232#-46.0#3.9269908169872414#9
0000 003A 2000 0000 0000 0000#1626597943064296#-45.5#2.730485802436441#9
0000 0030 2000 0000 0000 0000#1626597943065324#-50.0#2.000310947402876#9
0000 002E 2000 0000 0000 0000#1626597943066419#-50.5#2.705942109830271#9
0000 003B 2000 0000 0000 0000#1626597943067980#-67.0#4.565126824747668#9
FFFF FFFF FFFF FFFF FFFF FFFF#1626597943069248#-69.5#6.166602767300278#9
0000 0031 2000 0000 0000 0000#1626597943070353#-50.5#1.1474176293384597#9
0000 0037 2000 0000 0000 0000#1626597943071376#-46.5#4.1417481272912315#9
0000 0032 2000 0000 0000 0000#1626597943073065#-50.5#0.859029241215959#9
0000 0034 2000 0000 0000 0000#1626597943074746#-50.5#5.5284667595398505#9
0000 0036 2000 0000 0000 0000#1626597943075824#-47.5#4.608078286808466#9
0000 0035 2000 0000 0000 0000#1626597943077578#-48.0#4.779884135051658#9
0000 002D 2000 0000 0000 0000#1626597943087180#-53.5#2.325514874434632#9
0000 0033 2000 0000 0000 0000#1626597943088213#-50.5#5.902758071783947#9
0000 002F 2000 0000 0000 0000#1626597943351335#-50.5#1.8100973297050567#9
0000 0031 2000 0000 0000 0000#1626597943353342#-51.0#0.7792622402459057#9
0000 0032 2000 0000 0000 0000#1626597943354686#-50.0#0.46019423636569234#9
0000 0038 2000 0000 0000 0000#1626597943355725#-46.5#3.5588354278946874#9
0000 0036 2000 0000 0000 0000#1626597943356788#-48.0#4.289010282928253#9
0000 003A 2000 0000 0000 0000#1626597943357879#-46.0#2.3930100291016#9
0000 0035 2000 0000 0000 0000#1626597943358940#-47.5#4.460816131171445#9
0000 0039 2000 0000 0000 0000#1626597943360009#-46.5#3.104777114680538#9
0000 0030 2000 0000 0000 0000#1626597943361064#-50.5#1.6137477888556946#9
0000 0033 2000 0000 0000 0000#1626597943362124#-50.0#6.068427996875596#9
0000 002E 2000 0000 0000 0000#1626597943363193#-50.5#2.282563412373834#9
0000 0037 2000 0000 0000 0000#1626597943364996#-47.5#3.816544200259475#9
0000 0034 2000 0000 0000 0000#1626597943366388#-49.5#5.2339424482658075#9
0000 003B 2000 0000 0000 0000#1626597943368563#-66.5#4.154019973594316#9
0000 002D 2000 0000 0000 0000#1626597943369846#-53.0#2.497320722677824#9
FFFF FFFF FFFF FFFF FFFF FFFF#1626597943371040#-68.5#5.608233760509904#9
0000 0038 2000 0000 0000 0000#1626597943375050#-46.0#3.5588354278946874#9
0000 003A 2000 0000 0000 0000#1626597943376618#-46.0#2.405281875404685#9
0000 003B 2000 0000 0000 0000#1626597943379530#-67.0#4.111068511533518#9
0000 0034 2000 0000 0000 0000#1626597943380676#-50.0#5.252350217720435#9
0000 0037 2000 0000 0000 0000#1626597943381985#-47.5#3.816544200259475#9
0000 0039 2000 0000 0000 0000#1626597943383042#-46.5#3.117048960983623#9
0000 002D 2000 0000 0000 0000#1626597943384093#-53.0#2.4850488763747385#9
0000 0031 2000 0000 0000 0000#1626597943385101#-51.0#0.7669903939428205#9
0000 0035 2000 0000 0000 0000#1626597943386389#-48.0#4.466952054322987#9
0000 002E 2000 0000 0000 0000#1626597943387520#-50.5#2.270291566070749#9
0000 0036 2000 0000 0000 0000#1626597943388611#-47.5#4.313553975534423#9
0000 0032 2000 0000 0000 0000#1626597943389671#-50.0#0.4540583132141498#9
0000 0030 2000 0000 0000 0000#1626597943391961#-51.0#1.6014759425526093#9
0000 0033 2000 0000 0000 0000#1626597943393179#-50.0#6.062292073724054#9
0000 002F 2000 0000 0000 0000#1626597943394213#-51.0#1.8346410223112268#9
0000 003A 2000 0000 0000 0000#1626597943660736#-45.5#3.2090878082567613#9
0000 0036 2000 0000 0000 0000#1626597943662691#-47.0#5.0253210611133605#9
0000 0039 2000 0000 0000 0000#1626597943663714#-45.5#3.933126740138784#9
0000 002E 2000 0000 0000 0000#1626597943664798#-50.5#3.0802334220743677#9
0000 0035 2000 0000 0000 0000#1626597943666379#-47.0#5.178719139901925#9
0000 0038 2000 0000 0000 0000#1626597943667418#-45.0#4.3074180523828804#9
0000 0032 2000 0000 0000 0000#1626597943669380#-49.5#1.214912784005428#9
0000 0037 2000 0000 0000 0000#1626597943673385#-46.5#4.565126824747668#9
0000 0034 2000 0000 0000 0000#1626597943674839#-49.5#5.970253226450915#9
0000 003B 2000 0000 0000 0000#1626597943675852#-66.5#5.031456984264903#9
0000 0033 2000 0000 0000 0000#1626597943678798#-48.0#0.5399612373357456#9
0000 002D 2000 0000 0000 0000#1626597943679868#-53.0#3.32567034813607#9
0000 002F 2000 0000 0000 0000#1626597943681616#-51.0#2.5832236467994196#9
0000 0031 2000 0000 0000 0000#1626597943683136#-50.5#1.533980787885641#9
0000 0030 2000 0000 0000 0000#1626597943684459#-50.5#2.386874105950058#9
0000 002D 2000 0000 0000 0000#1626597943688600#-53.5#3.3011266555298997#9
0000 0035 2000 0000 0000 0000#1626597943689718#-47.0#5.197126909356553#9
0000 003A 2000 0000 0000 0000#1626597943690795#-45.5#3.1968159619536762#9
0000 0039 2000 0000 0000 0000#1626597943692385#-45.0#3.933126740138784#9
0000 0031 2000 0000 0000 0000#1626597943693712#-50.5#1.4910293258248433#9
0000 0034 2000 0000 0000 0000#1626597943704118#-49.5#5.786175531904639#9
0000 002E 2000 0000 0000 0000#1626597943705742#-50.5#2.890019804376548#9
0000 0036 2000 0000 0000 0000#1626597943707087#-47.5#4.841243366567084#9
0000 0032 2000 0000 0000 0000#1626597943708204#-48.5#1.000155473701438#9
0000 0033 2000 0000 0000 0000#1626597943709617#-48.0#0.3436116964863836#9
0000 0038 2000 0000 0000 0000#1626597943711181#-45.5#4.1417481272912315#9
0000 002F 2000 0000 0000 0000#1626597943712243#-51.0#2.3930100291016#9
0000 0037 2000 0000 0000 0000#1626597943713306#-46.5#4.362641360746763#9
0000 0030 2000 0000 0000 0000#1626597943715118#-50.5#2.172116795646068#9
0000 003B 2000 0000 0000 0000#1626597943718097#-67.0#4.693981210930062#9
0000 0033 2000 0000 0000 0000#1626597943981704#-50.5#6.17273869045182#9
0000 002F 2000 0000 0000 0000#1626597943982707#-51.0#2.030990563160589#9
0000 0037 2000 0000 0000 0000#1626597943984027#-47.0#4.000621894805752#9
0000 003B 2000 0000 0000 0000#1626597943985593#-66.5#4.295146206079795#9
0000 0038 2000 0000 0000 0000#1626597943986686#-45.5#3.7429131224409646#9
0000 0032 2000 0000 0000 0000#1626597943988472#-50.5#0.607456392002714#9
0000 003A 2000 0000 0000 0000#1626597943989577#-45.0#2.60776733940559#9
0000 0030 2000 0000 0000 0000#1626597943990650#-50.0#1.7916895602504288#9
0000 0031 2000 0000 0000 0000#1626597943993211#-50.5#0.9510680884890975#9
0000 0039 2000 0000 0000 0000#1626597943994267#-45.5#3.3318062712876126#9
0000 002E 2000 0000 0000 0000#1626597943995564#-50.5#2.5034566458293663#9
0000 002D 2000 0000 0000 0000#1626597943997327#-53.0#2.724349879284899#9
0000 0035 2000 0000 0000 0000#1626597943999114#-47.5#4.620350133111551#9
0000 0036 2000 0000 0000 0000#1626597944002402#-47.5#4.466952054322987#9
0000 0034 2000 0000 0000 0000#1626597944003566#-50.0#5.356660911296659#9
0000 0034 2000 0000 0000 0000#1626597944008659#-49.5#5.436427912266712#9
0000 002D 2000 0000 0000 0000#1626597944011294#-53.0#2.7120780329818137#9
0000 003A 2000 0000 0000 0000#1626597944012856#-45.0#2.5832236467994196#9
0000 002E 2000 0000 0000 0000#1626597944014429#-50.5#2.509592568980909#9
0000 0036 2000 0000 0000 0000#1626597944015507#-47.5#4.442408361716817#9
FFFF FFFF FFFF FFFF FFFF FFFF#1626597944016573#-68.5#5.8475347634200645#9
0000 0037 2000 0000 0000 0000#1626597944018587#-47.0#4.000621894805752#9
0000 0035 2000 0000 0000 0000#1626597944019650#-47.5#4.632621979414636#9
0000 003B 2000 0000 0000 0000#1626597944021048#-66.5#4.442408361716817#9
0000 0038 2000 0000 0000 0000#1626597944022388#-45.5#3.7551849687440497#9
0000 0030 2000 0000 0000 0000#1626597944023442#-50.5#1.8346410223112268#9
0000 0039 2000 0000 0000 0000#1626597944024711#-45.5#3.313398501832985#9
0000 0031 2000 0000 0000 0000#1626597944025746#-50.5#0.9694758579437253#9
0000 0032 2000 0000 0000 0000#1626597944026935#-50.5#0.6135923151542565#9
0000 0033 2000 0000 0000 0000#1626597944028052#-50.5#6.227961998815704#9
0000 002F 2000 0000 0000 0000#1626597944029357#-51.0#2.043262409463674#9
0000 0037 2000 0000 0000 0000#1626597944294280#-47.5#4.792155981354743#9
0000 002D 2000 0000 0000 0000#1626597944296018#-50.5#3.6140587362585705#9
0000 0031 2000 0000 0000 0000#1626597944297083#-46.5#2.116893487282185#9
0000 002E 2000 0000 0000 0000#1626597944298655#-47.5#3.429981041712294#9
0000 0036 2000 0000 0000 0000#1626597944299931#-49.5#5.681864838328415#9
FFFF FFFF FFFF FFFF FFFF FFFF#1626597944301255#-68.5#6.000932842208628#9
0000 0034 2000 0000 0000 0000#1626597944302329#-50.0#0.7669903939428205#9
0000 0039 2000 0000 0000 0000#1626597944303654#-41.5#3.6324665057131984#9
0000 0030 2000 0000 0000 0000#1626597944305436#-47.0#2.816388726558037#9
0000 003A 2000 0000 0000 0000#1626597944306471#-36.0#2.7120780329818137#9
0000 0033 2000 0000 0000 0000#1626597944309254#-46.0#1.509437095279471#9
0000 0035 2000 0000 0000 0000#1626597944319407#-49.5#5.5714182216006485#9
0000 003B 2000 0000 0000 0000#1626597944321585#-47.5#2.7979809571034093#9
0000 0032 2000 0000 0000 0000#1626597944323188#-46.5#1.4419419406125027#9
0000 002F 2000 0000 0000 0000#1626597944325106#-48.0#2.429825568010856#9
0000 0038 2000 0000 0000 0000#1626597944326357#-46.0#3.773592738198677#9
0000 003B 2000 0000 0000 0000#1626597944330627#-47.0#2.791845033951867#9
0000 0039 2000 0000 0000 0000#1626597944331764#-43.0#3.098641191528995#9
0000 002D 2000 0000 0000 0000#1626597944333095#-51.0#3.06182565261974#9
0000 002E 2000 0000 0000 0000#1626597944334890#-47.5#2.8838838812250054#9
0000 0031 2000 0000 0000 0000#1626597944335970#-46.5#1.6873788666742053#9
0000 0038 2000 0000 0000 0000#1626597944336978#-46.0#3.8288160465625602#9
0000 0034 2000 0000 0000 0000#1626597944338992#-49.0#0.4049709280018093#9
0000 0033 2000 0000 0000 0000#1626597944340408#-45.5#1.0799224746714913#9
0000 002F 2000 0000 0000 0000#1626597944341455#-47.5#2.4850488763747385#9
0000 003A 2000 0000 0000 0000#1626597944342520#-36.0#2.1598449493429825#9
0000 0030 2000 0000 0000 0000#1626597944346453#-47.0#2.350058567040802#9
0000 0036 2000 0000 0000 0000#1626597944350616#-50.0#5.485515297479052#9
0000 0037 2000 0000 0000 0000#1626597944351923#-48.5#4.534447208989955#9
0000 0035 2000 0000 0000 0000#1626597944353127#-49.0#5.798447378207723#9
0000 0032 2000 0000 0000 0000#1626597944354217#-46.5#1.552388557340269#9
0000 0038 2000 0000 0000 0000#1626597944618058#-47.5#5.411884219660542#9
0000 003B 2000 0000 0000 0000#1626597944619382#-41.5#3.3502140407422405#9
0000 0036 2000 0000 0000 0000#1626597944620636#-47.5#0.8835729338221293#9
0000 0031 2000 0000 0000 0000#1626597944621659#-43.0#2.6568547246179306#9
0000 0037 2000 0000 0000 0000#1626597944623221#-49.0#0.006135923151542565#9
0000 0033 2000 0000 0000 0000#1626597944625251#-43.0#2.2150682577068657#9
0000 0035 2000 0000 0000 0000#1626597944626554#-46.0#1.1228739367322893#9
0000 002D 2000 0000 0000 0000#1626597944628063#-49.0#3.9453985864418692#9
0000 003A 2000 0000 0000 0000#1626597944629625#-35.0#3.098641191528995#9
0000 002F 2000 0000 0000 0000#1626597944631416#-45.0#3.4054373491061236#9
0000 002E 2000 0000 0000 0000#1626597944632498#-45.0#3.7551849687440497#9
0000 0032 2000 0000 0000 0000#1626597944633988#-42.5#2.5341362615870793#9
0000 0039 2000 0000 0000 0000#1626597944636209#-42.5#4.424000592262189#9
0000 0034 2000 0000 0000 0000#1626597944639484#-44.0#1.7916895602504288#9
0000 0030 2000 0000 0000 0000#1626597944640914#-44.0#3.2827188860752723#9
0000 0039 2000 0000 0000 0000#1626597944644536#-42.5#4.466952054322987#9
0000 0034 2000 0000 0000 0000#1626597944646039#-44.0#1.8346410223112268#9
0000 0035 2000 0000 0000 0000#1626597944647071#-45.5#1.1903690913992575#9
0000 0030 2000 0000 0000 0000#1626597944648840#-44.0#3.313398501832985#9
0000 002F 2000 0000 0000 0000#1626597944650388#-44.5#3.4606606574700063#9
0000 0037 2000 0000 0000 0000#1626597944652146#-48.0#0.1595340019401067#9
0000 0031 2000 0000 0000 0000#1626597944653215#-42.5#2.742757648739526#9
0000 0033 2000 0000 0000 0000#1626597944654360#-42.0#2.3009711818284617#9
0000 003A 2000 0000 0000 0000#1626597944655668#-35.0#3.2336315008629315#9
0000 0032 2000 0000 0000 0000#1626597944656684#-42.0#2.60776733940559#9
0000 0038 2000 0000 0000 0000#1626597944657766#-47.0#5.632777453116074#9
0000 002E 2000 0000 0000 0000#1626597944659575#-45.5#3.816544200259475#9
0000 002D 2000 0000 0000 0000#1626597944660641#-48.5#3.9822141253511245#9
0000 003B 2000 0000 0000 0000#1626597944662421#-41.0#3.479068426924634#9
0000 0036 2000 0000 0000 0000#1626597944663527#-46.0#1.0676506283684062#9
FFFF FFFF FFFF FFFF FFFF FFFF#1626597944666029#-67.5#5.485515297479052#9
0000 0032 2000 0000 0000 0000#1626597944930658#-40.5#3.9453985864418692#9
0000 0034 2000 0000 0000 0000#1626597944931662#-41.5#3.2090878082567613#9
0000 0038 2000 0000 0000 0000#1626597944933200#-44.0#1.1965050145508#9
0000 003B 2000 0000 0000 0000#1626597944935267#-39.5#5.056000676871073#9
0000 003A 2000 0000 0000 0000#1626597944937246#-33.0#5.056000676871073#9
0000 0035 2000 0000 0000 0000#1626597944938537#-42.0#2.6875343403756435#9
0000 002E 2000 0000 0000 0000#1626597944939893#-43.0#4.908738521234052#9
0000 0039 2000 0000 0000 0000#1626597944943656#-41.0#0.16566992509164924#9
0000 0030 2000 0000 0000 0000#1626597944944716#-41.5#4.540583132141498#9
0000 002F 2000 0000 0000 0000#1626597944947587#-43.5#4.681709364626977#9
0000 0031 2000 0000 0000 0000#1626597944948768#-40.0#4.111068511533518#9
0000 0033 2000 0000 0000 0000#1626597944950286#-40.0#3.718369429834794#9
0000 0036 2000 0000 0000 0000#1626597944951877#-42.5#2.564815877344792#9
0000 002D 2000 0000 0000 0000#1626597944953744#-46.5#5.037592907416445#9
0000 0037 2000 0000 0000 0000#1626597944954822#-44.0#1.932815792735908#9
0000 0035 2000 0000 0000 0000#1626597944960648#-41.5#2.736621725587984#9
0000 0033 2000 0000 0000 0000#1626597944963395#-40.5#3.7429131224409646#9
0000 0039 2000 0000 0000 0000#1626597944964966#-41.0#0.2699806186678728#9
0000 003A 2000 0000 0000 0000#1626597944966511#-33.0#5.178719139901925#9
0000 0034 2000 0000 0000 0000#1626597944967916#-41.0#3.3072625786814425#9
0000 0032 2000 0000 0000 0000#1626597944969256#-40.0#4.025165587411922#9
0000 002F 2000 0000 0000 0000#1626597944973030#-43.0#4.718524903536232#9
0000 0030 2000 0000 0000 0000#1626597944976192#-42.0#4.626486056263094#9
0000 002E 2000 0000 0000 0000#1626597944977713#-43.0#4.970097752749477#9
0000 003B 2000 0000 0000 0000#1626597944978784#-39.5#5.221670601962723#9
0000 0031 2000 0000 0000 0000#1626597944980580#-40.0#4.178563666200486#9
0000 0036 2000 0000 0000 0000#1626597944981915#-42.5#2.662990647769473#9
0000 0038 2000 0000 0000 0000#1626597944983367#-44.0#1.3744467859455345#9
0000 0037 2000 0000 0000 0000#1626597944984402#-43.5#2.018718716857504#9
0000 002D 2000 0000 0000 0000#1626597944986083#-46.5#5.092816215780329#9
0000 0036 2000 0000 0000 0000#1626597945250646#-40.5#2.9145634969827183#9
0000 0033 2000 0000 0000 0000#1626597945253061#-38.5#3.9269908169872414#9
0000 002F 2000 0000 0000 0000#1626597945254339#-42.0#4.669437518323892#9
0000 0037 2000 0000 0000 0000#1626597945255375#-41.5#2.3746022596469727#9
0000 0032 2000 0000 0000 0000#1626597945257271#-37.0#4.1417481272912315#9
0000 0030 2000 0000 0000 0000#1626597945258816#-40.5#4.651029748869264#9
0000 003A 2000 0000 0000 0000#1626597945259893#-31.5#6.000932842208628#9
0000 0034 2000 0000 0000 0000#1626597945260886#-38.5#3.4913402732277192#9
0000 0031 2000 0000 0000 0000#1626597945262009#-38.5#4.239922897715912#9
0000 002E 2000 0000 0000 0000#1626597945263677#-42.5#4.871922982324796#9
0000 003B 2000 0000 0000 0000#1626597945264758#-38.5#6.025476534814799#9
0000 0035 2000 0000 0000 0000#1626597945265808#-39.5#3.074097498922825#9
0000 002D 2000 0000 0000 0000#1626597945267367#-46.0#4.970097752749477#9
0000 0038 2000 0000 0000 0000#1626597945272352#-40.5#1.9205439464328227#9
0000 0039 2000 0000 0000 0000#1626597945273432#-38.0#1.0676506283684062#9
0000 002E 2000 0000 0000 0000#1626597945276981#-42.5#4.896466674930966#9
0000 0032 2000 0000 0000 0000#1626597945278029#-38.0#4.154019973594316#9
0000 0035 2000 0000 0000 0000#1626597945279846#-39.5#3.0802334220743677#9
0000 0039 2000 0000 0000 0000#1626597945281642#-38.0#1.0983302441261191#9
0000 0030 2000 0000 0000 0000#1626597945283183#-40.5#4.675573441475434#9
0000 002D 2000 0000 0000 0000#1626597945284977#-46.0#4.9823695990525625#9
0000 003B 2000 0000 0000 0000#1626597945286075#-39.0#6.105243535784852#9
0000 003A 2000 0000 0000 0000#1626597945287122#-31.5#6.117515382087937#9
0000 0036 2000 0000 0000 0000#1626597945288644#-40.0#2.9820586516496865#9
0000 0037 2000 0000 0000 0000#1626597945289692#-41.0#2.429825568010856#9
0000 0031 2000 0000 0000 0000#1626597945291004#-38.5#4.270602513473625#9
0000 0034 2000 0000 0000 0000#1626597945292309#-38.5#3.5588354278946874#9
0000 0033 2000 0000 0000 0000#1626597945293385#-38.5#3.9638063558964967#9
0000 0038 2000 0000 0000 0000#1626597945297156#-40.0#1.9757672547967058#9
0000 002F 2000 0000 0000 0000#1626597945298506#-41.5#4.743068596142402#9
0000 003B 2000 0000 0000 0000#1626597945565044#-37.0#0.5399612373357456#9
0000 003A 2000 0000 0000 0000#1626597945566139#-29.5#0.4724660826687775#9
0000 0039 2000 0000 0000 0000#1626597945568353#-35.5#1.564660403643354#9
0000 002F 2000 0000 0000 0000#1626597945571004#-41.5#4.657165672020807#9
0000 0033 2000 0000 0000 0000#1626597945572263#-37.0#4.04357335686655#9
0000 0032 2000 0000 0000 0000#1626597945573783#-37.0#4.239922897715912#9
0000 0037 2000 0000 0000 0000#1626597945574877#-38.0#2.60776733940559#9
0000 002D 2000 0000 0000 0000#1626597945576706#-46.0#4.7860200582032#9
0000 0035 2000 0000 0000 0000#1626597945578238#-37.0#3.2397674240144743#9
0000 0038 2000 0000 0000 0000#1626597945579953#-37.5#2.227340104009951#9
0000 0034 2000 0000 0000 0000#1626597945581016#-37.0#3.6570101983193686#9
0000 0030 2000 0000 0000 0000#1626597945582313#-40.0#4.638757902566179#9
0000 0036 2000 0000 0000 0000#1626597945583378#-38.5#3.172272269347506#9
0000 0031 2000 0000 0000 0000#1626597945584444#-37.5#4.313553975534423#9
0000 002E 2000 0000 0000 0000#1626597945587238#-42.5#4.743068596142402#9
0000 0030 2000 0000 0000 0000#1626597945590710#-40.0#4.651029748869264#9
0000 0031 2000 0000 0000 0000#1626597945591776#-37.5#4.325825821837508#9
0000 003B 2000 0000 0000 0000#1626597945592815#-36.5#0.6258641614573416#9
0000 0038 2000 0000 0000 0000#1626597945594165#-37.5#2.2641556429192065#9
0000 0035 2000 0000 0000 0000#1626597945595201#-37.0#3.2765829629237295#9
0000 0037 2000 0000 0000 0000#1626597945597233#-37.5#2.650718801466388#9
0000 003A 2000 0000 0000 0000#1626597945598539#-29.0#0.5767767762450011#9
0000 0036 2000 0000 0000 0000#1626597945601085#-38.0#3.1784081924990484#9
0000 002E 2000 0000 0000 0000#1626597945603177#-42.5#4.76147636559703#9
0000 002D 2000 0000 0000 0000#1626597945604513#-46.5#4.792155981354743#9
0000 0033 2000 0000 0000 0000#1626597945607437#-37.0#4.09266074207889#9
0000 0039 2000 0000 0000 0000#1626597945609133#-35.0#1.6689710972195777#9
0000 002F 2000 0000 0000 0000#1626597945610681#-41.0#4.681709364626977#9
0000 0032 2000 0000 0000 0000#1626597945611741#-37.0#4.270602513473625#9
0000 0034 2000 0000 0000 0000#1626597945614759#-37.0#3.706097583531709#9
0000 0033 2000 0000 0000 0000#1626597945878413#-37.0#4.669437518323892#9
0000 0039 2000 0000 0000 0000#1626597945879552#-32.5#2.4605051837685683#9
0000 0035 2000 0000 0000 0000#1626597945880603#-36.5#3.9269908169872414#9
0000 003A 2000 0000 0000 0000#1626597945882141#-27.0#1.662835174068035#9
0000 002F 2000 0000 0000 0000#1626597945885138#-40.5#5.062136600022616#9
0000 0030 2000 0000 0000 0000#1626597945886209#-39.0#5.080544369477243#9
0000 0031 2000 0000 0000 0000#1626597945887259#-37.5#4.847379289718626#9
0000 0034 2000 0000 0000 0000#1626597945888323#-36.0#4.319689898685965#9
0000 0032 2000 0000 0000 0000#1626597945889401#-37.0#4.816699673960914#9
0000 002D 2000 0000 0000 0000#1626597945891083#-46.0#5.031456984264903#9
0000 0037 2000 0000 0000 0000#1626597945892133#-36.0#3.368621810196868#9
0000 003B 2000 0000 0000 0000#1626597945893671#-33.5#1.8407769454627694#9
0000 0038 2000 0000 0000 0000#1626597945894965#-35.0#3.055689729468197#9
0000 002E 2000 0000 0000 0000#1626597945896419#-42.0#5.0682725231741586#9
0000 0036 2000 0000 0000 0000#1626597945897752#-37.0#3.834951969714103#9
0000 0039 2000 0000 0000 0000#1626597945903287#-32.0#2.521864415283994#9
0000 003A 2000 0000 0000 0000#1626597945905930#-26.5#1.7426021750380885#9
0000 0033 2000 0000 0000 0000#1626597945908592#-37.0#4.706253057233147#9
0000 0035 2000 0000 0000 0000#1626597945909743#-36.0#3.9453985864418692#9
0000 0038 2000 0000 0000 0000#1626597945910794#-35.5#3.074097498922825#9
0000 0037 2000 0000 0000 0000#1626597945911845#-36.0#3.399301425954581#9
0000 002D 2000 0000 0000 0000#1626597945913190#-46.5#5.043728830567988#9
0000 0036 2000 0000 0000 0000#1626597945914212#-37.0#3.8840393549264434#9
0000 0031 2000 0000 0000 0000#1626597945916042#-37.5#4.865787059173254#9
0000 0032 2000 0000 0000 0000#1626597945918110#-37.0#4.847379289718626#9
0000 003B 2000 0000 0000 0000#1626597945919193#-33.5#1.932815792735908#9
0000 002F 2000 0000 0000 0000#1626597945920299#-40.5#5.086680292628786#9
0000 0034 2000 0000 0000 0000#1626597945921859#-36.0#4.3503695144436785#9
0000 002E 2000 0000 0000 0000#1626597945923228#-42.0#5.092816215780329#9
0000 0030 2000 0000 0000 0000#1626597945924326#-39.5#5.098952138931871#9
0000 0034 2000 0000 0000 0000#1626597946189453#-36.5#5.221670601962723#9
0000 0032 2000 0000 0000 0000#1626597946190497#-38.0#5.6143696836614465#9
0000 0030 2000 0000 0000 0000#1626597946192587#-41.0#5.755495916146925#9
0000 003A 2000 0000 0000 0000#1626597946193995#-26.0#3.172272269347506#9
0000 0036 2000 0000 0000 0000#1626597946195027#-36.5#4.859651136021712#9
0000 0033 2000 0000 0000 0000#1626597946196050#-37.5#5.5714182216006485#9
0000 0038 2000 0000 0000 0000#1626597946198795#-33.5#4.252194744018997#9
0000 003B 2000 0000 0000 0000#1626597946199892#-32.0#3.479068426924634#9
0000 0031 2000 0000 0000 0000#1626597946201228#-38.5#5.602097837358362#9
0000 0037 2000 0000 0000 0000#1626597946202803#-35.5#4.479223900626073#9
0000 002F 2000 0000 0000 0000#1626597946204567#-42.0#5.66959299202533#9
0000 0035 2000 0000 0000 0000#1626597946205828#-35.5#4.92714629068868#9
0000 002E 2000 0000 0000 0000#1626597946208936#-44.0#5.546874528994478#9
0000 0039 2000 0000 0000 0000#1626597946210843#-31.5#3.847223816017188#9
0000 002D 2000 0000 0000 0000#1626597946212861#-48.5#5.448699758569798#9
0000 0035 2000 0000 0000 0000#1626597946217619#-35.5#4.933282213840222#9
0000 0037 2000 0000 0000 0000#1626597946219753#-35.5#4.509903516383785#9
0000 0039 2000 0000 0000 0000#1626597946220780#-31.5#3.865631585471816#9
0000 0031 2000 0000 0000 0000#1626597946222085#-39.0#5.595961914206819#9
0000 0034 2000 0000 0000 0000#1626597946223509#-35.5#5.258486140871978#9
0000 003A 2000 0000 0000 0000#1626597946224758#-25.5#3.2459033471660166#9
0000 0032 2000 0000 0000 0000#1626597946225900#-37.0#5.6143696836614465#9
0000 003B 2000 0000 0000 0000#1626597946227679#-32.0#3.5588354278946874#9
0000 0033 2000 0000 0000 0000#1626597946228801#-37.5#5.5714182216006485#9
0000 002E 2000 0000 0000 0000#1626597946230140#-44.0#5.540738605842936#9
0000 0036 2000 0000 0000 0000#1626597946231448#-36.5#4.902602598082509#9
0000 0038 2000 0000 0000 0000#1626597946232819#-33.5#4.3074180523828804#9
0000 0030 2000 0000 0000 0000#1626597946233804#-41.0#5.712544454086128#9
0000 002F 2000 0000 0000 0000#1626597946235836#-42.5#5.64504929941916#9
0000 002D 2000 0000 0000 0000#1626597946236875#-48.0#5.405748296509#9
0000 0038 2000 0000 0000 0000#1626597946501243#-33.5#4.2092432819582#9
0000 0031 2000 0000 0000 0000#1626597946502669#-40.0#5.031456984264903#9
0000 002E 2000 0000 0000 0000#1626597946504953#-46.0#4.773748211900116#9
0000 0039 2000 0000 0000 0000#1626597946506065#-32.0#3.8840393549264434#9
0000 002D 2000 0000 0000 0000#1626597946507160#-50.5#4.614214209960009#9
0000 0030 2000 0000 0000 0000#1626597946508471#-42.5#5.086680292628786#9
0000 003A 2000 0000 0000 0000#1626597946509519#-25.5#3.368621810196868#9
0000 0037 2000 0000 0000 0000#1626597946510810#-35.5#4.344233591292136#9
0000 003B 2000 0000 0000 0000#1626597946512122#-32.5#3.834951969714103#9
0000 0034 2000 0000 0000 0000#1626597946514032#-37.5#4.871922982324796#9
0000 0036 2000 0000 0000 0000#1626597946515111#-37.0#4.632621979414636#9
0000 002F 2000 0000 0000 0000#1626597946516146#-44.0#4.945554060143307#9
0000 0032 2000 0000 0000 0000#1626597946517720#-39.5#5.056000676871073#9
0000 0035 2000 0000 0000 0000#1626597946519026#-37.0#4.638757902566179#9
0000 0033 2000 0000 0000 0000#1626597946520216#-39.0#5.086680292628786#9
0000 0033 2000 0000 0000 0000#1626597946525384#-38.5#5.074408446325701#9
0000 0036 2000 0000 0000 0000#1626597946527519#-37.0#4.626486056263094#9
0000 0039 2000 0000 0000 0000#1626597946528629#-32.0#3.9269908169872414#9
0000 002E 2000 0000 0000 0000#1626597946529697#-46.5#4.718524903536232#9
0000 0034 2000 0000 0000 0000#1626597946530760#-37.5#4.853515212870168#9
0000 0031 2000 0000 0000 0000#1626597946531812#-40.5#4.97623367590102#9
0000 003B 2000 0000 0000 0000#1626597946533805#-32.5#3.8840393549264434#9
0000 0030 2000 0000 0000 0000#1626597946535161#-43.0#5.049864753719531#9
0000 003A 2000 0000 0000 0000#1626597946536502#-25.5#3.411573272257666#9
0000 0038 2000 0000 0000 0000#1626597946537554#-33.5#4.246058820867455#9
0000 0037 2000 0000 0000 0000#1626597946539232#-35.5#4.362641360746763#9
0000 002F 2000 0000 0000 0000#1626597946540252#-44.5#4.914874444385594#9
0000 0032 2000 0000 0000 0000#1626597946541344#-39.5#5.031456984264903#9
0000 0035 2000 0000 0000 0000#1626597946542678#-37.0#4.632621979414636#9
0000 002D 2000 0000 0000 0000#1626597946544804#-50.5#4.552854978444583#9
0000 0035 2000 0000 0000 0000#1626597946811736#-37.0#4.025165587411922#9
0000 0033 2000 0000 0000 0000#1626597946814533#-40.0#4.319689898685965#9
0000 0030 2000 0000 0000 0000#1626597946815604#-45.0#4.184699589352029#9
0000 0038 2000 0000 0000 0000#1626597946816655#-34.5#3.9269908169872414#9
0000 0032 2000 0000 0000 0000#1626597946817930#-41.5#4.221515128261284#9
0000 0031 2000 0000 0000 0000#1626597946819969#-43.0#4.129476280988146#9
0000 002D 2000 0000 0000 0000#1626597946821264#-53.0#3.56497135104623#9
0000 0037 2000 0000 0000 0000#1626597946822341#-36.0#3.9269908169872414#9
0000 003A 2000 0000 0000 0000#1626597946823936#-25.5#3.32567034813607#9
0000 003B 2000 0000 0000 0000#1626597946825118#-33.0#3.9760782021995817#9
0000 0036 2000 0000 0000 0000#1626597946826167#-37.5#4.049709280018092#9
0000 002E 2000 0000 0000 0000#1626597946827718#-49.5#3.718369429834794#9
0000 0039 2000 0000 0000 0000#1626597946829241#-31.5#3.7122335066832517#9
0000 0034 2000 0000 0000 0000#1626597946830904#-38.0#4.154019973594316#9
0000 002F 2000 0000 0000 0000#1626597946832588#-47.0#3.9822141253511245#9
0000 0032 2000 0000 0000 0000#1626597946836534#-41.5#4.184699589352029#9
0000 003A 2000 0000 0000 0000#1626597946838036#-26.0#3.356349963893783#9
0000 0037 2000 0000 0000 0000#1626597946839657#-36.0#3.9085830475326135#9
0000 003B 2000 0000 0000 0000#1626597946840724#-32.5#3.9944859716542096#9
0000 002E 2000 0000 0000 0000#1626597946841803#-49.5#3.706097583531709#9
0000 0034 2000 0000 0000 0000#1626597946843846#-38.0#4.123340357836604#9
0000 0031 2000 0000 0000 0000#1626597946844928#-42.5#4.074252972624263#9
0000 0038 2000 0000 0000 0000#1626597946846464#-34.5#3.9147189706841563#9
0000 0036 2000 0000 0000 0000#1626597946847529#-37.5#4.025165587411922#9
0000 002D 2000 0000 0000 0000#1626597946848850#-53.0#3.472932503773092#9
0000 0039 2000 0000 0000 0000#1626597946849961#-31.5#3.718369429834794#9
0000 0035 2000 0000 0000 0000#1626597946851410#-37.0#3.988350048502667#9
0000 0033 2000 0000 0000 0000#1626597946852457#-40.0#4.25833066717054#9
0000 002F 2000 0000 0000 0000#1626597946854488#-47.5#3.9392626632903265#9
0000 0030 2000 0000 0000 0000#1626597946855671#-45.5#4.0987966652304335#9
0000 002E 2000 0000 0000 0000#1626597947120215#-52.0#3.184544115650591#9
0000 0036 2000 0000 0000 0000#1626597947122020#-37.5#3.8717675086233583#9
0000 0039 2000 0000 0000 0000#1626597947123115#-31.5#3.8840393549264434#9
0000 002F 2000 0000 0000 0000#1626597947124164#-49.0#3.472932503773092#9
0000 0035 2000 0000 0000 0000#1626597947125239#-36.5#3.77972866135022#9
0000 0030 2000 0000 0000 0000#1626597947126337#-47.5#3.6692820446224537#9
0000 0033 2000 0000 0000 0000#1626597947128642#-41.5#3.9269908169872414#9
0000 003A 2000 0000 0000 0000#1626597947129916#-25.5#3.650874275167826#9
0000 0037 2000 0000 0000 0000#1626597947130982#-35.5#3.834951969714103#9
0000 0034 2000 0000 0000 0000#1626597947132002#-38.5#3.865631585471816#9
0000 0038 2000 0000 0000 0000#1626597947137001#-33.5#3.9453985864418692#9
0000 003B 2000 0000 0000 0000#1626597947138039#-31.5#4.430136515413731#9
0000 002D 2000 0000 0000 0000#1626597947139591#-56.0#2.804116880254952#9
0000 0032 2000 0000 0000 0000#1626597947141906#-43.0#3.724505352986337#9
0000 0031 2000 0000 0000 0000#1626597947145009#-44.0#3.6079228131070282#9
0000 002D 2000 0000 0000 0000#1626597947151304#-56.0#2.804116880254952#9
0000 002F 2000 0000 0000 0000#1626597947152452#-49.5#3.368621810196868#9
0000 003B 2000 0000 0000 0000#1626597947154624#-32.0#4.430136515413731#9
0000 0031 2000 0000 0000 0000#1626597947156209#-44.5#3.5833791205008576#9
0000 0036 2000 0000 0000 0000#1626597947157274#-37.0#3.810408277107933#9
0000 0038 2000 0000 0000 0000#1626597947158596#-33.5#3.933126740138784#9
0000 003A 2000 0000 0000 0000#1626597947159586#-25.5#3.650874275167826#9
0000 0030 2000 0000 0000 0000#1626597947160798#-48.0#3.5465635815916023#9
0000 002E 2000 0000 0000 0000#1626597947161865#-52.5#3.0250101137104846#9
0000 0035 2000 0000 0000 0000#1626597947164141#-36.5#3.730641276137879#9
0000 0037 2000 0000 0000 0000#1626597947165563#-35.0#3.810408277107933#9
0000 0039 2000 0000 0000 0000#1626597947166643#-31.0#3.859495662320273#9
0000 0032 2000 0000 0000 0000#1626597947180389#-43.0#4.4362724385652745#9
0000 0033 2000 0000 0000 0000#1626597947181522#-41.0#4.595806440505381#9
0000 0034 2000 0000 0000 0000#1626597947182630#-38.0#4.552854978444583#9
0000 002F 2000 0000 0000 0000#1626597947450182#-51.5#2.82252464970958#9
0000 0036 2000 0000 0000 0000#1626597947452530#-37.5#3.9085830475326135#9
0000 003A 2000 0000 0000 0000#1626597947453845#-24.5#4.2092432819582#9
0000 0039 2000 0000 0000 0000#1626597947455156#-30.0#4.264466590322082#9
0000 0038 2000 0000 0000 0000#1626597947456147#-32.5#4.2092432819582#9
0000 0031 2000 0000 0000 0000#1626597947457259#-46.5#3.184544115650591#9
0000 0032 2000 0000 0000 0000#1626597947458377#-44.5#3.368621810196868#9
0000 0030 2000 0000 0000 0000#1626597947459462#-50.5#3.0495538063166547#9
0000 0034 2000 0000 0000 0000#1626597947461066#-39.0#3.7122335066832517#9
0000 003B 2000 0000 0000 0000#1626597947463014#-31.0#5.062136600022616#9
0000 002D 2000 0000 0000 0000#1626597947466313#-58.5#1.8775924843720249#9
0000 002E 2000 0000 0000 0000#1626597947467368#-54.5#2.2580197197676637#9
0000 0033 2000 0000 0000 0000#1626597947470503#-42.5#3.5833791205008576#9
0000 0037 2000 0000 0000 0000#1626597947472462#-35.0#4.000621894805752#9
0000 0035 2000 0000 0000 0000#1626597947473581#-37.0#3.718369429834794#9
0000 0030 2000 0000 0000 0000#1626597947477719#-50.5#2.9268353432858034#9
0000 0037 2000 0000 0000 0000#1626597947478797#-35.0#3.9638063558964967#9
0000 003B 2000 0000 0000 0000#1626597947480891#-31.0#5.056000676871073#9
0000 002F 2000 0000 0000 0000#1626597947482224#-52.0#2.675262494072558#9
0000 0038 2000 0000 0000 0000#1626597947484025#-32.5#4.172427743048944#9
0000 002D 2000 0000 0000 0000#1626597947485625#-58.5#1.748738098189631#9
0000 0033 2000 0000 0000 0000#1626597947489030#-42.5#3.522019888985432#9
0000 0035 2000 0000 0000 0000#1626597947490391#-37.0#3.6815538909255388#9
0000 003A 2000 0000 0000 0000#1626597947491708#-25.0#4.184699589352029#9
0000 0034 2000 0000 0000 0000#1626597947492998#-39.5#3.6201946594101133#9
0000 002E 2000 0000 0000 0000#1626597947494819#-54.5#2.116893487282185#9
0000 0036 2000 0000 0000 0000#1626597947495916#-37.0#3.785864584501762#9
0000 0039 2000 0000 0000 0000#1626597947497452#-30.0#4.215379205109742#9
0000 0031 2000 0000 0000 0000#1626597947498929#-47.0#3.0250101137104846#9
0000 0032 2000 0000 0000 0000#1626597947501144#-45.5#3.1968159619536762#9
0000 0033 2000 0000 0000 0000#1626597947766998#-45.5#2.061670178918302#9
0000 0032 2000 0000 0000 0000#1626597947768015#-47.5#1.6505633277649499#9
0000 0030 2000 0000 0000 0000#1626597947769594#-53.0#0.9756117810952678#9
0000 003A 2000 0000 0000 0000#1626597947771128#-25.5#3.497476196379262#9
0000 002D 2000 0000 0000 0000#1626597947772223#-48.0#5.442563835418255#9
0000 0038 2000 0000 0000 0000#1626597947775180#-34.0#3.2397674240144743#9
0000 0031 2000 0000 0000 0000#1626597947776702#-49.5#1.3560390164909069#9
0000 002E 2000 0000 0000 0000#1626597947777815#-50.5#5.822991070813893#9
0000 0039 2000 0000 0000 0000#1626597947779109#-31.0#3.3870295796514958#9
0000 0035 2000 0000 0000 0000#1626597947780899#-38.5#2.478912953223196#9
0000 0036 2000 0000 0000 0000#1626597947790900#-38.5#2.791845033951867#9
0000 002F 2000 0000 0000 0000#1626597947794099#-54.0#0.7485826244881929#9
0000 0034 2000 0000 0000 0000#1626597947795219#-41.0#2.442097414313941#9
0000 003B 2000 0000 0000 0000#1626597947796257#-32.0#4.7307967498393175#9
0000 0037 2000 0000 0000 0000#1626597947797352#-36.5#3.08636934522591#9
FFFF FFFF FFFF FFFF FFFF FFFF#1626597947800571#-69.0#0.07363107781851078#9
0000 002D 2000 0000 0000 0000#1626597947803487#-46.5#5.3627968344482015#9
0000 0037 2000 0000 0000 0000#1626597947804809#-36.5#3.055689729468197#9
0000 0032 2000 0000 0000 0000#1626597947805885#-47.5#1.662835174068035#9
0000 0031 2000 0000 0000 0000#1626597947807134#-49.5#1.3867186322486196#9
0000 003A 2000 0000 0000 0000#1626597947808166#-25.5#3.663146121470911#9
0000 0038 2000 0000 0000 0000#1626597947809502#-34.0#3.3747577333484107#9
0000 002F 2000 0000 0000 0000#1626597947811975#-54.0#0.6504078540635119#9
0000 002E 2000 0000 0000 0000#1626597947814740#-48.0#5.626641529964532#9
0000 0033 2000 0000 0000 0000#1626597947815787#-45.5#2.067806102069844#9
0000 003B 2000 0000 0000 0000#1626597947816797#-31.5#4.71238898038469#9
0000 0035 2000 0000 0000 0000#1626597947818115#-38.5#2.552544031041707#9
0000 0039 2000 0000 0000 0000#1626597947819441#-31.0#3.5158839658338894#9
0000 0030 2000 0000 0000 0000#1626597947821323#-53.5#0.7853981633974483#9
0000 0036 2000 0000 0000 0000#1626597947823229#-38.5#2.7120780329818137#9
0000 0034 2000 0000 0000 0000#1626597947825090#-41.5#2.36846633649543#9
FFFF FFFF FFFF FFFF FFFF FFFF#1626597947827224#-69.0#0.07976700097005335#9
0000 003B 2000 0000 0000 0000#1626597948092507#-33.5#3.785864584501762#9
0000 0032 2000 0000 0000 0000#1626597948093696#-50.5#5.7616318392984684#9
0000 002E 2000 0000 0000 0000#1626597948094750#-47.5#3.6140587362585705#9
0000 0035 2000 0000 0000 0000#1626597948096104#-41.0#1.1658253987930873#9
0000 0031 2000 0000 0000 0000#1626597948097139#-50.5#5.295301679781233#9
0000 003A 2000 0000 0000 0000#1626597948098387#-27.0#2.4850488763747385#9
0000 0033 2000 0000 0000 0000#1626597948099477#-49.0#0.23316507975861744#9
0000 0037 2000 0000 0000 0000#1626597948100998#-38.5#1.7303303287350031#9
0000 0038 2000 0000 0000 0000#1626597948102292#-36.0#2.086213871524472#9
0000 0036 2000 0000 0000 0000#1626597948103570#-41.5#1.3437671701878218#9
0000 002F 2000 0000 0000 0000#1626597948104663#-45.0#3.8410878928656453#9
0000 0030 2000 0000 0000 0000#1626597948105830#-45.0#4.031301510563465#9
0000 0034 2000 0000 0000 0000#1626597948107423#-44.5#0.8222137023067037#9
0000 0039 2000 0000 0000 0000#1626597948108748#-33.5#2.3009711818284617#9
0000 002D 2000 0000 0000 0000#1626597948110114#-55.0#3.56497135104623#9
FFFF FFFF FFFF FFFF FFFF FFFF#1626597948111578#-68.5#5.491651220630596#9
0000 0035 2000 0000 0000 0000#1626597948116474#-41.5#1.0983302441261191#9
0000 0030 2000 0000 0000 0000#1626597948117758#-45.0#3.9638063558964967#9
0000 0039 2000 0000 0000 0000#1626597948119596#-33.5#2.2580197197676637#9
0000 0033 2000 0000 0000 0000#1626597948120870#-49.5#0.11044661672776616#9
0000 002F 2000 0000 0000 0000#1626597948122447#-44.5#3.761320891895592#9
0000 0037 2000 0000 0000 0000#1626597948123541#-38.5#1.6935147898257479#9
0000 0032 2000 0000 0000 0000#1626597948125554#-50.5#5.522330836388308#9
0000 0038 2000 0000 0000 0000#1626597948126863#-36.0#2.018718716857504#9
0000 0036 2000 0000 0000 0000#1626597948127882#-41.5#1.2701360923693108#9
0000 003A 2000 0000 0000 0000#1626597948128930#-27.5#2.4175537217077703#9
FFFF FFFF FFFF FFFF FFFF FFFF#1626597948130310#-69.0#5.460971604872882#9
0000 002D 2000 0000 0000 0000#1626597948132114#-56.5#3.54042765844006#9
0000 003B 2000 0000 0000 0000#1626597948133184#-33.5#3.706097583531709#9
0000 0034 2000 0000 0000 0000#1626597948134402#-45.0#0.6994952392758523#9
0000 002E 2000 0000 0000 0000#1626597948138279#-49.0#3.5158839658338894#9
0000 0031 2000 0000 0000 0000#1626597948139581#-49.5#4.884194828627882#9
0000 003A 2000 0000 0000 0000#1626597948412499#-28.5#2.791845033951867#9
0000 0032 2000 0000 0000 0000#1626597948413834#-41.0#4.522175362686871#9
0000 0033 2000 0000 0000 0000#1626597948414954#-42.5#5.154175447295755#9
0000 0035 2000 0000 0000 0000#1626597948416729#-44.5#0.8528933180644165#9
0000 002F 2000 0000 0000 0000#1626597948417777#-53.5#3.988350048502667#9
0000 0038 2000 0000 0000 0000#1626597948418900#-39.0#2.3009711818284617#9
0000 003B 2000 0000 0000 0000#1626597948420492#-34.0#4.166291819897402#9
0000 0030 2000 0000 0000 0000#1626597948422214#-49.5#4.23378697456437#9
0000 0039 2000 0000 0000 0000#1626597948423337#-35.5#2.5586799541932495#9
0000 002D 2000 0000 0000 0000#1626597948424652#-63.0#2.282563412373834#9
0000 0031 2000 0000 0000 0000#1626597948425742#-41.0#4.239922897715912#9
0000 0034 2000 0000 0000 0000#1626597948427706#-45.5#0.07976700097005335#9
0000 0036 2000 0000 0000 0000#1626597948428826#-44.5#1.1044661672776617#9
0000 0037 2000 0000 0000 0000#1626597948429877#-41.5#1.761009944492716#9
0000 002E 2000 0000 0000 0000#1626597948431347#-60.0#2.9391071895888885#9
FFFF FFFF FFFF FFFF FFFF FFFF#1626597948432383#-68.5#0.9081166264282996#9
FFFF FFFF FFFF FFFF FFFF FFFF#1626597948436660#-69.0#0.7853981633974483#9
0000 0037 2000 0000 0000 0000#1626597948438859#-41.5#1.7303303287350031#9
0000 0039 2000 0000 0000 0000#1626597948440800#-35.5#2.5157284921324514#9
0000 0036 2000 0000 0000 0000#1626597948441849#-44.5#1.0185632431560658#9
0000 003A 2000 0000 0000 0000#1626597948442928#-29.0#2.724349879284899#9
0000 0038 2000 0000 0000 0000#1626597948444037#-39.5#2.2027964114037806#9
0000 003B 2000 0000 0000 0000#1626597948445061#-34.5#4.123340357836604#9
0000 002F 2000 0000 0000 0000#1626597948446387#-55.5#3.80427235395639#9
0000 0033 2000 0000 0000 0000#1626597948447619#-41.5#4.921010367537137#9
0000 0032 2000 0000 0000 0000#1626597948448711#-40.5#4.411728745959104#9
0000 002D 2000 0000 0000 0000#1626597948449748#-62.5#2.110757564130642#9
0000 0031 2000 0000 0000 0000#1626597948450841#-41.0#4.184699589352029#9
0000 0030 2000 0000 0000 0000#1626597948452262#-51.0#4.166291819897402#9
0000 0035 2000 0000 0000 0000#1626597948453722#-45.0#0.6258641614573416#9
0000 002E 2000 0000 0000 0000#1626597948454763#-59.0#2.662990647769473#9
0000 0034 2000 0000 0000 0000#1626597948455839#-45.0#6.092971689481767#9
0000 0031 2000 0000 0000 0000#1626597948719309#-54.0#3.3624858870453256#9
0000 0035 2000 0000 0000 0000#1626597948721699#-41.5#4.822835597112456#9
0000 0033 2000 0000 0000 0000#1626597948722703#-43.5#3.9944859716542096#9
0000 0036 2000 0000 0000 0000#1626597948724262#-43.0#5.166447293598839#9
FFFF FFFF FFFF FFFF FFFF FFFF#1626597948725318#-68.0#0.44178646691106466#9
0000 0039 2000 0000 0000 0000#1626597948726368#-41.5#1.5953400194010667#9
0000 0038 2000 0000 0000 0000#1626597948727676#-45.0#0.9326603190344698#9
0000 002F 2000 0000 0000 0000#1626597948728711#-61.0#1.2762720155208536#9
0000 0034 2000 0000 0000 0000#1626597948729715#-39.5#4.25833066717054#9
0000 003A 2000 0000 0000 0000#1626597948730737#-32.5#1.9205439464328227#9
0000 003B 2000 0000 0000 0000#1626597948732032#-36.5#3.411573272257666#9
0000 0032 2000 0000 0000 0000#1626597948733109#-51.0#3.718369429834794#9
0000 002E 2000 0000 0000 0000#1626597948734595#-59.5#5.565282298449106#9
0000 002D 2000 0000 0000 0000#1626597948735904#-59.0#4.8351074434155406#9
0000 0037 2000 0000 0000 0000#1626597948737210#-46.5#6.2034183062095325#9
0000 0030 2000 0000 0000 0000#1626597948738509#-61.5#2.429825568010856#9
0000 0032 2000 0000 0000 0000#1626597948743864#-51.5#3.761320891895592#9
0000 003B 2000 0000 0000 0000#1626597948744929#-37.0#3.368621810196868#9
0000 003A 2000 0000 0000 0000#1626597948745966#-33.0#1.8775924843720249#9
0000 0038 2000 0000 0000 0000#1626597948747288#-45.5#0.8160777791551611#9
0000 0035 2000 0000 0000 0000#1626597948749319#-41.0#4.663301595172349#9
0000 002F 2000 0000 0000 0000#1626597948750368#-62.0#1.055378782065321#9
0000 0037 2000 0000 0000 0000#1626597948751657#-46.0#6.056156150572511#9
0000 0033 2000 0000 0000 0000#1626597948752996#-44.5#3.9699422790480394#9
0000 0034 2000 0000 0000 0000#1626597948754044#-39.5#4.178563666200486#9
0000 0036 2000 0000 0000 0000#1626597948755579#-42.0#4.963961829597935#9
0000 0039 2000 0000 0000 0000#1626597948757133#-42.0#1.4726215563702154#9
FFFF FFFF FFFF FFFF FFFF FFFF#1626597948758198#-68.5#0.4356505437595221#9
0000 0031 2000 0000 0000 0000#1626597948761210#-55.5#3.08636934522591#9
0000 002D 2000 0000 0000 0000#1626597948764026#-59.0#4.577398671050753#9
0000 002E 2000 0000 0000 0000#1626597948765731#-59.5#5.160311370447297#9
0000 0030 2000 0000 0000 0000#1626597948766783#-62.0#2.3071071049800045#9
0000 0030 2000 0000 0000 0000#1626597949031221#-64.0#5.8659425328746915#9
0000 0037 2000 0000 0000 0000#1626597949033717#-42.5#4.473087977474529#9
0000 0033 2000 0000 0000 0000#1626597949035298#-56.5#3.043417883165112#9
0000 003A 2000 0000 0000 0000#1626597949036589#-40.0#0.5522330836388308#9
0000 0039 2000 0000 0000 0000#1626597949037667#-45.0#5.829126993965437#9
0000 0032 2000 0000 0000 0000#1626597949038717#-58.5#1.736466251886546#9
0000 0034 2000 0000 0000 0000#1626597949040035#-50.0#3.6324665057131984#9
0000 0036 2000 0000 0000 0000#1626597949041082#-43.5#3.9638063558964967#9
0000 0031 2000 0000 0000 0000#1626597949042150#-58.0#0.7485826244881929#9
0000 002F 2000 0000 0000 0000#1626597949044041#-60.5#4.657165672020807#9
0000 003B 2000 0000 0000 0000#1626597949045105#-42.0#2.5034566458293663#9
0000 002E 2000 0000 0000 0000#1626597949046149#-63.0#2.9391071895888885#9
0000 0035 2000 0000 0000 0000#1626597949047242#-45.0#3.822680123411018#9
0000 002D 2000 0000 0000 0000#1626597949048282#-62.5#1.6873788666742053#9
0000 0038 2000 0000 0000 0000#1626597949049373#-43.0#5.037592907416445#9
FFFF FFFF FFFF FFFF FFFF FFFF#1626597949050696#-68.5#0.04908738521234052#9
0000 0034 2000 0000 0000 0000#1626597949055718#-51.0#3.6140587362585705#9
0000 003A 2000 0000 0000 0000#1626597949058121#-40.0#0.44178646691106466#9
0000 0037 2000 0000 0000 0000#1626597949059701#-42.5#4.417864669110647#9
0000 0031 2000 0000 0000 0000#1626597949061225#-58.5#0.521553467881118#9
0000 002E 2000 0000 0000 0000#1626597949062267#-62.5#2.736621725587984#9
0000 0036 2000 0000 0000 0000#1626597949063535#-44.5#3.9392626632903265#9
0000 0033 2000 0000 0000 0000#1626597949064689#-55.0#2.84706834231575#9
0000 0039 2000 0000 0000 0000#1626597949066455#-44.5#5.66959299202533#9
0000 0030 2000 0000 0000 0000#1626597949067542#-63.5#5.491651220630596#9
0000 0032 2000 0000 0000 0000#1626597949069273#-59.0#1.4787574795217582#9
0000 003B 2000 0000 0000 0000#1626597949070340#-43.0#2.411417798556228#9
0000 0038 2000 0000 0000 0000#1626597949072145#-43.0#4.957825906446392#9
0000 0035 2000 0000 0000 0000#1626597949073323#-46.0#3.767456815047135#9
0000 002D 2000 0000 0000 0000#1626597949074405#-64.0#1.41126232485479#9
0000 002F 2000 0000 0000 0000#1626597949076083#-60.5#4.4362724385652745#9
FFFF FFFF FFFF FFFF FFFF FFFF#1626597949077145#-68.5#0.006135923151542565#9
0000 0030 2000 0000 0000 0000#1626597949342586#-65.5#3.031146036862027#9
FFFF FFFF FFFF FFFF FFFF FFFF#1626597949344389#-68.5#5.375068680751287#9
0000 0038 2000 0000 0000 0000#1626597949345935#-47.5#3.822680123411018#9
0000 0036 2000 0000 0000 0000#1626597949346984#-55.0#2.6323110320117604#9
0000 0033 2000 0000 0000 0000#1626597949348103#-63.5#6.080699843178682#9
0000 0037 2000 0000 0000 0000#1626597949349378#-51.5#3.411573272257666#9
0000 0035 2000 0000 0000 0000#1626597949350749#-56.0#2.1598449493429825#9
0000 002F 2000 0000 0000 0000#1626597949351843#-64.0#1.6014759425526093#9
0000 0039 2000 0000 0000 0000#1626597949352882#-44.5#4.0558452031696355#9
0000 003B 2000 0000 0000 0000#1626597949354675#-48.5#0.39269908169872414#9
0000 002D 2000 0000 0000 0000#1626597949356467#-60.0#4.626486056263094#9
0000 003A 2000 0000 0000 0000#1626597949358045#-40.0#4.374913207049849#9
0000 0032 2000 0000 0000 0000#1626597949359136#-61.0#4.338097668140593#9
0000 0031 2000 0000 0000 0000#1626597949361781#-59.5#3.5956509668039427#9
0000 0034 2000 0000 0000 0000#1626597949362830#-58.5#1.1167380135807468#9
0000 002E 2000 0000 0000 0000#1626597949366080#-62.5#5.313709449235861#9
0000 0034 2000 0000 0000 0000#1626597949370947#-58.5#1.0369710126106935#9
0000 003A 2000 0000 0000 0000#1626597949372509#-40.0#4.313553975534423#9
0000 0037 2000 0000 0000 0000#1626597949374938#-53.0#3.368621810196868#9
0000 0039 2000 0000 0000 0000#1626597949376034#-44.5#4.000621894805752#9
0000 003B 2000 0000 0000 0000#1626597949377116#-48.5#0.23930100291016002#9
0000 0032 2000 0000 0000 0000#1626597949378406#-60.5#4.2031073588066565#9
0000 0038 2000 0000 0000 0000#1626597949379457#-48.0#3.7551849687440497#9
0000 002E 2000 0000 0000 0000#1626597949380541#-61.5#5.221670601962723#9
0000 0033 2000 0000 0000 0000#1626597949381616#-63.5#5.608233760509904#9
0000 0030 2000 0000 0000 0000#1626597949383213#-66.0#2.6261751088602177#9
0000 0035 2000 0000 0000 0000#1626597949384245#-56.5#1.9389517158874505#9
0000 002D 2000 0000 0000 0000#1626597949385297#-59.5#4.430136515413731#9
0000 0031 2000 0000 0000 0000#1626597949386987#-59.5#3.429981041712294#9
0000 002F 2000 0000 0000 0000#1626597949388011#-64.0#1.1474176293384597#9
0000 0036 2000 0000 0000 0000#1626597949389799#-56.5#2.4850488763747385#9
FFFF FFFF FFFF FFFF FFFF FFFF#1626597949391762#-68.0#5.283029833478148#9
0000 003A 2000 0000 0000 0000#1626597949656727#-40.0#4.583534594202296#9
0000 0034 2000 0000 0000 0000#1626597949658360#-57.5#5.608233760509904#9
0000 0031 2000 0000 0000 0000#1626597949659709#-59.0#2.6261751088602177#9
0000 002E 2000 0000 0000 0000#1626597949661485#-58.5#4.6448938257177215#9
0000 003B 2000 0000 0000 0000#1626597949662566#-46.5#6.264777537724958#9
0000 0036 2000 0000 0000 0000#1626597949663615#-60.0#1.6689710972195777#9
0000 0033 2000 0000 0000 0000#1626597949664876#-58.5#4.411728745959104#9
0000 0038 2000 0000 0000 0000#1626597949666153#-53.5#3.9638063558964967#9
0000 0039 2000 0000 0000 0000#1626597949667218#-48.5#4.362641360746763#9
0000 0032 2000 0000 0000 0000#1626597949668494#-59.0#3.356349963893783#9
0000 002D 2000 0000 0000 0000#1626597949669945#-56.5#4.295146206079795#9
0000 0030 2000 0000 0000 0000#1626597949671049#-66.0#0.7669903939428205#9
0000 0035 2000 0000 0000 0000#1626597949672107#-59.0#0.5951845456996288#9
0000 0037 2000 0000 0000 0000#1626597949673227#-57.5#2.9636508821950587#9
0000 002F 2000 0000 0000 0000#1626597949674304#-60.0#6.007068765360171#9
FFFF FFFF FFFF FFFF FFFF FFFF#1626597949675940#-68.0#0.6872233929727672#9
0000 003B 2000 0000 0000 0000#1626597949681107#-46.0#6.2034183062095325#9
0000 002F 2000 0000 0000 0000#1626597949682685#-59.5#6.074563920027139#9
0000 0035 2000 0000 0000 0000#1626597949684186#-59.0#0.4970097752749477#9
