0000 0038 2000 0000 0000 0000#1626597923530135#-46.0#3.380893656499953#9
0000 002F 2000 0000 0000 0000#1626597923532301#-50.5#1.6812429435226628#9
0000 0036 2000 0000 0000 0000#1626597923533393#-47.5#4.1172044346850605#9
0000 0032 2000 0000 0000 0000#1626597923534697#-50.5#0.19634954084936207#9
0000 003A 2000 0000 0000 0000#1626597923536024#-46.0#2.067806102069844#9
0000 0039 2000 0000 0000 0000#1626597923537121#-46.0#2.84706834231575#9
FFFF FFFF FFFF FFFF FFFF FFFF#1626597923539141#-69.0#5.252350217720435#9
0000 0037 2000 0000 0000 0000#1626597923540232#-46.5#3.6079228131070282#9
0000 0031 2000 0000 0000 0000#1626597923542366#-50.5#0.5031456984264903#9
0000 0035 2000 0000 0000 0000#1626597923543892#-47.0#4.270602513473625#9
0000 0034 2000 0000 0000 0000#1626597923544982#-48.5#5.00077736850719#9
0000 0030 2000 0000 0000 0000#1626597923546310#-50.5#1.4358060174609601#9
0000 002E 2000 0000 0000 0000#1626597923547706#-50.5#2.1475731030398975#9
0000 0033 2000 0000 0000 0000#1626597923550741#-49.5#5.8045833013592665#9
0000 002D 2000 0000 0000 0000#1626597923552151#-53.0#2.350058567040802#9
FFFF FFFF FFFF FFFF FFFF FFFF#1626597923557294#-68.5#4.994641445355648#9
0000 002D 2000 0000 0000 0000#1626597923558964#-53.5#2.337786720737717#9
0000 0031 2000 0000 0000 0000#1626597923560098#-50.0#0.5154175447295755#9
0000 0030 2000 0000 0000 0000#1626597923561695#-50.5#1.4419419406125027#9
0000 002F 2000 0000 0000 0000#1626597923562955#-51.0#1.6689710972195777#9
0000 0035 2000 0000 0000 0000#1626597923564533#-47.0#4.276738436625168#9
0000 0036 2000 0000 0000 0000#1626597923565624#-47.0#4.09266074207889#9
0000 002E 2000 0000 0000 0000#1626597923566905#-50.0#2.1475731030398975#9
0000 0032 2000 0000 0000 0000#1626597923568841#-50.0#0.19634954084936207#9
0000 0037 2000 0000 0000 0000#1626597923570255#-47.0#3.6140587362585705#9
0000 0033 2000 0000 0000 0000#1626597923572544#-47.5#5.810719224510809#9
0000 0034 2000 0000 0000 0000#1626597923573592#-48.5#5.019185137961818#9
0000 0039 2000 0000 0000 0000#1626597923574861#-46.0#2.8532042654672924#9
0000 0038 2000 0000 0000 0000#1626597923575925#-46.0#3.380893656499953#9
0000 003A 2000 0000 0000 0000#1626597923577003#-46.0#2.067806102069844#9
0000 002F 2000 0000 0000 0000#1626597923841892#-50.5#1.859184714917397#9
0000 0039 2000 0000 0000 0000#1626597923843472#-46.5#3.06182565261974#9
0000 002D 2000 0000 0000 0000#1626597923845108#-53.0#2.521864415283994#9
0000 0038 2000 0000 0000 0000#1626597923846656#-46.0#3.56497135104623#9
0000 0036 2000 0000 0000 0000#1626597923847763#-47.0#4.295146206079795#9
0000 0035 2000 0000 0000 0000#1626597923848896#-47.0#4.454680208019902#9
0000 0037 2000 0000 0000 0000#1626597923850016#-47.0#3.8288160465625602#9
0000 0032 2000 0000 0000 0000#1626597923851022#-50.0#0.4111068511533518#9
0000 003A 2000 0000 0000 0000#1626597923852340#-46.5#2.2396119503130363#9
0000 0033 2000 0000 0000 0000#1626597923853643#-49.5#6.007068765360171#9
0000 0034 2000 0000 0000 0000#1626597923855388#-48.5#5.21553467881118#9
0000 0031 2000 0000 0000 0000#1626597923856566#-51.0#0.7485826244881929#9
0000 0030 2000 0000 0000 0000#1626597923857651#-50.5#1.6382914814618648#9
0000 002E 2000 0000 0000 0000#1626597923858976#-50.5#2.36846633649543#9
FFFF FFFF FFFF FFFF FFFF FFFF#1626597923860309#-68.0#5.313709449235861#9
0000 0031 2000 0000 0000 0000#1626597923866019#-51.0#0.7363107781851077#9
0000 0035 2000 0000 0000 0000#1626597923875464#-46.0#5.184855063053467#9
0000 002D 2000 0000 0000 0000#1626597923878382#-53.0#3.3440781175906977#9
0000 0039 2000 0000 0000 0000#1626597923880000#-45.5#3.859495662320273#9
0000 0034 2000 0000 0000 0000#1626597923881092#-49.0#5.93343768754166#9
0000 0037 2000 0000 0000 0000#1626597923882424#-46.5#4.595806440505381#9
0000 002E 2000 0000 0000 0000#1626597923883464#-51.0#3.172272269347506#9
0000 003A 2000 0000 0000 0000#1626597923884512#-46.0#2.9943304979527716#9
0000 0036 2000 0000 0000 0000#1626597923885546#-46.0#5.031456984264903#9
0000 0033 2000 0000 0000 0000#1626597923886623#-49.5#0.4908738521234052#9
0000 0032 2000 0000 0000 0000#1626597923887798#-49.5#1.1596894756415448#9
0000 002F 2000 0000 0000 0000#1626597923888874#-51.0#2.6139032625571326#9
0000 0038 2000 0000 0000 0000#1626597923890394#-45.0#4.331961744989051#9
0000 0030 2000 0000 0000 0000#1626597923892900#-50.5#2.3930100291016#9
FFFF FFFF FFFF FFFF FFFF FFFF#1626597923894408#-67.5#0.5338253141842031#9
0000 0032 2000 0000 0000 0000#1626597924159498#-50.0#1.0062913968529805#9
0000 0030 2000 0000 0000 0000#1626597924161867#-50.5#2.1659808724945253#9
0000 0036 2000 0000 0000 0000#1626597924163998#-46.5#4.847379289718626#9
0000 0031 2000 0000 0000 0000#1626597924165062#-50.0#1.2885438618239387#9
FFFF FFFF FFFF FFFF FFFF FFFF#1626597924166995#-68.5#0.1349903093339364#9
0000 0039 2000 0000 0000 0000#1626597924168323#-45.5#3.663146121470911#9
0000 0038 2000 0000 0000 0000#1626597924169414#-45.0#4.166291819897402#9
0000 003A 2000 0000 0000 0000#1626597924170405#-45.5#2.816388726558037#9
0000 0034 2000 0000 0000 0000#1626597924171800#-48.5#5.773903685601553#9
0000 002D 2000 0000 0000 0000#1626597924173167#-53.5#3.129320807286708#9
0000 0035 2000 0000 0000 0000#1626597924174500#-46.0#5.019185137961818#9
0000 002E 2000 0000 0000 0000#1626597924177208#-50.5#2.9697868053466014#9
0000 002F 2000 0000 0000 0000#1626597924178255#-51.0#2.435961491162398#9
0000 0037 2000 0000 0000 0000#1626597924180315#-46.0#4.399456899656019#9
0000 0033 2000 0000 0000 0000#1626597924182632#-49.5#0.28225246497095796#9
0000 0034 2000 0000 0000 0000#1626597924187370#-48.5#5.7616318392984684#9
0000 0037 2000 0000 0000 0000#1626597924188760#-46.0#4.3933209765044765#9
0000 003A 2000 0000 0000 0000#1626597924189826#-46.0#2.7979809571034093#9
0000 0036 2000 0000 0000 0000#1626597924191656#-46.5#4.853515212870168#9
0000 0038 2000 0000 0000 0000#1626597924192724#-45.0#4.147884050442774#9
0000 0030 2000 0000 0000 0000#1626597924194520#-50.0#2.172116795646068#9
0000 0039 2000 0000 0000 0000#1626597924195544#-45.5#3.650874275167826#9
FFFF FFFF FFFF FFFF FFFF FFFF#1626597924196654#-68.5#0.21475731030398976#9
0000 0033 2000 0000 0000 0000#1626597924198279#-47.5#0.30066023442558565#9
0000 002E 2000 0000 0000 0000#1626597924199477#-50.5#2.9268353432858034#9
0000 0031 2000 0000 0000 0000#1626597924200982#-50.0#1.3069516312785663#9
0000 0035 2000 0000 0000 0000#1626597924202258#-46.5#4.994641445355648#9
0000 0032 2000 0000 0000 0000#1626597924203416#-48.5#0.9756117810952678#9
0000 002F 2000 0000 0000 0000#1626597924204519#-51.0#2.442097414313941#9
0000 002D 2000 0000 0000 0000#1626597924206215#-53.5#3.184544115650591#9
0000 003A 2000 0000 0000 0000#1626597924470212#-46.5#2.435961491162398#9
0000 0033 2000 0000 0000 0000#1626597924480611#-49.5#0.09817477042468103#9
0000 0036 2000 0000 0000 0000#1626597924482117#-47.0#4.681709364626977#9
0000 0030 2000 0000 0000 0000#1626597924483442#-50.0#2.0064468705544187#9
0000 0032 2000 0000 0000 0000#1626597924484539#-49.0#0.7976700097005334#9
FFFF FFFF FFFF FFFF FFFF FFFF#1626597924485636#-68.0#0.01227184630308513#9
0000 002F 2000 0000 0000 0000#1626597924487165#-51.0#2.2457478734645786#9
0000 0037 2000 0000 0000 0000#1626597924488285#-46.0#4.2031073588066565#9
0000 002D 2000 0000 0000 0000#1626597924490846#-53.5#2.9636508821950587#9
0000 0039 2000 0000 0000 0000#1626597924492410#-45.5#3.448388811166921#9
0000 0035 2000 0000 0000 0000#1626597924494453#-47.0#4.8351074434155406#9
0000 0038 2000 0000 0000 0000#1626597924495783#-45.5#3.9576704327449543#9
0000 0034 2000 0000 0000 0000#1626597924497416#-49.0#5.559146375297564#9
0000 002E 2000 0000 0000 0000#1626597924500080#-50.0#2.730485802436441#9
0000 0031 2000 0000 0000 0000#1626597924501472#-50.0#1.1044661672776617#9
0000 0036 2000 0000 0000 0000#1626597924506895#-47.0#4.663301595172349#9
0000 0031 2000 0000 0000 0000#1626597924509073#-50.0#1.0921943209745766#9
0000 0034 2000 0000 0000 0000#1626597924510134#-49.0#5.589825991055276#9
0000 0035 2000 0000 0000 0000#1626597924511180#-46.5#4.822835597112456#9
0000 0037 2000 0000 0000 0000#1626597924512246#-46.0#4.23378697456437#9
0000 0038 2000 0000 0000 0000#1626597924513282#-46.0#3.9576704327449543#9
0000 002D 2000 0000 0000 0000#1626597924514362#-53.5#2.9759227284981438#9
0000 0030 2000 0000 0000 0000#1626597924515403#-50.0#2.000310947402876#9
0000 002E 2000 0000 0000 0000#1626597924517453#-50.0#2.724349879284899#9
FFFF FFFF FFFF FFFF FFFF FFFF#1626597924518489#-68.0#6.0991076126333095#9
0000 002F 2000 0000 0000 0000#1626597924519792#-51.0#2.2212041808584084#9
0000 0039 2000 0000 0000 0000#1626597924521701#-45.5#3.442252888015379#9
0000 003A 2000 0000 0000 0000#1626597924522864#-46.0#2.60776733940559#9
0000 0032 2000 0000 0000 0000#1626597924523939#-50.5#0.7853981633974483#9
0000 0033 2000 0000 0000 0000#1626597924525284#-49.5#0.1043106935762236#9
0000 0035 2000 0000 0000 0000#1626597924790108#-47.0#4.28287435977671#9
FFFF FFFF FFFF FFFF FFFF FFFF#1626597924791160#-69.0#5.148039524144211#9
0000 0030 2000 0000 0000 0000#1626597924792184#-50.5#1.4480778637640452#9
0000 002D 2000 0000 0000 0000#1626597924793450#-53.5#2.3439226438892597#9
0000 0037 2000 0000 0000 0000#1626597924794968#-47.0#3.6324665057131984#9
0000 0036 2000 0000 0000 0000#1626597924796483#-47.5#4.111068511533518#9
0000 0032 2000 0000 0000 0000#1626597924797797#-50.5#0.2086213871524472#9
0000 002E 2000 0000 0000 0000#1626597924799079#-50.5#2.141437179888355#9
0000 003A 2000 0000 0000 0000#1626597924800897#-46.5#2.073942025221387#9
0000 0039 2000 0000 0000 0000#1626597924802458#-46.5#2.8838838812250054#9
0000 002F 2000 0000 0000 0000#1626597924803538#-51.0#1.662835174068035#9
0000 0031 2000 0000 0000 0000#1626597924806899#-50.5#0.5338253141842031#9
0000 0033 2000 0000 0000 0000#1626597924807991#-49.5#5.841398840268521#9
0000 0034 2000 0000 0000 0000#1626597924809024#-49.0#5.0253210611133605#9
0000 0038 2000 0000 0000 0000#1626597924810999#-46.0#3.399301425954581#9
0000 002E 2000 0000 0000 0000#1626597924819595#-50.5#2.1537090261914402#9
0000 003A 2000 0000 0000 0000#1626597924820885#-46.0#2.073942025221387#9
0000 0035 2000 0000 0000 0000#1626597924821920#-47.0#4.28287435977671#9
0000 0031 2000 0000 0000 0000#1626597924822999#-50.5#0.521553467881118#9
0000 0039 2000 0000 0000 0000#1626597924824081#-46.0#2.8654761117703775#9
0000 0036 2000 0000 0000 0000#1626597924825629#-47.5#4.111068511533518#9
0000 0032 2000 0000 0000 0000#1626597924826887#-50.5#0.21475731030398976#9
0000 0033 2000 0000 0000 0000#1626597924828190#-49.5#5.816855147662351#9
0000 0037 2000 0000 0000 0000#1626597924829294#-47.0#3.6324665057131984#9
0000 0034 2000 0000 0000 0000#1626597924830628#-49.0#5.037592907416445#9
0000 0038 2000 0000 0000 0000#1626597924832391#-46.5#3.356349963893783#9
0000 0030 2000 0000 0000 0000#1626597924834143#-51.0#1.4358060174609601#9
0000 002F 2000 0000 0000 0000#1626597924835675#-51.0#1.6812429435226628#9
FFFF FFFF FFFF FFFF FFFF FFFF#1626597924838618#-69.0#5.037592907416445#9
0000 002D 2000 0000 0000 0000#1626597924840511#-53.5#2.3439226438892597#9
0000 002F 2000 0000 0000 0000#1626597925105873#-50.5#2.6323110320117604#9
0000 0032 2000 0000 0000 0000#1626597925106934#-49.5#1.1658253987930873#9
0000 002D 2000 0000 0000 0000#1626597925107987#-53.0#3.380893656499953#9
0000 0034 2000 0000 0000 0000#1626597925109582#-49.0#5.964117303299373#9
0000 0036 2000 0000 0000 0000#1626597925110843#-46.5#5.031456984264903#9
0000 0037 2000 0000 0000 0000#1626597925111950#-46.0#4.608078286808466#9
0000 003A 2000 0000 0000 0000#1626597925115463#-45.5#2.9513790358919736#9
0000 0038 2000 0000 0000 0000#1626597925119269#-45.0#4.319689898685965#9
FFFF FFFF FFFF FFFF FFFF FFFF#1626597925120592#-68.5#0.6688156235181395#9
0000 0039 2000 0000 0000 0000#1626597925121885#-45.5#3.816544200259475#9
0000 0030 2000 0000 0000 0000#1626597925123671#-50.5#2.411417798556228#9
0000 0035 2000 0000 0000 0000#1626597925124749#-46.0#5.190990986205009#9
0000 0033 2000 0000 0000 0000#1626597925125767#-49.5#0.5522330836388308#9
0000 0031 2000 0000 0000 0000#1626597925126860#-50.5#1.509437095279471#9
0000 002E 2000 0000 0000 0000#1626597925128945#-50.5#3.1784081924990484#9
0000 0039 2000 0000 0000 0000#1626597925134040#-45.5#3.8410878928656453#9
0000 0034 2000 0000 0000 0000#1626597925135089#-48.5#5.988660995905543#9
0000 0035 2000 0000 0000 0000#1626597925136379#-46.0#5.21553467881118#9
0000 0031 2000 0000 0000 0000#1626597925137679#-50.5#1.509437095279471#9
FFFF FFFF FFFF FFFF FFFF FFFF#1626597925138972#-68.5#0.5951845456996288#9
0000 002F 2000 0000 0000 0000#1626597925141504#-50.5#2.6139032625571326#9
0000 0030 2000 0000 0000 0000#1626597925142572#-50.0#2.405281875404685#9
0000 0037 2000 0000 0000 0000#1626597925143592#-46.5#4.601942363656923#9
0000 003A 2000 0000 0000 0000#1626597925146805#-45.5#2.9636508821950587#9
0000 0033 2000 0000 0000 0000#1626597925147853#-49.5#0.5338253141842031#9
0000 0032 2000 0000 0000 0000#1626597925150590#-48.0#1.2210487071569704#9
0000 0038 2000 0000 0000 0000#1626597925151912#-45.0#4.338097668140593#9
0000 002E 2000 0000 0000 0000#1626597925152994#-50.5#3.184544115650591#9
0000 0036 2000 0000 0000 0000#1626597925155626#-46.5#5.049864753719531#9
0000 002D 2000 0000 0000 0000#1626597925157805#-53.0#3.411573272257666#9
0000 0039 2000 0000 0000 0000#1626597925422079#-42.5#3.77972866135022#9
0000 003A 2000 0000 0000 0000#1626597925423399#-37.0#2.8532042654672924#9
0000 0035 2000 0000 0000 0000#1626597925425417#-48.0#5.970253226450915#9
0000 0032 2000 0000 0000 0000#1626597925426575#-45.5#1.9880391010997909#9
0000 0037 2000 0000 0000 0000#1626597925427866#-46.5#4.908738521234052#9
0000 0031 2000 0000 0000 0000#1626597925429465#-47.0#2.2150682577068657#9
0000 003B 2000 0000 0000 0000#1626597925430590#-49.5#3.411573272257666#9
0000 002D 2000 0000 0000 0000#1626597925431669#-51.0#3.792000507653305#9
0000 002E 2000 0000 0000 0000#1626597925432738#-48.0#3.6140587362585705#9
0000 0038 2000 0000 0000 0000#1626597925434726#-44.5#4.448544284868359#9
0000 0033 2000 0000 0000 0000#1626597925436514#-48.0#1.533980787885641#9
FFFF FFFF FFFF FFFF FFFF FFFF#1626597925438774#-68.0#0.21475731030398976#9
0000 0036 2000 0000 0000 0000#1626597925440420#-48.0#5.780039608753096#9
0000 0034 2000 0000 0000 0000#1626597925441452#-49.5#0.803805932852076#9
0000 002F 2000 0000 0000 0000#1626597925443898#-48.0#3.227495577711389#9
0000 0030 2000 0000 0000 0000#1626597925446065#-47.5#2.9697868053466014#9
0000 0037 2000 0000 0000 0000#1626597925450668#-46.5#4.9823695990525625#9
0000 0033 2000 0000 0000 0000#1626597925451758#-47.5#1.6321555583103222#9
0000 0036 2000 0000 0000 0000#1626597925453774#-48.0#5.835262917116979#9
0000 0039 2000 0000 0000 0000#1626597925455128#-42.0#3.877903431774901#9
0000 0034 2000 0000 0000 0000#1626597925457115#-48.5#0.9081166264282996#9
0000 003A 2000 0000 0000 0000#1626597925458946#-36.5#2.890019804376548#9
0000 002D 2000 0000 0000 0000#1626597925460015#-51.0#3.865631585471816#9
0000 0032 2000 0000 0000 0000#1626597925461059#-46.5#2.1475731030398975#9
FFFF FFFF FFFF FFFF FFFF FFFF#1626597925462097#-68.5#0.23930100291016002#9
0000 002E 2000 0000 0000 0000#1626597925463223#-47.5#3.6754179677739964#9
0000 0035 2000 0000 0000 0000#1626597925464769#-48.5#6.215690152512618#9
0000 0031 2000 0000 0000 0000#1626597925465831#-46.5#2.3746022596469727#9
0000 002F 2000 0000 0000 0000#1626597925467124#-48.0#3.2459033471660166#9
0000 0030 2000 0000 0000 0000#1626597925468152#-47.5#3.055689729468197#9
0000 0038 2000 0000 0000 0000#1626597925473378#-44.5#4.540583132141498#9
0000 003B 2000 0000 0000 0000#1626597925474431#-47.0#3.429981041712294#9
0000 003A 2000 0000 0000 0000#1626597925740384#-34.0#3.3440781175906977#9
0000 0034 2000 0000 0000 0000#1626597925741457#-44.5#1.9634954084936207#9
0000 0033 2000 0000 0000 0000#1626597925742521#-43.0#2.478912953223196#9
0000 002E 2000 0000 0000 0000#1626597925745223#-45.0#4.0987966652304335#9
0000 003B 2000 0000 0000 0000#1626597925746305#-40.5#3.650874275167826#9
0000 0037 2000 0000 0000 0000#1626597925747368#-48.5#0.030679615757712823#9
0000 002D 2000 0000 0000 0000#1626597925748678#-48.5#4.289010282928253#9
0000 0031 2000 0000 0000 0000#1626597925750029#-43.0#3.0127382674073995#9
0000 002F 2000 0000 0000 0000#1626597925751107#-45.0#3.767456815047135#9
0000 0039 2000 0000 0000 0000#1626597925752723#-41.5#4.552854978444583#9
0000 0030 2000 0000 0000 0000#1626597925754087#-44.0#3.6079228131070282#9
0000 0036 2000 0000 0000 0000#1626597925756004#-47.0#1.0737865515199487#9
FFFF FFFF FFFF FFFF FFFF FFFF#1626597925757540#-68.5#6.0991076126333095#9
0000 0035 2000 0000 0000 0000#1626597925758868#-46.0#1.2946797849754812#9
0000 0038 2000 0000 0000 0000#1626597925759880#-46.0#5.559146375297564#9
0000 0032 2000 0000 0000 0000#1626597925760956#-42.5#2.859340188618835#9
0000 002F 2000 0000 0000 0000#1626597925766003#-45.0#3.767456815047135#9
0000 0037 2000 0000 0000 0000#1626597925767321#-48.0#0.15339807878856412#9
0000 003B 2000 0000 0000 0000#1626597925768603#-40.5#3.706097583531709#9
0000 0035 2000 0000 0000 0000#1626597925769965#-45.5#1.380582709097077#9
0000 002D 2000 0000 0000 0000#1626597925772001#-48.0#4.325825821837508#9
0000 002E 2000 0000 0000 0000#1626597925773045#-45.0#4.135612204139688#9
0000 0034 2000 0000 0000 0000#1626597925774361#-44.0#2.055534255766759#9
0000 0033 2000 0000 0000 0000#1626597925775447#-43.0#2.5832236467994196#9
0000 0032 2000 0000 0000 0000#1626597925776967#-42.5#2.9022916506796332#9
0000 0030 2000 0000 0000 0000#1626597925778052#-43.5#3.650874275167826#9
0000 0039 2000 0000 0000 0000#1626597925779061#-42.0#4.669437518323892#9
0000 003A 2000 0000 0000 0000#1626597925780171#-33.5#3.4913402732277192#9
0000 0038 2000 0000 0000 0000#1626597925781236#-46.0#5.663457068873787#9
0000 0036 2000 0000 0000 0000#1626597925783964#-46.5#1.1965050145508#9
0000 0031 2000 0000 0000 0000#1626597925785629#-43.5#3.0925052683774528#9
FFFF FFFF FFFF FFFF FFFF FFFF#1626597925789795#-68.5#6.215690152512618#9
0000 0035 2000 0000 0000 0000#1626597926052892#-42.0#1.7732817907958012#9
0000 0036 2000 0000 0000 0000#1626597926054211#-43.5#1.6321555583103222#9
0000 002F 2000 0000 0000 0000#1626597926055760#-43.5#3.77972866135022#9
0000 0039 2000 0000 0000 0000#1626597926057809#-41.5#5.411884219660542#9
0000 0030 2000 0000 0000 0000#1626597926058852#-42.0#3.650874275167826#9
0000 0031 2000 0000 0000 0000#1626597926060698#-41.5#3.1784081924990484#9
0000 0034 2000 0000 0000 0000#1626597926062255#-41.5#2.2886993355253766#9
0000 003A 2000 0000 0000 0000#1626597926064045#-33.5#4.086524818927348#9
0000 002E 2000 0000 0000 0000#1626597926065157#-44.0#4.074252972624263#9
0000 0032 2000 0000 0000 0000#1626597926067150#-41.0#3.055689729468197#9
0000 0033 2000 0000 0000 0000#1626597926068453#-40.5#2.7857091108003242#9
0000 002D 2000 0000 0000 0000#1626597926070631#-47.5#4.215379205109742#9
0000 0038 2000 0000 0000 0000#1626597926072081#-44.5#0.28838838812250056#9
0000 0037 2000 0000 0000 0000#1626597926073157#-45.0#0.9940195505498954#9
0000 003B 2000 0000 0000 0000#1626597926075168#-39.5#4.172427743048944#9
0000 0031 2000 0000 0000 0000#1626597926082499#-41.0#3.215223731408304#9
0000 0039 2000 0000 0000 0000#1626597926083569#-41.5#5.546874528994478#9
0000 0037 2000 0000 0000 0000#1626597926085843#-44.5#1.0062913968529805#9
0000 002F 2000 0000 0000 0000#1626597926086935#-43.5#3.816544200259475#9
0000 0033 2000 0000 0000 0000#1626597926088012#-40.5#2.82252464970958#9
0000 003B 2000 0000 0000 0000#1626597926089052#-39.0#4.239922897715912#9
0000 002D 2000 0000 0000 0000#1626597926090090#-47.5#4.295146206079795#9
0000 002E 2000 0000 0000 0000#1626597926091472#-44.0#4.09266074207889#9
0000 0038 2000 0000 0000 0000#1626597926093152#-44.5#0.37429131224409645#9
0000 003A 2000 0000 0000 0000#1626597926094174#-33.5#4.23378697456437#9
0000 0035 2000 0000 0000 0000#1626597926095223#-41.5#1.8837284075235674#9
0000 0034 2000 0000 0000 0000#1626597926097933#-41.0#2.399145952253143#9
0000 0036 2000 0000 0000 0000#1626597926099241#-43.0#1.761009944492716#9
0000 0032 2000 0000 0000 0000#1626597926101547#-41.0#3.11091303783208#9
0000 0030 2000 0000 0000 0000#1626597926102633#-42.0#3.730641276137879#9
0000 0031 2000 0000 0000 0000#1626597926366443#-39.0#4.755340442445488#9
0000 003B 2000 0000 0000 0000#1626597926367951#-39.0#0.030679615757712823#9
0000 0036 2000 0000 0000 0000#1626597926368986#-40.5#3.429981041712294#9
FFFF FFFF FFFF FFFF FFFF FFFF#1626597926370038#-69.0#0.5092816215780329#9
0000 002D 2000 0000 0000 0000#1626597926371128#-46.5#5.546874528994478#9
0000 0038 2000 0000 0000 0000#1626597926372652#-41.5#2.3009711818284617#9
0000 002E 2000 0000 0000 0000#1626597926373779#-43.0#5.442563835418255#9
0000 0035 2000 0000 0000 0000#1626597926375783#-39.0#3.56497135104623#9
0000 0030 2000 0000 0000 0000#1626597926376852#-40.0#5.1725832167503825#9
0000 0037 2000 0000 0000 0000#1626597926377934#-41.0#2.8102528034064944#9
0000 002F 2000 0000 0000 0000#1626597926379265#-41.0#5.246214294568893#9
0000 0034 2000 0000 0000 0000#1626597926381509#-39.0#4.031301510563465#9
0000 003A 2000 0000 0000 0000#1626597926382761#-32.0#0.15339807878856412#9
0000 0032 2000 0000 0000 0000#1626597926384035#-38.5#4.6878452877785195#9
0000 0039 2000 0000 0000 0000#1626597926387328#-38.5#1.4603497100671303#9
0000 0033 2000 0000 0000 0000#1626597926389000#-38.0#4.485359823777615#9
FFFF FFFF FFFF FFFF FFFF FFFF#1626597926393754#-69.5#0.2761165418194154#9
0000 0033 2000 0000 0000 0000#1626597926395538#-38.0#4.4976316700806995#9
0000 003A 2000 0000 0000 0000#1626597926397124#-32.0#0.21475731030398976#9
0000 0036 2000 0000 0000 0000#1626597926398459#-40.0#3.485204350076177#9
0000 0034 2000 0000 0000 0000#1626597926400762#-38.5#4.06811704947272#9
0000 0032 2000 0000 0000 0000#1626597926401842#-38.5#4.724660826687775#9
0000 002D 2000 0000 0000 0000#1626597926403406#-46.5#5.565282298449106#9
0000 0035 2000 0000 0000 0000#1626597926404426#-39.0#3.6263305825616556#9
0000 0030 2000 0000 0000 0000#1626597926405483#-40.0#5.203262832508095#9
0000 0031 2000 0000 0000 0000#1626597926406554#-38.5#4.81056375080937#9
0000 0037 2000 0000 0000 0000#1626597926408816#-41.0#2.8838838812250054#9
0000 0039 2000 0000 0000 0000#1626597926411708#-39.0#1.5155730184310134#9
0000 002F 2000 0000 0000 0000#1626597926413169#-41.0#5.295301679781233#9
0000 002E 2000 0000 0000 0000#1626597926414223#-43.0#5.47937937432751#9
0000 003B 2000 0000 0000 0000#1626597926415290#-38.0#0.2270291566070749#9
0000 0038 2000 0000 0000 0000#1626597926416871#-40.5#2.405281875404685#9
0000 0031 2000 0000 0000 0000#1626597926681252#-37.0#5.006913291658733#9
0000 0039 2000 0000 0000 0000#1626597926682551#-35.5#2.110757564130642#9
0000 002F 2000 0000 0000 0000#1626597926683871#-40.5#5.387340527054372#9
FFFF FFFF FFFF FFFF FFFF FFFF#1626597926684922#-68.0#6.068427996875596#9
0000 0035 2000 0000 0000 0000#1626597926686257#-37.0#3.9392626632903265#9
0000 0030 2000 0000 0000 0000#1626597926687759#-39.5#5.338253141842031#9
0000 002D 2000 0000 0000 0000#1626597926689065#-46.0#5.583690067903734#9
0000 0032 2000 0000 0000 0000#1626597926691568#-36.5#4.95168998329485#9
0000 0037 2000 0000 0000 0000#1626597926693358#-38.0#3.2888548092268146#9
0000 003B 2000 0000 0000 0000#1626597926694338#-36.0#1.0676506283684062#9
0000 0034 2000 0000 0000 0000#1626597926695403#-36.0#4.374913207049849#9
0000 0038 2000 0000 0000 0000#1626597926696783#-37.5#2.84706834231575#9
0000 003A 2000 0000 0000 0000#1626597926697861#-29.0#1.086058397823034#9
0000 002E 2000 0000 0000 0000#1626597926699425#-42.0#5.5284667595398505#9
0000 0036 2000 0000 0000 0000#1626597926702200#-38.0#3.847223816017188#9
0000 0033 2000 0000 0000 0000#1626597926704962#-36.5#4.792155981354743#9
0000 0035 2000 0000 0000 0000#1626597926708506#-37.0#3.9760782021995817#9
0000 0031 2000 0000 0000 0000#1626597926709773#-37.0#5.043728830567988#9
0000 003A 2000 0000 0000 0000#1626597926711330#-29.0#1.1228739367322893#9
0000 0034 2000 0000 0000 0000#1626597926712424#-36.0#4.3933209765044765#9
0000 002E 2000 0000 0000 0000#1626597926713464#-42.0#5.534602682691394#9
0000 003B 2000 0000 0000 0000#1626597926715528#-36.0#1.1228739367322893#9
0000 002D 2000 0000 0000 0000#1626597926717658#-46.0#5.583690067903734#9
0000 0032 2000 0000 0000 0000#1626597926718903#-36.5#5.00077736850719#9
0000 0036 2000 0000 0000 0000#1626597926720480#-38.0#3.890175278077986#9
0000 0030 2000 0000 0000 0000#1626597926723243#-39.5#5.393476450205914#9
0000 002F 2000 0000 0000 0000#1626597926724623#-40.5#5.436427912266712#9
0000 0037 2000 0000 0000 0000#1626597926734938#-38.0#2.9206994201342606#9
0000 0039 2000 0000 0000 0000#1626597926735991#-35.0#1.859184714917397#9
0000 0033 2000 0000 0000 0000#1626597926737520#-36.5#4.442408361716817#9
FFFF FFFF FFFF FFFF FFFF FFFF#1626597926741193#-68.5#5.473243451175968#9
0000 0038 2000 0000 0000 0000#1626597926742614#-36.5#2.552544031041707#9
FFFF FFFF FFFF FFFF FFFF FFFF#1626597927010563#-68.5#5.767767762450011#9
0000 002E 2000 0000 0000 0000#1626597927011888#-42.5#5.497787143782138#9
0000 0039 2000 0000 0000 0000#1626597927013695#-32.5#2.791845033951867#9
0000 0032 2000 0000 0000 0000#1626597927015298#-36.5#5.184855063053467#9
0000 0030 2000 0000 0000 0000#1626597927017909#-40.0#5.473243451175968#9
0000 002D 2000 0000 0000 0000#1626597927019003#-46.5#5.485515297479052#9
0000 0037 2000 0000 0000 0000#1626597927021278#-36.0#3.7122335066832517#9
0000 002F 2000 0000 0000 0000#1626597927022313#-41.0#5.47937937432751#9
0000 003A 2000 0000 0000 0000#1626597927023333#-26.5#2.018718716857504#9
0000 003B 2000 0000 0000 0000#1626597927028322#-33.5#2.12916533358527#9
0000 0033 2000 0000 0000 0000#1626597927029398#-36.0#5.074408446325701#9
0000 0038 2000 0000 0000 0000#1626597927030721#-34.5#3.411573272257666#9
0000 0035 2000 0000 0000 0000#1626597927031841#-35.0#4.295146206079795#9
0000 0031 2000 0000 0000 0000#1626597927032908#-37.0#5.2339424482658075#9
0000 0036 2000 0000 0000 0000#1626597927034072#-36.0#4.215379205109742#9
0000 0034 2000 0000 0000 0000#1626597927035678#-36.0#4.706253057233147#9
0000 003A 2000 0000 0000 0000#1626597927040389#-26.5#2.073942025221387#9
0000 0032 2000 0000 0000 0000#1626597927043850#-35.0#5.184855063053467#9
0000 0031 2000 0000 0000 0000#1626597927044900#-37.0#5.240078371417351#9
0000 002D 2000 0000 0000 0000#1626597927045950#-46.5#5.4671075280244255#9
0000 0038 2000 0000 0000 0000#1626597927046960#-34.5#3.4606606574700063#9
0000 0034 2000 0000 0000 0000#1626597927048606#-35.0#4.71238898038469#9
0000 0039 2000 0000 0000 0000#1626597927049674#-32.5#2.890019804376548#9
0000 002E 2000 0000 0000 0000#1626597927052217#-42.5#5.485515297479052#9
0000 003B 2000 0000 0000 0000#1626597927053271#-33.5#2.2457478734645786#9
0000 0035 2000 0000 0000 0000#1626597927054320#-35.5#4.331961744989051#9
0000 0037 2000 0000 0000 0000#1626597927055399#-36.0#3.785864584501762#9
FFFF FFFF FFFF FFFF FFFF FFFF#1626597927056476#-68.0#5.9518454569962875#9
0000 0036 2000 0000 0000 0000#1626597927057729#-36.0#4.252194744018997#9
0000 0030 2000 0000 0000 0000#1626597927059174#-40.0#5.50392306693368#9
0000 0033 2000 0000 0000 0000#1626597927060475#-36.5#5.111223985234957#9
0000 002F 2000 0000 0000 0000#1626597927061526#-40.5#5.485515297479052#9
0000 0038 2000 0000 0000 0000#1626597927325390#-34.0#3.356349963893783#9
0000 002D 2000 0000 0000 0000#1626597927326743#-48.0#4.798291904506286#9
0000 0030 2000 0000 0000 0000#1626597927329408#-40.5#5.013049214810275#9
0000 0034 2000 0000 0000 0000#1626597927330457#-36.5#4.466952054322987#9
0000 0031 2000 0000 0000 0000#1626597927339771#-38.0#5.056000676871073#9
0000 0033 2000 0000 0000 0000#1626597927341077#-37.0#5.00077736850719#9
FFFF FFFF FFFF FFFF FFFF FFFF#1626597927342353#-69.0#5.295301679781233#9
0000 003A 2000 0000 0000 0000#1626597927343691#-26.0#2.4727770300716534#9
0000 0035 2000 0000 0000 0000#1626597927345996#-35.5#4.325825821837508#9
0000 0036 2000 0000 0000 0000#1626597927347047#-36.0#4.264466590322082#9
0000 003B 2000 0000 0000 0000#1626597927348309#-32.5#2.742757648739526#9
0000 0039 2000 0000 0000 0000#1626597927349708#-32.0#3.153864499892878#9
0000 0037 2000 0000 0000 0000#1626597927351057#-36.0#3.8410878928656453#9
0000 0032 2000 0000 0000 0000#1626597927352586#-37.5#5.062136600022616#9
0000 002F 2000 0000 0000 0000#1626597927353609#-41.5#5.129631754689584#9
0000 002E 2000 0000 0000 0000#1626597927355035#-43.5#5.0682725231741586#9
0000 0032 2000 0000 0000 0000#1626597927359667#-38.0#5.056000676871073#9
0000 003B 2000 0000 0000 0000#1626597927361489#-32.5#2.773437264497239#9
0000 0031 2000 0000 0000 0000#1626597927362570#-38.0#5.049864753719531#9
0000 002F 2000 0000 0000 0000#1626597927363916#-41.5#5.135767677841127#9
0000 003A 2000 0000 0000 0000#1626597927365689#-25.5#2.5280003384355365#9
0000 002E 2000 0000 0000 0000#1626597927366732#-43.5#5.043728830567988#9
0000 0039 2000 0000 0000 0000#1626597927368511#-32.0#3.1906800388021335#9
FFFF FFFF FFFF FFFF FFFF FFFF#1626597927369549#-70.0#5.3627968344482015#9
0000 0030 2000 0000 0000 0000#1626597927370589#-40.5#5.190990986205009#9
0000 0034 2000 0000 0000 0000#1626597927372162#-37.0#4.6878452877785195#9
0000 0036 2000 0000 0000 0000#1626597927374445#-36.0#4.289010282928253#9
0000 0033 2000 0000 0000 0000#1626597927375819#-37.5#5.013049214810275#9
0000 0038 2000 0000 0000 0000#1626597927379080#-34.0#3.6447383520162835#9
0000 002D 2000 0000 0000 0000#1626597927380202#-48.0#4.92714629068868#9
0000 0035 2000 0000 0000 0000#1626597927382399#-35.5#4.338097668140593#9
0000 0037 2000 0000 0000 0000#1626597927383508#-36.0#3.890175278077986#9
0000 003B 2000 0000 0000 0000#1626597927647653#-31.5#4.246058820867455#9
0000 0033 2000 0000 0000 0000#1626597927648984#-38.5#5.7616318392984684#9
0000 002E 2000 0000 0000 0000#1626597927651517#-45.5#5.5284667595398505#9
0000 003A 2000 0000 0000 0000#1626597927652794#-26.0#3.902447124381071#9
0000 0039 2000 0000 0000 0000#1626597927654859#-31.0#4.417864669110647#9
0000 0038 2000 0000 0000 0000#1626597927656878#-34.0#4.755340442445488#9
0000 0030 2000 0000 0000 0000#1626597927658135#-42.0#5.798447378207723#9
0000 002F 2000 0000 0000 0000#1626597927659181#-43.5#5.681864838328415#9
0000 002D 2000 0000 0000 0000#1626597927660522#-49.5#5.338253141842031#9
0000 0034 2000 0000 0000 0000#1626597927661584#-37.5#5.47937937432751#9
0000 0036 2000 0000 0000 0000#1626597927662903#-36.0#5.197126909356553#9
0000 0037 2000 0000 0000 0000#1626597927664165#-35.0#4.896466674930966#9
0000 0031 2000 0000 0000 0000#1626597927665816#-39.5#5.688000761479957#9
0000 0032 2000 0000 0000 0000#1626597927666895#-39.0#5.730952223540755#9
0000 0035 2000 0000 0000 0000#1626597927671508#-35.5#5.209398755659637#9
0000 0037 2000 0000 0000 0000#1626597927676547#-35.0#4.92714629068868#9
0000 003A 2000 0000 0000 0000#1626597927677977#-26.0#3.9392626632903265#9
0000 0032 2000 0000 0000 0000#1626597927678982#-39.0#5.71868037723767#9
0000 0034 2000 0000 0000 0000#1626597927680031#-37.5#5.473243451175968#9
0000 002E 2000 0000 0000 0000#1626597927681891#-46.0#5.491651220630596#9
0000 0039 2000 0000 0000 0000#1626597927683001#-31.0#4.454680208019902#9
0000 003B 2000 0000 0000 0000#1626597927685008#-31.5#4.313553975534423#9
0000 0033 2000 0000 0000 0000#1626597927686339#-38.5#5.730952223540755#9
0000 002F 2000 0000 0000 0000#1626597927687713#-43.5#5.626641529964532#9
0000 0031 2000 0000 0000 0000#1626597927688740#-40.0#5.675728915176872#9
0000 0036 2000 0000 0000 0000#1626597927689848#-36.0#5.184855063053467#9
0000 0035 2000 0000 0000 0000#1626597927691350#-35.5#5.21553467881118#9
0000 0038 2000 0000 0000 0000#1626597927692345#-33.5#4.7860200582032#9
0000 0030 2000 0000 0000 0000#1626597927693558#-42.5#5.743224069843841#9
0000 002D 2000 0000 0000 0000#1626597927695109#-49.5#5.295301679781233#9
0000 0032 2000 0000 0000 0000#1626597927959455#-40.5#4.779884135051658#9
0000 003B 2000 0000 0000 0000#1626597927961563#-32.0#4.289010282928253#9
0000 0038 2000 0000 0000 0000#1626597927962614#-33.5#4.399456899656019#9
0000 0035 2000 0000 0000 0000#1626597927964636#-36.5#4.522175362686871#9
0000 0030 2000 0000 0000 0000#1626597927965682#-44.5#4.724660826687775#9
0000 0037 2000 0000 0000 0000#1626597927967019#-35.5#4.399456899656019#9
0000 003A 2000 0000 0000 0000#1626597927968277#-26.0#3.761320891895592#9
0000 0033 2000 0000 0000 0000#1626597927969280#-40.0#4.8351074434155406#9
0000 0039 2000 0000 0000 0000#1626597927970638#-31.5#4.166291819897402#9
0000 0031 2000 0000 0000 0000#1626597927972029#-42.0#4.663301595172349#9
0000 0034 2000 0000 0000 0000#1626597927973622#-38.0#4.669437518323892#9
0000 0036 2000 0000 0000 0000#1626597927974701#-37.0#4.540583132141498#9
0000 002F 2000 0000 0000 0000#1626597927975735#-45.5#4.577398671050753#9
0000 002E 2000 0000 0000 0000#1626597927977046#-47.5#4.368777283898306#9
0000 002D 2000 0000 0000 0000#1626597927978549#-51.5#4.2092432819582#9
0000 0031 2000 0000 0000 0000#1626597927984693#-42.0#4.651029748869264#9
0000 002E 2000 0000 0000 0000#1626597927986530#-47.5#4.331961744989051#9
0000 003A 2000 0000 0000 0000#1626597927987714#-24.5#3.7551849687440497#9
0000 0036 2000 0000 0000 0000#1626597927988797#-37.0#4.540583132141498#9
0000 0035 2000 0000 0000 0000#1626597927990123#-36.5#4.503767593232243#9
0000 0033 2000 0000 0000 0000#1626597927991251#-39.0#4.798291904506286#9
0000 0032 2000 0000 0000 0000#1626597927992301#-41.0#4.706253057233147#9
0000 002D 2000 0000 0000 0000#1626597927993580#-52.0#4.172427743048944#9
0000 0038 2000 0000 0000 0000#1626597927995635#-33.5#4.399456899656019#9
0000 002F 2000 0000 0000 0000#1626597927997328#-45.5#4.509903516383785#9
0000 0030 2000 0000 0000 0000#1626597927998640#-44.5#4.669437518323892#9
0000 003B 2000 0000 0000 0000#1626597927999721#-32.0#4.338097668140593#9
0000 0039 2000 0000 0000 0000#1626597928004008#-31.0#4.196971435655114#9
0000 0034 2000 0000 0000 0000#1626597928005397#-38.0#4.651029748869264#9
0000 0037 2000 0000 0000 0000#1626597928006446#-35.0#4.381049130201391#9
0000 0031 2000 0000 0000 0000#1626597928271406#-43.0#4.319689898685965#9
0000 003A 2000 0000 0000 0000#1626597928273466#-25.5#4.0987966652304335#9
0000 0033 2000 0000 0000 0000#1626597928274556#-40.5#4.546719055293041#9
0000 0036 2000 0000 0000 0000#1626597928275648#-36.0#4.411728745959104#9
0000 0039 2000 0000 0000 0000#1626597928276745#-30.5#4.3503695144436785#9
0000 0034 2000 0000 0000 0000#1626597928277901#-36.5#4.448544284868359#9
0000 0032 2000 0000 0000 0000#1626597928279033#-40.5#4.424000592262189#9
0000 0037 2000 0000 0000 0000#1626597928280582#-34.0#4.381049130201391#9
0000 002F 2000 0000 0000 0000#1626597928281869#-48.0#4.0987966652304335#9
0000 0038 2000 0000 0000 0000#1626597928282936#-32.5#4.442408361716817#9
0000 003B 2000 0000 0000 0000#1626597928284189#-32.5#4.755340442445488#9
0000 0030 2000 0000 0000 0000#1626597928285245#-46.5#4.3074180523828804#9
0000 002D 2000 0000 0000 0000#1626597928286312#-55.0#3.5588354278946874#9
0000 0035 2000 0000 0000 0000#1626597928288829#-35.5#4.344233591292136#9
0000 002E 2000 0000 0000 0000#1626597928289925#-51.0#3.785864584501762#9
0000 002E 2000 0000 0000 0000#1626597928295446#-51.0#3.77972866135022#9
0000 0032 2000 0000 0000 0000#1626597928296978#-41.5#4.381049130201391#9
0000 002D 2000 0000 0000 0000#1626597928298329#-55.0#3.509748042682347#9
0000 0038 2000 0000 0000 0000#1626597928299869#-33.0#4.430136515413731#9
0000 002F 2000 0000 0000 0000#1626597928301201#-48.5#4.080388895775806#9
0000 0037 2000 0000 0000 0000#1626597928302494#-34.0#4.368777283898306#9
0000 0035 2000 0000 0000 0000#1626597928304025#-35.5#4.313553975534423#9
0000 0039 2000 0000 0000 0000#1626597928306287#-30.5#4.344233591292136#9
0000 0036 2000 0000 0000 0000#1626597928307336#-36.0#4.374913207049849#9
0000 003B 2000 0000 0000 0000#1626597928308887#-32.0#4.76147636559703#9
0000 003A 2000 0000 0000 0000#1626597928309935#-25.5#4.111068511533518#9
0000 0034 2000 0000 0000 0000#1626597928311480#-37.5#4.399456899656019#9
0000 0031 2000 0000 0000 0000#1626597928313969#-43.5#4.227651051412827#9
0000 0030 2000 0000 0000 0000#1626597928315553#-46.5#4.215379205109742#9
0000 0033 2000 0000 0000 0000#1626597928317269#-40.5#4.473087977474529#9
0000 0034 2000 0000 0000 0000#1626597928582181#-39.0#3.472932503773092#9
0000 0033 2000 0000 0000 0000#1626597928583243#-43.0#3.454524734318464#9
0000 0038 2000 0000 0000 0000#1626597928584311#-33.0#3.816544200259475#9
0000 0030 2000 0000 0000 0000#1626597928586302#-50.0#2.8961557275280905#9
0000 0039 2000 0000 0000 0000#1626597928587372#-31.0#3.822680123411018#9
0000 002E 2000 0000 0000 0000#1626597928590087#-54.0#2.2396119503130363#9
0000 002D 2000 0000 0000 0000#1626597928591157#-58.0#1.8775924843720249#9
0000 003A 2000 0000 0000 0000#1626597928593186#-25.5#3.6815538909255388#9
0000 0031 2000 0000 0000 0000#1626597928594250#-46.5#2.9759227284981438#9
0000 003B 2000 0000 0000 0000#1626597928595773#-31.0#4.4976316700806995#9
0000 002F 2000 0000 0000 0000#1626597928597120#-51.0#2.6016314162540475#9
0000 0032 2000 0000 0000 0000#1626597928598435#-45.0#3.141592653589793#9
0000 0035 2000 0000 0000 0000#1626597928600129#-36.5#3.4177091954092087#9
0000 0037 2000 0000 0000 0000#1626597928602747#-34.5#3.6324665057131984#9
0000 0036 2000 0000 0000 0000#1626597928604381#-36.5#3.5342917352885173#9
0000 0039 2000 0000 0000 0000#1626597928609031#-31.0#3.816544200259475#9
0000 002E 2000 0000 0000 0000#1626597928610155#-54.0#2.1475731030398975#9
0000 0038 2000 0000 0000 0000#1626597928612174#-33.0#3.767456815047135#9
0000 0037 2000 0000 0000 0000#1626597928614332#-34.5#3.6017868899554855#9
0000 0036 2000 0000 0000 0000#1626597928615612#-36.5#3.509748042682347#9
0000 0031 2000 0000 0000 0000#1626597928616662#-46.5#2.9022916506796332#9
0000 002D 2000 0000 0000 0000#1626597928617941#-58.0#1.7671458676442586#9
0000 0033 2000 0000 0000 0000#1626597928619017#-43.0#3.3379421944391554#9
0000 0034 2000 0000 0000 0000#1626597928620309#-39.0#3.3747577333484107#9
0000 0035 2000 0000 0000 0000#1626597928622297#-36.5#3.3747577333484107#9
0000 003A 2000 0000 0000 0000#1626597928623373#-25.5#3.6876898140770815#9
0000 003B 2000 0000 0000 0000#1626597928625053#-31.0#4.509903516383785#9
0000 002F 2000 0000 0000 0000#1626597928626102#-51.0#2.509592568980909#9
0000 0030 2000 0000 0000 0000#1626597928627413#-50.0#2.7550294950426117#9
0000 0032 2000 0000 0000 0000#1626597928629316#-45.0#3.0372819600135696#9
0000 003B 2000 0000 0000 0000#1626597928893657#-30.5#5.240078371417351#9
0000 0030 2000 0000 0000 0000#1626597928894698#-52.0#2.386874105950058#9
0000 003A 2000 0000 0000 0000#1626597928895760#-24.5#4.3503695144436785#9
0000 0034 2000 0000 0000 0000#1626597928897292#-39.5#3.436116964863836#9
0000 0032 2000 0000 0000 0000#1626597928899804#-46.0#2.84706834231575#9
0000 0033 2000 0000 0000 0000#1626597928900866#-44.0#3.227495577711389#9
0000 0036 2000 0000 0000 0000#1626597928901930#-37.0#3.6876898140770815#9
0000 002D 2000 0000 0000 0000#1626597928902979#-58.0#1.141281706186917#9
0000 0039 2000 0000 0000 0000#1626597928904762#-30.0#4.319689898685965#9
0000 0031 2000 0000 0000 0000#1626597928905811#-47.5#2.5954954931025047#9
0000 002F 2000 0000 0000 0000#1626597928908002#-52.5#2.0371264863121317#9
0000 0038 2000 0000 0000 0000#1626597928909067#-32.5#4.178563666200486#9
0000 0037 2000 0000 0000 0000#1626597928910132#-35.5#3.9147189706841563#9
0000 0035 2000 0000 0000 0000#1626597928911696#-37.0#3.5036121195308043#9
0000 002E 2000 0000 0000 0000#1626597928914743#-55.5#1.4051264017032472#9
0000 002D 2000 0000 0000 0000#1626597928920765#-57.0#1.0185632431560658#9
0000 003B 2000 0000 0000 0000#1626597928923418#-30.5#5.2339424482658075#9
0000 003A 2000 0000 0000 0000#1626597928924779#-24.5#4.344233591292136#9
0000 0030 2000 0000 0000 0000#1626597928925805#-51.5#2.2089323345553233#9
0000 0032 2000 0000 0000 0000#1626597928926853#-46.0#2.718213956133356#9
0000 002E 2000 0000 0000 0000#1626597928927878#-55.0#1.337631247036279#9
0000 0034 2000 0000 0000 0000#1626597928928908#-39.5#3.3318062712876126#9
0000 0038 2000 0000 0000 0000#1626597928930461#-32.5#4.147884050442774#9
0000 0037 2000 0000 0000 0000#1626597928931482#-35.0#3.8410878928656453#9
0000 002F 2000 0000 0000 0000#1626597928932772#-53.0#1.945087639038993#9
0000 0035 2000 0000 0000 0000#1626597928933851#-37.0#3.442252888015379#9
0000 0036 2000 0000 0000 0000#1626597928935029#-37.0#3.6079228131070282#9
0000 0039 2000 0000 0000 0000#1626597928937004#-30.0#4.264466590322082#9
0000 0031 2000 0000 0000 0000#1626597928938026#-48.0#2.435961491162398#9
0000 0033 2000 0000 0000 0000#1626597928939958#-44.5#3.055689729468197#9
0000 0036 2000 0000 0000 0000#1626597929205371#-39.0#2.2396119503130363#9
0000 002D 2000 0000 0000 0000#1626597929206666#-47.0#4.638757902566179#9
0000 0038 2000 0000 0000 0000#1626597929208428#-34.5#2.9145634969827183#9
0000 0035 2000 0000 0000 0000#1626597929209494#-38.5#2.030990563160589#9
0000 0034 2000 0000 0000 0000#1626597929210512#-41.5#1.8285050991596843#9
0000 0039 2000 0000 0000 0000#1626597929211522#-32.5#3.141592653589793#9
0000 0032 2000 0000 0000 0000#1626597929212783#-49.0#0.8528933180644165#9
0000 002F 2000 0000 0000 0000#1626597929213860#-50.0#5.5100589900852235#9
0000 0033 2000 0000 0000 0000#1626597929214878#-47.0#1.3989904785517047#9
0000 002E 2000 0000 0000 0000#1626597929216405#-45.5#4.693981210930062#9
0000 0037 2000 0000 0000 0000#1626597929217966#-36.5#2.5341362615870793#9
FFFF FFFF FFFF FFFF FFFF FFFF#1626597929219529#-69.5#6.14819499784565#9
0000 003A 2000 0000 0000 0000#1626597929221044#-26.5#3.2827188860752723#9
0000 003B 2000 0000 0000 0000#1626597929222823#-31.5#4.430136515413731#9
0000 0030 2000 0000 0000 0000#1626597929225859#-50.5#5.767767762450011#9
0000 0031 2000 0000 0000 0000#1626597929227766#-50.0#0.4356505437595221#9
0000 003A 2000 0000 0000 0000#1626597929232666#-26.5#3.2704470397721868#9
0000 003B 2000 0000 0000 0000#1626597929234005#-31.5#4.417864669110647#9
0000 0039 2000 0000 0000 0000#1626597929236141#-32.5#3.0925052683774528#9
0000 0035 2000 0000 0000 0000#1626597929237457#-39.0#1.9696313316451632#9
0000 0032 2000 0000 0000 0000#1626597929238736#-49.0#0.7301748550335652#9
0000 0037 2000 0000 0000 0000#1626597929239829#-36.5#2.4911847995262812#9
0000 002E 2000 0000 0000 0000#1626597929240941#-45.0#4.601942363656923#9
0000 0038 2000 0000 0000 0000#1626597929242473#-34.5#2.8409324191642074#9
0000 0031 2000 0000 0000 0000#1626597929243528#-50.5#0.3313398501832985#9
0000 002F 2000 0000 0000 0000#1626597929244591#-47.0#5.184855063053467#9
0000 0034 2000 0000 0000 0000#1626597929245640#-42.0#1.6996507129772904#9
0000 002D 2000 0000 0000 0000#1626597929247162#-47.5#4.460816131171445#9
0000 0033 2000 0000 0000 0000#1626597929248622#-47.0#1.2640001692177683#9
0000 0036 2000 0000 0000 0000#1626597929249744#-39.0#2.1046216409791#9
FFFF FFFF FFFF FFFF FFFF FFFF#1626597929251278#-69.0#6.209554229361076#9
0000 0030 2000 0000 0000 0000#1626597929253015#-49.5#5.460971604872882#9
0000 0035 2000 0000 0000 0000#1626597929520527#-42.0#1.2210487071569704#9
0000 0034 2000 0000 0000 0000#1626597929521859#-45.0#0.7853981633974483#9
0000 0031 2000 0000 0000 0000#1626597929522925#-43.5#4.651029748869264#9
0000 0032 2000 0000 0000 0000#1626597929524000#-45.0#5.105088062083414#9
0000 003A 2000 0000 0000 0000#1626597929525803#-27.5#2.816388726558037#9
0000 0036 2000 0000 0000 0000#1626597929526883#-42.0#1.4726215563702154#9
0000 0038 2000 0000 0000 0000#1626597929527907#-37.5#2.3623304133438876#9
0000 0039 2000 0000 0000 0000#1626597929529201#-34.0#2.5832236467994196#9
0000 003B 2000 0000 0000 0000#1626597929531449#-33.0#4.135612204139688#9
0000 002D 2000 0000 0000 0000#1626597929532802#-64.0#2.791845033951867#9
0000 0037 2000 0000 0000 0000#1626597929535790#-39.0#1.9144080232812801#9
0000 0030 2000 0000 0000 0000#1626597929537914#-44.0#4.2031073588066565#9
0000 0033 2000 0000 0000 0000#1626597929539361#-47.5#5.994796919057086#9
FFFF FFFF FFFF FFFF FFFF FFFF#1626597929541266#-68.0#6.2463697682703305#9
0000 002F 2000 0000 0000 0000#1626597929542553#-46.5#4.061981126321178#9
0000 002E 2000 0000 0000 0000#1626597929544020#-58.0#3.8410878928656453#9
0000 0031 2000 0000 0000 0000#1626597929547622#-42.0#4.509903516383785#9
0000 003B 2000 0000 0000 0000#1626597929548662#-33.5#4.111068511533518#9
0000 0033 2000 0000 0000 0000#1626597929549723#-47.5#5.9088939949354895#9
0000 0032 2000 0000 0000 0000#1626597929550785#-44.0#4.896466674930966#9
0000 0030 2000 0000 0000 0000#1626597929553848#-44.0#4.184699589352029#9
0000 003A 2000 0000 0000 0000#1626597929554852#-28.0#2.742757648739526#9
0000 0034 2000 0000 0000 0000#1626597929555943#-45.0#0.5951845456996288#9
0000 002D 2000 0000 0000 0000#1626597929557466#-64.5#2.6445828783148455#9
0000 002F 2000 0000 0000 0000#1626597929558742#-47.0#4.031301510563465#9
FFFF FFFF FFFF FFFF FFFF FFFF#1626597929559779#-68.5#0.018407769454627694#9
0000 002E 2000 0000 0000 0000#1626597929561048#-58.5#3.6201946594101133#9
0000 0035 2000 0000 0000 0000#1626597929562907#-42.5#1.0492428589137786#9
0000 0036 2000 0000 0000 0000#1626597929563928#-42.5#1.3069516312785663#9
0000 0039 2000 0000 0000 0000#1626597929565021#-34.5#2.5157284921324514#9
0000 0037 2000 0000 0000 0000#1626597929566603#-39.5#1.8162332528565992#9
0000 0038 2000 0000 0000 0000#1626597929570733#-37.5#2.2334760271614935#9
0000 0031 2000 0000 0000 0000#1626597929838610#-47.5#3.2336315008629315#9
0000 003B 2000 0000 0000 0000#1626597929840705#-36.5#3.098641191528995#9
0000 003A 2000 0000 0000 0000#1626597929841968#-31.0#1.7241944055834606#9
0000 0030 2000 0000 0000 0000#1626597929843051#-59.0#2.773437264497239#9
0000 0035 2000 0000 0000 0000#1626597929844113#-44.5#5.240078371417351#9
0000 0033 2000 0000 0000 0000#1626597929845218#-40.5#3.6692820446224537#9
0000 0032 2000 0000 0000 0000#1626597929846294#-44.5#3.411573272257666#9
0000 0034 2000 0000 0000 0000#1626597929847826#-41.5#4.3074180523828804#9
0000 0039 2000 0000 0000 0000#1626597929848847#-39.5#1.4603497100671303#9
0000 0038 2000 0000 0000 0000#1626597929850369#-42.5#1.030835089459151#9
0000 002F 2000 0000 0000 0000#1626597929851477#-59.5#1.8223691760081417#9
0000 0037 2000 0000 0000 0000#1626597929852870#-45.5#0.2761165418194154#9
0000 002D 2000 0000 0000 0000#1626597929854166#-60.0#5.338253141842031#9
0000 0036 2000 0000 0000 0000#1626597929855896#-46.0#5.546874528994478#9
0000 002E 2000 0000 0000 0000#1626597929856994#-61.0#6.234097921967246#9
FFFF FFFF FFFF FFFF FFFF FFFF#1626597929859032#-68.5#5.712544454086128#9
0000 0039 2000 0000 0000 0000#1626597929864905#-39.5#1.41126232485479#9
0000 0031 2000 0000 0000 0000#1626597929866869#-49.5#3.1968159619536762#9
0000 0034 2000 0000 0000 0000#1626597929867944#-41.0#4.221515128261284#9
0000 003A 2000 0000 0000 0000#1626597929869251#-31.5#1.662835174068035#9
0000 003B 2000 0000 0000 0000#1626597929870796#-36.5#3.031146036862027#9
0000 0038 2000 0000 0000 0000#1626597929871989#-43.5#0.9510680884890975#9
0000 0037 2000 0000 0000 0000#1626597929873892#-45.5#0.17794177139473438#9
0000 0035 2000 0000 0000 0000#1626597929875012#-43.5#5.013049214810275#9
0000 0032 2000 0000 0000 0000#1626597929876578#-45.5#3.399301425954581#9
0000 0033 2000 0000 0000 0000#1626597929877826#-40.5#3.6140587362585705#9
FFFF FFFF FFFF FFFF FFFF FFFF#1626597929878892#-68.0#5.724816300389213#9
0000 0036 2000 0000 0000 0000#1626597929880601#-45.5#5.3627968344482015#9
0000 0030 2000 0000 0000 0000#1626597929882740#-59.5#2.5034566458293663#9
0000 002F 2000 0000 0000 0000#1626597929884778#-60.0#1.5278448647340985#9
0000 002D 2000 0000 0000 0000#1626597929886508#-59.5#4.970097752749477#9
0000 002E 2000 0000 0000 0000#1626597929887820#-60.0#5.749359992995383#9
0000 003A 2000 0000 0000 0000#1626597930151174#-36.5#1.576932249946439#9
0000 003B 2000 0000 0000 0000#1626597930152528#-39.5#3.2029518851052186#9
0000 002F 2000 0000 0000 0000#1626597930153891#-62.0#5.681864838328415#9
0000 0034 2000 0000 0000 0000#1626597930155450#-43.0#4.295146206079795#9
0000 0035 2000 0000 0000 0000#1626597930157934#-40.0#4.479223900626073#9
0000 0032 2000 0000 0000 0000#1626597930158998#-57.0#3.098641191528995#9
0000 0038 2000 0000 0000 0000#1626597930160078#-45.0#6.227961998815704#9
FFFF FFFF FFFF FFFF FFFF FFFF#1626597930161613#-68.5#0.6442719309119693#9
0000 0039 2000 0000 0000 0000#1626597930163225#-44.0#0.8222137023067037#9
0000 0036 2000 0000 0000 0000#1626597930164303#-40.5#4.681709364626977#9
0000 0037 2000 0000 0000 0000#1626597930165408#-42.5#5.356660911296659#9
0000 002E 2000 0000 0000 0000#1626597930166469#-59.5#3.80427235395639#9
0000 0031 2000 0000 0000 0000#1626597930167773#-57.5#2.2027964114037806#9
0000 002D 2000 0000 0000 0000#1626597930173346#-58.0#3.074097498922825#9
0000 0033 2000 0000 0000 0000#1626597930174474#-52.0#3.9822141253511245#9
0000 0030 2000 0000 0000 0000#1626597930176174#-66.5#0.8958447801252144#9
0000 0032 2000 0000 0000 0000#1626597930180002#-57.0#2.9759227284981438#9
0000 0034 2000 0000 0000 0000#1626597930181305#-44.5#4.28287435977671#9
0000 0039 2000 0000 0000 0000#1626597930182360#-44.5#0.7117670855789375#9
0000 0037 2000 0000 0000 0000#1626597930184091#-42.0#5.283029833478148#9
FFFF FFFF FFFF FFFF FFFF FFFF#1626597930185187#-68.5#0.8344855486097889#9
0000 0035 2000 0000 0000 0000#1626597930186776#-40.5#4.430136515413731#9
0000 003B 2000 0000 0000 0000#1626597930187887#-40.0#3.0802334220743677#9
0000 0033 2000 0000 0000 0000#1626597930189446#-54.0#3.9208548938356986#9
0000 0030 2000 0000 0000 0000#1626597930199945#-66.5#0.35588354278946877#9
0000 0036 2000 0000 0000 0000#1626597930202904#-40.5#4.387185053352934#9
0000 0031 2000 0000 0000 0000#1626597930204225#-58.0#1.6935147898257479#9
0000 003A 2000 0000 0000 0000#1626597930205288#-37.0#1.1474176293384597#9
0000 002E 2000 0000 0000 0000#1626597930206302#-59.5#3.423845118560751#9
0000 0038 2000 0000 0000 0000#1626597930207621#-44.0#5.755495916146925#9
0000 002D 2000 0000 0000 0000#1626597930210152#-58.5#2.5954954931025047#9
0000 002F 2000 0000 0000 0000#1626597930211311#-61.0#4.945554060143307#9
0000 003A 2000 0000 0000 0000#1626597930473148#-40.5#5.485515297479052#9
0000 002E 2000 0000 0000 0000#1626597930474504#-61.5#1.1167380135807468#9
0000 003B 2000 0000 0000 0000#1626597930476055#-45.5#1.4664856332186729#9
0000 0037 2000 0000 0000 0000#1626597930477348#-46.0#4.09266074207889#9
0000 0031 2000 0000 0000 0000#1626597930479111#-58.5#4.878058905476339#9
0000 002F 2000 0000 0000 0000#1626597930480148#-60.0#2.767301341345697#9
0000 0036 2000 0000 0000 0000#1626597930482420#-51.0#3.5281558121369745#9
0000 0033 2000 0000 0000 0000#1626597930484235#-60.0#1.2640001692177683#9
0000 0030 2000 0000 0000 0000#1626597930485277#-62.5#3.773592738198677#9
0000 002D 2000 0000 0000 0000#1626597930486856#-61.0#6.12365130523948#9
0000 0039 2000 0000 0000 0000#1626597930487880#-43.0#4.847379289718626#9
0000 0034 2000 0000 0000 0000#1626597930489470#-55.5#2.3746022596469727#9
0000 0038 2000 0000 0000 0000#1626597930490536#-44.0#4.485359823777615#9
0000 0035 2000 0000 0000 0000#1626597930492467#-53.5#3.1968159619536762#9
0000 0032 2000 0000 0000 0000#1626597930493857#-60.5#5.626641529964532#9
FFFF FFFF FFFF FFFF FFFF FFFF#1626597930495762#-68.0#5.964117303299373#9
0000 0039 2000 0000 0000 0000#1626597930501157#-43.0#4.7860200582032#9
0000 0038 2000 0000 0000 0000#1626597930502451#-44.5#4.448544284868359#9
0000 0036 2000 0000 0000 0000#1626597930503757#-51.5#3.429981041712294#9
0000 0037 2000 0000 0000 0000#1626597930505546#-47.0#4.061981126321178#9
0000 002E 2000 0000 0000 0000#1626597930506676#-62.0#0.7301748550335652#9
0000 002D 2000 0000 0000 0000#1626597930508738#-60.5#5.915029918087033#9
FFFF FFFF FFFF FFFF FFFF FFFF#1626597930510727#-68.0#5.982525072754001#9
0000 0031 2000 0000 0000 0000#1626597930512087#-58.5#4.571262747899211#9
0000 003A 2000 0000 0000 0000#1626597930513123#-39.5#5.252350217720435#9
0000 002F 2000 0000 0000 0000#1626597930514695#-60.5#2.5832236467994196#9
0000 003B 2000 0000 0000 0000#1626597930515751#-45.5#1.2333205534600555#9
0000 0030 2000 0000 0000 0000#1626597930519296#-63.0#3.54042765844006#9
0000 0033 2000 0000 0000 0000#1626597930521490#-61.0#0.8651651643675016#9
0000 0035 2000 0000 0000 0000#1626597930522593#-54.0#2.9759227284981438#9
0000 0032 2000 0000 0000 0000#1626597930523811#-60.0#5.283029833478148#9
0000 0034 2000 0000 0000 0000#1626597930524814#-56.0#2.12916533358527#9
0000 0036 2000 0000 0000 0000#1626597930790112#-58.0#2.043262409463674#9
0000 0034 2000 0000 0000 0000#1626597930791204#-58.5#5.9088939949354895#9
0000 0038 2000 0000 0000 0000#1626597930792780#-51.5#4.025165587411922#9
0000 002F 2000 0000 0000 0000#1626597930793832#-61.5#0.4479223900626072#9
0000 003A 2000 0000 0000 0000#1626597930795091#-39.5#4.522175362686871#9
0000 002D 2000 0000 0000 0000#1626597930796133#-58.0#4.491495746929157#9
0000 0039 2000 0000 0000 0000#1626597930797399#-46.5#4.3503695144436785#9
0000 003B 2000 0000 0000 0000#1626597930798694#-46.5#6.240233845118788#9
0000 002E 2000 0000 0000 0000#1626597930799820#-59.5#4.921010367537137#9
0000 0032 2000 0000 0000 0000#1626597930801294#-58.0#3.5342917352885173#9
0000 0030 2000 0000 0000 0000#1626597930811518#-66.5#1.0185632431560658#9
0000 0035 2000 0000 0000 0000#1626597930812592#-59.0#0.3436116964863836#9
0000 0033 2000 0000 0000 0000#1626597930815959#-59.5#3.816544200259475#9
0000 0031 2000 0000 0000 0000#1626597930817851#-58.0#2.1475731030398975#9
0000 0037 2000 0000 0000 0000#1626597930819284#-57.5#2.5034566458293663#9
FFFF FFFF FFFF FFFF FFFF FFFF#1626597930820348#-68.5#5.338253141842031#9
0000 0030 2000 0000 0000 0000#1626597930824349#-66.0#0.9265243958829272#9
0000 002D 2000 0000 0000 0000#1626597930825658#-59.5#3.9269908169872414#9
0000 0038 2000 0000 0000 0000#1626597930827177#-53.0#3.2949907323783574#9
0000 0037 2000 0000 0000 0000#1626597930828227#-57.5#2.509592568980909#9
0000 003B 2000 0000 0000 0000#1626597930829734#-46.5#5.589825991055276#9
FFFF FFFF FFFF FFFF FFFF FFFF#1626597930831570#-68.5#5.332117218690489#9
0000 003A 2000 0000 0000 0000#1626597930832870#-41.0#3.834951969714103#9
0000 0034 2000 0000 0000 0000#1626597930834175#-58.5#4.933282213840222#9
0000 0039 2000 0000 0000 0000#1626597930835697#-48.5#3.6324665057131984#9
0000 002F 2000 0000 0000 0000#1626597930837471#-60.5#5.816855147662351#9
0000 0031 2000 0000 0000 0000#1626597930839489#-58.0#1.945087639038993#9
0000 0032 2000 0000 0000 0000#1626597930840821#-59.0#2.6568547246179306#9
0000 002E 2000 0000 0000 0000#1626597930843343#-60.5#4.178563666200486#9
0000 0035 2000 0000 0000 0000#1626597930844405#-60.0#0.09817477042468103#9
0000 0033 2000 0000 0000 0000#1626597930845949#-59.0#3.6324665057131984#9
0000 0036 2000 0000 0000 0000#1626597930847056#-60.5#0.9878836273983529#9
0000 0038 2000 0000 0000 0000#1626597931113324#-57.0#1.8223691760081417#9
0000 003B 2000 0000 0000 0000#1626597931117604#-48.0#4.914874444385594#9
0000 002D 2000 0000 0000 0000#1626597931118644#-62.5#3.1906800388021335#9
0000 003A 2000 0000 0000 0000#1626597931119704#-46.5#3.0925052683774528#9
0000 0036 2000 0000 0000 0000#1626597931120739#-59.0#4.908738521234052#9
0000 0033 2000 0000 0000 0000#1626597931121802#-59.0#2.073942025221387#9
0000 0035 2000 0000 0000 0000#1626597931122847#-57.5#4.104932588381976#9
0000 002E 2000 0000 0000 0000#1626597931124267#-61.5#3.466796580621549#9
0000 0037 2000 0000 0000 0000#1626597931125330#-60.5#0.1718058482431918#9
0000 0030 2000 0000 0000 0000#1626597931127307#-63.0#4.816699673960914#9
0000 0039 2000 0000 0000 0000#1626597931129030#-53.5#2.4727770300716534#9
0000 002F 2000 0000 0000 0000#1626597931130093#-58.5#4.338097668140593#9
0000 0034 2000 0000 0000 0000#1626597931132708#-56.5#2.9268353432858034#9
0000 0031 2000 0000 0000 0000#1626597931133772#-58.5#5.939573610693203#9
0000 0032 2000 0000 0000 0000#1626597931134949#-60.0#0.5092816215780329#9
FFFF FFFF FFFF FFFF FFFF FFFF#1626597931136127#-68.0#5.565282298449106#9
0000 0032 2000 0000 0000 0000#1626597931139944#-60.0#0.4172427743048944#9
0000 0039 2000 0000 0000 0000#1626597931141693#-54.0#2.380738182798515#9
0000 0031 2000 0000 0000 0000#1626597931143000#-58.0#5.8659425328746915#9
0000 003B 2000 0000 0000 0000#1626597931144323#-49.0#4.792155981354743#9
0000 0037 2000 0000 0000 0000#1626597931145671#-60.5#6.19728238305799#9
0000 0034 2000 0000 0000 0000#1626597931146719#-56.0#2.8409324191642074#9
0000 0038 2000 0000 0000 0000#1626597931148731#-58.5#1.552388557340269#9
0000 002E 2000 0000 0000 0000#1626597931150273#-63.0#3.429981041712294#9
0000 003A 2000 0000 0000 0000#1626597931151364#-46.5#2.9268353432858034#9
0000 002D 2000 0000 0000 0000#1626597931152650#-63.5#2.834796496012665#9
0000 0030 2000 0000 0000 0000#1626597931154432#-62.5#4.6878452877785195#9
0000 0035 2000 0000 0000 0000#1626597931155535#-58.0#3.8840393549264434#9
0000 0033 2000 0000 0000 0000#1626597931156583#-59.5#1.705786636128833#9
0000 002F 2000 0000 0000 0000#1626597931157630#-59.0#4.2092432819582#9
0000 0036 2000 0000 0000 0000#1626597931159493#-59.0#4.601942363656923#9
FFFF FFFF FFFF FFFF FFFF FFFF#1626597931160515#-68.0#5.5100589900852235#9
0000 0031 2000 0000 0000 0000#1626597931435375#-61.5#5.301437602932776#9
0000 0035 2000 0000 0000 0000#1626597931437102#-60.0#2.399145952253143#9
