0000 002F 2000 0000 0000 0000#1626597702806145#-50.5#2.0800779483729293#9
0000 0031 2000 0000 0000 0000#1626597702807693#-50.5#0.9572040116406401#9
0000 0038 2000 0000 0000 0000#1626597702808701#-45.0#3.5342917352885173#9
0000 002E 2000 0000 0000 0000#1626597702809813#-50.0#2.454369260617026#9
0000 0037 2000 0000 0000 0000#1626597702811172#-47.0#3.834951969714103#9
0000 0035 2000 0000 0000 0000#1626597702812451#-47.0#4.442408361716817#9
0000 0033 2000 0000 0000 0000#1626597702813726#-50.5#6.160466844148735#9
0000 0030 2000 0000 0000 0000#1626597702814781#-50.5#1.8407769454627694#9
0000 0039 2000 0000 0000 0000#1626597702816062#-45.0#2.9575149590435164#9
0000 002D 2000 0000 0000 0000#1626597702817312#-51.5#2.6016314162540475#9
0000 0034 2000 0000 0000 0000#1626597702818387#-49.5#5.178719139901925#9
0000 0032 2000 0000 0000 0000#1626597702819662#-51.0#0.5890486225480862#9
0000 0036 2000 0000 0000 0000#1626597702821948#-47.5#4.313553975534423#9
0000 003A 2000 0000 0000 0000#1626597702823011#-44.5#2.270291566070749#9
0000 003B 2000 0000 0000 0000#1626597702827828#-66.0#3.6017868899554855#9
FFFF FFFF FFFF FFFF FFFF FFFF#1626597702830186#-67.0#5.393476450205914#9
0000 0030 2000 0000 0000 0000#1626597702833850#-50.0#1.846912868614312#9
0000 0034 2000 0000 0000 0000#1626597702834882#-49.5#5.21553467881118#9
0000 002D 2000 0000 0000 0000#1626597702836218#-51.5#2.6200391857086753#9
FFFF FFFF FFFF FFFF FFFF FFFF#1626597702838719#-67.0#5.3198453723874035#9
0000 002E 2000 0000 0000 0000#1626597702839800#-50.0#2.478912953223196#9
0000 002F 2000 0000 0000 0000#1626597702841390#-50.5#2.0800779483729293#9
0000 003A 2000 0000 0000 0000#1626597702842979#-44.5#2.2764274892222915#9
0000 0031 2000 0000 0000 0000#1626597702844498#-50.5#0.9510680884890975#9
0000 0039 2000 0000 0000 0000#1626597702845808#-45.0#2.9697868053466014#9
0000 0033 2000 0000 0000 0000#1626597702847095#-51.0#6.178874613603362#9
0000 0036 2000 0000 0000 0000#1626597702848158#-47.0#4.313553975534423#9
0000 0032 2000 0000 0000 0000#1626597702849692#-51.0#0.5890486225480862#9
0000 0038 2000 0000 0000 0000#1626597702850757#-45.0#3.522019888985432#9
0000 0037 2000 0000 0000 0000#1626597702852118#-47.0#3.847223816017188#9
0000 0035 2000 0000 0000 0000#1626597702855133#-47.5#4.460816131171445#9
0000 003B 2000 0000 0000 0000#1626597702856846#-65.0#3.4177091954092087#9
0000 0031 2000 0000 0000 0000#1626597703120584#-45.5#2.767301341345697#9
0000 003A 2000 0000 0000 0000#1626597703121649#-35.5#3.1968159619536762#9
0000 0036 2000 0000 0000 0000#1626597703122927#-50.0#0.0859029241215959#9
0000 0039 2000 0000 0000 0000#1626597703124006#-41.0#4.061981126321178#9
0000 0033 2000 0000 0000 0000#1626597703126038#-47.0#2.172116795646068#9
0000 002D 2000 0000 0000 0000#1626597703127332#-48.5#4.1417481272912315#9
FFFF FFFF FFFF FFFF FFFF FFFF#1626597703130033#-67.5#0.7240389318820226#9
0000 0035 2000 0000 0000 0000#1626597703131628#-49.0#0.4663301595172349#9
0000 0037 2000 0000 0000 0000#1626597703132905#-48.5#5.491651220630596#9
0000 0034 2000 0000 0000 0000#1626597703134209#-48.5#1.4664856332186729#9
0000 002E 2000 0000 0000 0000#1626597703135562#-47.0#4.006757817957295#9
0000 002F 2000 0000 0000 0000#1626597703138236#-47.0#3.6386024288647407#9
0000 0030 2000 0000 0000 0000#1626597703139549#-46.0#3.479068426924634#9
0000 0038 2000 0000 0000 0000#1626597703141112#-45.0#4.841243366567084#9
0000 003B 2000 0000 0000 0000#1626597703143120#-44.0#3.5895150436524004#9
0000 0032 2000 0000 0000 0000#1626597703144180#-45.5#2.6261751088602177#9
0000 0037 2000 0000 0000 0000#1626597703151837#-48.0#5.589825991055276#9
0000 0031 2000 0000 0000 0000#1626597703152929#-45.0#2.8532042654672924#9
0000 0032 2000 0000 0000 0000#1626597703154244#-45.5#2.675262494072558#9
0000 0033 2000 0000 0000 0000#1626597703155741#-47.0#2.325514874434632#9
0000 0035 2000 0000 0000 0000#1626597703157544#-49.5#0.6320000846088841#9
0000 002D 2000 0000 0000 0000#1626597703158796#-48.0#4.190835512503572#9
0000 0038 2000 0000 0000 0000#1626597703161086#-44.5#4.9394181369917645#9
0000 003B 2000 0000 0000 0000#1626597703162410#-43.5#3.6386024288647407#9
0000 0039 2000 0000 0000 0000#1626597703163478#-41.0#4.1417481272912315#9
0000 003A 2000 0000 0000 0000#1626597703164998#-35.0#3.2643111166206444#9
0000 002F 2000 0000 0000 0000#1626597703166347#-47.0#3.724505352986337#9
0000 002E 2000 0000 0000 0000#1626597703167658#-47.0#4.09266074207889#9
0000 0034 2000 0000 0000 0000#1626597703168718#-48.5#1.6751070203711202#9
0000 0030 2000 0000 0000 0000#1626597703170372#-45.5#3.56497135104623#9
FFFF FFFF FFFF FFFF FFFF FFFF#1626597703171440#-67.5#0.8897088569736719#9
0000 0036 2000 0000 0000 0000#1626597703172767#-50.0#0.4540583132141498#9
0000 0033 2000 0000 0000 0000#1626597703440619#-42.5#2.6261751088602177#9
0000 003B 2000 0000 0000 0000#1626597703442289#-40.0#3.650874275167826#9
0000 0032 2000 0000 0000 0000#1626597703443307#-42.0#2.8838838812250054#9
0000 0034 2000 0000 0000 0000#1626597703444326#-44.0#2.1475731030398975#9
0000 0031 2000 0000 0000 0000#1626597703446693#-42.5#3.0802334220743677#9
0000 0037 2000 0000 0000 0000#1626597703447786#-48.0#0.5583690067903734#9
0000 003A 2000 0000 0000 0000#1626597703448809#-34.5#3.54042765844006#9
0000 0030 2000 0000 0000 0000#1626597703449881#-43.5#3.6140587362585705#9
0000 002F 2000 0000 0000 0000#1626597703452992#-44.5#3.773592738198677#9
0000 0038 2000 0000 0000 0000#1626597703455503#-47.0#5.964117303299373#9
0000 002D 2000 0000 0000 0000#1626597703456612#-47.0#4.2031073588066565#9
FFFF FFFF FFFF FFFF FFFF FFFF#1626597703458835#-67.0#5.712544454086128#9
0000 0036 2000 0000 0000 0000#1626597703459940#-46.5#1.4603497100671303#9
0000 0035 2000 0000 0000 0000#1626597703461518#-45.5#1.6198837120072371#9
0000 0039 2000 0000 0000 0000#1626597703463095#-42.5#4.7860200582032#9
0000 002E 2000 0000 0000 0000#1626597703464168#-45.0#4.104932588381976#9
0000 003A 2000 0000 0000 0000#1626597703471110#-34.5#3.6201946594101133#9
0000 0031 2000 0000 0000 0000#1626597703473217#-42.0#3.1354567304382504#9
0000 0033 2000 0000 0000 0000#1626597703474592#-42.0#2.705942109830271#9
0000 0034 2000 0000 0000 0000#1626597703475684#-43.5#2.1598449493429825#9
0000 003B 2000 0000 0000 0000#1626597703476737#-40.0#3.730641276137879#9
0000 0030 2000 0000 0000 0000#1626597703477807#-43.5#3.6815538909255388#9
0000 0035 2000 0000 0000 0000#1626597703479111#-45.0#1.718058482431918#9
0000 0039 2000 0000 0000 0000#1626597703480690#-42.5#4.878058905476339#9
0000 002F 2000 0000 0000 0000#1626597703482276#-45.0#3.8288160465625602#9
0000 002D 2000 0000 0000 0000#1626597703483313#-46.5#4.23378697456437#9
0000 0032 2000 0000 0000 0000#1626597703484348#-42.0#3.000466421104314#9
0000 0037 2000 0000 0000 0000#1626597703485852#-48.5#0.7731263170943632#9
0000 0036 2000 0000 0000 0000#1626597703486987#-46.5#1.576932249946439#9
0000 002E 2000 0000 0000 0000#1626597703488306#-44.5#4.1601558967458585#9
0000 0038 2000 0000 0000 0000#1626597703489840#-47.5#6.17273869045182#9
0000 002F 2000 0000 0000 0000#1626597703758567#-43.0#4.552854978444583#9
0000 0038 2000 0000 0000 0000#1626597703760037#-44.0#1.3989904785517047#9
0000 0035 2000 0000 0000 0000#1626597703761356#-41.0#2.6691265709210157#9
0000 0039 2000 0000 0000 0000#1626597703762411#-41.5#0.20248546400090464#9
FFFF FFFF FFFF FFFF FFFF FFFF#1626597703763504#-68.0#6.062292073724054#9
0000 0037 2000 0000 0000 0000#1626597703764580#-43.5#2.030990563160589#9
0000 0031 2000 0000 0000 0000#1626597703765647#-40.0#3.9638063558964967#9
0000 003A 2000 0000 0000 0000#1626597703767157#-34.0#5.135767677841127#9
0000 0032 2000 0000 0000 0000#1626597703770736#-40.0#3.8533597391687304#9
0000 0033 2000 0000 0000 0000#1626597703772134#-39.5#3.6201946594101133#9
0000 0036 2000 0000 0000 0000#1626597703773196#-42.0#2.6200391857086753#9
0000 0034 2000 0000 0000 0000#1626597703774558#-40.5#3.153864499892878#9
0000 003B 2000 0000 0000 0000#1626597703775615#-39.0#5.013049214810275#9
0000 002E 2000 0000 0000 0000#1626597703777691#-44.0#4.828971520263998#9
0000 0030 2000 0000 0000 0000#1626597703778732#-42.0#4.473087977474529#9
0000 002D 2000 0000 0000 0000#1626597703779885#-46.0#4.914874444385594#9
0000 0032 2000 0000 0000 0000#1626597703783503#-40.0#3.877903431774901#9
0000 0031 2000 0000 0000 0000#1626597703786162#-40.5#4.000621894805752#9
FFFF FFFF FFFF FFFF FFFF FFFF#1626597703787273#-68.5#5.872078456026235#9
0000 002E 2000 0000 0000 0000#1626597703788354#-44.0#4.859651136021712#9
0000 003A 2000 0000 0000 0000#1626597703789473#-34.0#5.2339424482658075#9
0000 003B 2000 0000 0000 0000#1626597703790556#-38.5#5.062136600022616#9
0000 002D 2000 0000 0000 0000#1626597703791625#-46.0#4.9394181369917645#9
0000 0034 2000 0000 0000 0000#1626597703792645#-40.0#3.215223731408304#9
0000 0035 2000 0000 0000 0000#1626597703793951#-40.5#2.748893571891069#9
0000 0030 2000 0000 0000 0000#1626597703795719#-42.0#4.503767593232243#9
0000 0033 2000 0000 0000 0000#1626597703797073#-39.5#3.6754179677739964#9
0000 0038 2000 0000 0000 0000#1626597703798253#-44.0#1.5401167110371838#9
0000 0039 2000 0000 0000 0000#1626597703800645#-41.5#0.3865631585471816#9
0000 0036 2000 0000 0000 0000#1626597703801725#-41.5#2.662990647769473#9
0000 002F 2000 0000 0000 0000#1626597703803989#-43.0#4.638757902566179#9
0000 0037 2000 0000 0000 0000#1626597703805422#-43.5#2.141437179888355#9
0000 002F 2000 0000 0000 0000#1626597704073484#-42.5#4.663301595172349#9
0000 003B 2000 0000 0000 0000#1626597704075520#-38.5#5.859806609723149#9
0000 0039 2000 0000 0000 0000#1626597704076855#-38.5#1.0246991663076084#9
0000 0033 2000 0000 0000 0000#1626597704078160#-38.5#3.785864584501762#9
0000 002D 2000 0000 0000 0000#1626597704079725#-45.5#4.884194828627882#9
0000 0030 2000 0000 0000 0000#1626597704081319#-41.0#4.577398671050753#9
0000 003A 2000 0000 0000 0000#1626597704082356#-33.0#6.0991076126333095#9
FFFF FFFF FFFF FFFF FFFF FFFF#1626597704083678#-67.5#5.148039524144211#9
0000 0034 2000 0000 0000 0000#1626597704084795#-38.0#3.3440781175906977#9
0000 0031 2000 0000 0000 0000#1626597704085846#-39.0#4.111068511533518#9
0000 0037 2000 0000 0000 0000#1626597704087386#-40.5#2.36846633649543#9
0000 0032 2000 0000 0000 0000#1626597704089943#-38.5#4.0128937411088375#9
0000 0035 2000 0000 0000 0000#1626597704092973#-38.0#2.9206994201342606#9
0000 0036 2000 0000 0000 0000#1626597704094295#-39.5#2.816388726558037#9
0000 002E 2000 0000 0000 0000#1626597704095820#-43.5#4.8351074434155406#9
0000 0038 2000 0000 0000 0000#1626597704096900#-39.0#1.945087639038993#9
0000 0031 2000 0000 0000 0000#1626597704102271#-38.5#4.166291819897402#9
0000 002D 2000 0000 0000 0000#1626597704103394#-45.5#4.890330751779424#9
0000 002F 2000 0000 0000 0000#1626597704104700#-42.5#4.675573441475434#9
0000 003B 2000 0000 0000 0000#1626597704106009#-38.5#5.994796919057086#9
0000 003A 2000 0000 0000 0000#1626597704107798#-33.0#6.22182607566416#9
0000 0033 2000 0000 0000 0000#1626597704109170#-37.5#3.847223816017188#9
0000 0038 2000 0000 0000 0000#1626597704110237#-39.0#1.9941750242513334#9
0000 0034 2000 0000 0000 0000#1626597704111272#-38.0#3.393165502803038#9
0000 0036 2000 0000 0000 0000#1626597704113035#-39.5#2.8716120349219203#9
0000 0037 2000 0000 0000 0000#1626597704114157#-40.5#2.399145952253143#9
0000 002E 2000 0000 0000 0000#1626597704115426#-43.0#4.859651136021712#9
0000 0035 2000 0000 0000 0000#1626597704119061#-38.5#2.9391071895888885#9
0000 0030 2000 0000 0000 0000#1626597704120104#-41.0#4.638757902566179#9
0000 0032 2000 0000 0000 0000#1626597704121408#-38.5#4.080388895775806#9
FFFF FFFF FFFF FFFF FFFF FFFF#1626597704122515#-68.0#5.448699758569798#9
0000 0039 2000 0000 0000 0000#1626597704124262#-37.5#1.1780972450961724#9
0000 003A 2000 0000 0000 0000#1626597704401385#-29.0#1.7732817907958012#9
0000 0038 2000 0000 0000 0000#1626597704402451#-36.0#3.411573272257666#9
0000 0031 2000 0000 0000 0000#1626597704404293#-37.5#5.381204603902829#9
0000 0034 2000 0000 0000 0000#1626597704405369#-37.0#4.7307967498393175#9
FFFF FFFF FFFF FFFF FFFF FFFF#1626597704406376#-67.0#0.25157284921324513#9
0000 002F 2000 0000 0000 0000#1626597704407567#-41.0#5.798447378207723#9
0000 002D 2000 0000 0000 0000#1626597704408622#-44.5#5.8475347634200645#9
0000 0039 2000 0000 0000 0000#1626597704409730#-34.0#2.705942109830271#9
0000 002E 2000 0000 0000 0000#1626597704411541#-42.0#5.8659425328746915#9
0000 0036 2000 0000 0000 0000#1626597704412620#-37.0#4.264466590322082#9
0000 0035 2000 0000 0000 0000#1626597704413656#-36.0#4.338097668140593#9
0000 0030 2000 0000 0000 0000#1626597704414969#-39.5#5.767767762450011#9
0000 003B 2000 0000 0000 0000#1626597704416037#-35.5#1.7241944055834606#9
0000 0037 2000 0000 0000 0000#1626597704417158#-37.5#3.822680123411018#9
0000 0033 2000 0000 0000 0000#1626597704421990#-36.5#5.166447293598839#9
0000 0032 2000 0000 0000 0000#1626597704423026#-37.0#5.3198453723874035#9
0000 003A 2000 0000 0000 0000#1626597704436920#-29.0#1.6873788666742053#9
0000 0034 2000 0000 0000 0000#1626597704439075#-36.5#4.595806440505381#9
0000 0036 2000 0000 0000 0000#1626597704440440#-37.0#4.104932588381976#9
0000 0038 2000 0000 0000 0000#1626597704441733#-36.0#3.2765829629237295#9
0000 002D 2000 0000 0000 0000#1626597704442816#-45.0#5.66959299202533#9
0000 002E 2000 0000 0000 0000#1626597704443913#-42.0#5.6941366846315#9
0000 0032 2000 0000 0000 0000#1626597704445074#-35.5#5.160311370447297#9
0000 002F 2000 0000 0000 0000#1626597704446406#-41.0#5.632777453116074#9
0000 0033 2000 0000 0000 0000#1626597704447467#-36.5#5.006913291658733#9
0000 0030 2000 0000 0000 0000#1626597704450011#-40.0#5.608233760509904#9
0000 003B 2000 0000 0000 0000#1626597704451336#-35.5#1.6873788666742053#9
0000 0035 2000 0000 0000 0000#1626597704452627#-36.0#4.190835512503572#9
0000 0031 2000 0000 0000 0000#1626597704454328#-37.5#5.258486140871978#9
0000 0037 2000 0000 0000 0000#1626597704455422#-37.0#3.6815538909255388#9
0000 0039 2000 0000 0000 0000#1626597704456489#-34.0#2.6139032625571326#9
FFFF FFFF FFFF FFFF FFFF FFFF#1626597704457895#-67.5#6.160466844148735#9
0000 0035 2000 0000 0000 0000#1626597704722914#-36.0#4.221515128261284#9
0000 0034 2000 0000 0000 0000#1626597704724220#-36.5#4.638757902566179#9
0000 002D 2000 0000 0000 0000#1626597704725529#-45.5#5.325981295538946#9
0000 0031 2000 0000 0000 0000#1626597704726553#-37.5#5.178719139901925#9
0000 0030 2000 0000 0000 0000#1626597704727624#-40.5#5.442563835418255#9
0000 003A 2000 0000 0000 0000#1626597704728672#-27.0#2.1353012567368124#9
0000 002E 2000 0000 0000 0000#1626597704730465#-43.0#5.393476450205914#9
FFFF FFFF FFFF FFFF FFFF FFFF#1626597704732791#-68.5#5.638913376267617#9
0000 003B 2000 0000 0000 0000#1626597704734325#-33.5#2.2212041808584084#9
0000 0036 2000 0000 0000 0000#1626597704735859#-36.5#4.178563666200486#9
0000 002F 2000 0000 0000 0000#1626597704737125#-42.0#5.436427912266712#9
0000 0033 2000 0000 0000 0000#1626597704738442#-37.0#5.062136600022616#9
0000 0037 2000 0000 0000 0000#1626597704740005#-36.5#3.7551849687440497#9
0000 0038 2000 0000 0000 0000#1626597704742400#-34.0#3.423845118560751#9
0000 0032 2000 0000 0000 0000#1626597704743846#-37.0#5.166447293598839#9
0000 0039 2000 0000 0000 0000#1626597704745825#-32.0#2.859340188618835#9
0000 0033 2000 0000 0000 0000#1626597704752153#-37.0#5.0682725231741586#9
0000 0032 2000 0000 0000 0000#1626597704753215#-37.0#5.1725832167503825#9
0000 0035 2000 0000 0000 0000#1626597704754764#-35.5#4.264466590322082#9
0000 003A 2000 0000 0000 0000#1626597704755811#-26.5#2.2027964114037806#9
0000 0030 2000 0000 0000 0000#1626597704758370#-40.5#5.460971604872882#9
0000 002E 2000 0000 0000 0000#1626597704761072#-43.0#5.368932757599744#9
FFFF FFFF FFFF FFFF FFFF FFFF#1626597704762110#-67.0#5.553010452146021#9
0000 0036 2000 0000 0000 0000#1626597704763401#-36.5#4.215379205109742#9
0000 0037 2000 0000 0000 0000#1626597704764978#-36.5#3.773592738198677#9
0000 003B 2000 0000 0000 0000#1626597704766004#-33.5#2.337786720737717#9
0000 0031 2000 0000 0000 0000#1626597704767282#-37.5#5.227806525114265#9
0000 0038 2000 0000 0000 0000#1626597704770031#-34.5#3.485204350076177#9
0000 0034 2000 0000 0000 0000#1626597704771562#-36.5#4.681709364626977#9
0000 002F 2000 0000 0000 0000#1626597704772925#-42.0#5.473243451175968#9
0000 0039 2000 0000 0000 0000#1626597704774008#-32.0#2.9145634969827183#9
0000 002D 2000 0000 0000 0000#1626597704775674#-46.0#5.307573526084319#9
0000 0037 2000 0000 0000 0000#1626597705046147#-37.0#3.792000507653305#9
0000 0032 2000 0000 0000 0000#1626597705047719#-38.5#4.945554060143307#9
0000 0036 2000 0000 0000 0000#1626597705048755#-37.0#4.190835512503572#9
0000 0039 2000 0000 0000 0000#1626597705051418#-32.0#3.0127382674073995#9
0000 003A 2000 0000 0000 0000#1626597705053782#-26.5#2.454369260617026#9
0000 0038 2000 0000 0000 0000#1626597705054878#-34.5#3.5342917352885173#9
0000 0031 2000 0000 0000 0000#1626597705056425#-38.5#4.945554060143307#9
0000 003B 2000 0000 0000 0000#1626597705057482#-32.0#2.662990647769473#9
0000 002E 2000 0000 0000 0000#1626597705059428#-44.0#4.896466674930966#9
0000 0034 2000 0000 0000 0000#1626597705060939#-37.0#4.589670517353839#9
0000 002D 2000 0000 0000 0000#1626597705062205#-47.5#4.73693267299086#9
FFFF FFFF FFFF FFFF FFFF FFFF#1626597705063270#-68.0#4.933282213840222#9
0000 0035 2000 0000 0000 0000#1626597705064867#-36.5#4.252194744018997#9
0000 0030 2000 0000 0000 0000#1626597705066506#-41.0#5.074408446325701#9
0000 002F 2000 0000 0000 0000#1626597705068177#-42.5#5.049864753719531#9
0000 0033 2000 0000 0000 0000#1626597705069268#-38.0#4.9394181369917645#9
0000 0035 2000 0000 0000 0000#1626597705074402#-36.5#4.270602513473625#9
FFFF FFFF FFFF FFFF FFFF FFFF#1626597705075711#-67.5#4.8351074434155406#9
0000 003A 2000 0000 0000 0000#1626597705076758#-26.0#2.497320722677824#9
0000 0039 2000 0000 0000 0000#1626597705077797#-32.5#3.067961575771282#9
0000 0038 2000 0000 0000 0000#1626597705078877#-34.5#3.5711072741977725#9
0000 0033 2000 0000 0000 0000#1626597705079996#-38.0#4.933282213840222#9
0000 0034 2000 0000 0000 0000#1626597705081061#-37.0#4.589670517353839#9
0000 0037 2000 0000 0000 0000#1626597705082679#-37.0#3.8410878928656453#9
0000 0036 2000 0000 0000 0000#1626597705084229#-37.0#4.227651051412827#9
0000 003B 2000 0000 0000 0000#1626597705085509#-32.0#2.748893571891069#9
0000 002D 2000 0000 0000 0000#1626597705088689#-48.0#4.6878452877785195#9
0000 002F 2000 0000 0000 0000#1626597705090161#-42.5#5.031456984264903#9
0000 0031 2000 0000 0000 0000#1626597705091198#-38.5#4.9394181369917645#9
0000 0030 2000 0000 0000 0000#1626597705092298#-41.5#5.074408446325701#9
0000 0032 2000 0000 0000 0000#1626597705093459#-37.5#4.945554060143307#9
0000 002E 2000 0000 0000 0000#1626597705094897#-44.5#4.853515212870168#9
0000 002D 2000 0000 0000 0000#1626597705357795#-48.5#4.479223900626073#9
0000 002E 2000 0000 0000 0000#1626597705359610#-46.0#4.6878452877785195#9
0000 0039 2000 0000 0000 0000#1626597705361315#-32.5#3.749049045592507#9
0000 003A 2000 0000 0000 0000#1626597705362604#-27.0#3.2397674240144743#9
0000 0033 2000 0000 0000 0000#1626597705363652#-38.5#5.031456984264903#9
0000 002F 2000 0000 0000 0000#1626597705364713#-44.0#4.92714629068868#9
0000 0030 2000 0000 0000 0000#1626597705365999#-42.5#5.00077736850719#9
0000 0035 2000 0000 0000 0000#1626597705367561#-36.5#4.546719055293041#9
0000 0034 2000 0000 0000 0000#1626597705368624#-37.5#4.792155981354743#9
0000 0031 2000 0000 0000 0000#1626597705370189#-40.0#4.933282213840222#9
0000 0038 2000 0000 0000 0000#1626597705371268#-34.5#4.1417481272912315#9
0000 003B 2000 0000 0000 0000#1626597705373217#-32.0#3.6017868899554855#9
FFFF FFFF FFFF FFFF FFFF FFFF#1626597705374626#-69.5#5.289165756629691#9
0000 0037 2000 0000 0000 0000#1626597705375932#-36.0#4.295146206079795#9
0000 0036 2000 0000 0000 0000#1626597705378068#-37.5#4.552854978444583#9
0000 0032 2000 0000 0000 0000#1626597705379229#-39.5#4.963961829597935#9
FFFF FFFF FFFF FFFF FFFF FFFF#1626597705382771#-68.0#5.2339424482658075#9
0000 003B 2000 0000 0000 0000#1626597705384776#-32.0#3.6263305825616556#9
0000 0031 2000 0000 0000 0000#1626597705386095#-40.0#4.896466674930966#9
0000 002E 2000 0000 0000 0000#1626597705387904#-46.0#4.651029748869264#9
0000 0034 2000 0000 0000 0000#1626597705390060#-37.5#4.773748211900116#9
0000 0037 2000 0000 0000 0000#1626597705391136#-36.0#4.301282129231338#9
0000 0036 2000 0000 0000 0000#1626597705392460#-37.5#4.558990901596125#9
0000 003A 2000 0000 0000 0000#1626597705393580#-26.5#3.2888548092268146#9
0000 0033 2000 0000 0000 0000#1626597705394667#-38.5#5.006913291658733#9
0000 002F 2000 0000 0000 0000#1626597705395647#-44.5#4.865787059173254#9
0000 0038 2000 0000 0000 0000#1626597705397440#-34.5#4.166291819897402#9
0000 0039 2000 0000 0000 0000#1626597705399489#-32.5#3.785864584501762#9
0000 0035 2000 0000 0000 0000#1626597705400711#-36.5#4.540583132141498#9
0000 0032 2000 0000 0000 0000#1626597705402242#-39.5#4.9394181369917645#9
0000 0030 2000 0000 0000 0000#1626597705404396#-42.5#4.957825906446392#9
0000 002D 2000 0000 0000 0000#1626597705405474#-48.5#4.387185053352934#9
0000 003B 2000 0000 0000 0000#1626597705669703#-32.5#4.693981210930062#9
0000 0037 2000 0000 0000 0000#1626597705670767#-35.5#4.884194828627882#9
0000 002D 2000 0000 0000 0000#1626597705671804#-50.5#4.491495746929157#9
0000 002E 2000 0000 0000 0000#1626597705673599#-47.5#4.755340442445488#9
0000 0031 2000 0000 0000 0000#1626597705675390#-41.0#5.031456984264903#9
0000 0036 2000 0000 0000 0000#1626597705676468#-36.5#4.994641445355648#9
0000 002F 2000 0000 0000 0000#1626597705678442#-45.5#4.988505522204105#9
FFFF FFFF FFFF FFFF FFFF FFFF#1626597705679480#-68.5#0.25770877236478773#9
0000 0030 2000 0000 0000 0000#1626597705681742#-44.0#5.086680292628786#9
0000 0033 2000 0000 0000 0000#1626597705682802#-39.5#5.21553467881118#9
0000 0034 2000 0000 0000 0000#1626597705684915#-36.0#5.049864753719531#9
0000 0032 2000 0000 0000 0000#1626597705687333#-40.0#5.086680292628786#9
0000 0039 2000 0000 0000 0000#1626597705688415#-31.5#4.657165672020807#9
0000 003A 2000 0000 0000 0000#1626597705691400#-26.0#4.276738436625168#9
0000 0035 2000 0000 0000 0000#1626597705692477#-36.0#4.9394181369917645#9
0000 0038 2000 0000 0000 0000#1626597705694183#-33.5#4.853515212870168#9
0000 002E 2000 0000 0000 0000#1626597705699052#-47.5#4.693981210930062#9
FFFF FFFF FFFF FFFF FFFF FFFF#1626597705700074#-69.5#0.09817477042468103#9
0000 002D 2000 0000 0000 0000#1626597705702007#-50.5#4.430136515413731#9
0000 0032 2000 0000 0000 0000#1626597705703068#-40.0#5.062136600022616#9
0000 0039 2000 0000 0000 0000#1626597705704179#-31.5#4.6448938257177215#9
0000 0033 2000 0000 0000 0000#1626597705705700#-39.5#5.184855063053467#9
0000 0037 2000 0000 0000 0000#1626597705706767#-35.5#4.865787059173254#9
0000 0036 2000 0000 0000 0000#1626597705707770#-36.5#4.957825906446392#9
0000 0038 2000 0000 0000 0000#1626597705708838#-33.5#4.865787059173254#9
0000 003A 2000 0000 0000 0000#1626597705709828#-26.0#4.3074180523828804#9
0000 0031 2000 0000 0000 0000#1626597705711192#-41.5#4.9823695990525625#9
0000 0030 2000 0000 0000 0000#1626597705712248#-43.5#5.0253210611133605#9
0000 003B 2000 0000 0000 0000#1626597705713585#-32.0#4.743068596142402#9
0000 0035 2000 0000 0000 0000#1626597705714791#-36.0#4.896466674930966#9
0000 002F 2000 0000 0000 0000#1626597705716725#-46.0#4.890330751779424#9
0000 0034 2000 0000 0000 0000#1626597705718243#-37.0#5.019185137961818#9
0000 0038 2000 0000 0000 0000#1626597705983321#-33.0#4.381049130201391#9
0000 003A 2000 0000 0000 0000#1626597705984435#-24.5#4.086524818927348#9
0000 0034 2000 0000 0000 0000#1626597705985821#-36.5#4.25833066717054#9
0000 0039 2000 0000 0000 0000#1626597705987343#-31.0#4.289010282928253#9
0000 0032 2000 0000 0000 0000#1626597705988649#-42.0#4.166291819897402#9
0000 002E 2000 0000 0000 0000#1626597705989687#-49.5#3.6570101983193686#9
0000 003B 2000 0000 0000 0000#1626597705990998#-32.0#4.6878452877785195#9
FFFF FFFF FFFF FFFF FFFF FFFF#1626597705992319#-69.0#5.792311455056181#9
0000 0033 2000 0000 0000 0000#1626597705993892#-40.5#4.295146206079795#9
0000 0036 2000 0000 0000 0000#1626597705994928#-36.5#4.270602513473625#9
0000 0037 2000 0000 0000 0000#1626597705996475#-35.0#4.295146206079795#9
0000 0031 2000 0000 0000 0000#1626597705997769#-43.0#4.049709280018092#9
0000 0035 2000 0000 0000 0000#1626597705999359#-36.0#4.166291819897402#9
0000 0030 2000 0000 0000 0000#1626597706001465#-46.0#4.06811704947272#9
0000 002D 2000 0000 0000 0000#1626597706003375#-53.0#3.3072625786814425#9
0000 002F 2000 0000 0000 0000#1626597706004692#-48.5#3.9269908169872414#9
0000 0037 2000 0000 0000 0000#1626597706011856#-35.0#4.289010282928253#9
0000 0035 2000 0000 0000 0000#1626597706013660#-36.0#4.154019973594316#9
0000 002D 2000 0000 0000 0000#1626597706014710#-53.5#3.2765829629237295#9
0000 0039 2000 0000 0000 0000#1626597706015749#-31.0#4.301282129231338#9
0000 0036 2000 0000 0000 0000#1626597706017525#-36.5#4.252194744018997#9
0000 002E 2000 0000 0000 0000#1626597706018619#-50.0#3.6079228131070282#9
FFFF FFFF FFFF FFFF FFFF FFFF#1626597706020007#-69.0#5.872078456026235#9
0000 003B 2000 0000 0000 0000#1626597706021313#-32.0#4.700117134081604#9
0000 0033 2000 0000 0000 0000#1626597706022361#-40.5#4.246058820867455#9
0000 0038 2000 0000 0000 0000#1626597706023371#-33.0#4.344233591292136#9
0000 0031 2000 0000 0000 0000#1626597706025689#-43.5#3.9638063558964967#9
0000 003A 2000 0000 0000 0000#1626597706027221#-26.0#4.09266074207889#9
0000 0034 2000 0000 0000 0000#1626597706030752#-37.5#4.172427743048944#9
0000 0032 2000 0000 0000 0000#1626597706032627#-42.0#4.086524818927348#9
0000 0030 2000 0000 0000 0000#1626597706033695#-46.5#3.9944859716542096#9
0000 002F 2000 0000 0000 0000#1626597706034773#-48.5#3.859495662320273#9
0000 003B 2000 0000 0000 0000#1626597706299198#-31.5#4.454680208019902#9
0000 0037 2000 0000 0000 0000#1626597706302586#-35.5#3.5342917352885173#9
0000 0038 2000 0000 0000 0000#1626597706304050#-33.0#3.6876898140770815#9
0000 0036 2000 0000 0000 0000#1626597706305399#-37.0#3.3870295796514958#9
0000 003A 2000 0000 0000 0000#1626597706306739#-26.0#3.6754179677739964#9
0000 0039 2000 0000 0000 0000#1626597706307777#-31.0#3.7429131224409646#9
0000 0035 2000 0000 0000 0000#1626597706308896#-36.5#3.2581751934691017#9
0000 0034 2000 0000 0000 0000#1626597706310493#-38.0#3.2643111166206444#9
0000 0033 2000 0000 0000 0000#1626597706312503#-42.0#3.2213596545598464#9
0000 0032 2000 0000 0000 0000#1626597706313989#-43.5#2.9820586516496865#9
FFFF FFFF FFFF FFFF FFFF FFFF#1626597706315361#-68.5#5.246214294568893#9
0000 002F 2000 0000 0000 0000#1626597706316407#-50.0#2.6445828783148455#9
0000 002E 2000 0000 0000 0000#1626597706317547#-53.0#2.2457478734645786#9
0000 0031 2000 0000 0000 0000#1626597706318599#-44.5#2.82252464970958#9
0000 002D 2000 0000 0000 0000#1626597706320162#-56.0#1.8162332528565992#9
0000 0030 2000 0000 0000 0000#1626597706321457#-48.5#2.816388726558037#9
0000 0038 2000 0000 0000 0000#1626597706328453#-33.0#3.663146121470911#9
0000 003A 2000 0000 0000 0000#1626597706329501#-26.0#3.6692820446224537#9
0000 0030 2000 0000 0000 0000#1626597706330826#-48.5#2.761165418194154#9
0000 0037 2000 0000 0000 0000#1626597706332388#-35.0#3.479068426924634#9
0000 0033 2000 0000 0000 0000#1626597706333437#-42.0#3.172272269347506#9
0000 0039 2000 0000 0000 0000#1626597706334532#-31.0#3.724505352986337#9
0000 0035 2000 0000 0000 0000#1626597706335581#-36.5#3.1906800388021335#9
0000 002D 2000 0000 0000 0000#1626597706337871#-56.0#1.7303303287350031#9
0000 0034 2000 0000 0000 0000#1626597706339077#-38.5#3.1968159619536762#9
0000 0032 2000 0000 0000 0000#1626597706340167#-43.0#2.9084275738311756#9
0000 003B 2000 0000 0000 0000#1626597706341249#-31.5#4.479223900626073#9
0000 002E 2000 0000 0000 0000#1626597706342314#-53.0#2.141437179888355#9
0000 0036 2000 0000 0000 0000#1626597706343310#-36.5#3.3195344249845276#9
0000 002F 2000 0000 0000 0000#1626597706345229#-50.5#2.521864415283994#9
0000 0031 2000 0000 0000 0000#1626597706346580#-44.5#2.736621725587984#9
FFFF FFFF FFFF FFFF FFFF FFFF#1626597706348257#-70.0#5.344389064993574#9
0000 003A 2000 0000 0000 0000#1626597706611046#-25.5#3.6815538909255388#9
0000 0038 2000 0000 0000 0000#1626597706612610#-33.0#3.454524734318464#9
0000 002E 2000 0000 0000 0000#1626597706614390#-54.5#0.9633399347921826#9
0000 002D 2000 0000 0000 0000#1626597706618212#-57.0#0.39269908169872414#9
0000 0036 2000 0000 0000 0000#1626597706619232#-37.5#2.9575149590435164#9
0000 0037 2000 0000 0000 0000#1626597706620767#-35.5#3.2090878082567613#9
0000 0030 2000 0000 0000 0000#1626597706621865#-51.5#1.7978254834019713#9
0000 0039 2000 0000 0000 0000#1626597706623157#-30.5#3.5895150436524004#9
0000 0035 2000 0000 0000 0000#1626597706624225#-37.0#2.779573187648782#9
0000 003B 2000 0000 0000 0000#1626597706625521#-31.0#4.589670517353839#9
FFFF FFFF FFFF FFFF FFFF FFFF#1626597706626586#-67.5#5.632777453116074#9
0000 0034 2000 0000 0000 0000#1626597706628503#-39.5#2.6998061866787286#9
0000 0033 2000 0000 0000 0000#1626597706630206#-44.0#2.5034566458293663#9
0000 0032 2000 0000 0000 0000#1626597706631582#-46.0#2.1537090261914402#9
0000 0031 2000 0000 0000 0000#1626597706633274#-47.0#1.9389517158874505#9
0000 002F 2000 0000 0000 0000#1626597706634494#-53.5#1.4603497100671303#9
0000 0032 2000 0000 0000 0000#1626597706638572#-46.0#2.1537090261914402#9
0000 0031 2000 0000 0000 0000#1626597706639875#-47.5#1.932815792735908#9
0000 0039 2000 0000 0000 0000#1626597706641800#-30.5#3.56497135104623#9
0000 003B 2000 0000 0000 0000#1626597706643366#-31.0#4.565126824747668#9
0000 0030 2000 0000 0000 0000#1626597706644691#-52.0#1.6689710972195777#9
0000 0033 2000 0000 0000 0000#1626597706645721#-44.0#2.466641106920111#9
0000 002E 2000 0000 0000 0000#1626597706646776#-55.0#0.7976700097005334#9
0000 0035 2000 0000 0000 0000#1626597706647753#-37.0#2.730485802436441#9
0000 0036 2000 0000 0000 0000#1626597706649044#-37.5#2.8716120349219203#9
0000 003A 2000 0000 0000 0000#1626597706650077#-25.5#3.6324665057131984#9
0000 0038 2000 0000 0000 0000#1626597706651399#-33.0#3.3870295796514958#9
FFFF FFFF FFFF FFFF FFFF FFFF#1626597706652465#-69.5#5.602097837358362#9
0000 002D 2000 0000 0000 0000#1626597706653885#-56.5#0.2086213871524472#9
0000 0037 2000 0000 0000 0000#1626597706655447#-36.0#3.1231848841351653#9
0000 002F 2000 0000 0000 0000#1626597706656964#-53.0#1.3621749396424494#9
0000 0034 2000 0000 0000 0000#1626597706658041#-39.5#2.6323110320117604#9
0000 003B 2000 0000 0000 0000#1626597706924915#-31.0#4.890330751779424#9
0000 0035 2000 0000 0000 0000#1626597706926220#-38.5#2.5832236467994196#9
0000 0031 2000 0000 0000 0000#1626597706927482#-49.5#1.239456476611598#9
0000 0034 2000 0000 0000 0000#1626597706928571#-41.0#2.4175537217077703#9
0000 0036 2000 0000 0000 0000#1626597706930080#-38.5#2.748893571891069#9
0000 002D 2000 0000 0000 0000#1626597706932678#-44.0#5.1725832167503825#9
0000 003A 2000 0000 0000 0000#1626597706933724#-26.5#3.8288160465625602#9
0000 0032 2000 0000 0000 0000#1626597706935013#-48.5#1.5707963267948966#9
0000 002E 2000 0000 0000 0000#1626597706938226#-45.0#5.387340527054372#9
0000 002F 2000 0000 0000 0000#1626597706939261#-52.0#0.3374757733348411#9
FFFF FFFF FFFF FFFF FFFF FFFF#1626597706941306#-68.5#0.21475731030398976#9
0000 0038 2000 0000 0000 0000#1626597706942757#-33.5#3.3747577333484107#9
0000 0033 2000 0000 0000 0000#1626597706944288#-46.0#2.018718716857504#9
0000 0037 2000 0000 0000 0000#1626597706945367#-37.0#3.0372819600135696#9
0000 0039 2000 0000 0000 0000#1626597706946904#-31.5#3.6079228131070282#9
0000 0030 2000 0000 0000 0000#1626597706949124#-52.0#0.44178646691106466#9
0000 0036 2000 0000 0000 0000#1626597706956703#-38.5#2.6875343403756435#9
0000 0039 2000 0000 0000 0000#1626597706959110#-31.5#3.5833791205008576#9
0000 0035 2000 0000 0000 0000#1626597706960613#-39.0#2.497320722677824#9
0000 0038 2000 0000 0000 0000#1626597706961679#-34.0#3.3379421944391554#9
0000 003B 2000 0000 0000 0000#1626597706963436#-31.5#4.853515212870168#9
0000 002F 2000 0000 0000 0000#1626597706964528#-51.5#0.04908738521234052#9
0000 0032 2000 0000 0000 0000#1626597706965815#-48.5#1.4296700943094176#9
0000 003A 2000 0000 0000 0000#1626597706967361#-26.5#3.749049045592507#9
0000 0033 2000 0000 0000 0000#1626597706968590#-45.0#1.902136176978195#9
0000 002E 2000 0000 0000 0000#1626597706969690#-44.0#5.184855063053467#9
FFFF FFFF FFFF FFFF FFFF FFFF#1626597706970770#-68.0#0.3988350048502667#9
0000 002D 2000 0000 0000 0000#1626597706972353#-44.5#4.988505522204105#9
0000 0037 2000 0000 0000 0000#1626597706973460#-37.0#2.9513790358919736#9
0000 0034 2000 0000 0000 0000#1626597706974593#-42.0#2.3009711818284617#9
0000 0030 2000 0000 0000 0000#1626597706976346#-51.5#0.22089323345553233#9
0000 0031 2000 0000 0000 0000#1626597706977383#-49.5#0.9817477042468103#9
0000 0033 2000 0000 0000 0000#1626597707243216#-50.0#6.264777537724958#9
0000 0039 2000 0000 0000 0000#1626597707244258#-33.5#2.497320722677824#9
0000 002D 2000 0000 0000 0000#1626597707245809#-60.5#3.000466421104314#9
0000 0036 2000 0000 0000 0000#1626597707247114#-43.0#1.4971652489763858#9
0000 0034 2000 0000 0000 0000#1626597707248421#-45.0#0.8528933180644165#9
0000 003A 2000 0000 0000 0000#1626597707249467#-27.5#2.675262494072558#9
0000 0031 2000 0000 0000 0000#1626597707250476#-45.0#4.614214209960009#9
0000 0035 2000 0000 0000 0000#1626597707252530#-42.0#1.1965050145508#9
0000 0038 2000 0000 0000 0000#1626597707254065#-36.5#2.2212041808584084#9
0000 003B 2000 0000 0000 0000#1626597707255146#-33.5#3.9453985864418692#9
0000 0037 2000 0000 0000 0000#1626597707256995#-39.5#1.8714565612204823#9
FFFF FFFF FFFF FFFF FFFF FFFF#1626597707258531#-67.0#6.019340611663256#9
0000 002F 2000 0000 0000 0000#1626597707260461#-45.5#3.9269908169872414#9
0000 0032 2000 0000 0000 0000#1626597707262837#-47.0#5.0682725231741586#9
0000 0030 2000 0000 0000 0000#1626597707264175#-44.0#4.025165587411922#9
0000 002E 2000 0000 0000 0000#1626597707265703#-54.5#3.773592738198677#9
0000 003B 2000 0000 0000 0000#1626597707271610#-33.5#3.8963112012295285#9
0000 003A 2000 0000 0000 0000#1626597707272754#-26.5#2.6200391857086753#9
0000 0035 2000 0000 0000 0000#1626597707274888#-42.5#1.1044661672776617#9
0000 0037 2000 0000 0000 0000#1626597707275981#-39.5#1.8223691760081417#9
0000 0032 2000 0000 0000 0000#1626597707277509#-46.5#4.92714629068868#9
0000 0033 2000 0000 0000 0000#1626597707278772#-49.0#5.939573610693203#9
0000 002E 2000 0000 0000 0000#1626597707280068#-56.0#3.6692820446224537#9
0000 0030 2000 0000 0000 0000#1626597707281374#-44.0#3.9576704327449543#9
0000 0038 2000 0000 0000 0000#1626597707282696#-37.0#2.141437179888355#9
0000 0031 2000 0000 0000 0000#1626597707283977#-43.0#4.3503695144436785#9
0000 0039 2000 0000 0000 0000#1626597707285029#-34.0#2.3930100291016#9
0000 0036 2000 0000 0000 0000#1626597707295740#-43.5#1.509437095279471#9
0000 0034 2000 0000 0000 0000#1626597707297028#-46.0#0.7547185476397354#9
0000 002F 2000 0000 0000 0000#1626597707298120#-46.0#3.9944859716542096#9
FFFF FFFF FFFF FFFF FFFF FFFF#1626597707299184#-67.5#0.07363107781851078#9
0000 002D 2000 0000 0000 0000#1626597707301390#-62.0#2.60776733940559#9
0000 002E 2000 0000 0000 0000#1626597707573152#-58.5#0.39269908169872414#9
0000 0038 2000 0000 0000 0000#1626597707574684#-43.0#0.9817477042468103#9
0000 0030 2000 0000 0000 0000#1626597707576346#-57.5#2.6261751088602177#9
0000 0031 2000 0000 0000 0000#1626597707577426#-46.0#2.8716120349219203#9
0000 0037 2000 0000 0000 0000#1626597707578717#-46.0#0.2638446955163303#9
0000 002F 2000 0000 0000 0000#1626597707579751#-58.5#1.9941750242513334#9
0000 0033 2000 0000 0000 0000#1626597707580871#-40.5#3.356349963893783#9
0000 003A 2000 0000 0000 0000#1626597707582118#-31.5#1.6198837120072371#9
0000 003B 2000 0000 0000 0000#1626597707583157#-35.0#2.84706834231575#9
0000 0039 2000 0000 0000 0000#1626597707584495#-39.0#1.4051264017032472#9
0000 002D 2000 0000 0000 0000#1626597707585548#-57.5#5.589825991055276#9
0000 0032 2000 0000 0000 0000#1626597707586636#-44.0#3.074097498922825#9
0000 0035 2000 0000 0000 0000#1626597707587714#-45.5#4.970097752749477#9
FFFF FFFF FFFF FFFF FFFF FFFF#1626597707588790#-67.0#5.301437602932776#9
0000 0036 2000 0000 0000 0000#1626597707590917#-47.5#5.368932757599744#9
0000 0034 2000 0000 0000 0000#1626597707593133#-42.5#4.04357335686655#9
0000 002F 2000 0000 0000 0000#1626597707598037#-58.5#1.8530487917658545#9
0000 0032 2000 0000 0000 0000#1626597707599342#-44.5#3.067961575771282#9
0000 0034 2000 0000 0000 0000#1626597707600418#-42.0#4.006757817957295#9
0000 0036 2000 0000 0000 0000#1626597707602862#-47.0#5.264622064023521#9
0000 0035 2000 0000 0000 0000#1626597707604165#-45.5#4.822835597112456#9
0000 003B 2000 0000 0000 0000#1626597707606173#-35.5#2.804116880254952#9
0000 003A 2000 0000 0000 0000#1626597707607705#-32.0#1.576932249946439#9
0000 0031 2000 0000 0000 0000#1626597707608782#-48.0#2.816388726558037#9
0000 0039 2000 0000 0000 0000#1626597707610364#-39.0#1.3437671701878218#9
0000 002D 2000 0000 0000 0000#1626597707611391#-57.0#5.313709449235861#9
0000 0037 2000 0000 0000 0000#1626597707612456#-47.5#0.0674951546669682#9
0000 002E 2000 0000 0000 0000#1626597707613737#-58.0#6.111379458936394#9
0000 0033 2000 0000 0000 0000#1626597707614997#-41.5#3.2765829629237295#9
0000 0030 2000 0000 0000 0000#1626597707616127#-58.5#2.3071071049800045#9
FFFF FFFF FFFF FFFF FFFF FFFF#1626597707618503#-67.0#5.436427912266712#9
0000 0038 2000 0000 0000 0000#1626597707619792#-44.5#0.8099418560036186#9
0000 0035 2000 0000 0000 0000#1626597707893880#-41.0#3.5465635815916023#9
0000 002F 2000 0000 0000 0000#1626597707895412#-61.5#5.565282298449106#9
0000 0033 2000 0000 0000 0000#1626597707896485#-51.5#3.2397674240144743#9
0000 003A 2000 0000 0000 0000#1626597707897768#-38.0#1.1351457830353744#9
0000 0037 2000 0000 0000 0000#1626597707899074#-44.5#4.534447208989955#9
0000 003B 2000 0000 0000 0000#1626597707900170#-38.5#2.5709518004963345#9
0000 0038 2000 0000 0000 0000#1626597707909488#-45.5#6.092971689481767#9
0000 0036 2000 0000 0000 0000#1626597707911432#-40.5#4.546719055293041#9
0000 002D 2000 0000 0000 0000#1626597707912471#-56.0#3.522019888985432#9
0000 0031 2000 0000 0000 0000#1626597707913732#-55.5#2.5770877236478773#9
0000 0032 2000 0000 0000 0000#1626597707915324#-55.0#3.2888548092268146#9
0000 0034 2000 0000 0000 0000#1626597707916972#-42.5#4.172427743048944#9
0000 002E 2000 0000 0000 0000#1626597707917985#-57.5#4.473087977474529#9
0000 0039 2000 0000 0000 0000#1626597707919035#-45.5#0.9817477042468103#9
FFFF FFFF FFFF FFFF FFFF FFFF#1626597707921381#-67.5#0.607456392002714#9
0000 0030 2000 0000 0000 0000#1626597707922835#-62.5#1.2517283229146832#9
0000 0039 2000 0000 0000 0000#1626597707928945#-46.0#0.9081166264282996#9
0000 0032 2000 0000 0000 0000#1626597707929992#-55.5#3.2213596545598464#9
0000 0036 2000 0000 0000 0000#1626597707931071#-40.5#4.503767593232243#9
0000 003A 2000 0000 0000 0000#1626597707932120#-38.0#1.7732817907958012#9
FFFF FFFF FFFF FFFF FFFF FFFF#1626597707933412#-67.5#0.6565437772150544#9
0000 0038 2000 0000 0000 0000#1626597707934761#-44.5#5.93343768754166#9
0000 0035 2000 0000 0000 0000#1626597707936294#-40.0#4.28287435977671#9
0000 002E 2000 0000 0000 0000#1626597707937406#-57.5#4.331961744989051#9
0000 0034 2000 0000 0000 0000#1626597707938910#-43.5#4.172427743048944#9
0000 002D 2000 0000 0000 0000#1626597707939977#-56.0#3.368621810196868#9
0000 0037 2000 0000 0000 0000#1626597707942278#-42.5#5.105088062083414#9
0000 003B 2000 0000 0000 0000#1626597707944514#-39.0#3.2949907323783574#9
0000 002F 2000 0000 0000 0000#1626597707946063#-60.0#6.043884304269426#9
0000 0030 2000 0000 0000 0000#1626597707947476#-63.0#0.9142525495798421#9
0000 0033 2000 0000 0000 0000#1626597707948764#-52.5#3.9699422790480394#9
0000 0031 2000 0000 0000 0000#1626597707949829#-56.5#2.350058567040802#9
0000 0034 2000 0000 0000 0000#1626597708217000#-54.0#3.0372819600135696#9
0000 0039 2000 0000 0000 0000#1626597708218341#-43.5#5.184855063053467#9
0000 0032 2000 0000 0000 0000#1626597708219390#-58.5#0.3313398501832985#9
0000 002E 2000 0000 0000 0000#1626597708220929#-60.0#2.1230294104337273#9
FFFF FFFF FFFF FFFF FFFF FFFF#1626597708222461#-67.5#0.11044661672776616#9
0000 0038 2000 0000 0000 0000#1626597708223995#-44.0#4.724660826687775#9
0000 0031 2000 0000 0000 0000#1626597708225303#-56.5#5.798447378207723#9
0000 003A 2000 0000 0000 0000#1626597708226365#-42.0#5.841398840268521#9
0000 003B 2000 0000 0000 0000#1626597708228443#-46.5#2.0923497946760143#9
0000 0035 2000 0000 0000 0000#1626597708233007#-51.5#3.5465635815916023#9
0000 0030 2000 0000 0000 0000#1626597708234576#-61.0#4.657165672020807#9
0000 002F 2000 0000 0000 0000#1626597708235624#-59.0#3.761320891895592#9
0000 0033 2000 0000 0000 0000#1626597708236757#-58.0#1.6751070203711202#9
0000 002D 2000 0000 0000 0000#1626597708238063#-59.5#0.619728238305799#9
0000 0037 2000 0000 0000 0000#1626597708239854#-46.5#4.356505437595221#9
0000 0036 2000 0000 0000 0000#1626597708241400#-51.5#3.8410878928656453#9
0000 0038 2000 0000 0000 0000#1626597708248360#-44.5#4.6878452877785195#9
0000 0034 2000 0000 0000 0000#1626597708250222#-54.0#2.791845033951867#9
0000 0036 2000 0000 0000 0000#1626597708251555#-51.5#3.773592738198677#9
0000 0033 2000 0000 0000 0000#1626597708252937#-56.5#1.533980787885641#9
0000 003A 2000 0000 0000 0000#1626597708254001#-42.0#5.632777453116074#9
0000 003B 2000 0000 0000 0000#1626597708255523#-47.0#1.902136176978195#9
0000 0039 2000 0000 0000 0000#1626597708256607#-43.5#5.043728830567988#9
0000 0032 2000 0000 0000 0000#1626597708257683#-58.5#6.178874613603362#9
0000 002D 2000 0000 0000 0000#1626597708258736#-59.5#0.4049709280018093#9
0000 002E 2000 0000 0000 0000#1626597708259851#-60.5#1.6505633277649499#9
0000 0037 2000 0000 0000 0000#1626597708261396#-47.5#4.319689898685965#9
0000 0031 2000 0000 0000 0000#1626597708262835#-56.5#5.43029198911517#9
FFFF FFFF FFFF FFFF FFFF FFFF#1626597708264487#-67.0#0.1718058482431918#9
0000 0030 2000 0000 0000 0000#1626597708265571#-60.5#4.454680208019902#9
0000 0035 2000 0000 0000 0000#1626597708266618#-52.5#3.3440781175906977#9
0000 002F 2000 0000 0000 0000#1626597708268349#-59.5#3.509748042682347#9
0000 0038 2000 0000 0000 0000#1626597708531237#-51.5#3.865631585471816#9
0000 003B 2000 0000 0000 0000#1626597708532519#-47.5#6.154330920997192#9
0000 0039 2000 0000 0000 0000#1626597708533863#-46.5#4.190835512503572#9
0000 0031 2000 0000 0000 0000#1626597708537700#-56.5#3.2949907323783574#9
FFFF FFFF FFFF FFFF FFFF FFFF#1626597708539008#-67.5#0.09203884727313846#9
0000 0033 2000 0000 0000 0000#1626597708540849#-56.5#4.755340442445488#9
0000 003A 2000 0000 0000 0000#1626597708541898#-40.0#4.313553975534423#9
0000 0037 2000 0000 0000 0000#1626597708542962#-56.5#3.104777114680538#9
0000 0034 2000 0000 0000 0000#1626597708544024#-56.5#5.994796919057086#9
0000 0035 2000 0000 0000 0000#1626597708545383#-56.5#0.9878836273983529#9
0000 0032 2000 0000 0000 0000#1626597708546429#-57.0#3.8533597391687304#9
0000 002E 2000 0000 0000 0000#1626597708547500#-60.5#5.393476450205914#9
0000 0036 2000 0000 0000 0000#1626597708549386#-58.0#1.7916895602504288#9
0000 002D 2000 0000 0000 0000#1626597708551459#-59.5#4.632621979414636#9
0000 0030 2000 0000 0000 0000#1626597708552775#-63.0#2.2212041808584084#9
0000 002F 2000 0000 0000 0000#1626597708553879#-61.0#0.9572040116406401#9
0000 0033 2000 0000 0000 0000#1626597708558174#-57.0#4.724660826687775#9
0000 0039 2000 0000 0000 0000#1626597708559949#-47.0#4.129476280988146#9
0000 0032 2000 0000 0000 0000#1626597708561577#-55.5#3.773592738198677#9
0000 003B 2000 0000 0000 0000#1626597708562646#-47.0#6.019340611663256#9
0000 0034 2000 0000 0000 0000#1626597708564661#-56.0#5.853670686571607#9
0000 002E 2000 0000 0000 0000#1626597708566201#-60.5#5.252350217720435#9
FFFF FFFF FFFF FFFF FFFF FFFF#1626597708568465#-67.5#6.12365130523948#9
0000 0031 2000 0000 0000 0000#1626597708569559#-57.0#3.08636934522591#9
0000 0037 2000 0000 0000 0000#1626597708571078#-56.5#2.9022916506796332#9
0000 003A 2000 0000 0000 0000#1626597708572156#-40.0#4.239922897715912#9
0000 0030 2000 0000 0000 0000#1626597708573712#-63.5#1.9757672547967058#9
0000 0038 2000 0000 0000 0000#1626597708574761#-52.0#3.6447383520162835#9
0000 002D 2000 0000 0000 0000#1626597708577528#-59.0#4.454680208019902#9
0000 002F 2000 0000 0000 0000#1626597708578592#-61.5#0.803805932852076#9
0000 0035 2000 0000 0000 0000#1626597708579607#-57.0#0.6810874698212247#9
0000 0036 2000 0000 0000 0000#1626597708580672#-58.5#1.4910293258248433#9
0000 002D 2000 0000 0000 0000#1626597708845856#-62.0#2.650718801466388#9
0000 0037 2000 0000 0000 0000#1626597708846933#-59.0#6.258641614573416#9
0000 0039 2000 0000 0000 0000#1626597708848057#-52.0#2.411417798556228#9
0000 003B 2000 0000 0000 0000#1626597708850574#-47.5#4.565126824747668#9
0000 003A 2000 0000 0000 0000#1626597708852603#-45.0#2.8409324191642074#9
0000 0033 2000 0000 0000 0000#1626597708853852#-58.5#2.509592568980909#9
0000 0035 2000 0000 0000 0000#1626597708854869#-54.5#4.295146206079795#9
0000 0030 2000 0000 0000 0000#1626597708856167#-64.0#5.123495831538041#9
0000 002F 2000 0000 0000 0000#1626597708857230#-59.0#4.491495746929157#9
FFFF FFFF FFFF FFFF FFFF FFFF#1626597708859036#-67.5#5.105088062083414#9
0000 0031 2000 0000 0000 0000#1626597708860073#-59.0#0.18407769454627693#9
0000 0032 2000 0000 0000 0000#1626597708862145#-59.0#1.1965050145508#9
0000 002E 2000 0000 0000 0000#1626597708865396#-63.0#3.380893656499953#9
0000 0034 2000 0000 0000 0000#1626597708866770#-55.0#3.3870295796514958#9
0000 0038 2000 0000 0000 0000#1626597708867848#-56.0#1.282407938672396#9
0000 0036 2000 0000 0000 0000#1626597708869722#-57.0#4.7307967498393175#9
0000 0030 2000 0000 0000 0000#1626597708875563#-64.0#4.994641445355648#9
0000 0036 2000 0000 0000 0000#1626597708876869#-57.0#4.724660826687775#9
0000 003B 2000 0000 0000 0000#1626597708877963#-47.5#4.454680208019902#9
0000 0038 2000 0000 0000 0000#1626597708879042#-56.0#1.2026409377023426#9
0000 0037 2000 0000 0000 0000#1626597708880589#-58.0#5.93343768754166#9
0000 0039 2000 0000 0000 0000#1626597708881640#-52.5#2.1782527187976104#9
0000 0034 2000 0000 0000 0000#1626597708882972#-55.0#3.2090878082567613#9
0000 002F 2000 0000 0000 0000#1626597708884292#-59.5#4.3074180523828804#9
0000 0033 2000 0000 0000 0000#1626597708885325#-58.5#2.2396119503130363#9
0000 002E 2000 0000 0000 0000#1626597708886850#-64.0#3.1784081924990484#9
0000 003A 2000 0000 0000 0000#1626597708888137#-45.5#2.6875343403756435#9
0000 0032 2000 0000 0000 0000#1626597708890937#-60.0#0.8651651643675016#9
0000 0035 2000 0000 0000 0000#1626597708892014#-55.0#4.049709280018092#9
0000 0031 2000 0000 0000 0000#1626597708897129#-59.0#6.086835766330224#9
FFFF FFFF FFFF FFFF FFFF FFFF#1626597708898795#-67.5#5.111223985234957#9
0000 0033 2000 0000 0000 0000#1626597709165168#-59.5#0.607456392002714#9
0000 003B 2000 0000 0000 0000#1626597709166217#-52.5#4.528311285838413#9
0000 0036 2000 0000 0000 0000#1626597709167295#-59.0#4.006757817957295#9
0000 0031 2000 0000 0000 0000#1626597709168634#-60.0#5.424156065963627#9
0000 0034 2000 0000 0000 0000#1626597709170676#-57.0#1.9389517158874505#9
0000 003A 2000 0000 0000 0000#1626597709172164#-52.0#2.2764274892222915#9
0000 0037 2000 0000 0000 0000#1626597709173727#-58.0#5.184855063053467#9
0000 0039 2000 0000 0000 0000#1626597709175789#-56.5#1.1719613219446299#9
0000 0038 2000 0000 0000 0000#1626597709176840#-58.0#6.2463697682703305#9
0000 0035 2000 0000 0000 0000#1626597709178127#-58.0#3.153864499892878#9
0000 002E 2000 0000 0000 0000#1626597709179683#-64.5#3.2090878082567613#9
0000 002F 2000 0000 0000 0000#1626597709186662#-64.0#3.859495662320273#9
0000 0032 2000 0000 0000 0000#1626597709187708#-60.5#5.9518454569962875#9
FFFF FFFF FFFF FFFF FFFF FFFF#1626597709190034#-67.5#0.6442719309119693#9
0000 0032 2000 0000 0000 0000#1626597709195112#-60.0#5.939573610693203#9
0000 0034 2000 0000 0000 0000#1626597709196442#-56.5#1.9266798695843652#9
0000 003B 2000 0000 0000 0000#1626597709197794#-52.5#4.571262747899211#9
0000 0031 2000 0000 0000 0000#1626597709198861#-60.0#5.43029198911517#9
0000 0038 2000 0000 0000 0000#1626597709199897#-58.0#0.0#9
0000 0039 2000 0000 0000 0000#1626597709201176#-57.0#1.2210487071569704#9
0000 002D 2000 0000 0000 0000#1626597709202231#-63.5#2.8102528034064944#9
0000 002F 2000 0000 0000 0000#1626597709203309#-64.5#3.847223816017188#9
0000 002E 2000 0000 0000 0000#1626597709204579#-65.5#2.9820586516496865#9
0000 0035 2000 0000 0000 0000#1626597709206578#-57.5#3.2029518851052186#9
0000 0037 2000 0000 0000 0000#1626597709209351#-57.5#5.190990986205009#9
0000 0033 2000 0000 0000 0000#1626597709210698#-60.5#0.803805932852076#9
FFFF FFFF FFFF FFFF FFFF FFFF#1626597709211976#-67.5#0.4908738521234052#9
0000 003A 2000 0000 0000 0000#1626597709213093#-52.0#2.2764274892222915#9
