0000 002D 2000 0000 0000 0000#1626597685369358#-52.0#3.074097498922825#9
0000 002E 2000 0000 0000 0000#1626597685371494#-50.0#2.9022916506796332#9
0000 0039 2000 0000 0000 0000#1626597685372577#-44.5#3.368621810196868#9
0000 003A 2000 0000 0000 0000#1626597685373670#-42.5#2.6445828783148455#9
0000 0038 2000 0000 0000 0000#1626597685375281#-45.0#3.847223816017188#9
0000 0035 2000 0000 0000 0000#1626597685376585#-47.5#4.853515212870168#9
0000 0036 2000 0000 0000 0000#1626597685377688#-48.0#4.693981210930062#9
0000 0031 2000 0000 0000 0000#1626597685378769#-50.0#1.4296700943094176#9
0000 0034 2000 0000 0000 0000#1626597685379887#-49.5#5.706408530934585#9
0000 0030 2000 0000 0000 0000#1626597685380929#-50.0#2.270291566070749#9
0000 0037 2000 0000 0000 0000#1626597685383360#-46.0#4.178563666200486#9
0000 0033 2000 0000 0000 0000#1626597685385019#-50.0#0.4295146206079795#9
0000 002F 2000 0000 0000 0000#1626597685386324#-50.5#2.497320722677824#9
0000 0032 2000 0000 0000 0000#1626597685387400#-50.0#1.0921943209745766#9
0000 003B 2000 0000 0000 0000#1626597685388823#-61.5#3.706097583531709#9
FFFF FFFF FFFF FFFF FFFF FFFF#1626597685389974#-68.5#5.988660995905543#9
0000 0038 2000 0000 0000 0000#1626597685393432#-44.5#3.8410878928656453#9
0000 003B 2000 0000 0000 0000#1626597685394971#-61.5#3.749049045592507#9
0000 002E 2000 0000 0000 0000#1626597685395968#-50.0#2.9329712664373457#9
0000 003A 2000 0000 0000 0000#1626597685398276#-42.0#2.6813984172241008#9
0000 0036 2000 0000 0000 0000#1626597685399610#-47.5#4.7307967498393175#9
0000 0031 2000 0000 0000 0000#1626597685408587#-50.0#0.9203884727313847#9
0000 0030 2000 0000 0000 0000#1626597685412378#-49.5#1.7426021750380885#9
0000 002D 2000 0000 0000 0000#1626597685413457#-51.5#2.552544031041707#9
0000 0032 2000 0000 0000 0000#1626597685414746#-50.5#0.619728238305799#9
0000 0039 2000 0000 0000 0000#1626597685415799#-44.5#2.767301341345697#9
0000 0034 2000 0000 0000 0000#1626597685416917#-50.0#5.295301679781233#9
0000 0037 2000 0000 0000 0000#1626597685418632#-47.0#3.663146121470911#9
0000 0035 2000 0000 0000 0000#1626597685419679#-48.0#4.4362724385652745#9
FFFF FFFF FFFF FFFF FFFF FFFF#1626597685420757#-67.5#5.056000676871073#9
0000 0033 2000 0000 0000 0000#1626597685423964#-49.0#0.06135923151542565#9
0000 002F 2000 0000 0000 0000#1626597685425027#-50.0#1.9941750242513334#9
0000 0032 2000 0000 0000 0000#1626597685689004#-45.0#1.9205439464328227#9
0000 0036 2000 0000 0000 0000#1626597685690438#-49.5#5.9088939949354895#9
0000 0031 2000 0000 0000 0000#1626597685691475#-44.5#2.110757564130642#9
0000 0038 2000 0000 0000 0000#1626597685692537#-45.5#4.184699589352029#9
0000 003B 2000 0000 0000 0000#1626597685693621#-44.5#2.8716120349219203#9
0000 002E 2000 0000 0000 0000#1626597685694719#-47.0#3.2336315008629315#9
0000 0034 2000 0000 0000 0000#1626597685695794#-48.0#0.9019807032767571#9
0000 0033 2000 0000 0000 0000#1626597685697837#-46.5#1.6198837120072371#9
0000 0035 2000 0000 0000 0000#1626597685700319#-49.5#0.0#9
0000 0039 2000 0000 0000 0000#1626597685701358#-42.5#3.442252888015379#9
0000 002F 2000 0000 0000 0000#1626597685702406#-47.0#2.9022916506796332#9
0000 0030 2000 0000 0000 0000#1626597685703918#-45.5#2.718213956133356#9
0000 003A 2000 0000 0000 0000#1626597685704993#-36.0#2.5280003384355365#9
0000 0037 2000 0000 0000 0000#1626597685706672#-48.5#4.957825906446392#9
0000 002D 2000 0000 0000 0000#1626597685707740#-48.5#3.4054373491061236#9
FFFF FFFF FFFF FFFF FFFF FFFF#1626597685709401#-68.0#5.405748296509#9
0000 003B 2000 0000 0000 0000#1626597685712952#-44.0#2.8654761117703775#9
0000 0031 2000 0000 0000 0000#1626597685714032#-45.0#2.1782527187976104#9
0000 0033 2000 0000 0000 0000#1626597685715348#-46.0#1.6751070203711202#9
0000 003A 2000 0000 0000 0000#1626597685716646#-36.0#2.5709518004963345#9
0000 002E 2000 0000 0000 0000#1626597685717932#-46.5#3.3072625786814425#9
0000 0032 2000 0000 0000 0000#1626597685718990#-44.5#2.018718716857504#9
0000 0036 2000 0000 0000 0000#1626597685720779#-50.0#6.086835766330224#9
0000 0035 2000 0000 0000 0000#1626597685722098#-49.0#0.14112623248547898#9
0000 0034 2000 0000 0000 0000#1626597685724811#-47.5#1.0492428589137786#9
0000 0038 2000 0000 0000 0000#1626597685726104#-45.5#4.325825821837508#9
0000 002F 2000 0000 0000 0000#1626597685727609#-46.5#2.9759227284981438#9
0000 002D 2000 0000 0000 0000#1626597685728947#-48.5#3.454524734318464#9
FFFF FFFF FFFF FFFF FFFF FFFF#1626597685730669#-68.0#5.663457068873787#9
0000 0037 2000 0000 0000 0000#1626597685732497#-48.5#5.123495831538041#9
0000 0030 2000 0000 0000 0000#1626597685734395#-45.0#2.7857091108003242#9
0000 0039 2000 0000 0000 0000#1626597685735463#-42.5#3.5465635815916023#9
0000 003B 2000 0000 0000 0000#1626597686001365#-39.5#4.399456899656019#9
0000 002F 2000 0000 0000 0000#1626597686003858#-44.0#4.442408361716817#9
0000 003A 2000 0000 0000 0000#1626597686005633#-34.0#4.331961744989051#9
0000 002D 2000 0000 0000 0000#1626597686006713#-47.0#4.853515212870168#9
0000 0035 2000 0000 0000 0000#1626597686015924#-44.0#2.055534255766759#9
0000 0034 2000 0000 0000 0000#1626597686017900#-42.5#2.6323110320117604#9
0000 002E 2000 0000 0000 0000#1626597686018942#-44.5#4.577398671050753#9
0000 0031 2000 0000 0000 0000#1626597686020051#-41.5#3.6079228131070282#9
0000 0033 2000 0000 0000 0000#1626597686021113#-42.5#3.1906800388021335#9
0000 0032 2000 0000 0000 0000#1626597686022423#-41.5#3.466796580621549#9
0000 0030 2000 0000 0000 0000#1626597686023735#-43.0#4.135612204139688#9
0000 0038 2000 0000 0000 0000#1626597686024871#-46.0#0.17794177139473438#9
0000 0039 2000 0000 0000 0000#1626597686025982#-42.5#5.344389064993574#9
0000 0036 2000 0000 0000 0000#1626597686027287#-45.5#1.9082721001297376#9
0000 0037 2000 0000 0000 0000#1626597686028721#-47.0#1.0921943209745766#9
FFFF FFFF FFFF FFFF FFFF FFFF#1626597686029929#-69.0#0.04908738521234052#9
0000 0033 2000 0000 0000 0000#1626597686033140#-42.0#3.2213596545598464#9
0000 002E 2000 0000 0000 0000#1626597686034252#-45.0#4.577398671050753#9
0000 0039 2000 0000 0000 0000#1626597686037166#-43.0#5.418020142812084#9
0000 0032 2000 0000 0000 0000#1626597686038468#-41.0#3.5036121195308043#9
0000 0030 2000 0000 0000 0000#1626597686039556#-43.0#4.172427743048944#9
0000 0034 2000 0000 0000 0000#1626597686040605#-42.5#2.675262494072558#9
0000 0038 2000 0000 0000 0000#1626597686041698#-46.0#0.28225246497095796#9
0000 003A 2000 0000 0000 0000#1626597686043293#-34.5#4.3074180523828804#9
0000 0035 2000 0000 0000 0000#1626597686044385#-44.0#2.1230294104337273#9
0000 002D 2000 0000 0000 0000#1626597686045493#-47.5#4.71238898038469#9
0000 003B 2000 0000 0000 0000#1626597686046532#-39.5#4.3503695144436785#9
0000 0036 2000 0000 0000 0000#1626597686047868#-45.0#1.9819031779482483#9
0000 0037 2000 0000 0000 0000#1626597686049758#-47.0#1.1780972450961724#9
0000 002F 2000 0000 0000 0000#1626597686051206#-44.0#4.331961744989051#9
0000 0031 2000 0000 0000 0000#1626597686052258#-41.0#3.6815538909255388#9
FFFF FFFF FFFF FFFF FFFF FFFF#1626597686053279#-68.5#0.19634954084936207#9
0000 0039 2000 0000 0000 0000#1626597686316919#-42.0#0.07976700097005335#9
0000 0030 2000 0000 0000 0000#1626597686318260#-41.5#4.270602513473625#9
0000 0037 2000 0000 0000 0000#1626597686319325#-43.5#1.7732817907958012#9
0000 0034 2000 0000 0000 0000#1626597686320842#-40.0#2.9206994201342606#9
0000 003A 2000 0000 0000 0000#1626597686321935#-34.5#5.117359908386499#9
FFFF FFFF FFFF FFFF FFFF FFFF#1626597686323911#-69.0#5.638913376267617#9
0000 0033 2000 0000 0000 0000#1626597686325199#-39.5#3.442252888015379#9
0000 003B 2000 0000 0000 0000#1626597686326278#-39.5#4.963961829597935#9
0000 0036 2000 0000 0000 0000#1626597686327373#-42.0#2.3930100291016#9
0000 0031 2000 0000 0000 0000#1626597686329166#-39.5#3.7981364308048478#9
0000 0038 2000 0000 0000 0000#1626597686330689#-42.5#1.1965050145508#9
0000 002F 2000 0000 0000 0000#1626597686331992#-42.5#4.399456899656019#9
0000 002E 2000 0000 0000 0000#1626597686333763#-44.0#4.632621979414636#9
0000 0035 2000 0000 0000 0000#1626597686334885#-40.5#2.5280003384355365#9
0000 0032 2000 0000 0000 0000#1626597686337724#-38.0#3.6815538909255388#9
0000 002D 2000 0000 0000 0000#1626597686338748#-47.0#4.71238898038469#9
0000 0032 2000 0000 0000 0000#1626597686345510#-39.5#3.693825737228624#9
0000 0030 2000 0000 0000 0000#1626597686346837#-41.5#4.3074180523828804#9
0000 0039 2000 0000 0000 0000#1626597686349247#-41.5#0.23316507975861744#9
0000 0037 2000 0000 0000 0000#1626597686350311#-43.0#1.846912868614312#9
0000 003A 2000 0000 0000 0000#1626597686351601#-35.0#5.240078371417351#9
FFFF FFFF FFFF FFFF FFFF FFFF#1626597686352906#-68.5#5.626641529964532#9
0000 002F 2000 0000 0000 0000#1626597686353954#-42.5#4.424000592262189#9
0000 002E 2000 0000 0000 0000#1626597686355524#-44.0#4.663301595172349#9
0000 002D 2000 0000 0000 0000#1626597686356853#-46.5#4.73693267299086#9
0000 0038 2000 0000 0000 0000#1626597686358147#-42.5#1.2762720155208536#9
0000 0034 2000 0000 0000 0000#1626597686359195#-40.0#3.0066023442558567#9
0000 0035 2000 0000 0000 0000#1626597686360428#-40.0#2.5586799541932495#9
0000 003B 2000 0000 0000 0000#1626597686362294#-39.5#5.092816215780329#9
0000 0036 2000 0000 0000 0000#1626597686363847#-41.5#2.454369260617026#9
0000 0031 2000 0000 0000 0000#1626597686368375#-40.0#3.865631585471816#9
0000 0033 2000 0000 0000 0000#1626597686369452#-39.0#3.5342917352885173#9
FFFF FFFF FFFF FFFF FFFF FFFF#1626597686632829#-69.5#5.0682725231741586#9
0000 0030 2000 0000 0000 0000#1626597686634155#-40.5#4.301282129231338#9
0000 0036 2000 0000 0000 0000#1626597686635702#-39.0#2.5402721847386216#9
0000 0033 2000 0000 0000 0000#1626597686637008#-38.5#3.5588354278946874#9
0000 0034 2000 0000 0000 0000#1626597686639050#-38.5#3.0802334220743677#9
0000 003A 2000 0000 0000 0000#1626597686640890#-33.0#6.031612457966341#9
0000 002E 2000 0000 0000 0000#1626597686642002#-43.5#4.583534594202296#9
0000 0032 2000 0000 0000 0000#1626597686643307#-38.5#3.7551849687440497#9
0000 0038 2000 0000 0000 0000#1626597686646129#-39.0#1.6566992509164924#9
0000 0037 2000 0000 0000 0000#1626597686648307#-39.5#2.061670178918302#9
0000 002D 2000 0000 0000 0000#1626597686649881#-46.5#4.6448938257177215#9
0000 003B 2000 0000 0000 0000#1626597686651163#-39.0#5.8659425328746915#9
0000 0035 2000 0000 0000 0000#1626597686653123#-37.5#2.6568547246179306#9
0000 0039 2000 0000 0000 0000#1626597686655574#-38.0#0.9203884727313847#9
0000 0031 2000 0000 0000 0000#1626597686657254#-39.0#3.9208548938356986#9
0000 002F 2000 0000 0000 0000#1626597686659188#-42.0#4.411728745959104#9
0000 003B 2000 0000 0000 0000#1626597686663394#-38.5#5.921165841238575#9
0000 0031 2000 0000 0000 0000#1626597686665200#-39.0#3.9269908169872414#9
0000 0032 2000 0000 0000 0000#1626597686667479#-37.5#3.810408277107933#9
0000 003A 2000 0000 0000 0000#1626597686668573#-32.5#6.129787228391022#9
0000 002F 2000 0000 0000 0000#1626597686669836#-42.0#4.442408361716817#9
0000 0039 2000 0000 0000 0000#1626597686670948#-38.0#0.9633399347921826#9
0000 0037 2000 0000 0000 0000#1626597686672242#-39.0#2.110757564130642#9
0000 0038 2000 0000 0000 0000#1626597686674295#-38.0#1.705786636128833#9
0000 0034 2000 0000 0000 0000#1626597686676847#-37.0#3.1231848841351653#9
0000 0033 2000 0000 0000 0000#1626597686678272#-38.0#3.6263305825616556#9
0000 0035 2000 0000 0000 0000#1626597686679292#-37.5#2.6875343403756435#9
0000 002E 2000 0000 0000 0000#1626597686680970#-43.5#4.614214209960009#9
0000 0036 2000 0000 0000 0000#1626597686682147#-38.5#2.6139032625571326#9
0000 0030 2000 0000 0000 0000#1626597686683237#-40.5#4.362641360746763#9
0000 002D 2000 0000 0000 0000#1626597686684530#-46.5#4.6448938257177215#9
FFFF FFFF FFFF FFFF FFFF FFFF#1626597686685949#-68.5#4.7307967498393175#9
0000 0037 2000 0000 0000 0000#1626597686949588#-36.5#2.84706834231575#9
0000 002D 2000 0000 0000 0000#1626597686950681#-45.5#5.0253210611133605#9
0000 003A 2000 0000 0000 0000#1626597686952003#-29.5#1.1044661672776617#9
0000 0031 2000 0000 0000 0000#1626597686953283#-37.5#4.595806440505381#9
0000 0032 2000 0000 0000 0000#1626597686954871#-37.0#4.4976316700806995#9
0000 0035 2000 0000 0000 0000#1626597686958537#-36.0#3.442252888015379#9
0000 003B 2000 0000 0000 0000#1626597686959662#-35.5#1.0676506283684062#9
FFFF FFFF FFFF FFFF FFFF FFFF#1626597686961198#-69.5#5.203262832508095#9
0000 0030 2000 0000 0000 0000#1626597686962252#-40.0#4.9394181369917645#9
0000 0038 2000 0000 0000 0000#1626597686963572#-35.5#2.509592568980909#9
0000 0039 2000 0000 0000 0000#1626597686964601#-34.0#1.9634954084936207#9
0000 002F 2000 0000 0000 0000#1626597686965890#-41.0#4.9823695990525625#9
0000 0033 2000 0000 0000 0000#1626597686967179#-37.0#4.362641360746763#9
0000 0036 2000 0000 0000 0000#1626597686968712#-37.0#3.380893656499953#9
0000 0034 2000 0000 0000 0000#1626597686970216#-36.5#3.9269908169872414#9
0000 002E 2000 0000 0000 0000#1626597686973480#-42.5#5.049864753719531#9
0000 0039 2000 0000 0000 0000#1626597686977079#-33.5#2.0064468705544187#9
0000 0034 2000 0000 0000 0000#1626597686978626#-36.5#3.9392626632903265#9
0000 002F 2000 0000 0000 0000#1626597686979704#-41.0#5.00077736850719#9
0000 002E 2000 0000 0000 0000#1626597686981001#-42.0#5.037592907416445#9
0000 0031 2000 0000 0000 0000#1626597686983021#-37.5#4.638757902566179#9
0000 002D 2000 0000 0000 0000#1626597686984338#-45.5#5.019185137961818#9
0000 003A 2000 0000 0000 0000#1626597686986350#-28.5#1.2087768608538851#9
0000 0035 2000 0000 0000 0000#1626597686987345#-35.5#3.497476196379262#9
0000 0030 2000 0000 0000 0000#1626597686989169#-39.5#4.970097752749477#9
FFFF FFFF FFFF FFFF FFFF FFFF#1626597686990521#-69.0#5.473243451175968#9
0000 0032 2000 0000 0000 0000#1626597686991565#-37.5#4.583534594202296#9
0000 0037 2000 0000 0000 0000#1626597686992857#-36.5#2.9145634969827183#9
0000 0036 2000 0000 0000 0000#1626597686996124#-37.0#3.429981041712294#9
0000 0038 2000 0000 0000 0000#1626597686997657#-35.0#2.5893595699509624#9
0000 0033 2000 0000 0000 0000#1626597686998733#-37.0#4.417864669110647#9
0000 003B 2000 0000 0000 0000#1626597686999763#-35.5#1.227184630308513#9
0000 0030 2000 0000 0000 0000#1626597687265560#-40.0#5.767767762450011#9
0000 0031 2000 0000 0000 0000#1626597687266896#-38.0#5.546874528994478#9
0000 0033 2000 0000 0000 0000#1626597687268821#-37.5#5.43029198911517#9
0000 0032 2000 0000 0000 0000#1626597687270082#-38.0#5.522330836388308#9
0000 002D 2000 0000 0000 0000#1626597687271149#-47.0#5.595961914206819#9
0000 002F 2000 0000 0000 0000#1626597687272440#-41.5#5.7616318392984684#9
FFFF FFFF FFFF FFFF FFFF FFFF#1626597687273775#-70.0#6.264777537724958#9
0000 0039 2000 0000 0000 0000#1626597687274865#-32.0#3.356349963893783#9
0000 003A 2000 0000 0000 0000#1626597687275956#-27.0#2.7120780329818137#9
0000 003B 2000 0000 0000 0000#1626597687277543#-33.5#2.7857091108003242#9
0000 0035 2000 0000 0000 0000#1626597687278579#-35.5#4.638757902566179#9
0000 002E 2000 0000 0000 0000#1626597687279692#-43.0#5.681864838328415#9
0000 0036 2000 0000 0000 0000#1626597687281193#-36.5#4.577398671050753#9
0000 0034 2000 0000 0000 0000#1626597687282225#-36.0#5.013049214810275#9
0000 0038 2000 0000 0000 0000#1626597687285182#-34.0#3.8533597391687304#9
0000 0037 2000 0000 0000 0000#1626597687286202#-35.5#4.147884050442774#9
0000 0031 2000 0000 0000 0000#1626597687290556#-38.0#5.565282298449106#9
0000 0038 2000 0000 0000 0000#1626597687291650#-34.0#3.8717675086233583#9
0000 003B 2000 0000 0000 0000#1626597687292690#-33.0#2.8409324191642074#9
0000 002F 2000 0000 0000 0000#1626597687293967#-42.0#5.7616318392984684#9
0000 0039 2000 0000 0000 0000#1626597687296729#-32.0#3.423845118560751#9
0000 0033 2000 0000 0000 0000#1626597687297819#-37.5#5.460971604872882#9
0000 0035 2000 0000 0000 0000#1626597687299596#-36.0#4.675573441475434#9
0000 0030 2000 0000 0000 0000#1626597687301377#-40.5#5.8045833013592665#9
0000 0036 2000 0000 0000 0000#1626597687302922#-36.5#4.614214209960009#9
0000 0034 2000 0000 0000 0000#1626597687304202#-35.5#5.037592907416445#9
0000 003A 2000 0000 0000 0000#1626597687305462#-27.0#2.7979809571034093#9
FFFF FFFF FFFF FFFF FFFF FFFF#1626597687306769#-69.5#6.0991076126333095#9
0000 0037 2000 0000 0000 0000#1626597687307818#-35.0#4.178563666200486#9
0000 0032 2000 0000 0000 0000#1626597687309478#-38.0#5.565282298449106#9
0000 002D 2000 0000 0000 0000#1626597687311430#-47.0#5.546874528994478#9
0000 002E 2000 0000 0000 0000#1626597687313100#-43.5#5.66959299202533#9
0000 0036 2000 0000 0000 0000#1626597687579137#-36.5#4.528311285838413#9
0000 003B 2000 0000 0000 0000#1626597687580429#-32.5#3.2459033471660166#9
0000 002D 2000 0000 0000 0000#1626597687581698#-48.5#4.908738521234052#9
FFFF FFFF FFFF FFFF FFFF FFFF#1626597687582719#-68.0#5.595961914206819#9
0000 0035 2000 0000 0000 0000#1626597687584295#-36.0#4.608078286808466#9
0000 0034 2000 0000 0000 0000#1626597687585282#-36.5#4.908738521234052#9
0000 003A 2000 0000 0000 0000#1626597687586290#-27.0#3.055689729468197#9
0000 0038 2000 0000 0000 0000#1626597687587399#-34.0#3.9576704327449543#9
0000 0037 2000 0000 0000 0000#1626597687588464#-35.5#4.190835512503572#9
0000 0033 2000 0000 0000 0000#1626597687589782#-38.5#5.240078371417351#9
0000 0039 2000 0000 0000 0000#1626597687591263#-32.0#3.5711072741977725#9
0000 0032 2000 0000 0000 0000#1626597687592324#-38.5#5.252350217720435#9
0000 002E 2000 0000 0000 0000#1626597687593646#-45.0#5.0682725231741586#9
0000 0031 2000 0000 0000 0000#1626597687595221#-39.0#5.227806525114265#9
0000 002F 2000 0000 0000 0000#1626597687596413#-43.5#5.258486140871978#9
0000 0030 2000 0000 0000 0000#1626597687597697#-42.0#5.3198453723874035#9
0000 0031 2000 0000 0000 0000#1626597687602305#-39.0#5.21553467881118#9
0000 0039 2000 0000 0000 0000#1626597687603585#-32.0#3.6079228131070282#9
0000 003A 2000 0000 0000 0000#1626597687604606#-27.0#3.067961575771282#9
0000 0032 2000 0000 0000 0000#1626597687606120#-39.0#5.246214294568893#9
0000 003B 2000 0000 0000 0000#1626597687607688#-32.5#3.32567034813607#9
0000 0038 2000 0000 0000 0000#1626597687609466#-33.5#3.988350048502667#9
0000 002F 2000 0000 0000 0000#1626597687610529#-43.5#5.264622064023521#9
0000 0033 2000 0000 0000 0000#1626597687612675#-37.5#5.258486140871978#9
0000 0030 2000 0000 0000 0000#1626597687614031#-42.0#5.301437602932776#9
0000 0037 2000 0000 0000 0000#1626597687615819#-35.5#4.221515128261284#9
0000 0034 2000 0000 0000 0000#1626597687616855#-37.0#4.908738521234052#9
0000 0035 2000 0000 0000 0000#1626597687619472#-36.5#4.632621979414636#9
0000 0036 2000 0000 0000 0000#1626597687621187#-36.5#4.601942363656923#9
0000 002D 2000 0000 0000 0000#1626597687622537#-48.5#4.804427827657828#9
0000 002E 2000 0000 0000 0000#1626597687623649#-45.0#5.019185137961818#9
FFFF FFFF FFFF FFFF FFFF FFFF#1626597687625456#-70.5#5.681864838328415#9
0000 002F 2000 0000 0000 0000#1626597687891103#-45.0#4.448544284868359#9
0000 003A 2000 0000 0000 0000#1626597687892193#-27.5#3.184544115650591#9
0000 0032 2000 0000 0000 0000#1626597687895050#-40.5#4.614214209960009#9
0000 002E 2000 0000 0000 0000#1626597687896134#-46.5#4.196971435655114#9
0000 0039 2000 0000 0000 0000#1626597687897185#-32.5#3.650874275167826#9
0000 003B 2000 0000 0000 0000#1626597687898724#-32.5#3.56497135104623#9
0000 002D 2000 0000 0000 0000#1626597687899947#-50.5#3.9453985864418692#9
0000 0034 2000 0000 0000 0000#1626597687901008#-37.5#4.442408361716817#9
0000 0035 2000 0000 0000 0000#1626597687902564#-36.5#4.239922897715912#9
0000 0030 2000 0000 0000 0000#1626597687903863#-43.5#4.546719055293041#9
0000 0038 2000 0000 0000 0000#1626597687905284#-34.5#3.933126740138784#9
0000 0036 2000 0000 0000 0000#1626597687906977#-37.0#4.25833066717054#9
0000 0037 2000 0000 0000 0000#1626597687908070#-36.0#4.04357335686655#9
0000 0033 2000 0000 0000 0000#1626597687909403#-40.5#4.6878452877785195#9
0000 0031 2000 0000 0000 0000#1626597687910596#-41.0#4.491495746929157#9
0000 0033 2000 0000 0000 0000#1626597687916168#-40.0#4.669437518323892#9
0000 0037 2000 0000 0000 0000#1626597687917303#-36.0#4.037437433715008#9
0000 003B 2000 0000 0000 0000#1626597687920929#-32.5#3.5956509668039427#9
0000 0036 2000 0000 0000 0000#1626597687922123#-37.0#4.252194744018997#9
0000 0039 2000 0000 0000 0000#1626597687923119#-32.5#3.6876898140770815#9
0000 0038 2000 0000 0000 0000#1626597687924226#-34.5#3.9392626632903265#9
0000 003A 2000 0000 0000 0000#1626597687925530#-27.5#3.2336315008629315#9
0000 002F 2000 0000 0000 0000#1626597687926878#-45.0#4.374913207049849#9
0000 0035 2000 0000 0000 0000#1626597687927913#-36.5#4.227651051412827#9
0000 0031 2000 0000 0000 0000#1626597687929094#-41.0#4.460816131171445#9
0000 0030 2000 0000 0000 0000#1626597687930643#-43.5#4.509903516383785#9
0000 0034 2000 0000 0000 0000#1626597687931820#-37.5#4.405592822807561#9
0000 0032 2000 0000 0000 0000#1626597687932925#-40.5#4.540583132141498#9
0000 002E 2000 0000 0000 0000#1626597687934108#-46.5#4.111068511533518#9
0000 002D 2000 0000 0000 0000#1626597687935332#-50.5#3.865631585471816#9
0000 0032 2000 0000 0000 0000#1626597688200625#-39.5#4.23378697456437#9
0000 002D 2000 0000 0000 0000#1626597688201931#-52.0#3.5281558121369745#9
0000 0039 2000 0000 0000 0000#1626597688203014#-32.0#4.074252972624263#9
0000 0030 2000 0000 0000 0000#1626597688204613#-44.5#4.172427743048944#9
0000 0033 2000 0000 0000 0000#1626597688205690#-40.0#4.338097668140593#9
0000 002E 2000 0000 0000 0000#1626597688206756#-48.5#3.77972866135022#9
0000 003A 2000 0000 0000 0000#1626597688207820#-27.5#3.785864584501762#9
0000 0037 2000 0000 0000 0000#1626597688208870#-35.0#4.129476280988146#9
0000 0038 2000 0000 0000 0000#1626597688209891#-33.0#4.154019973594316#9
0000 0031 2000 0000 0000 0000#1626597688210958#-41.5#4.086524818927348#9
0000 003B 2000 0000 0000 0000#1626597688213748#-32.5#4.3074180523828804#9
0000 0034 2000 0000 0000 0000#1626597688216013#-37.0#4.190835512503572#9
0000 0036 2000 0000 0000 0000#1626597688217064#-36.5#4.166291819897402#9
0000 0035 2000 0000 0000 0000#1626597688218653#-36.0#4.086524818927348#9
0000 002F 2000 0000 0000 0000#1626597688222324#-47.0#4.000621894805752#9
0000 0034 2000 0000 0000 0000#1626597688228816#-37.5#4.154019973594316#9
0000 003B 2000 0000 0000 0000#1626597688230482#-32.5#4.325825821837508#9
0000 003A 2000 0000 0000 0000#1626597688232070#-27.5#3.792000507653305#9
0000 0037 2000 0000 0000 0000#1626597688233093#-35.0#4.1172044346850605#9
0000 0032 2000 0000 0000 0000#1626597688234382#-41.0#4.147884050442774#9
0000 0039 2000 0000 0000 0000#1626597688235465#-31.5#4.074252972624263#9
0000 0035 2000 0000 0000 0000#1626597688236601#-36.0#4.061981126321178#9
0000 0031 2000 0000 0000 0000#1626597688237664#-42.0#4.04357335686655#9
0000 0038 2000 0000 0000 0000#1626597688239703#-33.5#4.135612204139688#9
0000 002E 2000 0000 0000 0000#1626597688241342#-48.5#3.6999616603801666#9
0000 0033 2000 0000 0000 0000#1626597688243248#-40.0#4.264466590322082#9
0000 0036 2000 0000 0000 0000#1626597688244590#-36.5#4.135612204139688#9
0000 002D 2000 0000 0000 0000#1626597688246945#-52.0#3.442252888015379#9
0000 002F 2000 0000 0000 0000#1626597688248688#-47.0#3.9515345095934116#9
0000 0030 2000 0000 0000 0000#1626597688249729#-45.0#4.09266074207889#9
0000 002F 2000 0000 0000 0000#1626597688520339#-49.5#3.8963112012295285#9
0000 0030 2000 0000 0000 0000#1626597688521450#-47.0#4.031301510563465#9
0000 0032 2000 0000 0000 0000#1626597688522749#-42.0#4.1417481272912315#9
0000 003B 2000 0000 0000 0000#1626597688523774#-31.5#5.123495831538041#9
0000 0031 2000 0000 0000 0000#1626597688525323#-43.5#4.01902966426038#9
0000 002E 2000 0000 0000 0000#1626597688529032#-51.5#3.5158839658338894#9
0000 0034 2000 0000 0000 0000#1626597688530354#-37.0#4.252194744018997#9
0000 0039 2000 0000 0000 0000#1626597688531394#-31.0#4.589670517353839#9
0000 003A 2000 0000 0000 0000#1626597688535399#-26.5#4.479223900626073#9
0000 0033 2000 0000 0000 0000#1626597688536845#-40.5#4.25833066717054#9
0000 0035 2000 0000 0000 0000#1626597688538392#-35.0#4.184699589352029#9
0000 0037 2000 0000 0000 0000#1626597688542106#-34.0#4.381049130201391#9
0000 002D 2000 0000 0000 0000#1626597688543692#-56.0#3.11091303783208#9
0000 0036 2000 0000 0000 0000#1626597688544871#-35.5#4.289010282928253#9
0000 0038 2000 0000 0000 0000#1626597688545938#-32.5#4.503767593232243#9
0000 002E 2000 0000 0000 0000#1626597688552553#-52.0#3.423845118560751#9
0000 0039 2000 0000 0000 0000#1626597688554258#-31.0#4.546719055293041#9
0000 003A 2000 0000 0000 0000#1626597688555521#-26.5#4.479223900626073#9
0000 0034 2000 0000 0000 0000#1626597688556811#-37.0#4.2031073588066565#9
0000 0035 2000 0000 0000 0000#1626597688558090#-35.5#4.1601558967458585#9
0000 003B 2000 0000 0000 0000#1626597688559197#-31.5#5.135767677841127#9
0000 0038 2000 0000 0000 0000#1626597688560250#-32.5#4.485359823777615#9
0000 0037 2000 0000 0000 0000#1626597688562011#-34.0#4.3503695144436785#9
0000 002D 2000 0000 0000 0000#1626597688564821#-56.5#3.0127382674073995#9
0000 0036 2000 0000 0000 0000#1626597688566106#-35.5#4.25833066717054#9
0000 0033 2000 0000 0000 0000#1626597688567311#-40.5#4.2031073588066565#9
0000 0032 2000 0000 0000 0000#1626597688568329#-42.5#4.037437433715008#9
0000 0031 2000 0000 0000 0000#1626597688571239#-44.0#3.8840393549264434#9
0000 0030 2000 0000 0000 0000#1626597688572324#-48.0#3.902447124381071#9
0000 002F 2000 0000 0000 0000#1626597688573429#-49.5#3.706097583531709#9
0000 0030 2000 0000 0000 0000#1626597688839799#-50.5#2.466641106920111#9
FFFF FFFF FFFF FFFF FFFF FFFF#1626597688843097#-70.0#5.902758071783947#9
0000 003A 2000 0000 0000 0000#1626597688844370#-27.0#3.9453985864418692#9
0000 002F 2000 0000 0000 0000#1626597688845463#-52.5#2.2089323345553233#9
0000 0039 2000 0000 0000 0000#1626597688846812#-31.5#3.9208548938356986#9
0000 0038 2000 0000 0000 0000#1626597688848105#-32.5#3.7429131224409646#9
0000 0031 2000 0000 0000 0000#1626597688849126#-46.0#2.5770877236478773#9
0000 0037 2000 0000 0000 0000#1626597688850405#-34.5#3.522019888985432#9
0000 003B 2000 0000 0000 0000#1626597688851500#-31.5#4.7860200582032#9
0000 0036 2000 0000 0000 0000#1626597688852522#-36.5#3.3318062712876126#9
0000 002E 2000 0000 0000 0000#1626597688853904#-55.0#1.6689710972195777#9
0000 0033 2000 0000 0000 0000#1626597688855422#-43.0#3.0066023442558567#9
0000 0032 2000 0000 0000 0000#1626597688856512#-44.5#2.724349879284899#9
0000 002D 2000 0000 0000 0000#1626597688859595#-58.5#1.0737865515199487#9
0000 0034 2000 0000 0000 0000#1626597688861508#-39.0#3.11091303783208#9
0000 0035 2000 0000 0000 0000#1626597688863756#-36.5#3.147728576741336#9
0000 003B 2000 0000 0000 0000#1626597688867568#-31.5#4.7860200582032#9
0000 0038 2000 0000 0000 0000#1626597688868606#-32.5#3.706097583531709#9
0000 0031 2000 0000 0000 0000#1626597688869927#-46.0#2.478912953223196#9
0000 002D 2000 0000 0000 0000#1626597688871479#-58.0#0.9878836273983529#9
0000 0039 2000 0000 0000 0000#1626597688872561#-31.5#3.8840393549264434#9
0000 0032 2000 0000 0000 0000#1626597688873651#-44.5#2.6691265709210157#9
FFFF FFFF FFFF FFFF FFFF FFFF#1626597688874700#-69.0#5.890486225480862#9
0000 0033 2000 0000 0000 0000#1626597688875747#-43.0#2.9513790358919736#9
0000 002E 2000 0000 0000 0000#1626597688877784#-55.5#1.5278448647340985#9
0000 0036 2000 0000 0000 0000#1626597688878878#-36.5#3.2704470397721868#9
0000 003A 2000 0000 0000 0000#1626597688879911#-27.0#3.9269908169872414#9
0000 002F 2000 0000 0000 0000#1626597688881003#-52.5#2.055534255766759#9
0000 0034 2000 0000 0000 0000#1626597688882590#-39.0#3.055689729468197#9
0000 0037 2000 0000 0000 0000#1626597688885108#-35.0#3.4606606574700063#9
0000 0035 2000 0000 0000 0000#1626597688898341#-36.5#3.2704470397721868#9
0000 0030 2000 0000 0000 0000#1626597688899737#-51.0#2.4175537217077703#9
0000 0039 2000 0000 0000 0000#1626597689163238#-32.0#2.988194574801229#9
0000 0031 2000 0000 0000 0000#1626597689164573#-49.5#0.8528933180644165#9
0000 003A 2000 0000 0000 0000#1626597689165818#-27.5#3.141592653589793#9
FFFF FFFF FFFF FFFF FFFF FFFF#1626597689167097#-68.5#5.411884219660542#9
0000 0033 2000 0000 0000 0000#1626597689168896#-46.0#1.5707963267948966#9
0000 002F 2000 0000 0000 0000#1626597689170722#-54.5#0.09203884727313846#9
0000 0038 2000 0000 0000 0000#1626597689172270#-33.0#2.705942109830271#9
0000 002E 2000 0000 0000 0000#1626597689173343#-49.5#5.080544369477243#9
0000 0032 2000 0000 0000 0000#1626597689176459#-46.0#1.1106020904292042#9
0000 002D 2000 0000 0000 0000#1626597689178046#-47.5#4.6448938257177215#9
0000 0037 2000 0000 0000 0000#1626597689180820#-36.0#2.399145952253143#9
0000 0034 2000 0000 0000 0000#1626597689181898#-40.0#1.8039614065535141#9
0000 003B 2000 0000 0000 0000#1626597689184128#-32.0#4.178563666200486#9
0000 0030 2000 0000 0000 0000#1626597689185183#-53.0#0.21475731030398976#9
0000 0035 2000 0000 0000 0000#1626597689186237#-37.5#1.9205439464328227#9
0000 0036 2000 0000 0000 0000#1626597689191245#-38.0#2.0923497946760143#9
0000 0031 2000 0000 0000 0000#1626597689196015#-50.0#0.6933593161243098#9
0000 0034 2000 0000 0000 0000#1626597689197262#-40.5#1.761009944492716#9
0000 0036 2000 0000 0000 0000#1626597689198371#-38.0#2.0493983326152168#9
0000 003A 2000 0000 0000 0000#1626597689199701#-27.5#3.08636934522591#9
0000 0037 2000 0000 0000 0000#1626597689201264#-36.0#2.350058567040802#9
FFFF FFFF FFFF FFFF FFFF FFFF#1626597689202387#-69.5#5.485515297479052#9
0000 0035 2000 0000 0000 0000#1626597689204189#-37.5#1.8653206380689396#9
0000 0039 2000 0000 0000 0000#1626597689205540#-32.0#2.8777479580734626#9
0000 0033 2000 0000 0000 0000#1626597689207081#-45.5#1.423534171157875#9
0000 002F 2000 0000 0000 0000#1626597689208583#-54.5#6.129787228391022#9
0000 002E 2000 0000 0000 0000#1626597689210125#-48.0#4.779884135051658#9
0000 002D 2000 0000 0000 0000#1626597689211689#-46.5#4.448544284868359#9
0000 003B 2000 0000 0000 0000#1626597689213826#-32.0#4.135612204139688#9
0000 0038 2000 0000 0000 0000#1626597689215402#-33.5#2.60776733940559#9
0000 0032 2000 0000 0000 0000#1626597689216706#-48.5#0.9326603190344698#9
0000 0030 2000 0000 0000 0000#1626597689218771#-53.5#6.277049384028044#9
0000 003B 2000 0000 0000 0000#1626597689487104#-33.5#3.933126740138784#9
0000 002F 2000 0000 0000 0000#1626597689488235#-45.0#3.9085830475326135#9
0000 0034 2000 0000 0000 0000#1626597689489314#-43.5#0.9265243958829272#9
0000 003A 2000 0000 0000 0000#1626597689490633#-28.0#2.6813984172241008#9
0000 0039 2000 0000 0000 0000#1626597689491699#-33.5#2.454369260617026#9
0000 002E 2000 0000 0000 0000#1626597689501189#-49.0#4.509903516383785#9
0C21 0537 8123 1003 2202 062F#1626597689502277#-68.0#1.3867186322486196#9
0000 0032 2000 0000 0000 0000#1626597689503549#-49.0#0.09203884727313846#9
0000 0038 2000 0000 0000 0000#1626597689505826#-35.0#2.9145634969827183#9
0000 0033 2000 0000 0000 0000#1626597689507406#-48.5#0.9326603190344698#9
0000 002D 2000 0000 0000 0000#1626597689508490#-57.5#4.289010282928253#9
0000 0036 2000 0000 0000 0000#1626597689509538#-40.5#2.1537090261914402#9
0000 0031 2000 0000 0000 0000#1626597689510616#-47.0#5.620505606812989#9
0000 0037 2000 0000 0000 0000#1626597689512778#-37.5#2.552544031041707#9
0000 0030 2000 0000 0000 0000#1626597689514663#-43.0#4.76147636559703#9
FFFF FFFF FFFF FFFF FFFF FFFF#1626597689515956#-69.0#0.7853981633974483#9
0000 0035 2000 0000 0000 0000#1626597689517062#-40.0#1.902136176978195#9
0C21 0537 8123 1003 2202 062F#1626597689521713#-68.0#1.4971652489763858#9
0000 0035 2000 0000 0000 0000#1626597689523034#-40.5#1.8775924843720249#9
0000 002F 2000 0000 0000 0000#1626597689524083#-44.0#4.614214209960009#9
0000 0036 2000 0000 0000 0000#1626597689525645#-40.5#2.1230294104337273#9
0000 0033 2000 0000 0000 0000#1626597689528115#-49.0#0.8099418560036186#9
0000 0037 2000 0000 0000 0000#1626597689529192#-38.0#2.5034566458293663#9
0000 0031 2000 0000 0000 0000#1626597689530771#-47.0#5.448699758569798#9
0000 0032 2000 0000 0000 0000#1626597689532603#-49.0#6.166602767300278#9
FFFF FFFF FFFF FFFF FFFF FFFF#1626597689534890#-69.0#0.5767767762450011#9
0000 003B 2000 0000 0000 0000#1626597689535971#-33.0#4.632621979414636#9
0000 0030 2000 0000 0000 0000#1626597689537270#-43.0#4.693981210930062#9
0000 0034 2000 0000 0000 0000#1626597689538643#-44.0#1.509437095279471#9
0000 003A 2000 0000 0000 0000#1626597689540205#-28.0#3.4054373491061236#9
0000 0039 2000 0000 0000 0000#1626597689541515#-33.5#3.172272269347506#9
0000 002E 2000 0000 0000 0000#1626597689542556#-51.0#4.442408361716817#9
0000 0038 2000 0000 0000 0000#1626597689544559#-35.5#2.82252464970958#9
0000 002D 2000 0000 0000 0000#1626597689548404#-60.5#3.77972866135022#9
0000 0035 2000 0000 0000 0000#1626597689817078#-44.5#0.2699806186678728#9
0000 0037 2000 0000 0000 0000#1626597689818368#-42.5#1.4542137869155878#9
0000 002E 2000 0000 0000 0000#1626597689819624#-58.5#2.1046216409791#9
0000 0039 2000 0000 0000 0000#1626597689821419#-37.0#2.356194490192345#9
0000 0032 2000 0000 0000 0000#1626597689822908#-41.0#4.061981126321178#9
0000 0038 2000 0000 0000 0000#1626597689825155#-39.5#1.932815792735908#9
0000 003B 2000 0000 0000 0000#1626597689826690#-35.0#3.8717675086233583#9
0C21 0537 8123 1003 2202 062F#1626597689828276#-67.0#0.9817477042468103#9
FFFF FFFF FFFF FFFF FFFF FFFF#1626597689829568#-67.5#0.25770877236478773#9
0000 003A 2000 0000 0000 0000#1626597689831098#-30.5#2.5586799541932495#9
0000 0036 2000 0000 0000 0000#1626597689833753#-45.5#0.5460971604872883#9
0000 0031 2000 0000 0000 0000#1626597689835059#-42.5#3.816544200259475#9
0000 002D 2000 0000 0000 0000#1626597689837932#-59.0#0.9265243958829272#9
0000 002F 2000 0000 0000 0000#1626597689838998#-57.0#3.1968159619536762#9
0000 0033 2000 0000 0000 0000#1626597689840086#-40.0#4.405592822807561#9
0000 0034 2000 0000 0000 0000#1626597689841469#-44.0#5.47937937432751#9
0000 0030 2000 0000 0000 0000#1626597689842882#-54.0#3.785864584501762#9
0000 002F 2000 0000 0000 0000#1626597689849498#-57.5#3.160000423044421#9
0000 002E 2000 0000 0000 0000#1626597689850568#-58.0#1.761009944492716#9
0000 0037 2000 0000 0000 0000#1626597689851619#-43.0#1.282407938672396#9
0000 0032 2000 0000 0000 0000#1626597689852947#-41.0#3.9822141253511245#9
0000 0031 2000 0000 0000 0000#1626597689854025#-43.0#3.792000507653305#9
0000 002D 2000 0000 0000 0000#1626597689855829#-58.5#0.7179030087304801#9
0000 0035 2000 0000 0000 0000#1626597689856833#-45.5#6.252505691421874#9
0000 003A 2000 0000 0000 0000#1626597689857907#-31.0#2.497320722677824#9
FFFF FFFF FFFF FFFF FFFF FFFF#1626597689859230#-68.0#0.3865631585471816#9
0000 0036 2000 0000 0000 0000#1626597689860493#-45.5#0.3620194659410113#9
0000 0033 2000 0000 0000 0000#1626597689861641#-40.0#4.319689898685965#9
0000 0038 2000 0000 0000 0000#1626597689862650#-40.0#1.8223691760081417#9
0000 0034 2000 0000 0000 0000#1626597689863924#-43.5#5.258486140871978#9
0000 003B 2000 0000 0000 0000#1626597689865435#-35.0#3.773592738198677#9
0000 0039 2000 0000 0000 0000#1626597689866460#-37.5#2.2457478734645786#9
0C21 0537 8123 1003 2202 062F#1626597689868202#-65.0#1.1658253987930873#9
0000 0030 2000 0000 0000 0000#1626597689869297#-55.5#3.6876898140770815#9
0000 0037 2000 0000 0000 0000#1626597690132419#-45.5#5.442563835418255#9
FFFF FFFF FFFF FFFF FFFF FFFF#1626597690134789#-67.0#6.2034183062095325#9
0000 0034 2000 0000 0000 0000#1626597690135865#-40.0#3.810408277107933#9
0000 003A 2000 0000 0000 0000#1626597690136899#-35.5#1.7794177139473437#9
0000 003B 2000 0000 0000 0000#1626597690137925#-37.5#3.074097498922825#9
0000 002F 2000 0000 0000 0000#1626597690138959#-61.0#0.2945243112740431#9
0000 0031 2000 0000 0000 0000#1626597690140010#-55.0#2.6445828783148455#9
0000 0036 2000 0000 0000 0000#1626597690141343#-41.0#4.387185053352934#9
0000 0038 2000 0000 0000 0000#1626597690142410#-46.0#0.18407769454627693#9
0000 0030 2000 0000 0000 0000#1626597690143465#-62.0#1.4848934026733007#9
0000 0039 2000 0000 0000 0000#1626597690144528#-43.5#1.2210487071569704#9
0000 0033 2000 0000 0000 0000#1626597690145592#-46.5#3.6447383520162835#9
0000 002D 2000 0000 0000 0000#1626597690147687#-56.5#3.8410878928656453#9
0000 002E 2000 0000 0000 0000#1626597690149012#-58.5#4.700117134081604#9
0000 0032 2000 0000 0000 0000#1626597690150088#-54.0#3.2397674240144743#9
0000 0035 2000 0000 0000 0000#1626597690153003#-39.5#4.04357335686655#9
0C21 0537 8123 1003 2202 062F#1626597690154449#-69.0#0.8160777791551611#9
0000 002E 2000 0000 0000 0000#1626597690159350#-58.0#4.663301595172349#9
0000 0032 2000 0000 0000 0000#1626597690160624#-54.5#3.1784081924990484#9
FFFF FFFF FFFF FFFF FFFF FFFF#1626597690162185#-67.5#6.019340611663256#9
0000 003A 2000 0000 0000 0000#1626597690165119#-36.0#1.6935147898257479#9
0000 0035 2000 0000 0000 0000#1626597690166470#-39.5#4.01902966426038#9
0000 0030 2000 0000 0000 0000#1626597690167584#-62.5#1.3314953238847365#9
0000 0039 2000 0000 0000 0000#1626597690168932#-44.5#1.0737865515199487#9
0000 003B 2000 0000 0000 0000#1626597690170016#-38.0#3.0250101137104846#9
0000 0031 2000 0000 0000 0000#1626597690171068#-56.0#2.435961491162398#9
0000 0038 2000 0000 0000 0000#1626597690172146#-46.5#6.22182607566416#9
0000 0034 2000 0000 0000 0000#1626597690173209#-41.0#3.749049045592507#9
0000 002F 2000 0000 0000 0000#1626597690174302#-60.5#0.018407769454627694#9
0000 0037 2000 0000 0000 0000#1626597690175663#-44.0#5.123495831538041#9
0000 002D 2000 0000 0000 0000#1626597690177032#-57.0#3.5711072741977725#9
0C21 0537 8123 1003 2202 062F#1626597690178975#-68.5#0.8222137023067037#9
0000 0036 2000 0000 0000 0000#1626597690180420#-40.5#4.246058820867455#9
0000 0033 2000 0000 0000 0000#1626597690181483#-48.5#3.650874275167826#9
0000 0033 2000 0000 0000 0000#1626597690448715#-56.5#1.6689710972195777#9
0000 0036 2000 0000 0000 0000#1626597690449791#-47.0#3.227495577711389#9
0000 0035 2000 0000 0000 0000#1626597690451351#-48.5#3.000466421104314#9
0000 0031 2000 0000 0000 0000#1626597690453383#-57.5#5.50392306693368#9
0000 003B 2000 0000 0000 0000#1626597690454464#-44.5#1.748738098189631#9
0000 002E 2000 0000 0000 0000#1626597690457245#-62.0#1.705786636128833#9
0000 0034 2000 0000 0000 0000#1626597690458587#-52.5#2.60776733940559#9
0000 0030 2000 0000 0000 0000#1626597690460392#-61.0#4.454680208019902#9
0000 002D 2000 0000 0000 0000#1626597690461743#-62.0#6.227961998815704#9
0000 002F 2000 0000 0000 0000#1626597690462820#-59.0#3.5895150436524004#9
0000 0032 2000 0000 0000 0000#1626597690464167#-59.0#0.04908738521234052#9
0000 0038 2000 0000 0000 0000#1626597690465175#-43.5#4.086524818927348#9
0000 0037 2000 0000 0000 0000#1626597690467522#-44.5#3.6263305825616556#9
0000 003A 2000 0000 0000 0000#1626597690469397#-43.5#5.577554144752192#9
FFFF FFFF FFFF FFFF FFFF FFFF#1626597690470489#-68.0#5.227806525114265#9
0000 0039 2000 0000 0000 0000#1626597690471539#-45.5#4.675573441475434#9
0000 003A 2000 0000 0000 0000#1626597690478130#-43.5#5.491651220630596#9
0000 0039 2000 0000 0000 0000#1626597690479758#-45.0#4.657165672020807#9
0000 0037 2000 0000 0000 0000#1626597690480777#-44.5#3.6079228131070282#9
0000 003B 2000 0000 0000 0000#1626597690482086#-45.5#1.607611865704152#9
0000 0036 2000 0000 0000 0000#1626597690483618#-48.5#3.160000423044421#9
0000 0038 2000 0000 0000 0000#1626597690484871#-43.5#4.049709280018092#9
0000 0032 2000 0000 0000 0000#1626597690486188#-58.5#5.994796919057086#9
0000 002F 2000 0000 0000 0000#1626597690487208#-59.5#3.3011266555298997#9
0000 0031 2000 0000 0000 0000#1626597690488442#-56.5#5.190990986205009#9
0000 0034 2000 0000 0000 0000#1626597690489716#-53.0#2.435961491162398#9
0000 002D 2000 0000 0000 0000#1626597690491176#-61.0#5.957981380147831#9
0000 0035 2000 0000 0000 0000#1626597690492835#-50.0#2.8777479580734626#9
0000 0033 2000 0000 0000 0000#1626597690493953#-58.0#1.3008157081270237#9
0000 0030 2000 0000 0000 0000#1626597690495279#-61.0#4.221515128261284#9
0000 002E 2000 0000 0000 0000#1626597690496689#-63.0#1.423534171157875#9
FFFF FFFF FFFF FFFF FFFF FFFF#1626597690497852#-66.5#5.1725832167503825#9
0000 003B 2000 0000 0000 0000#1626597690765920#-47.0#0.521553467881118#9
0000 0035 2000 0000 0000 0000#1626597690766997#-55.5#1.902136176978195#9
0000 0030 2000 0000 0000 0000#1626597690768056#-62.5#2.7550294950426117#9
0000 0037 2000 0000 0000 0000#1626597690769829#-54.0#3.847223816017188#9
0000 0039 2000 0000 0000 0000#1626597690770912#-45.0#4.7307967498393175#9
0000 002D 2000 0000 0000 0000#1626597690772067#-56.5#5.258486140871978#9
0000 0038 2000 0000 0000 0000#1626597690774105#-49.0#4.368777283898306#9
0000 003A 2000 0000 0000 0000#1626597690777105#-39.5#4.890330751779424#9
FFFF FFFF FFFF FFFF FFFF FFFF#1626597690778157#-68.0#0.5522330836388308#9
0000 0033 2000 0000 0000 0000#1626597690779429#-56.5#5.356660911296659#9
0000 0032 2000 0000 0000 0000#1626597690782199#-56.0#4.430136515413731#9
0000 002F 2000 0000 0000 0000#1626597690785995#-59.5#1.4848934026733007#9
