0000 0035 2000 0000 0000 0000#1626597840225750#-47.0#4.516039439535327#9
0000 0039 2000 0000 0000 0000#1626597840227301#-46.5#3.104777114680538#9
0000 0036 2000 0000 0000 0000#1626597840228595#-47.5#4.3503695144436785#9
0000 0032 2000 0000 0000 0000#1626597840229642#-50.0#0.4356505437595221#9
0000 0030 2000 0000 0000 0000#1626597840231453#-50.5#1.8346410223112268#9
0000 0038 2000 0000 0000 0000#1626597840233015#-46.5#3.6999616603801666#9
0000 0034 2000 0000 0000 0000#1626597840234063#-49.0#5.270757987175063#9
0000 003A 2000 0000 0000 0000#1626597840235125#-47.0#2.1537090261914402#9
0000 0033 2000 0000 0000 0000#1626597840236427#-50.0#6.062292073724054#9
0000 002D 2000 0000 0000 0000#1626597840237950#-52.5#2.9145634969827183#9
0000 0037 2000 0000 0000 0000#1626597840241352#-48.0#3.902447124381071#9
0000 0031 2000 0000 0000 0000#1626597840243275#-51.0#0.8651651643675016#9
0000 002F 2000 0000 0000 0000#1626597840244910#-51.0#2.1046216409791#9
0000 002E 2000 0000 0000 0000#1626597840248546#-49.5#2.6323110320117604#9
0000 0036 2000 0000 0000 0000#1626597840257283#-47.5#4.356505437595221#9
0000 0032 2000 0000 0000 0000#1626597840259427#-50.5#0.4295146206079795#9
0000 0037 2000 0000 0000 0000#1626597840260746#-47.5#3.9085830475326135#9
0000 0039 2000 0000 0000 0000#1626597840261770#-47.0#3.098641191528995#9
0000 0038 2000 0000 0000 0000#1626597840263305#-47.0#3.706097583531709#9
0000 0030 2000 0000 0000 0000#1626597840264331#-50.0#1.8407769454627694#9
0000 003A 2000 0000 0000 0000#1626597840265351#-47.0#2.141437179888355#9
0000 0031 2000 0000 0000 0000#1626597840266415#-51.0#0.8651651643675016#9
0000 0035 2000 0000 0000 0000#1626597840267518#-47.5#4.4976316700806995#9
0000 0034 2000 0000 0000 0000#1626597840269342#-48.5#5.240078371417351#9
0000 002F 2000 0000 0000 0000#1626597840271020#-51.0#2.12916533358527#9
0000 002E 2000 0000 0000 0000#1626597840272073#-50.0#2.650718801466388#9
0000 0033 2000 0000 0000 0000#1626597840273419#-50.0#6.062292073724054#9
0000 002D 2000 0000 0000 0000#1626597840274982#-53.0#2.9329712664373457#9
0000 0035 2000 0000 0000 0000#1626597840539283#-47.5#4.681709364626977#9
0000 0038 2000 0000 0000 0000#1626597840540622#-46.5#3.902447124381071#9
0000 0031 2000 0000 0000 0000#1626597840541659#-50.0#1.043106935762236#9
0000 0037 2000 0000 0000 0000#1626597840542779#-47.0#4.0987966652304335#9
0000 0034 2000 0000 0000 0000#1626597840543867#-49.0#5.448699758569798#9
0000 0032 2000 0000 0000 0000#1626597840545371#-50.0#0.6320000846088841#9
0000 0036 2000 0000 0000 0000#1626597840548158#-47.0#4.522175362686871#9
0000 002E 2000 0000 0000 0000#1626597840550476#-49.5#2.84706834231575#9
0000 0030 2000 0000 0000 0000#1626597840552473#-50.0#2.000310947402876#9
0000 002D 2000 0000 0000 0000#1626597840557395#-53.0#3.11091303783208#9
0000 003A 2000 0000 0000 0000#1626597840558458#-47.0#2.337786720737717#9
0000 0033 2000 0000 0000 0000#1626597840560018#-50.0#6.270913460876501#9
0000 0039 2000 0000 0000 0000#1626597840561296#-46.0#3.3011266555298997#9
0000 002F 2000 0000 0000 0000#1626597840563957#-51.0#2.3193789512830896#9
0000 0037 2000 0000 0000 0000#1626597840580824#-48.0#3.5036121195308043#9
0000 0034 2000 0000 0000 0000#1626597840581899#-49.0#4.902602598082509#9
0000 0038 2000 0000 0000 0000#1626597840583695#-47.0#3.32567034813607#9
0000 0031 2000 0000 0000 0000#1626597840584735#-51.0#0.44178646691106466#9
0000 002E 2000 0000 0000 0000#1626597840586244#-50.5#2.2457478734645786#9
0000 0035 2000 0000 0000 0000#1626597840588302#-47.5#4.1417481272912315#9
0000 0036 2000 0000 0000 0000#1626597840589821#-48.0#3.988350048502667#9
0000 003A 2000 0000 0000 0000#1626597840591837#-47.5#1.8100973297050567#9
0000 0030 2000 0000 0000 0000#1626597840594356#-51.0#1.4664856332186729#9
0000 0039 2000 0000 0000 0000#1626597840595411#-46.5#2.7120780329818137#9
0000 0032 2000 0000 0000 0000#1626597840596573#-51.0#0.05522330836388308#9
0000 002F 2000 0000 0000 0000#1626597840597637#-51.0#1.7794177139473437#9
0000 0033 2000 0000 0000 0000#1626597840598625#-50.0#5.6941366846315#9
0000 002D 2000 0000 0000 0000#1626597840599862#-52.5#2.509592568980909#9
0000 002E 2000 0000 0000 0000#1626597840870081#-50.0#2.4850488763747385#9
0000 0036 2000 0000 0000 0000#1626597840871641#-47.5#4.184699589352029#9
0000 003A 2000 0000 0000 0000#1626597840872706#-45.5#1.9819031779482483#9
0000 002D 2000 0000 0000 0000#1626597840875182#-52.0#2.748893571891069#9
0000 0038 2000 0000 0000 0000#1626597840878318#-46.0#3.5158839658338894#9
0000 0039 2000 0000 0000 0000#1626597840879371#-46.0#2.9145634969827183#9
0000 0032 2000 0000 0000 0000#1626597840881183#-50.0#0.3988350048502667#9
0000 0037 2000 0000 0000 0000#1626597840884213#-47.5#3.724505352986337#9
0000 0035 2000 0000 0000 0000#1626597840886181#-47.5#4.405592822807561#9
0000 0034 2000 0000 0000 0000#1626597840887489#-49.5#5.203262832508095#9
0000 0033 2000 0000 0000 0000#1626597840889230#-50.0#6.025476534814799#9
0000 0030 2000 0000 0000 0000#1626597840890671#-50.0#1.736466251886546#9
0000 0031 2000 0000 0000 0000#1626597840891694#-50.5#0.8344855486097889#9
0000 002F 2000 0000 0000 0000#1626597840892715#-50.0#2.0371264863121317#9
0000 0038 2000 0000 0000 0000#1626597840902058#-46.0#3.5342917352885173#9
0000 003A 2000 0000 0000 0000#1626597840903819#-44.5#2.0493983326152168#9
0000 0033 2000 0000 0000 0000#1626597840904865#-50.0#6.0991076126333095#9
0000 0031 2000 0000 0000 0000#1626597840906654#-50.0#0.9019807032767571#9
0000 002F 2000 0000 0000 0000#1626597840907961#-50.0#2.0923497946760143#9
0000 0032 2000 0000 0000 0000#1626597840909018#-50.0#0.5338253141842031#9
0000 0034 2000 0000 0000 0000#1626597840911279#-49.5#5.301437602932776#9
0000 003B 2000 0000 0000 0000#1626597840912333#-65.5#3.3870295796514958#9
0000 0039 2000 0000 0000 0000#1626597840914164#-45.0#2.9206994201342606#9
0000 0036 2000 0000 0000 0000#1626597840915469#-47.5#4.295146206079795#9
0000 0037 2000 0000 0000 0000#1626597840916519#-47.5#3.773592738198677#9
0000 002E 2000 0000 0000 0000#1626597840918044#-49.0#2.5893595699509624#9
0000 0035 2000 0000 0000 0000#1626597840919732#-47.5#4.491495746929157#9
0000 0030 2000 0000 0000 0000#1626597840921261#-49.5#1.8530487917658545#9
0000 002D 2000 0000 0000 0000#1626597840922823#-52.0#2.890019804376548#9
0000 0035 2000 0000 0000 0000#1626597841192147#-49.0#0.0859029241215959#9
0000 003B 2000 0000 0000 0000#1626597841193430#-46.5#3.3379421944391554#9
0000 0034 2000 0000 0000 0000#1626597841194493#-48.5#1.1167380135807468#9
0000 0038 2000 0000 0000 0000#1626597841196829#-46.0#4.669437518323892#9
0000 0032 2000 0000 0000 0000#1626597841198116#-46.0#2.270291566070749#9
0000 0031 2000 0000 0000 0000#1626597841200893#-45.5#2.5280003384355365#9
0000 002D 2000 0000 0000 0000#1626597841202701#-49.5#4.1172044346850605#9
0000 003A 2000 0000 0000 0000#1626597841204035#-35.5#2.84706834231575#9
0000 0037 2000 0000 0000 0000#1626597841205070#-48.0#5.160311370447297#9
0000 0030 2000 0000 0000 0000#1626597841206594#-46.5#3.215223731408304#9
0000 002F 2000 0000 0000 0000#1626597841208172#-46.5#3.4606606574700063#9
0000 0039 2000 0000 0000 0000#1626597841209481#-42.5#3.9208548938356986#9
0000 002E 2000 0000 0000 0000#1626597841210803#-47.0#3.865631585471816#9
0000 0036 2000 0000 0000 0000#1626597841216104#-49.5#6.19728238305799#9
0000 0033 2000 0000 0000 0000#1626597841217166#-46.5#1.9389517158874505#9
0000 003A 2000 0000 0000 0000#1626597841221983#-35.5#2.859340188618835#9
0000 002E 2000 0000 0000 0000#1626597841224594#-46.5#3.9208548938356986#9
0000 0031 2000 0000 0000 0000#1626597841225936#-45.0#2.5893595699509624#9
0000 0034 2000 0000 0000 0000#1626597841227012#-48.0#1.2578642460662257#9
0000 0036 2000 0000 0000 0000#1626597841228359#-49.5#6.209554229361076#9
0000 0032 2000 0000 0000 0000#1626597841230145#-45.5#2.36846633649543#9
0000 0038 2000 0000 0000 0000#1626597841231250#-46.0#4.773748211900116#9
0000 0039 2000 0000 0000 0000#1626597841232349#-42.0#3.9576704327449543#9
0000 0033 2000 0000 0000 0000#1626597841233536#-44.5#1.9819031779482483#9
0000 002D 2000 0000 0000 0000#1626597841235239#-49.0#4.172427743048944#9
0000 003B 2000 0000 0000 0000#1626597841237360#-45.0#3.356349963893783#9
0000 002F 2000 0000 0000 0000#1626597841238673#-46.0#3.522019888985432#9
0000 0030 2000 0000 0000 0000#1626597841239914#-45.5#3.2949907323783574#9
0000 0035 2000 0000 0000 0000#1626597841240975#-49.0#0.3313398501832985#9
0000 0037 2000 0000 0000 0000#1626597841242138#-48.0#5.313709449235861#9
0000 002E 2000 0000 0000 0000#1626597841506059#-44.5#4.104932588381976#9
0000 0035 2000 0000 0000 0000#1626597841507178#-46.0#1.423534171157875#9
0000 003A 2000 0000 0000 0000#1626597841508257#-34.0#3.3011266555298997#9
0000 0033 2000 0000 0000 0000#1626597841510477#-42.5#2.564815877344792#9
0000 0032 2000 0000 0000 0000#1626597841513693#-41.5#2.8286605728611223#9
0000 0034 2000 0000 0000 0000#1626597841514770#-43.5#2.0800779483729293#9
0000 0037 2000 0000 0000 0000#1626597841515834#-48.5#0.28838838812250056#9
0000 002D 2000 0000 0000 0000#1626597841517436#-47.5#4.3503695144436785#9
0000 0030 2000 0000 0000 0000#1626597841518607#-43.0#3.5833791205008576#9
0000 003B 2000 0000 0000 0000#1626597841519673#-40.5#3.5895150436524004#9
0000 0031 2000 0000 0000 0000#1626597841520755#-42.0#3.0372819600135696#9
0000 0039 2000 0000 0000 0000#1626597841521809#-43.5#4.681709364626977#9
0000 0036 2000 0000 0000 0000#1626597841523158#-46.5#1.2946797849754812#9
0000 002F 2000 0000 0000 0000#1626597841524266#-44.0#3.792000507653305#9
0000 0038 2000 0000 0000 0000#1626597841525645#-47.5#5.9088939949354895#9
0000 0031 2000 0000 0000 0000#1626597841532123#-42.0#3.098641191528995#9
0000 0038 2000 0000 0000 0000#1626597841533444#-47.5#5.927301764390117#9
0000 0037 2000 0000 0000 0000#1626597841534489#-48.5#0.4049709280018093#9
0000 0032 2000 0000 0000 0000#1626597841536392#-40.5#2.890019804376548#9
0000 0034 2000 0000 0000 0000#1626597841537439#-43.0#2.1782527187976104#9
0000 0033 2000 0000 0000 0000#1626597841538999#-42.0#2.662990647769473#9
0000 003A 2000 0000 0000 0000#1626597841540336#-34.0#3.442252888015379#9
0000 0039 2000 0000 0000 0000#1626597841541431#-43.0#4.798291904506286#9
0000 003B 2000 0000 0000 0000#1626597841542687#-40.0#3.6754179677739964#9
0000 002F 2000 0000 0000 0000#1626597841544021#-44.0#3.8410878928656453#9
0000 0030 2000 0000 0000 0000#1626597841545804#-43.0#3.6692820446224537#9
0000 0036 2000 0000 0000 0000#1626597841547353#-46.5#1.3989904785517047#9
0000 002D 2000 0000 0000 0000#1626597841548661#-47.5#4.399456899656019#9
0000 0035 2000 0000 0000 0000#1626597841550836#-45.5#1.6321555583103222#9
0000 002E 2000 0000 0000 0000#1626597841552990#-44.0#4.178563666200486#9
0000 0034 2000 0000 0000 0000#1626597841817889#-40.0#2.5402721847386216#9
0000 003A 2000 0000 0000 0000#1626597841819217#-34.0#4.405592822807561#9
0000 003B 2000 0000 0000 0000#1626597841820317#-40.0#4.387185053352934#9
0000 0033 2000 0000 0000 0000#1626597841823569#-40.0#2.9697868053466014#9
0000 0038 2000 0000 0000 0000#1626597841824645#-45.0#0.9203884727313847#9
0000 0039 2000 0000 0000 0000#1626597841826205#-42.5#5.976389149602458#9
0000 0036 2000 0000 0000 0000#1626597841827500#-42.0#2.018718716857504#9
0000 0031 2000 0000 0000 0000#1626597841830289#-39.5#3.380893656499953#9
0000 0032 2000 0000 0000 0000#1626597841831774#-39.5#3.2397674240144743#9
0000 0035 2000 0000 0000 0000#1626597841833079#-41.0#2.141437179888355#9
0000 0030 2000 0000 0000 0000#1626597841834431#-42.0#3.890175278077986#9
0000 002F 2000 0000 0000 0000#1626597841835722#-43.0#4.0128937411088375#9
0000 002D 2000 0000 0000 0000#1626597841836818#-47.0#4.491495746929157#9
0000 002E 2000 0000 0000 0000#1626597841839758#-43.0#4.3074180523828804#9
0000 0037 2000 0000 0000 0000#1626597841840864#-44.5#1.4480778637640452#9
0000 0032 2000 0000 0000 0000#1626597841848076#-39.5#3.2704470397721868#9
0000 003B 2000 0000 0000 0000#1626597841849787#-40.0#4.509903516383785#9
0000 0038 2000 0000 0000 0000#1626597841850823#-44.5#1.012427320004523#9
0000 0037 2000 0000 0000 0000#1626597841851917#-44.0#1.4726215563702154#9
0000 0036 2000 0000 0000 0000#1626597841853745#-42.0#2.061670178918302#9
0000 003A 2000 0000 0000 0000#1626597841854781#-34.5#4.601942363656923#9
0000 002F 2000 0000 0000 0000#1626597841856085#-42.5#4.049709280018092#9
0000 0033 2000 0000 0000 0000#1626597841858164#-40.0#3.0802334220743677#9
0000 002E 2000 0000 0000 0000#1626597841859348#-43.0#4.344233591292136#9
0000 0039 2000 0000 0000 0000#1626597841860951#-42.5#6.1420590746941075#9
0000 0035 2000 0000 0000 0000#1626597841862057#-41.0#2.2089323345553233#9
0000 0031 2000 0000 0000 0000#1626597841863139#-39.5#3.423845118560751#9
0000 002D 2000 0000 0000 0000#1626597841864233#-47.0#4.552854978444583#9
0000 0034 2000 0000 0000 0000#1626597841865879#-39.5#2.6384469551633027#9
0000 0030 2000 0000 0000 0000#1626597841867566#-42.0#3.933126740138784#9
0000 0030 2000 0000 0000 0000#1626597842130477#-40.5#4.595806440505381#9
0000 002F 2000 0000 0000 0000#1626597842131528#-41.5#4.669437518323892#9
0000 003A 2000 0000 0000 0000#1626597842132788#-32.0#5.988660995905543#9
0000 0035 2000 0000 0000 0000#1626597842134609#-38.5#2.9084275738311756#9
0000 0039 2000 0000 0000 0000#1626597842135918#-38.5#1.1290098598838318#9
0000 0037 2000 0000 0000 0000#1626597842138242#-40.5#2.313243028131547#9
0000 0034 2000 0000 0000 0000#1626597842139333#-37.5#3.368621810196868#9
0000 003B 2000 0000 0000 0000#1626597842140843#-39.0#5.927301764390117#9
0000 0038 2000 0000 0000 0000#1626597842142165#-40.0#2.024854640009046#9
0000 0033 2000 0000 0000 0000#1626597842144776#-37.0#3.816544200259475#9
0000 0032 2000 0000 0000 0000#1626597842145823#-37.5#4.031301510563465#9
0000 002E 2000 0000 0000 0000#1626597842147334#-42.0#4.92714629068868#9
0000 002D 2000 0000 0000 0000#1626597842149275#-46.0#5.074408446325701#9
0000 0031 2000 0000 0000 0000#1626597842150343#-38.0#4.154019973594316#9
0000 0036 2000 0000 0000 0000#1626597842154552#-39.0#2.84706834231575#9
0000 0038 2000 0000 0000 0000#1626597842159490#-40.0#2.043262409463674#9
0000 002F 2000 0000 0000 0000#1626597842162730#-41.5#4.73693267299086#9
0000 003B 2000 0000 0000 0000#1626597842163769#-39.0#6.025476534814799#9
0000 0034 2000 0000 0000 0000#1626597842165060#-38.0#3.4177091954092087#9
0000 0031 2000 0000 0000 0000#1626597842166139#-38.0#4.178563666200486#9
0000 0039 2000 0000 0000 0000#1626597842167752#-38.0#1.2333205534600555#9
0000 0036 2000 0000 0000 0000#1626597842168934#-39.0#2.8777479580734626#9
0000 0037 2000 0000 0000 0000#1626597842169983#-40.0#2.3746022596469727#9
0000 0032 2000 0000 0000 0000#1626597842171341#-36.5#4.06811704947272#9
0000 002D 2000 0000 0000 0000#1626597842174491#-46.5#5.086680292628786#9
0000 0033 2000 0000 0000 0000#1626597842175585#-38.5#3.8840393549264434#9
0000 0035 2000 0000 0000 0000#1626597842177373#-38.0#3.0250101137104846#9
0000 003A 2000 0000 0000 0000#1626597842178466#-32.0#6.209554229361076#9
0000 0030 2000 0000 0000 0000#1626597842181874#-40.5#4.681709364626977#9
0000 002E 2000 0000 0000 0000#1626597842182944#-42.0#4.945554060143307#9
0000 0031 2000 0000 0000 0000#1626597842449079#-37.0#5.240078371417351#9
0000 003A 2000 0000 0000 0000#1626597842450397#-29.0#1.521708941582556#9
0000 002E 2000 0000 0000 0000#1626597842451452#-41.5#5.743224069843841#9
0000 003B 2000 0000 0000 0000#1626597842452521#-36.5#1.5155730184310134#9
0000 0033 2000 0000 0000 0000#1626597842454747#-36.5#5.013049214810275#9
0000 002D 2000 0000 0000 0000#1626597842455810#-46.0#5.841398840268521#9
0000 0030 2000 0000 0000 0000#1626597842457368#-39.5#5.589825991055276#9
0000 0035 2000 0000 0000 0000#1626597842459342#-36.0#4.154019973594316#9
0000 0038 2000 0000 0000 0000#1626597842460380#-36.5#3.2704470397721868#9
0000 0034 2000 0000 0000 0000#1626597842462396#-36.5#4.601942363656923#9
0000 0037 2000 0000 0000 0000#1626597842464957#-37.0#3.552699504743145#9
0000 0039 2000 0000 0000 0000#1626597842468692#-34.0#2.5832236467994196#9
0000 0036 2000 0000 0000 0000#1626597842471277#-37.0#4.074252972624263#9
0000 0032 2000 0000 0000 0000#1626597842472365#-36.5#5.1725832167503825#9
0000 002F 2000 0000 0000 0000#1626597842473557#-40.5#5.675728915176872#9
0000 0030 2000 0000 0000 0000#1626597842477355#-39.5#5.6143696836614465#9
0000 003B 2000 0000 0000 0000#1626597842478437#-36.0#1.6444274046134073#9
0000 0031 2000 0000 0000 0000#1626597842479989#-37.0#5.270757987175063#9
0000 0039 2000 0000 0000 0000#1626597842481312#-34.0#2.6016314162540475#9
0000 003A 2000 0000 0000 0000#1626597842482815#-28.5#1.6198837120072371#9
0000 0037 2000 0000 0000 0000#1626597842484862#-37.0#3.5833791205008576#9
0000 0036 2000 0000 0000 0000#1626597842485941#-37.0#4.09266074207889#9
0000 0035 2000 0000 0000 0000#1626597842487005#-36.0#4.184699589352029#9
0000 0034 2000 0000 0000 0000#1626597842489248#-36.5#4.651029748869264#9
0000 002E 2000 0000 0000 0000#1626597842490304#-41.5#5.767767762450011#9
0000 0033 2000 0000 0000 0000#1626597842491691#-35.5#5.031456984264903#9
0000 0038 2000 0000 0000 0000#1626597842493212#-36.5#3.313398501832985#9
0000 0032 2000 0000 0000 0000#1626597842494472#-36.0#5.209398755659637#9
0000 002D 2000 0000 0000 0000#1626597842496209#-46.0#5.859806609723149#9
0000 002F 2000 0000 0000 0000#1626597842498170#-40.5#5.688000761479957#9
0000 002D 2000 0000 0000 0000#1626597842765536#-47.0#5.4671075280244255#9
0000 002F 2000 0000 0000 0000#1626597842767073#-41.5#5.4671075280244255#9
0000 0036 2000 0000 0000 0000#1626597842768636#-36.5#4.166291819897402#9
0000 003B 2000 0000 0000 0000#1626597842769689#-34.0#2.2027964114037806#9
0000 0037 2000 0000 0000 0000#1626597842771276#-36.0#3.6754179677739964#9
0000 0038 2000 0000 0000 0000#1626597842773552#-35.0#3.436116964863836#9
0000 0031 2000 0000 0000 0000#1626597842774618#-37.0#5.221670601962723#9
0000 002E 2000 0000 0000 0000#1626597842776185#-42.5#5.436427912266712#9
0000 0033 2000 0000 0000 0000#1626597842777233#-36.5#5.105088062083414#9
0000 0034 2000 0000 0000 0000#1626597842779255#-36.5#4.718524903536232#9
0000 003A 2000 0000 0000 0000#1626597842780316#-26.0#2.0800779483729293#9
0000 0035 2000 0000 0000 0000#1626597842781892#-35.5#4.28287435977671#9
0000 0032 2000 0000 0000 0000#1626597842783209#-36.5#5.190990986205009#9
0000 0030 2000 0000 0000 0000#1626597842784495#-40.0#5.47937937432751#9
0000 0039 2000 0000 0000 0000#1626597842788912#-32.0#2.8654761117703775#9
0000 0038 2000 0000 0000 0000#1626597842795089#-34.5#3.472932503773092#9
0000 0037 2000 0000 0000 0000#1626597842796110#-36.0#3.718369429834794#9
0000 002F 2000 0000 0000 0000#1626597842797432#-41.0#5.460971604872882#9
0000 0032 2000 0000 0000 0000#1626597842799468#-36.5#5.221670601962723#9
0000 003A 2000 0000 0000 0000#1626597842802152#-26.0#2.1537090261914402#9
0000 003B 2000 0000 0000 0000#1626597842804113#-34.0#2.3439226438892597#9
0000 0039 2000 0000 0000 0000#1626597842807541#-32.0#2.9145634969827183#9
0000 0031 2000 0000 0000 0000#1626597842808623#-37.0#5.258486140871978#9
0000 0034 2000 0000 0000 0000#1626597842810138#-36.5#4.76147636559703#9
0000 0036 2000 0000 0000 0000#1626597842811402#-36.5#4.239922897715912#9
0000 0030 2000 0000 0000 0000#1626597842812700#-40.0#5.491651220630596#9
0000 0035 2000 0000 0000 0000#1626597842813778#-35.5#4.325825821837508#9
0000 0033 2000 0000 0000 0000#1626597842815068#-36.5#5.135767677841127#9
0000 002E 2000 0000 0000 0000#1626597842816266#-42.5#5.43029198911517#9
0000 002D 2000 0000 0000 0000#1626597842826161#-47.0#5.626641529964532#9
0000 0035 2000 0000 0000 0000#1626597843091180#-36.0#4.331961744989051#9
0000 0031 2000 0000 0000 0000#1626597843092857#-38.5#5.013049214810275#9
0000 0037 2000 0000 0000 0000#1626597843093937#-36.5#3.7981364308048478#9
0000 0030 2000 0000 0000 0000#1626597843095007#-41.0#5.105088062083414#9
0000 0033 2000 0000 0000 0000#1626597843096152#-36.5#5.013049214810275#9
0000 003B 2000 0000 0000 0000#1626597843097148#-32.5#2.730485802436441#9
0000 003A 2000 0000 0000 0000#1626597843100388#-26.0#2.442097414313941#9
0000 0039 2000 0000 0000 0000#1626597843101458#-32.5#3.129320807286708#9
0000 002F 2000 0000 0000 0000#1626597843103131#-42.5#5.043728830567988#9
0000 0032 2000 0000 0000 0000#1626597843104291#-36.5#5.0253210611133605#9
0000 0036 2000 0000 0000 0000#1626597843105586#-36.5#4.276738436625168#9
0000 002D 2000 0000 0000 0000#1626597843106649#-49.5#4.792155981354743#9
0000 0038 2000 0000 0000 0000#1626597843107718#-35.0#3.650874275167826#9
0000 0034 2000 0000 0000 0000#1626597843108781#-37.0#4.6878452877785195#9
0000 002E 2000 0000 0000 0000#1626597843109949#-44.5#4.878058905476339#9
0000 003B 2000 0000 0000 0000#1626597843115605#-32.5#2.767301341345697#9
0000 002D 2000 0000 0000 0000#1626597843116630#-49.5#4.76147636559703#9
0000 0034 2000 0000 0000 0000#1626597843119244#-37.5#4.706253057233147#9
0000 003A 2000 0000 0000 0000#1626597843120662#-25.5#2.4911847995262812#9
0000 002E 2000 0000 0000 0000#1626597843121996#-44.5#4.853515212870168#9
0000 0039 2000 0000 0000 0000#1626597843123371#-32.0#3.184544115650591#9
0000 002F 2000 0000 0000 0000#1626597843124915#-42.5#5.037592907416445#9
0000 0032 2000 0000 0000 0000#1626597843126110#-38.0#5.0253210611133605#9
0000 0033 2000 0000 0000 0000#1626597843128084#-38.0#5.043728830567988#9
0000 0031 2000 0000 0000 0000#1626597843129149#-38.5#5.00077736850719#9
0000 0038 2000 0000 0000 0000#1626597843130257#-35.0#3.6815538909255388#9
0000 0037 2000 0000 0000 0000#1626597843131308#-36.5#3.8840393549264434#9
0000 0035 2000 0000 0000 0000#1626597843132868#-36.0#4.362641360746763#9
0000 0036 2000 0000 0000 0000#1626597843133918#-37.0#4.295146206079795#9
0000 0030 2000 0000 0000 0000#1626597843135929#-41.0#5.092816215780329#9
0000 002F 2000 0000 0000 0000#1626597843399001#-45.0#4.81056375080937#9
0000 003B 2000 0000 0000 0000#1626597843400126#-32.0#3.6754179677739964#9
0000 0033 2000 0000 0000 0000#1626597843401458#-39.5#5.135767677841127#9
0000 0036 2000 0000 0000 0000#1626597843403968#-37.5#4.6878452877785195#9
0000 0032 2000 0000 0000 0000#1626597843405056#-39.5#5.0253210611133605#9
0000 0037 2000 0000 0000 0000#1626597843406395#-36.0#4.3933209765044765#9
0000 002E 2000 0000 0000 0000#1626597843407533#-46.5#4.4976316700806995#9
0000 0039 2000 0000 0000 0000#1626597843408846#-32.0#3.9147189706841563#9
0000 0030 2000 0000 0000 0000#1626597843409932#-43.0#4.933282213840222#9
0000 0034 2000 0000 0000 0000#1626597843411234#-37.5#4.902602598082509#9
0000 003A 2000 0000 0000 0000#1626597843413871#-26.0#3.3195344249845276#9
0000 0031 2000 0000 0000 0000#1626597843414839#-41.0#4.914874444385594#9
0000 002D 2000 0000 0000 0000#1626597843418682#-51.0#4.313553975534423#9
0000 0035 2000 0000 0000 0000#1626597843419944#-37.0#4.675573441475434#9
0000 0038 2000 0000 0000 0000#1626597843424228#-34.5#4.325825821837508#9
0000 002D 2000 0000 0000 0000#1626597843430254#-50.5#4.313553975534423#9
0000 003B 2000 0000 0000 0000#1626597843431605#-32.5#3.736777199289422#9
0000 0039 2000 0000 0000 0000#1626597843440956#-32.0#4.7307967498393175#9
0000 002E 2000 0000 0000 0000#1626597843442266#-46.0#5.1725832167503825#9
0000 0033 2000 0000 0000 0000#1626597843443425#-38.0#5.829126993965437#9
0000 002F 2000 0000 0000 0000#1626597843445052#-45.0#5.45483568172134#9
0000 0032 2000 0000 0000 0000#1626597843446195#-38.5#5.700272607783043#9
0000 0030 2000 0000 0000 0000#1626597843447724#-43.5#5.577554144752192#9
0000 0031 2000 0000 0000 0000#1626597843448803#-41.0#5.608233760509904#9
0000 0037 2000 0000 0000 0000#1626597843450396#-35.5#5.141903600992669#9
0000 003A 2000 0000 0000 0000#1626597843451456#-25.5#4.215379205109742#9
0000 0034 2000 0000 0000 0000#1626597843452662#-37.5#5.602097837358362#9
0000 0035 2000 0000 0000 0000#1626597843453724#-37.0#5.405748296509#9
0000 0038 2000 0000 0000 0000#1626597843455020#-34.0#5.098952138931871#9
0000 0036 2000 0000 0000 0000#1626597843458023#-37.5#5.405748296509#9
0000 0037 2000 0000 0000 0000#1626597843724621#-35.5#4.9394181369917645#9
0000 002F 2000 0000 0000 0000#1626597843725670#-46.5#4.681709364626977#9
0000 003A 2000 0000 0000 0000#1626597843726705#-25.5#4.381049130201391#9
3008 33B2 DDD9 0140 2018 0626#1626597843727738#-63.0#5.405748296509#9
0000 0032 2000 0000 0000 0000#1626597843729336#-39.5#4.97623367590102#9
0000 0036 2000 0000 0000 0000#1626597843730883#-36.5#5.031456984264903#9
0000 0035 2000 0000 0000 0000#1626597843731948#-36.5#4.97623367590102#9
0000 0034 2000 0000 0000 0000#1626597843734739#-37.5#5.049864753719531#9
0000 0031 2000 0000 0000 0000#1626597843736275#-42.0#4.828971520263998#9
0000 002E 2000 0000 0000 0000#1626597843737302#-47.5#4.424000592262189#9
0000 0033 2000 0000 0000 0000#1626597843741972#-40.5#5.123495831538041#9
0000 003B 2000 0000 0000 0000#1626597843743904#-32.0#4.902602598082509#9
0000 0038 2000 0000 0000 0000#1626597843746289#-33.5#4.988505522204105#9
0000 0039 2000 0000 0000 0000#1626597843747628#-31.5#4.798291904506286#9
0000 0030 2000 0000 0000 0000#1626597843748856#-44.5#4.7860200582032#9
0000 002D 2000 0000 0000 0000#1626597843749879#-51.5#4.289010282928253#9
0000 0032 2000 0000 0000 0000#1626597843755194#-41.0#4.914874444385594#9
0000 0035 2000 0000 0000 0000#1626597843756486#-36.5#4.9394181369917645#9
0000 002F 2000 0000 0000 0000#1626597843757734#-46.5#4.632621979414636#9
0000 0038 2000 0000 0000 0000#1626597843759040#-33.5#4.9823695990525625#9
3008 33B2 DDD9 0140 2018 0626#1626597843760342#-63.0#5.393476450205914#9
0000 0037 2000 0000 0000 0000#1626597843761436#-35.0#4.92714629068868#9
0000 0030 2000 0000 0000 0000#1626597843762521#-45.0#4.755340442445488#9
0000 003A 2000 0000 0000 0000#1626597843763922#-24.0#4.430136515413731#9
0000 0039 2000 0000 0000 0000#1626597843765771#-31.5#4.7860200582032#9
0000 0033 2000 0000 0000 0000#1626597843766886#-39.0#5.0682725231741586#9
0000 0036 2000 0000 0000 0000#1626597843768135#-37.0#5.00077736850719#9
0000 002D 2000 0000 0000 0000#1626597843769188#-51.5#4.239922897715912#9
0000 003B 2000 0000 0000 0000#1626597843771011#-32.0#4.933282213840222#9
0000 0034 2000 0000 0000 0000#1626597843774189#-38.0#5.00077736850719#9
0000 0031 2000 0000 0000 0000#1626597843775225#-42.5#4.749204519293945#9
0000 002E 2000 0000 0000 0000#1626597843777848#-48.0#4.356505437595221#9
0000 0033 2000 0000 0000 0000#1626597844057978#-41.0#4.227651051412827#9
0000 003A 2000 0000 0000 0000#1626597844059283#-25.5#4.387185053352934#9
0000 003B 2000 0000 0000 0000#1626597844060548#-31.5#5.074408446325701#9
0000 0030 2000 0000 0000 0000#1626597844061630#-47.0#3.9147189706841563#9
0000 0039 2000 0000 0000 0000#1626597844062933#-31.0#4.552854978444583#9
0000 0038 2000 0000 0000 0000#1626597844064200#-34.0#4.614214209960009#9
0000 0036 2000 0000 0000 0000#1626597844067025#-36.5#4.325825821837508#9
0000 0037 2000 0000 0000 0000#1626597844068104#-35.0#4.399456899656019#9
0000 0035 2000 0000 0000 0000#1626597844069994#-36.5#4.221515128261284#9
0000 0034 2000 0000 0000 0000#1626597844071171#-38.0#4.215379205109742#9
0000 002F 2000 0000 0000 0000#1626597844072191#-48.5#3.724505352986337#9
0000 002D 2000 0000 0000 0000#1626597844073186#-55.5#3.3072625786814425#9
0000 0032 2000 0000 0000 0000#1626597844074656#-42.5#3.9944859716542096#9
0000 0031 2000 0000 0000 0000#1626597844078414#-43.5#3.865631585471816#9
0000 002E 2000 0000 0000 0000#1626597844080091#-50.5#3.454524734318464#9
0000 0038 2000 0000 0000 0000#1626597844083964#-33.5#4.577398671050753#9
0000 003A 2000 0000 0000 0000#1626597844085022#-25.5#4.387185053352934#9
0000 0036 2000 0000 0000 0000#1626597844086117#-36.5#4.295146206079795#9
0000 0034 2000 0000 0000 0000#1626597844087194#-38.0#4.172427743048944#9
0000 0039 2000 0000 0000 0000#1626597844088346#-31.0#4.534447208989955#9
0000 0035 2000 0000 0000 0000#1626597844090151#-36.0#4.184699589352029#9
0000 002D 2000 0000 0000 0000#1626597844091958#-56.0#3.2090878082567613#9
0000 0033 2000 0000 0000 0000#1626597844093062#-41.0#4.129476280988146#9
0000 0037 2000 0000 0000 0000#1626597844094153#-35.0#4.362641360746763#9
0000 0030 2000 0000 0000 0000#1626597844096420#-47.0#3.822680123411018#9
0000 0031 2000 0000 0000 0000#1626597844097728#-44.0#3.773592738198677#9
0000 0032 2000 0000 0000 0000#1626597844099516#-43.0#3.9269908169872414#9
0000 003B 2000 0000 0000 0000#1626597844100554#-31.5#5.105088062083414#9
0000 002E 2000 0000 0000 0000#1626597844101651#-51.0#3.3747577333484107#9
0000 002F 2000 0000 0000 0000#1626597844103042#-48.5#3.6140587362585705#9
0000 0034 2000 0000 0000 0000#1626597844370151#-39.0#2.890019804376548#9
0000 002E 2000 0000 0000 0000#1626597844371917#-55.5#1.6505633277649499#9
0000 0030 2000 0000 0000 0000#1626597844373171#-50.5#2.313243028131547#9
0000 003B 2000 0000 0000 0000#1626597844376259#-32.0#4.608078286808466#9
0000 0035 2000 0000 0000 0000#1626597844377364#-37.0#2.9206994201342606#9
0000 0033 2000 0000 0000 0000#1626597844378439#-42.5#2.7550294950426117#9
0000 0037 2000 0000 0000 0000#1626597844379534#-35.5#3.2765829629237295#9
0000 002D 2000 0000 0000 0000#1626597844381867#-60.5#1.1535535524900022#9
0000 0039 2000 0000 0000 0000#1626597844382948#-31.0#3.6079228131070282#9
0000 002F 2000 0000 0000 0000#1626597844384466#-52.0#2.024854640009046#9
0000 003A 2000 0000 0000 0000#1626597844385542#-25.5#3.6324665057131984#9
0000 0032 2000 0000 0000 0000#1626597844386731#-44.5#2.4911847995262812#9
0000 0038 2000 0000 0000 0000#1626597844389478#-33.5#3.5158839658338894#9
0000 0036 2000 0000 0000 0000#1626597844390756#-37.5#3.0495538063166547#9
0000 0031 2000 0000 0000 0000#1626597844391978#-46.5#2.3071071049800045#9
0000 002F 2000 0000 0000 0000#1626597844396476#-52.0#1.9819031779482483#9
0000 0038 2000 0000 0000 0000#1626597844398113#-33.5#3.4913402732277192#9
0000 003B 2000 0000 0000 0000#1626597844399223#-32.0#4.595806440505381#9
0000 0039 2000 0000 0000 0000#1626597844400291#-31.5#3.5833791205008576#9
0000 0037 2000 0000 0000 0000#1626597844401782#-35.5#3.2581751934691017#9
0000 0036 2000 0000 0000 0000#1626597844403850#-37.5#3.0372819600135696#9
0000 0034 2000 0000 0000 0000#1626597844404885#-39.0#2.804116880254952#9
0000 003A 2000 0000 0000 0000#1626597844405959#-25.5#3.6140587362585705#9
0000 0030 2000 0000 0000 0000#1626597844407044#-50.5#2.1353012567368124#9
0000 0035 2000 0000 0000 0000#1626597844408064#-37.0#2.8409324191642074#9
0000 0033 2000 0000 0000 0000#1626597844409725#-43.0#2.6568547246179306#9
0000 002D 2000 0000 0000 0000#1626597844411019#-60.5#0.9878836273983529#9
0000 0032 2000 0000 0000 0000#1626597844412078#-44.5#2.4175537217077703#9
0000 0031 2000 0000 0000 0000#1626597844413630#-46.5#2.2518837966161214#9
0000 002E 2000 0000 0000 0000#1626597844414799#-56.0#1.3867186322486196#9
0000 0039 2000 0000 0000 0000#1626597844679516#-31.0#4.129476280988146#9
0000 0037 2000 0000 0000 0000#1626597844681051#-35.5#3.6815538909255388#9
0000 0032 2000 0000 0000 0000#1626597844682369#-46.5#2.435961491162398#9
0000 003B 2000 0000 0000 0000#1626597844684632#-31.5#5.295301679781233#9
0000 002E 2000 0000 0000 0000#1626597844685700#-50.0#0.30066023442558565#9
0000 0033 2000 0000 0000 0000#1626597844687232#-44.5#2.82252464970958#9
0000 002D 2000 0000 0000 0000#1626597844688798#-47.5#6.160466844148735#9
0000 003A 2000 0000 0000 0000#1626597844689831#-25.5#4.252194744018997#9
0000 0038 2000 0000 0000 0000#1626597844690910#-34.0#3.9392626632903265#9
0000 0034 2000 0000 0000 0000#1626597844693156#-40.5#3.074097498922825#9
0000 0035 2000 0000 0000 0000#1626597844695162#-37.5#3.1906800388021335#9
0000 0036 2000 0000 0000 0000#1626597844696238#-37.5#3.3624858870453256#9
0000 002F 2000 0000 0000 0000#1626597844698459#-53.5#1.380582709097077#9
0C21 0537 8123 1003 2202 062F#1626597844702541#-68.0#1.6137477888556946#9
0000 0030 2000 0000 0000 0000#1626597844704279#-52.5#1.564660403643354#9
0000 0031 2000 0000 0000 0000#1626597844705345#-48.0#2.061670178918302#9
0000 0035 2000 0000 0000 0000#1626597844709576#-38.0#3.147728576741336#9
0000 0032 2000 0000 0000 0000#1626597844711079#-47.0#2.3316507975861747#9
0000 0037 2000 0000 0000 0000#1626597844712143#-35.5#3.5772431973493153#9
0000 003B 2000 0000 0000 0000#1626597844713239#-31.5#5.258486140871978#9
0000 0039 2000 0000 0000 0000#1626597844715572#-31.5#4.049709280018092#9
0C21 0537 8123 1003 2202 062F#1626597844716630#-68.0#1.6566992509164924#9
0000 0038 2000 0000 0000 0000#1626597844718645#-34.0#3.8840393549264434#9
0000 003A 2000 0000 0000 0000#1626597844719937#-25.5#4.196971435655114#9
0000 0036 2000 0000 0000 0000#1626597844720972#-37.5#3.2827188860752723#9
0000 002F 2000 0000 0000 0000#1626597844722515#-53.5#1.2455923997631406#9
0000 002D 2000 0000 0000 0000#1626597844723770#-46.5#5.927301764390117#9
0000 0031 2000 0000 0000 0000#1626597844725090#-48.5#1.9696313316451632#9
0000 0034 2000 0000 0000 0000#1626597844726380#-40.5#2.9513790358919736#9
0000 002E 2000 0000 0000 0000#1626597844728548#-48.0#6.19728238305799#9
0000 0030 2000 0000 0000 0000#1626597844729656#-52.5#1.4358060174609601#9
0000 0033 2000 0000 0000 0000#1626597844732085#-43.5#2.6568547246179306#9
0000 002F 2000 0000 0000 0000#1626597844999172#-44.0#4.970097752749477#9
0000 0038 2000 0000 0000 0000#1626597845000238#-35.5#2.988194574801229#9
0000 0036 2000 0000 0000 0000#1626597845002079#-40.0#2.36846633649543#9
0000 002E 2000 0000 0000 0000#1626597845004613#-47.5#4.663301595172349#9
0000 003A 2000 0000 0000 0000#1626597845006374#-27.0#3.380893656499953#9
0000 003B 2000 0000 0000 0000#1626597845008921#-33.5#4.651029748869264#9
0000 0034 2000 0000 0000 0000#1626597845010027#-42.5#1.8837284075235674#9
0000 0030 2000 0000 0000 0000#1626597845011099#-44.0#5.105088062083414#9
0C21 0537 8123 1003 2202 062F#1626597845012894#-66.5#1.3069516312785663#9
0000 002D 2000 0000 0000 0000#1626597845014497#-54.5#4.651029748869264#9
0000 0039 2000 0000 0000 0000#1626597845015536#-33.0#3.141592653589793#9
0000 0032 2000 0000 0000 0000#1626597845019386#-48.5#0.5583690067903734#9
0000 0035 2000 0000 0000 0000#1626597845022899#-40.0#2.086213871524472#9
0000 0037 2000 0000 0000 0000#1626597845023919#-37.5#2.60776733940559#9
0000 0033 2000 0000 0000 0000#1626597845026044#-48.5#1.3130875544301088#9
0000 0031 2000 0000 0000 0000#1626597845027238#-50.0#6.227961998815704#9
0000 0030 2000 0000 0000 0000#1626597845032601#-44.0#4.994641445355648#9
0000 0037 2000 0000 0000 0000#1626597845034390#-37.5#2.5954954931025047#9
0000 0038 2000 0000 0000 0000#1626597845035786#-35.5#2.8961557275280905#9
0000 0039 2000 0000 0000 0000#1626597845037367#-33.0#3.0925052683774528#9
0C21 0537 8123 1003 2202 062F#1626597845038678#-67.5#1.214912784005428#9
0000 0031 2000 0000 0000 0000#1626597845039726#-49.0#6.086835766330224#9
0000 0036 2000 0000 0000 0000#1626597845040792#-40.5#2.2334760271614935#9
0000 002F 2000 0000 0000 0000#1626597845042354#-44.0#4.804427827657828#9
0000 003B 2000 0000 0000 0000#1626597845043450#-33.5#4.577398671050753#9
0000 0032 2000 0000 0000 0000#1626597845044525#-49.5#0.36815538909255385#9
0000 003A 2000 0000 0000 0000#1626597845047552#-27.5#3.2704470397721868#9
0000 002D 2000 0000 0000 0000#1626597845049098#-57.0#4.466952054322987#9
0000 0035 2000 0000 0000 0000#1626597845050522#-40.0#2.018718716857504#9
0000 002E 2000 0000 0000 0000#1626597845053173#-49.0#4.528311285838413#9
0000 0033 2000 0000 0000 0000#1626597845054203#-48.5#1.1290098598838318#9
0000 0034 2000 0000 0000 0000#1626597845055510#-43.5#1.7303303287350031#9
0000 0036 2000 0000 0000 0000#1626597845322631#-44.5#1.1044661672776617#9
0000 003B 2000 0000 0000 0000#1626597845324166#-35.0#3.736777199289422#9
0000 0030 2000 0000 0000 0000#1626597845325251#-50.0#3.9392626632903265#9
FFFF FFFF FFFF FFFF FFFF FFFF#1626597845326360#-69.0#0.1349903093339364#9
0000 0031 2000 0000 0000 0000#1626597845327422#-42.0#3.9760782021995817#9
0000 0032 2000 0000 0000 0000#1626597845330165#-41.0#4.270602513473625#9
0000 0035 2000 0000 0000 0000#1626597845331228#-45.0#0.760854470791278#9
0000 0034 2000 0000 0000 0000#1626597845332317#-46.5#0.006135923151542565#9
0000 0038 2000 0000 0000 0000#1626597845333399#-38.5#2.030990563160589#9
0000 003A 2000 0000 0000 0000#1626597845334474#-29.0#2.3930100291016#9
0000 002E 2000 0000 0000 0000#1626597845335529#-61.0#2.411417798556228#9
0000 002F 2000 0000 0000 0000#1626597845336592#-54.5#3.485204350076177#9
0000 0037 2000 0000 0000 0000#1626597845338589#-41.5#1.6382914814618648#9
0000 0033 2000 0000 0000 0000#1626597845340393#-43.0#4.896466674930966#9
0C21 0537 8123 1003 2202 062F#1626597845343050#-69.0#0.7669903939428205#9
0000 0039 2000 0000 0000 0000#1626597845346975#-35.5#2.1966604882522383#9
0000 002D 2000 0000 0000 0000#1626597845348028#-65.0#1.552388557340269#9
0000 0033 2000 0000 0000 0000#1626597845353725#-43.0#4.804427827657828#9
0000 003B 2000 0000 0000 0000#1626597845354895#-35.0#3.6815538909255388#9
0000 0035 2000 0000 0000 0000#1626597845355916#-44.5#0.5951845456996288#9
FFFF FFFF FFFF FFFF FFFF FFFF#1626597845357495#-69.0#0.0#9
0000 0039 2000 0000 0000 0000#1626597845358546#-35.5#2.1659808724945253#9
0000 002F 2000 0000 0000 0000#1626597845359611#-56.0#3.313398501832985#9
0000 0031 2000 0000 0000 0000#1626597845361388#-42.5#3.877903431774901#9
0000 0030 2000 0000 0000 0000#1626597845362457#-52.0#3.8410878928656453#9
0000 002E 2000 0000 0000 0000#1626597845363527#-60.5#2.2212041808584084#9
0000 003A 2000 0000 0000 0000#1626597845364618#-29.0#2.3623304133438876#9
0000 0038 2000 0000 0000 0000#1626597845365698#-39.0#1.9573594853420782#9
0000 0032 2000 0000 0000 0000#1626597845367182#-41.0#4.123340357836604#9
0000 002D 2000 0000 0000 0000#1626597845368251#-64.5#1.2701360923693108#9
0000 0034 2000 0000 0000 0000#1626597845369340#-45.0#5.957981380147831#9
0000 0037 2000 0000 0000 0000#1626597845370859#-42.5#1.4971652489763858#9
0000 0036 2000 0000 0000 0000#1626597845372822#-45.5#0.8406214717613314#9
0C21 0537 8123 1003 2202 062F#1626597845374135#-67.5#0.803805932852076#9
0000 0033 2000 0000 0000 0000#1626597845639095#-44.0#3.184544115650591#9
0000 0030 2000 0000 0000 0000#1626597845640367#-60.5#1.7794177139473437#9
0000 0036 2000 0000 0000 0000#1626597845641412#-44.5#4.516039439535327#9
0000 0034 2000 0000 0000 0000#1626597845643190#-40.5#3.4913402732277192#9
0000 0035 2000 0000 0000 0000#1626597845644252#-42.5#4.061981126321178#9
0000 0031 2000 0000 0000 0000#1626597845645317#-54.0#2.337786720737717#9
0000 003B 2000 0000 0000 0000#1626597845647781#-36.5#2.5157284921324514#9
FFFF FFFF FFFF FFFF FFFF FFFF#1626597845648833#-69.0#5.338253141842031#9
0000 0038 2000 0000 0000 0000#1626597845650196#-46.5#0.37429131224409645#9
0000 0037 2000 0000 0000 0000#1626597845651725#-47.5#5.71868037723767#9
0000 0032 2000 0000 0000 0000#1626597845652802#-51.5#2.8716120349219203#9
0000 003A 2000 0000 0000 0000#1626597845655806#-32.5#1.239456476611598#9
0000 0039 2000 0000 0000 0000#1626597845656902#-42.0#0.9756117810952678#9
0000 002D 2000 0000 0000 0000#1626597845658000#-56.5#3.0372819600135696#9
0000 002E 2000 0000 0000 0000#1626597845660778#-57.5#3.650874275167826#9
0000 002F 2000 0000 0000 0000#1626597845661829#-64.0#0.01227184630308513#9
FFFF FFFF FFFF FFFF FFFF FFFF#1626597845668458#-68.5#5.227806525114265#9
0000 002D 2000 0000 0000 0000#1626597845669789#-56.0#2.9636508821950587#9
0000 0034 2000 0000 0000 0000#1626597845672931#-40.5#3.393165502803038#9
0000 0032 2000 0000 0000 0000#1626597845674352#-52.5#2.7857091108003242#9
0000 002E 2000 0000 0000 0000#1626597845675701#-57.5#3.6447383520162835#9
0000 0036 2000 0000 0000 0000#1626597845676763#-43.5#4.28287435977671#9
0000 003A 2000 0000 0000 0000#1626597845678356#-32.5#1.2026409377023426#9
0000 003B 2000 0000 0000 0000#1626597845679438#-36.5#2.4727770300716534#9
0000 0031 2000 0000 0000 0000#1626597845680861#-54.5#2.172116795646068#9
0000 0030 2000 0000 0000 0000#1626597845682403#-62.5#1.3192234775816514#9
0000 0038 2000 0000 0000 0000#1626597845683770#-47.5#0.1595340019401067#9
0000 0033 2000 0000 0000 0000#1626597845686855#-46.0#3.1354567304382504#9
0000 0039 2000 0000 0000 0000#1626597845696787#-42.5#1.0062913968529805#9
0000 0035 2000 0000 0000 0000#1626597845697850#-41.5#3.9822141253511245#9
0000 0037 2000 0000 0000 0000#1626597845699226#-47.5#5.5100589900852235#9
0000 002F 2000 0000 0000 0000#1626597845700321#-65.0#5.841398840268521#9
0000 0037 2000 0000 0000 0000#1626597845962685#-43.0#4.95168998329485#9
0000 0033 2000 0000 0000 0000#1626597845964001#-54.5#3.3747577333484107#9
0000 0039 2000 0000 0000 0000#1626597845965082#-46.0#6.277049384028044#9
3008 33B2 DDD9 0140 2018 0626#1626597845966171#-63.0#5.4671075280244255#9
0000 0030 2000 0000 0000 0000#1626597845967995#-61.0#5.013049214810275#9
0000 0032 2000 0000 0000 0000#1626597845969395#-55.0#2.116893487282185#9
0000 0031 2000 0000 0000 0000#1626597845970415#-58.5#0.9387962421860124#9
0000 003B 2000 0000 0000 0000#1626597845971454#-41.0#3.0250101137104846#9
0000 002D 2000 0000 0000 0000#1626597845972525#-54.0#2.12916533358527#9
0000 0036 2000 0000 0000 0000#1626597845974997#-43.0#4.368777283898306#9
0000 003A 2000 0000 0000 0000#1626597845976810#-39.5#1.1351457830353744#9
0000 002E 2000 0000 0000 0000#1626597845979598#-56.0#2.834796496012665#9
FFFF FFFF FFFF FFFF FFFF FFFF#1626597845981730#-67.5#0.46019423636569234#9
0C21 0537 8123 1003 2202 062F#1626597845983045#-68.0#1.6321555583103222#9
0000 0038 2000 0000 0000 0000#1626597845984575#-44.0#5.405748296509#9
0000 002F 2000 0000 0000 0000#1626597845986352#-56.5#4.166291819897402#9
0000 0035 2000 0000 0000 0000#1626597845987713#-45.0#4.196971435655114#9
0000 0034 2000 0000 0000 0000#1626597845989031#-50.5#3.933126740138784#9
0000 0032 2000 0000 0000 0000#1626597845995302#-57.0#1.9757672547967058#9
0000 0036 2000 0000 0000 0000#1626597845996351#-44.0#4.356505437595221#9
0000 002E 2000 0000 0000 0000#1626597845997650#-55.5#2.742757648739526#9
0000 003B 2000 0000 0000 0000#1626597845999757#-41.5#2.9329712664373457#9
0000 003A 2000 0000 0000 0000#1626597846000864#-40.5#0.9878836273983529#9
0000 0038 2000 0000 0000 0000#1626597846002825#-43.5#5.344389064993574#9
0000 0033 2000 0000 0000 0000#1626597846003916#-55.0#3.043417883165112#9
3008 33B2 DDD9 0140 2018 0626#1626597846005986#-63.5#5.424156065963627#9
0000 0030 2000 0000 0000 0000#1626597846007083#-60.0#4.71238898038469#9
0000 0035 2000 0000 0000 0000#1626597846008132#-46.0#4.166291819897402#9
0000 002F 2000 0000 0000 0000#1626597846009180#-56.0#4.049709280018092#9
0000 002D 2000 0000 0000 0000#1626597846010232#-54.5#1.8960002538266525#9
0000 0037 2000 0000 0000 0000#1626597846011239#-43.5#4.847379289718626#9
0000 0039 2000 0000 0000 0000#1626597846012549#-44.5#5.970253226450915#9
0C21 0537 8123 1003 2202 062F#1626597846016601#-68.0#1.6382914814618648#9
0000 0031 2000 0000 0000 0000#1626597846018492#-59.0#0.2638446955163303#9
0000 0034 2000 0000 0000 0000#1626597846019568#-51.5#3.847223816017188#9
FFFF FFFF FFFF FFFF FFFF FFFF#1626597846020988#-69.0#0.3865631585471816#9
0C21 0537 8123 1003 2202 062F#1626597846284407#-68.0#1.2762720155208536#9
0000 0039 2000 0000 0000 0000#1626597846285473#-44.5#4.779884135051658#9
0000 0038 2000 0000 0000 0000#1626597846286552#-47.5#4.583534594202296#9
0000 0037 2000 0000 0000 0000#1626597846287601#-52.0#4.2092432819582#9
3008 33B2 DDD9 0140 2018 0626#1626597846288733#-62.5#5.197126909356553#9
0000 003A 2000 0000 0000 0000#1626597846289811#-40.5#5.148039524144211#9
0000 0035 2000 0000 0000 0000#1626597846290845#-54.5#2.791845033951867#9
0000 002F 2000 0000 0000 0000#1626597846292588#-57.5#2.2886993355253766#9
0000 003B 2000 0000 0000 0000#1626597846293887#-48.5#1.2762720155208536#9
0000 0033 2000 0000 0000 0000#1626597846295716#-60.0#5.878214379177777#9
0000 002D 2000 0000 0000 0000#1626597846297509#-59.5#5.939573610693203#9
0000 002E 2000 0000 0000 0000#1626597846298885#-60.0#0.705631162427395#9
0000 0034 2000 0000 0000 0000#1626597846309988#-57.5#1.0062913968529805#9
0000 0031 2000 0000 0000 0000#1626597846311609#-55.5#3.4054373491061236#9
0000 0030 2000 0000 0000 0000#1626597846312921#-59.5#2.5893595699509624#9
0000 0032 2000 0000 0000 0000#1626597846315238#-57.0#4.135612204139688#9
0000 0036 2000 0000 0000 0000#1626597846316992#-55.5#2.773437264497239#9
FFFF FFFF FFFF FFFF FFFF FFFF#1626597846319287#-69.0#5.853670686571607#9
0000 002E 2000 0000 0000 0000#1626597846325050#-61.0#0.04908738521234052#9
0000 0035 2000 0000 0000 0000#1626597846326910#-55.5#2.098485717827557#9
0000 003A 2000 0000 0000 0000#1626597846328015#-41.0#4.632621979414636#9
0000 003B 2000 0000 0000 0000#1626597846329070#-49.5#0.6749515466696822#9
0000 002F 2000 0000 0000 0000#1626597846330617#-58.0#1.6382914814618648#9
0000 0039 2000 0000 0000 0000#1626597846332650#-45.5#4.28287435977671#9
0000 0033 2000 0000 0000 0000#1626597846333965#-59.0#5.105088062083414#9
0000 0037 2000 0000 0000 0000#1626597846335028#-53.5#3.6263305825616556#9
0000 0038 2000 0000 0000 0000#1626597846336792#-49.5#4.080388895775806#9
0000 0032 2000 0000 0000 0000#1626597846337858#-57.0#3.9576704327449543#9
0000 0031 2000 0000 0000 0000#1626597846339052#-55.5#3.2827188860752723#9
0000 0030 2000 0000 0000 0000#1626597846340308#-60.0#2.411417798556228#9
0000 0034 2000 0000 0000 0000#1626597846341396#-59.0#0.5706408530934585#9
0000 0036 2000 0000 0000 0000#1626597846342957#-56.0#2.6139032625571326#9
0000 002D 2000 0000 0000 0000#1626597846345112#-60.5#5.295301679781233#9
FFFF FFFF FFFF FFFF FFFF FFFF#1626597846346204#-68.5#5.675728915176872#9
0000 0039 2000 0000 0000 0000#1626597846612822#-50.0#3.5158839658338894#9
0000 0036 2000 0000 0000 0000#1626597846613853#-59.5#0.20248546400090464#9
0000 0032 2000 0000 0000 0000#1626597846614916#-55.5#2.423689644859313#9
0000 0033 2000 0000 0000 0000#1626597846616019#-53.5#3.2336315008629315#9
0000 002F 2000 0000 0000 0000#1626597846617053#-59.0#5.786175531904639#9
0000 003B 2000 0000 0000 0000#1626597846619599#-48.0#5.540738605842936#9
0000 0038 2000 0000 0000 0000#1626597846620693#-54.5#2.988194574801229#9
FFFF FFFF FFFF FFFF FFFF FFFF#1626597846621730#-69.5#0.0859029241215959#9
0000 002E 2000 0000 0000 0000#1626597846624250#-61.5#4.196971435655114#9
0000 0035 2000 0000 0000 0000#1626597846626535#-56.5#5.387340527054372#9
0000 003A 2000 0000 0000 0000#1626597846627599#-42.5#3.773592738198677#9
0000 0034 2000 0000 0000 0000#1626597846628673#-54.5#4.190835512503572#9
0000 0030 2000 0000 0000 0000#1626597846630200#-63.0#0.4540583132141498#9
0000 0031 2000 0000 0000 0000#1626597846631536#-55.5#1.6321555583103222#9
0000 0037 2000 0000 0000 0000#1626597846633426#-58.0#1.8039614065535141#9
0000 002D 2000 0000 0000 0000#1626597846635305#-61.0#3.773592738198677#9
0000 0036 2000 0000 0000 0000#1626597846641074#-59.5#6.1850105367549055#9
0000 0035 2000 0000 0000 0000#1626597846644206#-56.0#5.246214294568893#9
0000 0033 2000 0000 0000 0000#1626597846645310#-55.5#3.098641191528995#9
0000 0038 2000 0000 0000 0000#1626597846646360#-54.5#2.82252464970958#9
0000 003A 2000 0000 0000 0000#1626597846647380#-42.5#3.706097583531709#9
0000 0039 2000 0000 0000 0000#1626597846649890#-50.5#3.3318062712876126#9
0000 003B 2000 0000 0000 0000#1626597846651727#-48.0#5.418020142812084#9
0000 002E 2000 0000 0000 0000#1626597846652824#-61.5#4.025165587411922#9
0000 0034 2000 0000 0000 0000#1626597846654456#-54.5#4.025165587411922#9
0000 0032 2000 0000 0000 0000#1626597846656492#-54.5#2.1475731030398975#9
0000 0031 2000 0000 0000 0000#1626597846657555#-55.5#1.4603497100671303#9
0000 002F 2000 0000 0000 0000#1626597846659027#-59.5#5.491651220630596#9
0000 0037 2000 0000 0000 0000#1626597846660104#-59.0#1.552388557340269#9
FFFF FFFF FFFF FFFF FFFF FFFF#1626597846662734#-69.0#6.0991076126333095#9
0000 0030 2000 0000 0000 0000#1626597846665136#-63.0#6.277049384028044#9
0000 002D 2000 0000 0000 0000#1626597846666199#-62.0#3.485204350076177#9
0000 002F 2000 0000 0000 0000#1626597846931962#-63.5#3.650874275167826#9
0000 0039 2000 0000 0000 0000#1626597846933054#-57.0#1.227184630308513#9
0000 0034 2000 0000 0000 0000#1626597846934147#-54.5#2.024854640009046#9
0000 0036 2000 0000 0000 0000#1626597846935677#-57.0#3.5036121195308043#9
0000 003B 2000 0000 0000 0000#1626597846936987#-51.5#4.111068511533518#9
0000 0031 2000 0000 0000 0000#1626597846938053#-58.5#5.111223985234957#9
0000 003A 2000 0000 0000 0000#1626597846939625#-49.5#2.1537090261914402#9
0000 0037 2000 0000 0000 0000#1626597846940677#-58.5#4.6448938257177215#9
0000 0033 2000 0000 0000 0000#1626597846941806#-58.0#0.9878836273983529#9
0000 0038 2000 0000 0000 0000#1626597846944869#-59.5#5.957981380147831#9
0000 0035 2000 0000 0000 0000#1626597846945944#-55.0#2.8777479580734626#9
0000 0032 2000 0000 0000 0000#1626597846947062#-60.0#5.841398840268521#9
FFFF FFFF FFFF FFFF FFFF FFFF#1626597846951558#-68.0#5.264622064023521#9
0000 0035 2000 0000 0000 0000#1626597846957684#-55.0#2.84706834231575#9
0000 0033 2000 0000 0000 0000#1626597846959022#-60.0#0.8897088569736719#9
0000 0038 2000 0000 0000 0000#1626597846960101#-59.5#5.829126993965437#9
0000 0034 2000 0000 0000 0000#1626597846961629#-55.0#1.8346410223112268#9
0000 003A 2000 0000 0000 0000#1626597846967065#-50.0#2.043262409463674#9
