0000 0035 2000 0000 0000 0000#1626597861610411#-48.5#3.9392626632903265#9
0000 0036 2000 0000 0000 0000#1626597861611460#-48.5#3.8410878928656453#9
0000 0031 2000 0000 0000 0000#1626597861613593#-54.0#0.2270291566070749#9
0000 002E 2000 0000 0000 0000#1626597861614703#-51.0#2.067806102069844#9
0000 0033 2000 0000 0000 0000#1626597861615792#-52.5#5.325981295538946#9
0000 003A 2000 0000 0000 0000#1626597861616826#-47.5#2.3071071049800045#9
0000 0037 2000 0000 0000 0000#1626597861618622#-47.5#3.56497135104623#9
0000 0030 2000 0000 0000 0000#1626597861619662#-53.0#1.337631247036279#9
0000 0038 2000 0000 0000 0000#1626597861620983#-46.5#3.442252888015379#9
0000 0034 2000 0000 0000 0000#1626597861622003#-50.5#4.558990901596125#9
0000 002F 2000 0000 0000 0000#1626597861623034#-52.0#1.7303303287350031#9
FFFF FFFF FFFF FFFF FFFF FFFF#1626597861624899#-67.5#5.313709449235861#9
0000 0032 2000 0000 0000 0000#1626597861626158#-54.0#5.994796919057086#9
0000 0039 2000 0000 0000 0000#1626597861628137#-46.5#3.055689729468197#9
0000 0030 2000 0000 0000 0000#1626597861632975#-53.0#1.325359400733194#9
0000 0034 2000 0000 0000 0000#1626597861634019#-50.5#4.558990901596125#9
0000 0036 2000 0000 0000 0000#1626597861635056#-48.0#3.822680123411018#9
0000 0033 2000 0000 0000 0000#1626597861636117#-53.0#5.301437602932776#9
0000 0035 2000 0000 0000 0000#1626597861637890#-48.5#3.9085830475326135#9
0000 003A 2000 0000 0000 0000#1626597861638953#-47.5#2.3009711818284617#9
FFFF FFFF FFFF FFFF FFFF FFFF#1626597861649261#-68.0#5.681864838328415#9
0000 0039 2000 0000 0000 0000#1626597861650713#-46.0#3.2581751934691017#9
0000 0031 2000 0000 0000 0000#1626597861652332#-54.0#0.4111068511533518#9
0000 002E 2000 0000 0000 0000#1626597861653855#-51.5#2.2457478734645786#9
0000 0032 2000 0000 0000 0000#1626597861656855#-54.0#6.154330920997192#9
0000 0037 2000 0000 0000 0000#1626597861657919#-47.5#3.724505352986337#9
0000 0038 2000 0000 0000 0000#1626597861659692#-46.0#3.6386024288647407#9
0000 002F 2000 0000 0000 0000#1626597861662229#-52.0#1.846912868614312#9
0000 003A 2000 0000 0000 0000#1626597861924952#-47.5#3.141592653589793#9
0000 0033 2000 0000 0000 0000#1626597861926013#-49.5#0.6013204688511713#9
0000 0037 2000 0000 0000 0000#1626597861927360#-46.5#4.884194828627882#9
0000 0039 2000 0000 0000 0000#1626597861928654#-46.5#4.1172044346850605#9
0000 0030 2000 0000 0000 0000#1626597861930280#-50.5#2.6384469551633027#9
0000 0038 2000 0000 0000 0000#1626597861932328#-46.5#4.6878452877785195#9
0000 0035 2000 0000 0000 0000#1626597861934386#-46.5#5.411884219660542#9
0000 0032 2000 0000 0000 0000#1626597861935444#-49.5#1.2210487071569704#9
0000 0031 2000 0000 0000 0000#1626597861936726#-50.5#1.607611865704152#9
0000 0034 2000 0000 0000 0000#1626597861937815#-48.5#6.0991076126333095#9
0000 0036 2000 0000 0000 0000#1626597861940232#-46.5#5.283029833478148#9
0000 002F 2000 0000 0000 0000#1626597861944227#-51.0#2.82252464970958#9
0000 002D 2000 0000 0000 0000#1626597861945264#-52.5#3.663146121470911#9
0000 002E 2000 0000 0000 0000#1626597861946346#-49.5#3.3440781175906977#9
0000 0036 2000 0000 0000 0000#1626597861954113#-46.5#5.2768939103266055#9
0000 002D 2000 0000 0000 0000#1626597861955179#-53.0#3.6692820446224537#9
0000 0038 2000 0000 0000 0000#1626597861956187#-46.5#4.6878452877785195#9
0000 0035 2000 0000 0000 0000#1626597861957727#-46.5#5.436427912266712#9
0000 0033 2000 0000 0000 0000#1626597861959170#-47.0#0.5829126993965437#9
0000 0031 2000 0000 0000 0000#1626597861962342#-49.5#1.552388557340269#9
0000 0034 2000 0000 0000 0000#1626597861964600#-48.0#6.0991076126333095#9
0000 0039 2000 0000 0000 0000#1626597861966505#-46.5#4.135612204139688#9
0000 0037 2000 0000 0000 0000#1626597861968085#-46.0#4.896466674930966#9
0C21 0537 8123 1003 2202 062F#1626597861969185#-67.5#1.718058482431918#9
0000 0030 2000 0000 0000 0000#1626597861970297#-50.5#2.509592568980909#9
0000 002F 2000 0000 0000 0000#1626597861971330#-50.5#2.773437264497239#9
0000 002E 2000 0000 0000 0000#1626597861973712#-49.5#3.2765829629237295#9
0000 0032 2000 0000 0000 0000#1626597861975275#-47.5#1.1596894756415448#9
0000 003A 2000 0000 0000 0000#1626597861976795#-48.0#3.2397674240144743#9
0000 0033 2000 0000 0000 0000#1626597862242545#-49.5#0.28838838812250056#9
0000 002D 2000 0000 0000 0000#1626597862243640#-52.5#3.393165502803038#9
0000 0034 2000 0000 0000 0000#1626597862245424#-48.5#5.724816300389213#9
0000 0032 2000 0000 0000 0000#1626597862248833#-50.0#1.012427320004523#9
0000 0035 2000 0000 0000 0000#1626597862249924#-46.0#4.9823695990525625#9
0000 002E 2000 0000 0000 0000#1626597862250979#-49.5#3.067961575771282#9
0000 0030 2000 0000 0000 0000#1626597862252063#-50.5#2.3746022596469727#9
0000 0036 2000 0000 0000 0000#1626597862253867#-46.5#4.816699673960914#9
0000 0031 2000 0000 0000 0000#1626597862263241#-50.0#1.0185632431560658#9
0000 003A 2000 0000 0000 0000#1626597862265646#-46.5#2.4911847995262812#9
0000 0037 2000 0000 0000 0000#1626597862266679#-46.5#4.01902966426038#9
0000 0038 2000 0000 0000 0000#1626597862267761#-45.5#3.816544200259475#9
0000 0039 2000 0000 0000 0000#1626597862268858#-45.5#3.3072625786814425#9
0000 002F 2000 0000 0000 0000#1626597862270119#-51.0#2.2089323345553233#9
FFFF FFFF FFFF FFFF FFFF FFFF#1626597862271824#-68.5#5.64504929941916#9
0000 0039 2000 0000 0000 0000#1626597862276261#-45.5#3.3072625786814425#9
0000 0038 2000 0000 0000 0000#1626597862277312#-46.0#3.834951969714103#9
0000 0030 2000 0000 0000 0000#1626597862278366#-50.0#1.9573594853420782#9
0000 0037 2000 0000 0000 0000#1626597862279427#-46.5#4.025165587411922#9
0000 0032 2000 0000 0000 0000#1626597862280662#-50.0#0.607456392002714#9
0000 0031 2000 0000 0000 0000#1626597862281924#-50.0#1.0185632431560658#9
0000 003A 2000 0000 0000 0000#1626597862284701#-46.5#2.497320722677824#9
0000 002E 2000 0000 0000 0000#1626597862286511#-49.0#2.650718801466388#9
FFFF FFFF FFFF FFFF FFFF FFFF#1626597862287561#-68.0#5.724816300389213#9
0000 002D 2000 0000 0000 0000#1626597862289590#-53.0#2.9513790358919736#9
0000 0036 2000 0000 0000 0000#1626597862290897#-47.0#4.454680208019902#9
0000 0035 2000 0000 0000 0000#1626597862291988#-47.0#4.638757902566179#9
0000 0033 2000 0000 0000 0000#1626597862293619#-50.0#6.264777537724958#9
0000 002F 2000 0000 0000 0000#1626597862295780#-51.0#2.2150682577068657#9
0000 0034 2000 0000 0000 0000#1626597862297908#-49.0#5.399612373357457#9
0000 0039 2000 0000 0000 0000#1626597862563022#-45.5#3.466796580621549#9
0000 0037 2000 0000 0000 0000#1626597862565197#-46.0#4.172427743048944#9
0000 002D 2000 0000 0000 0000#1626597862566320#-53.0#3.1784081924990484#9
0000 0031 2000 0000 0000 0000#1626597862567600#-49.5#1.2087768608538851#9
0000 0034 2000 0000 0000 0000#1626597862568896#-49.0#5.608233760509904#9
0000 0038 2000 0000 0000 0000#1626597862570707#-46.0#3.9515345095934116#9
0000 002E 2000 0000 0000 0000#1626597862572501#-49.0#2.834796496012665#9
0000 0032 2000 0000 0000 0000#1626597862573811#-50.0#0.8467573949128739#9
0000 0035 2000 0000 0000 0000#1626597862575255#-46.5#4.81056375080937#9
0000 003A 2000 0000 0000 0000#1626597862576364#-46.0#2.6445828783148455#9
0000 0036 2000 0000 0000 0000#1626597862577428#-47.0#4.608078286808466#9
0000 0033 2000 0000 0000 0000#1626597862578515#-49.5#0.20248546400090464#9
0000 0030 2000 0000 0000 0000#1626597862580541#-49.5#2.1475731030398975#9
FFFF FFFF FFFF FFFF FFFF FFFF#1626597862581977#-68.0#6.105243535784852#9
0000 002F 2000 0000 0000 0000#1626597862583080#-50.5#2.36846633649543#9
0000 0034 2000 0000 0000 0000#1626597862588475#-49.5#5.595961914206819#9
0000 0038 2000 0000 0000 0000#1626597862589823#-45.5#3.9576704327449543#9
0000 002D 2000 0000 0000 0000#1626597862590891#-53.0#3.117048960983623#9
0000 003A 2000 0000 0000 0000#1626597862591939#-46.0#2.6323110320117604#9
0000 0039 2000 0000 0000 0000#1626597862593249#-45.0#3.442252888015379#9
0000 0036 2000 0000 0000 0000#1626597862596703#-47.0#4.638757902566179#9
0000 002F 2000 0000 0000 0000#1626597862598007#-50.5#2.399145952253143#9
0000 0037 2000 0000 0000 0000#1626597862599327#-46.5#4.147884050442774#9
FFFF FFFF FFFF FFFF FFFF FFFF#1626597862601418#-68.5#6.19728238305799#9
0000 0032 2000 0000 0000 0000#1626597862603522#-50.0#0.8651651643675016#9
0000 0030 2000 0000 0000 0000#1626597862604720#-50.0#2.1230294104337273#9
0000 0035 2000 0000 0000 0000#1626597862606309#-47.0#4.804427827657828#9
0000 0031 2000 0000 0000 0000#1626597862608053#-49.5#1.214912784005428#9
0000 0033 2000 0000 0000 0000#1626597862609616#-49.5#0.20248546400090464#9
0000 002E 2000 0000 0000 0000#1626597862611012#-49.0#2.7857091108003242#9
0000 002F 2000 0000 0000 0000#1626597862878051#-50.5#2.0064468705544187#9
0000 002D 2000 0000 0000 0000#1626597862879088#-52.5#2.730485802436441#9
0000 0035 2000 0000 0000 0000#1626597862880179#-46.5#4.387185053352934#9
0000 0036 2000 0000 0000 0000#1626597862881737#-46.5#4.196971435655114#9
0000 0037 2000 0000 0000 0000#1626597862882775#-46.5#3.724505352986337#9
0000 003A 2000 0000 0000 0000#1626597862884607#-46.5#2.1905245651006955#9
0000 0031 2000 0000 0000 0000#1626597862885870#-50.5#0.8406214717613314#9
0000 0038 2000 0000 0000 0000#1626597862886921#-45.5#3.5158839658338894#9
0000 002E 2000 0000 0000 0000#1626597862890227#-49.0#2.423689644859313#9
0000 0030 2000 0000 0000 0000#1626597862891283#-50.0#1.7671458676442586#9
0000 0032 2000 0000 0000 0000#1626597862892599#-50.0#0.4295146206079795#9
0000 0034 2000 0000 0000 0000#1626597862893647#-49.0#5.154175447295755#9
0000 0039 2000 0000 0000 0000#1626597862894940#-45.5#3.000466421104314#9
0000 0033 2000 0000 0000 0000#1626597862899186#-48.0#6.013204688511713#9
FFFF FFFF FFFF FFFF FFFF FFFF#1626597862900254#-69.0#5.50392306693368#9
0000 0036 2000 0000 0000 0000#1626597862905631#-47.0#4.2092432819582#9
0000 0034 2000 0000 0000 0000#1626597862907796#-49.0#5.160311370447297#9
0000 0038 2000 0000 0000 0000#1626597862908847#-45.5#3.522019888985432#9
0000 0030 2000 0000 0000 0000#1626597862909945#-49.5#1.7794177139473437#9
0000 003A 2000 0000 0000 0000#1626597862910994#-46.0#2.2027964114037806#9
0000 0035 2000 0000 0000 0000#1626597862912013#-46.5#4.374913207049849#9
0000 0037 2000 0000 0000 0000#1626597862913581#-46.5#3.7122335066832517#9
0000 0033 2000 0000 0000 0000#1626597862914856#-49.5#6.025476534814799#9
0000 0039 2000 0000 0000 0000#1626597862916136#-45.5#3.0127382674073995#9
0000 0031 2000 0000 0000 0000#1626597862918805#-50.5#0.8406214717613314#9
FFFF FFFF FFFF FFFF FFFF FFFF#1626597862919845#-68.5#5.350524988145116#9
0000 002E 2000 0000 0000 0000#1626597862921153#-49.5#2.429825568010856#9
0000 002D 2000 0000 0000 0000#1626597862923047#-52.5#2.736621725587984#9
0000 002F 2000 0000 0000 0000#1626597862924760#-50.5#1.9941750242513334#9
0000 0032 2000 0000 0000 0000#1626597862925862#-50.0#0.44178646691106466#9
FFFF FFFF FFFF FFFF FFFF FFFF#1626597863190528#-69.0#0.4479223900626072#9
0000 0034 2000 0000 0000 0000#1626597863191580#-48.0#5.9518454569962875#9
0000 0037 2000 0000 0000 0000#1626597863192643#-46.0#4.4976316700806995#9
0000 0032 2000 0000 0000 0000#1626597863193841#-48.0#1.227184630308513#9
0000 002F 2000 0000 0000 0000#1626597863194877#-50.5#2.791845033951867#9
0000 0033 2000 0000 0000 0000#1626597863195968#-49.5#0.4970097752749477#9
0000 002E 2000 0000 0000 0000#1626597863197064#-49.0#3.2643111166206444#9
0000 0030 2000 0000 0000 0000#1626597863199715#-50.0#2.5464081078901644#9
0000 0038 2000 0000 0000 0000#1626597863201030#-44.5#4.301282129231338#9
0000 0039 2000 0000 0000 0000#1626597863202630#-45.0#3.80427235395639#9
0000 0035 2000 0000 0000 0000#1626597863203792#-46.0#5.141903600992669#9
0000 0036 2000 0000 0000 0000#1626597863204797#-46.0#4.963961829597935#9
0000 003A 2000 0000 0000 0000#1626597863206330#-46.0#2.9943304979527716#9
0000 0031 2000 0000 0000 0000#1626597863207408#-50.0#1.6137477888556946#9
0000 002D 2000 0000 0000 0000#1626597863210671#-52.5#3.5588354278946874#9
0000 0030 2000 0000 0000 0000#1626597863214978#-50.0#2.5157284921324514#9
0000 002F 2000 0000 0000 0000#1626597863216480#-50.5#2.791845033951867#9
0000 002E 2000 0000 0000 0000#1626597863217803#-49.5#3.2888548092268146#9
FFFF FFFF FFFF FFFF FFFF FFFF#1626597863219108#-68.0#0.5092816215780329#9
0000 0032 2000 0000 0000 0000#1626597863220209#-49.5#1.2333205534600555#9
0000 0036 2000 0000 0000 0000#1626597863222026#-46.0#4.95168998329485#9
0000 0034 2000 0000 0000 0000#1626597863223101#-48.5#5.915029918087033#9
0000 002D 2000 0000 0000 0000#1626597863226105#-52.5#3.5711072741977725#9
0000 0031 2000 0000 0000 0000#1626597863227410#-50.0#1.5953400194010667#9
0000 0033 2000 0000 0000 0000#1626597863228711#-49.5#0.5276893910326605#9
0000 0035 2000 0000 0000 0000#1626597863229774#-46.0#5.135767677841127#9
0000 0039 2000 0000 0000 0000#1626597863231506#-45.0#3.816544200259475#9
0000 0037 2000 0000 0000 0000#1626597863234194#-45.5#4.503767593232243#9
0000 003A 2000 0000 0000 0000#1626597863235228#-46.0#3.0127382674073995#9
0000 0038 2000 0000 0000 0000#1626597863236992#-44.5#4.301282129231338#9
0000 0030 2000 0000 0000 0000#1626597863503845#-50.0#1.9634954084936207#9
0000 0031 2000 0000 0000 0000#1626597863506073#-49.5#1.030835089459151#9
0000 002D 2000 0000 0000 0000#1626597863507367#-53.0#2.9329712664373457#9
0000 0038 2000 0000 0000 0000#1626597863508680#-45.5#3.724505352986337#9
0000 002E 2000 0000 0000 0000#1626597863510898#-49.5#2.6568547246179306#9
0000 0037 2000 0000 0000 0000#1626597863512045#-47.0#3.9453985864418692#9
0000 0036 2000 0000 0000 0000#1626597863513109#-46.5#4.399456899656019#9
0000 0035 2000 0000 0000 0000#1626597863514160#-46.5#4.577398671050753#9
0000 0032 2000 0000 0000 0000#1626597863516392#-50.0#0.619728238305799#9
0000 0034 2000 0000 0000 0000#1626597863517439#-49.0#5.3198453723874035#9
0000 0039 2000 0000 0000 0000#1626597863519746#-45.5#3.2090878082567613#9
0000 0033 2000 0000 0000 0000#1626597863520807#-50.0#6.22182607566416#9
FFFF FFFF FFFF FFFF FFFF FFFF#1626597863521860#-70.0#5.706408530934585#9
0000 003A 2000 0000 0000 0000#1626597863524117#-46.0#2.411417798556228#9
0000 002F 2000 0000 0000 0000#1626597863525649#-50.5#2.1966604882522383#9
0000 0037 2000 0000 0000 0000#1626597863533086#-47.0#3.9269908169872414#9
0000 003A 2000 0000 0000 0000#1626597863534124#-46.0#2.3930100291016#9
0000 0036 2000 0000 0000 0000#1626597863535217#-46.5#4.381049130201391#9
0000 0032 2000 0000 0000 0000#1626597863536292#-50.0#0.6258641614573416#9
0000 002E 2000 0000 0000 0000#1626597863539683#-49.0#2.650718801466388#9
0000 0039 2000 0000 0000 0000#1626597863541162#-45.5#3.2029518851052186#9
0000 002D 2000 0000 0000 0000#1626597863543119#-53.0#2.9636508821950587#9
0000 0033 2000 0000 0000 0000#1626597863545055#-50.0#6.209554229361076#9
0000 0038 2000 0000 0000 0000#1626597863546125#-45.5#3.706097583531709#9
0000 002F 2000 0000 0000 0000#1626597863547421#-50.5#2.2396119503130363#9
0000 0031 2000 0000 0000 0000#1626597863548861#-49.5#1.0369710126106935#9
0000 0030 2000 0000 0000 0000#1626597863550557#-49.5#1.9757672547967058#9
0000 0035 2000 0000 0000 0000#1626597863551602#-46.5#4.552854978444583#9
0000 0034 2000 0000 0000 0000#1626597863552620#-49.0#5.350524988145116#9
FFFF FFFF FFFF FFFF FFFF FFFF#1626597863553731#-69.5#5.663457068873787#9
0000 0037 2000 0000 0000 0000#1626597863817129#-47.0#4.663301595172349#9
0000 002F 2000 0000 0000 0000#1626597863820087#-48.0#3.11091303783208#9
0000 002E 2000 0000 0000 0000#1626597863821556#-47.0#3.485204350076177#9
0000 0038 2000 0000 0000 0000#1626597863822912#-44.0#4.2031073588066565#9
0000 003A 2000 0000 0000 0000#1626597863823989#-36.0#2.6384469551633027#9
0000 0030 2000 0000 0000 0000#1626597863825089#-46.5#2.8777479580734626#9
0000 0035 2000 0000 0000 0000#1626597863827629#-48.5#5.884350302329319#9
0000 0033 2000 0000 0000 0000#1626597863828689#-47.5#1.5155730184310134#9
0000 0039 2000 0000 0000 0000#1626597863829758#-41.5#3.5588354278946874#9
0000 0036 2000 0000 0000 0000#1626597863831712#-48.5#5.608233760509904#9
0000 002D 2000 0000 0000 0000#1626597863832764#-50.5#3.773592738198677#9
0000 0034 2000 0000 0000 0000#1626597863833811#-49.5#0.7853981633974483#9
0000 0032 2000 0000 0000 0000#1626597863834844#-45.5#1.9757672547967058#9
0000 0031 2000 0000 0000 0000#1626597863835938#-45.5#2.2334760271614935#9
0000 0039 2000 0000 0000 0000#1626597863844825#-41.0#3.5895150436524004#9
0000 0037 2000 0000 0000 0000#1626597863846133#-47.0#4.755340442445488#9
0000 002D 2000 0000 0000 0000#1626597863847975#-50.5#3.822680123411018#9
0000 002F 2000 0000 0000 0000#1626597863849267#-47.5#3.153864499892878#9
0000 0031 2000 0000 0000 0000#1626597863850374#-45.5#2.2764274892222915#9
0000 003A 2000 0000 0000 0000#1626597863852118#-35.5#2.662990647769473#9
0000 002E 2000 0000 0000 0000#1626597863853233#-46.5#3.5342917352885173#9
0000 0032 2000 0000 0000 0000#1626597863855533#-45.5#2.0493983326152168#9
0000 0038 2000 0000 0000 0000#1626597863858103#-44.0#4.319689898685965#9
0000 0036 2000 0000 0000 0000#1626597863859182#-48.5#5.749359992995383#9
0000 0030 2000 0000 0000 0000#1626597863861821#-46.5#2.9820586516496865#9
0000 003B 2000 0000 0000 0000#1626597863863216#-47.0#3.2029518851052186#9
0000 0035 2000 0000 0000 0000#1626597863864292#-48.5#6.135923151542564#9
0000 0034 2000 0000 0000 0000#1626597863865553#-48.5#0.9510680884890975#9
0000 0033 2000 0000 0000 0000#1626597863866868#-46.5#1.6935147898257479#9
0000 0030 2000 0000 0000 0000#1626597864132554#-44.0#3.2765829629237295#9
0000 0035 2000 0000 0000 0000#1626597864133714#-45.5#1.043106935762236#9
0000 0032 2000 0000 0000 0000#1626597864135941#-41.0#2.5034566458293663#9
0000 002F 2000 0000 0000 0000#1626597864136993#-45.0#3.4913402732277192#9
0000 0039 2000 0000 0000 0000#1626597864138060#-41.5#4.227651051412827#9
0000 0031 2000 0000 0000 0000#1626597864139852#-42.0#2.693670263527186#9
0000 0037 2000 0000 0000 0000#1626597864140930#-48.5#6.074563920027139#9
0000 003A 2000 0000 0000 0000#1626597864142275#-34.5#3.0066023442558567#9
0000 0036 2000 0000 0000 0000#1626597864143555#-47.0#0.8528933180644165#9
0000 003B 2000 0000 0000 0000#1626597864145090#-41.0#3.2827188860752723#9
0000 0034 2000 0000 0000 0000#1626597864146495#-44.0#1.7732817907958012#9
0000 002D 2000 0000 0000 0000#1626597864147590#-48.5#4.111068511533518#9
0000 0033 2000 0000 0000 0000#1626597864149005#-41.5#2.2396119503130363#9
0000 002E 2000 0000 0000 0000#1626597864150063#-45.0#3.834951969714103#9
0000 0038 2000 0000 0000 0000#1626597864151394#-47.0#5.375068680751287#9
0000 0037 2000 0000 0000 0000#1626597864157031#-48.5#6.191146459906448#9
0000 0030 2000 0000 0000 0000#1626597864158116#-43.5#3.3440781175906977#9
0000 003A 2000 0000 0000 0000#1626597864160784#-34.5#3.06182565261974#9
0000 002F 2000 0000 0000 0000#1626597864162625#-44.5#3.5588354278946874#9
0000 003B 2000 0000 0000 0000#1626597864163940#-40.5#3.3379421944391554#9
0000 0034 2000 0000 0000 0000#1626597864165458#-43.5#1.8223691760081417#9
0000 002E 2000 0000 0000 0000#1626597864166498#-45.0#3.8717675086233583#9
0000 002D 2000 0000 0000 0000#1626597864168571#-48.5#4.129476280988146#9
0000 0033 2000 0000 0000 0000#1626597864170506#-43.0#2.3439226438892597#9
0000 0039 2000 0000 0000 0000#1626597864171981#-42.0#4.3933209765044765#9
0000 0038 2000 0000 0000 0000#1626597864173313#-47.0#5.516194913236766#9
0000 0031 2000 0000 0000 0000#1626597864174435#-41.5#2.773437264497239#9
0000 0032 2000 0000 0000 0000#1626597864176038#-41.5#2.6016314162540475#9
0000 0035 2000 0000 0000 0000#1626597864177372#-44.5#1.214912784005428#9
0000 0036 2000 0000 0000 0000#1626597864179892#-46.0#1.000155473701438#9
0000 0039 2000 0000 0000 0000#1626597864442672#-41.0#0.30066023442558565#9
0000 003A 2000 0000 0000 0000#1626597864443720#-32.5#5.178719139901925#9
0000 0035 2000 0000 0000 0000#1626597864446466#-41.5#2.9268353432858034#9
0000 0031 2000 0000 0000 0000#1626597864447856#-39.5#4.325825821837508#9
0000 0032 2000 0000 0000 0000#1626597864448916#-39.0#4.184699589352029#9
0000 0033 2000 0000 0000 0000#1626597864449951#-40.0#3.9392626632903265#9
0000 0036 2000 0000 0000 0000#1626597864451030#-42.0#2.779573187648782#9
0000 0034 2000 0000 0000 0000#1626597864452790#-40.5#3.472932503773092#9
0000 002D 2000 0000 0000 0000#1626597864455057#-47.5#5.43029198911517#9
0000 003B 2000 0000 0000 0000#1626597864456125#-38.5#5.203262832508095#9
0000 0037 2000 0000 0000 0000#1626597864457218#-44.0#2.0800779483729293#9
0000 0038 2000 0000 0000 0000#1626597864458398#-44.0#1.509437095279471#9
0000 002E 2000 0000 0000 0000#1626597864459738#-42.5#5.21553467881118#9
FFFF FFFF FFFF FFFF FFFF FFFF#1626597864461647#-68.5#0.5276893910326605#9
0000 0030 2000 0000 0000 0000#1626597864463072#-41.5#4.847379289718626#9
0000 002F 2000 0000 0000 0000#1626597864465302#-42.5#5.00077736850719#9
0000 003B 2000 0000 0000 0000#1626597864469329#-38.5#5.240078371417351#9
0000 0038 2000 0000 0000 0000#1626597864471706#-44.5#1.564660403643354#9
0000 002D 2000 0000 0000 0000#1626597864472801#-47.5#5.460971604872882#9
0000 002E 2000 0000 0000 0000#1626597864474096#-43.0#5.2339424482658075#9
0000 0035 2000 0000 0000 0000#1626597864475159#-41.5#3.0250101137104846#9
0000 0039 2000 0000 0000 0000#1626597864476470#-41.0#0.46019423636569234#9
0000 003A 2000 0000 0000 0000#1626597864478049#-33.0#5.3198453723874035#9
0000 0032 2000 0000 0000 0000#1626597864479456#-38.0#4.246058820867455#9
0000 002F 2000 0000 0000 0000#1626597864480773#-42.5#5.019185137961818#9
0000 0030 2000 0000 0000 0000#1626597864482202#-41.5#4.896466674930966#9
0000 0033 2000 0000 0000 0000#1626597864484648#-38.5#4.0128937411088375#9
0000 0034 2000 0000 0000 0000#1626597864486022#-38.5#3.5465635815916023#9
0000 0031 2000 0000 0000 0000#1626597864487117#-39.0#4.381049130201391#9
0000 0037 2000 0000 0000 0000#1626597864488280#-44.0#2.184388641949153#9
0000 0036 2000 0000 0000 0000#1626597864489332#-42.0#2.8716120349219203#9
0000 0030 2000 0000 0000 0000#1626597864752773#-41.0#4.71238898038469#9
0000 0037 2000 0000 0000 0000#1626597864754849#-41.0#2.386874105950058#9
0000 0031 2000 0000 0000 0000#1626597864755957#-38.0#4.289010282928253#9
0000 0032 2000 0000 0000 0000#1626597864757032#-38.0#4.166291819897402#9
0000 0034 2000 0000 0000 0000#1626597864758125#-38.0#3.5465635815916023#9
0000 0033 2000 0000 0000 0000#1626597864759200#-38.5#3.988350048502667#9
0000 0039 2000 0000 0000 0000#1626597864760483#-38.5#1.0983302441261191#9
0000 003A 2000 0000 0000 0000#1626597864761760#-32.0#6.043884304269426#9
0000 002F 2000 0000 0000 0000#1626597864762796#-42.0#4.816699673960914#9
0000 0035 2000 0000 0000 0000#1626597864764343#-39.0#3.098641191528995#9
0000 002E 2000 0000 0000 0000#1626597864765887#-42.0#4.970097752749477#9
0000 002D 2000 0000 0000 0000#1626597864767367#-46.5#5.135767677841127#9
0000 0036 2000 0000 0000 0000#1626597864768646#-39.5#2.9575149590435164#9
0000 003B 2000 0000 0000 0000#1626597864770451#-38.5#5.982525072754001#9
0000 0038 2000 0000 0000 0000#1626597864771620#-40.0#2.0064468705544187#9
0000 0034 2000 0000 0000 0000#1626597864776898#-38.0#3.552699504743145#9
0000 003A 2000 0000 0000 0000#1626597864777945#-32.0#6.117515382087937#9
0000 0035 2000 0000 0000 0000#1626597864779224#-39.0#3.11091303783208#9
0000 0032 2000 0000 0000 0000#1626597864780257#-38.0#4.196971435655114#9
0000 0031 2000 0000 0000 0000#1626597864781292#-38.0#4.319689898685965#9
0000 0038 2000 0000 0000 0000#1626597864782375#-40.0#2.0371264863121317#9
0000 0039 2000 0000 0000 0000#1626597864784126#-38.0#1.1780972450961724#9
0000 0033 2000 0000 0000 0000#1626597864785232#-38.0#4.025165587411922#9
0000 003B 2000 0000 0000 0000#1626597864787309#-38.5#6.062292073724054#9
0000 0030 2000 0000 0000 0000#1626597864788837#-41.0#4.767612288748572#9
0000 002D 2000 0000 0000 0000#1626597864791225#-46.5#5.154175447295755#9
0000 002E 2000 0000 0000 0000#1626597864792779#-42.0#4.994641445355648#9
0000 0037 2000 0000 0000 0000#1626597864794587#-40.5#2.442097414313941#9
0000 0036 2000 0000 0000 0000#1626597864796730#-39.5#3.043417883165112#9
0000 002F 2000 0000 0000 0000#1626597864798605#-41.5#4.871922982324796#9
0000 0033 2000 0000 0000 0000#1626597865064977#-36.5#4.693981210930062#9
0000 0036 2000 0000 0000 0000#1626597865067663#-37.5#3.761320891895592#9
0000 0031 2000 0000 0000 0000#1626597865068701#-37.0#4.933282213840222#9
0000 003A 2000 0000 0000 0000#1626597865070233#-29.0#1.1658253987930873#9
0000 0037 2000 0000 0000 0000#1626597865071775#-38.0#3.227495577711389#9
0000 002E 2000 0000 0000 0000#1626597865073084#-41.5#5.368932757599744#9
0000 0039 2000 0000 0000 0000#1626597865074169#-35.0#2.1966604882522383#9
0000 0034 2000 0000 0000 0000#1626597865075991#-36.0#4.3074180523828804#9
0000 0038 2000 0000 0000 0000#1626597865077899#-37.0#2.8838838812250054#9
0000 003B 2000 0000 0000 0000#1626597865079051#-36.0#1.2026409377023426#9
0000 0035 2000 0000 0000 0000#1626597865081282#-37.0#3.890175278077986#9
0000 0030 2000 0000 0000 0000#1626597865083226#-39.5#5.283029833478148#9
0000 0032 2000 0000 0000 0000#1626597865084245#-36.5#4.884194828627882#9
0000 002F 2000 0000 0000 0000#1626597865085266#-41.0#5.332117218690489#9
0000 002D 2000 0000 0000 0000#1626597865086474#-46.5#5.497787143782138#9
0000 002F 2000 0000 0000 0000#1626597865090971#-41.0#5.332117218690489#9
0000 003A 2000 0000 0000 0000#1626597865092604#-28.5#1.2333205534600555#9
0000 0037 2000 0000 0000 0000#1626597865093684#-37.5#3.2581751934691017#9
FFFF FFFF FFFF FFFF FFFF FFFF#1626597865094719#-69.0#5.712544454086128#9
0000 0032 2000 0000 0000 0000#1626597865096365#-35.5#4.884194828627882#9
0000 0033 2000 0000 0000 0000#1626597865097471#-37.5#4.76147636559703#9
0000 003B 2000 0000 0000 0000#1626597865098809#-36.0#1.2762720155208536#9
0000 0038 2000 0000 0000 0000#1626597865099847#-36.5#2.9268353432858034#9
0000 0039 2000 0000 0000 0000#1626597865101410#-35.0#2.282563412373834#9
0000 0035 2000 0000 0000 0000#1626597865102487#-36.5#3.9269908169872414#9
0000 0034 2000 0000 0000 0000#1626597865104407#-36.0#4.356505437595221#9
0000 002E 2000 0000 0000 0000#1626597865105475#-41.5#5.393476450205914#9
0000 0031 2000 0000 0000 0000#1626597865106768#-37.0#4.988505522204105#9
0000 0036 2000 0000 0000 0000#1626597865108077#-37.5#3.8288160465625602#9
0000 0030 2000 0000 0000 0000#1626597865109120#-39.5#5.307573526084319#9
0000 002D 2000 0000 0000 0000#1626597865119453#-46.5#4.914874444385594#9
0000 002E 2000 0000 0000 0000#1626597865383193#-41.5#5.098952138931871#9
0000 0037 2000 0000 0000 0000#1626597865384767#-36.0#3.399301425954581#9
0000 0033 2000 0000 0000 0000#1626597865385888#-37.0#4.81056375080937#9
0000 002F 2000 0000 0000 0000#1626597865386910#-41.0#5.166447293598839#9
0000 0039 2000 0000 0000 0000#1626597865387991#-32.0#2.564815877344792#9
0000 0038 2000 0000 0000 0000#1626597865389545#-35.5#3.1661363461959633#9
0000 003B 2000 0000 0000 0000#1626597865390627#-33.0#1.9573594853420782#9
0000 003A 2000 0000 0000 0000#1626597865392685#-26.5#1.8223691760081417#9
0000 0035 2000 0000 0000 0000#1626597865394475#-36.0#4.025165587411922#9
0000 0032 2000 0000 0000 0000#1626597865396277#-36.5#4.914874444385594#9
0000 0030 2000 0000 0000 0000#1626597865397601#-39.5#5.166447293598839#9
0000 0036 2000 0000 0000 0000#1626597865399769#-37.0#3.9392626632903265#9
0000 0034 2000 0000 0000 0000#1626597865402172#-36.0#4.448544284868359#9
0000 0031 2000 0000 0000 0000#1626597865403496#-37.0#4.945554060143307#9
0000 002D 2000 0000 0000 0000#1626597865405633#-46.5#5.141903600992669#9
0000 002D 2000 0000 0000 0000#1626597865411487#-47.0#5.135767677841127#9
0000 0034 2000 0000 0000 0000#1626597865412564#-36.5#4.466952054322987#9
0000 0033 2000 0000 0000 0000#1626597865414138#-37.0#4.853515212870168#9
0000 003B 2000 0000 0000 0000#1626597865416744#-33.5#2.043262409463674#9
0000 0031 2000 0000 0000 0000#1626597865418877#-37.5#4.957825906446392#9
0000 002E 2000 0000 0000 0000#1626597865419961#-42.0#5.098952138931871#9
0000 0032 2000 0000 0000 0000#1626597865421023#-37.0#4.933282213840222#9
0000 002F 2000 0000 0000 0000#1626597865422087#-41.0#5.178719139901925#9
0000 0036 2000 0000 0000 0000#1626597865423177#-37.0#3.9699422790480394#9
0000 003A 2000 0000 0000 0000#1626597865424486#-26.5#1.9205439464328227#9
0000 0038 2000 0000 0000 0000#1626597865425549#-35.0#3.2090878082567613#9
0000 0039 2000 0000 0000 0000#1626597865426729#-32.0#2.650718801466388#9
0000 0030 2000 0000 0000 0000#1626597865427803#-39.5#5.197126909356553#9
0000 0035 2000 0000 0000 0000#1626597865429108#-36.0#4.06811704947272#9
0000 0037 2000 0000 0000 0000#1626597865430559#-36.0#3.479068426924634#9
0000 003A 2000 0000 0000 0000#1626597865693179#-26.0#3.466796580621549#9
0000 002E 2000 0000 0000 0000#1626597865694247#-43.0#5.71868037723767#9
0000 0038 2000 0000 0000 0000#1626597865695511#-34.5#4.540583132141498#9
0000 0039 2000 0000 0000 0000#1626597865696622#-31.5#4.0987966652304335#9
0000 003B 2000 0000 0000 0000#1626597865698172#-32.5#3.7429131224409646#9
0000 0030 2000 0000 0000 0000#1626597865699494#-40.5#5.964117303299373#9
0000 0035 2000 0000 0000 0000#1626597865702537#-35.5#5.166447293598839#9
0000 002F 2000 0000 0000 0000#1626597865704328#-42.0#5.890486225480862#9
0000 0034 2000 0000 0000 0000#1626597865705402#-37.0#5.516194913236766#9
0000 0037 2000 0000 0000 0000#1626597865706512#-36.0#4.7307967498393175#9
0000 0036 2000 0000 0000 0000#1626597865707531#-36.0#5.129631754689584#9
FFFF FFFF FFFF FFFF FFFF FFFF#1626597865710407#-69.0#0.006135923151542565#9
0000 002D 2000 0000 0000 0000#1626597865711715#-48.5#5.681864838328415#9
0000 0033 2000 0000 0000 0000#1626597865714384#-36.5#5.829126993965437#9
0000 0031 2000 0000 0000 0000#1626597865715435#-38.0#5.822991070813893#9
0000 0032 2000 0000 0000 0000#1626597865726594#-36.5#5.632777453116074#9
0000 0037 2000 0000 0000 0000#1626597865730816#-36.0#4.558990901596125#9
0000 002D 2000 0000 0000 0000#1626597865733009#-49.0#5.4671075280244255#9
0000 0038 2000 0000 0000 0000#1626597865734284#-34.0#4.3933209765044765#9
0000 0030 2000 0000 0000 0000#1626597865735344#-41.0#5.730952223540755#9
0000 0034 2000 0000 0000 0000#1626597865736937#-37.0#5.307573526084319#9
0000 003A 2000 0000 0000 0000#1626597865738211#-26.0#3.356349963893783#9
0000 0031 2000 0000 0000 0000#1626597865739320#-38.5#5.602097837358362#9
0000 003B 2000 0000 0000 0000#1626597865740642#-32.5#3.6570101983193686#9
0000 0035 2000 0000 0000 0000#1626597865741702#-35.5#5.00077736850719#9
0000 0032 2000 0000 0000 0000#1626597865743320#-37.0#5.632777453116074#9
0000 0036 2000 0000 0000 0000#1626597865744452#-36.5#4.963961829597935#9
0000 0039 2000 0000 0000 0000#1626597865745536#-32.0#3.9822141253511245#9
0000 0033 2000 0000 0000 0000#1626597865746936#-36.5#5.638913376267617#9
0000 002F 2000 0000 0000 0000#1626597865748057#-42.5#5.663457068873787#9
0000 002E 2000 0000 0000 0000#1626597865749365#-44.0#5.473243451175968#9
FFFF FFFF FFFF FFFF FFFF FFFF#1626597865751318#-68.5#6.074563920027139#9
0000 0034 2000 0000 0000 0000#1626597866014875#-37.0#4.92714629068868#9
0000 003B 2000 0000 0000 0000#1626597866016228#-33.0#3.865631585471816#9
0000 002F 2000 0000 0000 0000#1626597866017288#-44.0#4.9823695990525625#9
0000 0036 2000 0000 0000 0000#1626597866018866#-37.5#4.6878452877785195#9
0000 0035 2000 0000 0000 0000#1626597866019902#-37.0#4.706253057233147#9
0000 002E 2000 0000 0000 0000#1626597866020956#-45.5#4.73693267299086#9
0000 0031 2000 0000 0000 0000#1626597866023234#-39.5#5.006913291658733#9
0000 0037 2000 0000 0000 0000#1626597866024328#-35.5#4.4362724385652745#9
0000 003A 2000 0000 0000 0000#1626597866025420#-26.0#3.466796580621549#9
0000 0038 2000 0000 0000 0000#1626597866026484#-34.5#4.3503695144436785#9
0000 0033 2000 0000 0000 0000#1626597866027759#-38.5#5.129631754689584#9
0000 0039 2000 0000 0000 0000#1626597866029993#-32.0#4.0128937411088375#9
0000 0030 2000 0000 0000 0000#1626597866031278#-42.0#5.062136600022616#9
0000 002D 2000 0000 0000 0000#1626597866034447#-51.0#4.6448938257177215#9
0000 0032 2000 0000 0000 0000#1626597866036821#-38.5#5.043728830567988#9
0000 0033 2000 0000 0000 0000#1626597866042298#-38.5#5.123495831538041#9
0000 003B 2000 0000 0000 0000#1626597866043339#-33.0#3.933126740138784#9
0000 0037 2000 0000 0000 0000#1626597866044643#-35.5#4.417864669110647#9
0000 003A 2000 0000 0000 0000#1626597866046887#-26.0#3.497476196379262#9
0000 0031 2000 0000 0000 0000#1626597866048256#-39.5#4.9823695990525625#9
0000 0035 2000 0000 0000 0000#1626597866049773#-37.0#4.6878452877785195#9
0000 0034 2000 0000 0000 0000#1626597866051278#-37.0#4.902602598082509#9
0000 0038 2000 0000 0000 0000#1626597866052329#-34.5#4.374913207049849#9
0000 0030 2000 0000 0000 0000#1626597866054152#-42.0#5.037592907416445#9
0000 0039 2000 0000 0000 0000#1626597866055665#-32.0#4.049709280018092#9
0000 0032 2000 0000 0000 0000#1626597866056938#-39.0#5.0253210611133605#9
0000 0036 2000 0000 0000 0000#1626597866058032#-37.0#4.675573441475434#9
0000 002E 2000 0000 0000 0000#1626597866059374#-46.0#4.6878452877785195#9
0000 002F 2000 0000 0000 0000#1626597866061063#-44.0#4.921010367537137#9
0000 002D 2000 0000 0000 0000#1626597866064098#-50.5#4.595806440505381#9
0000 0031 2000 0000 0000 0000#1626597866335423#-41.5#4.172427743048944#9
0000 0039 2000 0000 0000 0000#1626597866336504#-32.0#3.847223816017188#9
0000 003A 2000 0000 0000 0000#1626597866337580#-26.5#3.442252888015379#9
0000 0033 2000 0000 0000 0000#1626597866340346#-39.5#4.381049130201391#9
0000 0036 2000 0000 0000 0000#1626597866341411#-36.5#4.154019973594316#9
0000 003B 2000 0000 0000 0000#1626597866342704#-33.0#4.031301510563465#9
0000 0035 2000 0000 0000 0000#1626597866343797#-36.5#4.0987966652304335#9
0000 0034 2000 0000 0000 0000#1626597866347466#-37.5#4.227651051412827#9
0000 0037 2000 0000 0000 0000#1626597866349485#-35.5#4.031301510563465#9
0000 0038 2000 0000 0000 0000#1626597866350565#-34.0#4.074252972624263#9
0000 0030 2000 0000 0000 0000#1626597866352575#-44.5#4.196971435655114#9
0000 002E 2000 0000 0000 0000#1626597866354441#-48.0#3.718369429834794#9
0000 0032 2000 0000 0000 0000#1626597866355731#-40.0#4.221515128261284#9
0000 002F 2000 0000 0000 0000#1626597866356779#-46.5#4.037437433715008#9
0000 002D 2000 0000 0000 0000#1626597866358943#-53.0#3.6386024288647407#9
0000 003B 2000 0000 0000 0000#1626597866363658#-33.0#4.074252972624263#9
0000 0035 2000 0000 0000 0000#1626597866365375#-36.5#4.061981126321178#9
0000 0033 2000 0000 0000 0000#1626597866366436#-40.0#4.331961744989051#9
0000 0036 2000 0000 0000 0000#1626597866367742#-37.0#4.1172044346850605#9
0000 0031 2000 0000 0000 0000#1626597866369306#-41.5#4.111068511533518#9
0000 0037 2000 0000 0000 0000#1626597866370797#-35.5#4.000621894805752#9
0000 0039 2000 0000 0000 0000#1626597866371865#-32.0#3.8717675086233583#9
0000 002F 2000 0000 0000 0000#1626597866373141#-47.0#3.9944859716542096#9
0000 0034 2000 0000 0000 0000#1626597866374261#-37.5#4.184699589352029#9
0000 0030 2000 0000 0000 0000#1626597866375800#-44.5#4.129476280988146#9
0000 003A 2000 0000 0000 0000#1626597866378059#-26.5#3.479068426924634#9
0000 0038 2000 0000 0000 0000#1626597866380121#-34.0#4.06811704947272#9
0000 002D 2000 0000 0000 0000#1626597866381786#-53.5#3.5465635815916023#9
0000 0032 2000 0000 0000 0000#1626597866383104#-40.5#4.184699589352029#9
0000 002E 2000 0000 0000 0000#1626597866386983#-48.5#3.6324665057131984#9
0000 0037 2000 0000 0000 0000#1626597866651127#-35.0#3.9638063558964967#9
0000 003A 2000 0000 0000 0000#1626597866652372#-26.0#3.785864584501762#9
0000 0034 2000 0000 0000 0000#1626597866653406#-38.0#3.9085830475326135#9
0000 0030 2000 0000 0000 0000#1626597866654990#-47.0#3.6570101983193686#9
0000 0038 2000 0000 0000 0000#1626597866657278#-33.0#4.061981126321178#9
0000 002F 2000 0000 0000 0000#1626597866658839#-49.0#3.4606606574700063#9
0000 0031 2000 0000 0000 0000#1626597866661086#-43.0#3.6386024288647407#9
0000 003B 2000 0000 0000 0000#1626597866662165#-32.5#4.522175362686871#9
0000 0033 2000 0000 0000 0000#1626597866664439#-41.0#3.9453985864418692#9
0000 0039 2000 0000 0000 0000#1626597866666460#-31.0#4.006757817957295#9
0000 002E 2000 0000 0000 0000#1626597866669737#-51.5#3.0495538063166547#9
0000 0032 2000 0000 0000 0000#1626597866671182#-42.0#3.7429131224409646#9
0000 0036 2000 0000 0000 0000#1626597866675098#-36.5#3.9085830475326135#9
0000 0035 2000 0000 0000 0000#1626597866676133#-36.0#3.77972866135022#9
0000 002D 2000 0000 0000 0000#1626597866677299#-56.0#2.84706834231575#9
0000 0039 2000 0000 0000 0000#1626597866680931#-31.0#3.988350048502667#9
0000 003B 2000 0000 0000 0000#1626597866682269#-32.5#4.552854978444583#9
0000 0032 2000 0000 0000 0000#1626597866683640#-40.5#3.706097583531709#9
0000 003A 2000 0000 0000 0000#1626597866684915#-26.0#3.792000507653305#9
0000 0036 2000 0000 0000 0000#1626597866686450#-36.5#3.8840393549264434#9
0000 0035 2000 0000 0000 0000#1626597866688511#-36.0#3.77972866135022#9
0000 0033 2000 0000 0000 0000#1626597866690026#-41.5#3.8840393549264434#9
0000 0037 2000 0000 0000 0000#1626597866691109#-35.0#3.9147189706841563#9
0000 0030 2000 0000 0000 0000#1626597866692391#-47.0#3.5588354278946874#9
0000 0031 2000 0000 0000 0000#1626597866693715#-43.5#3.5465635815916023#9
0000 002F 2000 0000 0000 0000#1626597866696003#-49.5#3.3379421944391554#9
0000 0038 2000 0000 0000 0000#1626597866697040#-33.5#4.037437433715008#9
0000 002E 2000 0000 0000 0000#1626597866698950#-51.5#2.945243112740431#9
0000 0034 2000 0000 0000 0000#1626597866700854#-38.0#3.8288160465625602#9
0000 002D 2000 0000 0000 0000#1626597866701906#-56.5#2.693670263527186#9
0000 0036 2000 0000 0000 0000#1626597866974416#-36.0#3.9822141253511245#9
0000 003B 2000 0000 0000 0000#1626597866975498#-31.0#5.148039524144211#9
0000 002E 2000 0000 0000 0000#1626597866977050#-54.0#2.2886993355253766#9
0000 0038 2000 0000 0000 0000#1626597866979325#-32.5#4.313553975534423#9
0000 0030 2000 0000 0000 0000#1626597866980363#-50.5#3.098641191528995#9
0000 002F 2000 0000 0000 0000#1626597866981467#-51.5#2.8286605728611223#9
0000 0034 2000 0000 0000 0000#1626597866982743#-38.5#3.77972866135022#9
0000 0039 2000 0000 0000 0000#1626597866984254#-29.5#4.356505437595221#9
0000 0035 2000 0000 0000 0000#1626597866985344#-36.0#3.822680123411018#9
0000 0033 2000 0000 0000 0000#1626597866987172#-41.0#3.6815538909255388#9
0000 003A 2000 0000 0000 0000#1626597866989317#-25.0#4.325825821837508#9
0000 0037 2000 0000 0000 0000#1626597866991179#-34.0#4.080388895775806#9
0000 002D 2000 0000 0000 0000#1626597866992534#-58.5#1.9144080232812801#9
0000 0032 2000 0000 0000 0000#1626597866995844#-44.0#3.368621810196868#9
0000 0031 2000 0000 0000 0000#1626597866996909#-46.5#3.1661363461959633#9
0000 002E 2000 0000 0000 0000#1626597867004156#-54.0#2.1659808724945253#9
0000 003A 2000 0000 0000 0000#1626597867005653#-23.0#4.319689898685965#9
0000 0030 2000 0000 0000 0000#1626597867007179#-50.5#2.9636508821950587#9
0000 0037 2000 0000 0000 0000#1626597867008456#-34.0#4.061981126321178#9
0000 0033 2000 0000 0000 0000#1626597867009462#-42.5#3.6140587362585705#9
0000 002D 2000 0000 0000 0000#1626597867010499#-58.5#1.8223691760081417#9
0000 0034 2000 0000 0000 0000#1626597867011760#-38.5#3.718369429834794#9
0000 0035 2000 0000 0000 0000#1626597867012840#-36.0#3.7551849687440497#9
0000 0036 2000 0000 0000 0000#1626597867013889#-36.5#3.890175278077986#9
0000 0039 2000 0000 0000 0000#1626597867015213#-29.5#4.3074180523828804#9
0000 003B 2000 0000 0000 0000#1626597867016922#-31.0#5.135767677841127#9
0000 0038 2000 0000 0000 0000#1626597867017985#-32.0#4.252194744018997#9
0000 0031 2000 0000 0000 0000#1626597867019038#-46.5#3.074097498922825#9
0000 0032 2000 0000 0000 0000#1626597867020659#-44.5#3.2827188860752723#9
0000 002F 2000 0000 0000 0000#1626597867022588#-51.5#2.6445828783148455#9
0000 002D 2000 0000 0000 0000#1626597867287710#-49.5#5.841398840268521#9
0000 0031 2000 0000 0000 0000#1626597867289217#-48.5#1.6321555583103222#9
0000 0033 2000 0000 0000 0000#1626597867291469#-44.0#2.270291566070749#9
0000 0036 2000 0000 0000 0000#1626597867293406#-37.0#2.773437264497239#9
0000 002F 2000 0000 0000 0000#1626597867294453#-54.0#0.944932165337555#9
0000 002E 2000 0000 0000 0000#1626597867295507#-52.5#6.2034183062095325#9
0000 0039 2000 0000 0000 0000#1626597867296589#-30.5#3.4913402732277192#9
0000 003A 2000 0000 0000 0000#1626597867297953#-25.0#3.6140587362585705#9
0000 003B 2000 0000 0000 0000#1626597867299047#-31.5#4.632621979414636#9
0000 0038 2000 0000 0000 0000#1626597867300042#-33.0#3.356349963893783#9
0000 0037 2000 0000 0000 0000#1626597867301235#-35.5#3.043417883165112#9
0000 0032 2000 0000 0000 0000#1626597867302341#-46.5#1.8346410223112268#9
0000 0030 2000 0000 0000 0000#1626597867303425#-52.5#1.1474176293384597#9
0000 0035 2000 0000 0000 0000#1626597867304459#-37.5#2.6016314162540475#9
0000 0034 2000 0000 0000 0000#1626597867305637#-40.0#2.4605051837685683#9
0000 003B 2000 0000 0000 0000#1626597867310995#-31.0#4.632621979414636#9
0000 002F 2000 0000 0000 0000#1626597867313852#-54.0#0.8713010875190442#9
0000 0030 2000 0000 0000 0000#1626597867314936#-53.0#1.0799224746714913#9
0000 0035 2000 0000 0000 0000#1626597867316242#-37.5#2.5770877236478773#9
0000 0038 2000 0000 0000 0000#1626597867317550#-33.0#3.3318062712876126#9
0000 0037 2000 0000 0000 0000#1626597867318601#-35.5#3.0495538063166547#9
0000 0039 2000 0000 0000 0000#1626597867319695#-30.5#3.466796580621549#9
0000 0036 2000 0000 0000 0000#1626597867321002#-37.5#2.7120780329818137#9
0000 0034 2000 0000 0000 0000#1626597867322518#-40.5#2.423689644859313#9
0000 003A 2000 0000 0000 0000#1626597867323569#-25.5#3.5772431973493153#9
0000 0031 2000 0000 0000 0000#1626597867325048#-49.0#1.4664856332186729#9
0000 0033 2000 0000 0000 0000#1626597867326138#-45.0#2.1475731030398975#9
0000 0032 2000 0000 0000 0000#1626597867327456#-47.0#1.7303303287350031#9
0000 002D 2000 0000 0000 0000#1626597867328536#-48.0#5.522330836388308#9
0000 002E 2000 0000 0000 0000#1626597867329647#-49.5#5.829126993965437#9
0000 0032 2000 0000 0000 0000#1626597867597654#-49.0#0.11658253987930872#9
0000 0030 2000 0000 0000 0000#1626597867599249#-48.5#4.6878452877785195#9
0000 0039 2000 0000 0000 0000#1626597867600544#-32.0#2.5402721847386216#9
0000 0036 2000 0000 0000 0000#1626597867601610#-39.5#1.6873788666742053#9
0000 0031 2000 0000 0000 0000#1626597867602907#-51.0#5.890486225480862#9
0000 002E 2000 0000 0000 0000#1626597867604201#-46.0#3.8840393549264434#9
0000 002D 2000 0000 0000 0000#1626597867605284#-51.5#3.9699422790480394#9
0000 0035 2000 0000 0000 0000#1626597867607816#-40.0#1.4848934026733007#9
0000 003A 2000 0000 0000 0000#1626597867608863#-26.5#2.7120780329818137#9
0000 0038 2000 0000 0000 0000#1626597867611125#-35.5#2.36846633649543#9
0000 002F 2000 0000 0000 0000#1626597867612430#-45.5#4.319689898685965#9
0000 0033 2000 0000 0000 0000#1626597867613477#-49.0#0.760854470791278#9
0000 003B 2000 0000 0000 0000#1626597867614545#-32.5#3.933126740138784#9
0000 0034 2000 0000 0000 0000#1626597867615864#-43.0#1.2087768608538851#9
0000 0037 2000 0000 0000 0000#1626597867617827#-37.0#2.000310947402876#9
FFFF FFFF FFFF FFFF FFFF FFFF#1626597867621430#-68.5#5.21553467881118#9
0000 0034 2000 0000 0000 0000#1626597867625158#-43.0#1.1719613219446299#9
0000 0037 2000 0000 0000 0000#1626597867626223#-37.0#1.9819031779482483#9
FFFF FFFF FFFF FFFF FFFF FFFF#1626597867627515#-69.5#5.338253141842031#9
0000 003B 2000 0000 0000 0000#1626597867629790#-33.0#3.9085830475326135#9
0000 0035 2000 0000 0000 0000#1626597867632389#-40.5#1.3989904785517047#9
0000 0036 2000 0000 0000 0000#1626597867633684#-40.0#1.6321555583103222#9
0000 0038 2000 0000 0000 0000#1626597867635034#-35.5#2.2886993355253766#9
0000 003A 2000 0000 0000 0000#1626597867636351#-26.5#2.662990647769473#9
0000 002D 2000 0000 0000 0000#1626597867637388#-53.5#3.9085830475326135#9
0000 0032 2000 0000 0000 0000#1626597867638475#-51.0#6.154330920997192#9
0000 002E 2000 0000 0000 0000#1626597867639532#-46.5#3.749049045592507#9
0000 0039 2000 0000 0000 0000#1626597867640613#-32.5#2.4727770300716534#9
0000 0031 2000 0000 0000 0000#1626597867641635#-51.0#5.638913376267617#9
0000 002F 2000 0000 0000 0000#1626597867643169#-45.0#4.147884050442774#9
0000 0033 2000 0000 0000 0000#1626597867645656#-49.0#0.5706408530934585#9
0000 0030 2000 0000 0000 0000#1626597867646754#-45.5#4.338097668140593#9
0000 0030 2000 0000 0000 0000#1626597867911964#-45.0#3.6447383520162835#9
FFFF FFFF FFFF FFFF FFFF FFFF#1626597867913387#-68.0#5.700272607783043#9
0000 0038 2000 0000 0000 0000#1626597867914635#-37.5#1.9082721001297376#9
0000 0039 2000 0000 0000 0000#1626597867915747#-34.5#2.1353012567368124#9
0000 0035 2000 0000 0000 0000#1626597867917279#-43.5#0.6688156235181395#9
0000 0037 2000 0000 0000 0000#1626597867918316#-40.5#1.5278448647340985#9
0000 0036 2000 0000 0000 0000#1626597867919378#-43.5#0.9572040116406401#9
0000 003B 2000 0000 0000 0000#1626597867920472#-34.0#3.6570101983193686#9
0000 0032 2000 0000 0000 0000#1626597867921618#-42.0#4.246058820867455#9
0000 0031 2000 0000 0000 0000#1626597867923168#-42.0#3.816544200259475#9
0000 003A 2000 0000 0000 0000#1626597867924459#-28.5#2.350058567040802#9
0000 0033 2000 0000 0000 0000#1626597867925890#-47.5#5.1725832167503825#9
0000 002D 2000 0000 0000 0000#1626597867926884#-64.5#2.0800779483729293#9
0000 0034 2000 0000 0000 0000#1626597867928460#-46.0#0.05522330836388308#9
0000 002F 2000 0000 0000 0000#1626597867929522#-49.5#3.423845118560751#9
0000 002E 2000 0000 0000 0000#1626597867930605#-59.0#2.5832236467994196#9
0000 0031 2000 0000 0000 0000#1626597867936804#-42.0#3.7551849687440497#9
0000 0036 2000 0000 0000 0000#1626597867937866#-43.5#0.8713010875190442#9
0000 0039 2000 0000 0000 0000#1626597867939634#-34.5#2.0800779483729293#9
0000 002D 2000 0000 0000 0000#1626597867942075#-64.5#1.9819031779482483#9
0000 0033 2000 0000 0000 0000#1626597867943165#-46.5#5.043728830567988#9
0000 002F 2000 0000 0000 0000#1626597867944441#-50.5#3.411573272257666#9
0000 0038 2000 0000 0000 0000#1626597867945491#-38.0#1.8346410223112268#9
0000 003A 2000 0000 0000 0000#1626597867946554#-28.5#2.2948352586769194#9
0000 003B 2000 0000 0000 0000#1626597867947822#-34.0#3.6079228131070282#9
0000 0032 2000 0000 0000 0000#1626597867948870#-42.5#4.080388895775806#9
0000 0037 2000 0000 0000 0000#1626597867951187#-41.0#1.3989904785517047#9
0000 002E 2000 0000 0000 0000#1626597867952611#-59.5#2.4175537217077703#9
0000 0030 2000 0000 0000 0000#1626597867953654#-46.5#3.5772431973493153#9
0000 0035 2000 0000 0000 0000#1626597867954716#-44.0#0.4724660826687775#9
0000 0034 2000 0000 0000 0000#1626597867956532#-46.5#6.129787228391022#9
FFFF FFFF FFFF FFFF FFFF FFFF#1626597867958558#-68.0#5.411884219660542#9
0000 0034 2000 0000 0000 0000#1626597868227454#-40.5#4.779884135051658#9
0000 0033 2000 0000 0000 0000#1626597868229228#-40.0#4.190835512503572#9
0000 002D 2000 0000 0000 0000#1626597868230540#-56.5#5.767767762450011#9
0000 0036 2000 0000 0000 0000#1626597868231558#-45.0#6.037748381117884#9
0000 0035 2000 0000 0000 0000#1626597868232880#-43.5#5.638913376267617#9
0000 0039 2000 0000 0000 0000#1626597868234842#-38.5#2.030990563160589#9
0000 0038 2000 0000 0000 0000#1626597868235919#-43.0#1.6014759425526093#9
0000 0030 2000 0000 0000 0000#1626597868237248#-58.0#2.9759227284981438#9
0000 002F 2000 0000 0000 0000#1626597868238340#-58.0#2.0064468705544187#9
0000 0032 2000 0000 0000 0000#1626597868239885#-44.5#3.9208548938356986#9
0000 003A 2000 0000 0000 0000#1626597868243860#-31.5#2.2948352586769194#9
0000 0031 2000 0000 0000 0000#1626597868244956#-48.5#3.6263305825616556#9
0000 002E 2000 0000 0000 0000#1626597868248207#-56.5#0.006135923151542565#9
0000 0037 2000 0000 0000 0000#1626597868249642#-45.5#0.8406214717613314#9
0000 003B 2000 0000 0000 0000#1626597868250739#-35.5#3.663146121470911#9
FFFF FFFF FFFF FFFF FFFF FFFF#1626597868252432#-68.0#0.18407769454627693#9
0000 0030 2000 0000 0000 0000#1626597868257244#-58.5#2.7857091108003242#9
0000 003B 2000 0000 0000 0000#1626597868258312#-35.5#3.6570101983193686#9
0000 0033 2000 0000 0000 0000#1626597868259587#-40.0#4.147884050442774#9
0000 002D 2000 0000 0000 0000#1626597868260637#-56.5#5.436427912266712#9
0000 0031 2000 0000 0000 0000#1626597868261972#-49.5#3.5956509668039427#9
0000 0037 2000 0000 0000 0000#1626597868263250#-46.0#0.7669903939428205#9
FFFF FFFF FFFF FFFF FFFF FFFF#1626597868264288#-68.0#0.12885438618239387#9
0000 0034 2000 0000 0000 0000#1626597868265618#-40.0#4.608078286808466#9
0000 0038 2000 0000 0000 0000#1626597868266626#-43.5#1.4848934026733007#9
0000 002E 2000 0000 0000 0000#1626597868267698#-56.0#6.105243535784852#9
0000 0039 2000 0000 0000 0000#1626597868269493#-39.0#1.945087639038993#9
0000 0032 2000 0000 0000 0000#1626597868270523#-46.0#3.9147189706841563#9
0000 003A 2000 0000 0000 0000#1626597868271858#-31.5#2.227340104009951#9
0000 0036 2000 0000 0000 0000#1626597868273179#-44.5#5.7616318392984684#9
0000 002F 2000 0000 0000 0000#1626597868274271#-59.0#1.718058482431918#9
0000 0035 2000 0000 0000 0000#1626597868277713#-42.5#5.301437602932776#9
0000 0031 2000 0000 0000 0000#1626597868542578#-56.0#1.718058482431918#9
0000 0038 2000 0000 0000 0000#1626597868544596#-46.0#5.737088146692298#9
0000 003A 2000 0000 0000 0000#1626597868546244#-36.5#1.1719613219446299#9
0000 0034 2000 0000 0000 0000#1626597868547292#-44.0#3.6140587362585705#9
0000 0037 2000 0000 0000 0000#1626597868548327#-44.5#4.865787059173254#9
0000 0036 2000 0000 0000 0000#1626597868549844#-41.0#4.04357335686655#9
0000 002E 2000 0000 0000 0000#1626597868550914#-58.0#3.454524734318464#9
0000 0039 2000 0000 0000 0000#1626597868552011#-45.0#0.380427235395639#9
0000 0032 2000 0000 0000 0000#1626597868553321#-55.5#2.521864415283994#9
FFFF FFFF FFFF FFFF FFFF FFFF#1626597868555322#-68.0#5.64504929941916#9
0000 003B 2000 0000 0000 0000#1626597868556719#-39.5#2.705942109830271#9
0000 0035 2000 0000 0000 0000#1626597868558650#-41.0#3.816544200259475#9
0000 0033 2000 0000 0000 0000#1626597868559785#-51.0#3.3379421944391554#9
0000 002D 2000 0000 0000 0000#1626597868561709#-57.5#2.742757648739526#9
0000 002F 2000 0000 0000 0000#1626597868562844#-59.5#5.062136600022616#9
0000 0030 2000 0000 0000 0000#1626597868564058#-64.5#0.1227184630308513#9
0000 0035 2000 0000 0000 0000#1626597868568084#-41.0#3.80427235395639#9
0000 0033 2000 0000 0000 0000#1626597868569994#-53.0#3.3072625786814425#9
0000 003B 2000 0000 0000 0000#1626597868571103#-39.5#2.6813984172241008#9
0000 0039 2000 0000 0000 0000#1626597868572413#-45.5#0.2454369260617026#9
0000 003A 2000 0000 0000 0000#1626597868573462#-37.5#1.0737865515199487#9
0000 002D 2000 0000 0000 0000#1626597868574514#-57.5#2.6813984172241008#9
0000 0037 2000 0000 0000 0000#1626597868575564#-44.0#4.743068596142402#9
0000 0038 2000 0000 0000 0000#1626597868576602#-46.0#5.540738605842936#9
0000 0031 2000 0000 0000 0000#1626597868577652#-57.0#1.4542137869155878#9
0000 0036 2000 0000 0000 0000#1626597868578742#-41.5#3.988350048502667#9
0000 0032 2000 0000 0000 0000#1626597868579835#-56.5#2.2886993355253766#9
0000 0034 2000 0000 0000 0000#1626597868580827#-45.0#3.56497135104623#9
0000 002F 2000 0000 0000 0000#1626597868581886#-59.5#4.871922982324796#9
0000 0030 2000 0000 0000 0000#1626597868584115#-63.5#6.178874613603362#9
FFFF FFFF FFFF FFFF FFFF FFFF#1626597868586063#-68.5#5.71868037723767#9
0000 002E 2000 0000 0000 0000#1626597868587328#-58.5#3.2888548092268146#9
0000 0030 2000 0000 0000 0000#1626597868853542#-61.5#3.767456815047135#9
0000 002F 2000 0000 0000 0000#1626597868854663#-59.0#2.8838838812250054#9
0000 0037 2000 0000 0000 0000#1626597868855670#-45.5#3.718369429834794#9
0000 0034 2000 0000 0000 0000#1626597868856972#-54.5#2.337786720737717#9
0000 0039 2000 0000 0000 0000#1626597868858324#-44.5#4.595806440505381#9
0000 003B 2000 0000 0000 0000#1626597868860388#-46.5#1.4971652489763858#9
0000 0038 2000 0000 0000 0000#1626597868861895#-44.5#4.166291819897402#9
0000 002E 2000 0000 0000 0000#1626597868863492#-62.0#1.2455923997631406#9
0000 0031 2000 0000 0000 0000#1626597868865104#-58.0#4.743068596142402#9
0000 0033 2000 0000 0000 0000#1626597868866390#-58.5#1.1965050145508#9
0000 003A 2000 0000 0000 0000#1626597868867441#-41.5#5.3198453723874035#9
0000 002D 2000 0000 0000 0000#1626597868871663#-63.5#0.11658253987930872#9
0000 0035 2000 0000 0000 0000#1626597868873596#-51.5#2.84706834231575#9
0000 0036 2000 0000 0000 0000#1626597868874659#-50.5#3.1231848841351653#9
FFFF FFFF FFFF FFFF FFFF FFFF#1626597868875696#-68.5#5.037592907416445#9
0000 0032 2000 0000 0000 0000#1626597868877125#-59.5#5.583690067903734#9
0000 0035 2000 0000 0000 0000#1626597868880762#-51.5#2.816388726558037#9
0000 0039 2000 0000 0000 0000#1626597868883141#-44.0#4.4976316700806995#9
0000 0038 2000 0000 0000 0000#1626597868884207#-44.5#4.129476280988146#9
0000 003A 2000 0000 0000 0000#1626597868885285#-41.5#5.221670601962723#9
0000 0030 2000 0000 0000 0000#1626597868886325#-61.0#3.5895150436524004#9
0000 002F 2000 0000 0000 0000#1626597868887676#-58.5#2.7857091108003242#9
FFFF FFFF FFFF FFFF FFFF FFFF#1626597868888756#-67.0#5.221670601962723#9
0000 0033 2000 0000 0000 0000#1626597868889830#-59.5#1.000155473701438#9
0000 003B 2000 0000 0000 0000#1626597868891371#-46.5#1.325359400733194#9
0000 002D 2000 0000 0000 0000#1626597868892636#-64.0#6.111379458936394#9
0000 0034 2000 0000 0000 0000#1626597868893984#-54.5#2.073942025221387#9
0000 0031 2000 0000 0000 0000#1626597868895048#-57.5#4.540583132141498#9
0000 0037 2000 0000 0000 0000#1626597868896226#-47.0#3.6692820446224537#9
0000 0036 2000 0000 0000 0000#1626597868897477#-51.0#3.08636934522591#9
0000 0032 2000 0000 0000 0000#1626597868900106#-59.5#5.485515297479052#9
0000 002E 2000 0000 0000 0000#1626597868901191#-63.0#1.0369710126106935#9
0000 0036 2000 0000 0000 0000#1626597869184501#-56.5#2.018718716857504#9
0000 0035 2000 0000 0000 0000#1626597869185533#-56.5#1.3437671701878218#9
0000 0037 2000 0000 0000 0000#1626597869189385#-55.5#3.1906800388021335#9
FFFF FFFF FFFF FFFF FFFF FFFF#1626597869190524#-68.0#5.5100589900852235#9
0000 0032 2000 0000 0000 0000#1626597869191611#-57.5#3.6201946594101133#9
0000 0039 2000 0000 0000 0000#1626597869193132#-46.0#4.01902966426038#9
0000 003B 2000 0000 0000 0000#1626597869194245#-47.5#6.19728238305799#9
0000 0038 2000 0000 0000 0000#1626597869195311#-51.0#3.77972866135022#9
0000 002F 2000 0000 0000 0000#1626597869196346#-62.5#0.8528933180644165#9
0000 002D 2000 0000 0000 0000#1626597869197654#-61.5#4.295146206079795#9
0000 003A 2000 0000 0000 0000#1626597869198976#-39.5#4.221515128261284#9
0000 0033 2000 0000 0000 0000#1626597869199992#-59.0#4.71238898038469#9
0000 0034 2000 0000 0000 0000#1626597869201141#-58.5#6.043884304269426#9
0000 0030 2000 0000 0000 0000#1626597869203056#-64.0#1.8837284075235674#9
0000 0031 2000 0000 0000 0000#1626597869204116#-57.0#2.84706834231575#9
0000 002E 2000 0000 0000 0000#1626597869215124#-61.0#5.436427912266712#9
FFFF FFFF FFFF FFFF FFFF FFFF#1626597869221786#-68.0#0.48473792897186263#9
0000 0038 2000 0000 0000 0000#1626597869222876#-50.0#4.4362724385652745#9
0000 0033 2000 0000 0000 0000#1626597869224123#-57.0#5.270757987175063#9
0000 0035 2000 0000 0000 0000#1626597869225445#-56.0#1.8100973297050567#9
0000 0037 2000 0000 0000 0000#1626597869227945#-55.0#3.773592738198677#9
0000 003B 2000 0000 0000 0000#1626597869228999#-46.5#0.4970097752749477#9
0000 002E 2000 0000 0000 0000#1626597869230056#-61.0#5.283029833478148#9
0000 0039 2000 0000 0000 0000#1626597869231104#-46.0#4.681709364626977#9
0000 0030 2000 0000 0000 0000#1626597869232135#-63.5#2.6139032625571326#9
0000 003A 2000 0000 0000 0000#1626597869233184#-39.0#4.921010367537137#9
0000 0036 2000 0000 0000 0000#1626597869235940#-56.5#2.442097414313941#9
0000 002D 2000 0000 0000 0000#1626597869238093#-59.5#4.767612288748572#9
0000 002F 2000 0000 0000 0000#1626597869239112#-61.5#1.1658253987930873#9
0000 0032 2000 0000 0000 0000#1626597869241112#-57.0#4.190835512503572#9
0000 0034 2000 0000 0000 0000#1626597869242900#-57.0#0.21475731030398976#9
0000 0031 2000 0000 0000 0000#1626597869244705#-56.0#3.485204350076177#9
0000 0032 2000 0000 0000 0000#1626597869510816#-56.5#2.1966604882522383#9
0000 0033 2000 0000 0000 0000#1626597869512119#-57.0#3.479068426924634#9
0000 003B 2000 0000 0000 0000#1626597869514853#-46.5#5.6143696836614465#9
0000 0037 2000 0000 0000 0000#1626597869516777#-57.0#1.6137477888556946#9
0000 0034 2000 0000 0000 0000#1626597869517839#-54.0#4.405592822807561#9
0000 0038 2000 0000 0000 0000#1626597869518904#-53.5#2.724349879284899#9
0000 0039 2000 0000 0000 0000#1626597869519942#-50.5#3.4054373491061236#9
0000 002E 2000 0000 0000 0000#1626597869521013#-61.0#3.6999616603801666#9
0000 002F 2000 0000 0000 0000#1626597869522077#-59.5#5.135767677841127#9
0000 003A 2000 0000 0000 0000#1626597869523431#-43.0#3.9392626632903265#9
0000 0030 2000 0000 0000 0000#1626597869524902#-63.5#5.755495916146925#9
0000 0035 2000 0000 0000 0000#1626597869526175#-55.0#5.4671075280244255#9
FFFF FFFF FFFF FFFF FFFF FFFF#1626597869528325#-67.5#0.06135923151542565#9
0000 0031 2000 0000 0000 0000#1626597869529385#-58.0#1.0799224746714913#9
0000 0036 2000 0000 0000 0000#1626597869530437#-57.0#6.105243535784852#9
0000 002D 2000 0000 0000 0000#1626597869531778#-61.0#3.454524734318464#9
0000 002E 2000 0000 0000 0000#1626597869537575#-61.5#3.718369429834794#9
0000 003A 2000 0000 0000 0000#1626597869539092#-43.5#3.8717675086233583#9
0000 0038 2000 0000 0000 0000#1626597869540153#-53.5#2.5832236467994196#9
0000 0033 2000 0000 0000 0000#1626597869541445#-57.5#3.2459033471660166#9
0000 0031 2000 0000 0000 0000#1626597869542540#-58.0#0.9019807032767571#9
0000 0036 2000 0000 0000 0000#1626597869543844#-56.5#6.019340611663256#9
0000 002F 2000 0000 0000 0000#1626597869544891#-59.0#4.963961829597935#9
0000 0034 2000 0000 0000 0000#1626597869545969#-54.5#4.301282129231338#9
0000 0032 2000 0000 0000 0000#1626597869547044#-58.5#1.8837284075235674#9
0000 0030 2000 0000 0000 0000#1626597869548158#-63.5#5.688000761479957#9
0000 003B 2000 0000 0000 0000#1626597869550689#-47.5#5.5100589900852235#9
0000 0039 2000 0000 0000 0000#1626597869551799#-51.0#3.2336315008629315#9
0000 0037 2000 0000 0000 0000#1626597869552847#-57.0#1.2701360923693108#9
0000 002D 2000 0000 0000 0000#1626597869554413#-61.5#3.2949907323783574#9
0000 0035 2000 0000 0000 0000#1626597869555732#-54.5#5.2339424482658075#9
FFFF FFFF FFFF FFFF FFFF FFFF#1626597869558605#-67.5#6.17273869045182#9
0000 0034 2000 0000 0000 0000#1626597869825100#-58.0#1.9389517158874505#9
0000 0033 2000 0000 0000 0000#1626597869826161#-62.0#0.6688156235181395#9
0000 003B 2000 0000 0000 0000#1626597869828350#-52.5#4.522175362686871#9
0000 0038 2000 0000 0000 0000#1626597869830263#-58.5#0.46019423636569234#9
0000 0039 2000 0000 0000 0000#1626597869831568#-57.0#1.4603497100671303#9
0000 0036 2000 0000 0000 0000#1626597869832882#-59.5#4.123340357836604#9
0000 003A 2000 0000 0000 0000#1626597869834413#-50.5#2.380738182798515#9
0000 0035 2000 0000 0000 0000#1626597869835588#-58.5#3.1906800388021335#9
0000 0037 2000 0000 0000 0000#1626597869836708#-59.5#5.399612373357457#9
0000 0032 2000 0000 0000 0000#1626597869839332#-61.5#5.743224069843841#9
0000 0031 2000 0000 0000 0000#1626597869840386#-60.0#5.080544369477243#9
FFFF FFFF FFFF FFFF FFFF FFFF#1626597869843867#-68.0#6.056156150572511#9
0000 002D 2000 0000 0000 0000#1626597869844935#-65.0#2.730485802436441#9
0000 0034 2000 0000 0000 0000#1626597869849794#-58.5#1.662835174068035#9
FFFF FFFF FFFF FFFF FFFF FFFF#1626597869851857#-67.5#6.2034183062095325#9
0000 0035 2000 0000 0000 0000#1626597869852903#-59.5#3.147728576741336#9
0000 0031 2000 0000 0000 0000#1626597869855347#-60.5#5.043728830567988#9
0000 0038 2000 0000 0000 0000#1626597869856384#-59.0#0.34974761963792617#9
0000 0037 2000 0000 0000 0000#1626597869858401#-59.5#5.252350217720435#9
0000 003A 2000 0000 0000 0000#1626597869859915#-51.0#2.2396119503130363#9
0000 0033 2000 0000 0000 0000#1626597869861076#-60.5#0.5031456984264903#9
0000 0032 2000 0000 0000 0000#1626597869862380#-61.5#5.688000761479957#9
0000 003B 2000 0000 0000 0000#1626597869863446#-53.0#4.417864669110647#9
0000 0036 2000 0000 0000 0000#1626597869864480#-60.5#3.8963112012295285#9
0000 0039 2000 0000 0000 0000#1626597869865545#-56.5#1.2762720155208536#9
0000 002D 2000 0000 0000 0000#1626597869868669#-65.5#2.6875343403756435#9
