0000 0039 2000 0000 0000 0000#1626597783097912#-45.0#3.000466421104314#9
0000 0037 2000 0000 0000 0000#1626597783098946#-46.5#3.7429131224409646#9
0000 002E 2000 0000 0000 0000#1626597783100031#-49.0#2.478912953223196#9
0000 002F 2000 0000 0000 0000#1626597783101080#-50.0#2.0800779483729293#9
0000 0030 2000 0000 0000 0000#1626597783102166#-50.0#1.8530487917658545#9
0000 0032 2000 0000 0000 0000#1626597783103993#-50.5#0.5399612373357456#9
0000 0038 2000 0000 0000 0000#1626597783105735#-45.0#3.509748042682347#9
0000 002D 2000 0000 0000 0000#1626597783106801#-51.0#2.773437264497239#9
FFFF FFFF FFFF FFFF FFFF FFFF#1626597783109125#-68.0#5.553010452146021#9
0000 003A 2000 0000 0000 0000#1626597783110398#-44.5#2.3009711818284617#9
0000 0033 2000 0000 0000 0000#1626597783111943#-50.5#6.092971689481767#9
0000 0031 2000 0000 0000 0000#1626597783113315#-50.5#0.9142525495798421#9
0000 0035 2000 0000 0000 0000#1626597783116171#-46.5#4.344233591292136#9
0000 0034 2000 0000 0000 0000#1626597783121030#-49.0#5.166447293598839#9
0000 003B 2000 0000 0000 0000#1626597783122198#-66.0#3.77972866135022#9
0000 0036 2000 0000 0000 0000#1626597783123472#-46.5#4.172427743048944#9
0000 0038 2000 0000 0000 0000#1626597783127983#-45.5#3.5342917352885173#9
0000 003A 2000 0000 0000 0000#1626597783129999#-45.0#2.2641556429192065#9
0000 002F 2000 0000 0000 0000#1626597783131305#-50.0#2.073942025221387#9
0000 002E 2000 0000 0000 0000#1626597783132900#-49.0#2.5157284921324514#9
0000 0033 2000 0000 0000 0000#1626597783134778#-49.0#6.068427996875596#9
0000 0035 2000 0000 0000 0000#1626597783135858#-46.5#4.338097668140593#9
0000 0032 2000 0000 0000 0000#1626597783136934#-51.0#0.48473792897186263#9
FFFF FFFF FFFF FFFF FFFF FFFF#1626597783139194#-68.0#5.681864838328415#9
0000 002D 2000 0000 0000 0000#1626597783140200#-51.0#2.7550294950426117#9
0000 0030 2000 0000 0000 0000#1626597783141229#-50.0#1.8346410223112268#9
0000 0034 2000 0000 0000 0000#1626597783142545#-49.0#5.154175447295755#9
0000 0031 2000 0000 0000 0000#1626597783143595#-50.5#0.9265243958829272#9
0000 0037 2000 0000 0000 0000#1626597783144871#-46.5#3.736777199289422#9
0000 0039 2000 0000 0000 0000#1626597783146196#-45.0#3.0250101137104846#9
0000 003B 2000 0000 0000 0000#1626597783149186#-66.0#3.7981364308048478#9
0000 0036 2000 0000 0000 0000#1626597783150590#-46.5#4.172427743048944#9
0000 0032 2000 0000 0000 0000#1626597783416566#-50.5#1.282407938672396#9
0000 0038 2000 0000 0000 0000#1626597783417902#-44.0#4.270602513473625#9
0000 002F 2000 0000 0000 0000#1626597783419264#-50.0#2.8532042654672924#9
0000 002E 2000 0000 0000 0000#1626597783420359#-49.0#3.313398501832985#9
0000 0033 2000 0000 0000 0000#1626597783421451#-50.0#0.5583690067903734#9
0000 0036 2000 0000 0000 0000#1626597783423212#-46.0#4.890330751779424#9
0000 0037 2000 0000 0000 0000#1626597783424301#-45.5#4.491495746929157#9
0000 0035 2000 0000 0000 0000#1626597783425549#-45.5#5.049864753719531#9
3008 33B2 DDD9 0140 2018 0626#1626597783426931#-62.0#5.5284667595398505#9
0000 003A 2000 0000 0000 0000#1626597783437313#-43.5#2.84706834231575#9
0000 0030 2000 0000 0000 0000#1626597783441201#-50.5#2.399145952253143#9
0000 0034 2000 0000 0000 0000#1626597783442461#-49.0#5.6941366846315#9
0000 0031 2000 0000 0000 0000#1626597783443510#-51.0#1.4848934026733007#9
0000 0039 2000 0000 0000 0000#1626597783444606#-44.0#3.6079228131070282#9
0000 002D 2000 0000 0000 0000#1626597783446199#-51.0#3.3870295796514958#9
0000 003B 2000 0000 0000 0000#1626597783447636#-65.5#4.417864669110647#9
0000 0034 2000 0000 0000 0000#1626597783454110#-49.0#5.712544454086128#9
0000 0039 2000 0000 0000 0000#1626597783455658#-44.0#3.6140587362585705#9
3008 33B2 DDD9 0140 2018 0626#1626597783457604#-62.5#5.313709449235861#9
0000 0038 2000 0000 0000 0000#1626597783458896#-44.5#4.0987966652304335#9
0000 003B 2000 0000 0000 0000#1626597783460181#-65.5#4.522175362686871#9
0000 0037 2000 0000 0000 0000#1626597783461271#-45.5#4.301282129231338#9
0000 0035 2000 0000 0000 0000#1626597783462573#-46.5#4.890330751779424#9
0000 0033 2000 0000 0000 0000#1626597783463606#-50.5#0.3374757733348411#9
0000 002F 2000 0000 0000 0000#1626597783464711#-50.0#2.6445828783148455#9
0000 003A 2000 0000 0000 0000#1626597783466045#-44.0#2.8532042654672924#9
0000 0036 2000 0000 0000 0000#1626597783467407#-46.5#4.743068596142402#9
0000 002D 2000 0000 0000 0000#1626597783469329#-51.5#3.4054373491061236#9
0000 002E 2000 0000 0000 0000#1626597783471322#-49.5#3.098641191528995#9
0000 0030 2000 0000 0000 0000#1626597783472350#-50.0#2.423689644859313#9
0000 0032 2000 0000 0000 0000#1626597783473539#-50.5#1.1106020904292042#9
0000 0031 2000 0000 0000 0000#1626597783474603#-51.0#1.4848934026733007#9
0000 0035 2000 0000 0000 0000#1626597783737227#-46.5#4.516039439535327#9
FFFF FFFF FFFF FFFF FFFF FFFF#1626597783738563#-69.5#5.71868037723767#9
0000 002F 2000 0000 0000 0000#1626597783739666#-50.0#2.2886993355253766#9
0000 0032 2000 0000 0000 0000#1626597783740983#-51.0#0.705631162427395#9
0000 003B 2000 0000 0000 0000#1626597783744232#-65.5#3.810408277107933#9
0000 0037 2000 0000 0000 0000#1626597783745265#-46.5#3.9638063558964967#9
0000 0031 2000 0000 0000 0000#1626597783746557#-50.5#1.1290098598838318#9
0000 0038 2000 0000 0000 0000#1626597783747836#-45.5#3.718369429834794#9
0000 003A 2000 0000 0000 0000#1626597783749140#-44.5#2.478912953223196#9
0000 0039 2000 0000 0000 0000#1626597783751646#-44.5#3.2213596545598464#9
0000 0034 2000 0000 0000 0000#1626597783753189#-49.0#5.338253141842031#9
0000 0033 2000 0000 0000 0000#1626597783754522#-51.0#6.277049384028044#9
0000 0036 2000 0000 0000 0000#1626597783756467#-46.5#4.368777283898306#9
0000 002D 2000 0000 0000 0000#1626597783758363#-51.5#2.9329712664373457#9
0000 002E 2000 0000 0000 0000#1626597783760944#-49.0#2.6875343403756435#9
0000 0030 2000 0000 0000 0000#1626597783761959#-49.5#2.000310947402876#9
0000 0037 2000 0000 0000 0000#1626597783765790#-46.5#3.9515345095934116#9
0000 0034 2000 0000 0000 0000#1626597783767351#-49.0#5.332117218690489#9
0000 0036 2000 0000 0000 0000#1626597783768673#-46.5#4.417864669110647#9
0000 0039 2000 0000 0000 0000#1626597783771080#-45.0#3.2336315008629315#9
0000 0033 2000 0000 0000 0000#1626597783773337#-51.0#6.240233845118788#9
0000 003B 2000 0000 0000 0000#1626597783774896#-65.5#3.9392626632903265#9
0000 0038 2000 0000 0000 0000#1626597783777520#-45.0#3.706097583531709#9
0000 003A 2000 0000 0000 0000#1626597783779488#-44.5#2.454369260617026#9
0000 0032 2000 0000 0000 0000#1626597783781128#-49.5#0.7424467013366504#9
0000 0035 2000 0000 0000 0000#1626597783782504#-47.0#4.522175362686871#9
0000 0031 2000 0000 0000 0000#1626597783784203#-50.5#1.1106020904292042#9
0000 0030 2000 0000 0000 0000#1626597783785789#-50.0#2.018718716857504#9
0000 002F 2000 0000 0000 0000#1626597783788329#-50.5#2.2580197197676637#9
0000 002E 2000 0000 0000 0000#1626597783789782#-49.0#2.6691265709210157#9
0000 002D 2000 0000 0000 0000#1626597783790863#-51.5#2.9513790358919736#9
0000 002D 2000 0000 0000 0000#1626597784054389#-49.5#2.9084275738311756#9
0000 002F 2000 0000 0000 0000#1626597784055950#-48.5#2.2948352586769194#9
0000 0038 2000 0000 0000 0000#1626597784057482#-45.0#3.479068426924634#9
0000 0037 2000 0000 0000 0000#1626597784059076#-47.5#3.8717675086233583#9
0000 0035 2000 0000 0000 0000#1626597784060606#-48.5#4.859651136021712#9
0000 0031 2000 0000 0000 0000#1626597784061658#-47.5#1.4603497100671303#9
0000 002E 2000 0000 0000 0000#1626597784062713#-47.0#2.6261751088602177#9
0000 0032 2000 0000 0000 0000#1626597784064697#-48.0#1.1535535524900022#9
0000 0039 2000 0000 0000 0000#1626597784066206#-42.5#2.859340188618835#9
0000 0033 2000 0000 0000 0000#1626597784067553#-49.5#0.6258641614573416#9
0000 003B 2000 0000 0000 0000#1626597784068846#-51.0#2.791845033951867#9
0000 003A 2000 0000 0000 0000#1626597784069924#-38.0#2.067806102069844#9
0000 0036 2000 0000 0000 0000#1626597784071015#-49.0#4.651029748869264#9
0000 0034 2000 0000 0000 0000#1626597784075226#-50.5#6.068427996875596#9
0000 0030 2000 0000 0000 0000#1626597784076296#-47.0#2.1598449493429825#9
0000 003A 2000 0000 0000 0000#1626597784082584#-37.5#2.067806102069844#9
0000 003B 2000 0000 0000 0000#1626597784083663#-50.5#2.767301341345697#9
0000 0030 2000 0000 0000 0000#1626597784084977#-47.5#2.172116795646068#9
0000 002F 2000 0000 0000 0000#1626597784086324#-48.0#2.380738182798515#9
0000 0032 2000 0000 0000 0000#1626597784088325#-47.5#1.2517283229146832#9
0000 0034 2000 0000 0000 0000#1626597784089628#-50.5#6.154330920997192#9
0000 002E 2000 0000 0000 0000#1626597784090713#-46.5#2.705942109830271#9
0000 0035 2000 0000 0000 0000#1626597784092030#-48.5#5.043728830567988#9
0000 002D 2000 0000 0000 0000#1626597784093040#-50.0#2.9513790358919736#9
0000 0037 2000 0000 0000 0000#1626597784096952#-47.5#4.025165587411922#9
0000 0038 2000 0000 0000 0000#1626597784098531#-45.5#3.56497135104623#9
0000 0039 2000 0000 0000 0000#1626597784099769#-42.0#2.890019804376548#9
0000 0033 2000 0000 0000 0000#1626597784100959#-49.0#0.8528933180644165#9
0000 0036 2000 0000 0000 0000#1626597784102820#-49.0#4.804427827657828#9
0000 0031 2000 0000 0000 0000#1626597784104327#-47.0#1.5830681730979816#9
0000 002F 2000 0000 0000 0000#1626597784376277#-44.5#3.2765829629237295#9
0000 002E 2000 0000 0000 0000#1626597784377844#-44.5#3.5895150436524004#9
0000 0032 2000 0000 0000 0000#1626597784379477#-43.0#2.380738182798515#9
0000 0030 2000 0000 0000 0000#1626597784380791#-44.0#3.117048960983623#9
0000 0038 2000 0000 0000 0000#1626597784382097#-47.0#4.9823695990525625#9
0000 0034 2000 0000 0000 0000#1626597784383201#-45.0#1.6566992509164924#9
0000 003A 2000 0000 0000 0000#1626597784384522#-34.0#2.8286605728611223#9
0000 0036 2000 0000 0000 0000#1626597784386788#-48.5#0.6442719309119693#9
0000 003B 2000 0000 0000 0000#1626597784388089#-41.0#3.2029518851052186#9
0000 0037 2000 0000 0000 0000#1626597784389623#-49.0#5.8659425328746915#9
0000 0039 2000 0000 0000 0000#1626597784390805#-42.5#4.006757817957295#9
0000 002D 2000 0000 0000 0000#1626597784391871#-48.0#3.8533597391687304#9
0000 0031 2000 0000 0000 0000#1626597784393462#-42.0#2.5954954931025047#9
0000 0035 2000 0000 0000 0000#1626597784394524#-46.5#0.9633399347921826#9
0000 0033 2000 0000 0000 0000#1626597784395831#-43.0#2.172116795646068#9
0000 002D 2000 0000 0000 0000#1626597784401799#-48.0#3.8840393549264434#9
0000 0033 2000 0000 0000 0000#1626597784403489#-43.5#2.1966604882522383#9
0000 0031 2000 0000 0000 0000#1626597784404540#-42.0#2.6139032625571326#9
0000 0032 2000 0000 0000 0000#1626597784405600#-42.5#2.454369260617026#9
0000 0034 2000 0000 0000 0000#1626597784407695#-44.5#1.736466251886546#9
0000 0030 2000 0000 0000 0000#1626597784408766#-44.0#3.184544115650591#9
0000 003A 2000 0000 0000 0000#1626597784409855#-34.0#2.9206994201342606#9
0000 0037 2000 0000 0000 0000#1626597784411647#-49.0#5.988660995905543#9
0000 003B 2000 0000 0000 0000#1626597784412674#-41.0#3.2520392703175593#9
0000 002F 2000 0000 0000 0000#1626597784415256#-44.0#3.3624858870453256#9
0000 0036 2000 0000 0000 0000#1626597784416582#-48.5#0.8283496254582462#9
0000 0039 2000 0000 0000 0000#1626597784417781#-42.5#4.1172044346850605#9
0000 002E 2000 0000 0000 0000#1626597784418837#-44.5#3.6754179677739964#9
0000 0035 2000 0000 0000 0000#1626597784420014#-46.0#1.0737865515199487#9
0000 0038 2000 0000 0000 0000#1626597784421179#-47.0#5.197126909356553#9
0000 0036 2000 0000 0000 0000#1626597784686100#-43.5#2.466641106920111#9
0000 0035 2000 0000 0000 0000#1626597784687177#-42.0#2.60776733940559#9
0000 002D 2000 0000 0000 0000#1626597784688459#-46.0#5.031456984264903#9
0000 0038 2000 0000 0000 0000#1626597784690763#-45.5#1.1290098598838318#9
0000 0033 2000 0000 0000 0000#1626597784692361#-40.0#3.5895150436524004#9
0000 002F 2000 0000 0000 0000#1626597784693681#-43.0#4.571262747899211#9
0000 0039 2000 0000 0000 0000#1626597784695261#-42.5#6.1420590746941075#9
0000 002E 2000 0000 0000 0000#1626597784696313#-43.0#4.847379289718626#9
0000 0032 2000 0000 0000 0000#1626597784698856#-40.0#3.8288160465625602#9
0000 0030 2000 0000 0000 0000#1626597784699900#-41.5#4.454680208019902#9
0000 0034 2000 0000 0000 0000#1626597784700963#-41.0#3.153864499892878#9
0000 0031 2000 0000 0000 0000#1626597784702073#-40.0#3.9699422790480394#9
0000 003A 2000 0000 0000 0000#1626597784703120#-34.0#4.81056375080937#9
0000 003B 2000 0000 0000 0000#1626597784704204#-39.0#4.847379289718626#9
0000 0037 2000 0000 0000 0000#1626597784706792#-45.0#1.8775924843720249#9
3008 33B2 DDD9 0140 2018 0626#1626597784709873#-61.0#5.295301679781233#9
0000 0034 2000 0000 0000 0000#1626597784714917#-41.0#3.215223731408304#9
0000 002F 2000 0000 0000 0000#1626597784716224#-42.5#4.632621979414636#9
0000 003A 2000 0000 0000 0000#1626597784718394#-34.0#4.878058905476339#9
0000 002E 2000 0000 0000 0000#1626597784719723#-43.0#4.884194828627882#9
0000 0032 2000 0000 0000 0000#1626597784720788#-40.5#3.865631585471816#9
0000 003B 2000 0000 0000 0000#1626597784723695#-39.0#4.908738521234052#9
0000 0039 2000 0000 0000 0000#1626597784725288#-43.0#0.03681553890925539#9
0000 0031 2000 0000 0000 0000#1626597784726327#-39.5#4.01902966426038#9
0000 002D 2000 0000 0000 0000#1626597784727408#-46.0#5.092816215780329#9
0000 0033 2000 0000 0000 0000#1626597784728413#-39.5#3.6692820446224537#9
0000 0037 2000 0000 0000 0000#1626597784729847#-45.0#1.9389517158874505#9
0000 0036 2000 0000 0000 0000#1626597784730852#-43.0#2.60776733940559#9
3008 33B2 DDD9 0140 2018 0626#1626597784732214#-61.0#5.393476450205914#9
0000 0035 2000 0000 0000 0000#1626597784735020#-41.0#2.736621725587984#9
0000 0030 2000 0000 0000 0000#1626597784737012#-41.5#4.534447208989955#9
0000 0038 2000 0000 0000 0000#1626597784738064#-45.0#1.337631247036279#9
0000 0036 2000 0000 0000 0000#1626597785001181#-40.0#2.761165418194154#9
0000 0032 2000 0000 0000 0000#1626597785003511#-38.5#3.9760782021995817#9
0000 003B 2000 0000 0000 0000#1626597785004576#-39.5#5.66959299202533#9
3008 33B2 DDD9 0140 2018 0626#1626597785005640#-61.5#4.865787059173254#9
0000 0033 2000 0000 0000 0000#1626597785006702#-38.5#3.785864584501762#9
0000 0030 2000 0000 0000 0000#1626597785007788#-40.5#4.608078286808466#9
0000 003A 2000 0000 0000 0000#1626597785010559#-33.0#5.822991070813893#9
0000 0031 2000 0000 0000 0000#1626597785011868#-38.5#4.129476280988146#9
0000 0037 2000 0000 0000 0000#1626597785013452#-41.5#2.2764274892222915#9
0000 002D 2000 0000 0000 0000#1626597785014921#-45.5#5.037592907416445#9
0000 002E 2000 0000 0000 0000#1626597785015992#-42.0#4.896466674930966#9
0000 0038 2000 0000 0000 0000#1626597785017301#-41.0#1.8960002538266525#9
0000 002F 2000 0000 0000 0000#1626597785018872#-42.0#4.693981210930062#9
0000 0035 2000 0000 0000 0000#1626597785019948#-38.5#2.8961557275280905#9
0000 0034 2000 0000 0000 0000#1626597785021140#-38.5#3.368621810196868#9
0000 0039 2000 0000 0000 0000#1626597785022705#-39.5#1.000155473701438#9
3008 33B2 DDD9 0140 2018 0626#1626597785027144#-61.5#4.902602598082509#9
0000 0037 2000 0000 0000 0000#1626597785028480#-41.0#2.3316507975861747#9
0000 003A 2000 0000 0000 0000#1626597785032240#-33.0#5.915029918087033#9
0000 0030 2000 0000 0000 0000#1626597785033643#-41.0#4.632621979414636#9
0000 0033 2000 0000 0000 0000#1626597785035887#-38.5#3.8410878928656453#9
0000 0038 2000 0000 0000 0000#1626597785036939#-41.0#1.945087639038993#9
0000 0032 2000 0000 0000 0000#1626597785037986#-38.0#4.031301510563465#9
0000 002D 2000 0000 0000 0000#1626597785039068#-45.5#5.056000676871073#9
0000 0035 2000 0000 0000 0000#1626597785040146#-38.5#2.9206994201342606#9
0000 002F 2000 0000 0000 0000#1626597785041681#-42.0#4.724660826687775#9
0000 003B 2000 0000 0000 0000#1626597785043291#-39.0#5.835262917116979#9
0000 0031 2000 0000 0000 0000#1626597785045254#-38.5#4.166291819897402#9
0000 0036 2000 0000 0000 0000#1626597785046603#-39.5#2.84706834231575#9
0000 0039 2000 0000 0000 0000#1626597785047671#-39.0#1.0799224746714913#9
0000 0034 2000 0000 0000 0000#1626597785048974#-38.5#3.411573272257666#9
0000 002E 2000 0000 0000 0000#1626597785050909#-42.0#4.921010367537137#9
0000 0037 2000 0000 0000 0000#1626597785315454#-38.5#2.423689644859313#9
0000 003A 2000 0000 0000 0000#1626597785317116#-30.5#0.3374757733348411#9
0000 003B 2000 0000 0000 0000#1626597785320123#-38.0#0.32520392703175593#9
0000 0033 2000 0000 0000 0000#1626597785321271#-38.0#3.9453985864418692#9
0000 0034 2000 0000 0000 0000#1626597785322644#-36.0#3.479068426924634#9
0000 0038 2000 0000 0000 0000#1626597785323697#-37.5#2.116893487282185#9
0000 0032 2000 0000 0000 0000#1626597785324813#-36.5#4.123340357836604#9
0000 0039 2000 0000 0000 0000#1626597785326152#-36.0#1.4848934026733007#9
0000 0035 2000 0000 0000 0000#1626597785327216#-37.5#3.000466421104314#9
0000 0031 2000 0000 0000 0000#1626597785329445#-37.5#4.23378697456437#9
0000 0036 2000 0000 0000 0000#1626597785331223#-38.0#2.9022916506796332#9
0000 002F 2000 0000 0000 0000#1626597785332899#-41.5#4.681709364626977#9
0000 002E 2000 0000 0000 0000#1626597785334540#-42.0#4.767612288748572#9
0000 002D 2000 0000 0000 0000#1626597785335806#-45.5#4.878058905476339#9
0000 0030 2000 0000 0000 0000#1626597785336863#-40.0#4.6448938257177215#9
0000 002F 2000 0000 0000 0000#1626597785341999#-41.5#4.700117134081604#9
0000 0030 2000 0000 0000 0000#1626597785343725#-40.5#4.6448938257177215#9
0000 0037 2000 0000 0000 0000#1626597785345076#-38.0#2.4605051837685683#9
0000 0036 2000 0000 0000 0000#1626597785346112#-38.0#2.9329712664373457#9
0000 0031 2000 0000 0000 0000#1626597785347207#-37.5#4.25833066717054#9
0000 0032 2000 0000 0000 0000#1626597785348421#-36.5#4.154019973594316#9
0000 003B 2000 0000 0000 0000#1626597785349502#-37.5#0.44178646691106466#9
0000 0035 2000 0000 0000 0000#1626597785350511#-37.5#3.018874190558942#9
0000 0033 2000 0000 0000 0000#1626597785352123#-36.5#3.9944859716542096#9
0000 003A 2000 0000 0000 0000#1626597785353388#-30.0#0.46019423636569234#9
0000 0039 2000 0000 0000 0000#1626597785355517#-36.0#1.5462526341887264#9
0000 002D 2000 0000 0000 0000#1626597785357711#-45.0#4.871922982324796#9
0000 0034 2000 0000 0000 0000#1626597785359312#-37.0#3.5465635815916023#9
0000 0038 2000 0000 0000 0000#1626597785360507#-37.5#2.184388641949153#9
0000 002E 2000 0000 0000 0000#1626597785361962#-41.5#4.773748211900116#9
0000 0036 2000 0000 0000 0000#1626597785625577#-37.0#3.693825737228624#9
0000 003A 2000 0000 0000 0000#1626597785626895#-28.0#1.533980787885641#9
0000 0034 2000 0000 0000 0000#1626597785628825#-36.0#4.28287435977671#9
0000 0039 2000 0000 0000 0000#1626597785629935#-33.0#2.36846633649543#9
0000 0038 2000 0000 0000 0000#1626597785631028#-35.5#2.9145634969827183#9
0000 0031 2000 0000 0000 0000#1626597785633276#-37.0#4.884194828627882#9
0000 003B 2000 0000 0000 0000#1626597785635313#-34.5#1.6996507129772904#9
0000 0030 2000 0000 0000 0000#1626597785636869#-39.5#5.135767677841127#9
0000 0035 2000 0000 0000 0000#1626597785638218#-36.0#3.822680123411018#9
0000 002E 2000 0000 0000 0000#1626597785639558#-41.0#5.129631754689584#9
0000 0033 2000 0000 0000 0000#1626597785640591#-37.5#4.718524903536232#9
0000 0037 2000 0000 0000 0000#1626597785641670#-37.0#3.2643111166206444#9
0000 002F 2000 0000 0000 0000#1626597785643788#-40.0#5.1725832167503825#9
0000 0032 2000 0000 0000 0000#1626597785645691#-37.0#4.8351074434155406#9
0000 002D 2000 0000 0000 0000#1626597785646784#-45.0#5.141903600992669#9
0000 0037 2000 0000 0000 0000#1626597785653294#-36.5#3.2765829629237295#9
0000 002E 2000 0000 0000 0000#1626597785654631#-41.5#5.117359908386499#9
0000 0030 2000 0000 0000 0000#1626597785656217#-39.0#5.166447293598839#9
0000 0035 2000 0000 0000 0000#1626597785657278#-36.5#3.8533597391687304#9
0000 0036 2000 0000 0000 0000#1626597785659043#-37.0#3.7551849687440497#9
0000 002F 2000 0000 0000 0000#1626597785660090#-40.5#5.1725832167503825#9
0000 003A 2000 0000 0000 0000#1626597785661155#-27.5#1.6382914814618648#9
0000 002D 2000 0000 0000 0000#1626597785662207#-45.5#5.117359908386499#9
0000 0031 2000 0000 0000 0000#1626597785663742#-37.0#4.92714629068868#9
0000 0038 2000 0000 0000 0000#1626597785665064#-35.5#2.988194574801229#9
0000 003B 2000 0000 0000 0000#1626597785666047#-34.0#1.8039614065535141#9
0000 0039 2000 0000 0000 0000#1626597785667339#-32.5#2.435961491162398#9
0000 0034 2000 0000 0000 0000#1626597785669468#-35.0#4.331961744989051#9
0000 0032 2000 0000 0000 0000#1626597785670598#-36.0#4.871922982324796#9
0000 0033 2000 0000 0000 0000#1626597785674223#-37.5#4.7860200582032#9
0000 002F 2000 0000 0000 0000#1626597785940283#-41.0#5.792311455056181#9
0000 002E 2000 0000 0000 0000#1626597785941566#-42.5#5.620505606812989#9
0000 0034 2000 0000 0000 0000#1626597785942942#-36.5#5.289165756629691#9
0000 0039 2000 0000 0000 0000#1626597785944268#-31.5#3.6876898140770815#9
0000 002D 2000 0000 0000 0000#1626597785946075#-47.0#5.546874528994478#9
0000 003B 2000 0000 0000 0000#1626597785947171#-33.0#3.2581751934691017#9
0000 0033 2000 0000 0000 0000#1626597785949700#-37.5#5.651185222570702#9
0000 0030 2000 0000 0000 0000#1626597785950783#-40.0#5.835262917116979#9
0000 0032 2000 0000 0000 0000#1626597785951848#-37.5#5.675728915176872#9
0000 003A 2000 0000 0000 0000#1626597785952937#-26.5#3.0250101137104846#9
0000 0037 2000 0000 0000 0000#1626597785954756#-35.5#4.442408361716817#9
0000 0036 2000 0000 0000 0000#1626597785956348#-36.5#4.871922982324796#9
0000 0038 2000 0000 0000 0000#1626597785959046#-34.5#4.221515128261284#9
0000 0035 2000 0000 0000 0000#1626597785961306#-36.0#4.921010367537137#9
0000 0031 2000 0000 0000 0000#1626597785963315#-38.0#5.681864838328415#9
0000 0031 2000 0000 0000 0000#1626597785970789#-38.0#5.66959299202533#9
0000 0036 2000 0000 0000 0000#1626597785972203#-36.5#4.871922982324796#9
0000 0038 2000 0000 0000 0000#1626597785974623#-34.5#4.252194744018997#9
0000 002D 2000 0000 0000 0000#1626597785975889#-47.5#5.516194913236766#9
0000 0035 2000 0000 0000 0000#1626597785976982#-35.5#4.9394181369917645#9
0000 0037 2000 0000 0000 0000#1626597785978032#-35.5#4.460816131171445#9
0000 003B 2000 0000 0000 0000#1626597785979386#-32.5#3.3624858870453256#9
0000 002F 2000 0000 0000 0000#1626597785980432#-41.5#5.773903685601553#9
0000 003A 2000 0000 0000 0000#1626597785982473#-26.5#3.0802334220743677#9
0000 002E 2000 0000 0000 0000#1626597785983584#-42.5#5.589825991055276#9
0000 0034 2000 0000 0000 0000#1626597785984688#-36.5#5.325981295538946#9
0000 0039 2000 0000 0000 0000#1626597785987296#-32.0#3.773592738198677#9
0000 0030 2000 0000 0000 0000#1626597785988382#-40.5#5.829126993965437#9
0000 0032 2000 0000 0000 0000#1626597785989908#-37.5#5.681864838328415#9
0000 0033 2000 0000 0000 0000#1626597785990943#-37.5#5.66959299202533#9
0000 003A 2000 0000 0000 0000#1626597786258375#-26.0#3.2888548092268146#9
0000 0030 2000 0000 0000 0000#1626597786259374#-42.0#5.227806525114265#9
0000 002E 2000 0000 0000 0000#1626597786260458#-44.5#4.878058905476339#9
0000 0035 2000 0000 0000 0000#1626597786261450#-36.5#4.767612288748572#9
0000 0037 2000 0000 0000 0000#1626597786262773#-36.0#4.448544284868359#9
0000 0032 2000 0000 0000 0000#1626597786264104#-39.0#5.21553467881118#9
0000 0039 2000 0000 0000 0000#1626597786265159#-32.5#3.890175278077986#9
0000 0033 2000 0000 0000 0000#1626597786267915#-38.5#5.2768939103266055#9
0000 0036 2000 0000 0000 0000#1626597786269204#-37.0#4.743068596142402#9
0000 002D 2000 0000 0000 0000#1626597786270985#-49.0#4.6878452877785195#9
0000 003B 2000 0000 0000 0000#1626597786273545#-32.5#3.650874275167826#9
0000 0038 2000 0000 0000 0000#1626597786274940#-34.5#4.3074180523828804#9
0000 002F 2000 0000 0000 0000#1626597786277563#-43.5#5.092816215780329#9
0000 0034 2000 0000 0000 0000#1626597786279206#-37.0#5.031456984264903#9
0000 0031 2000 0000 0000 0000#1626597786280286#-39.5#5.160311370447297#9
0C21 0537 8123 1003 2202 062F#1626597786281420#-66.0#1.8530487917658545#9
0000 003A 2000 0000 0000 0000#1626597786285589#-26.5#3.3379421944391554#9
0000 0037 2000 0000 0000 0000#1626597786287170#-36.0#4.454680208019902#9
0000 003B 2000 0000 0000 0000#1626597786288935#-32.5#3.6876898140770815#9
0000 0030 2000 0000 0000 0000#1626597786289992#-42.0#5.190990986205009#9
0000 0033 2000 0000 0000 0000#1626597786291267#-39.0#5.252350217720435#9
0000 002E 2000 0000 0000 0000#1626597786292351#-45.0#4.804427827657828#9
0000 0036 2000 0000 0000 0000#1626597786294369#-37.0#4.73693267299086#9
0C21 0537 8123 1003 2202 062F#1626597786295699#-67.0#1.4173982480063325#9
0000 0035 2000 0000 0000 0000#1626597786305095#-36.0#4.957825906446392#9
0000 0039 2000 0000 0000 0000#1626597786307731#-31.5#4.147884050442774#9
0000 002D 2000 0000 0000 0000#1626597786308996#-49.5#4.816699673960914#9
0000 0031 2000 0000 0000 0000#1626597786310106#-40.0#5.283029833478148#9
0000 002F 2000 0000 0000 0000#1626597786311138#-43.5#5.221670601962723#9
0000 0032 2000 0000 0000 0000#1626597786312429#-39.5#5.356660911296659#9
0000 0034 2000 0000 0000 0000#1626597786313748#-37.0#5.184855063053467#9
0000 0038 2000 0000 0000 0000#1626597786315098#-34.5#4.540583132141498#9
0C21 0537 8123 1003 2202 062F#1626597786582055#-65.5#1.1658253987930873#9
0000 002D 2000 0000 0000 0000#1626597786583108#-51.0#3.663146121470911#9
0000 003B 2000 0000 0000 0000#1626597786584658#-33.5#3.847223816017188#9
0000 002F 2000 0000 0000 0000#1626597786586221#-45.0#4.190835512503572#9
0000 0039 2000 0000 0000 0000#1626597786587530#-32.5#3.822680123411018#9
0000 0034 2000 0000 0000 0000#1626597786588877#-37.5#4.368777283898306#9
0000 0031 2000 0000 0000 0000#1626597786589958#-41.0#4.313553975534423#9
0000 0038 2000 0000 0000 0000#1626597786591452#-34.5#4.111068511533518#9
0000 0036 2000 0000 0000 0000#1626597786592575#-37.0#4.270602513473625#9
0000 0037 2000 0000 0000 0000#1626597786593640#-35.5#4.1172044346850605#9
0000 003A 2000 0000 0000 0000#1626597786594701#-26.5#3.3440781175906977#9
0000 0030 2000 0000 0000 0000#1626597786595941#-44.0#4.319689898685965#9
0000 0032 2000 0000 0000 0000#1626597786597034#-40.5#4.399456899656019#9
0000 0033 2000 0000 0000 0000#1626597786601794#-39.0#4.528311285838413#9
0000 0035 2000 0000 0000 0000#1626597786603056#-36.5#4.215379205109742#9
0000 002E 2000 0000 0000 0000#1626597786605537#-47.0#3.859495662320273#9
0000 0035 2000 0000 0000 0000#1626597786610557#-36.5#4.23378697456437#9
0000 003B 2000 0000 0000 0000#1626597786611937#-33.5#3.902447124381071#9
0000 003A 2000 0000 0000 0000#1626597786613269#-26.5#3.3747577333484107#9
0000 0038 2000 0000 0000 0000#1626597786617100#-34.5#4.1172044346850605#9
0000 002E 2000 0000 0000 0000#1626597786618183#-47.0#3.8288160465625602#9
0000 0031 2000 0000 0000 0000#1626597786619248#-41.5#4.264466590322082#9
0000 0039 2000 0000 0000 0000#1626597786620271#-32.5#3.8533597391687304#9
0000 0037 2000 0000 0000 0000#1626597786621407#-35.5#4.104932588381976#9
0000 0032 2000 0000 0000 0000#1626597786622823#-39.0#4.344233591292136#9
0000 0036 2000 0000 0000 0000#1626597786624117#-37.0#4.246058820867455#9
0000 002F 2000 0000 0000 0000#1626597786625479#-46.0#4.111068511533518#9
0C21 0537 8123 1003 2202 062F#1626597786627049#-66.0#0.9633399347921826#9
0000 0034 2000 0000 0000 0000#1626597786628095#-37.5#4.344233591292136#9
0000 0033 2000 0000 0000 0000#1626597786630131#-39.0#4.4976316700806995#9
0000 0030 2000 0000 0000 0000#1626597786631785#-44.0#4.239922897715912#9
0000 002D 2000 0000 0000 0000#1626597786632854#-51.0#3.5772431973493153#9
0000 003B 2000 0000 0000 0000#1626597786895989#-32.5#4.460816131171445#9
0000 002D 2000 0000 0000 0000#1626597786898012#-53.5#3.2397674240144743#9
0000 0039 2000 0000 0000 0000#1626597786899279#-31.0#4.123340357836604#9
0000 0030 2000 0000 0000 0000#1626597786900349#-46.0#3.9208548938356986#9
0000 0037 2000 0000 0000 0000#1626597786901399#-35.0#4.135612204139688#9
0000 0034 2000 0000 0000 0000#1626597786903013#-37.0#4.111068511533518#9
0000 0038 2000 0000 0000 0000#1626597786904094#-33.5#4.227651051412827#9
0000 002F 2000 0000 0000 0000#1626597786905186#-47.5#3.718369429834794#9
0000 0035 2000 0000 0000 0000#1626597786906519#-36.5#4.031301510563465#9
0000 0036 2000 0000 0000 0000#1626597786908325#-36.5#4.129476280988146#9
0000 0032 2000 0000 0000 0000#1626597786909710#-41.0#3.9822141253511245#9
0000 0033 2000 0000 0000 0000#1626597786910788#-41.0#4.166291819897402#9
0000 003A 2000 0000 0000 0000#1626597786912922#-26.5#3.834951969714103#9
0C21 0537 8123 1003 2202 062F#1626597786915848#-65.5#1.4419419406125027#9
0000 002E 2000 0000 0000 0000#1626597786918511#-49.0#3.3870295796514958#9
0000 0031 2000 0000 0000 0000#1626597786919648#-43.5#3.865631585471816#9
3008 33B2 DDD9 0140 2018 0626#1626597786929603#-61.5#5.9088939949354895#9
0000 0030 2000 0000 0000 0000#1626597786935423#-45.5#4.614214209960009#9
0000 002E 2000 0000 0000 0000#1626597786936475#-48.5#4.147884050442774#9
0000 0037 2000 0000 0000 0000#1626597786937557#-34.5#4.871922982324796#9
0000 0034 2000 0000 0000 0000#1626597786938619#-37.5#4.816699673960914#9
0000 0036 2000 0000 0000 0000#1626597786939699#-36.0#4.841243366567084#9
0000 003B 2000 0000 0000 0000#1626597786940810#-32.0#5.221670601962723#9
0000 0033 2000 0000 0000 0000#1626597786942093#-40.5#4.871922982324796#9
0000 0038 2000 0000 0000 0000#1626597786943385#-33.0#4.963961829597935#9
0000 003A 2000 0000 0000 0000#1626597786944902#-26.0#4.651029748869264#9
0000 0035 2000 0000 0000 0000#1626597786946621#-36.0#4.749204519293945#9
0000 0031 2000 0000 0000 0000#1626597786947959#-42.5#4.565126824747668#9
0000 0039 2000 0000 0000 0000#1626597786949251#-30.5#4.865787059173254#9
0000 0032 2000 0000 0000 0000#1626597786950555#-42.0#4.681709364626977#9
0000 002D 2000 0000 0000 0000#1626597786951738#-54.0#3.933126740138784#9
3008 33B2 DDD9 0140 2018 0626#1626597786952811#-62.0#5.822991070813893#9
0000 002F 2000 0000 0000 0000#1626597786953902#-47.0#4.424000592262189#9
0C21 0537 8123 1003 2202 062F#1626597786959712#-67.0#2.736621725587984#9
0000 002E 2000 0000 0000 0000#1626597787226277#-52.5#3.1231848841351653#9
0000 0037 2000 0000 0000 0000#1626597787227385#-34.5#4.356505437595221#9
0000 003B 2000 0000 0000 0000#1626597787228638#-31.5#5.209398755659637#9
0000 0036 2000 0000 0000 0000#1626597787229960#-36.0#4.246058820867455#9
0000 0038 2000 0000 0000 0000#1626597787231534#-33.0#4.546719055293041#9
0000 0033 2000 0000 0000 0000#1626597787232556#-41.5#4.09266074207889#9
0000 0035 2000 0000 0000 0000#1626597787234317#-36.0#4.1172044346850605#9
0000 002F 2000 0000 0000 0000#1626597787235563#-49.5#3.497476196379262#9
0000 003A 2000 0000 0000 0000#1626597787237078#-25.5#4.479223900626073#9
0000 0031 2000 0000 0000 0000#1626597787238130#-44.0#3.724505352986337#9
0000 0034 2000 0000 0000 0000#1626597787239179#-38.0#4.111068511533518#9
0C21 0537 8123 1003 2202 062F#1626597787241006#-67.0#2.12916533358527#9
0000 002D 2000 0000 0000 0000#1626597787243280#-56.5#2.718213956133356#9
0000 0039 2000 0000 0000 0000#1626597787244347#-30.5#4.540583132141498#9
0000 0030 2000 0000 0000 0000#1626597787245529#-48.0#3.6570101983193686#9
3008 33B2 DDD9 0140 2018 0626#1626597787248815#-62.0#5.663457068873787#9
0000 0032 2000 0000 0000 0000#1626597787249877#-43.0#3.8410878928656453#9
0000 0036 2000 0000 0000 0000#1626597787254957#-36.0#4.196971435655114#9
0000 0032 2000 0000 0000 0000#1626597787256302#-42.0#3.77972866135022#9
0000 003B 2000 0000 0000 0000#1626597787257582#-31.5#5.221670601962723#9
0000 0038 2000 0000 0000 0000#1626597787258675#-33.0#4.516039439535327#9
0000 002F 2000 0000 0000 0000#1626597787260224#-50.0#3.423845118560751#9
0000 0031 2000 0000 0000 0000#1626597787261530#-44.5#3.6386024288647407#9
0000 003A 2000 0000 0000 0000#1626597787262714#-23.5#4.466952054322987#9
0000 002E 2000 0000 0000 0000#1626597787263782#-52.5#2.9575149590435164#9
0000 0037 2000 0000 0000 0000#1626597787265317#-34.5#4.301282129231338#9
0000 0035 2000 0000 0000 0000#1626597787266397#-36.0#4.04357335686655#9
3008 33B2 DDD9 0140 2018 0626#1626597787268225#-61.5#5.66959299202533#9
0000 0039 2000 0000 0000 0000#1626597787269260#-30.5#4.522175362686871#9
0000 0034 2000 0000 0000 0000#1626597787271735#-38.0#4.037437433715008#9
0000 0030 2000 0000 0000 0000#1626597787273800#-48.5#3.56497135104623#9
0000 0033 2000 0000 0000 0000#1626597787274861#-42.0#3.9822141253511245#9
0000 002D 2000 0000 0000 0000#1626597787275999#-57.5#2.5954954931025047#9
0C21 0537 8123 1003 2202 062F#1626597787280361#-67.5#2.2396119503130363#9
0000 0039 2000 0000 0000 0000#1626597787548143#-31.0#4.0128937411088375#9
0000 0030 2000 0000 0000 0000#1626597787549635#-51.0#2.282563412373834#9
0000 0031 2000 0000 0000 0000#1626597787550685#-47.0#2.4850488763747385#9
0000 002F 2000 0000 0000 0000#1626597787551749#-52.5#2.000310947402876#9
0000 0032 2000 0000 0000 0000#1626597787553356#-45.0#2.675262494072558#9
3008 33B2 DDD9 0140 2018 0626#1626597787554446#-62.5#5.381204603902829#9
0000 003B 2000 0000 0000 0000#1626597787555526#-31.0#5.00077736850719#9
0000 0036 2000 0000 0000 0000#1626597787556561#-37.0#3.399301425954581#9
0000 003A 2000 0000 0000 0000#1626597787557607#-25.5#4.09266074207889#9
0000 0038 2000 0000 0000 0000#1626597787558643#-34.0#3.8963112012295285#9
0000 0035 2000 0000 0000 0000#1626597787559692#-37.0#3.2213596545598464#9
0000 0037 2000 0000 0000 0000#1626597787561270#-35.0#3.6079228131070282#9
0000 002E 2000 0000 0000 0000#1626597787562708#-54.0#1.3192234775816514#9
0000 0033 2000 0000 0000 0000#1626597787563784#-43.5#2.9329712664373457#9
0000 0034 2000 0000 0000 0000#1626597787564774#-39.5#3.117048960983623#9
0C21 0537 8123 1003 2202 062F#1626597787566343#-67.0#1.761009944492716#9
0000 002D 2000 0000 0000 0000#1626597787567424#-58.5#0.9203884727313847#9
0000 0032 2000 0000 0000 0000#1626597787572702#-45.0#2.6016314162540475#9
0000 002E 2000 0000 0000 0000#1626597787573981#-54.5#1.2701360923693108#9
0000 0033 2000 0000 0000 0000#1626597787575046#-43.5#2.9022916506796332#9
0000 0034 2000 0000 0000 0000#1626597787577170#-38.5#3.08636934522591#9
0000 0035 2000 0000 0000 0000#1626597787578204#-37.5#3.1661363461959633#9
0000 0036 2000 0000 0000 0000#1626597787579527#-37.5#3.3318062712876126#9
0000 003B 2000 0000 0000 0000#1626597787581518#-31.0#4.988505522204105#9
0000 0039 2000 0000 0000 0000#1626597787583056#-31.0#3.9638063558964967#9
0000 003A 2000 0000 0000 0000#1626597787584061#-25.5#4.0558452031696355#9
0000 0038 2000 0000 0000 0000#1626597787585568#-34.0#3.8288160465625602#9
0000 0037 2000 0000 0000 0000#1626597787586933#-34.5#3.5465635815916023#9
0000 0031 2000 0000 0000 0000#1626597787588967#-47.0#2.337786720737717#9
0C21 0537 8123 1003 2202 062F#1626597787590908#-67.5#1.8223691760081417#9
0000 0030 2000 0000 0000 0000#1626597787592218#-51.0#2.061670178918302#9
0000 002D 2000 0000 0000 0000#1626597787593297#-58.5#0.8283496254582462#9
0000 002F 2000 0000 0000 0000#1626597787594388#-52.5#1.8223691760081417#9
3008 33B2 DDD9 0140 2018 0626#1626597787599586#-62.5#5.559146375297564#9
0000 0031 2000 0000 0000 0000#1626597787866487#-50.0#0.5951845456996288#9
0000 003B 2000 0000 0000 0000#1626597787867883#-32.0#4.184699589352029#9
0000 003A 2000 0000 0000 0000#1626597787869425#-27.0#3.018874190558942#9
0000 0038 2000 0000 0000 0000#1626597787870523#-34.5#2.6384469551633027#9
0000 0037 2000 0000 0000 0000#1626597787871574#-37.0#2.3193789512830896#9
0000 0030 2000 0000 0000 0000#1626597787873450#-53.5#6.19728238305799#9
0000 0039 2000 0000 0000 0000#1626597787874531#-32.0#2.791845033951867#9
0000 0034 2000 0000 0000 0000#1626597787875607#-41.5#1.6751070203711202#9
0000 0032 2000 0000 0000 0000#1626597787876910#-48.5#0.9142525495798421#9
0000 0035 2000 0000 0000 0000#1626597787878558#-38.5#1.8162332528565992#9
0000 002E 2000 0000 0000 0000#1626597787879613#-47.0#4.718524903536232#9
0000 002F 2000 0000 0000 0000#1626597787880916#-53.0#5.915029918087033#9
0000 0036 2000 0000 0000 0000#1626597787881993#-38.5#1.9941750242513334#9
0000 0033 2000 0000 0000 0000#1626597787883114#-46.5#1.3437671701878218#9
0000 002D 2000 0000 0000 0000#1626597787884152#-48.0#4.540583132141498#9
0000 003A 2000 0000 0000 0000#1626597787892556#-27.0#2.9575149590435164#9
0000 0036 2000 0000 0000 0000#1626597787893863#-38.5#1.945087639038993#9
FFFF FFFF FFFF FFFF FFFF FFFF#1626597787895225#-68.0#5.3198453723874035#9
0000 0038 2000 0000 0000 0000#1626597787896773#-34.5#2.5709518004963345#9
0000 003B 2000 0000 0000 0000#1626597787898076#-32.5#4.1417481272912315#9
0000 0035 2000 0000 0000 0000#1626597787899110#-38.5#1.7671458676442586#9
0000 0039 2000 0000 0000 0000#1626597787900163#-32.0#2.736621725587984#9
0000 002E 2000 0000 0000 0000#1626597787901249#-46.5#4.608078286808466#9
0000 0037 2000 0000 0000 0000#1626597787902299#-36.5#2.227340104009951#9
0000 0031 2000 0000 0000 0000#1626597787903978#-50.5#0.4663301595172349#9
0000 0033 2000 0000 0000 0000#1626597787905074#-45.0#1.2885438618239387#9
0000 0032 2000 0000 0000 0000#1626597787906095#-49.0#0.7915340865489908#9
0000 002F 2000 0000 0000 0000#1626597787907158#-52.0#5.608233760509904#9
0000 0030 2000 0000 0000 0000#1626597787908185#-52.5#5.957981380147831#9
0000 0034 2000 0000 0000 0000#1626597787909247#-42.0#1.5892040962495242#9
0000 002D 2000 0000 0000 0000#1626597787911183#-48.5#4.417864669110647#9
0000 002D 2000 0000 0000 0000#1626597788176530#-59.5#4.313553975534423#9
0000 0034 2000 0000 0000 0000#1626597788177594#-43.5#1.7794177139473437#9
0000 003A 2000 0000 0000 0000#1626597788179138#-27.0#3.429981041712294#9
0000 0032 2000 0000 0000 0000#1626597788180173#-50.0#0.2699806186678728#9
0000 0037 2000 0000 0000 0000#1626597788181238#-37.5#2.60776733940559#9
0000 003B 2000 0000 0000 0000#1626597788182291#-33.5#4.693981210930062#9
0000 0039 2000 0000 0000 0000#1626597788183612#-33.5#3.184544115650591#9
0000 0031 2000 0000 0000 0000#1626597788184620#-48.0#5.822991070813893#9
0000 0038 2000 0000 0000 0000#1626597788187285#-36.0#2.9513790358919736#9
0000 0036 2000 0000 0000 0000#1626597788189104#-40.5#2.227340104009951#9
0000 002E 2000 0000 0000 0000#1626597788190397#-52.0#4.552854978444583#9
0000 0035 2000 0000 0000 0000#1626597788192473#-40.5#2.024854640009046#9
0000 002F 2000 0000 0000 0000#1626597788193496#-45.0#4.743068596142402#9
3008 33B2 DDD9 0140 2018 0626#1626597788194857#-62.0#5.792311455056181#9
0000 0030 2000 0000 0000 0000#1626597788196127#-44.0#4.896466674930966#9
0000 0033 2000 0000 0000 0000#1626597788202405#-49.5#1.055378782065321#9
0000 0038 2000 0000 0000 0000#1626597788208935#-36.0#2.9022916506796332#9
0000 003A 2000 0000 0000 0000#1626597788210038#-27.5#3.3624858870453256#9
0000 0032 2000 0000 0000 0000#1626597788211157#-50.0#0.02454369260617026#9
0000 0030 2000 0000 0000 0000#1626597788212439#-44.5#4.816699673960914#9
0000 002E 2000 0000 0000 0000#1626597788213480#-53.0#4.4976316700806995#9
0000 0037 2000 0000 0000 0000#1626597788214771#-38.0#2.5464081078901644#9
0000 0039 2000 0000 0000 0000#1626597788215840#-33.5#3.098641191528995#9
0000 0035 2000 0000 0000 0000#1626597788216948#-40.5#1.9512235621905356#9
0000 0031 2000 0000 0000 0000#1626597788218509#-47.0#5.5284667595398505#9
0000 002F 2000 0000 0000 0000#1626597788219573#-45.5#4.6448938257177215#9
0000 003B 2000 0000 0000 0000#1626597788220626#-33.5#4.632621979414636#9
0000 0033 2000 0000 0000 0000#1626597788222086#-49.5#0.9265243958829272#9
0000 002D 2000 0000 0000 0000#1626597788223801#-62.5#3.6079228131070282#9
3008 33B2 DDD9 0140 2018 0626#1626597788225396#-62.0#5.927301764390117#9
0000 0034 2000 0000 0000 0000#1626597788226615#-44.5#1.6198837120072371#9
0000 0036 2000 0000 0000 0000#1626597788227694#-41.0#2.12916533358527#9
0000 0035 2000 0000 0000 0000#1626597788497938#-45.5#0.5890486225480862#9
0000 0034 2000 0000 0000 0000#1626597788499933#-46.0#5.994796919057086#9
0000 0031 2000 0000 0000 0000#1626597788501227#-44.0#3.9822141253511245#9
FFFF FFFF FFFF FFFF FFFF FFFF#1626597788502490#-69.5#0.34974761963792617#9
0000 0036 2000 0000 0000 0000#1626597788503536#-45.5#0.9265243958829272#9
0000 0037 2000 0000 0000 0000#1626597788504575#-42.5#1.5953400194010667#9
0000 0039 2000 0000 0000 0000#1626597788505870#-36.0#2.3009711818284617#9
0000 0030 2000 0000 0000 0000#1626597788506966#-54.5#3.8963112012295285#9
0000 003A 2000 0000 0000 0000#1626597788508061#-29.5#2.478912953223196#9
0000 0033 2000 0000 0000 0000#1626597788509886#-43.0#4.693981210930062#9
3008 33B2 DDD9 0140 2018 0626#1626597788511575#-62.5#5.602097837358362#9
0000 002D 2000 0000 0000 0000#1626597788512895#-61.5#0.521553467881118#9
0000 002F 2000 0000 0000 0000#1626597788513957#-58.0#3.160000423044421#9
0000 0032 2000 0000 0000 0000#1626597788515290#-42.5#4.166291819897402#9
0000 003B 2000 0000 0000 0000#1626597788516387#-35.0#3.773592738198677#9
0000 002E 2000 0000 0000 0000#1626597788517558#-59.0#1.7548740213411735#9
0000 0038 2000 0000 0000 0000#1626597788519861#-40.0#2.012582793705961#9
0000 0038 2000 0000 0000 0000#1626597788525828#-40.0#2.018718716857504#9
0000 0039 2000 0000 0000 0000#1626597788526911#-36.5#2.2518837966161214#9
0000 0037 2000 0000 0000 0000#1626597788528004#-43.0#1.5278448647340985#9
0000 0035 2000 0000 0000 0000#1626597788529780#-45.5#0.4049709280018093#9
0000 0030 2000 0000 0000 0000#1626597788531574#-55.5#3.77972866135022#9
0000 002D 2000 0000 0000 0000#1626597788533097#-61.0#0.2638446955163303#9
0000 002F 2000 0000 0000 0000#1626597788534430#-58.0#2.9391071895888885#9
0000 0033 2000 0000 0000 0000#1626597788536203#-42.0#4.589670517353839#9
0000 003B 2000 0000 0000 0000#1626597788538312#-35.0#3.730641276137879#9
FFFF FFFF FFFF FFFF FFFF FFFF#1626597788539306#-69.0#0.4049709280018093#9
0000 003A 2000 0000 0000 0000#1626597788540850#-29.5#2.429825568010856#9
0000 0034 2000 0000 0000 0000#1626597788542788#-45.0#5.6143696836614465#9
0000 0036 2000 0000 0000 0000#1626597788544149#-46.5#0.705631162427395#9
0000 002E 2000 0000 0000 0000#1626597788545234#-59.5#1.4051264017032472#9
0000 0031 2000 0000 0000 0000#1626597788546329#-45.5#3.8533597391687304#9
3008 33B2 DDD9 0140 2018 0626#1626597788548158#-62.5#5.47937937432751#9
0000 0032 2000 0000 0000 0000#1626597788549219#-42.5#4.080388895775806#9
0000 002D 2000 0000 0000 0000#1626597788824636#-55.5#3.3870295796514958#9
0000 0033 2000 0000 0000 0000#1626597788825710#-46.0#3.6815538909255388#9
FFFF FFFF FFFF FFFF FFFF FFFF#1626597788828156#-68.5#0.006135923151542565#9
0000 0030 2000 0000 0000 0000#1626597788829975#-62.5#1.6566992509164924#9
0000 0032 2000 0000 0000 0000#1626597788831024#-54.0#3.2213596545598464#9
0000 0035 2000 0000 0000 0000#1626597788833069#-41.0#4.3503695144436785#9
0000 0036 2000 0000 0000 0000#1626597788834162#-43.5#4.693981210930062#9
0000 003A 2000 0000 0000 0000#1626597788835701#-33.0#1.7241944055834606#9
0000 0039 2000 0000 0000 0000#1626597788836825#-42.5#1.3621749396424494#9
0000 0031 2000 0000 0000 0000#1626597788837933#-55.5#2.5832236467994196#9
0000 003B 2000 0000 0000 0000#1626597788839214#-37.0#3.000466421104314#9
0000 002F 2000 0000 0000 0000#1626597788840975#-63.0#5.957981380147831#9
0000 002E 2000 0000 0000 0000#1626597788842043#-56.5#3.9822141253511245#9
0000 0034 2000 0000 0000 0000#1626597788845301#-42.0#3.890175278077986#9
0000 0037 2000 0000 0000 0000#1626597788848438#-46.5#5.743224069843841#9
0000 0038 2000 0000 0000 0000#1626597788849476#-47.0#0.5645049299419159#9
0000 003A 2000 0000 0000 0000#1626597788855745#-34.0#1.6873788666742053#9
0000 0031 2000 0000 0000 0000#1626597788856824#-55.5#2.435961491162398#9
FFFF FFFF FFFF FFFF FFFF FFFF#1626597788857917#-69.0#6.074563920027139#9
0000 0037 2000 0000 0000 0000#1626597788858936#-46.5#5.663457068873787#9
0000 0034 2000 0000 0000 0000#1626597788860982#-42.0#3.8717675086233583#9
0000 0032 2000 0000 0000 0000#1626597788862353#-53.5#3.0495538063166547#9
0000 0030 2000 0000 0000 0000#1626597788863637#-63.5#1.3989904785517047#9
0000 0035 2000 0000 0000 0000#1626597788865680#-41.0#4.227651051412827#9
0000 0036 2000 0000 0000 0000#1626597788867507#-42.5#4.534447208989955#9
0000 002F 2000 0000 0000 0000#1626597788868614#-62.0#5.6941366846315#9
0000 003B 2000 0000 0000 0000#1626597788870662#-37.5#2.9329712664373457#9
0000 002E 2000 0000 0000 0000#1626597788873042#-57.0#3.736777199289422#9
0000 0039 2000 0000 0000 0000#1626597788875803#-43.0#1.2026409377023426#9
0000 002D 2000 0000 0000 0000#1626597788877338#-55.5#3.031146036862027#9
0000 0033 2000 0000 0000 0000#1626597788879343#-47.5#3.6263305825616556#9
0000 0038 2000 0000 0000 0000#1626597788880410#-47.5#0.3190680038802134#9
0000 0036 2000 0000 0000 0000#1626597789147058#-46.0#3.3011266555298997#9
0000 003B 2000 0000 0000 0000#1626597789148171#-42.0#1.9144080232812801#9
0000 002D 2000 0000 0000 0000#1626597789151063#-57.0#0.9265243958829272#9
0000 002F 2000 0000 0000 0000#1626597789152112#-57.5#3.160000423044421#9
0000 0037 2000 0000 0000 0000#1626597789154215#-45.5#3.8717675086233583#9
0000 003A 2000 0000 0000 0000#1626597789155223#-42.5#0.04295146206079795#9
0000 0035 2000 0000 0000 0000#1626597789164262#-48.5#3.2397674240144743#9
0000 002E 2000 0000 0000 0000#1626597789165332#-57.0#1.8530487917658545#9
0000 0034 2000 0000 0000 0000#1626597789166476#-51.5#2.8409324191642074#9
0000 0038 2000 0000 0000 0000#1626597789167557#-45.5#4.614214209960009#9
0000 0032 2000 0000 0000 0000#1626597789168618#-59.5#0.5338253141842031#9
0000 0033 2000 0000 0000 0000#1626597789169650#-56.5#1.9941750242513334#9
0000 0031 2000 0000 0000 0000#1626597789171185#-59.5#5.5100589900852235#9
0000 0039 2000 0000 0000 0000#1626597789172751#-46.0#5.264622064023521#9
0000 0030 2000 0000 0000 0000#1626597789174036#-61.0#3.9638063558964967#9
FFFF FFFF FFFF FFFF FFFF FFFF#1626597789179149#-68.0#5.5100589900852235#9
0000 0030 2000 0000 0000 0000#1626597789184916#-61.0#3.9453985864418692#9
0000 003A 2000 0000 0000 0000#1626597789186187#-43.0#0.04295146206079795#9
0000 0031 2000 0000 0000 0000#1626597789187481#-58.5#5.307573526084319#9
0000 0037 2000 0000 0000 0000#1626597789190126#-45.5#3.988350048502667#9
0000 0035 2000 0000 0000 0000#1626597789191189#-49.0#3.184544115650591#9
0000 0039 2000 0000 0000 0000#1626597789193181#-46.0#5.148039524144211#9
0000 003B 2000 0000 0000 0000#1626597789194234#-43.0#1.9819031779482483#9
0000 002E 2000 0000 0000 0000#1626597789195971#-57.5#1.7303303287350031#9
0000 0038 2000 0000 0000 0000#1626597789196994#-45.5#4.509903516383785#9
FFFF FFFF FFFF FFFF FFFF FFFF#1626597789198088#-68.5#5.553010452146021#9
0000 0036 2000 0000 0000 0000#1626597789199720#-47.5#3.4054373491061236#9
0000 0033 2000 0000 0000 0000#1626597789201037#-57.5#1.7548740213411735#9
0000 002F 2000 0000 0000 0000#1626597789202892#-58.0#3.0372819600135696#9
0000 0034 2000 0000 0000 0000#1626597789204138#-53.5#2.650718801466388#9
0000 0032 2000 0000 0000 0000#1626597789205453#-60.5#0.01227184630308513#9
0000 002D 2000 0000 0000 0000#1626597789207120#-58.5#0.803805932852076#9
0000 0033 2000 0000 0000 0000#1626597789471814#-59.0#5.6143696836614465#9
0000 0032 2000 0000 0000 0000#1626597789472862#-56.5#4.571262747899211#9
0000 0034 2000 0000 0000 0000#1626597789474852#-57.5#1.030835089459151#9
0000 003B 2000 0000 0000 0000#1626597789476189#-49.0#1.1658253987930873#9
0000 0031 2000 0000 0000 0000#1626597789477255#-56.0#3.9147189706841563#9
0000 0035 2000 0000 0000 0000#1626597789478303#-56.5#2.36846633649543#9
0000 003A 2000 0000 0000 0000#1626597789479424#-41.0#5.123495831538041#9
0000 002E 2000 0000 0000 0000#1626597789480479#-60.5#0.1595340019401067#9
0000 002D 2000 0000 0000 0000#1626597789481533#-60.0#5.6573211457222445#9
0000 0037 2000 0000 0000 0000#1626597789482607#-54.0#4.080388895775806#9
0000 0039 2000 0000 0000 0000#1626597789483919#-46.0#4.7860200582032#9
FFFF FFFF FFFF FFFF FFFF FFFF#1626597789486530#-68.5#0.42337869745643697#9
0000 002F 2000 0000 0000 0000#1626597789487639#-58.5#2.0493983326152168#9
0000 0038 2000 0000 0000 0000#1626597789488674#-49.5#4.558990901596125#9
3008 33B2 DDD9 0140 2018 0626#1626597789489992#-61.5#5.792311455056181#9
0000 0036 2000 0000 0000 0000#1626597789491865#-56.5#2.9636508821950587#9
0000 0030 2000 0000 0000 0000#1626597789493151#-60.5#3.043417883165112#9
0000 003A 2000 0000 0000 0000#1626597789497603#-41.0#5.037592907416445#9
0000 0033 2000 0000 0000 0000#1626597789499177#-58.5#5.45483568172134#9
0000 0030 2000 0000 0000 0000#1626597789501357#-60.5#2.9636508821950587#9
0000 0037 2000 0000 0000 0000#1626597789502364#-54.5#3.9760782021995817#9
0000 0038 2000 0000 0000 0000#1626597789503928#-50.0#4.491495746929157#9
0000 0039 2000 0000 0000 0000#1626597789504967#-46.5#4.73693267299086#9
0000 003B 2000 0000 0000 0000#1626597789506018#-49.5#0.9265243958829272#9
FFFF FFFF FFFF FFFF FFFF FFFF#1626597789507873#-70.0#0.37429131224409645#9
0000 0031 2000 0000 0000 0000#1626597789508936#-55.5#3.6815538909255388#9
0000 0032 2000 0000 0000 0000#1626597789510039#-56.5#4.252194744018997#9
0000 0035 2000 0000 0000 0000#1626597789511342#-56.5#2.061670178918302#9
0000 0036 2000 0000 0000 0000#1626597789512519#-56.5#2.82252464970958#9
0000 002F 2000 0000 0000 0000#1626597789514453#-59.0#1.8285050991596843#9
