0000 002E 2000 0000 0000 0000#1626597884389911#-45.5#3.380893656499953#9
0000 003A 2000 0000 0000 0000#1626597884392369#-34.5#2.435961491162398#9
0000 0039 2000 0000 0000 0000#1626597884393917#-41.5#3.552699504743145#9
0000 0037 2000 0000 0000 0000#1626597884394996#-47.5#5.0253210611133605#9
0000 0032 2000 0000 0000 0000#1626597884396804#-43.5#1.9634954084936207#9
0000 0038 2000 0000 0000 0000#1626597884397869#-46.0#4.466952054322987#9
0000 0030 2000 0000 0000 0000#1626597884399225#-45.0#2.791845033951867#9
0000 0035 2000 0000 0000 0000#1626597884402183#-47.0#0.09203884727313846#9
0000 0034 2000 0000 0000 0000#1626597884404154#-46.0#1.012427320004523#9
0000 002D 2000 0000 0000 0000#1626597884405662#-49.0#3.693825737228624#9
0000 002F 2000 0000 0000 0000#1626597884407436#-46.5#3.06182565261974#9
0000 0033 2000 0000 0000 0000#1626597884409588#-44.5#1.6689710972195777#9
0000 0036 2000 0000 0000 0000#1626597884412685#-48.0#6.1420590746941075#9
0000 0031 2000 0000 0000 0000#1626597884414818#-44.0#2.227340104009951#9
0000 003B 2000 0000 0000 0000#1626597884416970#-42.5#2.834796496012665#9
0000 002F 2000 0000 0000 0000#1626597884422195#-46.0#3.055689729468197#9
0000 003A 2000 0000 0000 0000#1626597884424633#-34.5#2.521864415283994#9
0000 0037 2000 0000 0000 0000#1626597884425696#-47.5#5.184855063053467#9
0000 0032 2000 0000 0000 0000#1626597884426801#-43.5#2.055534255766759#9
0000 0039 2000 0000 0000 0000#1626597884427870#-42.0#3.6692820446224537#9
0000 0038 2000 0000 0000 0000#1626597884428932#-46.0#4.601942363656923#9
0000 0033 2000 0000 0000 0000#1626597884430287#-44.0#1.736466251886546#9
0000 0030 2000 0000 0000 0000#1626597884431388#-44.5#2.9022916506796332#9
0000 0036 2000 0000 0000 0000#1626597884432465#-48.0#6.252505691421874#9
0000 003B 2000 0000 0000 0000#1626597884433746#-42.5#2.8654761117703775#9
0000 002E 2000 0000 0000 0000#1626597884435087#-45.0#3.4913402732277192#9
0000 0035 2000 0000 0000 0000#1626597884436179#-46.5#0.2699806186678728#9
0000 002D 2000 0000 0000 0000#1626597884437614#-49.0#3.767456815047135#9
0000 0034 2000 0000 0000 0000#1626597884439315#-45.5#1.1658253987930873#9
0000 0031 2000 0000 0000 0000#1626597884440425#-44.0#2.325514874434632#9
0000 003A 2000 0000 0000 0000#1626597884703982#-32.5#4.381049130201391#9
0000 003B 2000 0000 0000 0000#1626597884705746#-38.5#4.479223900626073#9
0000 0033 2000 0000 0000 0000#1626597884707081#-41.0#3.436116964863836#9
0000 0032 2000 0000 0000 0000#1626597884708406#-40.5#3.7122335066832517#9
0000 0039 2000 0000 0000 0000#1626597884710472#-41.0#5.66959299202533#9
0000 0036 2000 0000 0000 0000#1626597884711511#-44.0#2.0493983326152168#9
0000 0037 2000 0000 0000 0000#1626597884712815#-45.5#1.214912784005428#9
0000 0035 2000 0000 0000 0000#1626597884714150#-43.0#2.2518837966161214#9
0000 0031 2000 0000 0000 0000#1626597884715698#-41.0#3.9208548938356986#9
0000 002D 2000 0000 0000 0000#1626597884717740#-47.0#5.105088062083414#9
0000 0038 2000 0000 0000 0000#1626597884720277#-45.5#0.5706408530934585#9
0000 002F 2000 0000 0000 0000#1626597884721977#-43.5#4.632621979414636#9
0000 0030 2000 0000 0000 0000#1626597884726431#-42.0#4.485359823777615#9
0000 0034 2000 0000 0000 0000#1626597884737192#-41.5#2.761165418194154#9
0000 002E 2000 0000 0000 0000#1626597884738261#-43.5#4.718524903536232#9
0000 003A 2000 0000 0000 0000#1626597884744616#-32.5#4.362641360746763#9
0000 0030 2000 0000 0000 0000#1626597884745935#-42.0#4.331961744989051#9
0000 0038 2000 0000 0000 0000#1626597884747229#-45.0#0.521553467881118#9
0000 002F 2000 0000 0000 0000#1626597884750119#-43.0#4.473087977474529#9
0000 0032 2000 0000 0000 0000#1626597884751210#-40.5#3.6324665057131984#9
0000 0039 2000 0000 0000 0000#1626597884752746#-41.0#5.675728915176872#9
0000 0036 2000 0000 0000 0000#1626597884753785#-43.5#2.024854640009046#9
0000 003B 2000 0000 0000 0000#1626597884755909#-38.5#4.460816131171445#9
0000 002E 2000 0000 0000 0000#1626597884758339#-43.5#4.76147636559703#9
0000 0031 2000 0000 0000 0000#1626597884759422#-40.5#3.816544200259475#9
0000 0037 2000 0000 0000 0000#1626597884760984#-45.5#1.2210487071569704#9
0000 0034 2000 0000 0000 0000#1626597884762303#-41.0#2.84706834231575#9
0000 0033 2000 0000 0000 0000#1626597884763351#-40.5#3.3870295796514958#9
0000 0035 2000 0000 0000 0000#1626597884764770#-42.5#2.2396119503130363#9
0000 002D 2000 0000 0000 0000#1626597884766721#-47.0#5.00077736850719#9
0000 0031 2000 0000 0000 0000#1626597885029803#-39.5#3.9822141253511245#9
0000 0038 2000 0000 0000 0000#1626597885030868#-42.5#1.3928545554001621#9
0000 0030 2000 0000 0000 0000#1626597885031883#-41.0#4.448544284868359#9
0000 002E 2000 0000 0000 0000#1626597885032921#-43.0#4.767612288748572#9
0000 0037 2000 0000 0000 0000#1626597885034274#-42.0#1.8714565612204823#9
0000 0034 2000 0000 0000 0000#1626597885035805#-39.5#3.1784081924990484#9
0000 0035 2000 0000 0000 0000#1626597885036869#-39.0#2.662990647769473#9
0000 003A 2000 0000 0000 0000#1626597885038402#-32.0#5.301437602932776#9
0000 002D 2000 0000 0000 0000#1626597885039484#-47.0#4.95168998329485#9
0000 0033 2000 0000 0000 0000#1626597885041678#-38.5#3.6570101983193686#9
0000 003B 2000 0000 0000 0000#1626597885043714#-38.0#5.227806525114265#9
0000 0036 2000 0000 0000 0000#1626597885045518#-40.5#2.5402721847386216#9
0000 0039 2000 0000 0000 0000#1626597885046641#-39.5#0.4356505437595221#9
0000 0032 2000 0000 0000 0000#1626597885047932#-39.5#3.9085830475326135#9
0000 002F 2000 0000 0000 0000#1626597885050518#-42.5#4.608078286808466#9
0000 0035 2000 0000 0000 0000#1626597885057242#-39.5#2.705942109830271#9
0000 0036 2000 0000 0000 0000#1626597885058552#-40.5#2.5770877236478773#9
0000 0033 2000 0000 0000 0000#1626597885059657#-38.5#3.693825737228624#9
0000 0034 2000 0000 0000 0000#1626597885062157#-39.0#3.227495577711389#9
0000 002E 2000 0000 0000 0000#1626597885063467#-42.5#4.798291904506286#9
0000 0039 2000 0000 0000 0000#1626597885064995#-39.5#0.5031456984264903#9
0000 003A 2000 0000 0000 0000#1626597885066545#-32.5#5.436427912266712#9
0000 0030 2000 0000 0000 0000#1626597885067616#-41.0#4.4976316700806995#9
0000 003B 2000 0000 0000 0000#1626597885068627#-38.5#5.325981295538946#9
0000 0031 2000 0000 0000 0000#1626597885069962#-38.5#4.0558452031696355#9
0000 0037 2000 0000 0000 0000#1626597885073066#-41.5#1.9819031779482483#9
0000 002F 2000 0000 0000 0000#1626597885075213#-42.5#4.632621979414636#9
0000 0032 2000 0000 0000 0000#1626597885076487#-39.0#3.9515345095934116#9
0000 0038 2000 0000 0000 0000#1626597885077794#-42.0#1.564660403643354#9
0000 002D 2000 0000 0000 0000#1626597885079362#-46.5#4.988505522204105#9
0000 002D 2000 0000 0000 0000#1626597885345997#-47.0#4.798291904506286#9
0000 0037 2000 0000 0000 0000#1626597885347022#-39.5#2.1537090261914402#9
0000 0031 2000 0000 0000 0000#1626597885348117#-38.0#4.061981126321178#9
0000 0032 2000 0000 0000 0000#1626597885349441#-38.0#3.9699422790480394#9
0000 0030 2000 0000 0000 0000#1626597885350725#-40.5#4.473087977474529#9
0000 003B 2000 0000 0000 0000#1626597885352263#-37.5#6.000932842208628#9
0000 003A 2000 0000 0000 0000#1626597885353838#-30.5#6.074563920027139#9
0000 0033 2000 0000 0000 0000#1626597885354884#-38.0#3.767456815047135#9
0000 0038 2000 0000 0000 0000#1626597885356436#-39.0#1.8407769454627694#9
0000 002E 2000 0000 0000 0000#1626597885358217#-42.5#4.6878452877785195#9
0000 0036 2000 0000 0000 0000#1626597885359553#-38.0#2.730485802436441#9
0000 0039 2000 0000 0000 0000#1626597885361631#-37.0#1.0615147052168636#9
0000 0035 2000 0000 0000 0000#1626597885363606#-37.5#2.84706834231575#9
0000 0034 2000 0000 0000 0000#1626597885365554#-37.5#3.3440781175906977#9
0000 002F 2000 0000 0000 0000#1626597885367007#-41.5#4.546719055293041#9
0000 0034 2000 0000 0000 0000#1626597885372482#-37.5#3.3502140407422405#9
0000 0031 2000 0000 0000 0000#1626597885373516#-38.0#4.09266074207889#9
0000 0030 2000 0000 0000 0000#1626597885374843#-40.5#4.4976316700806995#9
0000 0032 2000 0000 0000 0000#1626597885376179#-38.0#4.000621894805752#9
0000 002D 2000 0000 0000 0000#1626597885377456#-46.5#4.804427827657828#9
0000 003B 2000 0000 0000 0000#1626597885378980#-37.5#6.105243535784852#9
0000 0036 2000 0000 0000 0000#1626597885380018#-38.5#2.767301341345697#9
0000 003A 2000 0000 0000 0000#1626597885381325#-30.5#6.1850105367549055#9
0000 0039 2000 0000 0000 0000#1626597885382407#-36.5#1.0983302441261191#9
0000 0033 2000 0000 0000 0000#1626597885384676#-38.0#3.8288160465625602#9
0000 0038 2000 0000 0000 0000#1626597885386244#-38.5#1.8960002538266525#9
0000 0037 2000 0000 0000 0000#1626597885387350#-39.5#2.227340104009951#9
0000 002F 2000 0000 0000 0000#1626597885388898#-41.5#4.571262747899211#9
0000 0035 2000 0000 0000 0000#1626597885390005#-37.0#2.8716120349219203#9
0000 002E 2000 0000 0000 0000#1626597885393507#-42.5#4.681709364626977#9
0000 0036 2000 0000 0000 0000#1626597885660787#-36.5#3.466796580621549#9
0000 0031 2000 0000 0000 0000#1626597885662293#-37.5#4.675573441475434#9
0000 0033 2000 0000 0000 0000#1626597885664448#-37.0#4.448544284868359#9
0000 0035 2000 0000 0000 0000#1626597885665470#-35.5#3.56497135104623#9
0000 002E 2000 0000 0000 0000#1626597885666526#-41.5#5.031456984264903#9
0000 0037 2000 0000 0000 0000#1626597885667862#-37.0#2.9329712664373457#9
0000 0039 2000 0000 0000 0000#1626597885669450#-33.5#2.0371264863121317#9
0000 0030 2000 0000 0000 0000#1626597885670758#-39.5#5.006913291658733#9
0000 003A 2000 0000 0000 0000#1626597885672032#-27.5#1.0737865515199487#9
0000 0038 2000 0000 0000 0000#1626597885673087#-36.0#2.662990647769473#9
0000 003B 2000 0000 0000 0000#1626597885675210#-35.0#1.1044661672776617#9
0000 0032 2000 0000 0000 0000#1626597885676909#-37.0#4.638757902566179#9
0000 002F 2000 0000 0000 0000#1626597885677986#-40.5#5.0253210611133605#9
0000 0034 2000 0000 0000 0000#1626597885679319#-36.0#4.037437433715008#9
0000 002D 2000 0000 0000 0000#1626597885680500#-46.0#5.129631754689584#9
FFFF FFFF FFFF FFFF FFFF FFFF#1626597885681962#-68.5#5.105088062083414#9
0000 0032 2000 0000 0000 0000#1626597885686369#-37.5#4.657165672020807#9
0000 0035 2000 0000 0000 0000#1626597885687702#-35.5#3.6079228131070282#9
0000 0038 2000 0000 0000 0000#1626597885689028#-36.0#2.705942109830271#9
0000 0036 2000 0000 0000 0000#1626597885690417#-36.5#3.509748042682347#9
0000 002D 2000 0000 0000 0000#1626597885691695#-46.0#5.135767677841127#9
0000 002F 2000 0000 0000 0000#1626597885692732#-40.5#5.043728830567988#9
0000 003A 2000 0000 0000 0000#1626597885694767#-28.0#1.1658253987930873#9
0000 0039 2000 0000 0000 0000#1626597885697090#-33.5#2.116893487282185#9
0000 003B 2000 0000 0000 0000#1626597885699139#-35.0#1.214912784005428#9
0000 0033 2000 0000 0000 0000#1626597885701382#-35.5#4.509903516383785#9
0000 0030 2000 0000 0000 0000#1626597885703322#-39.0#5.037592907416445#9
FFFF FFFF FFFF FFFF FFFF FFFF#1626597885704415#-68.0#5.019185137961818#9
0000 0034 2000 0000 0000 0000#1626597885705718#-36.0#4.0987966652304335#9
0000 0037 2000 0000 0000 0000#1626597885706798#-37.0#3.055689729468197#9
0000 0031 2000 0000 0000 0000#1626597885707836#-37.5#4.724660826687775#9
0000 002E 2000 0000 0000 0000#1626597885708965#-41.0#5.062136600022616#9
0000 003A 2000 0000 0000 0000#1626597885974300#-26.0#2.718213956133356#9
0000 002D 2000 0000 0000 0000#1626597885975623#-47.0#5.688000761479957#9
0000 0038 2000 0000 0000 0000#1626597885977172#-34.5#3.988350048502667#9
0000 0033 2000 0000 0000 0000#1626597885978292#-37.0#5.491651220630596#9
0000 0035 2000 0000 0000 0000#1626597885979368#-35.5#4.706253057233147#9
0000 0030 2000 0000 0000 0000#1626597885980667#-40.0#5.822991070813893#9
FFFF FFFF FFFF FFFF FFFF FFFF#1626597885982205#-69.5#6.2463697682703305#9
0000 0032 2000 0000 0000 0000#1626597885983306#-37.0#5.577554144752192#9
0000 0036 2000 0000 0000 0000#1626597885984371#-36.0#4.657165672020807#9
0000 002F 2000 0000 0000 0000#1626597885985918#-41.5#5.780039608753096#9
0000 0031 2000 0000 0000 0000#1626597885988409#-37.5#5.602097837358362#9
0000 0039 2000 0000 0000 0000#1626597885989734#-31.5#3.509748042682347#9
0000 003B 2000 0000 0000 0000#1626597885991088#-33.0#2.9268353432858034#9
0000 002E 2000 0000 0000 0000#1626597885995070#-42.0#5.688000761479957#9
0000 0037 2000 0000 0000 0000#1626597885996223#-35.0#4.23378697456437#9
0000 0034 2000 0000 0000 0000#1626597885997543#-35.5#5.117359908386499#9
0000 0035 2000 0000 0000 0000#1626597886002244#-35.5#4.76147636559703#9
0000 0030 2000 0000 0000 0000#1626597886003782#-40.0#5.822991070813893#9
0000 0038 2000 0000 0000 0000#1626597886005318#-34.0#4.037437433715008#9
0000 003B 2000 0000 0000 0000#1626597886006629#-33.0#3.000466421104314#9
0000 002E 2000 0000 0000 0000#1626597886007911#-42.5#5.675728915176872#9
0000 0036 2000 0000 0000 0000#1626597886008990#-36.0#4.681709364626977#9
FFFF FFFF FFFF FFFF FFFF FFFF#1626597886010496#-69.0#5.878214379177777#9
0000 0032 2000 0000 0000 0000#1626597886011841#-37.0#5.602097837358362#9
0000 002F 2000 0000 0000 0000#1626597886012888#-41.0#5.780039608753096#9
0000 003A 2000 0000 0000 0000#1626597886014420#-25.5#2.8409324191642074#9
0000 0034 2000 0000 0000 0000#1626597886016425#-35.5#5.148039524144211#9
0000 0037 2000 0000 0000 0000#1626597886017444#-35.0#4.264466590322082#9
0000 0031 2000 0000 0000 0000#1626597886018741#-37.5#5.620505606812989#9
0000 0039 2000 0000 0000 0000#1626597886020049#-31.5#3.5772431973493153#9
0000 002D 2000 0000 0000 0000#1626597886022242#-47.5#5.651185222570702#9
0000 0033 2000 0000 0000 0000#1626597886023418#-37.5#5.540738605842936#9
0000 0039 2000 0000 0000 0000#1626597886289156#-31.5#3.663146121470911#9
0000 003A 2000 0000 0000 0000#1626597886290516#-26.5#3.074097498922825#9
0000 0032 2000 0000 0000 0000#1626597886293242#-37.0#5.258486140871978#9
0000 0036 2000 0000 0000 0000#1626597886295066#-36.5#4.589670517353839#9
0000 0034 2000 0000 0000 0000#1626597886296640#-36.5#4.95168998329485#9
0000 0037 2000 0000 0000 0000#1626597886297745#-35.0#4.215379205109742#9
0000 002F 2000 0000 0000 0000#1626597886298811#-43.0#5.264622064023521#9
0000 0035 2000 0000 0000 0000#1626597886299887#-36.0#4.632621979414636#9
0000 0033 2000 0000 0000 0000#1626597886301417#-38.0#5.264622064023521#9
0000 0031 2000 0000 0000 0000#1626597886302468#-39.0#5.240078371417351#9
0000 003B 2000 0000 0000 0000#1626597886303896#-32.0#3.4177091954092087#9
0000 0038 2000 0000 0000 0000#1626597886304930#-34.0#4.09266074207889#9
0000 002D 2000 0000 0000 0000#1626597886306028#-48.5#4.97623367590102#9
0000 0030 2000 0000 0000 0000#1626597886307326#-41.5#5.338253141842031#9
0000 002E 2000 0000 0000 0000#1626597886310137#-43.5#5.062136600022616#9
0000 003B 2000 0000 0000 0000#1626597886314831#-32.5#3.448388811166921#9
0000 0034 2000 0000 0000 0000#1626597886316626#-36.5#4.95168998329485#9
0000 0038 2000 0000 0000 0000#1626597886317708#-34.0#4.123340357836604#9
0000 003A 2000 0000 0000 0000#1626597886319750#-26.0#3.1231848841351653#9
0000 002E 2000 0000 0000 0000#1626597886322452#-44.0#5.037592907416445#9
0000 0039 2000 0000 0000 0000#1626597886323747#-31.5#3.7122335066832517#9
0000 002D 2000 0000 0000 0000#1626597886326773#-49.0#4.963961829597935#9
0000 0037 2000 0000 0000 0000#1626597886327881#-35.5#4.252194744018997#9
0000 0033 2000 0000 0000 0000#1626597886330268#-38.0#5.252350217720435#9
0000 0032 2000 0000 0000 0000#1626597886331577#-38.5#5.246214294568893#9
0000 0036 2000 0000 0000 0000#1626597886333308#-36.5#4.614214209960009#9
0000 0035 2000 0000 0000 0000#1626597886334343#-36.0#4.6448938257177215#9
0000 0030 2000 0000 0000 0000#1626597886335370#-41.5#5.307573526084319#9
0000 0031 2000 0000 0000 0000#1626597886336664#-39.0#5.209398755659637#9
0000 002F 2000 0000 0000 0000#1626597886339223#-43.0#5.227806525114265#9
0000 0039 2000 0000 0000 0000#1626597886604660#-32.0#3.6815538909255388#9
0000 0030 2000 0000 0000 0000#1626597886605760#-43.5#4.6448938257177215#9
0000 002D 2000 0000 0000 0000#1626597886606825#-51.0#4.111068511533518#9
0000 0036 2000 0000 0000 0000#1626597886608360#-36.5#4.270602513473625#9
0000 003A 2000 0000 0000 0000#1626597886609378#-26.5#3.1906800388021335#9
0000 0033 2000 0000 0000 0000#1626597886610426#-40.0#4.71238898038469#9
0000 0031 2000 0000 0000 0000#1626597886611724#-41.0#4.552854978444583#9
0000 0038 2000 0000 0000 0000#1626597886613047#-34.5#4.0128937411088375#9
0000 0037 2000 0000 0000 0000#1626597886614128#-36.0#4.04357335686655#9
0000 0035 2000 0000 0000 0000#1626597886615205#-36.0#4.25833066717054#9
0000 003B 2000 0000 0000 0000#1626597886616260#-32.5#3.663146121470911#9
0000 0032 2000 0000 0000 0000#1626597886618936#-39.0#4.638757902566179#9
0000 0034 2000 0000 0000 0000#1626597886620382#-37.5#4.466952054322987#9
0000 002F 2000 0000 0000 0000#1626597886621760#-45.0#4.473087977474529#9
0000 002E 2000 0000 0000 0000#1626597886623214#-46.0#4.2092432819582#9
0000 0031 2000 0000 0000 0000#1626597886626661#-41.0#4.540583132141498#9
0000 002D 2000 0000 0000 0000#1626597886627986#-51.0#4.0987966652304335#9
0000 0033 2000 0000 0000 0000#1626597886630627#-40.0#4.6878452877785195#9
0000 0036 2000 0000 0000 0000#1626597886631736#-36.5#4.25833066717054#9
0000 003B 2000 0000 0000 0000#1626597886633002#-32.5#3.7122335066832517#9
0000 0034 2000 0000 0000 0000#1626597886634131#-36.5#4.466952054322987#9
0000 0035 2000 0000 0000 0000#1626597886635153#-36.0#4.246058820867455#9
0000 0039 2000 0000 0000 0000#1626597886636235#-32.0#3.718369429834794#9
0000 0037 2000 0000 0000 0000#1626597886637557#-36.0#4.04357335686655#9
0000 0030 2000 0000 0000 0000#1626597886638695#-43.5#4.565126824747668#9
0000 003A 2000 0000 0000 0000#1626597886639985#-26.5#3.2397674240144743#9
0000 0038 2000 0000 0000 0000#1626597886641852#-34.5#4.031301510563465#9
0000 002F 2000 0000 0000 0000#1626597886642917#-45.0#4.4362724385652745#9
0000 0032 2000 0000 0000 0000#1626597886643935#-40.5#4.589670517353839#9
0000 002E 2000 0000 0000 0000#1626597886646314#-46.0#4.1601558967458585#9
0000 0037 2000 0000 0000 0000#1626597886912174#-35.0#4.172427743048944#9
0000 002F 2000 0000 0000 0000#1626597886913580#-46.5#4.147884050442774#9
0000 003B 2000 0000 0000 0000#1626597886915154#-32.0#4.325825821837508#9
0000 002E 2000 0000 0000 0000#1626597886916224#-48.5#3.8840393549264434#9
0000 0036 2000 0000 0000 0000#1626597886917289#-36.0#4.23378697456437#9
0000 002D 2000 0000 0000 0000#1626597886918327#-53.0#3.7551849687440497#9
0000 0035 2000 0000 0000 0000#1626597886919405#-36.0#4.172427743048944#9
0000 0031 2000 0000 0000 0000#1626597886920498#-42.0#4.215379205109742#9
0000 003A 2000 0000 0000 0000#1626597886922093#-26.5#3.706097583531709#9
0000 0030 2000 0000 0000 0000#1626597886923150#-44.5#4.28287435977671#9
0000 0038 2000 0000 0000 0000#1626597886925562#-34.0#4.23378697456437#9
0000 0032 2000 0000 0000 0000#1626597886926639#-40.5#4.313553975534423#9
0000 0039 2000 0000 0000 0000#1626597886927948#-31.5#4.074252972624263#9
0000 0034 2000 0000 0000 0000#1626597886930543#-37.5#4.301282129231338#9
0000 0033 2000 0000 0000 0000#1626597886931862#-39.5#4.417864669110647#9
0000 0039 2000 0000 0000 0000#1626597886937213#-31.5#4.06811704947272#9
0000 0038 2000 0000 0000 0000#1626597886938619#-33.5#4.221515128261284#9
0000 0031 2000 0000 0000 0000#1626597886939945#-42.0#4.190835512503572#9
0000 0035 2000 0000 0000 0000#1626597886941520#-36.0#4.147884050442774#9
0000 003B 2000 0000 0000 0000#1626597886943085#-32.0#4.368777283898306#9
0000 0036 2000 0000 0000 0000#1626597886944164#-36.5#4.2031073588066565#9
0000 003A 2000 0000 0000 0000#1626597886945239#-26.0#3.730641276137879#9
0000 002F 2000 0000 0000 0000#1626597886946289#-46.5#4.104932588381976#9
0000 0034 2000 0000 0000 0000#1626597886947826#-37.5#4.264466590322082#9
0000 002D 2000 0000 0000 0000#1626597886948905#-53.5#3.6754179677739964#9
0000 0032 2000 0000 0000 0000#1626597886951223#-41.0#4.270602513473625#9
0000 0037 2000 0000 0000 0000#1626597886952317#-35.0#4.147884050442774#9
0000 0033 2000 0000 0000 0000#1626597886953365#-40.0#4.387185053352934#9
0000 0030 2000 0000 0000 0000#1626597886954851#-44.5#4.221515128261284#9
0000 002E 2000 0000 0000 0000#1626597886955946#-48.5#3.80427235395639#9
0000 002D 2000 0000 0000 0000#1626597887223077#-56.5#3.436116964863836#9
0000 003B 2000 0000 0000 0000#1626597887224343#-31.5#5.129631754689584#9
0000 0039 2000 0000 0000 0000#1626597887225382#-30.5#4.589670517353839#9
0000 0036 2000 0000 0000 0000#1626597887226417#-35.5#4.454680208019902#9
0000 0034 2000 0000 0000 0000#1626597887227493#-37.0#4.399456899656019#9
0000 0033 2000 0000 0000 0000#1626597887228583#-40.5#4.473087977474529#9
0000 003A 2000 0000 0000 0000#1626597887229645#-25.5#4.411728745959104#9
0000 0030 2000 0000 0000 0000#1626597887230730#-46.5#4.196971435655114#9
0000 002E 2000 0000 0000 0000#1626597887231784#-51.0#3.6263305825616556#9
0000 0031 2000 0000 0000 0000#1626597887232879#-43.0#4.184699589352029#9
0000 0037 2000 0000 0000 0000#1626597887234197#-34.0#4.473087977474529#9
0000 0032 2000 0000 0000 0000#1626597887236411#-41.5#4.295146206079795#9
0000 0035 2000 0000 0000 0000#1626597887238838#-35.0#4.331961744989051#9
0000 0038 2000 0000 0000 0000#1626597887239919#-33.0#4.651029748869264#9
0000 002F 2000 0000 0000 0000#1626597887241022#-49.5#3.9822141253511245#9
0000 0032 2000 0000 0000 0000#1626597887247096#-41.5#4.276738436625168#9
0000 0036 2000 0000 0000 0000#1626597887248188#-35.5#4.405592822807561#9
0000 002D 2000 0000 0000 0000#1626597887250251#-56.5#3.3379421944391554#9
0000 003B 2000 0000 0000 0000#1626597887252343#-31.5#5.129631754689584#9
0000 0038 2000 0000 0000 0000#1626597887253381#-33.0#4.632621979414636#9
0000 0034 2000 0000 0000 0000#1626597887254401#-37.0#4.356505437595221#9
0000 002E 2000 0000 0000 0000#1626597887255455#-51.0#3.5158839658338894#9
0000 0037 2000 0000 0000 0000#1626597887256464#-34.0#4.466952054322987#9
0000 0035 2000 0000 0000 0000#1626597887258239#-35.0#4.313553975534423#9
0000 0039 2000 0000 0000 0000#1626597887259773#-30.5#4.558990901596125#9
0000 003A 2000 0000 0000 0000#1626597887261747#-25.5#4.411728745959104#9
0000 0030 2000 0000 0000 0000#1626597887263915#-47.5#4.086524818927348#9
0000 002F 2000 0000 0000 0000#1626597887266574#-49.5#3.8963112012295285#9
0000 0031 2000 0000 0000 0000#1626597887267656#-43.5#4.086524818927348#9
0000 0033 2000 0000 0000 0000#1626597887268946#-40.5#4.381049130201391#9
0000 0031 2000 0000 0000 0000#1626597887538583#-46.0#2.7550294950426117#9
0000 003A 2000 0000 0000 0000#1626597887540100#-26.0#3.9269908169872414#9
0000 0037 2000 0000 0000 0000#1626597887542336#-34.5#3.650874275167826#9
0000 003B 2000 0000 0000 0000#1626597887543646#-31.5#4.798291904506286#9
0000 0038 2000 0000 0000 0000#1626597887545496#-33.0#3.8840393549264434#9
0000 0030 2000 0000 0000 0000#1626597887546865#-50.5#2.5586799541932495#9
0000 0034 2000 0000 0000 0000#1626597887548022#-37.5#3.2888548092268146#9
0000 002F 2000 0000 0000 0000#1626597887549014#-52.5#2.3009711818284617#9
0000 002E 2000 0000 0000 0000#1626597887550808#-55.0#1.6751070203711202#9
0000 0039 2000 0000 0000 0000#1626597887552600#-31.0#3.9392626632903265#9
0000 0033 2000 0000 0000 0000#1626597887553662#-43.0#3.2029518851052186#9
0000 0035 2000 0000 0000 0000#1626597887555563#-36.0#3.3072625786814425#9
0000 0036 2000 0000 0000 0000#1626597887556628#-36.0#3.448388811166921#9
0000 002D 2000 0000 0000 0000#1626597887560731#-59.5#1.2210487071569704#9
0000 0032 2000 0000 0000 0000#1626597887562390#-43.5#2.834796496012665#9
0000 0034 2000 0000 0000 0000#1626597887567268#-39.0#3.2213596545598464#9
0000 0039 2000 0000 0000 0000#1626597887568337#-31.0#3.9269908169872414#9
0000 002E 2000 0000 0000 0000#1626597887569403#-55.5#1.5953400194010667#9
0000 0038 2000 0000 0000 0000#1626597887570753#-33.0#3.834951969714103#9
0000 0037 2000 0000 0000 0000#1626597887572074#-34.5#3.5833791205008576#9
0000 002F 2000 0000 0000 0000#1626597887573549#-52.5#2.1537090261914402#9
0000 003A 2000 0000 0000 0000#1626597887575876#-26.0#3.8840393549264434#9
0000 0033 2000 0000 0000 0000#1626597887576939#-43.0#3.08636934522591#9
0000 0035 2000 0000 0000 0000#1626597887587762#-36.0#3.429981041712294#9
0000 0032 2000 0000 0000 0000#1626597887590151#-45.0#2.9391071895888885#9
0000 0036 2000 0000 0000 0000#1626597887591230#-36.0#3.5711072741977725#9
0000 003B 2000 0000 0000 0000#1626597887592338#-31.0#4.9823695990525625#9
0000 002D 2000 0000 0000 0000#1626597887593627#-59.5#1.214912784005428#9
0000 0031 2000 0000 0000 0000#1626597887595563#-46.5#2.693670263527186#9
0000 0030 2000 0000 0000 0000#1626597887597501#-51.0#2.521864415283994#9
0000 0035 2000 0000 0000 0000#1626597887860522#-37.5#2.1230294104337273#9
0000 002F 2000 0000 0000 0000#1626597887861570#-54.5#0.2454369260617026#9
0000 003A 2000 0000 0000 0000#1626597887862689#-26.0#3.160000423044421#9
0000 0039 2000 0000 0000 0000#1626597887865778#-31.5#3.031146036862027#9
0000 0031 2000 0000 0000 0000#1626597887867183#-49.5#0.9940195505498954#9
0000 003B 2000 0000 0000 0000#1626597887868509#-31.5#4.227651051412827#9
0000 0038 2000 0000 0000 0000#1626597887869839#-33.5#2.84706834231575#9
0000 0036 2000 0000 0000 0000#1626597887870905#-38.0#2.270291566070749#9
0000 0037 2000 0000 0000 0000#1626597887872263#-35.5#2.5280003384355365#9
0000 0034 2000 0000 0000 0000#1626597887874137#-40.0#1.9573594853420782#9
0000 002D 2000 0000 0000 0000#1626597887875604#-47.0#4.749204519293945#9
0000 002E 2000 0000 0000 0000#1626597887876686#-47.0#4.9823695990525625#9
0000 0032 2000 0000 0000 0000#1626597887877976#-47.5#1.2762720155208536#9
0000 0033 2000 0000 0000 0000#1626597887879025#-45.5#1.7241944055834606#9
0000 0030 2000 0000 0000 0000#1626597887880338#-53.5#0.3129320807286708#9
0000 003A 2000 0000 0000 0000#1626597887888949#-26.5#3.098641191528995#9
0000 0032 2000 0000 0000 0000#1626597887890267#-48.0#1.2087768608538851#9
0000 0033 2000 0000 0000 0000#1626597887891541#-46.0#1.6689710972195777#9
0000 002D 2000 0000 0000 0000#1626597887892609#-47.0#4.651029748869264#9
0000 0031 2000 0000 0000 0000#1626597887893659#-50.0#0.8406214717613314#9
0000 0037 2000 0000 0000 0000#1626597887894767#-35.5#2.478912953223196#9
0000 0039 2000 0000 0000 0000#1626597887895832#-31.5#2.9391071895888885#9
0000 0034 2000 0000 0000 0000#1626597887898123#-40.5#1.8837284075235674#9
0000 0038 2000 0000 0000 0000#1626597887902091#-34.0#2.7857091108003242#9
0000 0036 2000 0000 0000 0000#1626597887903157#-38.0#2.1598449493429825#9
0000 003B 2000 0000 0000 0000#1626597887904211#-32.0#4.2092432819582#9
0000 002E 2000 0000 0000 0000#1626597887905280#-46.5#4.767612288748572#9
0000 002F 2000 0000 0000 0000#1626597887906685#-54.5#6.166602767300278#9
0000 0035 2000 0000 0000 0000#1626597887909642#-37.5#1.9819031779482483#9
0000 0030 2000 0000 0000 0000#1626597887911095#-54.0#0.07363107781851078#9
0000 0038 2000 0000 0000 0000#1626597888175205#-35.5#2.386874105950058#9
0000 0035 2000 0000 0000 0000#1626597888177352#-40.5#1.4603497100671303#9
0000 0034 2000 0000 0000 0000#1626597888178884#-43.0#1.1780972450961724#9
0000 002F 2000 0000 0000 0000#1626597888179945#-44.0#4.031301510563465#9
0000 0033 2000 0000 0000 0000#1626597888181230#-49.0#0.4908738521234052#9
0000 0037 2000 0000 0000 0000#1626597888182337#-37.0#2.0371264863121317#9
0000 003B 2000 0000 0000 0000#1626597888183375#-33.0#4.006757817957295#9
0000 0036 2000 0000 0000 0000#1626597888184425#-40.0#1.6566992509164924#9
0000 0032 2000 0000 0000 0000#1626597888185730#-50.0#5.927301764390117#9
0000 0030 2000 0000 0000 0000#1626597888186800#-43.5#4.166291819897402#9
0000 0031 2000 0000 0000 0000#1626597888189415#-49.0#5.209398755659637#9
0000 0039 2000 0000 0000 0000#1626597888191368#-33.0#2.5464081078901644#9
FFFF FFFF FFFF FFFF FFFF FFFF#1626597888192450#-69.0#5.6143696836614465#9
0000 002E 2000 0000 0000 0000#1626597888202408#-48.5#4.528311285838413#9
0000 003A 2000 0000 0000 0000#1626597888204337#-26.5#3.5342917352885173#9
0000 002D 2000 0000 0000 0000#1626597888205433#-57.0#4.405592822807561#9
0C21 0537 8123 1003 2202 062F#1626597888207730#-67.0#1.6689710972195777#9
0000 0036 2000 0000 0000 0000#1626597888211873#-40.0#2.356194490192345#9
0000 0032 2000 0000 0000 0000#1626597888213400#-49.0#0.21475731030398976#9
0000 002F 2000 0000 0000 0000#1626597888214464#-43.0#4.724660826687775#9
0000 003A 2000 0000 0000 0000#1626597888215531#-26.5#3.509748042682347#9
0000 0034 2000 0000 0000 0000#1626597888216875#-43.0#1.7855536370988863#9
0000 0037 2000 0000 0000 0000#1626597888218139#-37.0#2.705942109830271#9
0000 003B 2000 0000 0000 0000#1626597888219463#-33.0#4.73693267299086#9
0000 0031 2000 0000 0000 0000#1626597888221781#-46.5#5.66959299202533#9
0C21 0537 8123 1003 2202 062F#1626597888224789#-69.0#1.5707963267948966#9
FFFF FFFF FFFF FFFF FFFF FFFF#1626597888225850#-68.5#0.6442719309119693#9
0000 002E 2000 0000 0000 0000#1626597888227162#-49.5#4.460816131171445#9
0000 0039 2000 0000 0000 0000#1626597888228910#-32.5#3.2888548092268146#9
0000 002D 2000 0000 0000 0000#1626597888231543#-59.5#4.1417481272912315#9
0000 0035 2000 0000 0000 0000#1626597888232964#-40.0#2.043262409463674#9
0000 0038 2000 0000 0000 0000#1626597888234045#-35.5#3.055689729468197#9
0000 0030 2000 0000 0000 0000#1626597888235129#-42.5#4.7860200582032#9
0000 0033 2000 0000 0000 0000#1626597888236588#-48.5#0.9387962421860124#9
0000 0037 2000 0000 0000 0000#1626597888506330#-42.0#1.7241944055834606#9
0000 0038 2000 0000 0000 0000#1626597888509779#-39.0#2.172116795646068#9
0000 0032 2000 0000 0000 0000#1626597888510907#-39.0#4.23378697456437#9
0000 0039 2000 0000 0000 0000#1626597888512275#-35.5#2.448233337465483#9
0000 003B 2000 0000 0000 0000#1626597888513300#-34.0#3.988350048502667#9
0000 002D 2000 0000 0000 0000#1626597888514381#-59.5#1.7119225592803755#9
0000 003A 2000 0000 0000 0000#1626597888515456#-28.5#2.6323110320117604#9
0000 0036 2000 0000 0000 0000#1626597888516462#-44.5#0.8958447801252144#9
0000 002F 2000 0000 0000 0000#1626597888517499#-55.0#3.356349963893783#9
0000 0033 2000 0000 0000 0000#1626597888518817#-41.5#4.706253057233147#9
0000 0031 2000 0000 0000 0000#1626597888519881#-41.5#3.933126740138784#9
FFFF FFFF FFFF FFFF FFFF FFFF#1626597888521789#-68.0#0.21475731030398976#9
0000 0035 2000 0000 0000 0000#1626597888523051#-44.5#0.4970097752749477#9
0000 0034 2000 0000 0000 0000#1626597888524640#-44.0#5.859806609723149#9
0000 0030 2000 0000 0000 0000#1626597888525936#-53.0#3.902447124381071#9
0000 002E 2000 0000 0000 0000#1626597888527104#-57.0#2.0800779483729293#9
FFFF FFFF FFFF FFFF FFFF FFFF#1626597888533572#-68.5#0.3313398501832985#9
0000 002F 2000 0000 0000 0000#1626597888534649#-56.0#3.2090878082567613#9
0000 003B 2000 0000 0000 0000#1626597888536538#-34.5#3.9453985864418692#9
0000 0034 2000 0000 0000 0000#1626597888538056#-44.5#5.712544454086128#9
0000 0038 2000 0000 0000 0000#1626597888539365#-40.0#2.098485717827557#9
0000 003A 2000 0000 0000 0000#1626597888540695#-29.0#2.5893595699509624#9
0000 0031 2000 0000 0000 0000#1626597888542509#-42.0#3.8840393549264434#9
0000 0037 2000 0000 0000 0000#1626597888543601#-42.5#1.576932249946439#9
0000 0033 2000 0000 0000 0000#1626597888545180#-40.5#4.565126824747668#9
0000 0039 2000 0000 0000 0000#1626597888546373#-36.5#2.3623304133438876#9
0000 0035 2000 0000 0000 0000#1626597888547482#-44.5#0.3190680038802134#9
0000 0030 2000 0000 0000 0000#1626597888548551#-54.0#3.80427235395639#9
0000 002D 2000 0000 0000 0000#1626597888550368#-58.0#1.1596894756415448#9
0000 002E 2000 0000 0000 0000#1626597888552035#-56.0#1.88986433067511#9
0000 0032 2000 0000 0000 0000#1626597888553051#-40.5#4.104932588381976#9
0000 0036 2000 0000 0000 0000#1626597888554759#-45.5#0.6565437772150544#9
0000 0036 2000 0000 0000 0000#1626597888827080#-42.0#4.71238898038469#9
0000 0033 2000 0000 0000 0000#1626597888828156#-44.0#3.761320891895592#9
0000 0034 2000 0000 0000 0000#1626597888829190#-39.5#3.9576704327449543#9
0000 003B 2000 0000 0000 0000#1626597888830200#-36.5#3.2336315008629315#9
0000 002D 2000 0000 0000 0000#1626597888831297#-56.0#4.374913207049849#9
0000 0031 2000 0000 0000 0000#1626597888832632#-54.0#2.761165418194154#9
0000 0035 2000 0000 0000 0000#1626597888833966#-39.5#4.3503695144436785#9
0000 0037 2000 0000 0000 0000#1626597888836482#-46.0#5.822991070813893#9
0000 0032 2000 0000 0000 0000#1626597888838687#-52.0#3.3870295796514958#9
0000 0038 2000 0000 0000 0000#1626597888839752#-46.5#0.5522330836388308#9
0000 0030 2000 0000 0000 0000#1626597888841063#-59.5#1.846912868614312#9
0000 003A 2000 0000 0000 0000#1626597888842597#-33.5#1.8039614065535141#9
0000 0039 2000 0000 0000 0000#1626597888844619#-42.5#1.3437671701878218#9
FFFF FFFF FFFF FFFF FFFF FFFF#1626597888846737#-68.0#6.050020227420969#9
0000 002F 2000 0000 0000 0000#1626597888847829#-60.0#0.5338253141842031#9
0000 002E 2000 0000 0000 0000#1626597888849198#-56.0#4.822835597112456#9
0000 0032 2000 0000 0000 0000#1626597888857320#-53.0#3.3011266555298997#9
0000 003A 2000 0000 0000 0000#1626597888858639#-34.0#1.761009944492716#9
0000 0038 2000 0000 0000 0000#1626597888859915#-46.5#0.4172427743048944#9
0000 002D 2000 0000 0000 0000#1626597888861468#-56.0#4.1417481272912315#9
FFFF FFFF FFFF FFFF FFFF FFFF#1626597888862532#-69.0#6.068427996875596#9
0000 0033 2000 0000 0000 0000#1626597888863633#-44.5#3.736777199289422#9
0000 002E 2000 0000 0000 0000#1626597888864702#-56.5#4.816699673960914#9
0000 0039 2000 0000 0000 0000#1626597888866268#-43.5#1.2333205534600555#9
0000 0031 2000 0000 0000 0000#1626597888867801#-54.5#2.6261751088602177#9
0000 0034 2000 0000 0000 0000#1626597888869218#-39.5#3.8840393549264434#9
0000 0037 2000 0000 0000 0000#1626597888871221#-45.5#5.583690067903734#9
0000 0036 2000 0000 0000 0000#1626597888872782#-40.5#4.491495746929157#9
0000 003B 2000 0000 0000 0000#1626597888874309#-37.5#3.172272269347506#9
0000 0035 2000 0000 0000 0000#1626597888875642#-39.0#4.2031073588066565#9
0000 002F 2000 0000 0000 0000#1626597888878460#-60.0#0.21475731030398976#9
0000 0030 2000 0000 0000 0000#1626597888880170#-61.0#1.4787574795217582#9
0000 002E 2000 0000 0000 0000#1626597889147894#-61.5#2.2027964114037806#9
0000 0035 2000 0000 0000 0000#1626597889149203#-47.5#3.129320807286708#9
0000 0037 2000 0000 0000 0000#1626597889150283#-44.0#3.859495662320273#9
0000 0034 2000 0000 0000 0000#1626597889151827#-51.5#2.834796496012665#9
FFFF FFFF FFFF FFFF FFFF FFFF#1626597889153376#-67.5#5.387340527054372#9
0000 003A 2000 0000 0000 0000#1626597889154451#-41.5#5.976389149602458#9
0000 0032 2000 0000 0000 0000#1626597889156253#-57.5#0.6565437772150544#9
0000 0031 2000 0000 0000 0000#1626597889158045#-56.5#5.810719224510809#9
0000 0033 2000 0000 0000 0000#1626597889159845#-55.0#1.9696313316451632#9
0000 0030 2000 0000 0000 0000#1626597889160958#-60.5#4.73693267299086#9
0000 003B 2000 0000 0000 0000#1626597889162027#-43.5#1.9082721001297376#9
0000 002D 2000 0000 0000 0000#1626597889163051#-62.5#0.9081166264282996#9
0000 002F 2000 0000 0000 0000#1626597889165666#-59.0#3.822680123411018#9
0000 0039 2000 0000 0000 0000#1626597889167115#-45.0#4.902602598082509#9
0000 0036 2000 0000 0000 0000#1626597889169247#-45.5#3.2704470397721868#9
0000 0038 2000 0000 0000 0000#1626597889170315#-44.0#4.313553975534423#9
FFFF FFFF FFFF FFFF FFFF FFFF#1626597889174802#-67.0#5.105088062083414#9
0000 002E 2000 0000 0000 0000#1626597889176387#-61.5#2.0064468705544187#9
0000 0033 2000 0000 0000 0000#1626597889177685#-55.5#1.902136176978195#9
0000 0031 2000 0000 0000 0000#1626597889178710#-56.5#5.712544454086128#9
0000 0039 2000 0000 0000 0000#1626597889179807#-45.0#4.828971520263998#9
0000 002D 2000 0000 0000 0000#1626597889181147#-64.0#0.6381360077604268#9
0000 0036 2000 0000 0000 0000#1626597889182480#-46.0#3.2704470397721868#9
0000 0034 2000 0000 0000 0000#1626597889183754#-52.0#2.6691265709210157#9
0000 003A 2000 0000 0000 0000#1626597889185058#-42.0#5.7616318392984684#9
0000 0032 2000 0000 0000 0000#1626597889186846#-57.5#0.3129320807286708#9
0000 002F 2000 0000 0000 0000#1626597889187866#-59.0#3.6815538909255388#9
0000 0038 2000 0000 0000 0000#1626597889189443#-44.0#4.25833066717054#9
0000 003B 2000 0000 0000 0000#1626597889190498#-44.5#1.8100973297050567#9
0000 0037 2000 0000 0000 0000#1626597889192303#-44.5#3.785864584501762#9
0000 0035 2000 0000 0000 0000#1626597889193394#-48.5#3.043417883165112#9
0000 0030 2000 0000 0000 0000#1626597889197502#-61.0#4.448544284868359#9
0000 0032 2000 0000 0000 0000#1626597889470804#-56.5#5.135767677841127#9
0000 0036 2000 0000 0000 0000#1626597889472124#-54.5#3.0250101137104846#9
0000 003B 2000 0000 0000 0000#1626597889473916#-47.5#0.9019807032767571#9
0000 0039 2000 0000 0000 0000#1626597889475484#-44.0#4.847379289718626#9
0000 003A 2000 0000 0000 0000#1626597889476504#-38.5#5.056000676871073#9
0000 0037 2000 0000 0000 0000#1626597889477554#-51.5#4.178563666200486#9
0000 0035 2000 0000 0000 0000#1626597889478601#-54.0#2.497320722677824#9
0000 002F 2000 0000 0000 0000#1626597889481108#-62.0#2.1598449493429825#9
FFFF FFFF FFFF FFFF FFFF FFFF#1626597889482158#-68.0#0.5767767762450011#9
0000 002D 2000 0000 0000 0000#1626597889483241#-58.5#5.203262832508095#9
0000 002E 2000 0000 0000 0000#1626597889484280#-60.5#5.810719224510809#9
0000 0038 2000 0000 0000 0000#1626597889485342#-48.0#4.595806440505381#9
0000 0033 2000 0000 0000 0000#1626597889489572#-57.5#6.160466844148735#9
0000 0031 2000 0000 0000 0000#1626597889490749#-56.0#4.289010282928253#9
0000 0034 2000 0000 0000 0000#1626597889493377#-55.5#1.227184630308513#9
0000 0030 2000 0000 0000 0000#1626597889495986#-64.0#3.2029518851052186#9
0000 0033 2000 0000 0000 0000#1626597889499566#-57.5#6.043884304269426#9
0000 0035 2000 0000 0000 0000#1626597889501932#-54.5#2.3316507975861747#9
0000 0039 2000 0000 0000 0000#1626597889502957#-44.5#4.773748211900116#9
FFFF FFFF FFFF FFFF FFFF FFFF#1626597889503953#-68.0#0.380427235395639#9
0000 0031 2000 0000 0000 0000#1626597889505806#-55.5#4.172427743048944#9
0000 002D 2000 0000 0000 0000#1626597889507158#-58.0#5.086680292628786#9
0000 003B 2000 0000 0000 0000#1626597889508266#-47.0#0.6872233929727672#9
0000 003A 2000 0000 0000 0000#1626597889509329#-38.5#4.95168998329485#9
0000 002F 2000 0000 0000 0000#1626597889510864#-63.0#1.761009944492716#9
0000 0038 2000 0000 0000 0000#1626597889512126#-49.0#4.509903516383785#9
0000 0036 2000 0000 0000 0000#1626597889514021#-55.0#2.8102528034064944#9
0000 002E 2000 0000 0000 0000#1626597889515204#-60.0#5.546874528994478#9
0000 0032 2000 0000 0000 0000#1626597889516514#-57.0#4.792155981354743#9
0000 0030 2000 0000 0000 0000#1626597889517626#-64.0#3.018874190558942#9
0000 0037 2000 0000 0000 0000#1626597889519303#-53.5#3.9638063558964967#9
0000 0034 2000 0000 0000 0000#1626597889520279#-56.0#0.9142525495798421#9
0000 0033 2000 0000 0000 0000#1626597889785587#-57.5#3.767456815047135#9
0000 003A 2000 0000 0000 0000#1626597889786708#-41.5#3.9760782021995817#9
0000 0030 2000 0000 0000 0000#1626597889788494#-61.5#5.957981380147831#9
FFFF FFFF FFFF FFFF FFFF FFFF#1626597889790028#-68.0#0.0859029241215959#9
0000 0038 2000 0000 0000 0000#1626597889792059#-53.5#2.9206994201342606#9
0000 002D 2000 0000 0000 0000#1626597889793652#-59.0#3.9085830475326135#9
0000 0036 2000 0000 0000 0000#1626597889795129#-56.5#0.380427235395639#9
0000 0035 2000 0000 0000 0000#1626597889796234#-54.5#5.9088939949354895#9
0000 0037 2000 0000 0000 0000#1626597889798263#-56.0#1.8530487917658545#9
0000 0034 2000 0000 0000 0000#1626597889799296#-55.0#4.669437518323892#9
0000 0032 2000 0000 0000 0000#1626597889800344#-58.5#2.356194490192345#9
0000 003B 2000 0000 0000 0000#1626597889801453#-46.5#5.608233760509904#9
0000 0039 2000 0000 0000 0000#1626597889802735#-49.5#3.485204350076177#9
0000 002E 2000 0000 0000 0000#1626597889805417#-58.5#4.239922897715912#9
0000 002F 2000 0000 0000 0000#1626597889807351#-57.5#5.301437602932776#9
0000 0031 2000 0000 0000 0000#1626597889809469#-58.0#1.2517283229146832#9
0000 002E 2000 0000 0000 0000#1626597889814515#-59.0#4.215379205109742#9
0000 0031 2000 0000 0000 0000#1626597889816114#-58.0#1.1965050145508#9
FFFF FFFF FFFF FFFF FFFF FFFF#1626597889817149#-68.0#0.0674951546669682#9
0000 003B 2000 0000 0000 0000#1626597889818227#-46.5#5.553010452146021#9
0000 0037 2000 0000 0000 0000#1626597889820789#-56.5#1.6505633277649499#9
0000 0032 2000 0000 0000 0000#1626597889822805#-59.0#2.2212041808584084#9
0000 0034 2000 0000 0000 0000#1626597889825245#-55.0#4.528311285838413#9
0000 002D 2000 0000 0000 0000#1626597889826527#-60.0#3.773592738198677#9
0000 0039 2000 0000 0000 0000#1626597889828697#-50.0#3.380893656499953#9
0000 003A 2000 0000 0000 0000#1626597889830005#-42.5#3.8410878928656453#9
0000 0038 2000 0000 0000 0000#1626597889831055#-53.0#2.724349879284899#9
0000 0035 2000 0000 0000 0000#1626597889832358#-54.5#5.620505606812989#9
0000 0036 2000 0000 0000 0000#1626597889833664#-57.0#0.09817477042468103#9
0000 002F 2000 0000 0000 0000#1626597889835053#-57.0#5.148039524144211#9
