0000 002D 2000 0000 0000 0000#1626598087748748#-49.0#3.9822141253511245#9
0000 003B 2000 0000 0000 0000#1626598087757269#-45.5#3.448388811166921#9
0000 002E 2000 0000 0000 0000#1626598087758353#-46.5#3.6754179677739964#9
0000 002F 2000 0000 0000 0000#1626598087759447#-46.5#3.2827188860752723#9
0000 0033 2000 0000 0000 0000#1626598087760490#-46.0#1.7855536370988863#9
0000 0038 2000 0000 0000 0000#1626598087761797#-45.5#4.601942363656923#9
0000 0034 2000 0000 0000 0000#1626598087763860#-47.5#1.1719613219446299#9
0000 0035 2000 0000 0000 0000#1626598087764935#-48.5#0.14726215563702155#9
0000 0039 2000 0000 0000 0000#1626598087766985#-42.0#3.8963112012295285#9
0000 003A 2000 0000 0000 0000#1626598087770548#-35.0#2.9022916506796332#9
0000 0031 2000 0000 0000 0000#1626598087771901#-45.5#2.466641106920111#9
0000 0037 2000 0000 0000 0000#1626598087773464#-47.5#5.190990986205009#9
0000 002D 2000 0000 0000 0000#1626598087774543#-49.0#4.04357335686655#9
0000 0036 2000 0000 0000 0000#1626598087776618#-49.0#6.14819499784565#9
0000 0001 0000 0000 0000 0000#1626598087777749#-64.5#5.626641529964532#9
0000 0030 2000 0000 0000 0000#1626598087779349#-45.5#3.104777114680538#9
0000 0032 2000 0000 0000 0000#1626598087780423#-45.5#2.2580197197676637#9
FFFF FFFF FFFF FFFF FFFF FFFF#1626598087782317#-68.5#6.234097921967246#9
0000 0030 2000 0000 0000 0000#1626598088047849#-44.0#3.0925052683774528#9
0000 0032 2000 0000 0000 0000#1626598088048978#-41.5#2.386874105950058#9
FFFF FFFF FFFF FFFF FFFF FFFF#1626598088050314#-68.0#4.896466674930966#9
0000 003A 2000 0000 0000 0000#1626598088051917#-34.0#2.890019804376548#9
0000 0039 2000 0000 0000 0000#1626598088052955#-42.5#4.172427743048944#9
0000 002D 2000 0000 0000 0000#1626598088054051#-48.0#3.9269908169872414#9
0000 0033 2000 0000 0000 0000#1626598088055112#-42.5#2.1230294104337273#9
0000 0036 2000 0000 0000 0000#1626598088056660#-48.0#0.7424467013366504#9
0000 0034 2000 0000 0000 0000#1626598088058475#-44.5#1.705786636128833#9
0000 003B 2000 0000 0000 0000#1626598088059544#-40.5#3.2397674240144743#9
0000 002F 2000 0000 0000 0000#1626598088060648#-44.5#3.3318062712876126#9
0000 0038 2000 0000 0000 0000#1626598088062443#-47.0#5.2339424482658075#9
0000 0035 2000 0000 0000 0000#1626598088063747#-46.0#1.0246991663076084#9
0000 0031 2000 0000 0000 0000#1626598088066168#-42.5#2.5893595699509624#9
0000 002E 2000 0000 0000 0000#1626598088069436#-45.0#3.6570101983193686#9
0000 0037 2000 0000 0000 0000#1626598088070898#-49.0#6.105243535784852#9
0000 002F 2000 0000 0000 0000#1626598088075617#-44.5#3.3379421944391554#9
0000 002E 2000 0000 0000 0000#1626598088076930#-45.5#3.663146121470911#9
0000 003A 2000 0000 0000 0000#1626598088079304#-34.0#2.9820586516496865#9
0000 0036 2000 0000 0000 0000#1626598088080353#-47.5#0.8406214717613314#9
0000 0033 2000 0000 0000 0000#1626598088081899#-42.5#2.184388641949153#9
0000 0039 2000 0000 0000 0000#1626598088084197#-42.5#4.301282129231338#9
0000 0031 2000 0000 0000 0000#1626598088086245#-42.0#2.6384469551633027#9
0000 0030 2000 0000 0000 0000#1626598088087401#-43.5#3.160000423044421#9
0000 0038 2000 0000 0000 0000#1626598088088945#-47.5#5.387340527054372#9
0000 0032 2000 0000 0000 0000#1626598088090283#-42.0#2.4911847995262812#9
0000 003B 2000 0000 0000 0000#1626598088091363#-40.5#3.3502140407422405#9
0000 002D 2000 0000 0000 0000#1626598088092475#-48.0#3.9944859716542096#9
0000 0035 2000 0000 0000 0000#1626598088093622#-45.5#1.1351457830353744#9
0000 0034 2000 0000 0000 0000#1626598088097091#-44.0#1.8100973297050567#9
0000 0037 2000 0000 0000 0000#1626598088098738#-49.5#6.264777537724958#9
FFFF FFFF FFFF FFFF FFFF FFFF#1626598088100176#-68.0#4.822835597112456#9
0000 002F 2000 0000 0000 0000#1626598088363699#-42.0#4.97623367590102#9
0000 0039 2000 0000 0000 0000#1626598088364994#-41.5#0.5399612373357456#9
0000 0033 2000 0000 0000 0000#1626598088366627#-40.5#4.04357335686655#9
0000 0036 2000 0000 0000 0000#1626598088369102#-43.0#2.9329712664373457#9
0000 0037 2000 0000 0000 0000#1626598088370475#-45.0#2.282563412373834#9
0000 003A 2000 0000 0000 0000#1626598088371525#-33.5#5.442563835418255#9
FFFF FFFF FFFF FFFF FFFF FFFF#1626598088372520#-68.5#0.25770877236478773#9
0000 0035 2000 0000 0000 0000#1626598088375753#-42.5#3.141592653589793#9
0000 0032 2000 0000 0000 0000#1626598088377399#-39.0#4.301282129231338#9
0000 002D 2000 0000 0000 0000#1626598088378496#-47.0#5.45483568172134#9
0000 0034 2000 0000 0000 0000#1626598088379599#-40.5#3.650874275167826#9
0000 0031 2000 0000 0000 0000#1626598088380653#-39.5#4.430136515413731#9
0000 003B 2000 0000 0000 0000#1626598088381733#-39.0#5.485515297479052#9
0000 0038 2000 0000 0000 0000#1626598088382772#-44.5#1.748738098189631#9
0000 0030 2000 0000 0000 0000#1626598088384507#-41.0#4.853515212870168#9
0000 002E 2000 0000 0000 0000#1626598088385815#-43.0#5.240078371417351#9
FFFF FFFF FFFF FFFF FFFF FFFF#1626598088390609#-69.0#0.09203884727313846#9
0000 0036 2000 0000 0000 0000#1626598088391905#-43.0#3.0127382674073995#9
0000 0033 2000 0000 0000 0000#1626598088393392#-39.5#4.111068511533518#9
0000 0035 2000 0000 0000 0000#1626598088394524#-40.5#3.1906800388021335#9
0000 002F 2000 0000 0000 0000#1626598088395587#-42.0#5.0253210611133605#9
0000 0032 2000 0000 0000 0000#1626598088396893#-39.0#4.325825821837508#9
0000 0034 2000 0000 0000 0000#1626598088397943#-41.0#3.6876898140770815#9
0000 0030 2000 0000 0000 0000#1626598088399754#-41.0#4.890330751779424#9
0000 003A 2000 0000 0000 0000#1626598088401030#-33.5#5.565282298449106#9
0000 0039 2000 0000 0000 0000#1626598088402312#-42.0#0.7363107781851077#9
0000 0031 2000 0000 0000 0000#1626598088403864#-39.5#4.460816131171445#9
0000 0037 2000 0000 0000 0000#1626598088404941#-44.5#2.411417798556228#9
0000 003B 2000 0000 0000 0000#1626598088406026#-39.0#5.583690067903734#9
0000 002E 2000 0000 0000 0000#1626598088410113#-43.0#5.289165756629691#9
0000 0038 2000 0000 0000 0000#1626598088411279#-44.0#1.8775924843720249#9
0000 002D 2000 0000 0000 0000#1626598088412302#-47.0#5.50392306693368#9
FFFF FFFF FFFF FFFF FFFF FFFF#1626598088678301#-68.5#5.93343768754166#9
0000 002D 2000 0000 0000 0000#1626598088679639#-46.0#5.540738605842936#9
0000 0036 2000 0000 0000 0000#1626598088680660#-39.5#3.5342917352885173#9
0000 0031 2000 0000 0000 0000#1626598088683697#-38.5#4.749204519293945#9
0000 0032 2000 0000 0000 0000#1626598088684745#-38.5#4.675573441475434#9
0000 0035 2000 0000 0000 0000#1626598088685780#-38.5#3.663146121470911#9
0000 0030 2000 0000 0000 0000#1626598088687573#-39.5#5.111223985234957#9
0000 0034 2000 0000 0000 0000#1626598088688610#-38.5#4.104932588381976#9
0000 002E 2000 0000 0000 0000#1626598088689680#-42.5#5.405748296509#9
0000 0033 2000 0000 0000 0000#1626598088690701#-38.0#4.473087977474529#9
0000 0038 2000 0000 0000 0000#1626598088692250#-40.5#2.6139032625571326#9
0000 003A 2000 0000 0000 0000#1626598088693327#-32.0#0.4724660826687775#9
0000 0039 2000 0000 0000 0000#1626598088694637#-38.5#1.7794177139473437#9
0000 003B 2000 0000 0000 0000#1626598088695675#-38.5#0.4049709280018093#9
0000 002F 2000 0000 0000 0000#1626598088697918#-41.0#5.227806525114265#9
0000 0037 2000 0000 0000 0000#1626598088701520#-41.5#3.0495538063166547#9
0000 0033 2000 0000 0000 0000#1626598088706754#-38.0#4.491495746929157#9
0000 003B 2000 0000 0000 0000#1626598088708051#-38.0#0.4479223900626072#9
FFFF FFFF FFFF FFFF FFFF FFFF#1626598088709101#-69.0#6.050020227420969#9
0000 0038 2000 0000 0000 0000#1626598088710136#-41.0#2.650718801466388#9
0000 0030 2000 0000 0000 0000#1626598088711191#-39.5#5.141903600992669#9
0000 002F 2000 0000 0000 0000#1626598088712456#-41.0#5.258486140871978#9
0000 002E 2000 0000 0000 0000#1626598088714758#-42.5#5.43029198911517#9
0000 003A 2000 0000 0000 0000#1626598088716558#-31.5#0.5645049299419159#9
0000 0039 2000 0000 0000 0000#1626598088717873#-38.0#1.8407769454627694#9
0000 0036 2000 0000 0000 0000#1626598088719209#-39.5#3.6079228131070282#9
0000 0034 2000 0000 0000 0000#1626598088720271#-38.0#4.154019973594316#9
0000 0037 2000 0000 0000 0000#1626598088732698#-40.5#2.6813984172241008#9
0000 0031 2000 0000 0000 0000#1626598088733765#-38.5#4.405592822807561#9
0000 0032 2000 0000 0000 0000#1626598088735339#-37.5#4.325825821837508#9
0000 0035 2000 0000 0000 0000#1626598088736885#-38.5#3.3379421944391554#9
0000 002D 2000 0000 0000 0000#1626598088738208#-45.5#5.178719139901925#9
FFFF FFFF FFFF FFFF FFFF FFFF#1626598089006622#-68.0#5.583690067903734#9
0000 0033 2000 0000 0000 0000#1626598089007791#-36.0#4.755340442445488#9
0000 003B 2000 0000 0000 0000#1626598089008874#-36.0#1.4542137869155878#9
0000 0039 2000 0000 0000 0000#1626598089010624#-35.0#2.429825568010856#9
0000 0031 2000 0000 0000 0000#1626598089011692#-37.5#4.988505522204105#9
0000 0032 2000 0000 0000 0000#1626598089012849#-35.5#4.921010367537137#9
0000 003A 2000 0000 0000 0000#1626598089014129#-29.0#1.423534171157875#9
0000 0034 2000 0000 0000 0000#1626598089015319#-35.5#4.405592822807561#9
0000 0035 2000 0000 0000 0000#1626598089017578#-36.5#4.0128937411088375#9
0000 0038 2000 0000 0000 0000#1626598089019894#-37.5#3.1231848841351653#9
0000 0037 2000 0000 0000 0000#1626598089020959#-38.0#3.448388811166921#9
0000 0036 2000 0000 0000 0000#1626598089022692#-38.0#3.933126740138784#9
0000 0030 2000 0000 0000 0000#1626598089024631#-38.5#5.2768939103266055#9
0000 002F 2000 0000 0000 0000#1626598089027168#-40.5#5.3627968344482015#9
0000 002E 2000 0000 0000 0000#1626598089028210#-42.0#5.448699758569798#9
0000 002D 2000 0000 0000 0000#1626598089029549#-45.5#5.553010452146021#9
0000 0036 2000 0000 0000 0000#1626598089034708#-37.5#3.9453985864418692#9
0000 0039 2000 0000 0000 0000#1626598089035802#-34.5#2.497320722677824#9
0000 0032 2000 0000 0000 0000#1626598089037319#-36.5#4.95168998329485#9
0000 0037 2000 0000 0000 0000#1626598089039255#-38.0#3.479068426924634#9
0000 0030 2000 0000 0000 0000#1626598089040314#-38.5#5.289165756629691#9
0000 002F 2000 0000 0000 0000#1626598089041346#-40.5#5.375068680751287#9
0000 003B 2000 0000 0000 0000#1626598089042916#-36.0#1.5892040962495242#9
0000 0034 2000 0000 0000 0000#1626598089044930#-36.5#4.460816131171445#9
0000 0031 2000 0000 0000 0000#1626598089045941#-37.0#5.0253210611133605#9
0000 002E 2000 0000 0000 0000#1626598089047239#-42.0#5.45483568172134#9
0000 003A 2000 0000 0000 0000#1626598089048530#-29.0#1.552388557340269#9
0000 002D 2000 0000 0000 0000#1626598089049640#-45.5#5.540738605842936#9
0000 0035 2000 0000 0000 0000#1626598089052355#-36.5#4.0558452031696355#9
0000 0038 2000 0000 0000 0000#1626598089054488#-37.5#3.2029518851052186#9
0000 0033 2000 0000 0000 0000#1626598089056235#-36.5#4.816699673960914#9
FFFF FFFF FFFF FFFF FFFF FFFF#1626598089057304#-68.0#5.675728915176872#9
0000 002D 2000 0000 0000 0000#1626598089335712#-46.0#5.197126909356553#9
0000 0031 2000 0000 0000 0000#1626598089337241#-37.5#4.9823695990525625#9
0000 002E 2000 0000 0000 0000#1626598089338577#-42.0#5.166447293598839#9
FFFF FFFF FFFF FFFF FFFF FFFF#1626598089339700#-66.5#4.945554060143307#9
0000 003B 2000 0000 0000 0000#1626598089341039#-33.5#2.184388641949153#9
0000 0039 2000 0000 0000 0000#1626598089342120#-32.5#2.791845033951867#9
0000 0032 2000 0000 0000 0000#1626598089343925#-37.0#4.92714629068868#9
0000 003A 2000 0000 0000 0000#1626598089344958#-26.5#2.024854640009046#9
0000 0037 2000 0000 0000 0000#1626598089348833#-36.5#3.5772431973493153#9
0000 0035 2000 0000 0000 0000#1626598089350127#-36.0#4.111068511533518#9
0000 0036 2000 0000 0000 0000#1626598089351176#-37.0#4.01902966426038#9
0000 002F 2000 0000 0000 0000#1626598089352497#-40.5#5.190990986205009#9
0000 0033 2000 0000 0000 0000#1626598089353530#-37.0#4.859651136021712#9
0000 0030 2000 0000 0000 0000#1626598089355499#-39.0#5.1725832167503825#9
0000 0038 2000 0000 0000 0000#1626598089357193#-35.5#3.3624858870453256#9
0000 0034 2000 0000 0000 0000#1626598089359380#-36.5#4.509903516383785#9
0000 0036 2000 0000 0000 0000#1626598089364212#-37.0#4.037437433715008#9
0000 0034 2000 0000 0000 0000#1626598089365318#-35.5#4.516039439535327#9
0000 0038 2000 0000 0000 0000#1626598089366611#-35.0#3.368621810196868#9
0000 0037 2000 0000 0000 0000#1626598089367748#-36.5#3.6079228131070282#9
0000 0032 2000 0000 0000 0000#1626598089368851#-37.0#4.970097752749477#9
0000 0039 2000 0000 0000 0000#1626598089371143#-32.5#2.84706834231575#9
0000 003A 2000 0000 0000 0000#1626598089373343#-26.0#2.110757564130642#9
0000 002E 2000 0000 0000 0000#1626598089375396#-42.5#5.160311370447297#9
0000 003B 2000 0000 0000 0000#1626598089376692#-33.5#2.313243028131547#9
0000 002D 2000 0000 0000 0000#1626598089378763#-46.0#5.166447293598839#9
0000 0030 2000 0000 0000 0000#1626598089381235#-39.0#5.184855063053467#9
0000 0035 2000 0000 0000 0000#1626598089382257#-36.5#4.166291819897402#9
0000 0031 2000 0000 0000 0000#1626598089384118#-37.5#5.00077736850719#9
0000 002F 2000 0000 0000 0000#1626598089385626#-41.0#5.197126909356553#9
0000 0033 2000 0000 0000 0000#1626598089387010#-36.0#4.890330751779424#9
FFFF FFFF FFFF FFFF FFFF FFFF#1626598089389215#-68.5#4.908738521234052#9
0000 003A 2000 0000 0000 0000#1626598089652792#-26.0#3.6447383520162835#9
0000 0035 2000 0000 0000 0000#1626598089653897#-36.0#5.21553467881118#9
0000 0032 2000 0000 0000 0000#1626598089655456#-38.0#5.859806609723149#9
0000 0038 2000 0000 0000 0000#1626598089656522#-35.0#4.6878452877785195#9
0000 0030 2000 0000 0000 0000#1626598089659002#-40.5#5.939573610693203#9
0000 0036 2000 0000 0000 0000#1626598089660791#-36.5#5.148039524144211#9
0000 0031 2000 0000 0000 0000#1626598089661871#-39.0#5.835262917116979#9
0000 0037 2000 0000 0000 0000#1626598089663420#-36.0#4.828971520263998#9
0000 0039 2000 0000 0000 0000#1626598089664729#-31.5#4.276738436625168#9
0000 003B 2000 0000 0000 0000#1626598089667503#-32.5#3.988350048502667#9
FFFF FFFF FFFF FFFF FFFF FFFF#1626598089668542#-68.5#0.11658253987930872#9
0000 002D 2000 0000 0000 0000#1626598089670447#-48.0#5.706408530934585#9
0000 0034 2000 0000 0000 0000#1626598089672347#-37.5#5.534602682691394#9
0000 002E 2000 0000 0000 0000#1626598089674090#-43.5#5.7616318392984684#9
0000 002F 2000 0000 0000 0000#1626598089676767#-42.5#5.921165841238575#9
0000 0033 2000 0000 0000 0000#1626598089679338#-38.0#5.822991070813893#9
0000 002F 2000 0000 0000 0000#1626598089683187#-42.5#5.902758071783947#9
0000 003A 2000 0000 0000 0000#1626598089685004#-26.0#3.7122335066832517#9
0000 002E 2000 0000 0000 0000#1626598089686573#-44.0#5.749359992995383#9
0000 0038 2000 0000 0000 0000#1626598089687568#-35.0#4.693981210930062#9
0000 0035 2000 0000 0000 0000#1626598089689100#-36.0#5.21553467881118#9
0000 002D 2000 0000 0000 0000#1626598089690441#-48.0#5.663457068873787#9
0000 0030 2000 0000 0000 0000#1626598089692253#-40.5#5.915029918087033#9
0000 0031 2000 0000 0000 0000#1626598089693305#-39.0#5.816855147662351#9
0000 0037 2000 0000 0000 0000#1626598089694625#-36.0#4.859651136021712#9
0000 003B 2000 0000 0000 0000#1626598089695710#-32.0#4.061981126321178#9
0000 0039 2000 0000 0000 0000#1626598089698479#-31.5#4.313553975534423#9
0000 0032 2000 0000 0000 0000#1626598089699511#-38.5#5.829126993965437#9
0000 0034 2000 0000 0000 0000#1626598089700918#-38.0#5.540738605842936#9
FFFF FFFF FFFF FFFF FFFF FFFF#1626598089701982#-69.5#0.03681553890925539#9
0000 0036 2000 0000 0000 0000#1626598089703515#-36.5#5.1725832167503825#9
0000 0033 2000 0000 0000 0000#1626598089707541#-38.0#5.829126993965437#9
0000 002E 2000 0000 0000 0000#1626598089973735#-46.0#4.798291904506286#9
0000 002F 2000 0000 0000 0000#1626598089975184#-44.0#5.00077736850719#9
0000 0030 2000 0000 0000 0000#1626598089976183#-42.0#5.086680292628786#9
0000 0037 2000 0000 0000 0000#1626598089977262#-36.0#4.466952054322987#9
0000 0036 2000 0000 0000 0000#1626598089978311#-37.5#4.6878452877785195#9
0000 003B 2000 0000 0000 0000#1626598089979666#-32.5#4.037437433715008#9
FFFF FFFF FFFF FFFF FFFF FFFF#1626598089980987#-68.0#5.21553467881118#9
0000 002D 2000 0000 0000 0000#1626598089982037#-50.5#4.651029748869264#9
0000 003A 2000 0000 0000 0000#1626598089983128#-26.0#3.5772431973493153#9
0000 0032 2000 0000 0000 0000#1626598089984410#-39.5#5.0682725231741586#9
0000 0035 2000 0000 0000 0000#1626598089985489#-37.0#4.693981210930062#9
0000 0038 2000 0000 0000 0000#1626598089986526#-34.5#4.411728745959104#9
0000 0039 2000 0000 0000 0000#1626598089987965#-32.5#4.086524818927348#9
0000 0031 2000 0000 0000 0000#1626598089989270#-40.0#5.013049214810275#9
0000 0033 2000 0000 0000 0000#1626598089991507#-39.0#5.098952138931871#9
0000 0034 2000 0000 0000 0000#1626598089994361#-37.5#4.908738521234052#9
0000 0034 2000 0000 0000 0000#1626598089999607#-37.5#4.902602598082509#9
0000 0039 2000 0000 0000 0000#1626598090000920#-32.0#4.104932588381976#9
0000 003A 2000 0000 0000 0000#1626598090002553#-26.0#3.5956509668039427#9
0000 002F 2000 0000 0000 0000#1626598090003558#-44.0#4.945554060143307#9
0000 0037 2000 0000 0000 0000#1626598090004638#-36.0#4.466952054322987#9
0000 0038 2000 0000 0000 0000#1626598090005717#-35.0#4.424000592262189#9
0000 0035 2000 0000 0000 0000#1626598090007000#-37.0#4.693981210930062#9
0000 003B 2000 0000 0000 0000#1626598090008819#-32.5#4.09266074207889#9
0000 0032 2000 0000 0000 0000#1626598090009867#-39.5#5.019185137961818#9
0000 0030 2000 0000 0000 0000#1626598090012518#-42.0#5.013049214810275#9
0000 0036 2000 0000 0000 0000#1626598090013846#-37.5#4.669437518323892#9
0000 002D 2000 0000 0000 0000#1626598090015227#-50.5#4.614214209960009#9
0000 002E 2000 0000 0000 0000#1626598090016298#-46.5#4.724660826687775#9
FFFF FFFF FFFF FFFF FFFF FFFF#1626598090017930#-69.0#5.313709449235861#9
0000 0033 2000 0000 0000 0000#1626598090018980#-39.0#5.074408446325701#9
0000 0031 2000 0000 0000 0000#1626598090020060#-40.5#4.957825906446392#9
0000 002D 2000 0000 0000 0000#1626598090283191#-52.5#4.2031073588066565#9
0000 0031 2000 0000 0000 0000#1626598090284754#-42.0#4.779884135051658#9
0000 0035 2000 0000 0000 0000#1626598090285788#-36.5#4.681709364626977#9
0000 003A 2000 0000 0000 0000#1626598090286878#-26.0#4.061981126321178#9
0000 0032 2000 0000 0000 0000#1626598090287911#-41.0#4.853515212870168#9
0000 0038 2000 0000 0000 0000#1626598090289973#-34.5#4.669437518323892#9
0000 0036 2000 0000 0000 0000#1626598090291024#-37.0#4.718524903536232#9
0000 0039 2000 0000 0000 0000#1626598090292360#-31.5#4.448544284868359#9
0000 002E 2000 0000 0000 0000#1626598090294368#-48.0#4.381049130201391#9
0000 0037 2000 0000 0000 0000#1626598090295447#-35.5#4.632621979414636#9
0000 0033 2000 0000 0000 0000#1626598090297235#-39.5#4.933282213840222#9
0000 0034 2000 0000 0000 0000#1626598090298314#-37.5#4.816699673960914#9
0000 003B 2000 0000 0000 0000#1626598090300363#-33.0#4.681709364626977#9
0000 0030 2000 0000 0000 0000#1626598090301419#-44.5#4.7307967498393175#9
FFFF FFFF FFFF FFFF FFFF FFFF#1626598090304422#-69.0#5.626641529964532#9
0000 002F 2000 0000 0000 0000#1626598090307073#-46.5#4.626486056263094#9
0000 0037 2000 0000 0000 0000#1626598090312027#-35.5#4.626486056263094#9
0000 0035 2000 0000 0000 0000#1626598090313077#-36.5#4.675573441475434#9
0000 002E 2000 0000 0000 0000#1626598090314415#-48.0#4.313553975534423#9
FFFF FFFF FFFF FFFF FFFF FFFF#1626598090315438#-69.5#5.780039608753096#9
0000 0039 2000 0000 0000 0000#1626598090316489#-31.5#4.448544284868359#9
0000 0036 2000 0000 0000 0000#1626598090318078#-37.0#4.6878452877785195#9
0000 0034 2000 0000 0000 0000#1626598090320384#-38.0#4.779884135051658#9
0000 002F 2000 0000 0000 0000#1626598090321464#-46.5#4.595806440505381#9
0000 002D 2000 0000 0000 0000#1626598090322560#-53.0#4.104932588381976#9
0000 0033 2000 0000 0000 0000#1626598090324574#-39.5#4.896466674930966#9
0000 0031 2000 0000 0000 0000#1626598090325655#-42.5#4.71238898038469#9
0000 003A 2000 0000 0000 0000#1626598090326644#-26.0#4.09266074207889#9
0000 0032 2000 0000 0000 0000#1626598090331390#-41.0#4.779884135051658#9
0000 0038 2000 0000 0000 0000#1626598090332542#-34.5#4.657165672020807#9
0000 003B 2000 0000 0000 0000#1626598090333582#-33.0#4.693981210930062#9
0000 0030 2000 0000 0000 0000#1626598090335280#-45.0#4.6878452877785195#9
0000 003A 2000 0000 0000 0000#1626598090599292#-26.0#3.77972866135022#9
0000 003B 2000 0000 0000 0000#1626598090600594#-32.0#4.509903516383785#9
0000 002E 2000 0000 0000 0000#1626598090602489#-51.5#3.0802334220743677#9
0000 002F 2000 0000 0000 0000#1626598090603610#-49.5#3.436116964863836#9
0000 0037 2000 0000 0000 0000#1626598090604940#-35.5#4.01902966426038#9
0000 0033 2000 0000 0000 0000#1626598090606512#-41.5#4.025165587411922#9
0000 002D 2000 0000 0000 0000#1626598090607848#-56.0#2.742757648739526#9
0000 0034 2000 0000 0000 0000#1626598090609448#-39.0#3.9638063558964967#9
0000 0032 2000 0000 0000 0000#1626598090610495#-43.5#3.816544200259475#9
0000 0031 2000 0000 0000 0000#1626598090611577#-44.5#3.6692820446224537#9
0000 0039 2000 0000 0000 0000#1626598090612886#-31.5#4.049709280018092#9
0000 0038 2000 0000 0000 0000#1626598090615461#-33.5#4.129476280988146#9
0000 0030 2000 0000 0000 0000#1626598090618108#-47.0#3.5895150436524004#9
0000 0035 2000 0000 0000 0000#1626598090619473#-37.0#3.890175278077986#9
0000 0036 2000 0000 0000 0000#1626598090621958#-37.0#3.9699422790480394#9
0000 003A 2000 0000 0000 0000#1626598090629904#-26.0#3.792000507653305#9
0000 002E 2000 0000 0000 0000#1626598090631330#-51.5#2.9575149590435164#9
0000 0034 2000 0000 0000 0000#1626598090632723#-38.0#3.9269908169872414#9
0000 002D 2000 0000 0000 0000#1626598090633789#-56.0#2.6384469551633027#9
0000 0039 2000 0000 0000 0000#1626598090634886#-31.0#4.031301510563465#9
0000 0035 2000 0000 0000 0000#1626598090635935#-37.0#3.865631585471816#9
0000 003B 2000 0000 0000 0000#1626598090636945#-32.0#4.522175362686871#9
0000 0030 2000 0000 0000 0000#1626598090638423#-47.5#3.5281558121369745#9
0000 0038 2000 0000 0000 0000#1626598090639475#-33.5#4.111068511533518#9
0000 002F 2000 0000 0000 0000#1626598090641296#-50.0#3.313398501832985#9
0000 0032 2000 0000 0000 0000#1626598090642640#-43.5#3.718369429834794#9
0000 0031 2000 0000 0000 0000#1626598090644677#-44.5#3.5588354278946874#9
0000 0033 2000 0000 0000 0000#1626598090646223#-42.0#3.9515345095934116#9
0000 0037 2000 0000 0000 0000#1626598090647671#-35.5#3.9576704327449543#9
0000 0036 2000 0000 0000 0000#1626598090649378#-37.5#3.9269908169872414#9
0000 0032 2000 0000 0000 0000#1626598090916309#-43.5#3.6386024288647407#9
0000 0039 2000 0000 0000 0000#1626598090918386#-30.5#4.632621979414636#9
0000 0030 2000 0000 0000 0000#1626598090919755#-49.5#3.2459033471660166#9
0000 0031 2000 0000 0000 0000#1626598090920823#-46.0#3.423845118560751#9
0000 0034 2000 0000 0000 0000#1626598090923122#-39.5#4.04357335686655#9
0000 0038 2000 0000 0000 0000#1626598090924701#-33.5#4.601942363656923#9
0000 003A 2000 0000 0000 0000#1626598090926780#-25.0#4.565126824747668#9
0000 003B 2000 0000 0000 0000#1626598090928511#-31.0#5.332117218690489#9
0000 0033 2000 0000 0000 0000#1626598090929867#-43.5#3.933126740138784#9
0000 002D 2000 0000 0000 0000#1626598090931390#-58.0#2.043262409463674#9
0000 002F 2000 0000 0000 0000#1626598090932436#-51.5#2.9513790358919736#9
0000 0036 2000 0000 0000 0000#1626598090933729#-37.0#4.190835512503572#9
0000 0037 2000 0000 0000 0000#1626598090937905#-34.5#4.3503695144436785#9
0000 002E 2000 0000 0000 0000#1626598090939590#-54.0#2.423689644859313#9
0000 0035 2000 0000 0000 0000#1626598090941167#-37.0#4.049709280018092#9
0000 0036 2000 0000 0000 0000#1626598090946294#-37.0#4.166291819897402#9
0000 0031 2000 0000 0000 0000#1626598090948004#-47.0#3.3379421944391554#9
0000 002F 2000 0000 0000 0000#1626598090949053#-52.0#2.8961557275280905#9
0000 003B 2000 0000 0000 0000#1626598090950131#-31.0#5.344389064993574#9
0000 0032 2000 0000 0000 0000#1626598090951810#-43.5#3.5158839658338894#9
0000 003A 2000 0000 0000 0000#1626598090952870#-25.0#4.540583132141498#9
0000 0038 2000 0000 0000 0000#1626598090954935#-33.0#4.546719055293041#9
0000 0039 2000 0000 0000 0000#1626598090956287#-30.5#4.601942363656923#9
0000 0035 2000 0000 0000 0000#1626598090957379#-37.5#4.000621894805752#9
0000 0034 2000 0000 0000 0000#1626598090958499#-40.0#3.9392626632903265#9
0000 002D 2000 0000 0000 0000#1626598090959855#-58.0#1.8653206380689396#9
0000 0037 2000 0000 0000 0000#1626598090960947#-35.0#4.295146206079795#9
0000 0033 2000 0000 0000 0000#1626598090962228#-43.5#3.77972866135022#9
0000 0030 2000 0000 0000 0000#1626598090963909#-50.5#3.031146036862027#9
0000 002E 2000 0000 0000 0000#1626598090965436#-53.5#2.2580197197676637#9
0000 0038 2000 0000 0000 0000#1626598091234083#-34.5#3.454524734318464#9
0000 0039 2000 0000 0000 0000#1626598091235721#-31.5#3.5588354278946874#9
0000 0034 2000 0000 0000 0000#1626598091237675#-40.5#2.5402721847386216#9
0000 002E 2000 0000 0000 0000#1626598091238760#-49.0#5.994796919057086#9
0000 0036 2000 0000 0000 0000#1626598091240940#-38.5#2.82252464970958#9
0000 0032 2000 0000 0000 0000#1626598091242029#-47.5#1.8100973297050567#9
0000 0035 2000 0000 0000 0000#1626598091244752#-38.5#2.6261751088602177#9
0000 0037 2000 0000 0000 0000#1626598091245834#-37.0#3.08636934522591#9
0000 002F 2000 0000 0000 0000#1626598091247237#-54.0#0.8099418560036186#9
0000 003B 2000 0000 0000 0000#1626598091248561#-31.5#4.632621979414636#9
0000 0033 2000 0000 0000 0000#1626598091249608#-46.0#2.2027964114037806#9
0000 003A 2000 0000 0000 0000#1626598091250911#-25.5#3.6263305825616556#9
0000 0031 2000 0000 0000 0000#1626598091252019#-50.0#1.4848934026733007#9
0000 0030 2000 0000 0000 0000#1626598091253219#-52.5#0.9081166264282996#9
0000 002D 2000 0000 0000 0000#1626598091254740#-47.0#5.4671075280244255#9
FFFF FFFF FFFF FFFF FFFF FFFF#1626598091256177#-69.5#5.921165841238575#9
0000 002F 2000 0000 0000 0000#1626598091260197#-54.0#0.7485826244881929#9
0000 0039 2000 0000 0000 0000#1626598091261557#-31.5#3.5036121195308043#9
0000 0030 2000 0000 0000 0000#1626598091262865#-53.0#0.8713010875190442#9
0000 0033 2000 0000 0000 0000#1626598091264185#-46.0#2.1537090261914402#9
0000 0036 2000 0000 0000 0000#1626598091266508#-38.5#2.7550294950426117#9
0000 002D 2000 0000 0000 0000#1626598091267606#-46.0#5.3627968344482015#9
0000 0035 2000 0000 0000 0000#1626598091268682#-39.0#2.564815877344792#9
0000 003A 2000 0000 0000 0000#1626598091270982#-25.5#3.5833791205008576#9
0000 003B 2000 0000 0000 0000#1626598091272505#-31.5#4.620350133111551#9
0000 002E 2000 0000 0000 0000#1626598091273573#-47.5#5.64504929941916#9
0000 0034 2000 0000 0000 0000#1626598091277334#-42.0#2.399145952253143#9
0000 0038 2000 0000 0000 0000#1626598091278870#-35.0#3.3502140407422405#9
0000 0037 2000 0000 0000 0000#1626598091279891#-37.0#3.0066023442558567#9
0000 0031 2000 0000 0000 0000#1626598091282301#-50.0#1.3069516312785663#9
0000 0032 2000 0000 0000 0000#1626598091283332#-48.5#1.6260196351587797#9
FFFF FFFF FFFF FFFF FFFF FFFF#1626598091284498#-68.0#5.878214379177777#9
0000 003B 2000 0000 0000 0000#1626598091548724#-32.5#4.466952054322987#9
0000 002D 2000 0000 0000 0000#1626598091549808#-52.5#4.4976316700806995#9
0000 0034 2000 0000 0000 0000#1626598091551168#-44.0#1.736466251886546#9
0000 0035 2000 0000 0000 0000#1626598091552230#-41.0#1.9941750242513334#9
0000 0038 2000 0000 0000 0000#1626598091553354#-36.0#2.9268353432858034#9
0000 0030 2000 0000 0000 0000#1626598091554667#-43.0#4.847379289718626#9
0000 0037 2000 0000 0000 0000#1626598091555774#-38.0#2.564815877344792#9
0000 003A 2000 0000 0000 0000#1626598091556863#-26.5#3.2888548092268146#9
0000 0036 2000 0000 0000 0000#1626598091558213#-41.0#2.184388641949153#9
0000 0033 2000 0000 0000 0000#1626598091559301#-49.0#1.086058397823034#9
0000 0032 2000 0000 0000 0000#1626598091561071#-50.0#0.2699806186678728#9
0000 002F 2000 0000 0000 0000#1626598091563344#-43.5#4.657165672020807#9
0000 0031 2000 0000 0000 0000#1626598091564650#-50.0#6.031612457966341#9
0000 002E 2000 0000 0000 0000#1626598091567213#-46.5#4.430136515413731#9
FFFF FFFF FFFF FFFF FFFF FFFF#1626598091568880#-68.5#6.2034183062095325#9
0000 0039 2000 0000 0000 0000#1626598091570503#-33.5#3.0925052683774528#9
0000 0032 2000 0000 0000 0000#1626598091579778#-50.5#0.14112623248547898#9
0000 002F 2000 0000 0000 0000#1626598091581100#-43.0#4.577398671050753#9
0000 003B 2000 0000 0000 0000#1626598091582150#-32.5#4.411728745959104#9
0000 0038 2000 0000 0000 0000#1626598091584842#-36.5#2.859340188618835#9
0000 003A 2000 0000 0000 0000#1626598091586199#-27.0#3.215223731408304#9
0000 0039 2000 0000 0000 0000#1626598091595430#-33.5#2.429825568010856#9
0000 0037 2000 0000 0000 0000#1626598091598910#-39.0#1.8960002538266525#9
0000 0034 2000 0000 0000 0000#1626598091599999#-45.5#0.9387962421860124#9
0000 0031 2000 0000 0000 0000#1626598091601250#-49.0#5.062136600022616#9
0000 0036 2000 0000 0000 0000#1626598091602776#-42.5#1.4664856332186729#9
0000 0030 2000 0000 0000 0000#1626598091604177#-43.0#3.9699422790480394#9
0000 0035 2000 0000 0000 0000#1626598091605211#-42.0#1.239456476611598#9
FFFF FFFF FFFF FFFF FFFF FFFF#1626598091606247#-67.5#5.092816215780329#9
0000 002E 2000 0000 0000 0000#1626598091607328#-49.0#3.724505352986337#9
0000 002D 2000 0000 0000 0000#1626598091608537#-58.0#3.5711072741977725#9
0000 0033 2000 0000 0000 0000#1626598091609627#-50.5#0.16566992509164924#9
0000 0034 2000 0000 0000 0000#1626598091873904#-46.5#5.7616318392984684#9
0000 003B 2000 0000 0000 0000#1626598091874957#-34.5#3.5158839658338894#9
0000 0035 2000 0000 0000 0000#1626598091876077#-46.0#0.17794177139473438#9
0000 0037 2000 0000 0000 0000#1626598091877142#-43.5#1.2455923997631406#9
0000 0032 2000 0000 0000 0000#1626598091878473#-42.0#3.8717675086233583#9
0000 0030 2000 0000 0000 0000#1626598091880013#-49.0#3.5465635815916023#9
0000 002E 2000 0000 0000 0000#1626598091882317#-59.5#2.448233337465483#9
0000 0039 2000 0000 0000 0000#1626598091883384#-36.5#1.9941750242513334#9
0000 003A 2000 0000 0000 0000#1626598091885159#-29.5#2.184388641949153#9
0000 0033 2000 0000 0000 0000#1626598091886236#-43.0#4.448544284868359#9
0000 0036 2000 0000 0000 0000#1626598091888721#-46.5#0.4663301595172349#9
0000 0038 2000 0000 0000 0000#1626598091890147#-41.0#1.7426021750380885#9
FFFF FFFF FFFF FFFF FFFF FFFF#1626598091891254#-68.0#5.289165756629691#9
0000 002D 2000 0000 0000 0000#1626598091893229#-63.0#1.9634954084936207#9
0000 0031 2000 0000 0000 0000#1626598091895287#-41.5#3.5833791205008576#9
0000 002F 2000 0000 0000 0000#1626598091897528#-55.0#3.1661363461959633#9
0000 0038 2000 0000 0000 0000#1626598091905731#-41.5#1.7241944055834606#9
0000 0036 2000 0000 0000 0000#1626598091906785#-46.5#0.34974761963792617#9
0000 002F 2000 0000 0000 0000#1626598091907875#-55.5#3.129320807286708#9
0000 0031 2000 0000 0000 0000#1626598091908970#-41.5#3.5342917352885173#9
0000 0039 2000 0000 0000 0000#1626598091910027#-37.0#1.9389517158874505#9
FFFF FFFF FFFF FFFF FFFF FFFF#1626598091911668#-68.5#5.190990986205009#9
0000 0034 2000 0000 0000 0000#1626598091912755#-46.0#5.436427912266712#9
0000 0030 2000 0000 0000 0000#1626598091913867#-51.5#3.4606606574700063#9
0000 002D 2000 0000 0000 0000#1626598091915390#-63.0#1.6812429435226628#9
0000 003B 2000 0000 0000 0000#1626598091916472#-35.0#3.466796580621549#9
0000 0033 2000 0000 0000 0000#1626598091918531#-41.5#4.23378697456437#9
0000 002E 2000 0000 0000 0000#1626598091919599#-59.5#2.1659808724945253#9
0000 0037 2000 0000 0000 0000#1626598091920649#-44.0#1.0615147052168636#9
0000 0032 2000 0000 0000 0000#1626598091921909#-41.0#3.718369429834794#9
0000 0035 2000 0000 0000 0000#1626598091923668#-46.5#6.129787228391022#9
0000 003A 2000 0000 0000 0000#1626598091925457#-30.0#2.098485717827557#9
0000 0033 2000 0000 0000 0000#1626598092192902#-43.0#4.325825821837508#9
0000 002F 2000 0000 0000 0000#1626598092193951#-61.0#1.761009944492716#9
0000 0030 2000 0000 0000 0000#1626598092202788#-59.0#2.4911847995262812#9
0000 0031 2000 0000 0000 0000#1626598092203851#-55.0#3.2581751934691017#9
0000 0036 2000 0000 0000 0000#1626598092204961#-42.0#5.074408446325701#9
0000 003A 2000 0000 0000 0000#1626598092206494#-34.0#2.000310947402876#9
0000 0037 2000 0000 0000 0000#1626598092207767#-47.0#6.154330920997192#9
0000 003B 2000 0000 0000 0000#1626598092209579#-37.5#3.454524734318464#9
0000 0035 2000 0000 0000 0000#1626598092210699#-40.5#4.693981210930062#9
0000 0032 2000 0000 0000 0000#1626598092212443#-53.0#3.77972866135022#9
0000 0038 2000 0000 0000 0000#1626598092214730#-47.0#0.8344855486097889#9
0000 0039 2000 0000 0000 0000#1626598092216768#-43.5#1.5401167110371838#9
0000 0034 2000 0000 0000 0000#1626598092218311#-39.5#4.276738436625168#9
0000 002D 2000 0000 0000 0000#1626598092220009#-59.5#4.534447208989955#9
0000 002E 2000 0000 0000 0000#1626598092221334#-59.5#5.381204603902829#9
FFFF FFFF FFFF FFFF FFFF FFFF#1626598092224756#-67.5#6.227961998815704#9
0000 0033 2000 0000 0000 0000#1626598092232366#-45.5#4.104932588381976#9
0000 0038 2000 0000 0000 0000#1626598092233475#-47.0#0.6810874698212247#9
0000 0034 2000 0000 0000 0000#1626598092236185#-39.0#4.252194744018997#9
0000 002F 2000 0000 0000 0000#1626598092237220#-61.5#1.1965050145508#9
0000 0030 2000 0000 0000 0000#1626598092238305#-60.0#2.1966604882522383#9
0000 0036 2000 0000 0000 0000#1626598092239325#-41.5#4.896466674930966#9
0000 003B 2000 0000 0000 0000#1626598092240878#-38.0#3.393165502803038#9
0000 0037 2000 0000 0000 0000#1626598092241927#-45.5#5.9088939949354895#9
0000 0035 2000 0000 0000 0000#1626598092243958#-40.0#4.577398671050753#9
0000 003A 2000 0000 0000 0000#1626598092245065#-35.0#1.8775924843720249#9
0000 0039 2000 0000 0000 0000#1626598092246973#-44.0#1.3560390164909069#9
0000 0032 2000 0000 0000 0000#1626598092248005#-54.0#3.6201946594101133#9
0000 0031 2000 0000 0000 0000#1626598092250068#-56.0#2.9513790358919736#9
FFFF FFFF FFFF FFFF FFFF FFFF#1626598092251502#-68.0#0.0674951546669682#9
0000 002D 2000 0000 0000 0000#1626598092252566#-60.0#4.01902966426038#9
0000 002E 2000 0000 0000 0000#1626598092254292#-60.0#5.0253210611133605#9
0000 003A 2000 0000 0000 0000#1626598092517077#-41.5#0.1902136176978195#9
0000 002D 2000 0000 0000 0000#1626598092519709#-61.0#1.012427320004523#9
0000 0033 2000 0000 0000 0000#1626598092520716#-56.0#2.675262494072558#9
0000 0039 2000 0000 0000 0000#1626598092521825#-45.5#5.473243451175968#9
0000 0035 2000 0000 0000 0000#1626598092522902#-46.5#3.650874275167826#9
0000 002F 2000 0000 0000 0000#1626598092523982#-62.5#4.338097668140593#9
0000 003B 2000 0000 0000 0000#1626598092526117#-44.0#2.2027964114037806#9
FFFF FFFF FFFF FFFF FFFF FFFF#1626598092528426#-68.0#5.47937937432751#9
0000 0031 2000 0000 0000 0000#1626598092529491#-58.0#0.4049709280018093#9
0000 0036 2000 0000 0000 0000#1626598092530584#-45.0#3.8288160465625602#9
0000 002E 2000 0000 0000 0000#1626598092531669#-61.5#1.9512235621905356#9
0000 0037 2000 0000 0000 0000#1626598092533346#-43.0#4.3074180523828804#9
0000 0032 2000 0000 0000 0000#1626598092534964#-58.5#1.3008157081270237#9
0000 0034 2000 0000 0000 0000#1626598092536997#-52.5#3.380893656499953#9
0000 0038 2000 0000 0000 0000#1626598092538066#-44.0#4.822835597112456#9
0000 0030 2000 0000 0000 0000#1626598092539253#-63.0#5.190990986205009#9
0000 003B 2000 0000 0000 0000#1626598092544971#-44.0#2.141437179888355#9
0000 0033 2000 0000 0000 0000#1626598092547103#-55.5#2.5402721847386216#9
0000 003A 2000 0000 0000 0000#1626598092548164#-42.0#6.252505691421874#9
FFFF FFFF FFFF FFFF FFFF FFFF#1626598092550185#-67.5#5.681864838328415#9
0000 0034 2000 0000 0000 0000#1626598092551273#-53.0#3.3318062712876126#9
0000 0036 2000 0000 0000 0000#1626598092552864#-46.0#3.77972866135022#9
0000 002E 2000 0000 0000 0000#1626598092554208#-61.5#1.7732817907958012#9
0000 0032 2000 0000 0000 0000#1626598092557574#-57.5#1.1474176293384597#9
0000 0031 2000 0000 0000 0000#1626598092559167#-59.0#0.0674951546669682#9
0000 002F 2000 0000 0000 0000#1626598092560570#-62.0#3.9638063558964967#9
0000 0037 2000 0000 0000 0000#1626598092562349#-43.5#4.25833066717054#9
0000 0035 2000 0000 0000 0000#1626598092563427#-48.5#3.5895150436524004#9
0000 0030 2000 0000 0000 0000#1626598092565025#-63.0#5.031456984264903#9
0000 0038 2000 0000 0000 0000#1626598092566573#-44.0#4.743068596142402#9
0000 0039 2000 0000 0000 0000#1626598092567656#-44.0#5.227806525114265#9
0000 002D 2000 0000 0000 0000#1626598092569236#-60.5#0.5399612373357456#9
0000 0034 2000 0000 0000 0000#1626598092837433#-58.0#0.7915340865489908#9
0000 0030 2000 0000 0000 0000#1626598092838521#-66.5#2.0923497946760143#9
0000 002F 2000 0000 0000 0000#1626598092840067#-63.0#0.8406214717613314#9
0000 0038 2000 0000 0000 0000#1626598092841087#-49.5#3.847223816017188#9
0000 003A 2000 0000 0000 0000#1626598092842137#-39.5#4.227651051412827#9
0000 003B 2000 0000 0000 0000#1626598092843231#-48.5#0.0#9
0000 0033 2000 0000 0000 0000#1626598092844794#-61.5#5.64504929941916#9
0000 0032 2000 0000 0000 0000#1626598092846448#-59.0#4.129476280988146#9
0000 002D 2000 0000 0000 0000#1626598092847771#-58.5#4.632621979414636#9
FFFF FFFF FFFF FFFF FFFF FFFF#1626598092849079#-67.5#4.988505522204105#9
0000 0031 2000 0000 0000 0000#1626598092850881#-59.5#3.3072625786814425#9
0000 0035 2000 0000 0000 0000#1626598092852485#-56.0#1.6689710972195777#9
0000 0039 2000 0000 0000 0000#1626598092854486#-45.5#3.9944859716542096#9
0000 002E 2000 0000 0000 0000#1626598092856254#-59.5#5.098952138931871#9
0000 0037 2000 0000 0000 0000#1626598092857641#-54.5#3.3072625786814425#9
0000 0036 2000 0000 0000 0000#1626598092859818#-56.5#2.2334760271614935#9
0000 0030 2000 0000 0000 0000#1626598092865839#-67.5#1.8960002538266525#9
FFFF FFFF FFFF FFFF FFFF FFFF#1626598092867162#-68.0#4.847379289718626#9
0000 0037 2000 0000 0000 0000#1626598092869320#-55.0#3.2704470397721868#9
0000 0036 2000 0000 0000 0000#1626598092870896#-57.0#2.1537090261914402#9
0000 002D 2000 0000 0000 0000#1626598092872454#-58.0#4.503767593232243#9
0000 003A 2000 0000 0000 0000#1626598092873516#-40.0#4.129476280988146#9
0000 0039 2000 0000 0000 0000#1626598092874584#-46.0#3.9576704327449543#9
0000 0033 2000 0000 0000 0000#1626598092875758#-60.0#5.350524988145116#9
0000 003B 2000 0000 0000 0000#1626598092876825#-47.5#6.086835766330224#9
0000 002E 2000 0000 0000 0000#1626598092877894#-59.5#4.92714629068868#9
0000 002F 2000 0000 0000 0000#1626598092878986#-62.5#0.5154175447295755#9
0000 0032 2000 0000 0000 0000#1626598092880319#-60.5#3.933126740138784#9
0000 0038 2000 0000 0000 0000#1626598092881995#-50.5#3.724505352986337#9
0000 0035 2000 0000 0000 0000#1626598092883921#-57.0#1.4419419406125027#9
0000 0031 2000 0000 0000 0000#1626598092886557#-59.5#2.9575149590435164#9
0000 0034 2000 0000 0000 0000#1626598092887672#-58.5#0.23316507975861744#9
0000 003B 2000 0000 0000 0000#1626598093151782#-46.5#5.252350217720435#9
0000 0037 2000 0000 0000 0000#1626598093154455#-58.5#1.552388557340269#9
0000 0035 2000 0000 0000 0000#1626598093155514#-57.5#5.460971604872882#9
0000 0036 2000 0000 0000 0000#1626598093156621#-59.5#6.264777537724958#9
0000 0038 2000 0000 0000 0000#1626598093157627#-54.5#2.5893595699509624#9
0000 002D 2000 0000 0000 0000#1626598093158709#-61.0#3.706097583531709#9
0000 003A 2000 0000 0000 0000#1626598093161759#-43.5#3.5036121195308043#9
0000 0039 2000 0000 0000 0000#1626598093163068#-51.5#3.11091303783208#9
0000 0030 2000 0000 0000 0000#1626598093164153#-61.0#5.5100589900852235#9
0000 002F 2000 0000 0000 0000#1626598093165317#-57.5#5.074408446325701#9
0000 0031 2000 0000 0000 0000#1626598093166625#-59.0#0.6810874698212247#9
0000 0032 2000 0000 0000 0000#1626598093167957#-61.0#1.5585244804918115#9
0000 0033 2000 0000 0000 0000#1626598093169258#-61.0#2.9575149590435164#9
0000 0034 2000 0000 0000 0000#1626598093171163#-57.0#4.154019973594316#9
0000 002E 2000 0000 0000 0000#1626598093172260#-60.0#4.086524818927348#9
FFFF FFFF FFFF FFFF FFFF FFFF#1626598093173411#-67.5#5.080544369477243#9
0000 002E 2000 0000 0000 0000#1626598093177696#-60.0#4.1172044346850605#9
0000 0037 2000 0000 0000 0000#1626598093178733#-59.0#1.3621749396424494#9
0000 003A 2000 0000 0000 0000#1626598093179780#-43.5#3.442252888015379#9
0000 0031 2000 0000 0000 0000#1626598093180858#-58.5#0.4663301595172349#9
0000 0035 2000 0000 0000 0000#1626598093182661#-57.0#5.270757987175063#9
0000 0038 2000 0000 0000 0000#1626598093183711#-55.0#2.442097414313941#9
0000 003B 2000 0000 0000 0000#1626598093185760#-47.0#5.135767677841127#9
0000 0033 2000 0000 0000 0000#1626598093189129#-59.0#2.834796496012665#9
0000 0039 2000 0000 0000 0000#1626598093190180#-52.0#2.9575149590435164#9
0000 002D 2000 0000 0000 0000#1626598093191764#-61.5#3.5895150436524004#9
0000 0036 2000 0000 0000 0000#1626598093193440#-59.0#5.945709533844745#9
0000 0030 2000 0000 0000 0000#1626598093196322#-60.5#5.393476450205914#9
FFFF FFFF FFFF FFFF FFFF FFFF#1626598093197513#-67.0#5.240078371417351#9
