0000 0038 2000 0000 0000 0000#1626597822637275#-45.0#4.319689898685965#9
0000 0034 2000 0000 0000 0000#1626597822638678#-47.5#6.000932842208628#9
0000 003A 2000 0000 0000 0000#1626597822639998#-44.5#2.7857091108003242#9
0000 002D 2000 0000 0000 0000#1626597822641263#-52.0#3.6815538909255388#9
0000 002E 2000 0000 0000 0000#1626597822643029#-49.0#3.3011266555298997#9
0000 0039 2000 0000 0000 0000#1626597822645493#-44.5#3.749049045592507#9
0000 0033 2000 0000 0000 0000#1626597822647721#-49.5#0.5645049299419159#9
0000 0030 2000 0000 0000 0000#1626597822648819#-50.0#2.5034566458293663#9
0000 002F 2000 0000 0000 0000#1626597822649840#-50.5#2.8102528034064944#9
0000 0036 2000 0000 0000 0000#1626597822651659#-47.0#5.0682725231741586#9
0000 0031 2000 0000 0000 0000#1626597822652737#-50.0#1.5892040962495242#9
0000 0037 2000 0000 0000 0000#1626597822653816#-46.5#4.571262747899211#9
0000 0035 2000 0000 0000 0000#1626597822655151#-47.0#5.1725832167503825#9
0000 0032 2000 0000 0000 0000#1626597822658039#-48.0#1.239456476611598#9
0C21 0537 8123 1003 2202 062F#1626597822662195#-67.5#1.3192234775816514#9
0000 0032 2000 0000 0000 0000#1626597822670151#-49.5#1.2210487071569704#9
0000 0037 2000 0000 0000 0000#1626597822671213#-46.5#4.595806440505381#9
0000 0035 2000 0000 0000 0000#1626597822672782#-46.5#5.190990986205009#9
0000 0036 2000 0000 0000 0000#1626597822674084#-47.0#5.0682725231741586#9
0000 0031 2000 0000 0000 0000#1626597822675452#-50.5#1.6014759425526093#9
0000 0038 2000 0000 0000 0000#1626597822676543#-45.0#4.331961744989051#9
0000 0039 2000 0000 0000 0000#1626597822677558#-45.0#3.730641276137879#9
0000 0034 2000 0000 0000 0000#1626597822678874#-48.5#5.970253226450915#9
0000 003A 2000 0000 0000 0000#1626597822680110#-44.5#2.779573187648782#9
0000 002E 2000 0000 0000 0000#1626597822682035#-48.5#3.3318062712876126#9
0000 002F 2000 0000 0000 0000#1626597822683107#-50.5#2.8102528034064944#9
0000 0030 2000 0000 0000 0000#1626597822684426#-50.0#2.521864415283994#9
0000 002D 2000 0000 0000 0000#1626597822686349#-52.0#3.6815538909255388#9
0000 0033 2000 0000 0000 0000#1626597822687423#-49.5#0.5460971604872883#9
0C21 0537 8123 1003 2202 062F#1626597822688467#-67.5#1.2885438618239387#9
0000 0033 2000 0000 0000 0000#1626597822952565#-49.5#0.380427235395639#9
0000 0034 2000 0000 0000 0000#1626597822954455#-49.0#5.8045833013592665#9
0000 002D 2000 0000 0000 0000#1626597822957664#-51.5#3.5342917352885173#9
0000 0030 2000 0000 0000 0000#1626597822958720#-50.5#2.3623304133438876#9
0000 0039 2000 0000 0000 0000#1626597822959798#-44.5#3.5772431973493153#9
0000 002F 2000 0000 0000 0000#1626597822961345#-50.5#2.6323110320117604#9
0000 003A 2000 0000 0000 0000#1626597822963452#-44.5#2.5954954931025047#9
0000 0037 2000 0000 0000 0000#1626597822965692#-46.5#4.405592822807561#9
0000 0032 2000 0000 0000 0000#1626597822966807#-48.5#1.012427320004523#9
0000 0031 2000 0000 0000 0000#1626597822967825#-50.0#1.3989904785517047#9
0000 0038 2000 0000 0000 0000#1626597822977436#-46.0#3.7429131224409646#9
0000 0036 2000 0000 0000 0000#1626597822980916#-47.5#4.491495746929157#9
0000 0035 2000 0000 0000 0000#1626597822982914#-47.5#4.675573441475434#9
0000 002E 2000 0000 0000 0000#1626597822985739#-49.0#2.718213956133356#9
FFFF FFFF FFFF FFFF FFFF FFFF#1626597822986918#-69.5#5.9518454569962875#9
0000 002E 2000 0000 0000 0000#1626597822991364#-48.5#2.718213956133356#9
0000 003A 2000 0000 0000 0000#1626597822992670#-45.0#2.2027964114037806#9
0000 0036 2000 0000 0000 0000#1626597822993930#-47.5#4.509903516383785#9
0000 0038 2000 0000 0000 0000#1626597822995240#-46.0#3.749049045592507#9
0000 0034 2000 0000 0000 0000#1626597822996344#-49.5#5.399612373357457#9
0000 0033 2000 0000 0000 0000#1626597822999086#-50.5#6.270913460876501#9
0000 002F 2000 0000 0000 0000#1626597823001656#-50.5#2.2089323345553233#9
0000 0039 2000 0000 0000 0000#1626597823003448#-45.5#3.153864499892878#9
0000 002D 2000 0000 0000 0000#1626597823004716#-52.5#3.067961575771282#9
0000 0032 2000 0000 0000 0000#1626597823005960#-50.5#0.6504078540635119#9
0000 0031 2000 0000 0000 0000#1626597823007423#-50.0#1.043106935762236#9
FFFF FFFF FFFF FFFF FFFF FFFF#1626597823009014#-68.5#5.890486225480862#9
0000 0030 2000 0000 0000 0000#1626597823010951#-50.0#1.945087639038993#9
0000 0035 2000 0000 0000 0000#1626597823012297#-47.5#4.651029748869264#9
0000 0037 2000 0000 0000 0000#1626597823013586#-47.5#4.025165587411922#9
0000 0038 2000 0000 0000 0000#1626597823279696#-46.0#3.9822141253511245#9
0000 003B 2000 0000 0000 0000#1626597823281021#-67.0#3.3440781175906977#9
0000 0036 2000 0000 0000 0000#1626597823283643#-47.5#4.792155981354743#9
FFFF FFFF FFFF FFFF FFFF FFFF#1626597823284710#-69.0#6.135923151542564#9
0000 0031 2000 0000 0000 0000#1626597823286262#-50.0#1.3621749396424494#9
0000 002F 2000 0000 0000 0000#1626597823288051#-50.0#2.5280003384355365#9
0000 0035 2000 0000 0000 0000#1626597823289111#-47.0#4.95168998329485#9
0000 0037 2000 0000 0000 0000#1626597823290673#-46.5#4.270602513473625#9
0000 0032 2000 0000 0000 0000#1626597823291762#-49.5#1.0369710126106935#9
0000 002D 2000 0000 0000 0000#1626597823292796#-52.0#3.4177091954092087#9
0000 0039 2000 0000 0000 0000#1626597823293881#-44.5#3.393165502803038#9
0000 003A 2000 0000 0000 0000#1626597823295328#-43.5#2.405281875404685#9
0000 0030 2000 0000 0000 0000#1626597823296640#-50.0#2.2886993355253766#9
0000 0034 2000 0000 0000 0000#1626597823297717#-49.0#5.8475347634200645#9
0000 002E 2000 0000 0000 0000#1626597823301734#-49.0#3.067961575771282#9
0000 0033 2000 0000 0000 0000#1626597823302782#-49.5#0.46019423636569234#9
0000 002F 2000 0000 0000 0000#1626597823306916#-50.0#2.60776733940559#9
0000 003A 2000 0000 0000 0000#1626597823308479#-43.0#2.429825568010856#9
0000 0033 2000 0000 0000 0000#1626597823309497#-49.5#0.47860200582032003#9
0000 0030 2000 0000 0000 0000#1626597823310792#-49.5#2.356194490192345#9
0000 0039 2000 0000 0000 0000#1626597823311892#-44.0#3.411573272257666#9
0000 0035 2000 0000 0000 0000#1626597823313166#-47.5#5.056000676871073#9
0000 002E 2000 0000 0000 0000#1626597823314504#-49.0#3.0802334220743677#9
0000 0034 2000 0000 0000 0000#1626597823316021#-49.0#5.902758071783947#9
0000 002D 2000 0000 0000 0000#1626597823317571#-51.0#3.4913402732277192#9
0000 0037 2000 0000 0000 0000#1626597823318664#-46.5#4.319689898685965#9
FFFF FFFF FFFF FFFF FFFF FFFF#1626597823319943#-69.5#0.0#9
0000 0031 2000 0000 0000 0000#1626597823320977#-49.5#1.5155730184310134#9
0000 0036 2000 0000 0000 0000#1626597823322069#-47.5#4.902602598082509#9
0000 0032 2000 0000 0000 0000#1626597823324167#-47.5#1.2210487071569704#9
0000 0038 2000 0000 0000 0000#1626597823325247#-45.5#4.04357335686655#9
0000 003B 2000 0000 0000 0000#1626597823329085#-61.5#3.104777114680538#9
0000 0038 2000 0000 0000 0000#1626597823594628#-46.5#4.374913207049849#9
0000 0037 2000 0000 0000 0000#1626597823595676#-48.0#5.013049214810275#9
0000 002F 2000 0000 0000 0000#1626597823597239#-46.0#2.9636508821950587#9
0000 0032 2000 0000 0000 0000#1626597823599561#-44.5#1.9573594853420782#9
0000 0039 2000 0000 0000 0000#1626597823600830#-42.0#3.509748042682347#9
0000 003A 2000 0000 0000 0000#1626597823601865#-35.5#2.405281875404685#9
0000 003B 2000 0000 0000 0000#1626597823603680#-44.5#2.773437264497239#9
0000 0036 2000 0000 0000 0000#1626597823605178#-49.5#6.031612457966341#9
0000 0030 2000 0000 0000 0000#1626597823606205#-45.5#2.779573187648782#9
0000 0033 2000 0000 0000 0000#1626597823608715#-46.0#1.6382914814618648#9
0000 0034 2000 0000 0000 0000#1626597823609790#-47.5#1.012427320004523#9
0000 0031 2000 0000 0000 0000#1626597823610827#-45.0#2.2027964114037806#9
0000 0035 2000 0000 0000 0000#1626597823612958#-49.0#0.0859029241215959#9
0000 002D 2000 0000 0000 0000#1626597823614083#-49.0#3.7429131224409646#9
0000 002E 2000 0000 0000 0000#1626597823616005#-45.0#3.4177091954092087#9
0000 002D 2000 0000 0000 0000#1626597823620936#-49.0#3.749049045592507#9
0000 0037 2000 0000 0000 0000#1626597823622723#-48.5#5.148039524144211#9
0000 003B 2000 0000 0000 0000#1626597823624618#-44.0#2.804116880254952#9
0000 0031 2000 0000 0000 0000#1626597823625940#-44.5#2.2396119503130363#9
0000 003A 2000 0000 0000 0000#1626597823627230#-35.0#2.4605051837685683#9
0000 0034 2000 0000 0000 0000#1626597823628748#-47.0#1.1044661672776617#9
0000 002E 2000 0000 0000 0000#1626597823629844#-45.5#3.454524734318464#9
0000 0030 2000 0000 0000 0000#1626597823633293#-45.0#2.8532042654672924#9
0000 0038 2000 0000 0000 0000#1626597823634766#-47.0#4.546719055293041#9
0000 0033 2000 0000 0000 0000#1626597823635869#-45.5#1.748738098189631#9
0000 0032 2000 0000 0000 0000#1626597823637180#-44.0#2.0800779483729293#9
0000 0036 2000 0000 0000 0000#1626597823638571#-49.5#0.01227184630308513#9
0000 0035 2000 0000 0000 0000#1626597823639618#-48.5#0.2638446955163303#9
0000 0039 2000 0000 0000 0000#1626597823641157#-42.5#3.6324665057131984#9
0000 002F 2000 0000 0000 0000#1626597823642293#-46.0#3.098641191528995#9
0C21 0537 8123 1003 2202 062F#1626597823907016#-68.0#1.1596894756415448#9
0000 0037 2000 0000 0000 0000#1626597823909061#-47.5#1.2578642460662257#9
0000 0035 2000 0000 0000 0000#1626597823910079#-45.0#2.3193789512830896#9
0000 003B 2000 0000 0000 0000#1626597823911378#-39.0#4.411728745959104#9
0000 0032 2000 0000 0000 0000#1626597823913532#-41.0#3.6876898140770815#9
0000 0039 2000 0000 0000 0000#1626597823915297#-42.0#5.602097837358362#9
0000 0036 2000 0000 0000 0000#1626597823917497#-46.0#2.172116795646068#9
0000 003A 2000 0000 0000 0000#1626597823918856#-33.0#4.289010282928253#9
0000 0031 2000 0000 0000 0000#1626597823920680#-41.0#3.877903431774901#9
0000 002E 2000 0000 0000 0000#1626597823922048#-43.0#4.884194828627882#9
0000 0033 2000 0000 0000 0000#1626597823923124#-41.5#3.448388811166921#9
0000 0038 2000 0000 0000 0000#1626597823924672#-47.0#0.6013204688511713#9
0000 002D 2000 0000 0000 0000#1626597823925709#-47.0#5.166447293598839#9
0000 0030 2000 0000 0000 0000#1626597823926880#-42.5#4.424000592262189#9
0000 002F 2000 0000 0000 0000#1626597823930229#-43.0#4.595806440505381#9
0000 0034 2000 0000 0000 0000#1626597823932092#-42.5#2.9575149590435164#9
0C21 0537 8123 1003 2202 062F#1626597823937100#-68.0#1.2701360923693108#9
0000 0031 2000 0000 0000 0000#1626597823938677#-41.0#3.933126740138784#9
0000 003A 2000 0000 0000 0000#1626597823939770#-33.0#4.399456899656019#9
0000 0037 2000 0000 0000 0000#1626597823941369#-47.5#1.4419419406125027#9
0000 0039 2000 0000 0000 0000#1626597823943615#-42.0#5.737088146692298#9
0000 0035 2000 0000 0000 0000#1626597823946254#-43.5#2.448233337465483#9
0000 002E 2000 0000 0000 0000#1626597823948492#-43.0#4.92714629068868#9
0000 0033 2000 0000 0000 0000#1626597823949940#-41.0#3.5342917352885173#9
0000 0032 2000 0000 0000 0000#1626597823951508#-40.5#3.77972866135022#9
0000 002F 2000 0000 0000 0000#1626597823952668#-43.5#4.6448938257177215#9
0000 0038 2000 0000 0000 0000#1626597823954716#-46.5#0.803805932852076#9
0000 0034 2000 0000 0000 0000#1626597823955779#-42.5#3.06182565261974#9
0000 0036 2000 0000 0000 0000#1626597823957198#-45.5#2.350058567040802#9
0000 002D 2000 0000 0000 0000#1626597823958266#-47.0#5.227806525114265#9
0000 0030 2000 0000 0000 0000#1626597823959380#-42.0#4.491495746929157#9
0000 003B 2000 0000 0000 0000#1626597823960917#-39.5#4.601942363656923#9
0000 003A 2000 0000 0000 0000#1626597824225853#-33.0#5.148039524144211#9
0000 002E 2000 0000 0000 0000#1626597824227406#-42.5#4.779884135051658#9
0000 003B 2000 0000 0000 0000#1626597824228503#-39.0#5.080544369477243#9
0000 0036 2000 0000 0000 0000#1626597824231786#-41.5#2.5893595699509624#9
0000 0039 2000 0000 0000 0000#1626597824233373#-41.0#0.4111068511533518#9
0000 002D 2000 0000 0000 0000#1626597824234399#-46.5#5.019185137961818#9
0000 0038 2000 0000 0000 0000#1626597824235450#-43.5#1.5155730184310134#9
0000 0032 2000 0000 0000 0000#1626597824237707#-37.5#3.77972866135022#9
0000 0037 2000 0000 0000 0000#1626597824239859#-43.0#1.9880391010997909#9
0000 0035 2000 0000 0000 0000#1626597824240892#-40.0#2.6875343403756435#9
0000 0033 2000 0000 0000 0000#1626597824242266#-37.5#3.5833791205008576#9
0000 0031 2000 0000 0000 0000#1626597824244160#-39.0#3.9453985864418692#9
0000 002F 2000 0000 0000 0000#1626597824245850#-42.0#4.522175362686871#9
0000 0030 2000 0000 0000 0000#1626597824246920#-41.0#4.424000592262189#9
0000 0034 2000 0000 0000 0000#1626597824247998#-39.5#3.1661363461959633#9
0000 002F 2000 0000 0000 0000#1626597824252865#-42.0#4.552854978444583#9
0000 0038 2000 0000 0000 0000#1626597824253945#-43.5#1.6014759425526093#9
0000 0032 2000 0000 0000 0000#1626597824254978#-39.0#3.834951969714103#9
0000 0035 2000 0000 0000 0000#1626597824257894#-40.0#2.736621725587984#9
0000 0033 2000 0000 0000 0000#1626597824259214#-38.5#3.6263305825616556#9
0000 003A 2000 0000 0000 0000#1626597824260290#-33.0#5.289165756629691#9
0000 0039 2000 0000 0000 0000#1626597824261330#-41.0#0.5338253141842031#9
0000 002E 2000 0000 0000 0000#1626597824263123#-42.5#4.81056375080937#9
0000 0034 2000 0000 0000 0000#1626597824264685#-39.5#3.1906800388021335#9
0000 0031 2000 0000 0000 0000#1626597824265779#-39.0#3.9822141253511245#9
0000 0030 2000 0000 0000 0000#1626597824266863#-41.0#4.448544284868359#9
0000 003B 2000 0000 0000 0000#1626597824267973#-39.0#5.227806525114265#9
0000 002D 2000 0000 0000 0000#1626597824269676#-46.5#5.0682725231741586#9
0000 0036 2000 0000 0000 0000#1626597824271095#-41.0#2.6691265709210157#9
0000 0037 2000 0000 0000 0000#1626597824272390#-42.5#2.0800779483729293#9
0000 0031 2000 0000 0000 0000#1626597824535892#-38.0#4.669437518323892#9
0000 002D 2000 0000 0000 0000#1626597824536929#-46.5#5.5284667595398505#9
0000 0038 2000 0000 0000 0000#1626597824538224#-39.0#2.5034566458293663#9
0000 0036 2000 0000 0000 0000#1626597824539274#-38.5#3.4054373491061236#9
0000 002F 2000 0000 0000 0000#1626597824541035#-40.5#5.148039524144211#9
0000 0032 2000 0000 0000 0000#1626597824543548#-37.0#4.546719055293041#9
0000 0039 2000 0000 0000 0000#1626597824545377#-37.0#1.7241944055834606#9
0000 003A 2000 0000 0000 0000#1626597824547353#-31.0#0.4540583132141498#9
0000 0030 2000 0000 0000 0000#1626597824548708#-39.5#5.074408446325701#9
0000 0035 2000 0000 0000 0000#1626597824549773#-37.0#3.5281558121369745#9
0000 0033 2000 0000 0000 0000#1626597824551334#-37.0#4.374913207049849#9
0000 0037 2000 0000 0000 0000#1626597824553145#-39.0#2.8654761117703775#9
0000 002E 2000 0000 0000 0000#1626597824554283#-41.5#5.325981295538946#9
0000 0034 2000 0000 0000 0000#1626597824556089#-37.5#3.9822141253511245#9
0000 003B 2000 0000 0000 0000#1626597824557172#-38.0#0.3620194659410113#9
0000 003A 2000 0000 0000 0000#1626597824565936#-30.5#0.5154175447295755#9
0000 002F 2000 0000 0000 0000#1626597824566972#-40.5#5.178719139901925#9
0000 0038 2000 0000 0000 0000#1626597824568523#-38.5#2.5709518004963345#9
0000 0036 2000 0000 0000 0000#1626597824571455#-38.5#3.472932503773092#9
0000 0032 2000 0000 0000 0000#1626597824573387#-37.0#4.608078286808466#9
0000 0034 2000 0000 0000 0000#1626597824574420#-37.5#3.9944859716542096#9
0000 0033 2000 0000 0000 0000#1626597824576124#-36.0#4.411728745959104#9
0000 003B 2000 0000 0000 0000#1626597824578151#-38.0#0.4663301595172349#9
0000 0039 2000 0000 0000 0000#1626597824579268#-36.5#1.8162332528565992#9
0000 0037 2000 0000 0000 0000#1626597824580362#-39.0#2.9145634969827183#9
0000 0030 2000 0000 0000 0000#1626597824581885#-39.5#5.117359908386499#9
0000 002D 2000 0000 0000 0000#1626597824583221#-46.5#5.553010452146021#9
0000 0031 2000 0000 0000 0000#1626597824584303#-38.0#4.73693267299086#9
0000 0035 2000 0000 0000 0000#1626597824586092#-37.0#3.5711072741977725#9
0000 002E 2000 0000 0000 0000#1626597824589299#-41.5#5.338253141842031#9
0000 0039 2000 0000 0000 0000#1626597824855730#-33.5#2.086213871524472#9
0000 0030 2000 0000 0000 0000#1626597824856802#-39.0#5.056000676871073#9
0000 0031 2000 0000 0000 0000#1626597824858917#-37.5#4.749204519293945#9
0000 0033 2000 0000 0000 0000#1626597824859981#-36.5#4.491495746929157#9
0000 0034 2000 0000 0000 0000#1626597824861293#-36.0#4.09266074207889#9
0000 0035 2000 0000 0000 0000#1626597824862328#-36.0#3.650874275167826#9
0000 0032 2000 0000 0000 0000#1626597824863644#-37.0#4.675573441475434#9
0000 003A 2000 0000 0000 0000#1626597824864690#-28.0#1.141281706186917#9
0000 0037 2000 0000 0000 0000#1626597824865740#-37.0#3.0495538063166547#9
0000 002D 2000 0000 0000 0000#1626597824867449#-46.0#5.283029833478148#9
0000 0036 2000 0000 0000 0000#1626597824868498#-37.0#3.5711072741977725#9
0000 002E 2000 0000 0000 0000#1626597824870083#-41.0#5.135767677841127#9
0000 002F 2000 0000 0000 0000#1626597824871163#-40.5#5.086680292628786#9
0000 003B 2000 0000 0000 0000#1626597824872314#-35.0#1.1965050145508#9
0000 0038 2000 0000 0000 0000#1626597824875169#-35.5#2.748893571891069#9
0000 0030 2000 0000 0000 0000#1626597824878663#-39.5#5.062136600022616#9
0000 0034 2000 0000 0000 0000#1626597824880193#-36.0#4.123340357836604#9
0000 0031 2000 0000 0000 0000#1626597824881999#-37.0#4.767612288748572#9
0000 0032 2000 0000 0000 0000#1626597824883761#-37.0#4.6878452877785195#9
0000 0039 2000 0000 0000 0000#1626597824885301#-33.5#2.1537090261914402#9
0000 003A 2000 0000 0000 0000#1626597824886633#-27.5#1.2026409377023426#9
0000 0035 2000 0000 0000 0000#1626597824887682#-36.0#3.6876898140770815#9
0000 002F 2000 0000 0000 0000#1626597824889202#-40.5#5.105088062083414#9
0000 002E 2000 0000 0000 0000#1626597824890514#-41.0#5.148039524144211#9
0000 0037 2000 0000 0000 0000#1626597824892263#-37.5#3.08636934522591#9
0000 002D 2000 0000 0000 0000#1626597824893584#-46.0#5.258486140871978#9
0000 0033 2000 0000 0000 0000#1626597824894728#-35.5#4.571262747899211#9
0000 0038 2000 0000 0000 0000#1626597824896050#-35.5#2.804116880254952#9
0000 003B 2000 0000 0000 0000#1626597824897235#-35.0#1.282407938672396#9
0000 0036 2000 0000 0000 0000#1626597824901579#-37.0#3.6386024288647407#9
0000 0033 2000 0000 0000 0000#1626597825165285#-37.0#5.737088146692298#9
0000 0034 2000 0000 0000 0000#1626597825166991#-36.0#5.356660911296659#9
0000 003B 2000 0000 0000 0000#1626597825168044#-33.5#3.0066023442558567#9
0000 002D 2000 0000 0000 0000#1626597825169124#-47.0#5.976389149602458#9
0000 003A 2000 0000 0000 0000#1626597825170229#-26.0#2.8654761117703775#9
0000 0030 2000 0000 0000 0000#1626597825172238#-40.0#6.062292073724054#9
0000 0038 2000 0000 0000 0000#1626597825173839#-34.0#4.215379205109742#9
0000 0037 2000 0000 0000 0000#1626597825174863#-35.5#4.473087977474529#9
0000 0039 2000 0000 0000 0000#1626597825176750#-31.5#3.6692820446224537#9
0000 0031 2000 0000 0000 0000#1626597825178187#-37.0#5.841398840268521#9
0000 0036 2000 0000 0000 0000#1626597825179222#-36.0#4.921010367537137#9
0000 0035 2000 0000 0000 0000#1626597825180272#-35.0#4.97623367590102#9
0000 0032 2000 0000 0000 0000#1626597825181376#-35.5#5.829126993965437#9
0000 002F 2000 0000 0000 0000#1626597825182568#-41.0#6.037748381117884#9
0000 002E 2000 0000 0000 0000#1626597825183624#-42.5#5.927301764390117#9
0000 003B 2000 0000 0000 0000#1626597825188939#-33.5#3.098641191528995#9
0000 0034 2000 0000 0000 0000#1626597825190595#-35.0#5.393476450205914#9
0000 0032 2000 0000 0000 0000#1626597825191688#-36.5#5.8475347634200645#9
0000 0035 2000 0000 0000 0000#1626597825193048#-35.5#4.994641445355648#9
0000 0036 2000 0000 0000 0000#1626597825195010#-36.0#4.95168998329485#9
0000 003A 2000 0000 0000 0000#1626597825196029#-26.0#2.945243112740431#9
0000 0037 2000 0000 0000 0000#1626597825197641#-35.5#4.491495746929157#9
0000 0033 2000 0000 0000 0000#1626597825198961#-37.0#5.773903685601553#9
0000 0039 2000 0000 0000 0000#1626597825200056#-31.5#3.724505352986337#9
0000 002F 2000 0000 0000 0000#1626597825201618#-41.5#6.013204688511713#9
0000 002D 2000 0000 0000 0000#1626597825202927#-47.0#5.939573610693203#9
0000 0030 2000 0000 0000 0000#1626597825205528#-40.0#6.062292073724054#9
0000 0031 2000 0000 0000 0000#1626597825207717#-37.5#5.878214379177777#9
0000 0038 2000 0000 0000 0000#1626597825208799#-33.5#4.28287435977671#9
0000 002E 2000 0000 0000 0000#1626597825211195#-42.5#5.921165841238575#9
0000 003A 2000 0000 0000 0000#1626597825479022#-25.5#2.9636508821950587#9
0000 003B 2000 0000 0000 0000#1626597825480261#-32.5#3.2827188860752723#9
0000 0039 2000 0000 0000 0000#1626597825482384#-31.5#3.6386024288647407#9
0000 002F 2000 0000 0000 0000#1626597825483689#-43.0#5.289165756629691#9
0000 0033 2000 0000 0000 0000#1626597825484750#-38.0#5.368932757599744#9
0000 0035 2000 0000 0000 0000#1626597825486559#-36.0#4.7307967498393175#9
0000 0034 2000 0000 0000 0000#1626597825487567#-36.5#5.049864753719531#9
0000 0032 2000 0000 0000 0000#1626597825488615#-38.5#5.325981295538946#9
0000 0038 2000 0000 0000 0000#1626597825489752#-34.0#4.135612204139688#9
0000 0031 2000 0000 0000 0000#1626597825490846#-39.0#5.295301679781233#9
0000 0030 2000 0000 0000 0000#1626597825492881#-42.0#5.418020142812084#9
0000 002E 2000 0000 0000 0000#1626597825495657#-44.5#5.062136600022616#9
0000 0037 2000 0000 0000 0000#1626597825496723#-35.5#4.319689898685965#9
0000 0036 2000 0000 0000 0000#1626597825497787#-37.5#4.71238898038469#9
0000 002D 2000 0000 0000 0000#1626597825499251#-49.5#4.994641445355648#9
0000 0033 2000 0000 0000 0000#1626597825503598#-37.0#5.332117218690489#9
0000 0030 2000 0000 0000 0000#1626597825505166#-42.0#5.3627968344482015#9
0000 0031 2000 0000 0000 0000#1626597825507102#-39.0#5.283029833478148#9
0000 002D 2000 0000 0000 0000#1626597825508165#-49.5#4.963961829597935#9
0000 003A 2000 0000 0000 0000#1626597825510038#-25.5#3.0372819600135696#9
0000 0032 2000 0000 0000 0000#1626597825511139#-37.0#5.3198453723874035#9
0000 0035 2000 0000 0000 0000#1626597825512939#-36.5#4.749204519293945#9
0000 0038 2000 0000 0000 0000#1626597825514513#-34.5#4.172427743048944#9
0000 0039 2000 0000 0000 0000#1626597825515566#-31.5#3.6815538909255388#9
0000 003B 2000 0000 0000 0000#1626597825517020#-32.0#3.3624858870453256#9
0000 0037 2000 0000 0000 0000#1626597825518989#-36.0#4.338097668140593#9
0000 0036 2000 0000 0000 0000#1626597825520055#-37.0#4.755340442445488#9
0000 0034 2000 0000 0000 0000#1626597825521170#-35.5#5.056000676871073#9
0000 002E 2000 0000 0000 0000#1626597825522869#-44.5#5.019185137961818#9
0000 002F 2000 0000 0000 0000#1626597825524503#-43.0#5.246214294568893#9
0000 003A 2000 0000 0000 0000#1626597825788349#-24.0#3.749049045592507#9
0000 003B 2000 0000 0000 0000#1626597825790749#-32.0#4.1417481272912315#9
0000 0035 2000 0000 0000 0000#1626597825791823#-36.0#4.970097752749477#9
0000 002F 2000 0000 0000 0000#1626597825792917#-45.0#5.013049214810275#9
0000 0034 2000 0000 0000 0000#1626597825794985#-36.0#5.160311370447297#9
0000 0033 2000 0000 0000 0000#1626597825796092#-38.5#5.344389064993574#9
0000 0031 2000 0000 0000 0000#1626597825797617#-40.5#5.166447293598839#9
0000 0030 2000 0000 0000 0000#1626597825799161#-43.0#5.178719139901925#9
0000 0039 2000 0000 0000 0000#1626597825800455#-31.0#4.319689898685965#9
0000 0038 2000 0000 0000 0000#1626597825801464#-34.0#4.6878452877785195#9
0000 0036 2000 0000 0000 0000#1626597825802855#-36.5#4.988505522204105#9
0000 0037 2000 0000 0000 0000#1626597825803924#-35.5#4.743068596142402#9
0000 0032 2000 0000 0000 0000#1626597825805737#-40.0#5.240078371417351#9
0000 002D 2000 0000 0000 0000#1626597825809327#-51.5#4.589670517353839#9
0000 002E 2000 0000 0000 0000#1626597825810623#-46.5#4.693981210930062#9
0000 003B 2000 0000 0000 0000#1626597825815549#-32.0#4.2031073588066565#9
0000 0036 2000 0000 0000 0000#1626597825817185#-36.5#4.988505522204105#9
0000 0039 2000 0000 0000 0000#1626597825818266#-31.0#4.3503695144436785#9
0000 003A 2000 0000 0000 0000#1626597825819354#-26.0#3.822680123411018#9
0000 0031 2000 0000 0000 0000#1626597825820633#-41.0#5.117359908386499#9
0000 0035 2000 0000 0000 0000#1626597825821911#-36.0#4.957825906446392#9
0000 0034 2000 0000 0000 0000#1626597825823234#-37.0#5.135767677841127#9
0000 002F 2000 0000 0000 0000#1626597825824528#-45.0#4.957825906446392#9
0000 0032 2000 0000 0000 0000#1626597825825586#-40.0#5.21553467881118#9
0000 002D 2000 0000 0000 0000#1626597825827781#-51.5#4.540583132141498#9
0000 0038 2000 0000 0000 0000#1626597825828889#-34.5#4.6878452877785195#9
0000 0030 2000 0000 0000 0000#1626597825829974#-43.5#5.098952138931871#9
0000 0037 2000 0000 0000 0000#1626597825830996#-36.0#4.73693267299086#9
0000 0033 2000 0000 0000 0000#1626597825832059#-39.5#5.301437602932776#9
0000 002E 2000 0000 0000 0000#1626597825834881#-47.0#4.6448938257177215#9
0000 0032 2000 0000 0000 0000#1626597826098923#-40.0#4.325825821837508#9
0000 0039 2000 0000 0000 0000#1626597826101477#-31.0#4.154019973594316#9
0000 003A 2000 0000 0000 0000#1626597826102565#-26.0#3.767456815047135#9
0000 0036 2000 0000 0000 0000#1626597826103873#-37.0#4.405592822807561#9
0000 0037 2000 0000 0000 0000#1626597826105422#-35.5#4.301282129231338#9
0000 002E 2000 0000 0000 0000#1626597826106503#-47.5#3.7429131224409646#9
0000 002D 2000 0000 0000 0000#1626597826107614#-53.0#3.663146121470911#9
0000 0035 2000 0000 0000 0000#1626597826108694#-36.5#4.313553975534423#9
0000 0033 2000 0000 0000 0000#1626597826110815#-41.0#4.479223900626073#9
0000 003B 2000 0000 0000 0000#1626597826111853#-31.5#4.3074180523828804#9
0000 0034 2000 0000 0000 0000#1626597826112900#-38.0#4.374913207049849#9
0000 0030 2000 0000 0000 0000#1626597826114056#-45.0#4.190835512503572#9
0000 0038 2000 0000 0000 0000#1626597826115363#-33.5#4.344233591292136#9
0000 002F 2000 0000 0000 0000#1626597826116697#-47.0#4.000621894805752#9
0000 0031 2000 0000 0000 0000#1626597826118818#-42.5#4.1601558967458585#9
0000 0037 2000 0000 0000 0000#1626597826123405#-35.5#4.276738436625168#9
0000 0036 2000 0000 0000 0000#1626597826126143#-37.0#4.362641360746763#9
0000 003B 2000 0000 0000 0000#1626597826127711#-31.5#4.325825821837508#9
0000 0031 2000 0000 0000 0000#1626597826129019#-42.5#4.129476280988146#9
0000 0038 2000 0000 0000 0000#1626597826130113#-34.0#4.344233591292136#9
0000 0030 2000 0000 0000 0000#1626597826131183#-45.0#4.129476280988146#9
0000 0034 2000 0000 0000 0000#1626597826132753#-37.0#4.356505437595221#9
0000 0039 2000 0000 0000 0000#1626597826133834#-31.0#4.166291819897402#9
0000 002D 2000 0000 0000 0000#1626597826135156#-53.0#3.6201946594101133#9
0000 003A 2000 0000 0000 0000#1626597826136230#-26.0#3.810408277107933#9
0000 0032 2000 0000 0000 0000#1626597826137435#-41.5#4.239922897715912#9
0000 0033 2000 0000 0000 0000#1626597826138591#-39.5#4.424000592262189#9
0000 0035 2000 0000 0000 0000#1626597826140418#-36.5#4.270602513473625#9
0000 002F 2000 0000 0000 0000#1626597826142955#-47.0#3.9576704327449543#9
0000 002E 2000 0000 0000 0000#1626597826144024#-48.5#3.6754179677739964#9
0000 0032 2000 0000 0000 0000#1626597826407247#-41.5#4.448544284868359#9
0000 0036 2000 0000 0000 0000#1626597826408341#-37.0#4.706253057233147#9
0000 002E 2000 0000 0000 0000#1626597826409453#-50.5#3.9269908169872414#9
0000 0039 2000 0000 0000 0000#1626597826411284#-30.5#4.865787059173254#9
0000 003B 2000 0000 0000 0000#1626597826412299#-31.5#5.387340527054372#9
0000 0038 2000 0000 0000 0000#1626597826414311#-33.0#4.902602598082509#9
0000 0034 2000 0000 0000 0000#1626597826417668#-38.0#4.595806440505381#9
0000 002D 2000 0000 0000 0000#1626597826420151#-56.0#3.7429131224409646#9
0000 0037 2000 0000 0000 0000#1626597826421172#-35.0#4.743068596142402#9
0000 003A 2000 0000 0000 0000#1626597826423185#-25.5#4.7307967498393175#9
0000 0035 2000 0000 0000 0000#1626597826425199#-36.5#4.552854978444583#9
0000 0030 2000 0000 0000 0000#1626597826426695#-46.5#4.338097668140593#9
0000 002F 2000 0000 0000 0000#1626597826429924#-48.5#4.135612204139688#9
0000 0033 2000 0000 0000 0000#1626597826431001#-41.0#4.571262747899211#9
0000 0031 2000 0000 0000 0000#1626597826432109#-43.0#4.264466590322082#9
0000 0030 2000 0000 0000 0000#1626597826440035#-46.5#4.28287435977671#9
0000 0031 2000 0000 0000 0000#1626597826441143#-43.0#4.246058820867455#9
0000 0032 2000 0000 0000 0000#1626597826442784#-40.5#4.362641360746763#9
0000 0034 2000 0000 0000 0000#1626597826443862#-38.0#4.552854978444583#9
0000 0036 2000 0000 0000 0000#1626597826446245#-37.0#4.657165672020807#9
0000 0038 2000 0000 0000 0000#1626597826447594#-33.0#4.871922982324796#9
0000 0037 2000 0000 0000 0000#1626597826449103#-35.5#4.718524903536232#9
0000 0033 2000 0000 0000 0000#1626597826450274#-40.0#4.522175362686871#9
0000 003B 2000 0000 0000 0000#1626597826451357#-31.5#5.411884219660542#9
0000 003A 2000 0000 0000 0000#1626597826452392#-25.5#4.718524903536232#9
0000 002E 2000 0000 0000 0000#1626597826455417#-51.5#3.767456815047135#9
0000 002F 2000 0000 0000 0000#1626597826457820#-49.0#4.06811704947272#9
0000 0035 2000 0000 0000 0000#1626597826460166#-36.0#4.4976316700806995#9
0000 0039 2000 0000 0000 0000#1626597826461804#-30.5#4.841243366567084#9
0000 002D 2000 0000 0000 0000#1626597826463255#-57.0#3.6140587362585705#9
0000 0035 2000 0000 0000 0000#1626597826730784#-36.5#3.399301425954581#9
0000 0037 2000 0000 0000 0000#1626597826733161#-35.0#3.724505352986337#9
0000 002F 2000 0000 0000 0000#1626597826734293#-52.0#2.5157284921324514#9
0000 0038 2000 0000 0000 0000#1626597826736067#-34.0#3.9453985864418692#9
0000 003B 2000 0000 0000 0000#1626597826737206#-31.0#4.908738521234052#9
0000 0030 2000 0000 0000 0000#1626597826738231#-50.5#2.761165418194154#9
0000 0031 2000 0000 0000 0000#1626597826739354#-46.0#2.8102528034064944#9
0000 003A 2000 0000 0000 0000#1626597826740386#-25.5#4.031301510563465#9
0000 0032 2000 0000 0000 0000#1626597826741387#-44.5#2.9820586516496865#9
0000 0039 2000 0000 0000 0000#1626597826742656#-31.0#4.0128937411088375#9
0000 0034 2000 0000 0000 0000#1626597826743704#-38.5#3.3379421944391554#9
0000 002D 2000 0000 0000 0000#1626597826744855#-60.5#1.5278448647340985#9
0000 0036 2000 0000 0000 0000#1626597826749494#-37.0#3.5158839658338894#9
0000 002E 2000 0000 0000 0000#1626597826751417#-55.0#1.8714565612204823#9
0000 0033 2000 0000 0000 0000#1626597826753318#-43.0#3.227495577711389#9
0000 002E 2000 0000 0000 0000#1626597826758051#-54.5#1.8223691760081417#9
0000 0038 2000 0000 0000 0000#1626597826759586#-34.0#3.9085830475326135#9
0000 0036 2000 0000 0000 0000#1626597826760878#-37.0#3.485204350076177#9
0000 002F 2000 0000 0000 0000#1626597826761953#-52.5#2.386874105950058#9
0000 0030 2000 0000 0000 0000#1626597826763022#-50.5#2.6691265709210157#9
0000 0035 2000 0000 0000 0000#1626597826764343#-37.0#3.32567034813607#9
0000 0034 2000 0000 0000 0000#1626597826767383#-39.0#3.2765829629237295#9
0000 003A 2000 0000 0000 0000#1626597826768928#-25.5#3.9944859716542096#9
0000 002D 2000 0000 0000 0000#1626597826770265#-60.5#1.3989904785517047#9
0000 0031 2000 0000 0000 0000#1626597826771542#-46.0#2.705942109830271#9
0000 003B 2000 0000 0000 0000#1626597826772595#-31.5#4.908738521234052#9
0000 0039 2000 0000 0000 0000#1626597826775473#-31.5#3.9699422790480394#9
0000 0037 2000 0000 0000 0000#1626597826777407#-35.0#3.6447383520162835#9
0000 0033 2000 0000 0000 0000#1626597826778440#-43.5#3.160000423044421#9
0000 0032 2000 0000 0000 0000#1626597826779814#-44.5#2.8532042654672924#9
0000 0038 2000 0000 0000 0000#1626597827046675#-34.0#3.6140587362585705#9
0000 003B 2000 0000 0000 0000#1626597827047742#-31.5#4.963961829597935#9
0000 0032 2000 0000 0000 0000#1626597827049002#-46.5#2.1659808724945253#9
0000 0037 2000 0000 0000 0000#1626597827050819#-35.5#3.3379421944391554#9
0000 003A 2000 0000 0000 0000#1626597827053032#-26.0#3.933126740138784#9
0000 0039 2000 0000 0000 0000#1626597827054582#-31.5#3.7551849687440497#9
0000 0036 2000 0000 0000 0000#1626597827055673#-38.0#3.06182565261974#9
0C21 0537 8123 1003 2202 062F#1626597827057987#-69.0#0.5154175447295755#9
0000 0035 2000 0000 0000 0000#1626597827059062#-37.5#2.8654761117703775#9
0000 002F 2000 0000 0000 0000#1626597827060337#-54.0#1.141281706186917#9
0000 0034 2000 0000 0000 0000#1626597827062686#-40.0#2.742757648739526#9
0000 002E 2000 0000 0000 0000#1626597827063757#-51.5#6.22182607566416#9
0000 0031 2000 0000 0000 0000#1626597827066817#-48.5#1.8407769454627694#9
0000 0033 2000 0000 0000 0000#1626597827070266#-44.5#2.4727770300716534#9
0000 002D 2000 0000 0000 0000#1626597827071433#-48.0#5.755495916146925#9
0000 0030 2000 0000 0000 0000#1626597827072663#-53.0#1.325359400733194#9
0000 0037 2000 0000 0000 0000#1626597827083891#-36.0#2.6445828783148455#9
0000 002D 2000 0000 0000 0000#1626597827084931#-48.0#5.098952138931871#9
0000 002F 2000 0000 0000 0000#1626597827085965#-55.0#0.4049709280018093#9
0000 0030 2000 0000 0000 0000#1626597827087745#-54.0#0.6994952392758523#9
0000 0039 2000 0000 0000 0000#1626597827089054#-32.5#3.0925052683774528#9
0000 003B 2000 0000 0000 0000#1626597827090364#-32.0#4.362641360746763#9
0000 003A 2000 0000 0000 0000#1626597827091894#-26.5#3.2581751934691017#9
0000 002E 2000 0000 0000 0000#1626597827097312#-49.0#5.289165756629691#9
0000 0036 2000 0000 0000 0000#1626597827098377#-38.5#2.356194490192345#9
0000 0034 2000 0000 0000 0000#1626597827099467#-40.5#2.0493983326152168#9
0000 0035 2000 0000 0000 0000#1626597827100968#-38.0#2.1598449493429825#9
0000 0033 2000 0000 0000 0000#1626597827102517#-45.5#1.8100973297050567#9
0000 0038 2000 0000 0000 0000#1626597827104094#-34.5#2.8654761117703775#9
0000 0032 2000 0000 0000 0000#1626597827108628#-47.5#1.380582709097077#9
0000 0031 2000 0000 0000 0000#1626597827109721#-49.5#1.055378782065321#9
0000 0031 2000 0000 0000 0000#1626597827374452#-51.0#6.166602767300278#9
0000 002D 2000 0000 0000 0000#1626597827375800#-52.5#4.190835512503572#9
0000 0035 2000 0000 0000 0000#1626597827378247#-39.5#1.6873788666742053#9
0000 003B 2000 0000 0000 0000#1626597827379799#-33.0#4.196971435655114#9
0000 0033 2000 0000 0000 0000#1626597827380860#-48.0#1.000155473701438#9
0000 003A 2000 0000 0000 0000#1626597827381907#-27.0#2.8961557275280905#9
0000 0030 2000 0000 0000 0000#1626597827383258#-47.5#4.76147636559703#9
0000 0034 2000 0000 0000 0000#1626597827384391#-43.0#1.4358060174609601#9
0000 0037 2000 0000 0000 0000#1626597827385641#-37.5#2.1782527187976104#9
0000 0038 2000 0000 0000 0000#1626597827386722#-35.5#2.478912953223196#9
0000 0039 2000 0000 0000 0000#1626597827388033#-32.5#2.6445828783148455#9
FFFF FFFF FFFF FFFF FFFF FFFF#1626597827389683#-70.0#5.7616318392984684#9
0000 0032 2000 0000 0000 0000#1626597827390799#-50.0#0.23316507975861744#9
0000 002E 2000 0000 0000 0000#1626597827392066#-46.5#4.061981126321178#9
0000 0036 2000 0000 0000 0000#1626597827393417#-39.5#1.8407769454627694#9
0000 002F 2000 0000 0000 0000#1626597827394509#-45.0#4.460816131171445#9
0000 003B 2000 0000 0000 0000#1626597827400062#-33.0#4.172427743048944#9
0000 0037 2000 0000 0000 0000#1626597827401600#-37.5#2.1353012567368124#9
0000 0039 2000 0000 0000 0000#1626597827403265#-32.5#2.6139032625571326#9
0000 0036 2000 0000 0000 0000#1626597827404800#-40.0#1.8039614065535141#9
0000 002F 2000 0000 0000 0000#1626597827407886#-45.0#4.374913207049849#9
0000 003A 2000 0000 0000 0000#1626597827408948#-27.0#2.834796496012665#9
0000 0035 2000 0000 0000 0000#1626597827410502#-40.0#1.5892040962495242#9
0000 0031 2000 0000 0000 0000#1626597827411851#-50.5#5.878214379177777#9
0000 0034 2000 0000 0000 0000#1626597827412899#-43.0#1.3314953238847365#9
0000 0038 2000 0000 0000 0000#1626597827414050#-36.0#2.411417798556228#9
0000 002D 2000 0000 0000 0000#1626597827415393#-55.0#4.080388895775806#9
0000 0030 2000 0000 0000 0000#1626597827416463#-46.5#4.552854978444583#9
0000 0033 2000 0000 0000 0000#1626597827419760#-48.5#0.8344855486097889#9
0000 0032 2000 0000 0000 0000#1626597827420807#-50.5#0.05522330836388308#9
0000 002E 2000 0000 0000 0000#1626597827421949#-48.0#3.9822141253511245#9
FFFF FFFF FFFF FFFF FFFF FFFF#1626597827423397#-68.5#5.798447378207723#9
0000 0036 2000 0000 0000 0000#1626597827696305#-43.0#1.6014759425526093#9
0000 0030 2000 0000 0000 0000#1626597827698780#-45.5#4.276738436625168#9
0000 0032 2000 0000 0000 0000#1626597827701033#-42.0#4.865787059173254#9
0000 0033 2000 0000 0000 0000#1626597827702097#-47.0#5.878214379177777#9
0000 003A 2000 0000 0000 0000#1626597827703429#-27.5#2.804116880254952#9
0000 0031 2000 0000 0000 0000#1626597827704481#-41.5#4.473087977474529#9
FFFF FFFF FFFF FFFF FFFF FFFF#1626597827705548#-68.0#0.3129320807286708#9
0000 0039 2000 0000 0000 0000#1626597827706610#-34.0#2.5709518004963345#9
0000 0037 2000 0000 0000 0000#1626597827707677#-39.5#2.030990563160589#9
0000 003B 2000 0000 0000 0000#1626597827708845#-34.0#4.184699589352029#9
0000 002E 2000 0000 0000 0000#1626597827709927#-60.0#3.129320807286708#9
0000 0038 2000 0000 0000 0000#1626597827711256#-37.5#2.36846633649543#9
0000 0034 2000 0000 0000 0000#1626597827712431#-45.5#0.7179030087304801#9
0000 0035 2000 0000 0000 0000#1626597827713492#-43.0#1.227184630308513#9
0000 002F 2000 0000 0000 0000#1626597827714812#-50.5#4.049709280018092#9
0000 002D 2000 0000 0000 0000#1626597827718196#-65.0#2.552544031041707#9
0000 0037 2000 0000 0000 0000#1626597827722604#-39.5#1.9880391010997909#9
0000 0035 2000 0000 0000 0000#1626597827724138#-42.5#1.214912784005428#9
0000 0038 2000 0000 0000 0000#1626597827725446#-37.5#2.36846633649543#9
0000 002E 2000 0000 0000 0000#1626597827726744#-59.5#2.9084275738311756#9
0000 003B 2000 0000 0000 0000#1626597827727838#-34.0#4.1417481272912315#9
0000 003A 2000 0000 0000 0000#1626597827729083#-27.5#2.761165418194154#9
0C21 0537 8123 1003 2202 062F#1626597827730652#-68.0#1.030835089459151#9
0000 002D 2000 0000 0000 0000#1626597827731703#-66.0#2.6323110320117604#9
0000 0031 2000 0000 0000 0000#1626597827733520#-41.0#4.368777283898306#9
0000 0030 2000 0000 0000 0000#1626597827735551#-46.5#4.2092432819582#9
0000 0036 2000 0000 0000 0000#1626597827736616#-43.5#1.4664856332186729#9
0000 0039 2000 0000 0000 0000#1626597827737712#-34.0#2.509592568980909#9
0000 0032 2000 0000 0000 0000#1626597827738717#-42.5#4.6878452877785195#9
0000 0033 2000 0000 0000 0000#1626597827739829#-44.5#5.565282298449106#9
0000 002F 2000 0000 0000 0000#1626597827741162#-51.5#3.9944859716542096#9
FFFF FFFF FFFF FFFF FFFF FFFF#1626597827744655#-68.0#0.3988350048502667#9
0000 0034 2000 0000 0000 0000#1626597827747171#-45.0#0.4908738521234052#9
0000 0033 2000 0000 0000 0000#1626597828017820#-40.0#3.6692820446224537#9
0000 0035 2000 0000 0000 0000#1626597828019124#-44.0#5.209398755659637#9
0000 002F 2000 0000 0000 0000#1626597828020386#-60.0#1.509437095279471#9
0000 0034 2000 0000 0000 0000#1626597828021647#-41.0#4.28287435977671#9
0000 0030 2000 0000 0000 0000#1626597828023677#-58.5#2.448233337465483#9
0000 003A 2000 0000 0000 0000#1626597828024982#-30.5#1.8039614065535141#9
0000 002D 2000 0000 0000 0000#1626597828026019#-57.0#4.356505437595221#9
0000 003B 2000 0000 0000 0000#1626597828027343#-36.0#3.11091303783208#9
0C21 0537 8123 1003 2202 062F#1626597828029128#-68.5#0.04908738521234052#9
0000 0039 2000 0000 0000 0000#1626597828030479#-39.0#1.576932249946439#9
FFFF FFFF FFFF FFFF FFFF FFFF#1626597828031843#-68.5#5.872078456026235#9
0000 0036 2000 0000 0000 0000#1626597828032930#-46.5#5.546874528994478#9
0000 0038 2000 0000 0000 0000#1626597828034227#-43.0#1.1535535524900022#9
0000 002E 2000 0000 0000 0000#1626597828036623#-57.5#5.019185137961818#9
0000 0032 2000 0000 0000 0000#1626597828037685#-46.0#3.3747577333484107#9
0000 0031 2000 0000 0000 0000#1626597828041252#-51.0#3.0802334220743677#9
0000 0037 2000 0000 0000 0000#1626597828043130#-46.5#0.4111068511533518#9
0000 0037 2000 0000 0000 0000#1626597828048414#-46.5#0.3988350048502667#9
0000 002F 2000 0000 0000 0000#1626597828049420#-60.5#1.227184630308513#9
0000 0035 2000 0000 0000 0000#1626597828050470#-43.5#4.963961829597935#9
0000 003B 2000 0000 0000 0000#1626597828053077#-36.0#3.06182565261974#9
0000 0033 2000 0000 0000 0000#1626597828054168#-41.0#3.6017868899554855#9
0000 0030 2000 0000 0000 0000#1626597828055238#-59.5#2.282563412373834#9
0000 002E 2000 0000 0000 0000#1626597828056293#-58.0#4.804427827657828#9
0000 003A 2000 0000 0000 0000#1626597828058065#-31.0#1.736466251886546#9
0000 0032 2000 0000 0000 0000#1626597828059379#-47.0#3.368621810196868#9
0000 0038 2000 0000 0000 0000#1626597828060700#-43.5#1.0615147052168636#9
0C21 0537 8123 1003 2202 062F#1626597828062029#-68.0#0.04908738521234052#9
0000 0031 2000 0000 0000 0000#1626597828063706#-52.0#2.9759227284981438#9
0000 0034 2000 0000 0000 0000#1626597828064711#-40.5#4.074252972624263#9
0000 0036 2000 0000 0000 0000#1626597828066286#-45.5#5.270757987175063#9
0000 002D 2000 0000 0000 0000#1626597828067394#-57.5#3.9944859716542096#9
0000 0039 2000 0000 0000 0000#1626597828068746#-40.0#1.4848934026733007#9
FFFF FFFF FFFF FFFF FFFF FFFF#1626597828069928#-68.0#5.829126993965437#9
0000 003A 2000 0000 0000 0000#1626597828335210#-37.0#0.7915340865489908#9
0000 002D 2000 0000 0000 0000#1626597828336636#-55.0#1.6382914814618648#9
0000 003B 2000 0000 0000 0000#1626597828338662#-38.5#2.2518837966161214#9
FFFF FFFF FFFF FFFF FFFF FFFF#1626597828339971#-69.0#5.295301679781233#9
0000 0038 2000 0000 0000 0000#1626597828341062#-46.0#5.129631754689584#9
0000 0032 2000 0000 0000 0000#1626597828342467#-54.5#1.8960002538266525#9
0000 0036 2000 0000 0000 0000#1626597828344000#-42.0#3.5465635815916023#9
0000 0039 2000 0000 0000 0000#1626597828345097#-46.0#6.12365130523948#9
0000 002F 2000 0000 0000 0000#1626597828346950#-60.0#3.693825737228624#9
0000 0030 2000 0000 0000 0000#1626597828348094#-67.0#5.313709449235861#9
0000 0037 2000 0000 0000 0000#1626597828349152#-44.5#4.28287435977671#9
0000 0031 2000 0000 0000 0000#1626597828350760#-57.5#0.8774370106705868#9
0000 0035 2000 0000 0000 0000#1626597828351823#-42.5#3.313398501832985#9
0000 0034 2000 0000 0000 0000#1626597828353169#-47.0#3.0925052683774528#9
0000 002E 2000 0000 0000 0000#1626597828355622#-55.5#2.067806102069844#9
0000 0033 2000 0000 0000 0000#1626597828356740#-53.5#2.7120780329818137#9
0000 003B 2000 0000 0000 0000#1626597828362719#-39.0#2.2027964114037806#9
0000 0035 2000 0000 0000 0000#1626597828364280#-42.5#3.3011266555298997#9
0000 0036 2000 0000 0000 0000#1626597828365813#-42.5#3.5036121195308043#9
0000 003A 2000 0000 0000 0000#1626597828367104#-38.0#0.6749515466696822#9
0000 0033 2000 0000 0000 0000#1626597828368334#-52.0#2.6568547246179306#9
0000 0037 2000 0000 0000 0000#1626597828369412#-44.5#4.2092432819582#9
0000 0039 2000 0000 0000 0000#1626597828370691#-46.0#5.93343768754166#9
0000 0038 2000 0000 0000 0000#1626597828371772#-45.5#4.970097752749477#9
FFFF FFFF FFFF FFFF FFFF FFFF#1626597828372838#-68.5#5.381204603902829#9
0000 0030 2000 0000 0000 0000#1626597828374251#-66.5#4.76147636559703#9
0000 0032 2000 0000 0000 0000#1626597828375350#-55.0#1.6996507129772904#9
0000 002E 2000 0000 0000 0000#1626597828377389#-55.5#1.9266798695843652#9
0000 0034 2000 0000 0000 0000#1626597828378578#-47.0#3.074097498922825#9
0000 002D 2000 0000 0000 0000#1626597828379758#-55.0#1.4726215563702154#9
0000 002F 2000 0000 0000 0000#1626597828381020#-59.5#3.4606606574700063#9
0000 0031 2000 0000 0000 0000#1626597828382069#-58.5#0.6013204688511713#9
0000 0034 2000 0000 0000 0000#1626597828645970#-54.5#2.2150682577068657#9
0000 003B 2000 0000 0000 0000#1626597828647040#-45.5#1.6812429435226628#9
0000 0037 2000 0000 0000 0000#1626597828648787#-48.0#3.8410878928656453#9
0000 002F 2000 0000 0000 0000#1626597828651544#-56.5#2.2948352586769194#9
0000 0031 2000 0000 0000 0000#1626597828652653#-57.5#4.239922897715912#9
0000 0039 2000 0000 0000 0000#1626597828654916#-44.5#4.583534594202296#9
0000 0036 2000 0000 0000 0000#1626597828656419#-52.0#3.2520392703175593#9
0000 0035 2000 0000 0000 0000#1626597828657964#-52.5#2.84706834231575#9
0000 0038 2000 0000 0000 0000#1626597828659029#-45.5#4.215379205109742#9
0000 003A 2000 0000 0000 0000#1626597828660064#-42.0#5.356660911296659#9
0000 0033 2000 0000 0000 0000#1626597828662619#-60.5#1.0246991663076084#9
0000 002D 2000 0000 0000 0000#1626597828663911#-58.0#0.11044661672776616#9
0000 0032 2000 0000 0000 0000#1626597828665327#-60.0#5.086680292628786#9
0000 0030 2000 0000 0000 0000#1626597828668007#-59.5#2.9084275738311756#9
0000 002E 2000 0000 0000 0000#1626597828669489#-57.5#0.7976700097005334#9
FFFF FFFF FFFF FFFF FFFF FFFF#1626597828670841#-69.5#5.442563835418255#9
0000 0032 2000 0000 0000 0000#1626597828675381#-60.0#4.914874444385594#9
0000 0037 2000 0000 0000 0000#1626597828676915#-49.0#3.834951969714103#9
0000 0035 2000 0000 0000 0000#1626597828678431#-53.0#2.730485802436441#9
0000 003B 2000 0000 0000 0000#1626597828679513#-47.0#1.509437095279471#9
0000 002F 2000 0000 0000 0000#1626597828680604#-56.5#2.1353012567368124#9
0000 0031 2000 0000 0000 0000#1626597828682140#-57.5#4.025165587411922#9
0000 0038 2000 0000 0000 0000#1626597828684146#-46.0#4.166291819897402#9
0000 003A 2000 0000 0000 0000#1626597828685266#-42.0#5.190990986205009#9
0000 002E 2000 0000 0000 0000#1626597828686321#-57.5#0.7240389318820226#9
0000 0034 2000 0000 0000 0000#1626597828688164#-55.0#1.945087639038993#9
0000 0036 2000 0000 0000 0000#1626597828689242#-53.5#3.1231848841351653#9
0000 0033 2000 0000 0000 0000#1626597828690745#-61.5#0.5338253141842031#9
0000 0039 2000 0000 0000 0000#1626597828692523#-44.0#4.460816131171445#9
FFFF FFFF FFFF FFFF FFFF FFFF#1626597828693704#-68.5#5.6573211457222445#9
0000 0030 2000 0000 0000 0000#1626597828696055#-59.5#2.736621725587984#9
0000 002D 2000 0000 0000 0000#1626597828697364#-58.5#6.14819499784565#9
0000 0037 2000 0000 0000 0000#1626597828963307#-56.0#3.448388811166921#9
0C21 0537 8123 1003 2202 062F#1626597828964365#-68.0#1.1044661672776617#9
0000 002D 2000 0000 0000 0000#1626597828965474#-59.5#5.123495831538041#9
0000 002F 2000 0000 0000 0000#1626597828967278#-57.5#0.944932165337555#9
0000 0031 2000 0000 0000 0000#1626597828968599#-54.5#2.7979809571034093#9
0000 003A 2000 0000 0000 0000#1626597828969634#-40.0#4.534447208989955#9
0000 0032 2000 0000 0000 0000#1626597828971520#-55.5#3.4054373491061236#9
0000 0038 2000 0000 0000 0000#1626597828972810#-51.5#4.04357335686655#9
0000 002E 2000 0000 0000 0000#1626597828973883#-59.5#5.516194913236766#9
0000 0039 2000 0000 0000 0000#1626597828975219#-47.0#4.28287435977671#9
0000 0034 2000 0000 0000 0000#1626597828977291#-58.0#5.595961914206819#9
FFFF FFFF FFFF FFFF FFFF FFFF#1626597828978326#-69.0#0.20248546400090464#9
0000 0033 2000 0000 0000 0000#1626597828979356#-56.5#4.276738436625168#9
0000 003B 2000 0000 0000 0000#1626597828980438#-48.0#0.1902136176978195#9
0000 0035 2000 0000 0000 0000#1626597828983128#-57.5#1.086058397823034#9
0000 0030 2000 0000 0000 0000#1626597828984465#-59.5#1.8285050991596843#9
0000 0036 2000 0000 0000 0000#1626597828986912#-58.0#1.9082721001297376#9
0000 0038 2000 0000 0000 0000#1626597828992935#-52.5#3.9638063558964967#9
0000 0032 2000 0000 0000 0000#1626597828994239#-55.5#3.3072625786814425#9
0000 0039 2000 0000 0000 0000#1626597828995334#-47.5#4.239922897715912#9
0000 0034 2000 0000 0000 0000#1626597828996394#-57.5#5.3627968344482015#9
0000 0035 2000 0000 0000 0000#1626597828997442#-58.5#0.944932165337555#9
0000 002E 2000 0000 0000 0000#1626597828998512#-59.5#5.301437602932776#9
0000 003B 2000 0000 0000 0000#1626597828999622#-48.5#0.06135923151542565#9
0000 0031 2000 0000 0000 0000#1626597829001625#-54.5#2.6384469551633027#9
0000 0037 2000 0000 0000 0000#1626597829002971#-57.0#3.1661363461959633#9
0000 0036 2000 0000 0000 0000#1626597829004008#-58.5#1.7855536370988863#9
FFFF FFFF FFFF FFFF FFFF FFFF#1626597829005800#-69.0#0.25157284921324513#9
0000 002D 2000 0000 0000 0000#1626597829007380#-59.0#4.945554060143307#9
0000 002F 2000 0000 0000 0000#1626597829009424#-58.5#0.6565437772150544#9
0000 003A 2000 0000 0000 0000#1626597829010430#-40.5#4.405592822807561#9
0000 0033 2000 0000 0000 0000#1626597829012032#-56.0#4.061981126321178#9
0000 0030 2000 0000 0000 0000#1626597829013741#-60.5#1.6321555583103222#9
0C21 0537 8123 1003 2202 062F#1626597829016180#-66.5#1.030835089459151#9
0000 0031 2000 0000 0000 0000#1626597829280518#-56.0#0.0674951546669682#9
0000 0036 2000 0000 0000 0000#1626597829281850#-57.0#4.577398671050753#9
0000 003B 2000 0000 0000 0000#1626597829283616#-48.0#4.865787059173254#9
0000 0030 2000 0000 0000 0000#1626597829284916#-62.0#5.178719139901925#9
0000 002F 2000 0000 0000 0000#1626597829287368#-58.5#4.534447208989955#9
FFFF FFFF FFFF FFFF FFFF FFFF#1626597829289992#-68.0#5.859806609723149#9
0000 0035 2000 0000 0000 0000#1626597829291278#-55.0#3.9085830475326135#9
0000 0038 2000 0000 0000 0000#1626597829293263#-58.0#1.5278448647340985#9
0000 003A 2000 0000 0000 0000#1626597829294311#-45.5#3.055689729468197#9
0000 0039 2000 0000 0000 0000#1626597829295349#-53.5#2.423689644859313#9
0000 0037 2000 0000 0000 0000#1626597829296398#-59.5#5.957981380147831#9
0000 0033 2000 0000 0000 0000#1626597829297886#-55.5#2.030990563160589#9
0000 0034 2000 0000 0000 0000#1626597829299474#-53.5#2.9145634969827183#9
0000 0032 2000 0000 0000 0000#1626597829301448#-57.0#0.8283496254582462#9
