0000 0033 2000 0000 0000 0000#1626597664610244#-50.5#5.700272607783043#9
0000 0030 2000 0000 0000 0000#1626597664611272#-51.0#1.337631247036279#9
0000 0037 2000 0000 0000 0000#1626597664613924#-49.0#3.5342917352885173#9
0000 002F 2000 0000 0000 0000#1626597664615830#-52.0#1.607611865704152#9
0000 0035 2000 0000 0000 0000#1626597664616893#-48.5#4.1417481272912315#9
0000 0034 2000 0000 0000 0000#1626597664618020#-48.5#4.92714629068868#9
0000 0038 2000 0000 0000 0000#1626597664619327#-48.5#3.2336315008629315#9
0000 003A 2000 0000 0000 0000#1626597664620377#-48.5#1.7303303287350031#9
0000 0036 2000 0000 0000 0000#1626597664621425#-49.5#4.000621894805752#9
0000 0039 2000 0000 0000 0000#1626597664622477#-48.0#2.6016314162540475#9
0000 002D 2000 0000 0000 0000#1626597664623672#-53.0#2.325514874434632#9
0000 0032 2000 0000 0000 0000#1626597664624830#-49.5#0.018407769454627694#9
0000 002E 2000 0000 0000 0000#1626597664627062#-51.5#2.067806102069844#9
0000 0031 2000 0000 0000 0000#1626597664631502#-50.5#0.4111068511533518#9
0000 002D 2000 0000 0000 0000#1626597664638633#-53.5#2.3009711818284617#9
0000 0032 2000 0000 0000 0000#1626597664640418#-51.5#0.030679615757712823#9
0000 0031 2000 0000 0000 0000#1626597664642308#-50.5#0.3988350048502667#9
0000 0039 2000 0000 0000 0000#1626597664643646#-48.0#2.6016314162540475#9
0000 002F 2000 0000 0000 0000#1626597664644681#-52.0#1.6260196351587797#9
0000 0034 2000 0000 0000 0000#1626597664646518#-50.0#4.933282213840222#9
0000 003A 2000 0000 0000 0000#1626597664647596#-48.5#1.7303303287350031#9
0000 0035 2000 0000 0000 0000#1626597664649084#-48.5#4.154019973594316#9
0000 0036 2000 0000 0000 0000#1626597664650432#-49.0#3.9944859716542096#9
0000 0037 2000 0000 0000 0000#1626597664651511#-49.0#3.522019888985432#9
0000 0038 2000 0000 0000 0000#1626597664653426#-48.5#3.2336315008629315#9
0000 0033 2000 0000 0000 0000#1626597664654476#-50.5#5.724816300389213#9
0000 0030 2000 0000 0000 0000#1626597664655518#-51.0#1.3560390164909069#9
0000 002E 2000 0000 0000 0000#1626597664657427#-51.5#2.0923497946760143#9
0000 0035 2000 0000 0000 0000#1626597664921387#-48.0#4.430136515413731#9
0000 0036 2000 0000 0000 0000#1626597664923417#-48.5#4.276738436625168#9
0000 003A 2000 0000 0000 0000#1626597664925143#-46.0#1.9634954084936207#9
0000 0037 2000 0000 0000 0000#1626597664926679#-48.5#3.792000507653305#9
0000 0033 2000 0000 0000 0000#1626597664928010#-50.5#6.080699843178682#9
0000 0039 2000 0000 0000 0000#1626597664929288#-47.0#2.82252464970958#9
0000 002E 2000 0000 0000 0000#1626597664931362#-51.0#2.429825568010856#9
0000 0038 2000 0000 0000 0000#1626597664932924#-47.5#3.454524734318464#9
0000 002F 2000 0000 0000 0000#1626597664934114#-51.0#1.9696313316451632#9
FFFF FFFF FFFF FFFF FFFF FFFF#1626597664935712#-69.5#5.5284667595398505#9
0000 002D 2000 0000 0000 0000#1626597664936761#-52.5#2.6691265709210157#9
0000 0030 2000 0000 0000 0000#1626597664937819#-50.0#1.705786636128833#9
0000 0034 2000 0000 0000 0000#1626597664939135#-49.5#5.301437602932776#9
0000 0032 2000 0000 0000 0000#1626597664940623#-50.5#0.47860200582032003#9
0000 003B 2000 0000 0000 0000#1626597664951576#-65.5#3.4177091954092087#9
0000 0031 2000 0000 0000 0000#1626597664952581#-50.0#1.607611865704152#9
0000 0036 2000 0000 0000 0000#1626597664957373#-48.0#5.098952138931871#9
0000 0039 2000 0000 0000 0000#1626597664958428#-45.5#3.6324665057131984#9
0000 0035 2000 0000 0000 0000#1626597664959504#-48.0#5.258486140871978#9
0000 0037 2000 0000 0000 0000#1626597664961368#-48.0#4.583534594202296#9
0000 0031 2000 0000 0000 0000#1626597664964227#-49.5#1.662835174068035#9
0000 0030 2000 0000 0000 0000#1626597664966036#-50.0#2.5341362615870793#9
0000 003B 2000 0000 0000 0000#1626597664967101#-63.5#3.32567034813607#9
0000 002F 2000 0000 0000 0000#1626597664968137#-51.0#2.7857091108003242#9
0000 0034 2000 0000 0000 0000#1626597664969765#-48.5#6.1850105367549055#9
0000 003A 2000 0000 0000 0000#1626597664970828#-43.5#2.718213956133356#9
0000 002D 2000 0000 0000 0000#1626597664971880#-52.0#3.54042765844006#9
0000 002E 2000 0000 0000 0000#1626597664973477#-50.5#3.3318062712876126#9
0000 0032 2000 0000 0000 0000#1626597664975395#-49.5#1.3989904785517047#9
0000 0033 2000 0000 0000 0000#1626597664976470#-50.0#0.7915340865489908#9
0000 0038 2000 0000 0000 0000#1626597664977776#-46.0#4.28287435977671#9
0000 0030 2000 0000 0000 0000#1626597665243361#-47.0#3.1968159619536762#9
0000 0039 2000 0000 0000 0000#1626597665244713#-43.0#3.933126740138784#9
0000 002F 2000 0000 0000 0000#1626597665245806#-47.5#3.411573272257666#9
0000 003A 2000 0000 0000 0000#1626597665247111#-37.0#2.8838838812250054#9
0000 0038 2000 0000 0000 0000#1626597665249144#-46.5#4.76147636559703#9
0000 0036 2000 0000 0000 0000#1626597665250648#-50.0#6.270913460876501#9
0000 002D 2000 0000 0000 0000#1626597665251714#-49.5#4.049709280018092#9
0000 002E 2000 0000 0000 0000#1626597665252784#-48.5#3.8533597391687304#9
0000 003B 2000 0000 0000 0000#1626597665253826#-46.0#3.2520392703175593#9
0000 0032 2000 0000 0000 0000#1626597665254869#-46.5#2.2948352586769194#9
0000 0035 2000 0000 0000 0000#1626597665255933#-48.5#0.2761165418194154#9
0000 0031 2000 0000 0000 0000#1626597665257796#-45.5#2.4911847995262812#9
0000 0034 2000 0000 0000 0000#1626597665260974#-48.0#1.2210487071569704#9
0000 0033 2000 0000 0000 0000#1626597665264281#-46.5#1.9205439464328227#9
0000 0037 2000 0000 0000 0000#1626597665265402#-49.5#5.460971604872882#9
0000 0035 2000 0000 0000 0000#1626597665270246#-48.5#0.35588354278946877#9
0000 003A 2000 0000 0000 0000#1626597665271538#-36.5#2.9268353432858034#9
0000 0037 2000 0000 0000 0000#1626597665273099#-49.0#5.47937937432751#9
0000 0039 2000 0000 0000 0000#1626597665274434#-43.0#3.9944859716542096#9
0000 0036 2000 0000 0000 0000#1626597665276197#-49.5#0.1349903093339364#9
0000 003B 2000 0000 0000 0000#1626597665277492#-45.5#3.3011266555298997#9
0000 0030 2000 0000 0000 0000#1626597665278545#-46.5#3.2888548092268146#9
0000 0031 2000 0000 0000 0000#1626597665279884#-45.0#2.5770877236478773#9
0000 0032 2000 0000 0000 0000#1626597665282115#-46.0#2.350058567040802#9
0000 002D 2000 0000 0000 0000#1626597665283452#-49.0#4.123340357836604#9
0000 002E 2000 0000 0000 0000#1626597665285473#-48.0#3.9208548938356986#9
0000 002F 2000 0000 0000 0000#1626597665287020#-47.5#3.5158839658338894#9
0000 0034 2000 0000 0000 0000#1626597665288323#-47.5#1.3437671701878218#9
0000 0033 2000 0000 0000 0000#1626597665289515#-46.0#1.9941750242513334#9
0000 0038 2000 0000 0000 0000#1626597665290636#-46.5#4.884194828627882#9
0000 002E 2000 0000 0000 0000#1626597665565519#-45.5#4.3074180523828804#9
0000 002F 2000 0000 0000 0000#1626597665566568#-45.5#3.9699422790480394#9
0000 002D 2000 0000 0000 0000#1626597665568758#-47.5#4.466952054322987#9
0000 003B 2000 0000 0000 0000#1626597665570310#-41.0#3.767456815047135#9
0000 0031 2000 0000 0000 0000#1626597665572320#-43.0#3.2090878082567613#9
0000 0039 2000 0000 0000 0000#1626597665573386#-43.0#4.914874444385594#9
0000 0035 2000 0000 0000 0000#1626597665575161#-45.5#1.5585244804918115#9
0000 0030 2000 0000 0000 0000#1626597665576504#-44.0#3.80427235395639#9
0000 003A 2000 0000 0000 0000#1626597665577809#-35.0#3.6815538909255388#9
0000 0034 2000 0000 0000 0000#1626597665579099#-44.0#2.2212041808584084#9
0000 0032 2000 0000 0000 0000#1626597665580429#-43.0#3.031146036862027#9
0000 0038 2000 0000 0000 0000#1626597665581496#-47.0#6.007068765360171#9
0000 0036 2000 0000 0000 0000#1626597665583657#-46.5#1.3928545554001621#9
0000 0037 2000 0000 0000 0000#1626597665585318#-48.5#0.5890486225480862#9
0000 0033 2000 0000 0000 0000#1626597665587479#-43.0#2.767301341345697#9
0000 003A 2000 0000 0000 0000#1626597665593213#-35.0#3.724505352986337#9
0000 003B 2000 0000 0000 0000#1626597665594623#-41.0#3.8533597391687304#9
0000 0031 2000 0000 0000 0000#1626597665595717#-42.5#3.2704470397721868#9
0000 0036 2000 0000 0000 0000#1626597665596796#-46.5#1.4603497100671303#9
0000 0032 2000 0000 0000 0000#1626597665598137#-43.0#3.0802334220743677#9
0000 0030 2000 0000 0000 0000#1626597665600207#-44.0#3.847223816017188#9
0000 0039 2000 0000 0000 0000#1626597665602022#-42.5#5.019185137961818#9
0000 0037 2000 0000 0000 0000#1626597665603114#-48.5#0.6504078540635119#9
0000 0038 2000 0000 0000 0000#1626597665604191#-47.5#6.154330920997192#9
0000 002D 2000 0000 0000 0000#1626597665605430#-48.0#4.546719055293041#9
0000 002E 2000 0000 0000 0000#1626597665606750#-45.5#4.362641360746763#9
0000 002F 2000 0000 0000 0000#1626597665608083#-45.0#4.049709280018092#9
0000 0035 2000 0000 0000 0000#1626597665609159#-45.0#1.6689710972195777#9
0000 0033 2000 0000 0000 0000#1626597665610193#-42.5#2.82252464970958#9
0000 0034 2000 0000 0000 0000#1626597665611254#-44.0#2.3071071049800045#9
0000 0035 2000 0000 0000 0000#1626597665890004#-41.5#1.902136176978195#9
0000 0031 2000 0000 0000 0000#1626597665891026#-40.5#3.2888548092268146#9
0000 002D 2000 0000 0000 0000#1626597665892651#-46.5#4.374913207049849#9
0000 003B 2000 0000 0000 0000#1626597665893734#-40.0#4.264466590322082#9
0000 0030 2000 0000 0000 0000#1626597665894805#-43.0#3.822680123411018#9
0000 002E 2000 0000 0000 0000#1626597665895845#-44.5#4.252194744018997#9
0000 003A 2000 0000 0000 0000#1626597665897105#-35.0#4.362641360746763#9
0000 0032 2000 0000 0000 0000#1626597665898379#-40.5#3.153864499892878#9
0000 0034 2000 0000 0000 0000#1626597665900143#-41.5#2.4175537217077703#9
0000 0039 2000 0000 0000 0000#1626597665901723#-42.0#5.755495916146925#9
0000 0033 2000 0000 0000 0000#1626597665902881#-39.5#2.890019804376548#9
0000 0036 2000 0000 0000 0000#1626597665907314#-43.0#1.8346410223112268#9
0000 002F 2000 0000 0000 0000#1626597665908895#-44.0#4.000621894805752#9
0000 0038 2000 0000 0000 0000#1626597665910072#-45.0#0.662679700366597#9
0000 0037 2000 0000 0000 0000#1626597665911151#-44.5#1.2578642460662257#9
0000 003A 2000 0000 0000 0000#1626597665915027#-34.5#4.454680208019902#9
0000 002D 2000 0000 0000 0000#1626597665916336#-47.0#4.424000592262189#9
0000 002E 2000 0000 0000 0000#1626597665917363#-44.5#4.28287435977671#9
0000 0031 2000 0000 0000 0000#1626597665918697#-40.0#3.356349963893783#9
0000 0033 2000 0000 0000 0000#1626597665920101#-39.5#2.9391071895888885#9
0000 0037 2000 0000 0000 0000#1626597665921607#-45.0#1.2578642460662257#9
0000 002F 2000 0000 0000 0000#1626597665923880#-44.0#4.031301510563465#9
0000 0035 2000 0000 0000 0000#1626597665924942#-41.5#1.9941750242513334#9
0000 003B 2000 0000 0000 0000#1626597665926041#-40.0#4.374913207049849#9
0000 0032 2000 0000 0000 0000#1626597665927132#-40.5#3.2029518851052186#9
0000 0038 2000 0000 0000 0000#1626597665928168#-45.0#0.7179030087304801#9
0000 0030 2000 0000 0000 0000#1626597665929951#-43.0#3.890175278077986#9
0000 0039 2000 0000 0000 0000#1626597665935326#-41.5#5.896622148632405#9
0000 0034 2000 0000 0000 0000#1626597665936730#-40.5#2.497320722677824#9
0000 0036 2000 0000 0000 0000#1626597665937822#-42.5#1.9082721001297376#9
0000 002F 2000 0000 0000 0000#1626597666201150#-42.5#5.448699758569798#9
0000 0039 2000 0000 0000 0000#1626597666202259#-39.0#1.5707963267948966#9
0000 0036 2000 0000 0000 0000#1626597666203353#-40.0#3.509748042682347#9
0000 0034 2000 0000 0000 0000#1626597666204629#-38.5#4.074252972624263#9
0000 0038 2000 0000 0000 0000#1626597666205682#-41.0#2.478912953223196#9
0000 0032 2000 0000 0000 0000#1626597666207512#-38.5#4.767612288748572#9
0000 003B 2000 0000 0000 0000#1626597666210258#-38.5#0.17794177139473438#9
0000 0035 2000 0000 0000 0000#1626597666211567#-38.5#3.6201946594101133#9
0000 003A 2000 0000 0000 0000#1626597666212873#-32.0#0.3436116964863836#9
0000 0031 2000 0000 0000 0000#1626597666214695#-38.0#4.896466674930966#9
0000 0033 2000 0000 0000 0000#1626597666215996#-38.5#4.583534594202296#9
0000 0037 2000 0000 0000 0000#1626597666217078#-41.5#2.9575149590435164#9
0000 002D 2000 0000 0000 0000#1626597666218159#-46.0#5.737088146692298#9
0000 0030 2000 0000 0000 0000#1626597666220809#-41.0#5.350524988145116#9
0000 002E 2000 0000 0000 0000#1626597666222134#-43.5#5.66959299202533#9
0000 0035 2000 0000 0000 0000#1626597666229515#-38.5#3.6692820446224537#9
0000 0036 2000 0000 0000 0000#1626597666231049#-40.0#3.56497135104623#9
0000 0034 2000 0000 0000 0000#1626597666232449#-37.0#4.135612204139688#9
0000 0033 2000 0000 0000 0000#1626597666234520#-37.5#4.601942363656923#9
0000 002D 2000 0000 0000 0000#1626597666235811#-46.0#5.767767762450011#9
0000 0030 2000 0000 0000 0000#1626597666237113#-41.0#5.350524988145116#9
0000 002F 2000 0000 0000 0000#1626597666238433#-42.5#5.491651220630596#9
0000 0038 2000 0000 0000 0000#1626597666240226#-40.5#2.5586799541932495#9
0000 0032 2000 0000 0000 0000#1626597666241542#-38.5#4.828971520263998#9
0000 003A 2000 0000 0000 0000#1626597666242819#-32.0#0.4663301595172349#9
0000 003B 2000 0000 0000 0000#1626597666244114#-38.0#0.32520392703175593#9
0000 002E 2000 0000 0000 0000#1626597666245195#-43.5#5.6941366846315#9
0000 0031 2000 0000 0000 0000#1626597666246747#-38.0#4.9394181369917645#9
0000 0039 2000 0000 0000 0000#1626597666250191#-38.5#1.7241944055834606#9
0000 0037 2000 0000 0000 0000#1626597666252297#-41.0#3.067961575771282#9
0000 0030 2000 0000 0000 0000#1626597666516578#-40.5#5.553010452146021#9
0000 0035 2000 0000 0000 0000#1626597666517854#-37.0#4.000621894805752#9
0000 0039 2000 0000 0000 0000#1626597666519121#-35.5#2.3009711818284617#9
0000 003A 2000 0000 0000 0000#1626597666520651#-29.5#1.2578642460662257#9
0000 0038 2000 0000 0000 0000#1626597666522443#-38.0#3.043417883165112#9
0000 002F 2000 0000 0000 0000#1626597666523508#-42.0#5.632777453116074#9
0000 002D 2000 0000 0000 0000#1626597666524816#-46.0#5.755495916146925#9
0000 0036 2000 0000 0000 0000#1626597666526606#-38.0#3.9453985864418692#9
0000 0034 2000 0000 0000 0000#1626597666527767#-35.5#4.460816131171445#9
0000 0033 2000 0000 0000 0000#1626597666530061#-37.0#4.92714629068868#9
0000 0037 2000 0000 0000 0000#1626597666531141#-38.0#3.448388811166921#9
0000 003B 2000 0000 0000 0000#1626597666532930#-36.0#1.2333205534600555#9
0000 002E 2000 0000 0000 0000#1626597666534373#-43.0#5.755495916146925#9
0000 0031 2000 0000 0000 0000#1626597666536734#-37.0#5.178719139901925#9
0000 0032 2000 0000 0000 0000#1626597666537769#-37.0#5.105088062083414#9
0000 0033 2000 0000 0000 0000#1626597666543949#-36.0#4.933282213840222#9
0000 0034 2000 0000 0000 0000#1626597666545108#-35.5#4.491495746929157#9
0000 0035 2000 0000 0000 0000#1626597666546169#-36.5#4.061981126321178#9
0000 0036 2000 0000 0000 0000#1626597666548417#-38.0#3.9760782021995817#9
0000 0039 2000 0000 0000 0000#1626597666550649#-35.5#2.36846633649543#9
0000 002D 2000 0000 0000 0000#1626597666552956#-45.5#5.786175531904639#9
0000 003A 2000 0000 0000 0000#1626597666553947#-29.5#1.3560390164909069#9
0000 003B 2000 0000 0000 0000#1626597666555270#-36.0#1.2946797849754812#9
0000 0032 2000 0000 0000 0000#1626597666558559#-36.0#5.123495831538041#9
0000 002F 2000 0000 0000 0000#1626597666559666#-41.5#5.66959299202533#9
0000 0037 2000 0000 0000 0000#1626597666561596#-38.0#3.5036121195308043#9
0000 0038 2000 0000 0000 0000#1626597666562650#-38.0#3.117048960983623#9
0000 0031 2000 0000 0000 0000#1626597666564214#-37.0#5.221670601962723#9
0000 0030 2000 0000 0000 0000#1626597666565272#-40.0#5.589825991055276#9
0000 002E 2000 0000 0000 0000#1626597666567764#-43.0#5.786175531904639#9
0000 0034 2000 0000 0000 0000#1626597666837635#-35.5#4.73693267299086#9
0000 0035 2000 0000 0000 0000#1626597666838700#-35.5#4.313553975534423#9
0000 0031 2000 0000 0000 0000#1626597666840208#-37.5#5.332117218690489#9
0000 0037 2000 0000 0000 0000#1626597666841283#-37.0#3.767456815047135#9
0000 0032 2000 0000 0000 0000#1626597666842618#-37.0#5.283029833478148#9
0000 0030 2000 0000 0000 0000#1626597666843986#-40.0#5.64504929941916#9
0000 003B 2000 0000 0000 0000#1626597666845043#-34.0#2.030990563160589#9
0000 0033 2000 0000 0000 0000#1626597666846091#-36.5#5.1725832167503825#9
0000 0038 2000 0000 0000 0000#1626597666848852#-35.0#3.466796580621549#9
0000 0039 2000 0000 0000 0000#1626597666850131#-33.0#2.84706834231575#9
0000 0036 2000 0000 0000 0000#1626597666851710#-36.5#4.246058820867455#9
0000 003A 2000 0000 0000 0000#1626597666853285#-27.5#2.0371264863121317#9
0000 002F 2000 0000 0000 0000#1626597666854647#-41.5#5.688000761479957#9
0000 002D 2000 0000 0000 0000#1626597666857650#-46.5#5.638913376267617#9
0000 002E 2000 0000 0000 0000#1626597666858720#-43.5#5.6941366846315#9
0000 002D 2000 0000 0000 0000#1626597666865496#-46.5#5.626641529964532#9
0000 003A 2000 0000 0000 0000#1626597666867712#-27.5#2.0800779483729293#9
0000 0037 2000 0000 0000 0000#1626597666869767#-37.0#3.816544200259475#9
0000 0033 2000 0000 0000 0000#1626597666871342#-37.0#5.190990986205009#9
0000 0030 2000 0000 0000 0000#1626597666872457#-40.0#5.66959299202533#9
0000 0036 2000 0000 0000 0000#1626597666873789#-36.5#4.276738436625168#9
0000 0039 2000 0000 0000 0000#1626597666874844#-33.0#2.9022916506796332#9
0000 0031 2000 0000 0000 0000#1626597666876379#-37.5#5.387340527054372#9
0000 002F 2000 0000 0000 0000#1626597666877745#-41.5#5.688000761479957#9
0000 0032 2000 0000 0000 0000#1626597666878821#-37.0#5.3198453723874035#9
0000 0034 2000 0000 0000 0000#1626597666879995#-36.0#4.798291904506286#9
0000 0035 2000 0000 0000 0000#1626597666881317#-35.5#4.368777283898306#9
0000 0038 2000 0000 0000 0000#1626597666882383#-35.5#3.5281558121369745#9
0000 003B 2000 0000 0000 0000#1626597666883677#-34.0#2.1659808724945253#9
0000 002E 2000 0000 0000 0000#1626597666884775#-43.5#5.712544454086128#9
0000 0035 2000 0000 0000 0000#1626597667151560#-36.0#4.1601558967458585#9
0000 003B 2000 0000 0000 0000#1626597667154194#-32.5#2.411417798556228#9
0000 0033 2000 0000 0000 0000#1626597667155243#-38.0#4.95168998329485#9
0000 0030 2000 0000 0000 0000#1626597667156327#-41.0#5.184855063053467#9
0000 003A 2000 0000 0000 0000#1626597667157402#-26.5#2.2457478734645786#9
0000 0036 2000 0000 0000 0000#1626597667158669#-37.0#4.0987966652304335#9
0000 0034 2000 0000 0000 0000#1626597667159955#-37.0#4.565126824747668#9
0000 0038 2000 0000 0000 0000#1626597667160938#-35.0#3.436116964863836#9
0000 002F 2000 0000 0000 0000#1626597667161944#-42.5#5.166447293598839#9
0000 0039 2000 0000 0000 0000#1626597667162970#-32.0#2.9022916506796332#9
0000 0037 2000 0000 0000 0000#1626597667164780#-36.5#3.693825737228624#9
0000 0032 2000 0000 0000 0000#1626597667167310#-38.0#5.013049214810275#9
0000 0031 2000 0000 0000 0000#1626597667168372#-38.5#5.00077736850719#9
0000 002E 2000 0000 0000 0000#1626597667171979#-44.5#5.056000676871073#9
0000 002D 2000 0000 0000 0000#1626597667173061#-48.0#4.896466674930966#9
0000 0039 2000 0000 0000 0000#1626597667176518#-32.0#2.9329712664373457#9
0000 003B 2000 0000 0000 0000#1626597667179465#-32.5#2.4727770300716534#9
0000 0031 2000 0000 0000 0000#1626597667181180#-38.5#5.006913291658733#9
0000 0036 2000 0000 0000 0000#1626597667183401#-37.0#4.111068511533518#9
0000 0038 2000 0000 0000 0000#1626597667184510#-35.0#3.472932503773092#9
0000 003A 2000 0000 0000 0000#1626597667185514#-27.0#2.3316507975861747#9
0000 002D 2000 0000 0000 0000#1626597667187192#-48.0#4.884194828627882#9
0000 0034 2000 0000 0000 0000#1626597667188660#-37.0#4.577398671050753#9
0000 0035 2000 0000 0000 0000#1626597667190269#-36.0#4.190835512503572#9
0000 002F 2000 0000 0000 0000#1626597667191403#-43.0#5.154175447295755#9
0000 0030 2000 0000 0000 0000#1626597667192490#-41.5#5.178719139901925#9
0000 0037 2000 0000 0000 0000#1626597667202471#-36.5#3.9576704327449543#9
0000 002E 2000 0000 0000 0000#1626597667204812#-44.5#5.21553467881118#9
0000 0032 2000 0000 0000 0000#1626597667205832#-38.5#5.178719139901925#9
0000 0033 2000 0000 0000 0000#1626597667206880#-38.0#5.154175447295755#9
0000 0034 2000 0000 0000 0000#1626597667469818#-37.5#5.589825991055276#9
0000 0031 2000 0000 0000 0000#1626597667471157#-40.0#5.822991070813893#9
0000 0030 2000 0000 0000 0000#1626597667472228#-42.5#5.927301764390117#9
0000 002D 2000 0000 0000 0000#1626597667473308#-49.5#5.411884219660542#9
0000 0039 2000 0000 0000 0000#1626597667476097#-31.5#4.485359823777615#9
0000 0038 2000 0000 0000 0000#1626597667477375#-34.5#4.853515212870168#9
0000 003A 2000 0000 0000 0000#1626597667478467#-26.5#3.9760782021995817#9
0000 002F 2000 0000 0000 0000#1626597667479586#-44.5#5.822991070813893#9
0000 0035 2000 0000 0000 0000#1626597667480893#-36.5#5.289165756629691#9
0000 0033 2000 0000 0000 0000#1626597667482507#-38.0#5.896622148632405#9
0000 003B 2000 0000 0000 0000#1626597667483861#-31.5#4.25833066717054#9
0000 0032 2000 0000 0000 0000#1626597667484922#-40.0#5.841398840268521#9
0000 0037 2000 0000 0000 0000#1626597667486724#-36.0#5.00077736850719#9
0000 0036 2000 0000 0000 0000#1626597667487790#-37.0#5.264622064023521#9
0000 002E 2000 0000 0000 0000#1626597667489502#-46.5#5.6143696836614465#9
0000 0038 2000 0000 0000 0000#1626597667497260#-34.5#4.884194828627882#9
0000 0035 2000 0000 0000 0000#1626597667498327#-36.5#5.283029833478148#9
0000 0031 2000 0000 0000 0000#1626597667499417#-40.0#5.792311455056181#9
0000 003A 2000 0000 0000 0000#1626597667500937#-26.5#4.0128937411088375#9
0000 0033 2000 0000 0000 0000#1626597667503156#-39.5#5.878214379177777#9
0000 003B 2000 0000 0000 0000#1626597667504413#-31.5#4.3074180523828804#9
0000 002E 2000 0000 0000 0000#1626597667506222#-46.5#5.602097837358362#9
0000 0030 2000 0000 0000 0000#1626597667508303#-43.0#5.8659425328746915#9
0000 002D 2000 0000 0000 0000#1626597667509611#-49.5#5.338253141842031#9
0000 0039 2000 0000 0000 0000#1626597667511134#-31.5#4.528311285838413#9
0000 0032 2000 0000 0000 0000#1626597667512194#-39.5#5.822991070813893#9
0000 002F 2000 0000 0000 0000#1626597667513272#-44.5#5.786175531904639#9
0000 0034 2000 0000 0000 0000#1626597667514433#-36.5#5.5714182216006485#9
0000 0037 2000 0000 0000 0000#1626597667515641#-36.0#5.019185137961818#9
0000 0036 2000 0000 0000 0000#1626597667517431#-37.0#5.2768939103266055#9
0000 002E 2000 0000 0000 0000#1626597667787181#-47.5#4.95168998329485#9
0000 0039 2000 0000 0000 0000#1626597667788323#-32.0#4.638757902566179#9
0000 0036 2000 0000 0000 0000#1626597667789429#-37.0#5.056000676871073#9
0000 003B 2000 0000 0000 0000#1626597667790739#-32.5#4.638757902566179#9
0000 0033 2000 0000 0000 0000#1626597667792042#-40.5#5.3627968344482015#9
0000 003A 2000 0000 0000 0000#1626597667793104#-26.0#4.227651051412827#9
0000 0038 2000 0000 0000 0000#1626597667795429#-34.5#4.890330751779424#9
0000 002D 2000 0000 0000 0000#1626597667797322#-51.0#4.675573441475434#9
0000 0030 2000 0000 0000 0000#1626597667798378#-44.0#5.209398755659637#9
0000 0037 2000 0000 0000 0000#1626597667799457#-36.0#4.908738521234052#9
0000 0031 2000 0000 0000 0000#1626597667800492#-41.0#5.154175447295755#9
0000 002F 2000 0000 0000 0000#1626597667802048#-45.5#5.111223985234957#9
0000 0032 2000 0000 0000 0000#1626597667803110#-40.5#5.2339424482658075#9
0000 0034 2000 0000 0000 0000#1626597667813254#-38.5#4.779884135051658#9
0000 0035 2000 0000 0000 0000#1626597667814576#-37.0#4.638757902566179#9
0000 0031 2000 0000 0000 0000#1626597667818331#-42.0#4.767612288748572#9
0000 0039 2000 0000 0000 0000#1626597667819443#-31.5#4.264466590322082#9
0000 003A 2000 0000 0000 0000#1626597667820532#-27.0#3.847223816017188#9
0000 003B 2000 0000 0000 0000#1626597667821541#-32.0#4.295146206079795#9
0000 0034 2000 0000 0000 0000#1626597667822832#-38.0#4.773748211900116#9
0000 0035 2000 0000 0000 0000#1626597667823852#-37.0#4.626486056263094#9
0000 0032 2000 0000 0000 0000#1626597667825454#-41.0#4.841243366567084#9
0000 0038 2000 0000 0000 0000#1626597667827005#-34.5#4.516039439535327#9
0000 0037 2000 0000 0000 0000#1626597667828312#-36.0#4.522175362686871#9
0000 0036 2000 0000 0000 0000#1626597667831479#-37.5#4.663301595172349#9
0000 002F 2000 0000 0000 0000#1626597667833054#-46.5#4.657165672020807#9
0000 0033 2000 0000 0000 0000#1626597667834114#-40.0#4.933282213840222#9
0000 002E 2000 0000 0000 0000#1626597667835455#-47.5#4.454680208019902#9
0000 002D 2000 0000 0000 0000#1626597667836778#-51.0#4.2031073588066565#9
0000 0030 2000 0000 0000 0000#1626597667839302#-44.5#4.779884135051658#9
0000 0031 2000 0000 0000 0000#1626597668108501#-42.5#4.3933209765044765#9
0000 002F 2000 0000 0000 0000#1626597668109810#-47.5#4.3503695144436785#9
0000 0037 2000 0000 0000 0000#1626597668110872#-35.5#4.534447208989955#9
0000 0036 2000 0000 0000 0000#1626597668111923#-37.0#4.534447208989955#9
0000 0033 2000 0000 0000 0000#1626597668113498#-41.5#4.632621979414636#9
0000 0030 2000 0000 0000 0000#1626597668115037#-45.5#4.430136515413731#9
0000 002D 2000 0000 0000 0000#1626597668116831#-53.5#3.785864584501762#9
0000 0038 2000 0000 0000 0000#1626597668118167#-34.0#4.6448938257177215#9
0000 0034 2000 0000 0000 0000#1626597668119713#-38.0#4.509903516383785#9
0000 002E 2000 0000 0000 0000#1626597668120738#-50.0#4.111068511533518#9
0000 003A 2000 0000 0000 0000#1626597668122152#-24.5#4.295146206079795#9
0000 0039 2000 0000 0000 0000#1626597668123221#-31.5#4.528311285838413#9
0000 0032 2000 0000 0000 0000#1626597668124595#-40.5#4.442408361716817#9
0000 003B 2000 0000 0000 0000#1626597668125718#-32.0#4.865787059173254#9
0000 0035 2000 0000 0000 0000#1626597668127012#-36.5#4.430136515413731#9
0000 0031 2000 0000 0000 0000#1626597668134963#-42.5#4.331961744989051#9
0000 0033 2000 0000 0000 0000#1626597668136070#-41.0#4.595806440505381#9
0000 002F 2000 0000 0000 0000#1626597668137373#-47.5#4.3074180523828804#9
0000 0034 2000 0000 0000 0000#1626597668138677#-38.0#4.479223900626073#9
0000 0038 2000 0000 0000 0000#1626597668140940#-34.0#4.638757902566179#9
0000 0039 2000 0000 0000 0000#1626597668142476#-31.0#4.509903516383785#9
0000 0032 2000 0000 0000 0000#1626597668143525#-41.5#4.430136515413731#9
0000 0036 2000 0000 0000 0000#1626597668145557#-37.0#4.4976316700806995#9
0000 0030 2000 0000 0000 0000#1626597668146626#-45.5#4.374913207049849#9
0000 003A 2000 0000 0000 0000#1626597668148641#-26.0#4.3074180523828804#9
0000 003B 2000 0000 0000 0000#1626597668149722#-31.5#4.890330751779424#9
0000 0037 2000 0000 0000 0000#1626597668153028#-35.5#4.491495746929157#9
0000 002D 2000 0000 0000 0000#1626597668154693#-54.0#3.6754179677739964#9
0000 002E 2000 0000 0000 0000#1626597668155718#-50.5#4.01902966426038#9
0000 0035 2000 0000 0000 0000#1626597668157977#-36.0#4.381049130201391#9
0000 002D 2000 0000 0000 0000#1626597668430619#-57.5#2.1475731030398975#9
0000 0036 2000 0000 0000 0000#1626597668431710#-36.5#3.6324665057131984#9
0000 0032 2000 0000 0000 0000#1626597668432790#-43.5#3.356349963893783#9
0000 003A 2000 0000 0000 0000#1626597668434349#-27.0#3.902447124381071#9
0000 003B 2000 0000 0000 0000#1626597668435390#-32.0#4.681709364626977#9
0000 0039 2000 0000 0000 0000#1626597668437478#-31.5#3.9638063558964967#9
0000 0031 2000 0000 0000 0000#1626597668438797#-45.0#3.1906800388021335#9
0000 002E 2000 0000 0000 0000#1626597668439854#-53.5#2.6691265709210157#9
0000 0033 2000 0000 0000 0000#1626597668441143#-42.0#3.5342917352885173#9
0000 0038 2000 0000 0000 0000#1626597668444144#-34.0#3.9576704327449543#9
0000 0037 2000 0000 0000 0000#1626597668445862#-35.5#3.749049045592507#9
0000 0034 2000 0000 0000 0000#1626597668446981#-38.0#3.509748042682347#9
0000 002F 2000 0000 0000 0000#1626597668448682#-51.5#3.000466421104314#9
0000 0030 2000 0000 0000 0000#1626597668451779#-49.5#3.141592653589793#9
0000 0035 2000 0000 0000 0000#1626597668452771#-36.5#3.479068426924634#9
0000 002E 2000 0000 0000 0000#1626597668458379#-54.0#2.5770877236478773#9
0000 0038 2000 0000 0000 0000#1626597668459488#-34.5#3.9392626632903265#9
0000 0031 2000 0000 0000 0000#1626597668460608#-45.5#3.1231848841351653#9
0000 002F 2000 0000 0000 0000#1626597668461646#-51.0#2.9268353432858034#9
0000 002D 2000 0000 0000 0000#1626597668463862#-58.0#2.024854640009046#9
0000 0039 2000 0000 0000 0000#1626597668465170#-31.5#3.9515345095934116#9
0000 003A 2000 0000 0000 0000#1626597668466580#-25.0#3.877903431774901#9
0000 0032 2000 0000 0000 0000#1626597668467715#-43.5#3.2581751934691017#9
0000 0035 2000 0000 0000 0000#1626597668469058#-36.5#3.448388811166921#9
0000 0034 2000 0000 0000 0000#1626597668471431#-38.5#3.4606606574700063#9
0000 0037 2000 0000 0000 0000#1626597668472507#-35.5#3.706097583531709#9
0000 003B 2000 0000 0000 0000#1626597668473592#-32.5#4.6878452877785195#9
0000 0033 2000 0000 0000 0000#1626597668474636#-42.0#3.448388811166921#9
0000 0036 2000 0000 0000 0000#1626597668475675#-37.0#3.56497135104623#9
0000 0030 2000 0000 0000 0000#1626597668477596#-50.0#3.067961575771282#9
0000 0030 2000 0000 0000 0000#1626597668741303#-51.5#2.675262494072558#9
0000 0039 2000 0000 0000 0000#1626597668742340#-30.5#4.3933209765044765#9
0000 002E 2000 0000 0000 0000#1626597668743353#-55.5#1.7732817907958012#9
0000 0033 2000 0000 0000 0000#1626597668744344#-43.0#3.442252888015379#9
0000 0034 2000 0000 0000 0000#1626597668745881#-38.5#3.5895150436524004#9
0000 003A 2000 0000 0000 0000#1626597668749064#-25.5#4.460816131171445#9
0000 0031 2000 0000 0000 0000#1626597668750932#-47.0#2.8286605728611223#9
0000 002F 2000 0000 0000 0000#1626597668751999#-53.5#2.3439226438892597#9
0000 0036 2000 0000 0000 0000#1626597668754033#-36.5#3.785864584501762#9
0000 003B 2000 0000 0000 0000#1626597668756039#-31.5#5.332117218690489#9
0000 0035 2000 0000 0000 0000#1626597668759496#-36.5#3.6017868899554855#9
0000 0037 2000 0000 0000 0000#1626597668760575#-35.0#3.9944859716542096#9
0000 0038 2000 0000 0000 0000#1626597668761641#-33.0#4.252194744018997#9
0000 002D 2000 0000 0000 0000#1626597668762904#-55.5#0.9756117810952678#9
0000 0032 2000 0000 0000 0000#1626597668765146#-46.0#2.9943304979527716#9
0000 003A 2000 0000 0000 0000#1626597668769480#-25.5#4.4362724385652745#9
0000 0036 2000 0000 0000 0000#1626597668771042#-37.0#3.736777199289422#9
0000 003B 2000 0000 0000 0000#1626597668773166#-31.5#5.313709449235861#9
0000 0035 2000 0000 0000 0000#1626597668774231#-36.5#3.5465635815916023#9
0000 0038 2000 0000 0000 0000#1626597668775281#-33.0#4.227651051412827#9
0000 0030 2000 0000 0000 0000#1626597668777327#-52.0#2.429825568010856#9
0000 002F 2000 0000 0000 0000#1626597668778918#-53.5#2.172116795646068#9
0000 0039 2000 0000 0000 0000#1626597668780000#-30.5#4.325825821837508#9
0000 0033 2000 0000 0000 0000#1626597668781090#-44.0#3.3072625786814425#9
0000 002D 2000 0000 0000 0000#1626597668782369#-54.5#0.8528933180644165#9
0000 0032 2000 0000 0000 0000#1626597668783430#-45.5#2.9206994201342606#9
0000 0031 2000 0000 0000 0000#1626597668784479#-47.5#2.6875343403756435#9
0000 0034 2000 0000 0000 0000#1626597668785514#-39.0#3.448388811166921#9
0000 002E 2000 0000 0000 0000#1626597668788050#-55.5#1.4848934026733007#9
0000 0037 2000 0000 0000 0000#1626597668789386#-35.5#3.9269908169872414#9
0000 0034 2000 0000 0000 0000#1626597669058032#-41.5#2.000310947402876#9
0000 0035 2000 0000 0000 0000#1626597669060421#-38.5#2.116893487282185#9
0000 0036 2000 0000 0000 0000#1626597669061470#-39.0#2.350058567040802#9
0000 003B 2000 0000 0000 0000#1626597669062747#-32.0#4.399456899656019#9
0000 002E 2000 0000 0000 0000#1626597669063834#-45.5#4.816699673960914#9
0000 0039 2000 0000 0000 0000#1626597669064887#-32.5#3.098641191528995#9
0000 0033 2000 0000 0000 0000#1626597669066431#-47.5#1.662835174068035#9
0000 0037 2000 0000 0000 0000#1626597669067736#-36.5#2.5954954931025047#9
0000 0038 2000 0000 0000 0000#1626597669069102#-34.5#2.9084275738311756#9
0000 003A 2000 0000 0000 0000#1626597669070207#-27.0#3.2581751934691017#9
0000 002D 2000 0000 0000 0000#1626597669071276#-47.0#4.540583132141498#9
0000 0030 2000 0000 0000 0000#1626597669072430#-51.5#5.915029918087033#9
0000 002F 2000 0000 0000 0000#1626597669073448#-49.5#5.553010452146021#9
0000 0031 2000 0000 0000 0000#1626597669074728#-51.0#0.5890486225480862#9
0000 0032 2000 0000 0000 0000#1626597669076515#-49.5#1.043106935762236#9
0000 0031 2000 0000 0000 0000#1626597669081428#-51.0#0.5583690067903734#9
0000 0039 2000 0000 0000 0000#1626597669082481#-32.5#3.055689729468197#9
0000 002F 2000 0000 0000 0000#1626597669084295#-49.0#5.448699758569798#9
0000 003B 2000 0000 0000 0000#1626597669085363#-32.0#4.362641360746763#9
0000 0038 2000 0000 0000 0000#1626597669086459#-35.0#2.8716120349219203#9
0000 0037 2000 0000 0000 0000#1626597669087482#-37.0#2.5402721847386216#9
0000 0032 2000 0000 0000 0000#1626597669089063#-48.5#1.000155473701438#9
0000 0035 2000 0000 0000 0000#1626597669090897#-39.0#2.0493983326152168#9
0000 002D 2000 0000 0000 0000#1626597669091976#-47.5#4.473087977474529#9
0000 003A 2000 0000 0000 0000#1626597669093282#-27.0#3.2090878082567613#9
0000 0036 2000 0000 0000 0000#1626597669094361#-39.5#2.2396119503130363#9
0000 0033 2000 0000 0000 0000#1626597669095634#-48.0#1.5278448647340985#9
0000 0034 2000 0000 0000 0000#1626597669102028#-42.0#1.8653206380689396#9
0000 0030 2000 0000 0000 0000#1626597669103312#-50.5#5.608233760509904#9
0000 002E 2000 0000 0000 0000#1626597669104354#-46.0#4.638757902566179#9
0000 003A 2000 0000 0000 0000#1626597669371835#-28.0#2.8532042654672924#9
0000 0037 2000 0000 0000 0000#1626597669372886#-39.0#2.12916533358527#9
0000 0035 2000 0000 0000 0000#1626597669374818#-42.5#1.5033011721279284#9
0000 0030 2000 0000 0000 0000#1626597669375914#-43.5#4.270602513473625#9
0000 002F 2000 0000 0000 0000#1626597669377238#-45.0#4.129476280988146#9
0000 003B 2000 0000 0000 0000#1626597669378560#-33.0#4.086524818927348#9
0000 0032 2000 0000 0000 0000#1626597669379634#-48.0#5.399612373357457#9
0000 0034 2000 0000 0000 0000#1626597669380954#-45.0#1.0799224746714913#9
0000 0031 2000 0000 0000 0000#1626597669382248#-44.5#4.743068596142402#9
0000 002E 2000 0000 0000 0000#1626597669383274#-54.5#4.061981126321178#9
0000 0036 2000 0000 0000 0000#1626597669384587#-42.0#1.7119225592803755#9
0000 0039 2000 0000 0000 0000#1626597669386282#-33.5#2.650718801466388#9
0000 0033 2000 0000 0000 0000#1626597669387915#-50.0#0.14112623248547898#9
0000 0038 2000 0000 0000 0000#1626597669388978#-37.0#2.4727770300716534#9
0000 002D 2000 0000 0000 0000#1626597669390291#-61.0#2.82252464970958#9
0000 0037 2000 0000 0000 0000#1626597669394466#-39.5#2.0923497946760143#9
FFFF FFFF FFFF FFFF FFFF FFFF#1626597669396072#-69.0#0.17794177139473438#9
0000 0032 2000 0000 0000 0000#1626597669397585#-47.0#5.246214294568893#9
0000 0031 2000 0000 0000 0000#1626597669398893#-44.0#4.651029748869264#9
0000 0039 2000 0000 0000 0000#1626597669400163#-33.5#2.6200391857086753#9
0000 003B 2000 0000 0000 0000#1626597669401912#-33.5#4.0558452031696355#9
0000 0030 2000 0000 0000 0000#1626597669403510#-43.5#4.196971435655114#9
0000 0034 2000 0000 0000 0000#1626597669404818#-45.0#0.9510680884890975#9
0000 0033 2000 0000 0000 0000#1626597669407852#-48.5#6.2463697682703305#9
0000 002D 2000 0000 0000 0000#1626597669408922#-61.5#2.8102528034064944#9
0000 003A 2000 0000 0000 0000#1626597669410302#-26.5#2.791845033951867#9
0000 0038 2000 0000 0000 0000#1626597669411584#-37.5#2.429825568010856#9
0000 0036 2000 0000 0000 0000#1626597669413003#-43.0#1.6137477888556946#9
0000 002E 2000 0000 0000 0000#1626597669414375#-57.0#3.9269908169872414#9
0000 0035 2000 0000 0000 0000#1626597669416763#-42.5#1.3314953238847365#9
0000 002F 2000 0000 0000 0000#1626597669418354#-46.0#4.031301510563465#9
0000 002E 2000 0000 0000 0000#1626597669686652#-57.5#1.000155473701438#9
0000 0035 2000 0000 0000 0000#1626597669687727#-46.5#5.534602682691394#9
0000 002D 2000 0000 0000 0000#1626597669690343#-58.0#6.277049384028044#9
0000 0038 2000 0000 0000 0000#1626597669691394#-42.5#1.368310862793992#9
0000 0039 2000 0000 0000 0000#1626597669692477#-38.0#1.705786636128833#9
0000 002F 2000 0000 0000 0000#1626597669693555#-57.5#2.270291566070749#9
0000 0032 2000 0000 0000 0000#1626597669694841#-43.0#3.3379421944391554#9
0000 003B 2000 0000 0000 0000#1626597669696456#-35.5#3.074097498922825#9
0000 0033 2000 0000 0000 0000#1626597669697577#-40.5#3.6386024288647407#9
FFFF FFFF FFFF FFFF FFFF FFFF#1626597669698628#-69.0#5.773903685601553#9
0000 003A 2000 0000 0000 0000#1626597669699932#-30.5#1.859184714917397#9
0000 0037 2000 0000 0000 0000#1626597669701863#-46.0#0.619728238305799#9
0000 0034 2000 0000 0000 0000#1626597669703040#-42.5#4.411728745959104#9
0000 0036 2000 0000 0000 0000#1626597669704100#-47.0#5.798447378207723#9
0000 0031 2000 0000 0000 0000#1626597669705811#-46.5#3.067961575771282#9
0000 0030 2000 0000 0000 0000#1626597669707296#-56.5#2.675262494072558#9
0000 0034 2000 0000 0000 0000#1626597669710826#-42.0#4.344233591292136#9
0000 002E 2000 0000 0000 0000#1626597669711878#-57.0#0.607456392002714#9
0000 0033 2000 0000 0000 0000#1626597669713185#-40.5#3.5772431973493153#9
0000 0031 2000 0000 0000 0000#1626597669714250#-47.0#3.043417883165112#9
0000 0037 2000 0000 0000 0000#1626597669715570#-46.0#0.5154175447295755#9
0000 003A 2000 0000 0000 0000#1626597669717586#-30.5#1.8285050991596843#9
0000 0030 2000 0000 0000 0000#1626597669718657#-56.5#2.6139032625571326#9
0000 0032 2000 0000 0000 0000#1626597669719661#-43.5#3.2581751934691017#9
0000 0036 2000 0000 0000 0000#1626597669721947#-47.0#5.651185222570702#9
0000 0039 2000 0000 0000 0000#1626597669723045#-39.0#1.6382914814618648#9
0000 002D 2000 0000 0000 0000#1626597669725021#-56.0#5.841398840268521#9
0000 003B 2000 0000 0000 0000#1626597669726060#-35.5#3.0250101137104846#9
0000 0035 2000 0000 0000 0000#1626597669727365#-45.0#5.129631754689584#9
0000 0038 2000 0000 0000 0000#1626597669728955#-43.5#1.2333205534600555#9
FFFF FFFF FFFF FFFF FFFF FFFF#1626597669733730#-69.0#5.663457068873787#9
0000 002F 2000 0000 0000 0000#1626597669734734#-57.0#1.945087639038993#9
0000 0030 2000 0000 0000 0000#1626597669999178#-61.0#1.4296700943094176#9
FFFF FFFF FFFF FFFF FFFF FFFF#1626597670000500#-69.5#0.7485826244881929#9
0000 0032 2000 0000 0000 0000#1626597670002427#-54.0#3.3870295796514958#9
0000 002D 2000 0000 0000 0000#1626597670003465#-56.5#3.890175278077986#9
0000 0037 2000 0000 0000 0000#1626597670005456#-43.5#5.393476450205914#9
0000 002F 2000 0000 0000 0000#1626597670006505#-58.5#0.2638446955163303#9
0000 003A 2000 0000 0000 0000#1626597670007583#-36.5#1.9880391010997909#9
0000 0034 2000 0000 0000 0000#1626597670008886#-42.0#4.166291819897402#9
0000 0033 2000 0000 0000 0000#1626597670009935#-49.5#4.037437433715008#9
0000 0035 2000 0000 0000 0000#1626597670011225#-39.0#4.325825821837508#9
0000 003B 2000 0000 0000 0000#1626597670013462#-38.0#3.423845118560751#9
0000 0038 2000 0000 0000 0000#1626597670014502#-46.5#0.01227184630308513#9
0000 0039 2000 0000 0000 0000#1626597670016153#-45.0#1.1228739367322893#9
0000 002E 2000 0000 0000 0000#1626597670017238#-57.5#4.798291904506286#9
0000 0036 2000 0000 0000 0000#1626597670019080#-40.5#4.558990901596125#9
0000 0031 2000 0000 0000 0000#1626597670021344#-54.0#2.552544031041707#9
0000 0034 2000 0000 0000 0000#1626597670025146#-42.5#4.166291819897402#9
0000 0033 2000 0000 0000 0000#1626597670026210#-50.5#3.9760782021995817#9
0000 0037 2000 0000 0000 0000#1626597670027772#-43.0#5.2339424482658075#9
0000 0038 2000 0000 0000 0000#1626597670028867#-47.0#6.17273869045182#9
0000 002D 2000 0000 0000 0000#1626597670030467#-56.5#3.6324665057131984#9
0000 003B 2000 0000 0000 0000#1626597670031803#-38.5#3.3870295796514958#9
0000 0035 2000 0000 0000 0000#1626597670032810#-39.5#4.313553975534423#9
0000 002F 2000 0000 0000 0000#1626597670034599#-58.5#0.01227184630308513#9
0000 002E 2000 0000 0000 0000#1626597670036160#-58.0#4.706253057233147#9
0000 003A 2000 0000 0000 0000#1626597670037465#-37.5#1.8714565612204823#9
0000 0030 2000 0000 0000 0000#1626597670039062#-60.0#1.000155473701438#9
0000 0036 2000 0000 0000 0000#1626597670040583#-40.5#4.528311285838413#9
0000 0039 2000 0000 0000 0000#1626597670041922#-46.0#0.9326603190344698#9
FFFF FFFF FFFF FFFF FFFF FFFF#1626597670044095#-68.5#0.7301748550335652#9
0000 0031 2000 0000 0000 0000#1626597670045118#-55.0#2.3623304133438876#9
0000 0032 2000 0000 0000 0000#1626597670048318#-55.0#3.1354567304382504#9
0000 0031 2000 0000 0000 0000#1626597670312997#-56.0#5.626641529964532#9
FFFF FFFF FFFF FFFF FFFF FFFF#1626597670315329#-69.0#5.9088939949354895#9
0000 0035 2000 0000 0000 0000#1626597670316420#-50.5#3.227495577711389#9
0000 0034 2000 0000 0000 0000#1626597670317450#-52.5#2.693670263527186#9
0000 0036 2000 0000 0000 0000#1626597670319038#-49.5#3.485204350076177#9
0000 002D 2000 0000 0000 0000#1626597670320134#-61.0#6.031612457966341#9
0000 0038 2000 0000 0000 0000#1626597670321467#-45.0#4.411728745959104#9
0000 002F 2000 0000 0000 0000#1626597670322543#-59.0#3.6999616603801666#9
0000 0032 2000 0000 0000 0000#1626597670323593#-57.5#0.01227184630308513#9
0000 003B 2000 0000 0000 0000#1626597670326078#-46.5#1.88986433067511#9
0000 0039 2000 0000 0000 0000#1626597670327116#-44.5#4.804427827657828#9
0000 003A 2000 0000 0000 0000#1626597670328676#-43.5#5.626641529964532#9
0000 0030 2000 0000 0000 0000#1626597670329716#-60.5#4.479223900626073#9
0000 002E 2000 0000 0000 0000#1626597670331028#-64.0#1.705786636128833#9
0000 0033 2000 0000 0000 0000#1626597670332189#-57.0#1.4848934026733007#9
0000 0037 2000 0000 0000 0000#1626597670333536#-46.5#3.9699422790480394#9
0000 002E 2000 0000 0000 0000#1626597670338124#-65.0#1.4848934026733007#9
0000 0031 2000 0000 0000 0000#1626597670339202#-56.0#5.436427912266712#9
FFFF FFFF FFFF FFFF FFFF FFFF#1626597670341264#-69.0#5.559146375297564#9
0000 0037 2000 0000 0000 0000#1626597670342610#-47.0#3.9576704327449543#9
0000 0039 2000 0000 0000 0000#1626597670344701#-44.5#4.743068596142402#9
0000 003A 2000 0000 0000 0000#1626597670346533#-43.5#5.47937937432751#9
0000 0036 2000 0000 0000 0000#1626597670348337#-50.5#3.4054373491061236#9
0000 0038 2000 0000 0000 0000#1626597670349402#-44.5#4.338097668140593#9
0000 003B 2000 0000 0000 0000#1626597670350754#-47.0#1.748738098189631#9
0000 0034 2000 0000 0000 0000#1626597670352314#-53.5#2.466641106920111#9
0000 0033 2000 0000 0000 0000#1626597670353632#-57.0#1.1965050145508#9
0000 0035 2000 0000 0000 0000#1626597670354680#-51.5#3.0372819600135696#9
0000 0032 2000 0000 0000 0000#1626597670356679#-55.5#5.970253226450915#9
0000 0030 2000 0000 0000 0000#1626597670358862#-61.5#4.338097668140593#9
0000 002D 2000 0000 0000 0000#1626597670363358#-60.5#5.626641529964532#9
0000 002F 2000 0000 0000 0000#1626597670364520#-60.0#3.313398501832985#9
0000 003B 2000 0000 0000 0000#1626597670627863#-48.0#6.258641614573416#9
0000 002E 2000 0000 0000 0000#1626597670629176#-60.5#5.651185222570702#9
0000 0033 2000 0000 0000 0000#1626597670630251#-56.5#4.798291904506286#9
0000 0037 2000 0000 0000 0000#1626597670631610#-56.5#3.11091303783208#9
0000 0030 2000 0000 0000 0000#1626597670633613#-64.0#1.9941750242513334#9
0000 0032 2000 0000 0000 0000#1626597670634672#-57.0#3.8963112012295285#9
0000 0036 2000 0000 0000 0000#1626597670635959#-57.0#1.7732817907958012#9
0000 0035 2000 0000 0000 0000#1626597670637064#-56.0#0.9265243958829272#9
0000 0034 2000 0000 0000 0000#1626597670638850#-55.5#5.872078456026235#9
0000 0038 2000 0000 0000 0000#1626597670640155#-52.5#3.859495662320273#9
0000 0039 2000 0000 0000 0000#1626597670641961#-47.0#4.1601558967458585#9
FFFF FFFF FFFF FFFF FFFF FFFF#1626597670643532#-69.0#6.068427996875596#9
0000 003A 2000 0000 0000 0000#1626597670644521#-40.5#4.362641360746763#9
0000 002D 2000 0000 0000 0000#1626597670647542#-60.0#4.767612288748572#9
0000 0031 2000 0000 0000 0000#1626597670649221#-57.0#3.129320807286708#9
0000 002F 2000 0000 0000 0000#1626597670650312#-61.0#0.8528933180644165#9
0000 0034 2000 0000 0000 0000#1626597670655702#-55.5#5.724816300389213#9
0000 0033 2000 0000 0000 0000#1626597670657351#-56.0#4.614214209960009#9
0000 0032 2000 0000 0000 0000#1626597670658930#-56.5#3.767456815047135#9
0000 0030 2000 0000 0000 0000#1626597670660507#-65.0#1.9880391010997909#9
0000 003B 2000 0000 0000 0000#1626597670662070#-47.5#6.043884304269426#9
0000 002F 2000 0000 0000 0000#1626597670663405#-61.5#0.6504078540635119#9
0000 0039 2000 0000 0000 0000#1626597670664485#-47.5#4.080388895775806#9
0000 003A 2000 0000 0000 0000#1626597670665562#-41.0#4.301282129231338#9
0000 002E 2000 0000 0000 0000#1626597670666604#-62.0#5.307573526084319#9
0000 0031 2000 0000 0000 0000#1626597670677201#-57.5#2.3623304133438876#9
0000 0038 2000 0000 0000 0000#1626597670678266#-53.5#3.0250101137104846#9
0000 0036 2000 0000 0000 0000#1626597670679797#-59.0#0.7547185476397354#9
0000 0035 2000 0000 0000 0000#1626597670680844#-57.0#6.166602767300278#9
0000 0037 2000 0000 0000 0000#1626597670682163#-57.0#2.116893487282185#9
0000 002D 2000 0000 0000 0000#1626597670683828#-60.5#4.01902966426038#9
FFFF FFFF FFFF FFFF FFFF FFFF#1626597670684950#-68.5#5.307573526084319#9
0000 0039 2000 0000 0000 0000#1626597670947593#-52.5#2.435961491162398#9
FFFF FFFF FFFF FFFF FFFF FFFF#1626597670948672#-68.0#5.681864838328415#9
0000 0034 2000 0000 0000 0000#1626597670949704#-55.0#3.56497135104623#9
0000 003A 2000 0000 0000 0000#1626597670950809#-45.0#3.0066023442558567#9
0000 0035 2000 0000 0000 0000#1626597670953564#-54.5#4.473087977474529#9
0000 002D 2000 0000 0000 0000#1626597670954888#-64.0#3.4913402732277192#9
0000 0038 2000 0000 0000 0000#1626597670957182#-57.0#1.564660403643354#9
0000 002E 2000 0000 0000 0000#1626597670958724#-61.5#4.215379205109742#9
0000 0036 2000 0000 0000 0000#1626597670960252#-56.0#5.00077736850719#9
0000 003B 2000 0000 0000 0000#1626597670962003#-47.5#4.681709364626977#9
0000 0033 2000 0000 0000 0000#1626597670963079#-59.5#2.2948352586769194#9
0000 0032 2000 0000 0000 0000#1626597670964169#-60.5#0.8835729338221293#9
0000 0037 2000 0000 0000 0000#1626597670965854#-57.5#6.227961998815704#9
0000 002F 2000 0000 0000 0000#1626597670967189#-58.0#4.675573441475434#9
0000 0031 2000 0000 0000 0000#1626597670969325#-58.0#6.1850105367549055#9
0000 0030 2000 0000 0000 0000#1626597670970350#-60.5#5.019185137961818#9
0000 003B 2000 0000 0000 0000#1626597670976609#-48.0#4.663301595172349#9
0000 0037 2000 0000 0000 0000#1626597670977588#-57.5#6.1850105367549055#9
0000 0030 2000 0000 0000 0000#1626597670978900#-60.5#4.988505522204105#9
0000 003A 2000 0000 0000 0000#1626597670980915#-45.5#2.9268353432858034#9
0000 0036 2000 0000 0000 0000#1626597670983195#-56.5#4.853515212870168#9
0000 0034 2000 0000 0000 0000#1626597670984441#-55.5#3.2704470397721868#9
0000 0035 2000 0000 0000 0000#1626597670986000#-54.5#4.196971435655114#9
0000 0032 2000 0000 0000 0000#1626597670987588#-60.0#0.705631162427395#9
0000 0039 2000 0000 0000 0000#1626597670988625#-53.5#2.1966604882522383#9
0000 0038 2000 0000 0000 0000#1626597670990117#-57.5#1.3314953238847365#9
0000 002E 2000 0000 0000 0000#1626597670991216#-62.0#4.0558452031696355#9
FFFF FFFF FFFF FFFF FFFF FFFF#1626597670993020#-68.5#5.540738605842936#9
0000 0031 2000 0000 0000 0000#1626597670994981#-57.5#6.043884304269426#9
0000 002F 2000 0000 0000 0000#1626597670997143#-58.0#4.663301595172349#9
0000 0033 2000 0000 0000 0000#1626597670998855#-58.0#2.055534255766759#9
0000 0036 2000 0000 0000 0000#1626597671263664#-58.0#4.374913207049849#9
0000 0031 2000 0000 0000 0000#1626597671264729#-59.0#5.816855147662351#9
0000 003A 2000 0000 0000 0000#1626597671265807#-52.0#2.804116880254952#9
0000 0035 2000 0000 0000 0000#1626597671266883#-57.0#3.7429131224409646#9
0000 0037 2000 0000 0000 0000#1626597671268404#-58.0#5.516194913236766#9
0000 003B 2000 0000 0000 0000#1626597671269751#-51.5#4.914874444385594#9
FFFF FFFF FFFF FFFF FFFF FFFF#1626597671271086#-69.0#0.6933593161243098#9
0000 0034 2000 0000 0000 0000#1626597671273783#-58.0#2.5709518004963345#9
0000 0039 2000 0000 0000 0000#1626597671274949#-58.0#1.5462526341887264#9
0000 0033 2000 0000 0000 0000#1626597671276253#-61.0#1.2762720155208536#9
0000 0032 2000 0000 0000 0000#1626597671277285#-60.0#0.11658253987930872#9
0000 0038 2000 0000 0000 0000#1626597671278362#-58.5#0.4356505437595221#9
0000 0034 2000 0000 0000 0000#1626597671294656#-58.5#2.3623304133438876#9
0000 0036 2000 0000 0000 0000#1626597671295633#-58.5#4.154019973594316#9
0000 0037 2000 0000 0000 0000#1626597671296683#-58.0#5.21553467881118#9
0000 003A 2000 0000 0000 0000#1626597671297772#-52.0#2.5954954931025047#9
0000 0031 2000 0000 0000 0000#1626597671299764#-59.5#5.638913376267617#9
0000 0033 2000 0000 0000 0000#1626597671301338#-61.0#1.0676506283684062#9
0000 0039 2000 0000 0000 0000#1626597671302899#-58.0#1.3867186322486196#9
0000 003B 2000 0000 0000 0000#1626597671304664#-52.0#4.743068596142402#9
0000 0035 2000 0000 0000 0000#1626597671305726#-57.0#3.485204350076177#9
0000 0038 2000 0000 0000 0000#1626597671307957#-58.5#0.20248546400090464#9
0000 0032 2000 0000 0000 0000#1626597671308992#-60.5#6.240233845118788#9
FFFF FFFF FFFF FFFF FFFF FFFF#1626597671310057#-67.5#0.17794177139473438#9
0000 0035 2000 0000 0000 0000#1626597671579495#-57.0#2.9391071895888885#9
0000 003A 2000 0000 0000 0000#1626597671580528#-52.0#2.2150682577068657#9
0000 003B 2000 0000 0000 0000#1626597671581566#-52.0#4.3503695144436785#9
0000 0038 2000 0000 0000 0000#1626597671582844#-60.5#6.166602767300278#9
