0000 0031 2000 0000 0000 0000#1626598141399575#-51.0#1.4910293258248433#9
0000 0039 2000 0000 0000 0000#1626598141401112#-46.0#3.859495662320273#9
0000 0037 2000 0000 0000 0000#1626598141402375#-47.0#4.632621979414636#9
0000 003A 2000 0000 0000 0000#1626598141403922#-47.0#2.9575149590435164#9
0000 0035 2000 0000 0000 0000#1626598141405454#-46.5#5.203262832508095#9
0000 0036 2000 0000 0000 0000#1626598141407750#-46.5#5.056000676871073#9
0000 002D 2000 0000 0000 0000#1626598141411436#-52.0#3.7981364308048478#9
0000 002E 2000 0000 0000 0000#1626598141412490#-50.5#3.3318062712876126#9
0000 0033 2000 0000 0000 0000#1626598141415135#-49.5#0.4479223900626072#9
0000 0030 2000 0000 0000 0000#1626598141416249#-50.5#2.4727770300716534#9
0000 002F 2000 0000 0000 0000#1626598141417312#-51.0#2.773437264497239#9
0000 0034 2000 0000 0000 0000#1626598141418315#-48.5#5.9518454569962875#9
0000 0038 2000 0000 0000 0000#1626598141419623#-45.5#4.3933209765044765#9
FFFF FFFF FFFF FFFF FFFF FFFF#1626598141421018#-66.5#0.32520392703175593#9
0000 0032 2000 0000 0000 0000#1626598141422348#-49.5#1.1044661672776617#9
0000 0037 2000 0000 0000 0000#1626598141427256#-46.5#4.6448938257177215#9
0000 0030 2000 0000 0000 0000#1626598141429210#-51.0#2.448233337465483#9
0000 0034 2000 0000 0000 0000#1626598141430257#-48.5#5.982525072754001#9
0000 003A 2000 0000 0000 0000#1626598141433167#-47.0#2.9268353432858034#9
0000 002E 2000 0000 0000 0000#1626598141434236#-50.0#3.3011266555298997#9
0000 0038 2000 0000 0000 0000#1626598141435564#-45.5#4.381049130201391#9
0000 002D 2000 0000 0000 0000#1626598141436865#-52.0#3.77972866135022#9
0000 0032 2000 0000 0000 0000#1626598141438304#-50.0#1.0921943209745766#9
0000 0033 2000 0000 0000 0000#1626598141439407#-49.0#0.4356505437595221#9
0000 0035 2000 0000 0000 0000#1626598141440468#-46.5#5.21553467881118#9
0000 0036 2000 0000 0000 0000#1626598141441645#-46.0#5.043728830567988#9
0000 0001 0000 0000 0000 0000#1626598141443599#-64.5#6.062292073724054#9
0000 0039 2000 0000 0000 0000#1626598141444708#-46.0#3.8717675086233583#9
FFFF FFFF FFFF FFFF FFFF FFFF#1626598141445816#-67.0#0.1595340019401067#9
0000 002F 2000 0000 0000 0000#1626598141447542#-51.0#2.7857091108003242#9
0000 0031 2000 0000 0000 0000#1626598141448620#-51.0#1.4910293258248433#9
0000 0033 2000 0000 0000 0000#1626598141716087#-49.5#0.25157284921324513#9
0000 0039 2000 0000 0000 0000#1626598141717183#-46.0#3.6324665057131984#9
0000 002F 2000 0000 0000 0000#1626598141718459#-51.0#2.5893595699509624#9
0000 003A 2000 0000 0000 0000#1626598141719537#-46.5#2.748893571891069#9
0000 0038 2000 0000 0000 0000#1626598141720602#-46.0#4.196971435655114#9
FFFF FFFF FFFF FFFF FFFF FFFF#1626598141721984#-67.0#6.234097921967246#9
0000 0001 0000 0000 0000 0000#1626598141725519#-64.5#5.688000761479957#9
0000 002D 2000 0000 0000 0000#1626598141726854#-52.0#3.5956509668039427#9
0000 0031 2000 0000 0000 0000#1626598141736432#-50.5#0.9510680884890975#9
0000 0030 2000 0000 0000 0000#1626598141737761#-50.5#1.8714565612204823#9
0000 0032 2000 0000 0000 0000#1626598141738777#-50.5#0.5460971604872883#9
0000 0036 2000 0000 0000 0000#1626598141741550#-47.0#4.4976316700806995#9
0000 0037 2000 0000 0000 0000#1626598141742884#-47.0#4.086524818927348#9
0000 002E 2000 0000 0000 0000#1626598141745177#-50.0#2.7120780329818137#9
0000 0035 2000 0000 0000 0000#1626598141747606#-47.5#4.681709364626977#9
0000 0034 2000 0000 0000 0000#1626598141750010#-49.0#5.411884219660542#9
0000 0031 2000 0000 0000 0000#1626598141756185#-50.5#0.9572040116406401#9
0000 002E 2000 0000 0000 0000#1626598141757584#-50.0#2.6875343403756435#9
0000 0032 2000 0000 0000 0000#1626598141759521#-50.0#0.5460971604872883#9
0000 0039 2000 0000 0000 0000#1626598141760603#-46.5#3.2827188860752723#9
0000 0030 2000 0000 0000 0000#1626598141761685#-50.0#1.9144080232812801#9
0000 0034 2000 0000 0000 0000#1626598141763228#-49.5#5.405748296509#9
0000 0033 2000 0000 0000 0000#1626598141764329#-48.5#6.160466844148735#9
0000 0037 2000 0000 0000 0000#1626598141765380#-47.0#4.080388895775806#9
0000 0035 2000 0000 0000 0000#1626598141766572#-47.5#4.6878452877785195#9
0000 0038 2000 0000 0000 0000#1626598141768349#-46.5#3.822680123411018#9
FFFF FFFF FFFF FFFF FFFF FFFF#1626598141769357#-68.0#5.577554144752192#9
0000 0036 2000 0000 0000 0000#1626598141771644#-47.0#4.509903516383785#9
0000 003A 2000 0000 0000 0000#1626598141773177#-47.5#2.380738182798515#9
0000 0001 0000 0000 0000 0000#1626598141774606#-64.0#5.049864753719531#9
0000 002D 2000 0000 0000 0000#1626598141776485#-52.5#3.1784081924990484#9
0000 002F 2000 0000 0000 0000#1626598141777562#-51.5#2.2027964114037806#9
0000 002D 2000 0000 0000 0000#1626598142043119#-52.0#3.3870295796514958#9
0000 0035 2000 0000 0000 0000#1626598142044666#-46.5#4.859651136021712#9
0000 0033 2000 0000 0000 0000#1626598142047050#-50.0#0.04295146206079795#9
0000 0037 2000 0000 0000 0000#1626598142048555#-46.5#4.252194744018997#9
0000 0030 2000 0000 0000 0000#1626598142050099#-50.5#2.086213871524472#9
0000 0032 2000 0000 0000 0000#1626598142051174#-50.5#0.7547185476397354#9
0000 0039 2000 0000 0000 0000#1626598142052227#-46.0#3.454524734318464#9
0000 0031 2000 0000 0000 0000#1626598142053550#-50.5#1.1167380135807468#9
0000 0036 2000 0000 0000 0000#1626598142054849#-47.5#4.669437518323892#9
0000 0038 2000 0000 0000 0000#1626598142055860#-46.5#3.9944859716542096#9
FFFF FFFF FFFF FFFF FFFF FFFF#1626598142056913#-66.5#5.884350302329319#9
0000 003A 2000 0000 0000 0000#1626598142058821#-47.0#2.5586799541932495#9
0000 0001 0000 0000 0000 0000#1626598142060064#-65.0#5.559146375297564#9
0000 0034 2000 0000 0000 0000#1626598142061585#-49.0#5.595961914206819#9
0000 002F 2000 0000 0000 0000#1626598142062789#-51.5#2.36846633649543#9
0000 002E 2000 0000 0000 0000#1626598142063882#-50.5#2.9145634969827183#9
0000 0037 2000 0000 0000 0000#1626598142067908#-46.5#4.246058820867455#9
0000 0001 0000 0000 0000 0000#1626598142069224#-64.5#5.491651220630596#9
0000 002D 2000 0000 0000 0000#1626598142070291#-52.0#3.356349963893783#9
0000 0031 2000 0000 0000 0000#1626598142071369#-50.5#1.1351457830353744#9
0000 0030 2000 0000 0000 0000#1626598142072682#-50.5#2.0800779483729293#9
0000 0035 2000 0000 0000 0000#1626598142074699#-46.5#4.865787059173254#9
0000 002F 2000 0000 0000 0000#1626598142076969#-51.5#2.3930100291016#9
0000 0034 2000 0000 0000 0000#1626598142078034#-49.0#5.608233760509904#9
0000 0038 2000 0000 0000 0000#1626598142079617#-46.0#3.9944859716542096#9
0000 0036 2000 0000 0000 0000#1626598142080923#-47.0#4.657165672020807#9
0000 0039 2000 0000 0000 0000#1626598142082972#-46.0#3.472932503773092#9
0000 003A 2000 0000 0000 0000#1626598142084021#-46.5#2.5709518004963345#9
0000 0032 2000 0000 0000 0000#1626598142085681#-50.5#0.7485826244881929#9
0000 0033 2000 0000 0000 0000#1626598142088079#-50.0#0.04295146206079795#9
0000 002E 2000 0000 0000 0000#1626598142089237#-50.5#2.8961557275280905#9
FFFF FFFF FFFF FFFF FFFF FFFF#1626598142090785#-66.5#5.939573610693203#9
0000 0033 2000 0000 0000 0000#1626598142355308#-50.0#6.000932842208628#9
0000 0035 2000 0000 0000 0000#1626598142356299#-46.5#4.516039439535327#9
0000 0038 2000 0000 0000 0000#1626598142357363#-46.5#3.6815538909255388#9
0000 002E 2000 0000 0000 0000#1626598142359730#-50.5#2.5157284921324514#9
0000 0034 2000 0000 0000 0000#1626598142360791#-49.0#5.2339424482658075#9
0000 003A 2000 0000 0000 0000#1626598142361840#-47.5#2.2948352586769194#9
0000 0030 2000 0000 0000 0000#1626598142363122#-50.5#1.7978254834019713#9
0000 0032 2000 0000 0000 0000#1626598142364413#-50.5#0.4049709280018093#9
0000 0036 2000 0000 0000 0000#1626598142365432#-47.0#4.319689898685965#9
0000 0039 2000 0000 0000 0000#1626598142366758#-47.0#3.141592653589793#9
0000 0031 2000 0000 0000 0000#1626598142368308#-51.0#0.8160777791551611#9
0000 0037 2000 0000 0000 0000#1626598142369370#-47.5#3.933126740138784#9
0000 002F 2000 0000 0000 0000#1626598142370406#-51.0#2.055534255766759#9
0000 002D 2000 0000 0000 0000#1626598142372772#-52.5#2.9943304979527716#9
FFFF FFFF FFFF FFFF FFFF FFFF#1626598142374689#-67.5#5.209398755659637#9
0000 0035 2000 0000 0000 0000#1626598142379782#-47.0#4.534447208989955#9
0000 002D 2000 0000 0000 0000#1626598142382447#-52.0#3.000466421104314#9
0000 0037 2000 0000 0000 0000#1626598142384186#-47.5#3.9392626632903265#9
0000 003A 2000 0000 0000 0000#1626598142385222#-47.5#2.270291566070749#9
FFFF FFFF FFFF FFFF FFFF FFFF#1626598142387627#-67.5#5.154175447295755#9
0000 0039 2000 0000 0000 0000#1626598142388638#-47.0#3.1354567304382504#9
0000 0036 2000 0000 0000 0000#1626598142389658#-47.0#4.356505437595221#9
0000 002F 2000 0000 0000 0000#1626598142390751#-51.0#2.0493983326152168#9
0000 0032 2000 0000 0000 0000#1626598142392189#-49.0#0.4172427743048944#9
0000 0034 2000 0000 0000 0000#1626598142393294#-49.0#5.246214294568893#9
0000 0033 2000 0000 0000 0000#1626598142394891#-49.5#5.994796919057086#9
0000 002E 2000 0000 0000 0000#1626598142395944#-50.0#2.5464081078901644#9
0000 0038 2000 0000 0000 0000#1626598142397991#-46.5#3.6754179677739964#9
0000 0030 2000 0000 0000 0000#1626598142399431#-50.5#1.7732817907958012#9
0000 0031 2000 0000 0000 0000#1626598142401322#-51.5#0.8344855486097889#9
0000 0035 2000 0000 0000 0000#1626598142666217#-47.0#5.289165756629691#9
0000 002E 2000 0000 0000 0000#1626598142668142#-50.5#3.368621810196868#9
0000 0037 2000 0000 0000 0000#1626598142669219#-47.5#4.693981210930062#9
0000 0032 2000 0000 0000 0000#1626598142670295#-50.0#1.1965050145508#9
0000 003A 2000 0000 0000 0000#1626598142672134#-47.0#2.9391071895888885#9
0000 0030 2000 0000 0000 0000#1626598142673193#-50.5#2.5034566458293663#9
0000 0033 2000 0000 0000 0000#1626598142676383#-49.5#0.5706408530934585#9
0000 0031 2000 0000 0000 0000#1626598142678045#-50.5#1.5953400194010667#9
FFFF FFFF FFFF FFFF FFFF FFFF#1626598142679365#-67.5#0.28838838812250056#9
0000 002D 2000 0000 0000 0000#1626598142680417#-52.0#3.8288160465625602#9
0000 0034 2000 0000 0000 0000#1626598142681494#-49.0#6.092971689481767#9
0000 0038 2000 0000 0000 0000#1626598142682588#-46.5#4.424000592262189#9
0000 0036 2000 0000 0000 0000#1626598142683638#-46.5#5.098952138931871#9
0000 0039 2000 0000 0000 0000#1626598142684706#-46.5#3.8840393549264434#9
0000 002F 2000 0000 0000 0000#1626598142686339#-51.0#2.816388726558037#9
0000 0030 2000 0000 0000 0000#1626598142691031#-50.0#2.521864415283994#9
0000 0035 2000 0000 0000 0000#1626598142692349#-47.0#5.270757987175063#9
0000 0031 2000 0000 0000 0000#1626598142693427#-50.5#1.5953400194010667#9
0000 0032 2000 0000 0000 0000#1626598142695055#-48.0#1.227184630308513#9
0000 0039 2000 0000 0000 0000#1626598142696349#-46.5#3.8717675086233583#9
0000 0034 2000 0000 0000 0000#1626598142697641#-49.5#6.080699843178682#9
0000 002F 2000 0000 0000 0000#1626598142698931#-51.0#2.8286605728611223#9
0000 002D 2000 0000 0000 0000#1626598142700225#-52.0#3.80427235395639#9
0000 0038 2000 0000 0000 0000#1626598142702287#-46.0#4.411728745959104#9
0000 0036 2000 0000 0000 0000#1626598142703792#-47.0#5.117359908386499#9
0000 0037 2000 0000 0000 0000#1626598142705832#-47.0#4.681709364626977#9
FFFF FFFF FFFF FFFF FFFF FFFF#1626598142708023#-67.0#0.42337869745643697#9
0000 0033 2000 0000 0000 0000#1626598142710619#-49.5#0.5522330836388308#9
0000 002E 2000 0000 0000 0000#1626598142711817#-50.0#3.356349963893783#9
0000 003A 2000 0000 0000 0000#1626598142712893#-47.0#2.9022916506796332#9
0000 002E 2000 0000 0000 0000#1626598142977085#-50.0#2.736621725587984#9
0000 0030 2000 0000 0000 0000#1626598142979371#-50.0#1.9696313316451632#9
0000 0031 2000 0000 0000 0000#1626598142980720#-50.5#1.030835089459151#9
0000 0037 2000 0000 0000 0000#1626598142983329#-47.5#4.111068511533518#9
0000 002F 2000 0000 0000 0000#1626598142984902#-51.0#2.2580197197676637#9
0000 0035 2000 0000 0000 0000#1626598142986431#-48.0#4.700117134081604#9
0000 0033 2000 0000 0000 0000#1626598142987509#-50.5#6.258641614573416#9
FFFF FFFF FFFF FFFF FFFF FFFF#1626598142989590#-68.5#5.540738605842936#9
0000 0034 2000 0000 0000 0000#1626598142990650#-50.0#5.5284667595398505#9
0000 0038 2000 0000 0000 0000#1626598142992355#-47.0#3.810408277107933#9
0000 0039 2000 0000 0000 0000#1626598142993637#-47.0#3.2520392703175593#9
0000 0032 2000 0000 0000 0000#1626598142994771#-50.5#0.705631162427395#9
0000 003A 2000 0000 0000 0000#1626598142995847#-48.0#2.3316507975861747#9
0000 0036 2000 0000 0000 0000#1626598142998687#-47.5#4.516039439535327#9
0000 002D 2000 0000 0000 0000#1626598142999752#-52.5#3.215223731408304#9
0000 0039 2000 0000 0000 0000#1626598143003984#-47.0#3.2459033471660166#9
0000 0033 2000 0000 0000 0000#1626598143005064#-50.5#6.270913460876501#9
0000 002F 2000 0000 0000 0000#1626598143007964#-51.0#2.2518837966161214#9
0000 0031 2000 0000 0000 0000#1626598143009116#-50.5#1.0615147052168636#9
0000 002E 2000 0000 0000 0000#1626598143010682#-50.0#2.736621725587984#9
0000 002D 2000 0000 0000 0000#1626598143011749#-52.5#3.1661363461959633#9
0000 0030 2000 0000 0000 0000#1626598143012775#-50.0#1.9819031779482483#9
FFFF FFFF FFFF FFFF FFFF FFFF#1626598143014490#-68.0#5.546874528994478#9
0000 0036 2000 0000 0000 0000#1626598143016034#-47.5#4.522175362686871#9
0000 0035 2000 0000 0000 0000#1626598143017619#-48.0#4.718524903536232#9
0000 0037 2000 0000 0000 0000#1626598143020028#-48.0#4.086524818927348#9
0000 0032 2000 0000 0000 0000#1626598143021075#-50.5#0.6810874698212247#9
0000 0034 2000 0000 0000 0000#1626598143022365#-50.0#5.491651220630596#9
0000 0038 2000 0000 0000 0000#1626598143023898#-47.5#3.822680123411018#9
0000 003A 2000 0000 0000 0000#1626598143026401#-48.0#2.3439226438892597#9
0000 0038 2000 0000 0000 0000#1626598143289437#-47.0#4.037437433715008#9
0000 0036 2000 0000 0000 0000#1626598143290725#-48.0#4.767612288748572#9
0000 0035 2000 0000 0000 0000#1626598143292015#-47.0#4.95168998329485#9
0000 0034 2000 0000 0000 0000#1626598143293094#-49.0#5.730952223540755#9
0000 0031 2000 0000 0000 0000#1626598143294160#-50.0#1.1965050145508#9
0000 0033 2000 0000 0000 0000#1626598143295220#-50.0#0.1902136176978195#9
0000 0039 2000 0000 0000 0000#1626598143296316#-47.0#3.466796580621549#9
0000 002D 2000 0000 0000 0000#1626598143297852#-52.0#3.3624858870453256#9
FFFF FFFF FFFF FFFF FFFF FFFF#1626598143299671#-68.0#6.14819499784565#9
0000 0037 2000 0000 0000 0000#1626598143302169#-47.5#4.325825821837508#9
0000 003A 2000 0000 0000 0000#1626598143303219#-47.5#2.5341362615870793#9
0000 002F 2000 0000 0000 0000#1626598143304792#-51.0#2.429825568010856#9
0000 0030 2000 0000 0000 0000#1626598143305821#-50.5#2.1475731030398975#9
0000 0032 2000 0000 0000 0000#1626598143308734#-50.0#0.8713010875190442#9
0000 002E 2000 0000 0000 0000#1626598143310959#-50.5#2.9084275738311756#9
0000 0039 2000 0000 0000 0000#1626598143317571#-47.0#3.472932503773092#9
0000 0032 2000 0000 0000 0000#1626598143319217#-50.5#0.8528933180644165#9
0000 0030 2000 0000 0000 0000#1626598143320807#-50.0#2.098485717827557#9
0000 002D 2000 0000 0000 0000#1626598143322100#-51.5#3.3870295796514958#9
0000 002F 2000 0000 0000 0000#1626598143323375#-51.0#2.448233337465483#9
0000 0036 2000 0000 0000 0000#1626598143325689#-47.5#4.773748211900116#9
0000 0034 2000 0000 0000 0000#1626598143327444#-49.0#5.724816300389213#9
0000 003A 2000 0000 0000 0000#1626598143328508#-47.5#2.5280003384355365#9
0000 0035 2000 0000 0000 0000#1626598143329585#-47.5#4.95168998329485#9
0000 0037 2000 0000 0000 0000#1626598143330632#-47.5#4.325825821837508#9
0000 0031 2000 0000 0000 0000#1626598143331924#-50.5#1.2026409377023426#9
0000 0038 2000 0000 0000 0000#1626598143333937#-47.0#4.06811704947272#9
0000 002E 2000 0000 0000 0000#1626598143335394#-50.0#2.8838838812250054#9
0000 0033 2000 0000 0000 0000#1626598143336427#-49.5#0.20248546400090464#9
FFFF FFFF FFFF FFFF FFFF FFFF#1626598143337635#-68.0#6.074563920027139#9
0000 002D 2000 0000 0000 0000#1626598143600650#-50.5#3.3072625786814425#9
0000 0030 2000 0000 0000 0000#1626598143603530#-49.0#2.270291566070749#9
0000 003A 2000 0000 0000 0000#1626598143604835#-41.0#2.3316507975861747#9
0000 002F 2000 0000 0000 0000#1626598143605941#-49.0#2.5280003384355365#9
0000 0038 2000 0000 0000 0000#1626598143606962#-46.0#3.859495662320273#9
FFFF FFFF FFFF FFFF FFFF FFFF#1626598143608762#-67.0#5.221670601962723#9
0000 0033 2000 0000 0000 0000#1626598143610326#-49.5#0.6442719309119693#9
0000 0031 2000 0000 0000 0000#1626598143611862#-49.0#1.5462526341887264#9
0000 0032 2000 0000 0000 0000#1626598143612922#-48.5#1.2333205534600555#9
0000 003B 2000 0000 0000 0000#1626598143614031#-56.0#3.104777114680538#9
0000 0039 2000 0000 0000 0000#1626598143615583#-44.0#3.2213596545598464#9
0000 0034 2000 0000 0000 0000#1626598143617179#-50.5#6.154330920997192#9
0000 002E 2000 0000 0000 0000#1626598143618262#-48.5#2.9759227284981438#9
0000 0037 2000 0000 0000 0000#1626598143619467#-47.0#4.28287435977671#9
0000 0036 2000 0000 0000 0000#1626598143620774#-48.0#4.95168998329485#9
0000 0035 2000 0000 0000 0000#1626598143622450#-48.0#5.197126909356553#9
0000 0036 2000 0000 0000 0000#1626598143626558#-48.5#4.970097752749477#9
FFFF FFFF FFFF FFFF FFFF FFFF#1626598143628686#-67.0#5.154175447295755#9
0000 0037 2000 0000 0000 0000#1626598143629735#-47.0#4.301282129231338#9
0000 0031 2000 0000 0000 0000#1626598143631043#-48.0#1.6382914814618648#9
0000 0039 2000 0000 0000 0000#1626598143632565#-44.0#3.2336315008629315#9
0000 0030 2000 0000 0000 0000#1626598143633665#-48.5#2.356194490192345#9
0000 003A 2000 0000 0000 0000#1626598143635185#-40.0#2.3009711818284617#9
0000 0038 2000 0000 0000 0000#1626598143637248#-46.5#3.9208548938356986#9
0000 002E 2000 0000 0000 0000#1626598143638286#-48.5#3.0495538063166547#9
0000 002D 2000 0000 0000 0000#1626598143639340#-50.0#3.454524734318464#9
0000 003B 2000 0000 0000 0000#1626598143641688#-53.5#3.0127382674073995#9
0000 0033 2000 0000 0000 0000#1626598143644204#-49.0#0.859029241215959#9
0000 0032 2000 0000 0000 0000#1626598143646179#-48.0#1.3928545554001621#9
0000 002F 2000 0000 0000 0000#1626598143647241#-48.0#2.6445828783148455#9
0000 0035 2000 0000 0000 0000#1626598143648645#-48.5#5.338253141842031#9
0000 0034 2000 0000 0000 0000#1626598143649851#-49.5#0.1043106935762236#9
0000 0032 2000 0000 0000 0000#1626598143912406#-44.0#3.129320807286708#9
0000 002F 2000 0000 0000 0000#1626598143913681#-45.0#4.178563666200486#9
0000 0030 2000 0000 0000 0000#1626598143914710#-44.5#3.9576704327449543#9
0000 0031 2000 0000 0000 0000#1626598143915817#-43.5#3.3502140407422405#9
0000 0039 2000 0000 0000 0000#1626598143917916#-42.0#4.700117134081604#9
0000 0038 2000 0000 0000 0000#1626598143919194#-46.0#5.620505606812989#9
0000 003B 2000 0000 0000 0000#1626598143920518#-42.0#4.000621894805752#9
0000 002E 2000 0000 0000 0000#1626598143922786#-45.5#4.540583132141498#9
0000 0034 2000 0000 0000 0000#1626598143923891#-46.0#2.2027964114037806#9
0000 002D 2000 0000 0000 0000#1626598143924957#-47.5#4.914874444385594#9
0000 003A 2000 0000 0000 0000#1626598143926051#-34.0#3.6140587362585705#9
FFFF FFFF FFFF FFFF FFFF FFFF#1626598143927129#-67.0#0.30066023442558565#9
0000 0001 0000 0000 0000 0000#1626598143928214#-65.0#6.209554229361076#9
0000 0035 2000 0000 0000 0000#1626598143933047#-47.0#1.4848934026733007#9
0000 0037 2000 0000 0000 0000#1626598143934909#-48.5#0.1902136176978195#9
0000 0033 2000 0000 0000 0000#1626598143936240#-44.0#2.816388726558037#9
0000 0036 2000 0000 0000 0000#1626598143937917#-47.5#1.2026409377023426#9
0000 002D 2000 0000 0000 0000#1626598143942038#-47.5#4.933282213840222#9
FFFF FFFF FFFF FFFF FFFF FFFF#1626598143944229#-68.0#0.380427235395639#9
0000 003A 2000 0000 0000 0000#1626598143945548#-34.0#3.6876898140770815#9
0000 002F 2000 0000 0000 0000#1626598143946595#-45.0#4.252194744018997#9
0000 0033 2000 0000 0000 0000#1626598143947956#-44.0#2.84706834231575#9
0000 0034 2000 0000 0000 0000#1626598143949047#-46.0#2.350058567040802#9
0000 003B 2000 0000 0000 0000#1626598143950102#-41.5#4.0558452031696355#9
0000 0039 2000 0000 0000 0000#1626598143951182#-41.5#4.828971520263998#9
0000 0036 2000 0000 0000 0000#1626598143952557#-47.5#1.2762720155208536#9
0000 0038 2000 0000 0000 0000#1626598143954719#-46.0#5.792311455056181#9
0000 0001 0000 0000 0000 0000#1626598143956960#-65.5#6.135923151542564#9
0000 0031 2000 0000 0000 0000#1626598143960147#-43.0#3.485204350076177#9
0000 0035 2000 0000 0000 0000#1626598143961474#-46.5#1.6382914814618648#9
0000 002E 2000 0000 0000 0000#1626598143963396#-45.5#4.6448938257177215#9
0000 0030 2000 0000 0000 0000#1626598143965080#-44.0#4.074252972624263#9
0000 0032 2000 0000 0000 0000#1626598143966127#-43.0#3.3011266555298997#9
0000 0037 2000 0000 0000 0000#1626598143967533#-48.0#0.380427235395639#9
0000 0033 2000 0000 0000 0000#1626598144231670#-41.5#3.1354567304382504#9
0000 002D 2000 0000 0000 0000#1626598144232680#-47.0#4.792155981354743#9
0000 0030 2000 0000 0000 0000#1626598144233722#-42.0#4.061981126321178#9
0000 0031 2000 0000 0000 0000#1626598144235016#-40.5#3.5772431973493153#9
0000 0034 2000 0000 0000 0000#1626598144236334#-42.0#2.693670263527186#9
0000 0037 2000 0000 0000 0000#1626598144237441#-46.0#1.1965050145508#9
0000 003A 2000 0000 0000 0000#1626598144238534#-33.5#4.289010282928253#9
0000 003B 2000 0000 0000 0000#1626598144239873#-39.5#4.430136515413731#9
0000 0036 2000 0000 0000 0000#1626598144240950#-44.0#1.9819031779482483#9
0000 0038 2000 0000 0000 0000#1626598144242001#-46.0#0.4970097752749477#9
0000 0032 2000 0000 0000 0000#1626598144243322#-40.5#3.4177091954092087#9
0000 002E 2000 0000 0000 0000#1626598144244718#-44.0#4.534447208989955#9
0000 0039 2000 0000 0000 0000#1626598144247593#-42.0#5.620505606812989#9
0000 002F 2000 0000 0000 0000#1626598144248671#-43.0#4.246058820867455#9
0000 0035 2000 0000 0000 0000#1626598144249706#-43.0#2.1905245651006955#9
FFFF FFFF FFFF FFFF FFFF FFFF#1626598144252824#-68.0#5.626641529964532#9
0000 0034 2000 0000 0000 0000#1626598144256641#-41.5#2.736621725587984#9
0000 0039 2000 0000 0000 0000#1626598144258137#-41.5#5.675728915176872#9
0000 0031 2000 0000 0000 0000#1626598144259501#-40.5#3.6201946594101133#9
0000 0032 2000 0000 0000 0000#1626598144261339#-40.0#3.466796580621549#9
0000 002E 2000 0000 0000 0000#1626598144262900#-43.5#4.565126824747668#9
0000 002D 2000 0000 0000 0000#1626598144264908#-47.0#4.81056375080937#9
0000 0030 2000 0000 0000 0000#1626598144266463#-42.0#4.1172044346850605#9
0000 0038 2000 0000 0000 0000#1626598144268267#-46.0#0.6381360077604268#9
0000 003A 2000 0000 0000 0000#1626598144270029#-33.5#4.405592822807561#9
0000 0035 2000 0000 0000 0000#1626598144271063#-43.0#2.2641556429192065#9
0000 003B 2000 0000 0000 0000#1626598144275232#-40.0#4.552854978444583#9
0000 0036 2000 0000 0000 0000#1626598144276283#-43.5#2.0923497946760143#9
0000 002F 2000 0000 0000 0000#1626598144277373#-43.0#4.28287435977671#9
0000 0033 2000 0000 0000 0000#1626598144278424#-41.0#3.2643111166206444#9
0000 0037 2000 0000 0000 0000#1626598144279560#-45.5#1.380582709097077#9
FFFF FFFF FFFF FFFF FFFF FFFF#1626598144281012#-68.0#5.381204603902829#9
0000 0030 2000 0000 0000 0000#1626598144544431#-41.0#4.773748211900116#9
0000 0039 2000 0000 0000 0000#1626598144545499#-40.0#0.9265243958829272#9
0000 0038 2000 0000 0000 0000#1626598144546580#-42.0#1.9266798695843652#9
FFFF FFFF FFFF FFFF FFFF FFFF#1626598144548613#-68.5#5.798447378207723#9
0000 003A 2000 0000 0000 0000#1626598144549690#-32.5#5.816855147662351#9
0000 0033 2000 0000 0000 0000#1626598144550811#-38.5#4.0128937411088375#9
0000 0032 2000 0000 0000 0000#1626598144551844#-38.5#4.23378697456437#9
0000 0036 2000 0000 0000 0000#1626598144553179#-41.0#3.0250101137104846#9
0000 003B 2000 0000 0000 0000#1626598144555197#-39.0#5.810719224510809#9
0000 0034 2000 0000 0000 0000#1626598144556520#-39.0#3.6201946594101133#9
0000 002D 2000 0000 0000 0000#1626598144557571#-46.0#5.325981295538946#9
0000 0031 2000 0000 0000 0000#1626598144558651#-38.5#4.362641360746763#9
0000 002F 2000 0000 0000 0000#1626598144561629#-41.5#4.921010367537137#9
0000 0035 2000 0000 0000 0000#1626598144565118#-40.0#3.1906800388021335#9
0000 0037 2000 0000 0000 0000#1626598144567493#-42.0#2.448233337465483#9
0000 002E 2000 0000 0000 0000#1626598144568591#-42.0#5.123495831538041#9
0000 0035 2000 0000 0000 0000#1626598144572769#-40.0#3.2090878082567613#9
0000 003A 2000 0000 0000 0000#1626598144574588#-32.5#5.927301764390117#9
0000 0037 2000 0000 0000 0000#1626598144575851#-42.0#2.478912953223196#9
0000 0038 2000 0000 0000 0000#1626598144577915#-42.0#2.012582793705961#9
0000 002D 2000 0000 0000 0000#1626598144579479#-46.5#5.356660911296659#9
0000 002E 2000 0000 0000 0000#1626598144581232#-42.5#5.135767677841127#9
0000 002F 2000 0000 0000 0000#1626598144582324#-41.5#4.9394181369917645#9
0000 0031 2000 0000 0000 0000#1626598144583690#-38.5#4.411728745959104#9
0000 0030 2000 0000 0000 0000#1626598144593531#-40.5#4.25833066717054#9
0000 0033 2000 0000 0000 0000#1626598144596659#-38.5#3.479068426924634#9
0000 0036 2000 0000 0000 0000#1626598144598051#-40.5#2.4911847995262812#9
0000 0032 2000 0000 0000 0000#1626598144599382#-38.5#3.706097583531709#9
FFFF FFFF FFFF FFFF FFFF FFFF#1626598144600481#-68.0#4.933282213840222#9
0000 0039 2000 0000 0000 0000#1626598144601561#-39.5#0.5276893910326605#9
0000 003B 2000 0000 0000 0000#1626598144602869#-39.5#5.442563835418255#9
0000 0034 2000 0000 0000 0000#1626598144603977#-39.5#3.11091303783208#9
0000 0035 2000 0000 0000 0000#1626598144872788#-37.5#3.32567034813607#9
0000 003A 2000 0000 0000 0000#1626598144874712#-30.0#0.4295146206079795#9
0000 0034 2000 0000 0000 0000#1626598144876082#-37.5#3.761320891895592#9
0000 0033 2000 0000 0000 0000#1626598144877159#-37.0#4.154019973594316#9
FFFF FFFF FFFF FFFF FFFF FFFF#1626598144878223#-68.5#4.97623367590102#9
0000 002D 2000 0000 0000 0000#1626598144879258#-45.5#5.1725832167503825#9
0000 0036 2000 0000 0000 0000#1626598144880568#-38.5#3.2213596545598464#9
0000 0031 2000 0000 0000 0000#1626598144882006#-37.5#4.442408361716817#9
0000 0032 2000 0000 0000 0000#1626598144883395#-36.0#4.344233591292136#9
0000 003B 2000 0000 0000 0000#1626598144884970#-37.5#0.4908738521234052#9
0000 0038 2000 0000 0000 0000#1626598144886566#-38.5#2.3746022596469727#9
0000 0030 2000 0000 0000 0000#1626598144889228#-40.0#4.816699673960914#9
0000 0039 2000 0000 0000 0000#1626598144890324#-36.0#1.6321555583103222#9
0000 002E 2000 0000 0000 0000#1626598144891635#-41.5#4.994641445355648#9
0000 0037 2000 0000 0000 0000#1626598144892715#-38.0#2.6998061866787286#9
0000 002F 2000 0000 0000 0000#1626598144894204#-41.0#4.896466674930966#9
0000 0035 2000 0000 0000 0000#1626598144899975#-37.5#3.380893656499953#9
0000 002E 2000 0000 0000 0000#1626598144902056#-42.0#4.994641445355648#9
0000 0034 2000 0000 0000 0000#1626598144903407#-37.5#3.822680123411018#9
0000 0033 2000 0000 0000 0000#1626598144904498#-37.0#4.178563666200486#9
0000 0039 2000 0000 0000 0000#1626598144906521#-36.0#1.6689710972195777#9
0000 0030 2000 0000 0000 0000#1626598144908557#-39.5#4.828971520263998#9
FFFF FFFF FFFF FFFF FFFF FFFF#1626598144909909#-66.5#4.97623367590102#9
0000 0032 2000 0000 0000 0000#1626598144911319#-35.5#4.399456899656019#9
0000 0031 2000 0000 0000 0000#1626598144912413#-37.5#4.479223900626073#9
0000 003A 2000 0000 0000 0000#1626598144914689#-30.0#0.5583690067903734#9
0000 002F 2000 0000 0000 0000#1626598144915764#-40.5#4.908738521234052#9
0000 002D 2000 0000 0000 0000#1626598144916759#-45.5#5.184855063053467#9
0000 0036 2000 0000 0000 0000#1626598144919571#-38.0#3.2888548092268146#9
0000 0037 2000 0000 0000 0000#1626598144920921#-38.0#2.748893571891069#9
0000 003B 2000 0000 0000 0000#1626598144923338#-37.0#0.6258641614573416#9
0000 0038 2000 0000 0000 0000#1626598144924347#-38.0#2.405281875404685#9
0000 0033 2000 0000 0000 0000#1626598145193674#-37.0#5.424156065963627#9
0000 0037 2000 0000 0000 0000#1626598145194951#-36.0#4.1172044346850605#9
0000 0038 2000 0000 0000 0000#1626598145203964#-35.0#3.6263305825616556#9
0000 002F 2000 0000 0000 0000#1626598145205543#-40.5#5.767767762450011#9
0000 0039 2000 0000 0000 0000#1626598145206625#-33.0#3.031146036862027#9
FFFF FFFF FFFF FFFF FFFF FFFF#1626598145208194#-68.5#6.111379458936394#9
0000 0034 2000 0000 0000 0000#1626598145209253#-36.0#4.914874444385594#9
0000 0030 2000 0000 0000 0000#1626598145211298#-39.0#5.743224069843841#9
0000 002E 2000 0000 0000 0000#1626598145212326#-42.0#5.773903685601553#9
0000 0035 2000 0000 0000 0000#1626598145214377#-35.5#4.503767593232243#9
0000 0036 2000 0000 0000 0000#1626598145216367#-36.0#4.405592822807561#9
0000 003A 2000 0000 0000 0000#1626598145217702#-27.0#2.184388641949153#9
0000 003B 2000 0000 0000 0000#1626598145219737#-34.5#2.3193789512830896#9
0000 002D 2000 0000 0000 0000#1626598145221160#-45.5#5.878214379177777#9
0000 0031 2000 0000 0000 0000#1626598145222484#-37.5#5.491651220630596#9
0000 0032 2000 0000 0000 0000#1626598145223800#-37.0#5.424156065963627#9
0000 0030 2000 0000 0000 0000#1626598145232531#-39.0#5.743224069843841#9
0000 003A 2000 0000 0000 0000#1626598145234063#-27.0#2.2334760271614935#9
0000 0036 2000 0000 0000 0000#1626598145235184#-36.0#4.430136515413731#9
0000 0037 2000 0000 0000 0000#1626598145236532#-36.0#3.9638063558964967#9
0000 0033 2000 0000 0000 0000#1626598145237825#-36.5#5.289165756629691#9
0000 002F 2000 0000 0000 0000#1626598145238888#-40.5#5.773903685601553#9
FFFF FFFF FFFF FFFF FFFF FFFF#1626598145239967#-68.0#5.976389149602458#9
0000 002E 2000 0000 0000 0000#1626598145241050#-42.0#5.7616318392984684#9
0000 0035 2000 0000 0000 0000#1626598145242111#-35.5#4.534447208989955#9
0000 0039 2000 0000 0000 0000#1626598145243436#-33.0#3.0925052683774528#9
0000 003B 2000 0000 0000 0000#1626598145244959#-34.0#2.399145952253143#9
0000 0031 2000 0000 0000 0000#1626598145246507#-37.5#5.5100589900852235#9
0000 002D 2000 0000 0000 0000#1626598145247806#-45.5#5.8659425328746915#9
0000 0034 2000 0000 0000 0000#1626598145248882#-36.0#4.963961829597935#9
0000 0032 2000 0000 0000 0000#1626598145250685#-37.0#5.4671075280244255#9
0000 0038 2000 0000 0000 0000#1626598145251780#-34.5#3.693825737228624#9
FFFF FFFF FFFF FFFF FFFF FFFF#1626598145520734#-68.0#5.5714182216006485#9
0000 003B 2000 0000 0000 0000#1626598145522028#-32.5#2.8716120349219203#9
0000 002F 2000 0000 0000 0000#1626598145523119#-42.0#5.473243451175968#9
0000 0034 2000 0000 0000 0000#1626598145524155#-36.5#4.92714629068868#9
0000 003A 2000 0000 0000 0000#1626598145525229#-25.5#2.6139032625571326#9
0000 0038 2000 0000 0000 0000#1626598145526281#-34.5#3.773592738198677#9
0000 0036 2000 0000 0000 0000#1626598145527575#-36.0#4.442408361716817#9
0000 0031 2000 0000 0000 0000#1626598145530603#-38.5#5.325981295538946#9
0000 0035 2000 0000 0000 0000#1626598145531865#-36.0#4.528311285838413#9
0000 002D 2000 0000 0000 0000#1626598145533460#-47.0#5.338253141842031#9
0000 0037 2000 0000 0000 0000#1626598145535228#-35.5#4.01902966426038#9
0000 0032 2000 0000 0000 0000#1626598145536318#-37.5#5.313709449235861#9
0000 0030 2000 0000 0000 0000#1626598145537733#-41.0#5.491651220630596#9
0000 002E 2000 0000 0000 0000#1626598145541284#-43.5#5.325981295538946#9
0000 0039 2000 0000 0000 0000#1626598145542351#-31.5#3.3072625786814425#9
0000 0033 2000 0000 0000 0000#1626598145543400#-37.0#5.252350217720435#9
0000 0032 2000 0000 0000 0000#1626598145547663#-38.0#5.344389064993574#9
0000 0033 2000 0000 0000 0000#1626598145548796#-37.5#5.258486140871978#9
0000 0037 2000 0000 0000 0000#1626598145552801#-35.5#4.04357335686655#9
0000 002D 2000 0000 0000 0000#1626598145554373#-47.5#5.332117218690489#9
0000 003A 2000 0000 0000 0000#1626598145555708#-25.5#2.6813984172241008#9
FFFF FFFF FFFF FFFF FFFF FFFF#1626598145557048#-68.0#5.620505606812989#9
0000 0039 2000 0000 0000 0000#1626598145558214#-31.5#3.3440781175906977#9
0000 0038 2000 0000 0000 0000#1626598145559295#-34.5#3.8288160465625602#9
0000 002E 2000 0000 0000 0000#1626598145560364#-43.5#5.307573526084319#9
0000 003B 2000 0000 0000 0000#1626598145561417#-32.5#2.988194574801229#9
0000 0035 2000 0000 0000 0000#1626598145562623#-36.0#4.583534594202296#9
0000 0031 2000 0000 0000 0000#1626598145564084#-38.5#5.325981295538946#9
0000 0030 2000 0000 0000 0000#1626598145565152#-41.0#5.491651220630596#9
0000 0034 2000 0000 0000 0000#1626598145566201#-36.5#4.95168998329485#9
0000 0036 2000 0000 0000 0000#1626598145567281#-36.5#4.491495746929157#9
0000 002F 2000 0000 0000 0000#1626598145568476#-42.0#5.460971604872882#9
0000 0031 2000 0000 0000 0000#1626598145831897#-39.5#4.896466674930966#9
0000 0037 2000 0000 0000 0000#1626598145832933#-36.5#3.988350048502667#9
0000 002D 2000 0000 0000 0000#1626598145833972#-50.0#4.583534594202296#9
0000 0039 2000 0000 0000 0000#1626598145836293#-31.5#3.4054373491061236#9
0000 0033 2000 0000 0000 0000#1626598145837367#-38.5#4.933282213840222#9
0000 0035 2000 0000 0000 0000#1626598145840470#-36.5#4.3933209765044765#9
0000 003A 2000 0000 0000 0000#1626598145841530#-25.5#2.82252464970958#9
0000 0032 2000 0000 0000 0000#1626598145842578#-39.0#4.921010367537137#9
0000 0038 2000 0000 0000 0000#1626598145843869#-35.0#3.834951969714103#9
0000 0030 2000 0000 0000 0000#1626598145844913#-42.0#4.92714629068868#9
0000 0036 2000 0000 0000 0000#1626598145846233#-37.0#4.325825821837508#9
0000 002F 2000 0000 0000 0000#1626598145847285#-43.5#4.871922982324796#9
FFFF FFFF FFFF FFFF FFFF FFFF#1626598145848336#-69.0#4.847379289718626#9
0000 002E 2000 0000 0000 0000#1626598145849873#-45.5#4.6448938257177215#9
0000 003B 2000 0000 0000 0000#1626598145851227#-32.5#3.2888548092268146#9
0000 0034 2000 0000 0000 0000#1626598145853174#-38.0#4.675573441475434#9
FFFF FFFF FFFF FFFF FFFF FFFF#1626598145858520#-69.5#4.908738521234052#9
0000 0030 2000 0000 0000 0000#1626598145859845#-42.0#4.921010367537137#9
0000 0037 2000 0000 0000 0000#1626598145861406#-36.0#3.988350048502667#9
0000 002D 2000 0000 0000 0000#1626598145863230#-50.0#4.503767593232243#9
0000 0038 2000 0000 0000 0000#1626598145864251#-35.0#3.8533597391687304#9
0000 002F 2000 0000 0000 0000#1626598145865287#-44.0#4.822835597112456#9
0000 0036 2000 0000 0000 0000#1626598145866900#-37.0#4.331961744989051#9
0000 0031 2000 0000 0000 0000#1626598145869210#-40.0#4.865787059173254#9
0000 002E 2000 0000 0000 0000#1626598145871020#-46.0#4.601942363656923#9
0000 0035 2000 0000 0000 0000#1626598145872326#-36.5#4.381049130201391#9
0000 0032 2000 0000 0000 0000#1626598145873914#-39.5#4.890330751779424#9
0000 003A 2000 0000 0000 0000#1626598145875235#-25.5#2.8777479580734626#9
0000 0039 2000 0000 0000 0000#1626598145878026#-31.5#3.466796580621549#9
0000 003B 2000 0000 0000 0000#1626598145879379#-32.5#3.3440781175906977#9
0000 0033 2000 0000 0000 0000#1626598145880654#-38.5#4.914874444385594#9
0000 0034 2000 0000 0000 0000#1626598145882558#-38.0#4.6878452877785195#9
0000 0032 2000 0000 0000 0000#1626598146147205#-41.0#4.773748211900116#9
0000 0038 2000 0000 0000 0000#1626598146148987#-34.0#4.25833066717054#9
0000 003B 2000 0000 0000 0000#1626598146150040#-32.5#4.0128937411088375#9
0000 002E 2000 0000 0000 0000#1626598146152090#-47.5#4.264466590322082#9
0000 002F 2000 0000 0000 0000#1626598146153154#-46.0#4.534447208989955#9
0000 0034 2000 0000 0000 0000#1626598146154215#-39.0#4.681709364626977#9
0000 0036 2000 0000 0000 0000#1626598146156650#-36.5#4.491495746929157#9
0000 0030 2000 0000 0000 0000#1626598146157937#-44.5#4.681709364626977#9
0000 0039 2000 0000 0000 0000#1626598146158964#-31.5#3.9638063558964967#9
0000 003A 2000 0000 0000 0000#1626598146160282#-26.0#3.485204350076177#9
0000 0033 2000 0000 0000 0000#1626598146161329#-40.0#4.841243366567084#9
FFFF FFFF FFFF FFFF FFFF FFFF#1626598146162636#-68.5#5.178719139901925#9
0000 0031 2000 0000 0000 0000#1626598146163687#-42.0#4.681709364626977#9
0000 002D 2000 0000 0000 0000#1626598146166881#-52.5#4.04357335686655#9
0000 0037 2000 0000 0000 0000#1626598146169271#-35.5#4.295146206079795#9
0000 0035 2000 0000 0000 0000#1626598146171602#-36.5#4.460816131171445#9
0000 0039 2000 0000 0000 0000#1626598146175465#-31.5#3.9760782021995817#9
0000 0036 2000 0000 0000 0000#1626598146177255#-36.5#4.491495746929157#9
0000 002F 2000 0000 0000 0000#1626598146178557#-46.5#4.460816131171445#9
0000 003B 2000 0000 0000 0000#1626598146179684#-32.5#4.049709280018092#9
0000 002E 2000 0000 0000 0000#1626598146181459#-47.5#4.2031073588066565#9
0000 0038 2000 0000 0000 0000#1626598146183735#-34.0#4.25833066717054#9
0000 0035 2000 0000 0000 0000#1626598146185038#-36.5#4.473087977474529#9
0000 0031 2000 0000 0000 0000#1626598146186831#-42.0#4.626486056263094#9
0000 0037 2000 0000 0000 0000#1626598146187882#-35.0#4.289010282928253#9
0000 0032 2000 0000 0000 0000#1626598146189171#-41.0#4.71238898038469#9
0000 0033 2000 0000 0000 0000#1626598146190490#-40.5#4.792155981354743#9
0000 003A 2000 0000 0000 0000#1626598146191538#-25.5#3.5281558121369745#9
0000 002D 2000 0000 0000 0000#1626598146194584#-53.0#3.9638063558964967#9
0000 0034 2000 0000 0000 0000#1626598146196217#-38.5#4.632621979414636#9
FFFF FFFF FFFF FFFF FFFF FFFF#1626598146197270#-68.0#5.135767677841127#9
0000 0030 2000 0000 0000 0000#1626598146198566#-44.5#4.614214209960009#9
0000 003B 2000 0000 0000 0000#1626598146466672#-31.5#5.00077736850719#9
FFFF FFFF FFFF FFFF FFFF FFFF#1626598146467751#-68.5#6.12365130523948#9
0000 0038 2000 0000 0000 0000#1626598146470110#-33.0#4.828971520263998#9
0000 002F 2000 0000 0000 0000#1626598146471203#-48.0#4.424000592262189#9
0000 0039 2000 0000 0000 0000#1626598146472254#-31.0#4.693981210930062#9
0000 0033 2000 0000 0000 0000#1626598146473359#-41.0#4.859651136021712#9
0000 003A 2000 0000 0000 0000#1626598146474447#-25.0#4.405592822807561#9
0000 0030 2000 0000 0000 0000#1626598146475492#-46.0#4.577398671050753#9
0000 0035 2000 0000 0000 0000#1626598146476570#-36.5#4.71238898038469#9
0000 0034 2000 0000 0000 0000#1626598146477634#-38.5#4.792155981354743#9
0000 0037 2000 0000 0000 0000#1626598146478904#-35.0#4.749204519293945#9
0C21 0537 8123 1003 2202 062F#1626598146480245#-68.0#1.8223691760081417#9
0000 0031 2000 0000 0000 0000#1626598146482167#-43.5#4.577398671050753#9
0000 0036 2000 0000 0000 0000#1626598146483471#-36.5#4.76147636559703#9
0000 0032 2000 0000 0000 0000#1626598146484549#-43.0#4.681709364626977#9
0000 002D 2000 0000 0000 0000#1626598146485688#-54.5#3.890175278077986#9
0000 002E 2000 0000 0000 0000#1626598146487282#-50.0#4.06811704947272#9
0000 0033 2000 0000 0000 0000#1626598146493063#-41.0#4.816699673960914#9
0000 0037 2000 0000 0000 0000#1626598146494157#-35.0#4.7307967498393175#9
0000 003A 2000 0000 0000 0000#1626598146495447#-25.0#4.417864669110647#9
0000 0039 2000 0000 0000 0000#1626598146497255#-30.5#4.693981210930062#9
0000 0032 2000 0000 0000 0000#1626598146499072#-42.5#4.663301595172349#9
0000 0036 2000 0000 0000 0000#1626598146500375#-36.5#4.749204519293945#9
0000 002D 2000 0000 0000 0000#1626598146501474#-55.0#3.865631585471816#9
0000 002E 2000 0000 0000 0000#1626598146503009#-50.0#4.0128937411088375#9
0000 003B 2000 0000 0000 0000#1626598146504062#-31.5#5.043728830567988#9
0000 0038 2000 0000 0000 0000#1626598146505554#-33.0#4.81056375080937#9
0000 0034 2000 0000 0000 0000#1626598146507828#-39.0#4.743068596142402#9
0000 0031 2000 0000 0000 0000#1626598146510717#-43.5#4.485359823777615#9
0000 0035 2000 0000 0000 0000#1626598146512151#-37.0#4.669437518323892#9
FFFF FFFF FFFF FFFF FFFF FFFF#1626598146515302#-67.5#5.927301764390117#9
0000 0030 2000 0000 0000 0000#1626598146516399#-46.5#4.442408361716817#9
0000 002F 2000 0000 0000 0000#1626598146517418#-48.5#4.252194744018997#9
0000 002F 2000 0000 0000 0000#1626598146797276#-51.5#2.9513790358919736#9
0000 0036 2000 0000 0000 0000#1626598146798354#-37.5#3.8410878928656453#9
0000 003B 2000 0000 0000 0000#1626598146799421#-31.0#4.847379289718626#9
0000 002D 2000 0000 0000 0000#1626598146800700#-58.0#2.2580197197676637#9
0000 0032 2000 0000 0000 0000#1626598146802288#-45.0#3.393165502803038#9
0000 0030 2000 0000 0000 0000#1626598146803583#-50.0#3.160000423044421#9
0000 0039 2000 0000 0000 0000#1626598146805910#-30.0#4.154019973594316#9
0000 003A 2000 0000 0000 0000#1626598146807470#-25.0#4.06811704947272#9
0000 0035 2000 0000 0000 0000#1626598146808547#-37.5#3.693825737228624#9
0000 0033 2000 0000 0000 0000#1626598146814886#-43.0#3.5895150436524004#9
0000 0038 2000 0000 0000 0000#1626598146815997#-33.0#4.129476280988146#9
0000 0034 2000 0000 0000 0000#1626598146817045#-40.0#3.650874275167826#9
0000 0037 2000 0000 0000 0000#1626598146818081#-35.0#3.933126740138784#9
0000 0031 2000 0000 0000 0000#1626598146819132#-46.5#3.1784081924990484#9
0000 002E 2000 0000 0000 0000#1626598146820171#-54.0#2.4175537217077703#9
FFFF FFFF FFFF FFFF FFFF FFFF#1626598146822234#-69.5#5.589825991055276#9
FFFF FFFF FFFF FFFF FFFF FFFF#1626598146827233#-69.0#5.516194913236766#9
0000 0039 2000 0000 0000 0000#1626598146829423#-30.0#4.123340357836604#9
0000 0030 2000 0000 0000 0000#1626598146830835#-50.0#3.043417883165112#9
0000 0036 2000 0000 0000 0000#1626598146831914#-37.0#3.761320891895592#9
0000 0035 2000 0000 0000 0000#1626598146833220#-37.5#3.6324665057131984#9
0000 0037 2000 0000 0000 0000#1626598146834284#-35.0#3.8840393549264434#9
0000 0034 2000 0000 0000 0000#1626598146835536#-40.0#3.6017868899554855#9
0000 002E 2000 0000 0000 0000#1626598146836985#-54.0#2.3623304133438876#9
0000 0031 2000 0000 0000 0000#1626598146838076#-47.0#3.11091303783208#9
0000 003A 2000 0000 0000 0000#1626598146839125#-25.0#4.061981126321178#9
0000 003B 2000 0000 0000 0000#1626598146848829#-31.0#5.037592907416445#9
0000 0033 2000 0000 0000 0000#1626598146849835#-43.0#3.6876898140770815#9
0000 0038 2000 0000 0000 0000#1626598146851115#-32.5#4.289010282928253#9
0000 0032 2000 0000 0000 0000#1626598146852700#-44.5#3.4177091954092087#9
0C21 0537 8123 1003 2202 062F#1626598146854358#-68.0#1.2640001692177683#9
0000 002F 2000 0000 0000 0000#1626598146855449#-51.5#2.8654761117703775#9
0000 002D 2000 0000 0000 0000#1626598146856514#-58.5#2.110757564130642#9
0000 003A 2000 0000 0000 0000#1626598147124984#-24.0#3.393165502803038#9
0000 003B 2000 0000 0000 0000#1626598147127444#-31.5#4.399456899656019#9
0000 0038 2000 0000 0000 0000#1626598147129021#-34.5#3.2090878082567613#9
0000 0037 2000 0000 0000 0000#1626598147130100#-35.5#2.8777479580734626#9
0000 0036 2000 0000 0000 0000#1626598147131875#-38.0#2.6384469551633027#9
0000 0034 2000 0000 0000 0000#1626598147132941#-41.5#2.36846633649543#9
0000 0030 2000 0000 0000 0000#1626598147133979#-52.5#1.2640001692177683#9
0000 0035 2000 0000 0000 0000#1626598147135057#-38.5#2.466641106920111#9
0000 0039 2000 0000 0000 0000#1626598147136098#-31.0#3.3011266555298997#9
0000 002E 2000 0000 0000 0000#1626598147137167#-54.5#0.2086213871524472#9
0000 0033 2000 0000 0000 0000#1626598147138171#-45.0#2.1230294104337273#9
0000 002D 2000 0000 0000 0000#1626598147139266#-51.5#5.957981380147831#9
FFFF FFFF FFFF FFFF FFFF FFFF#1626598147140418#-69.5#5.209398755659637#9
0000 002F 2000 0000 0000 0000#1626598147142605#-54.5#0.9326603190344698#9
0000 0032 2000 0000 0000 0000#1626598147145722#-47.5#1.748738098189631#9
0000 0031 2000 0000 0000 0000#1626598147146973#-49.0#1.5033011721279284#9
0000 0036 2000 0000 0000 0000#1626598147152638#-38.0#2.5709518004963345#9
0000 0032 2000 0000 0000 0000#1626598147153912#-47.5#1.748738098189631#9
0000 002D 2000 0000 0000 0000#1626598147155949#-50.0#5.792311455056181#9
0000 0033 2000 0000 0000 0000#1626598147157068#-45.5#2.073942025221387#9
0000 0030 2000 0000 0000 0000#1626598147158362#-53.0#1.1351457830353744#9
0000 003A 2000 0000 0000 0000#1626598147159753#-25.5#3.3379421944391554#9
0000 0037 2000 0000 0000 0000#1626598147161090#-35.5#2.791845033951867#9
0000 002F 2000 0000 0000 0000#1626598147162194#-55.0#0.8528933180644165#9
0000 0039 2000 0000 0000 0000#1626598147163274#-31.5#3.2520392703175593#9
0000 002E 2000 0000 0000 0000#1626598147164313#-53.5#6.252505691421874#9
0000 0031 2000 0000 0000 0000#1626598147165391#-49.5#1.423534171157875#9
0000 003B 2000 0000 0000 0000#1626598147167441#-31.0#4.3503695144436785#9
0000 0038 2000 0000 0000 0000#1626598147169264#-34.5#3.129320807286708#9
0000 0034 2000 0000 0000 0000#1626598147170541#-41.5#2.227340104009951#9
FFFF FFFF FFFF FFFF FFFF FFFF#1626598147174707#-69.5#5.141903600992669#9
0000 0035 2000 0000 0000 0000#1626598147176268#-39.0#2.350058567040802#9
0000 0031 2000 0000 0000 0000#1626598147440024#-51.0#0.15339807878856412#9
0000 0032 2000 0000 0000 0000#1626598147441379#-48.5#0.5829126993965437#9
0000 0030 2000 0000 0000 0000#1626598147443382#-48.5#5.350524988145116#9
0000 003B 2000 0000 0000 0000#1626598147444464#-32.0#4.276738436625168#9
0000 0035 2000 0000 0000 0000#1626598147445801#-40.0#1.8162332528565992#9
0000 002E 2000 0000 0000 0000#1626598147454820#-45.0#5.246214294568893#9
0000 0034 2000 0000 0000 0000#1626598147456594#-43.0#2.325514874434632#9
0000 0038 2000 0000 0000 0000#1626598147457874#-35.0#3.5158839658338894#9
0000 002F 2000 0000 0000 0000#1626598147458938#-45.5#5.712544454086128#9
0000 003A 2000 0000 0000 0000#1626598147460556#-26.5#3.9208548938356986#9
0000 0037 2000 0000 0000 0000#1626598147463727#-37.5#3.1231848841351653#9
FFFF FFFF FFFF FFFF FFFF FFFF#1626598147466331#-68.0#0.4970097752749477#9
0000 0039 2000 0000 0000 0000#1626598147468451#-32.0#3.6999616603801666#9
0000 0036 2000 0000 0000 0000#1626598147470660#-39.5#2.7120780329818137#9
0000 002D 2000 0000 0000 0000#1626598147473131#-51.0#5.252350217720435#9
0000 0033 2000 0000 0000 0000#1626598147474307#-47.0#1.8039614065535141#9
0000 0038 2000 0000 0000 0000#1626598147479723#-35.0#3.479068426924634#9
0000 003A 2000 0000 0000 0000#1626598147481482#-27.0#3.8717675086233583#9
FFFF FFFF FFFF FFFF FFFF FFFF#1626598147483361#-68.5#0.6688156235181395#9
0000 0035 2000 0000 0000 0000#1626598147484422#-40.0#2.448233337465483#9
0000 0032 2000 0000 0000 0000#1626598147486451#-49.0#1.0737865515199487#9
0000 0039 2000 0000 0000 0000#1626598147487604#-32.0#3.6386024288647407#9
0000 003B 2000 0000 0000 0000#1626598147488641#-32.0#5.00077736850719#9
0000 0030 2000 0000 0000 0000#1626598147490184#-45.5#5.712544454086128#9
0000 0036 2000 0000 0000 0000#1626598147491520#-39.5#2.6445828783148455#9
0000 002E 2000 0000 0000 0000#1626598147492589#-45.5#5.154175447295755#9
0000 0037 2000 0000 0000 0000#1626598147493696#-37.5#3.0372819600135696#9
0000 0031 2000 0000 0000 0000#1626598147495645#-50.5#0.6381360077604268#9
0000 0034 2000 0000 0000 0000#1626598147496823#-43.0#2.1598449493429825#9
0000 002F 2000 0000 0000 0000#1626598147497853#-45.0#5.473243451175968#9
0000 0033 2000 0000 0000 0000#1626598147498904#-48.0#1.6873788666742053#9
0000 002D 2000 0000 0000 0000#1626598147499928#-52.5#5.203262832508095#9
0000 0031 2000 0000 0000 0000#1626598147767571#-42.0#4.700117134081604#9
0000 002E 2000 0000 0000 0000#1626598147769352#-60.0#3.5711072741977725#9
0000 0034 2000 0000 0000 0000#1626598147770403#-46.0#0.7976700097005334#9
0000 003B 2000 0000 0000 0000#1626598147771497#-34.0#4.295146206079795#9
0000 0032 2000 0000 0000 0000#1626598147773327#-41.5#4.994641445355648#9
0000 0033 2000 0000 0000 0000#1626598147774470#-45.0#5.939573610693203#9
0000 0036 2000 0000 0000 0000#1626598147777027#-43.5#1.5278448647340985#9
FFFF FFFF FFFF FFFF FFFF FFFF#1626598147780232#-66.5#0.1595340019401067#9
0000 0039 2000 0000 0000 0000#1626598147781269#-35.0#2.6568547246179306#9
0000 003A 2000 0000 0000 0000#1626598147782314#-28.5#2.8838838812250054#9
0000 002F 2000 0000 0000 0000#1626598147785633#-51.0#4.295146206079795#9
0000 0035 2000 0000 0000 0000#1626598147786636#-43.0#1.1903690913992575#9
0000 002D 2000 0000 0000 0000#1626598147787991#-65.5#3.1354567304382504#9
0000 0037 2000 0000 0000 0000#1626598147789070#-40.0#1.9880391010997909#9
0000 0038 2000 0000 0000 0000#1626598147790135#-38.5#2.423689644859313#9
0000 0030 2000 0000 0000 0000#1626598147791251#-47.0#4.4362724385652745#9
0000 003B 2000 0000 0000 0000#1626598147798986#-34.5#4.239922897715912#9
0000 003A 2000 0000 0000 0000#1626598147800064#-29.0#2.8286605728611223#9
0000 002E 2000 0000 0000 0000#1626598147801661#-61.0#3.3747577333484107#9
0000 0031 2000 0000 0000 0000#1626598147803465#-41.5#4.558990901596125#9
0000 0036 2000 0000 0000 0000#1626598147804488#-44.0#1.3928545554001621#9
0000 0039 2000 0000 0000 0000#1626598147807277#-35.0#2.5893595699509624#9
0000 0037 2000 0000 0000 0000#1626598147808386#-40.5#1.902136176978195#9
0000 0033 2000 0000 0000 0000#1626598147811189#-44.0#5.608233760509904#9
0000 002F 2000 0000 0000 0000#1626598147812711#-53.0#4.215379205109742#9
0000 0032 2000 0000 0000 0000#1626598147813742#-42.0#4.804427827657828#9
0000 0030 2000 0000 0000 0000#1626598147815426#-48.0#4.4362724385652745#9
0000 0035 2000 0000 0000 0000#1626598147816970#-44.0#1.0492428589137786#9
FFFF FFFF FFFF FFFF FFFF FFFF#1626598147818878#-67.5#0.18407769454627693#9
0000 0038 2000 0000 0000 0000#1626598147820411#-39.0#2.356194490192345#9
0000 0034 2000 0000 0000 0000#1626598147821813#-44.5#0.42337869745643697#9
0000 002D 2000 0000 0000 0000#1626598147823949#-67.0#2.6691265709210157#9
0000 0038 2000 0000 0000 0000#1626598148088042#-43.5#1.3314953238847365#9
0000 0039 2000 0000 0000 0000#1626598148089098#-39.0#1.7303303287350031#9
FFFF FFFF FFFF FFFF FFFF FFFF#1626598148090633#-68.5#5.8659425328746915#9
0000 0032 2000 0000 0000 0000#1626598148091664#-48.0#3.785864584501762#9
0000 0036 2000 0000 0000 0000#1626598148094393#-45.0#5.730952223540755#9
0000 003A 2000 0000 0000 0000#1626598148095997#-31.5#1.9389517158874505#9
0000 0031 2000 0000 0000 0000#1626598148097275#-52.5#3.4177091954092087#9
0000 003B 2000 0000 0000 0000#1626598148098287#-37.0#3.3440781175906977#9
0000 0034 2000 0000 0000 0000#1626598148099621#-40.5#4.479223900626073#9
0000 0033 2000 0000 0000 0000#1626598148100625#-42.0#4.04357335686655#9
0000 0035 2000 0000 0000 0000#1626598148103113#-43.0#5.209398755659637#9
0000 0037 2000 0000 0000 0000#1626598148105201#-46.0#0.48473792897186263#9
0000 002F 2000 0000 0000 0000#1626598148106491#-61.5#1.6444274046134073#9
0000 002E 2000 0000 0000 0000#1626598148108655#-60.0#5.154175447295755#9
0000 0030 2000 0000 0000 0000#1626598148109852#-59.5#2.6139032625571326#9
0000 002D 2000 0000 0000 0000#1626598148112857#-59.0#4.368777283898306#9
0000 003A 2000 0000 0000 0000#1626598148116945#-31.5#1.8960002538266525#9
0000 002D 2000 0000 0000 0000#1626598148118027#-58.5#4.25833066717054#9
0000 0038 2000 0000 0000 0000#1626598148119531#-44.0#1.1903690913992575#9
0000 0036 2000 0000 0000 0000#1626598148120583#-45.0#5.522330836388308#9
0000 0033 2000 0000 0000 0000#1626598148122087#-42.5#4.006757817957295#9
0000 0031 2000 0000 0000 0000#1626598148123380#-54.0#3.2581751934691017#9
0000 0030 2000 0000 0000 0000#1626598148125175#-59.5#2.5157284921324514#9
0000 0034 2000 0000 0000 0000#1626598148126452#-40.0#4.387185053352934#9
0000 002F 2000 0000 0000 0000#1626598148127756#-62.5#1.4419419406125027#9
0000 0035 2000 0000 0000 0000#1626598148128790#-42.5#5.013049214810275#9
0000 0037 2000 0000 0000 0000#1626598148130096#-46.0#0.32520392703175593#9
0000 003B 2000 0000 0000 0000#1626598148131392#-37.5#3.2827188860752723#9
FFFF FFFF FFFF FFFF FFFF FFFF#1626598148132472#-67.5#5.9518454569962875#9
0000 0039 2000 0000 0000 0000#1626598148133795#-40.5#1.5892040962495242#9
0000 0032 2000 0000 0000 0000#1626598148135329#-50.5#3.6999616603801666#9
0000 002E 2000 0000 0000 0000#1626598148138109#-60.0#4.755340442445488#9
0000 0038 2000 0000 0000 0000#1626598148406146#-45.5#5.141903600992669#9
0000 003A 2000 0000 0000 0000#1626598148408972#-38.0#0.4663301595172349#9
0000 0034 2000 0000 0000 0000#1626598148410063#-49.5#3.1354567304382504#9
0000 002D 2000 0000 0000 0000#1626598148411117#-55.0#1.1535535524900022#9
0000 0032 2000 0000 0000 0000#1626598148412364#-57.5#1.5033011721279284#9
0000 0031 2000 0000 0000 0000#1626598148413655#-58.5#0.6013204688511713#9
0000 0030 2000 0000 0000 0000#1626598148415242#-67.5#4.994641445355648#9
0000 002F 2000 0000 0000 0000#1626598148416352#-62.0#3.5833791205008576#9
0000 003B 2000 0000 0000 0000#1626598148417647#-40.5#2.055534255766759#9
0000 0036 2000 0000 0000 0000#1626598148418685#-43.5#3.6079228131070282#9
0000 0037 2000 0000 0000 0000#1626598148420818#-44.0#4.28287435977671#9
0000 0035 2000 0000 0000 0000#1626598148422265#-44.5#3.411573272257666#9
0000 0039 2000 0000 0000 0000#1626598148423345#-45.5#5.884350302329319#9
0000 0033 2000 0000 0000 0000#1626598148424406#-56.0#2.442097414313941#9
FFFF FFFF FFFF FFFF FFFF FFFF#1626598148425641#-67.5#4.945554060143307#9
0000 002E 2000 0000 0000 0000#1626598148426711#-56.5#1.6444274046134073#9
0000 003B 2000 0000 0000 0000#1626598148430735#-41.0#2.030990563160589#9
0000 003A 2000 0000 0000 0000#1626598148433109#-38.5#0.37429131224409645#9
0000 002E 2000 0000 0000 0000#1626598148435093#-57.0#1.5953400194010667#9
0000 0035 2000 0000 0000 0000#1626598148436141#-45.0#3.3747577333484107#9
0000 0033 2000 0000 0000 0000#1626598148437427#-56.0#2.405281875404685#9
0000 0034 2000 0000 0000 0000#1626598148438535#-51.0#3.0495538063166547#9
0000 0031 2000 0000 0000 0000#1626598148439642#-59.0#0.34974761963792617#9
0000 002D 2000 0000 0000 0000#1626598148440666#-55.5#1.0246991663076084#9
0000 0038 2000 0000 0000 0000#1626598148441874#-45.0#4.970097752749477#9
0000 0039 2000 0000 0000 0000#1626598148443247#-45.5#5.7616318392984684#9
0000 0037 2000 0000 0000 0000#1626598148444627#-44.0#4.2092432819582#9
0000 0036 2000 0000 0000 0000#1626598148445677#-43.5#3.5772431973493153#9
0000 0032 2000 0000 0000 0000#1626598148448892#-58.0#1.2455923997631406#9
0000 002F 2000 0000 0000 0000#1626598148450083#-61.0#3.2765829629237295#9
FFFF FFFF FFFF FFFF FFFF FFFF#1626598148451104#-67.5#4.908738521234052#9
0000 0030 2000 0000 0000 0000#1626598148452204#-66.0#4.430136515413731#9
0000 0033 2000 0000 0000 0000#1626598148721715#-59.0#0.9878836273983529#9
0000 0038 2000 0000 0000 0000#1626598148723879#-45.5#4.957825906446392#9
0000 0039 2000 0000 0000 0000#1626598148724892#-43.5#5.270757987175063#9
0000 0037 2000 0000 0000 0000#1626598148725956#-49.0#4.485359823777615#9
0000 0030 2000 0000 0000 0000#1626598148728225#-60.0#3.1661363461959633#9
FFFF FFFF FFFF FFFF FFFF FFFF#1626598148730231#-68.0#0.4356505437595221#9
0000 003A 2000 0000 0000 0000#1626598148731776#-40.5#5.816855147662351#9
0000 003B 2000 0000 0000 0000#1626598148732801#-46.0#1.846912868614312#9
0000 0035 2000 0000 0000 0000#1626598148734369#-54.0#3.153864499892878#9
0000 0031 2000 0000 0000 0000#1626598148736317#-57.0#4.4976316700806995#9
0000 0036 2000 0000 0000 0000#1626598148737409#-53.5#3.6324665057131984#9
0000 002D 2000 0000 0000 0000#1626598148738661#-56.0#0.35588354278946877#9
0000 002E 2000 0000 0000 0000#1626598148739717#-56.5#1.0799224746714913#9
0000 0032 2000 0000 0000 0000#1626598148741485#-58.5#5.313709449235861#9
0000 0034 2000 0000 0000 0000#1626598148744324#-55.5#2.116893487282185#9
0000 002F 2000 0000 0000 0000#1626598148745387#-57.0#2.4175537217077703#9
0000 003B 2000 0000 0000 0000#1626598148748947#-46.5#1.761009944492716#9
0000 002E 2000 0000 0000 0000#1626598148750798#-56.5#0.9572040116406401#9
0000 0034 2000 0000 0000 0000#1626598148752346#-55.5#2.030990563160589#9
0000 0035 2000 0000 0000 0000#1626598148753376#-54.0#3.074097498922825#9
0000 0037 2000 0000 0000 0000#1626598148754483#-50.5#4.430136515413731#9
0000 0032 2000 0000 0000 0000#1626598148756124#-57.0#5.178719139901925#9
0000 0038 2000 0000 0000 0000#1626598148758221#-46.5#4.871922982324796#9
0000 0030 2000 0000 0000 0000#1626598148759337#-60.0#2.988194574801229#9
0000 0033 2000 0000 0000 0000#1626598148761378#-60.0#0.5583690067903734#9
0000 003A 2000 0000 0000 0000#1626598148762427#-40.0#5.675728915176872#9
0000 002D 2000 0000 0000 0000#1626598148763751#-56.5#0.18407769454627693#9
0000 0039 2000 0000 0000 0000#1626598148764876#-44.0#5.154175447295755#9
0000 0036 2000 0000 0000 0000#1626598148765950#-53.5#3.472932503773092#9
FFFF FFFF FFFF FFFF FFFF FFFF#1626598148767074#-67.0#0.3129320807286708#9
0000 002F 2000 0000 0000 0000#1626598148768991#-57.5#2.3193789512830896#9
0000 0031 2000 0000 0000 0000#1626598148771412#-57.0#4.221515128261284#9
0000 0035 2000 0000 0000 0000#1626598149035844#-57.5#0.4172427743048944#9
0000 0039 2000 0000 0000 0000#1626598149036865#-49.5#4.080388895775806#9
0000 003B 2000 0000 0000 0000#1626598149038437#-48.0#6.277049384028044#9
0000 0038 2000 0000 0000 0000#1626598149039976#-53.5#3.5588354278946874#9
0000 003A 2000 0000 0000 0000#1626598149041279#-42.0#4.387185053352934#9
0000 002E 2000 0000 0000 0000#1626598149044088#-61.5#5.620505606812989#9
0000 0034 2000 0000 0000 0000#1626598149045134#-57.0#4.92714629068868#9
0000 0037 2000 0000 0000 0000#1626598149047594#-56.5#2.5832236467994196#9
FFFF FFFF FFFF FFFF FFFF FFFF#1626598149048644#-67.5#0.1043106935762236#9
0000 0031 2000 0000 0000 0000#1626598149050462#-55.5#1.9757672547967058#9
0000 002F 2000 0000 0000 0000#1626598149052039#-57.5#0.36815538909255385#9
0000 0036 2000 0000 0000 0000#1626598149053497#-58.0#1.141281706186917#9
0000 0030 2000 0000 0000 0000#1626598149055342#-59.0#1.0246991663076084#9
0000 0032 2000 0000 0000 0000#1626598149056873#-56.5#2.5709518004963345#9
0000 002D 2000 0000 0000 0000#1626598149059024#-62.5#5.0682725231741586#9
0000 0033 2000 0000 0000 0000#1626598149061138#-57.5#3.693825737228624#9
0000 0037 2000 0000 0000 0000#1626598149065811#-57.0#2.442097414313941#9
0000 0035 2000 0000 0000 0000#1626598149066871#-57.5#0.11044661672776616#9
0000 002F 2000 0000 0000 0000#1626598149068163#-57.0#0.30066023442558565#9
0000 0031 2000 0000 0000 0000#1626598149069755#-55.5#1.859184714917397#9
0000 0038 2000 0000 0000 0000#1626598149071275#-53.5#3.411573272257666#9
0000 0036 2000 0000 0000 0000#1626598149072849#-58.0#0.9633399347921826#9
0000 003A 2000 0000 0000 0000#1626598149073969#-42.5#4.25833066717054#9
FFFF FFFF FFFF FFFF FFFF FFFF#1626598149075775#-67.5#0.006135923151542565#9
0000 0039 2000 0000 0000 0000#1626598149076852#-50.5#3.8840393549264434#9
0000 003B 2000 0000 0000 0000#1626598149079103#-48.0#6.068427996875596#9
0000 0032 2000 0000 0000 0000#1626598149080137#-56.5#2.3930100291016#9
0000 0030 2000 0000 0000 0000#1626598149081690#-59.5#0.7976700097005334#9
0000 0034 2000 0000 0000 0000#1626598149083024#-56.5#4.632621979414636#9
0000 0033 2000 0000 0000 0000#1626598149084072#-57.0#3.4913402732277192#9
0000 002E 2000 0000 0000 0000#1626598149086238#-62.0#5.3627968344482015#9
0000 002F 2000 0000 0000 0000#1626598149360693#-63.0#4.7307967498393175#9
0000 0037 2000 0000 0000 0000#1626598149361953#-59.0#5.620505606812989#9
0000 0038 2000 0000 0000 0000#1626598149363046#-58.0#1.055378782065321#9
0000 0033 2000 0000 0000 0000#1626598149365269#-56.0#1.3069516312785663#9
0000 003A 2000 0000 0000 0000#1626598149366619#-47.5#2.730485802436441#9
0000 003B 2000 0000 0000 0000#1626598149368682#-51.0#4.681709364626977#9
0000 0034 2000 0000 0000 0000#1626598149369714#-55.0#2.2396119503130363#9
0000 0036 2000 0000 0000 0000#1626598149370819#-58.5#4.190835512503572#9
0000 0035 2000 0000 0000 0000#1626598149371895#-56.5#3.448388811166921#9
0000 0032 2000 0000 0000 0000#1626598149373952#-56.5#0.380427235395639#9
0000 0039 2000 0000 0000 0000#1626598149376002#-54.5#1.9941750242513334#9
FFFF FFFF FFFF FFFF FFFF FFFF#1626598149379502#-67.0#5.878214379177777#9
0000 0031 2000 0000 0000 0000#1626598149382089#-57.0#6.019340611663256#9
0000 0038 2000 0000 0000 0000#1626598149388229#-58.5#0.8651651643675016#9
0000 0032 2000 0000 0000 0000#1626598149389278#-57.0#0.25157284921324513#9
0000 0033 2000 0000 0000 0000#1626598149390792#-56.0#1.141281706186917#9
0000 0039 2000 0000 0000 0000#1626598149391799#-55.0#1.9512235621905356#9
0000 003A 2000 0000 0000 0000#1626598149393121#-48.0#2.6323110320117604#9
0000 002F 2000 0000 0000 0000#1626598149394200#-65.0#4.804427827657828#9
0000 0031 2000 0000 0000 0000#1626598149395235#-57.0#5.988660995905543#9
0000 0035 2000 0000 0000 0000#1626598149396483#-56.5#3.3011266555298997#9
0000 0036 2000 0000 0000 0000#1626598149397823#-59.0#4.025165587411922#9
0000 003B 2000 0000 0000 0000#1626598149399744#-51.5#4.620350133111551#9
FFFF FFFF FFFF FFFF FFFF FFFF#1626598149404000#-67.0#6.074563920027139#9
0000 0034 2000 0000 0000 0000#1626598149405287#-54.5#2.030990563160589#9
0000 0037 2000 0000 0000 0000#1626598149406764#-59.0#5.221670601962723#9
0000 0032 2000 0000 0000 0000#1626598149672623#-62.0#5.792311455056181#9
0000 003A 2000 0000 0000 0000#1626598149673915#-54.5#1.5033011721279284#9
0000 003B 2000 0000 0000 0000#1626598149676840#-56.5#3.767456815047135#9
0000 0038 2000 0000 0000 0000#1626598149677906#-63.0#5.338253141842031#9
0000 0036 2000 0000 0000 0000#1626598149680999#-60.0#2.2518837966161214#9
0000 0034 2000 0000 0000 0000#1626598149682316#-56.5#0.7731263170943632#9
0000 0035 2000 0000 0000 0000#1626598149683364#-57.0#1.6751070203711202#9
FFFF FFFF FFFF FFFF FFFF FFFF#1626598149684444#-67.5#5.092816215780329#9
0000 0033 2000 0000 0000 0000#1626598149685988#-59.0#0.20248546400090464#9
0000 0037 2000 0000 0000 0000#1626598149688200#-61.5#3.663146121470911#9
0000 0039 2000 0000 0000 0000#1626598149689890#-60.5#0.44178646691106466#9
0000 003A 2000 0000 0000 0000#1626598149694974#-54.5#1.5401167110371838#9
0000 0032 2000 0000 0000 0000#1626598149696922#-62.0#5.841398840268521#9
0000 003B 2000 0000 0000 0000#1626598149706240#-56.5#3.9699422790480394#9
0000 0037 2000 0000 0000 0000#1626598149708392#-61.0#3.859495662320273#9
0000 0036 2000 0000 0000 0000#1626598149709797#-59.5#2.466641106920111#9
0000 0038 2000 0000 0000 0000#1626598149713129#-62.5#5.540738605842936#9
0000 0033 2000 0000 0000 0000#1626598149714574#-59.0#0.36815538909255385#9
FFFF FFFF FFFF FFFF FFFF FFFF#1626598149715679#-67.0#5.295301679781233#9
0000 0035 2000 0000 0000 0000#1626598149717179#-57.0#1.8223691760081417#9
0000 0034 2000 0000 0000 0000#1626598149718213#-56.0#0.9142525495798421#9
0000 0039 2000 0000 0000 0000#1626598149719408#-61.0#0.6381360077604268#9
