0000 002D 2000 0000 0000 0000#1626598045931758#-52.5#2.82252464970958#9
0000 0036 2000 0000 0000 0000#1626598045932778#-47.0#4.399456899656019#9
0000 0031 2000 0000 0000 0000#1626598045934327#-50.5#0.7669903939428205#9
0000 003A 2000 0000 0000 0000#1626598045937222#-48.5#2.2212041808584084#9
0000 0034 2000 0000 0000 0000#1626598045940101#-48.5#5.227806525114265#9
0000 0037 2000 0000 0000 0000#1626598045942162#-47.5#4.031301510563465#9
0000 0035 2000 0000 0000 0000#1626598045943239#-47.0#4.558990901596125#9
0000 0033 2000 0000 0000 0000#1626598045944592#-49.0#5.939573610693203#9
0000 0030 2000 0000 0000 0000#1626598045945990#-50.5#1.705786636128833#9
0000 002F 2000 0000 0000 0000#1626598045947279#-50.5#1.9634954084936207#9
0000 002E 2000 0000 0000 0000#1626598045948422#-49.5#2.509592568980909#9
0000 0039 2000 0000 0000 0000#1626598045949503#-47.5#3.2397674240144743#9
0000 0032 2000 0000 0000 0000#1626598045950820#-49.5#0.35588354278946877#9
0000 0038 2000 0000 0000 0000#1626598045951885#-47.0#3.785864584501762#9
0000 0037 2000 0000 0000 0000#1626598045959392#-47.5#4.037437433715008#9
0000 0031 2000 0000 0000 0000#1626598045960485#-51.0#0.7792622402459057#9
0000 0036 2000 0000 0000 0000#1626598045961563#-47.5#4.417864669110647#9
0000 0030 2000 0000 0000 0000#1626598045962859#-50.5#1.748738098189631#9
0000 0038 2000 0000 0000 0000#1626598045965184#-47.0#3.792000507653305#9
0000 003A 2000 0000 0000 0000#1626598045967352#-49.0#2.2089323345553233#9
0000 0039 2000 0000 0000 0000#1626598045968390#-47.5#3.2213596545598464#9
0000 0035 2000 0000 0000 0000#1626598045969452#-47.0#4.546719055293041#9
0000 002D 2000 0000 0000 0000#1626598045970515#-52.5#2.816388726558037#9
0000 0032 2000 0000 0000 0000#1626598045971849#-50.0#0.37429131224409645#9
0000 002E 2000 0000 0000 0000#1626598045972917#-49.5#2.5034566458293663#9
0000 0033 2000 0000 0000 0000#1626598045982463#-49.5#6.1850105367549055#9
0000 0034 2000 0000 0000 0000#1626598045983738#-48.5#5.442563835418255#9
0000 002F 2000 0000 0000 0000#1626598045987313#-50.5#2.110757564130642#9
0000 0038 2000 0000 0000 0000#1626598046250104#-47.5#3.4054373491061236#9
0000 002D 2000 0000 0000 0000#1626598046251138#-52.5#2.411417798556228#9
0000 0035 2000 0000 0000 0000#1626598046254983#-47.5#4.190835512503572#9
0000 0031 2000 0000 0000 0000#1626598046256287#-50.5#0.39269908169872414#9
0000 0037 2000 0000 0000 0000#1626598046257410#-47.5#3.6386024288647407#9
0000 0034 2000 0000 0000 0000#1626598046258473#-49.0#4.9394181369917645#9
0000 0039 2000 0000 0000 0000#1626598046259525#-47.5#2.8102528034064944#9
0000 003A 2000 0000 0000 0000#1626598046262130#-49.0#1.846912868614312#9
0000 0030 2000 0000 0000 0000#1626598046264303#-50.5#1.325359400733194#9
0000 0032 2000 0000 0000 0000#1626598046267100#-50.5#6.270913460876501#9
0000 0036 2000 0000 0000 0000#1626598046269648#-47.5#4.061981126321178#9
0000 0033 2000 0000 0000 0000#1626598046270950#-49.5#5.632777453116074#9
0000 002E 2000 0000 0000 0000#1626598046273515#-49.5#2.067806102069844#9
0000 002F 2000 0000 0000 0000#1626598046274559#-51.0#1.5892040962495242#9
0000 0032 2000 0000 0000 0000#1626598046278345#-51.0#6.264777537724958#9
0000 0037 2000 0000 0000 0000#1626598046279410#-47.5#3.6324665057131984#9
0000 0035 2000 0000 0000 0000#1626598046280994#-47.5#4.196971435655114#9
0000 002D 2000 0000 0000 0000#1626598046282545#-52.5#2.3623304133438876#9
0000 0033 2000 0000 0000 0000#1626598046284342#-49.5#5.608233760509904#9
0000 0030 2000 0000 0000 0000#1626598046286198#-50.5#1.3192234775816514#9
0000 0034 2000 0000 0000 0000#1626598046287244#-49.0#4.908738521234052#9
0000 0031 2000 0000 0000 0000#1626598046289022#-50.5#0.3988350048502667#9
0000 0039 2000 0000 0000 0000#1626598046290815#-47.5#2.7857091108003242#9
0000 003A 2000 0000 0000 0000#1626598046291893#-49.0#1.846912868614312#9
0000 0036 2000 0000 0000 0000#1626598046293212#-47.5#4.061981126321178#9
0000 002F 2000 0000 0000 0000#1626598046294260#-51.0#1.5585244804918115#9
0000 002E 2000 0000 0000 0000#1626598046298843#-49.5#2.067806102069844#9
0000 0038 2000 0000 0000 0000#1626598046300363#-47.5#3.4054373491061236#9
0000 0037 2000 0000 0000 0000#1626598046565776#-48.0#3.816544200259475#9
0000 0038 2000 0000 0000 0000#1626598046567128#-47.0#3.6017868899554855#9
0000 003A 2000 0000 0000 0000#1626598046568389#-48.5#2.0064468705544187#9
0000 0034 2000 0000 0000 0000#1626598046569450#-48.5#5.092816215780329#9
0000 002D 2000 0000 0000 0000#1626598046571031#-52.5#2.5709518004963345#9
0000 0035 2000 0000 0000 0000#1626598046572363#-47.0#4.374913207049849#9
0000 0039 2000 0000 0000 0000#1626598046573371#-47.5#2.988194574801229#9
0000 002E 2000 0000 0000 0000#1626598046578693#-50.0#2.2886993355253766#9
0000 002F 2000 0000 0000 0000#1626598046579993#-51.0#1.748738098189631#9
0000 0030 2000 0000 0000 0000#1626598046582434#-50.5#1.509437095279471#9
0000 0031 2000 0000 0000 0000#1626598046583541#-50.5#0.5522330836388308#9
0000 0033 2000 0000 0000 0000#1626598046585068#-49.5#5.780039608753096#9
0000 0032 2000 0000 0000 0000#1626598046586118#-50.5#0.19634954084936207#9
0000 0036 2000 0000 0000 0000#1626598046587181#-47.5#4.215379205109742#9
0000 0001 0000 0000 0000 0000#1626598046599752#-65.0#6.258641614573416#9
0000 0032 2000 0000 0000 0000#1626598046603295#-50.0#0.9694758579437253#9
0000 002F 2000 0000 0000 0000#1626598046604356#-51.0#2.5034566458293663#9
0000 0037 2000 0000 0000 0000#1626598046605433#-47.0#4.546719055293041#9
0000 003A 2000 0000 0000 0000#1626598046607238#-48.0#2.693670263527186#9
0000 0039 2000 0000 0000 0000#1626598046609002#-47.0#3.749049045592507#9
0000 0038 2000 0000 0000 0000#1626598046610095#-46.0#4.325825821837508#9
0000 0036 2000 0000 0000 0000#1626598046612399#-46.5#4.9394181369917645#9
0000 0030 2000 0000 0000 0000#1626598046613469#-50.5#2.2212041808584084#9
0000 002E 2000 0000 0000 0000#1626598046615482#-50.0#3.074097498922825#9
0000 0031 2000 0000 0000 0000#1626598046618974#-50.0#1.3192234775816514#9
0000 0034 2000 0000 0000 0000#1626598046620050#-48.5#5.816855147662351#9
0000 0001 0000 0000 0000 0000#1626598046621879#-65.0#0.0#9
0000 0035 2000 0000 0000 0000#1626598046622951#-46.5#5.092816215780329#9
0000 002D 2000 0000 0000 0000#1626598046624035#-52.5#3.411573272257666#9
0000 0033 2000 0000 0000 0000#1626598046626859#-49.0#0.25157284921324513#9
0000 0033 2000 0000 0000 0000#1626598046895041#-49.0#0.3313398501832985#9
0000 0039 2000 0000 0000 0000#1626598046896437#-45.5#3.5772431973493153#9
0000 0038 2000 0000 0000 0000#1626598046897459#-45.5#4.190835512503572#9
0000 0032 2000 0000 0000 0000#1626598046899018#-49.0#1.030835089459151#9
0000 002D 2000 0000 0000 0000#1626598046900115#-52.0#3.3502140407422405#9
0000 0034 2000 0000 0000 0000#1626598046901190#-48.5#5.822991070813893#9
0000 003A 2000 0000 0000 0000#1626598046902238#-45.0#2.6568547246179306#9
0000 0030 2000 0000 0000 0000#1626598046903606#-50.0#2.3009711818284617#9
0000 0035 2000 0000 0000 0000#1626598046904639#-46.5#5.049864753719531#9
0000 002E 2000 0000 0000 0000#1626598046905693#-49.5#3.074097498922825#9
0000 002F 2000 0000 0000 0000#1626598046906786#-50.0#2.521864415283994#9
0000 0031 2000 0000 0000 0000#1626598046907894#-49.5#1.3989904785517047#9
0000 0037 2000 0000 0000 0000#1626598046914274#-46.5#4.454680208019902#9
0000 0036 2000 0000 0000 0000#1626598046915413#-46.5#4.914874444385594#9
0000 002F 2000 0000 0000 0000#1626598046920093#-49.5#2.564815877344792#9
0000 0033 2000 0000 0000 0000#1626598046921184#-49.0#0.42337869745643697#9
0000 0037 2000 0000 0000 0000#1626598046923893#-46.5#4.448544284868359#9
0000 0031 2000 0000 0000 0000#1626598046924973#-50.0#1.4971652489763858#9
0000 0034 2000 0000 0000 0000#1626598046926019#-49.0#5.890486225480862#9
0000 0038 2000 0000 0000 0000#1626598046927056#-45.5#4.2031073588066565#9
0000 0030 2000 0000 0000 0000#1626598046928325#-49.5#2.36846633649543#9
0000 003A 2000 0000 0000 0000#1626598046929345#-44.0#2.6875343403756435#9
0000 0039 2000 0000 0000 0000#1626598046930711#-44.5#3.6140587362585705#9
0000 002D 2000 0000 0000 0000#1626598046931793#-52.0#3.429981041712294#9
0000 0036 2000 0000 0000 0000#1626598046933618#-46.5#4.963961829597935#9
0000 0032 2000 0000 0000 0000#1626598046935869#-49.0#1.1719613219446299#9
0000 0035 2000 0000 0000 0000#1626598046937434#-46.5#5.117359908386499#9
0000 002E 2000 0000 0000 0000#1626598046938840#-49.5#3.117048960983623#9
0000 0037 2000 0000 0000 0000#1626598047203256#-47.5#4.865787059173254#9
0000 0034 2000 0000 0000 0000#1626598047204795#-49.0#0.803805932852076#9
0000 0035 2000 0000 0000 0000#1626598047206940#-48.5#6.031612457966341#9
0000 0039 2000 0000 0000 0000#1626598047208729#-42.0#3.552699504743145#9
0000 0030 2000 0000 0000 0000#1626598047209758#-45.5#2.7550294950426117#9
0000 002E 2000 0000 0000 0000#1626598047210784#-46.5#3.3870295796514958#9
0000 002D 2000 0000 0000 0000#1626598047221716#-49.5#3.877903431774901#9
0000 003A 2000 0000 0000 0000#1626598047223048#-35.5#2.748893571891069#9
0000 0036 2000 0000 0000 0000#1626598047224111#-48.5#6.031612457966341#9
0000 0032 2000 0000 0000 0000#1626598047225530#-44.0#2.1353012567368124#9
0000 002F 2000 0000 0000 0000#1626598047228565#-47.0#3.1906800388021335#9
0000 003B 2000 0000 0000 0000#1626598047229723#-46.0#3.2397674240144743#9
0000 0033 2000 0000 0000 0000#1626598047231069#-46.0#1.748738098189631#9
0000 0038 2000 0000 0000 0000#1626598047232647#-46.0#4.632621979414636#9
0000 0031 2000 0000 0000 0000#1626598047233695#-45.0#2.405281875404685#9
0000 0039 2000 0000 0000 0000#1626598047240457#-42.5#3.865631585471816#9
0000 003A 2000 0000 0000 0000#1626598047241506#-35.5#2.779573187648782#9
0000 003B 2000 0000 0000 0000#1626598047242616#-45.5#3.2643111166206444#9
0000 0031 2000 0000 0000 0000#1626598047244921#-45.0#2.429825568010856#9
0000 0033 2000 0000 0000 0000#1626598047246552#-45.5#1.8100973297050567#9
0000 002D 2000 0000 0000 0000#1626598047247605#-50.0#3.933126740138784#9
0000 0037 2000 0000 0000 0000#1626598047248953#-47.5#5.209398755659637#9
0000 0038 2000 0000 0000 0000#1626598047250132#-46.0#4.6878452877785195#9
0000 0030 2000 0000 0000 0000#1626598047251729#-46.0#3.0802334220743677#9
0000 0036 2000 0000 0000 0000#1626598047252793#-49.0#6.215690152512618#9
0000 0032 2000 0000 0000 0000#1626598047254197#-43.5#2.227340104009951#9
0000 002E 2000 0000 0000 0000#1626598047255268#-46.0#3.6754179677739964#9
0000 0035 2000 0000 0000 0000#1626598047256446#-48.0#0.21475731030398976#9
0000 0034 2000 0000 0000 0000#1626598047257778#-47.0#1.2333205534600555#9
0000 002F 2000 0000 0000 0000#1626598047258829#-46.5#3.2459033471660166#9
0000 0034 2000 0000 0000 0000#1626598047523336#-44.0#1.662835174068035#9
0000 003A 2000 0000 0000 0000#1626598047524644#-34.5#3.0802334220743677#9
0000 0033 2000 0000 0000 0000#1626598047526389#-42.0#2.12916533358527#9
0000 0037 2000 0000 0000 0000#1626598047527722#-48.0#6.215690152512618#9
0000 0038 2000 0000 0000 0000#1626598047529761#-47.0#5.47937937432751#9
0000 002E 2000 0000 0000 0000#1626598047531061#-44.5#3.6692820446224537#9
0000 002D 2000 0000 0000 0000#1626598047532413#-48.5#3.9269908169872414#9
0000 0032 2000 0000 0000 0000#1626598047533686#-42.0#2.442097414313941#9
0000 0039 2000 0000 0000 0000#1626598047535212#-42.0#4.405592822807561#9
0000 0035 2000 0000 0000 0000#1626598047536318#-44.5#1.086058397823034#9
0000 0031 2000 0000 0000 0000#1626598047537398#-41.5#2.60776733940559#9
0000 003B 2000 0000 0000 0000#1626598047539219#-41.0#3.368621810196868#9
0000 002F 2000 0000 0000 0000#1626598047543114#-44.0#3.3440781175906977#9
0000 0030 2000 0000 0000 0000#1626598047544454#-43.5#3.1784081924990484#9
0000 0036 2000 0000 0000 0000#1626598047546200#-46.0#0.9265243958829272#9
0000 0030 2000 0000 0000 0000#1626598047553450#-43.5#3.2090878082567613#9
0000 002E 2000 0000 0000 0000#1626598047554548#-44.5#3.718369429834794#9
0000 0039 2000 0000 0000 0000#1626598047557336#-42.0#4.528311285838413#9
0000 0033 2000 0000 0000 0000#1626598047558670#-42.0#2.2334760271614935#9
0000 0031 2000 0000 0000 0000#1626598047560703#-41.5#2.693670263527186#9
0000 0032 2000 0000 0000 0000#1626598047561753#-41.5#2.5280003384355365#9
0000 002D 2000 0000 0000 0000#1626598047562820#-48.0#4.0128937411088375#9
0000 0038 2000 0000 0000 0000#1626598047564126#-46.5#5.66959299202533#9
0000 0035 2000 0000 0000 0000#1626598047566220#-44.5#1.184233168247715#9
0000 0037 2000 0000 0000 0000#1626598047567525#-48.0#0.14112623248547898#9
0000 002F 2000 0000 0000 0000#1626598047568803#-44.0#3.411573272257666#9
0000 0036 2000 0000 0000 0000#1626598047570507#-45.5#1.0369710126106935#9
0000 003B 2000 0000 0000 0000#1626598047571561#-40.5#3.485204350076177#9
0000 0034 2000 0000 0000 0000#1626598047573137#-42.5#1.8162332528565992#9
0000 003A 2000 0000 0000 0000#1626598047575125#-34.5#3.3195344249845276#9
0000 0032 2000 0000 0000 0000#1626598047843002#-39.0#4.3074180523828804#9
0000 0035 2000 0000 0000 0000#1626598047844538#-42.0#3.104777114680538#9
0000 0031 2000 0000 0000 0000#1626598047845818#-39.0#4.4362724385652745#9
0000 002E 2000 0000 0000 0000#1626598047847643#-42.5#5.221670601962723#9
0000 0039 2000 0000 0000 0000#1626598047849408#-41.0#0.6749515466696822#9
0000 0038 2000 0000 0000 0000#1626598047851440#-43.0#1.748738098189631#9
0000 0036 2000 0000 0000 0000#1626598047852803#-42.5#2.9943304979527716#9
0000 002F 2000 0000 0000 0000#1626598047853866#-41.5#4.994641445355648#9
0000 0033 2000 0000 0000 0000#1626598047855155#-39.5#4.09266074207889#9
0000 003B 2000 0000 0000 0000#1626598047856495#-38.5#5.595961914206819#9
0000 0030 2000 0000 0000 0000#1626598047857835#-40.5#4.908738521234052#9
0000 002D 2000 0000 0000 0000#1626598047858905#-47.0#5.45483568172134#9
0000 003A 2000 0000 0000 0000#1626598047861444#-32.5#5.620505606812989#9
0000 0034 2000 0000 0000 0000#1626598047862809#-40.0#3.6570101983193686#9
0000 0037 2000 0000 0000 0000#1626598047866445#-44.0#2.36846633649543#9
0000 0034 2000 0000 0000 0000#1626598047872680#-40.0#3.6876898140770815#9
0000 0030 2000 0000 0000 0000#1626598047873707#-41.0#4.933282213840222#9
0000 0039 2000 0000 0000 0000#1626598047874803#-40.5#0.803805932852076#9
0000 0036 2000 0000 0000 0000#1626598047876111#-42.5#3.043417883165112#9
0000 0038 2000 0000 0000 0000#1626598047877416#-43.0#1.859184714917397#9
0000 0032 2000 0000 0000 0000#1626598047878722#-39.0#4.387185053352934#9
0000 0033 2000 0000 0000 0000#1626598047880494#-39.0#4.166291819897402#9
0000 003B 2000 0000 0000 0000#1626598047882748#-38.5#5.6941366846315#9
0000 002D 2000 0000 0000 0000#1626598047884043#-47.0#5.4671075280244255#9
0000 003A 2000 0000 0000 0000#1626598047885120#-32.5#5.71868037723767#9
0000 0031 2000 0000 0000 0000#1626598047886399#-39.5#4.516039439535327#9
0000 0037 2000 0000 0000 0000#1626598047890470#-43.5#2.411417798556228#9
0000 002E 2000 0000 0000 0000#1626598047892910#-42.5#5.2768939103266055#9
0000 0035 2000 0000 0000 0000#1626598047895050#-41.0#3.2827188860752723#9
0000 002F 2000 0000 0000 0000#1626598047896458#-41.5#5.049864753719531#9
0000 0039 2000 0000 0000 0000#1626598048161469#-37.5#1.6935147898257479#9
0000 0032 2000 0000 0000 0000#1626598048162494#-38.0#4.6878452877785195#9
0000 002F 2000 0000 0000 0000#1626598048163572#-40.5#5.197126909356553#9
0000 003A 2000 0000 0000 0000#1626598048165574#-31.0#0.48473792897186263#9
0000 0031 2000 0000 0000 0000#1626598048166684#-38.0#4.773748211900116#9
0000 0030 2000 0000 0000 0000#1626598048167768#-39.5#5.141903600992669#9
0000 003B 2000 0000 0000 0000#1626598048168825#-38.0#0.44178646691106466#9
0000 002D 2000 0000 0000 0000#1626598048170141#-46.0#5.516194913236766#9
0000 0037 2000 0000 0000 0000#1626598048171205#-40.0#2.9513790358919736#9
0000 0033 2000 0000 0000 0000#1626598048172581#-37.5#4.491495746929157#9
0000 0034 2000 0000 0000 0000#1626598048174484#-38.0#4.061981126321178#9
0000 0038 2000 0000 0000 0000#1626598048176152#-39.5#2.564815877344792#9
0000 0035 2000 0000 0000 0000#1626598048177591#-38.5#3.6324665057131984#9
0000 0036 2000 0000 0000 0000#1626598048178655#-39.0#3.5281558121369745#9
0000 002E 2000 0000 0000 0000#1626598048179865#-42.0#5.387340527054372#9
0000 0036 2000 0000 0000 0000#1626598048183311#-39.0#3.552699504743145#9
0000 0032 2000 0000 0000 0000#1626598048184899#-38.0#4.706253057233147#9
0000 0039 2000 0000 0000 0000#1626598048185953#-37.0#1.7732817907958012#9
0000 0038 2000 0000 0000 0000#1626598048187016#-39.0#2.5770877236478773#9
0000 0031 2000 0000 0000 0000#1626598048189022#-38.0#4.81056375080937#9
0000 002F 2000 0000 0000 0000#1626598048190330#-41.0#5.221670601962723#9
0000 002D 2000 0000 0000 0000#1626598048191356#-46.0#5.516194913236766#9
0000 0037 2000 0000 0000 0000#1626598048192919#-40.0#2.9575149590435164#9
0000 0035 2000 0000 0000 0000#1626598048194169#-38.0#3.6570101983193686#9
0000 003A 2000 0000 0000 0000#1626598048195714#-30.5#0.5829126993965437#9
0000 0030 2000 0000 0000 0000#1626598048196800#-39.5#5.178719139901925#9
0000 0034 2000 0000 0000 0000#1626598048200935#-38.0#4.1172044346850605#9
0000 002E 2000 0000 0000 0000#1626598048201992#-42.0#5.418020142812084#9
0000 003B 2000 0000 0000 0000#1626598048203059#-37.5#0.5767767762450011#9
0000 0033 2000 0000 0000 0000#1626598048205784#-37.5#4.546719055293041#9
0000 0030 2000 0000 0000 0000#1626598048474041#-39.0#5.289165756629691#9
0000 0033 2000 0000 0000 0000#1626598048475129#-37.0#4.779884135051658#9
0000 0036 2000 0000 0000 0000#1626598048476210#-38.0#3.8840393549264434#9
0000 0034 2000 0000 0000 0000#1626598048479621#-36.5#4.399456899656019#9
0000 0031 2000 0000 0000 0000#1626598048481804#-37.0#5.0253210611133605#9
0000 0039 2000 0000 0000 0000#1626598048483372#-34.0#2.3930100291016#9
0000 0038 2000 0000 0000 0000#1626598048484424#-37.0#3.06182565261974#9
0000 002F 2000 0000 0000 0000#1626598048485502#-40.5#5.344389064993574#9
0000 0037 2000 0000 0000 0000#1626598048487915#-37.5#3.3870295796514958#9
0000 003A 2000 0000 0000 0000#1626598048488930#-28.5#1.4603497100671303#9
0000 002E 2000 0000 0000 0000#1626598048489971#-42.0#5.424156065963627#9
0000 0035 2000 0000 0000 0000#1626598048491080#-36.5#3.9822141253511245#9
0000 003B 2000 0000 0000 0000#1626598048492617#-36.5#1.552388557340269#9
0000 0032 2000 0000 0000 0000#1626598048493649#-36.5#4.957825906446392#9
0000 002D 2000 0000 0000 0000#1626598048495570#-46.0#5.491651220630596#9
0000 002F 2000 0000 0000 0000#1626598048500822#-40.5#5.368932757599744#9
0000 0039 2000 0000 0000 0000#1626598048501959#-34.0#2.442097414313941#9
0000 0032 2000 0000 0000 0000#1626598048504271#-36.5#4.97623367590102#9
0000 0035 2000 0000 0000 0000#1626598048505377#-36.5#4.01902966426038#9
0000 003B 2000 0000 0000 0000#1626598048506928#-36.0#1.6014759425526093#9
0000 002D 2000 0000 0000 0000#1626598048507996#-46.0#5.5100589900852235#9
0000 0033 2000 0000 0000 0000#1626598048509137#-35.5#4.828971520263998#9
0000 003A 2000 0000 0000 0000#1626598048510430#-28.0#1.552388557340269#9
0000 0034 2000 0000 0000 0000#1626598048511975#-36.0#4.454680208019902#9
0000 002E 2000 0000 0000 0000#1626598048513544#-41.5#5.442563835418255#9
0000 0037 2000 0000 0000 0000#1626598048515349#-37.0#3.436116964863836#9
0000 0036 2000 0000 0000 0000#1626598048520951#-37.5#3.9515345095934116#9
0000 0038 2000 0000 0000 0000#1626598048522495#-36.5#3.160000423044421#9
0000 0031 2000 0000 0000 0000#1626598048525944#-37.0#5.074408446325701#9
0000 0030 2000 0000 0000 0000#1626598048527032#-39.5#5.350524988145116#9
0000 0032 2000 0000 0000 0000#1626598048792662#-38.0#4.743068596142402#9
0000 003A 2000 0000 0000 0000#1626598048797513#-26.0#1.7855536370988863#9
0000 0031 2000 0000 0000 0000#1626598048798593#-37.5#4.773748211900116#9
0000 0039 2000 0000 0000 0000#1626598048800090#-32.0#2.521864415283994#9
0000 002F 2000 0000 0000 0000#1626598048801428#-40.5#4.970097752749477#9
0000 0038 2000 0000 0000 0000#1626598048803167#-35.5#3.08636934522591#9
0000 002D 2000 0000 0000 0000#1626598048804903#-46.5#4.9394181369917645#9
0000 0034 2000 0000 0000 0000#1626598048806200#-36.5#4.28287435977671#9
0000 003B 2000 0000 0000 0000#1626598048807283#-33.5#2.012582793705961#9
0000 0037 2000 0000 0000 0000#1626598048808532#-36.5#3.32567034813607#9
0000 0033 2000 0000 0000 0000#1626598048809593#-37.5#4.669437518323892#9
0000 0035 2000 0000 0000 0000#1626598048811769#-36.5#3.8840393549264434#9
0000 0036 2000 0000 0000 0000#1626598048813464#-37.0#3.792000507653305#9
0000 002E 2000 0000 0000 0000#1626598048814918#-42.0#4.957825906446392#9
0000 0030 2000 0000 0000 0000#1626598048816249#-39.5#4.994641445355648#9
0000 0038 2000 0000 0000 0000#1626598048820982#-35.5#3.104777114680538#9
0000 0036 2000 0000 0000 0000#1626598048822033#-37.0#3.80427235395639#9
0000 003B 2000 0000 0000 0000#1626598048823313#-33.0#2.067806102069844#9
0000 0032 2000 0000 0000 0000#1626598048824375#-37.5#4.773748211900116#9
0000 002E 2000 0000 0000 0000#1626598048825414#-42.0#4.9394181369917645#9
0000 003A 2000 0000 0000 0000#1626598048826408#-26.0#1.8714565612204823#9
0000 0030 2000 0000 0000 0000#1626598048828973#-39.5#5.006913291658733#9
0000 0039 2000 0000 0000 0000#1626598048832284#-32.0#2.5893595699509624#9
0000 002F 2000 0000 0000 0000#1626598048833635#-40.5#4.9823695990525625#9
0000 0037 2000 0000 0000 0000#1626598048834658#-36.0#3.3624858870453256#9
0000 0035 2000 0000 0000 0000#1626598048838036#-36.5#3.933126740138784#9
0000 0034 2000 0000 0000 0000#1626598048848066#-36.5#4.540583132141498#9
0000 0033 2000 0000 0000 0000#1626598048850197#-37.5#4.884194828627882#9
0000 0031 2000 0000 0000 0000#1626598048851264#-37.5#4.994641445355648#9
0000 002D 2000 0000 0000 0000#1626598048852329#-46.5#5.111223985234957#9
0000 003A 2000 0000 0000 0000#1626598049116313#-25.5#3.5772431973493153#9
0000 0035 2000 0000 0000 0000#1626598049117378#-35.5#5.148039524144211#9
0000 003B 2000 0000 0000 0000#1626598049118945#-33.0#3.9208548938356986#9
0000 0030 2000 0000 0000 0000#1626598049120511#-40.5#5.945709533844745#9
0000 0039 2000 0000 0000 0000#1626598049123392#-31.5#4.196971435655114#9
0000 002D 2000 0000 0000 0000#1626598049124400#-47.5#5.675728915176872#9
0000 0038 2000 0000 0000 0000#1626598049127365#-34.5#4.632621979414636#9
0000 0034 2000 0000 0000 0000#1626598049129577#-37.0#5.47937937432751#9
0000 0037 2000 0000 0000 0000#1626598049131105#-35.5#4.779884135051658#9
0000 002E 2000 0000 0000 0000#1626598049132199#-43.5#5.730952223540755#9
0000 0033 2000 0000 0000 0000#1626598049133219#-37.5#5.792311455056181#9
0000 0036 2000 0000 0000 0000#1626598049134244#-36.5#5.117359908386499#9
0000 0031 2000 0000 0000 0000#1626598049135639#-38.5#5.810719224510809#9
0000 0032 2000 0000 0000 0000#1626598049136944#-38.5#5.829126993965437#9
0000 002F 2000 0000 0000 0000#1626598049138363#-42.0#5.872078456026235#9
0000 002F 2000 0000 0000 0000#1626598049144692#-42.5#5.853670686571607#9
0000 003B 2000 0000 0000 0000#1626598049147131#-32.5#3.9822141253511245#9
0000 003A 2000 0000 0000 0000#1626598049148178#-25.5#3.6447383520162835#9
0000 0036 2000 0000 0000 0000#1626598049149528#-36.5#5.135767677841127#9
0000 002D 2000 0000 0000 0000#1626598049150865#-48.0#5.638913376267617#9
0000 0035 2000 0000 0000 0000#1626598049151926#-35.5#5.1725832167503825#9
0000 0037 2000 0000 0000 0000#1626598049153261#-35.5#4.81056375080937#9
0000 0032 2000 0000 0000 0000#1626598049154590#-38.0#5.798447378207723#9
0000 0031 2000 0000 0000 0000#1626598049155824#-38.5#5.8045833013592665#9
0000 0039 2000 0000 0000 0000#1626598049156922#-31.5#4.25833066717054#9
0000 0033 2000 0000 0000 0000#1626598049158069#-38.0#5.792311455056181#9
0000 0030 2000 0000 0000 0000#1626598049159649#-41.0#5.915029918087033#9
0000 002E 2000 0000 0000 0000#1626598049161883#-43.5#5.700272607783043#9
0000 0038 2000 0000 0000 0000#1626598049163177#-34.5#4.675573441475434#9
0000 0034 2000 0000 0000 0000#1626598049164866#-37.0#5.497787143782138#9
0000 002F 2000 0000 0000 0000#1626598049428986#-43.5#5.2768939103266055#9
0000 0033 2000 0000 0000 0000#1626598049430045#-39.5#5.436427912266712#9
0000 0032 2000 0000 0000 0000#1626598049431094#-39.5#5.375068680751287#9
0000 0030 2000 0000 0000 0000#1626598049432426#-42.5#5.405748296509#9
0000 003B 2000 0000 0000 0000#1626598049433964#-32.5#4.460816131171445#9
0000 0037 2000 0000 0000 0000#1626598049435088#-35.5#4.804427827657828#9
0000 0036 2000 0000 0000 0000#1626598049436196#-36.5#5.019185137961818#9
0000 0035 2000 0000 0000 0000#1626598049439803#-36.0#5.013049214810275#9
0000 0039 2000 0000 0000 0000#1626598049440857#-31.5#4.460816131171445#9
0000 0038 2000 0000 0000 0000#1626598049442348#-34.5#4.76147636559703#9
0000 003A 2000 0000 0000 0000#1626598049443454#-26.0#3.9944859716542096#9
0000 0034 2000 0000 0000 0000#1626598049446024#-37.0#5.197126909356553#9
0000 002E 2000 0000 0000 0000#1626598049448760#-45.5#5.056000676871073#9
0000 002D 2000 0000 0000 0000#1626598049449812#-50.0#4.945554060143307#9
0000 0031 2000 0000 0000 0000#1626598049451377#-40.0#5.2768939103266055#9
0000 002E 2000 0000 0000 0000#1626598049467598#-46.5#4.638757902566179#9
0000 003B 2000 0000 0000 0000#1626598049468693#-32.5#4.135612204139688#9
0000 0039 2000 0000 0000 0000#1626598049470830#-31.5#4.111068511533518#9
0000 0035 2000 0000 0000 0000#1626598049472178#-36.5#4.632621979414636#9
0000 003A 2000 0000 0000 0000#1626598049474588#-26.0#3.6140587362585705#9
0000 0030 2000 0000 0000 0000#1626598049477132#-42.5#4.9394181369917645#9
0000 0034 2000 0000 0000 0000#1626598049478711#-37.5#4.804427827657828#9
0000 0037 2000 0000 0000 0000#1626598049480633#-35.5#4.4362724385652745#9
0000 0036 2000 0000 0000 0000#1626598049481796#-37.5#4.6448938257177215#9
0000 0038 2000 0000 0000 0000#1626598049482891#-34.0#4.405592822807561#9
0000 0033 2000 0000 0000 0000#1626598049484157#-39.0#4.988505522204105#9
0000 0032 2000 0000 0000 0000#1626598049485590#-39.5#4.933282213840222#9
0000 002D 2000 0000 0000 0000#1626598049486855#-50.5#4.491495746929157#9
0000 0031 2000 0000 0000 0000#1626598049488134#-40.5#4.871922982324796#9
0000 002F 2000 0000 0000 0000#1626598049489154#-44.5#4.822835597112456#9
0000 0036 2000 0000 0000 0000#1626598049755052#-36.5#4.632621979414636#9
0000 002E 2000 0000 0000 0000#1626598049756771#-48.0#4.25833066717054#9
0000 0032 2000 0000 0000 0000#1626598049757775#-41.0#4.693981210930062#9
0000 0037 2000 0000 0000 0000#1626598049758796#-35.0#4.552854978444583#9
0000 0030 2000 0000 0000 0000#1626598049760901#-44.5#4.657165672020807#9
0000 0038 2000 0000 0000 0000#1626598049761939#-33.5#4.614214209960009#9
0000 003A 2000 0000 0000 0000#1626598049763229#-25.5#4.123340357836604#9
0000 003B 2000 0000 0000 0000#1626598049764283#-33.0#4.749204519293945#9
0000 0031 2000 0000 0000 0000#1626598049765886#-42.0#4.595806440505381#9
0000 0035 2000 0000 0000 0000#1626598049767252#-35.5#4.577398671050753#9
0000 002F 2000 0000 0000 0000#1626598049768585#-46.5#4.4976316700806995#9
0000 002D 2000 0000 0000 0000#1626598049769865#-53.0#4.111068511533518#9
0000 0039 2000 0000 0000 0000#1626598049770945#-31.0#4.448544284868359#9
0000 0034 2000 0000 0000 0000#1626598049772722#-36.5#4.675573441475434#9
0000 0033 2000 0000 0000 0000#1626598049774108#-38.5#4.767612288748572#9
0000 0031 2000 0000 0000 0000#1626598049782572#-42.0#4.577398671050753#9
0000 0034 2000 0000 0000 0000#1626598049783650#-37.5#4.651029748869264#9
0000 002F 2000 0000 0000 0000#1626598049784728#-46.5#4.466952054322987#9
0000 0037 2000 0000 0000 0000#1626598049786547#-34.5#4.528311285838413#9
0000 0030 2000 0000 0000 0000#1626598049787619#-44.5#4.620350133111551#9
0000 0032 2000 0000 0000 0000#1626598049788652#-41.0#4.638757902566179#9
0000 0038 2000 0000 0000 0000#1626598049790669#-33.5#4.589670517353839#9
0000 0035 2000 0000 0000 0000#1626598049791717#-35.5#4.522175362686871#9
0000 0036 2000 0000 0000 0000#1626598049793254#-36.0#4.583534594202296#9
0000 003A 2000 0000 0000 0000#1626598049795379#-25.5#4.129476280988146#9
0000 0033 2000 0000 0000 0000#1626598049796897#-40.0#4.7307967498393175#9
0000 0039 2000 0000 0000 0000#1626598049798705#-31.0#4.448544284868359#9
0000 002E 2000 0000 0000 0000#1626598049800618#-48.5#4.166291819897402#9
0000 003B 2000 0000 0000 0000#1626598049801940#-32.5#4.773748211900116#9
0000 002D 2000 0000 0000 0000#1626598049804960#-53.5#3.9944859716542096#9
0000 0037 2000 0000 0000 0000#1626598050068859#-34.5#3.6754179677739964#9
0000 0030 2000 0000 0000 0000#1626598050069912#-48.0#3.3318062712876126#9
0000 0038 2000 0000 0000 0000#1626598050072534#-33.5#3.8410878928656453#9
0000 0034 2000 0000 0000 0000#1626598050073597#-38.0#3.6017868899554855#9
0000 003B 2000 0000 0000 0000#1626598050074904#-32.0#4.368777283898306#9
0000 002D 2000 0000 0000 0000#1626598050075956#-56.5#2.435961491162398#9
0000 0035 2000 0000 0000 0000#1626598050085585#-36.0#3.718369429834794#9
0000 0036 2000 0000 0000 0000#1626598050086606#-36.5#3.8288160465625602#9
0000 0039 2000 0000 0000 0000#1626598050087858#-31.0#3.9576704327449543#9
0000 003A 2000 0000 0000 0000#1626598050090912#-24.0#3.7551849687440497#9
0000 0033 2000 0000 0000 0000#1626598050091946#-41.5#3.785864584501762#9
0000 0031 2000 0000 0000 0000#1626598050093480#-44.5#3.466796580621549#9
0000 0032 2000 0000 0000 0000#1626598050095289#-43.0#3.5772431973493153#9
0000 002E 2000 0000 0000 0000#1626598050096346#-52.0#2.7857091108003242#9
0000 002F 2000 0000 0000 0000#1626598050099913#-50.5#3.172272269347506#9
0000 0037 2000 0000 0000 0000#1626598050104254#-35.0#3.847223816017188#9
0000 0035 2000 0000 0000 0000#1626598050107148#-36.0#3.6754179677739964#9
0000 003A 2000 0000 0000 0000#1626598050108236#-25.5#3.761320891895592#9
0000 0039 2000 0000 0000 0000#1626598050109518#-31.0#3.9453985864418692#9
0000 0036 2000 0000 0000 0000#1626598050110796#-36.5#3.773592738198677#9
0000 002E 2000 0000 0000 0000#1626598050112107#-52.5#2.748893571891069#9
0000 0033 2000 0000 0000 0000#1626598050113227#-41.5#3.730641276137879#9
0000 0032 2000 0000 0000 0000#1626598050114586#-43.0#3.5342917352885173#9
0000 0031 2000 0000 0000 0000#1626598050115652#-45.0#3.380893656499953#9
0000 0034 2000 0000 0000 0000#1626598050116714#-38.0#3.706097583531709#9
0000 002F 2000 0000 0000 0000#1626598050118403#-50.5#3.104777114680538#9
0000 003B 2000 0000 0000 0000#1626598050119828#-32.0#4.571262747899211#9
0000 0038 2000 0000 0000 0000#1626598050120966#-33.0#3.9822141253511245#9
0000 002D 2000 0000 0000 0000#1626598050121975#-57.0#2.442097414313941#9
0000 0030 2000 0000 0000 0000#1626598050123069#-48.5#3.32567034813607#9
0000 0031 2000 0000 0000 0000#1626598050388944#-46.5#3.2336315008629315#9
0000 0033 2000 0000 0000 0000#1626598050390862#-43.0#3.749049045592507#9
0000 0034 2000 0000 0000 0000#1626598050391924#-39.5#3.8963112012295285#9
0000 003B 2000 0000 0000 0000#1626598050392992#-31.0#5.3198453723874035#9
0000 0038 2000 0000 0000 0000#1626598050395294#-32.5#4.466952054322987#9
0000 002F 2000 0000 0000 0000#1626598050396372#-51.5#2.779573187648782#9
0000 0039 2000 0000 0000 0000#1626598050398142#-30.0#4.516039439535327#9
0000 003A 2000 0000 0000 0000#1626598050399204#-24.5#4.491495746929157#9
0000 002D 2000 0000 0000 0000#1626598050400287#-57.5#1.8837284075235674#9
0000 0032 2000 0000 0000 0000#1626598050401433#-45.0#3.380893656499953#9
0000 0035 2000 0000 0000 0000#1626598050406849#-37.0#3.9208548938356986#9
0000 0036 2000 0000 0000 0000#1626598050408070#-36.5#4.061981126321178#9
0000 0037 2000 0000 0000 0000#1626598050409149#-34.0#4.23378697456437#9
0000 0030 2000 0000 0000 0000#1626598050410861#-50.5#2.9391071895888885#9
0000 002E 2000 0000 0000 0000#1626598050412246#-54.5#2.1353012567368124#9
0C21 0537 8123 1003 2202 062F#1626598050413461#-68.0#1.859184714917397#9
0000 003A 2000 0000 0000 0000#1626598050417054#-24.5#4.485359823777615#9
0000 0033 2000 0000 0000 0000#1626598050418347#-43.0#3.6447383520162835#9
0000 0038 2000 0000 0000 0000#1626598050419655#-32.5#4.4362724385652745#9
0000 0036 2000 0000 0000 0000#1626598050420948#-36.5#4.01902966426038#9
0000 0037 2000 0000 0000 0000#1626598050422226#-34.5#4.2092432819582#9
0000 0039 2000 0000 0000 0000#1626598050423290#-29.5#4.485359823777615#9
0000 003B 2000 0000 0000 0000#1626598050424575#-31.0#5.3198453723874035#9
0000 0035 2000 0000 0000 0000#1626598050426101#-36.5#3.8533597391687304#9
0000 0034 2000 0000 0000 0000#1626598050427718#-39.0#3.761320891895592#9
0000 002F 2000 0000 0000 0000#1626598050428767#-52.0#2.5893595699509624#9
0000 0030 2000 0000 0000 0000#1626598050430050#-50.5#2.8654761117703775#9
0000 002E 2000 0000 0000 0000#1626598050431318#-54.5#2.073942025221387#9
0C21 0537 8123 1003 2202 062F#1626598050432887#-68.0#2.0064468705544187#9
0000 002D 2000 0000 0000 0000#1626598050435820#-58.0#1.6812429435226628#9
0000 0032 2000 0000 0000 0000#1626598050437362#-45.5#3.2397674240144743#9
0000 0031 2000 0000 0000 0000#1626598050438687#-47.0#3.000466421104314#9
0000 0036 2000 0000 0000 0000#1626598050708987#-38.5#2.6813984172241008#9
0000 0038 2000 0000 0000 0000#1626598050710098#-34.0#3.3318062712876126#9
0000 0035 2000 0000 0000 0000#1626598050711202#-38.5#2.497320722677824#9
0000 0034 2000 0000 0000 0000#1626598050712295#-41.5#2.356194490192345#9
0000 0031 2000 0000 0000 0000#1626598050714791#-49.5#1.2640001692177683#9
0000 0032 2000 0000 0000 0000#1626598050716082#-48.0#1.5707963267948966#9
0000 003B 2000 0000 0000 0000#1626598050717122#-31.5#4.632621979414636#9
0000 002F 2000 0000 0000 0000#1626598050718654#-54.0#0.5951845456996288#9
0000 0033 2000 0000 0000 0000#1626598050720956#-45.5#1.9757672547967058#9
0000 0039 2000 0000 0000 0000#1626598050722279#-31.5#3.442252888015379#9
0000 0030 2000 0000 0000 0000#1626598050723600#-53.0#0.7731263170943632#9
0000 003A 2000 0000 0000 0000#1626598050724690#-25.5#3.54042765844006#9
0000 002E 2000 0000 0000 0000#1626598050725742#-49.0#5.5284667595398505#9
0000 0037 2000 0000 0000 0000#1626598050731587#-36.5#2.9391071895888885#9
0000 002D 2000 0000 0000 0000#1626598050732907#-46.0#5.2339424482658075#9
0000 0032 2000 0000 0000 0000#1626598050737847#-48.0#1.4910293258248433#9
0000 0036 2000 0000 0000 0000#1626598050738912#-38.5#2.6016314162540475#9
0000 0033 2000 0000 0000 0000#1626598050740417#-45.5#1.9082721001297376#9
0000 003A 2000 0000 0000 0000#1626598050741520#-25.5#3.522019888985432#9
0000 002D 2000 0000 0000 0000#1626598050742800#-46.0#5.148039524144211#9
0000 0038 2000 0000 0000 0000#1626598050746657#-34.5#3.2520392703175593#9
0000 0035 2000 0000 0000 0000#1626598050747705#-39.0#2.399145952253143#9
0000 0031 2000 0000 0000 0000#1626598050748727#-49.5#1.1228739367322893#9
0000 0037 2000 0000 0000 0000#1626598050750063#-36.5#2.8838838812250054#9
0000 0034 2000 0000 0000 0000#1626598050751193#-40.5#2.2212041808584084#9
0000 0039 2000 0000 0000 0000#1626598050753266#-31.5#3.393165502803038#9
0000 003B 2000 0000 0000 0000#1626598050754560#-31.5#4.577398671050753#9
0000 002E 2000 0000 0000 0000#1626598050755974#-47.0#5.270757987175063#9
0000 002F 2000 0000 0000 0000#1626598050757878#-54.0#0.36815538909255385#9
0000 0030 2000 0000 0000 0000#1626598050759430#-53.0#0.5276893910326605#9
0000 002D 2000 0000 0000 0000#1626598051025267#-54.5#4.3933209765044765#9
0000 003A 2000 0000 0000 0000#1626598051026920#-27.5#3.184544115650591#9
0000 0037 2000 0000 0000 0000#1626598051028214#-38.5#2.399145952253143#9
0000 0038 2000 0000 0000 0000#1626598051029279#-36.0#2.761165418194154#9
0000 003B 2000 0000 0000 0000#1626598051030320#-33.0#4.442408361716817#9
0000 0030 2000 0000 0000 0000#1626598051031450#-43.5#4.669437518323892#9
0000 0031 2000 0000 0000 0000#1626598051034226#-48.5#5.66959299202533#9
0000 0033 2000 0000 0000 0000#1626598051035285#-49.0#0.7731263170943632#9
0000 0035 2000 0000 0000 0000#1626598051036323#-41.0#1.748738098189631#9
0000 0039 2000 0000 0000 0000#1626598051037375#-33.5#2.945243112740431#9
0000 002E 2000 0000 0000 0000#1626598051039975#-47.5#4.313553975534423#9
0000 0032 2000 0000 0000 0000#1626598051041273#-49.5#6.154330920997192#9
0000 0034 2000 0000 0000 0000#1626598051043020#-44.0#1.380582709097077#9
0000 0036 2000 0000 0000 0000#1626598051044227#-41.0#1.932815792735908#9
0000 002F 2000 0000 0000 0000#1626598051045521#-43.0#4.460816131171445#9
0000 003B 2000 0000 0000 0000#1626598051051174#-33.0#4.405592822807561#9
0000 0034 2000 0000 0000 0000#1626598051052254#-44.0#1.3560390164909069#9
0000 003A 2000 0000 0000 0000#1626598051053319#-27.5#3.1354567304382504#9
0000 0036 2000 0000 0000 0000#1626598051054682#-41.0#1.9266798695843652#9
0000 0037 2000 0000 0000 0000#1626598051055704#-39.0#2.350058567040802#9
0000 0035 2000 0000 0000 0000#1626598051057720#-41.0#1.6873788666742053#9
0000 0031 2000 0000 0000 0000#1626598051058788#-48.0#5.436427912266712#9
0000 002E 2000 0000 0000 0000#1626598051060070#-48.5#4.289010282928253#9
0000 0038 2000 0000 0000 0000#1626598051061421#-36.0#2.6813984172241008#9
0000 0030 2000 0000 0000 0000#1626598051062978#-42.5#4.546719055293041#9
0000 0039 2000 0000 0000 0000#1626598051064799#-33.5#2.8777479580734626#9
0000 0032 2000 0000 0000 0000#1626598051065848#-48.5#5.982525072754001#9
0000 0033 2000 0000 0000 0000#1626598051067946#-47.0#0.521553467881118#9
0000 002D 2000 0000 0000 0000#1626598051070690#-58.5#4.129476280988146#9
0000 002F 2000 0000 0000 0000#1626598051072599#-43.0#4.344233591292136#9
0000 0032 2000 0000 0000 0000#1626598051340184#-41.0#3.7429131224409646#9
0000 0031 2000 0000 0000 0000#1626598051341492#-41.5#3.5342917352885173#9
0000 0030 2000 0000 0000 0000#1626598051342576#-50.5#3.5833791205008576#9
0000 0034 2000 0000 0000 0000#1626598051343693#-45.5#5.516194913236766#9
0000 003B 2000 0000 0000 0000#1626598051344792#-35.5#3.4606606574700063#9
0000 0036 2000 0000 0000 0000#1626598051345898#-45.5#0.3129320807286708#9
0000 0033 2000 0000 0000 0000#1626598051347900#-42.0#4.252194744018997#9
0000 002E 2000 0000 0000 0000#1626598051349484#-59.5#1.9512235621905356#9
0000 0039 2000 0000 0000 0000#1626598051351274#-37.0#1.846912868614312#9
0000 0038 2000 0000 0000 0000#1626598051355081#-41.0#1.5707963267948966#9
0000 002F 2000 0000 0000 0000#1626598051356449#-55.5#3.11091303783208#9
0000 003A 2000 0000 0000 0000#1626598051358045#-29.5#2.030990563160589#9
0000 0037 2000 0000 0000 0000#1626598051359209#-43.5#1.0246991663076084#9
0000 002D 2000 0000 0000 0000#1626598051362099#-62.5#1.4296700943094176#9
0000 0035 2000 0000 0000 0000#1626598051363505#-45.5#6.135923151542564#9
0000 002D 2000 0000 0000 0000#1626598051368200#-63.0#1.3314953238847365#9
0000 003B 2000 0000 0000 0000#1626598051369300#-35.5#3.411573272257666#9
0000 0030 2000 0000 0000 0000#1626598051370370#-52.0#3.522019888985432#9
0000 002E 2000 0000 0000 0000#1626598051372164#-59.5#1.8530487917658545#9
0000 0031 2000 0000 0000 0000#1626598051373739#-42.5#3.485204350076177#9
0000 0038 2000 0000 0000 0000#1626598051374850#-41.5#1.5155730184310134#9
0000 003A 2000 0000 0000 0000#1626598051375914#-30.0#1.9880391010997909#9
0000 0037 2000 0000 0000 0000#1626598051377461#-44.0#0.9265243958829272#9
0000 0039 2000 0000 0000 0000#1626598051378557#-37.5#1.7732817907958012#9
0000 0032 2000 0000 0000 0000#1626598051380089#-41.0#3.6386024288647407#9
0000 0036 2000 0000 0000 0000#1626598051381620#-46.5#0.09203884727313846#9
0000 0034 2000 0000 0000 0000#1626598051382643#-44.5#5.178719139901925#9
0000 0035 2000 0000 0000 0000#1626598051385385#-45.5#5.988660995905543#9
0000 0033 2000 0000 0000 0000#1626598051386433#-41.0#4.0558452031696355#9
0000 002F 2000 0000 0000 0000#1626598051390267#-56.5#2.8532042654672924#9
0000 002D 2000 0000 0000 0000#1626598051656083#-58.0#4.896466674930966#9
0000 0036 2000 0000 0000 0000#1626598051658542#-41.0#5.21553467881118#9
0000 003A 2000 0000 0000 0000#1626598051659621#-34.0#2.055534255766759#9
0000 0033 2000 0000 0000 0000#1626598051660763#-42.5#4.325825821837508#9
0000 0034 2000 0000 0000 0000#1626598051661826#-39.0#4.503767593232243#9
0000 002E 2000 0000 0000 0000#1626598051664077#-59.0#5.4671075280244255#9
0000 0035 2000 0000 0000 0000#1626598051665155#-39.0#4.859651136021712#9
0000 0030 2000 0000 0000 0000#1626598051666210#-61.0#2.6139032625571326#9
0000 0039 2000 0000 0000 0000#1626598051667294#-42.5#1.5892040962495242#9
0000 0032 2000 0000 0000 0000#1626598051668611#-52.5#4.01902966426038#9
0000 003B 2000 0000 0000 0000#1626598051669637#-38.0#3.54042765844006#9
0000 0037 2000 0000 0000 0000#1626598051670673#-45.5#6.19728238305799#9
0000 0038 2000 0000 0000 0000#1626598051672979#-45.5#0.8406214717613314#9
0000 0031 2000 0000 0000 0000#1626598051674032#-55.0#3.3318062712876126#9
0000 002F 2000 0000 0000 0000#1626598051675694#-62.5#1.239456476611598#9
0000 002E 2000 0000 0000 0000#1626598051683174#-58.0#5.258486140871978#9
0000 003A 2000 0000 0000 0000#1626598051684238#-34.0#1.9880391010997909#9
0000 0037 2000 0000 0000 0000#1626598051685530#-45.0#6.068427996875596#9
0000 0034 2000 0000 0000 0000#1626598051686818#-39.5#4.460816131171445#9
0000 0039 2000 0000 0000 0000#1626598051688354#-43.0#1.4787574795217582#9
0000 0032 2000 0000 0000 0000#1626598051689999#-52.0#3.9699422790480394#9
0000 0033 2000 0000 0000 0000#1626598051691100#-44.0#4.338097668140593#9
0000 003B 2000 0000 0000 0000#1626598051692367#-38.5#3.497476196379262#9
0000 002F 2000 0000 0000 0000#1626598051694677#-62.5#1.0185632431560658#9
0000 0036 2000 0000 0000 0000#1626598051695969#-40.0#5.037592907416445#9
0000 0038 2000 0000 0000 0000#1626598051697032#-45.5#0.6749515466696822#9
0000 0035 2000 0000 0000 0000#1626598051699108#-39.0#4.743068596142402#9
0000 0030 2000 0000 0000 0000#1626598051700164#-62.0#2.337786720737717#9
0000 0031 2000 0000 0000 0000#1626598051702796#-56.0#3.2397674240144743#9
0000 002D 2000 0000 0000 0000#1626598051704234#-58.0#4.338097668140593#9
0000 003B 2000 0000 0000 0000#1626598051979274#-44.0#2.110757564130642#9
0000 0034 2000 0000 0000 0000#1626598051981036#-51.5#3.4054373491061236#9
0000 0033 2000 0000 0000 0000#1626598051982596#-56.0#2.5034566458293663#9
0000 0036 2000 0000 0000 0000#1626598051983943#-45.0#3.8717675086233583#9
0000 002F 2000 0000 0000 0000#1626598051984977#-60.5#4.104932588381976#9
0000 002E 2000 0000 0000 0000#1626598051986795#-61.0#2.36846633649543#9
0000 0035 2000 0000 0000 0000#1626598051987845#-46.5#3.650874275167826#9
0000 003A 2000 0000 0000 0000#1626598051991282#-41.0#6.19728238305799#9
0000 0031 2000 0000 0000 0000#1626598051992349#-59.0#0.1043106935762236#9
0000 0030 2000 0000 0000 0000#1626598051993919#-62.5#5.037592907416445#9
0000 0039 2000 0000 0000 0000#1626598051995469#-44.0#5.301437602932776#9
0000 0038 2000 0000 0000 0000#1626598051996890#-43.5#4.779884135051658#9
0000 0037 2000 0000 0000 0000#1626598051998139#-43.0#4.3074180523828804#9
0000 002D 2000 0000 0000 0000#1626598051999198#-62.0#1.1596894756415448#9
0000 0032 2000 0000 0000 0000#1626598052002521#-59.0#1.0246991663076084#9
0000 0034 2000 0000 0000 0000#1626598052009099#-52.5#3.2704470397721868#9
0000 0030 2000 0000 0000 0000#1626598052010286#-63.0#4.9823695990525625#9
0000 0033 2000 0000 0000 0000#1626598052011400#-57.0#2.337786720737717#9
0000 003A 2000 0000 0000 0000#1626598052012450#-40.5#6.062292073724054#9
0000 0035 2000 0000 0000 0000#1626598052013714#-47.5#3.6263305825616556#9
0000 003B 2000 0000 0000 0000#1626598052014767#-44.5#1.945087639038993#9
0000 002D 2000 0000 0000 0000#1626598052015845#-62.0#1.012427320004523#9
0000 0032 2000 0000 0000 0000#1626598052017732#-58.0#0.8406214717613314#9
0000 0031 2000 0000 0000 0000#1626598052020435#-59.0#6.105243535784852#9
0000 0038 2000 0000 0000 0000#1626598052021474#-43.5#4.724660826687775#9
0000 002E 2000 0000 0000 0000#1626598052022931#-61.0#1.9757672547967058#9
0000 0039 2000 0000 0000 0000#1626598052023940#-43.0#5.166447293598839#9
0000 0037 2000 0000 0000 0000#1626598052025217#-43.5#4.25833066717054#9
0000 002F 2000 0000 0000 0000#1626598052026295#-60.5#3.877903431774901#9
0000 0036 2000 0000 0000 0000#1626598052027315#-46.5#3.773592738198677#9
0000 0033 2000 0000 0000 0000#1626598052295948#-60.0#6.019340611663256#9
0000 002F 2000 0000 0000 0000#1626598052296972#-61.5#2.000310947402876#9
0000 0035 2000 0000 0000 0000#1626598052298004#-55.0#2.399145952253143#9
0000 003A 2000 0000 0000 0000#1626598052299254#-38.5#4.841243366567084#9
0000 002D 2000 0000 0000 0000#1626598052300336#-59.0#4.988505522204105#9
0000 0038 2000 0000 0000 0000#1626598052305199#-47.5#4.442408361716817#9
0000 0037 2000 0000 0000 0000#1626598052306275#-53.0#3.9944859716542096#9
0000 0032 2000 0000 0000 0000#1626598052307822#-58.5#4.577398671050753#9
0000 0039 2000 0000 0000 0000#1626598052308906#-44.0#4.620350133111551#9
0000 0036 2000 0000 0000 0000#1626598052311174#-55.5#2.8532042654672924#9
0000 0034 2000 0000 0000 0000#1626598052312205#-57.5#1.1658253987930873#9
0000 003B 2000 0000 0000 0000#1626598052313257#-46.5#0.44178646691106466#9
0000 0030 2000 0000 0000 0000#1626598052314317#-63.5#2.9084275738311756#9
0000 0031 2000 0000 0000 0000#1626598052315409#-57.5#3.8840393549264434#9
0000 002E 2000 0000 0000 0000#1626598052319106#-60.5#5.681864838328415#9
0000 0031 2000 0000 0000 0000#1626598052330859#-58.0#3.06182565261974#9
0000 0032 2000 0000 0000 0000#1626598052331949#-59.5#3.80427235395639#9
0000 0036 2000 0000 0000 0000#1626598052333267#-56.5#2.1475731030398975#9
0000 0034 2000 0000 0000 0000#1626598052334785#-58.0#0.32520392703175593#9
0000 002D 2000 0000 0000 0000#1626598052335879#-59.5#4.264466590322082#9
0000 0033 2000 0000 0000 0000#1626598052336938#-60.0#5.056000676871073#9
0000 0035 2000 0000 0000 0000#1626598052338497#-56.5#1.521708941582556#9
0000 0039 2000 0000 0000 0000#1626598052339552#-45.5#3.9822141253511245#9
0000 003A 2000 0000 0000 0000#1626598052340898#-39.0#4.129476280988146#9
0000 0038 2000 0000 0000 0000#1626598052343410#-50.0#3.761320891895592#9
0000 0037 2000 0000 0000 0000#1626598052344775#-55.0#3.227495577711389#9
0000 003B 2000 0000 0000 0000#1626598052346098#-47.0#5.957981380147831#9
0000 002F 2000 0000 0000 0000#1626598052347701#-63.5#0.8344855486097889#9
0000 0030 2000 0000 0000 0000#1626598052349102#-64.0#1.9941750242513334#9
0000 002E 2000 0000 0000 0000#1626598052350422#-60.5#4.884194828627882#9
0000 0038 2000 0000 0000 0000#1626598052621071#-54.0#2.7120780329818137#9
0000 0035 2000 0000 0000 0000#1626598052622162#-57.5#5.424156065963627#9
0000 003B 2000 0000 0000 0000#1626598052623998#-46.5#5.258486140871978#9
0000 003A 2000 0000 0000 0000#1626598052626353#-42.5#3.6324665057131984#9
0000 002F 2000 0000 0000 0000#1626598052627388#-59.0#5.0253210611133605#9
0000 0039 2000 0000 0000 0000#1626598052628413#-51.5#3.2643111166206444#9
0000 0030 2000 0000 0000 0000#1626598052629668#-64.0#5.589825991055276#9
0000 0036 2000 0000 0000 0000#1626598052631007#-59.5#6.2034183062095325#9
0000 0037 2000 0000 0000 0000#1626598052633060#-58.5#1.5462526341887264#9
0000 002E 2000 0000 0000 0000#1626598052634756#-59.5#3.6876898140770815#9
0000 0032 2000 0000 0000 0000#1626598052635805#-58.5#2.024854640009046#9
0000 002D 2000 0000 0000 0000#1626598052637098#-59.0#3.393165502803038#9
0000 0031 2000 0000 0000 0000#1626598052638667#-59.5#1.012427320004523#9
0000 0033 2000 0000 0000 0000#1626598052639829#-59.0#2.9513790358919736#9
0000 0034 2000 0000 0000 0000#1626598052641145#-56.0#4.0987966652304335#9
0000 003A 2000 0000 0000 0000#1626598052646471#-42.5#3.5833791205008576#9
0000 002F 2000 0000 0000 0000#1626598052647734#-58.5#4.902602598082509#9
0000 0039 2000 0000 0000 0000#1626598052650097#-51.5#3.141592653589793#9
0000 0037 2000 0000 0000 0000#1626598052651993#-58.5#1.3437671701878218#9
0000 003B 2000 0000 0000 0000#1626598052653301#-46.5#5.178719139901925#9
0000 0036 2000 0000 0000 0000#1626598052654336#-59.0#5.957981380147831#9
0000 0038 2000 0000 0000 0000#1626598052655429#-54.5#2.5280003384355365#9
0000 0035 2000 0000 0000 0000#1626598052656732#-57.0#5.160311370447297#9
0000 0034 2000 0000 0000 0000#1626598052658160#-56.5#3.988350048502667#9
0000 0032 2000 0000 0000 0000#1626598052660181#-59.5#1.7548740213411735#9
0000 0030 2000 0000 0000 0000#1626598052661226#-63.5#5.2768939103266055#9
0000 002E 2000 0000 0000 0000#1626598052663722#-60.0#3.650874275167826#9
0000 0031 2000 0000 0000 0000#1626598052666733#-59.0#0.6504078540635119#9
0000 002D 2000 0000 0000 0000#1626598052667945#-59.5#3.313398501832985#9
0000 0033 2000 0000 0000 0000#1626598052669061#-58.0#2.859340188618835#9
0000 0038 2000 0000 0000 0000#1626598052942292#-59.0#0.9756117810952678#9
0000 002F 2000 0000 0000 0000#1626598052943343#-61.0#4.129476280988146#9
0000 0033 2000 0000 0000 0000#1626598052944403#-60.0#0.944932165337555#9
0000 003A 2000 0000 0000 0000#1626598052946456#-49.5#2.742757648739526#9
0000 003B 2000 0000 0000 0000#1626598052949559#-51.5#4.8351074434155406#9
0000 0039 2000 0000 0000 0000#1626598052951378#-56.5#1.8837284075235674#9
0000 0032 2000 0000 0000 0000#1626598052954359#-57.5#6.031612457966341#9
0000 0031 2000 0000 0000 0000#1626598052955867#-57.5#5.418020142812084#9
0000 002D 2000 0000 0000 0000#1626598052956978#-63.0#3.067961575771282#9
0000 0034 2000 0000 0000 0000#1626598052958325#-57.0#2.055534255766759#9
0000 002E 2000 0000 0000 0000#1626598052963925#-63.0#3.3502140407422405#9
0000 0036 2000 0000 0000 0000#1626598052965088#-60.0#4.227651051412827#9
0000 0035 2000 0000 0000 0000#1626598052968845#-59.0#3.380893656499953#9
0000 0037 2000 0000 0000 0000#1626598052970051#-60.5#5.540738605842936#9
0000 002F 2000 0000 0000 0000#1626598052973741#-61.0#4.129476280988146#9
0000 0035 2000 0000 0000 0000#1626598052975018#-59.0#3.3624858870453256#9
0000 0037 2000 0000 0000 0000#1626598052976038#-61.0#5.553010452146021#9
0000 003B 2000 0000 0000 0000#1626598052979678#-53.0#4.724660826687775#9
0000 0031 2000 0000 0000 0000#1626598052980747#-58.0#5.2768939103266055#9
0000 003A 2000 0000 0000 0000#1626598052981764#-50.5#2.552544031041707#9
0000 0033 2000 0000 0000 0000#1626598052983862#-60.0#0.5890486225480862#9
0000 0036 2000 0000 0000 0000#1626598052985634#-60.5#4.09266074207889#9
0000 0032 2000 0000 0000 0000#1626598052987197#-59.5#5.872078456026235#9
0000 002E 2000 0000 0000 0000#1626598052988268#-64.0#3.6876898140770815#9
0000 0038 2000 0000 0000 0000#1626598052989690#-60.5#0.5583690067903734#9
0000 002D 2000 0000 0000 0000#1626598052990757#-64.5#3.06182565261974#9
0000 0039 2000 0000 0000 0000#1626598052991793#-57.5#1.6444274046134073#9
0000 0034 2000 0000 0000 0000#1626598052993342#-58.0#1.7303303287350031#9
0000 0033 2000 0000 0000 0000#1626598053257650#-61.0#6.031612457966341#9
0000 0034 2000 0000 0000 0000#1626598053258982#-59.0#0.6933593161243098#9
0000 0031 2000 0000 0000 0000#1626598053260988#-61.0#4.7860200582032#9
0000 0032 2000 0000 0000 0000#1626598053262563#-61.0#5.295301679781233#9
0000 0039 2000 0000 0000 0000#1626598053263586#-61.0#0.8528933180644165#9
0000 002E 2000 0000 0000 0000#1626598053264657#-66.5#2.6568547246179306#9
0000 003B 2000 0000 0000 0000#1626598053266234#-56.0#4.09266074207889#9
0000 003A 2000 0000 0000 0000#1626598053267310#-54.5#1.6996507129772904#9
0000 0038 2000 0000 0000 0000#1626598053269929#-62.0#6.007068765360171#9
0000 0037 2000 0000 0000 0000#1626598053272972#-63.0#4.454680208019902#9
0000 0036 2000 0000 0000 0000#1626598053275133#-63.5#2.779573187648782#9
0000 0035 2000 0000 0000 0000#1626598053277078#-60.5#1.8714565612204823#9
0000 002D 2000 0000 0000 0000#1626598053279001#-65.5#2.466641106920111#9
0000 003B 2000 0000 0000 0000#1626598053285439#-56.0#4.1172044346850605#9
0000 0035 2000 0000 0000 0000#1626598053287027#-60.5#2.000310947402876#9
0000 002E 2000 0000 0000 0000#1626598053288908#-66.0#2.8654761117703775#9
0000 003A 2000 0000 0000 0000#1626598053289929#-54.5#1.6996507129772904#9
0000 0039 2000 0000 0000 0000#1626598053291039#-61.0#0.8713010875190442#9
0000 0036 2000 0000 0000 0000#1626598053293664#-63.0#2.718213956133356#9
0000 0031 2000 0000 0000 0000#1626598053295482#-60.5#4.755340442445488#9
0000 0032 2000 0000 0000 0000#1626598053296531#-60.0#5.203262832508095#9
0000 0033 2000 0000 0000 0000#1626598053297689#-59.5#6.037748381117884#9
0000 0037 2000 0000 0000 0000#1626598053298724#-62.5#4.546719055293041#9
0000 0034 2000 0000 0000 0000#1626598053299756#-59.0#0.6381360077604268#9
0000 0038 2000 0000 0000 0000#1626598053301419#-62.5#6.007068765360171#9
0000 002D 2000 0000 0000 0000#1626598053303983#-66.0#2.478912953223196#9
0000 0039 2000 0000 0000 0000#1626598053567217#-59.5#0.2638446955163303#9
0000 0036 2000 0000 0000 0000#1626598053569203#-63.0#2.478912953223196#9
0000 0037 2000 0000 0000 0000#1626598053570498#-62.0#4.215379205109742#9
0000 0035 2000 0000 0000 0000#1626598053572286#-60.5#1.576932249946439#9
0000 0032 2000 0000 0000 0000#1626598053573604#-61.5#4.890330751779424#9
0000 002D 2000 0000 0000 0000#1626598053574858#-66.0#1.8100973297050567#9
0000 003A 2000 0000 0000 0000#1626598053575921#-53.5#1.1290098598838318#9
0000 003B 2000 0000 0000 0000#1626598053577479#-56.5#3.5465635815916023#9
0000 0033 2000 0000 0000 0000#1626598053579024#-60.5#5.620505606812989#9
0000 0031 2000 0000 0000 0000#1626598053583410#-61.5#4.387185053352934#9
0000 0038 2000 0000 0000 0000#1626598053587563#-61.5#5.651185222570702#9
0000 0034 2000 0000 0000 0000#1626598053588953#-58.5#0.2699806186678728#9
0000 003B 2000 0000 0000 0000#1626598053594048#-56.5#3.5772431973493153#9
0000 0037 2000 0000 0000 0000#1626598053596153#-62.5#4.2092432819582#9
0000 0039 2000 0000 0000 0000#1626598053597465#-59.5#0.25770877236478773#9
0000 003A 2000 0000 0000 0000#1626598053598544#-54.0#1.1596894756415448#9
0000 0034 2000 0000 0000 0000#1626598053599905#-57.0#0.2454369260617026#9
0000 0033 2000 0000 0000 0000#1626598053601239#-60.5#5.540738605842936#9
0000 0031 2000 0000 0000 0000#1626598053602548#-61.5#4.374913207049849#9
0000 0032 2000 0000 0000 0000#1626598053603823#-61.0#4.92714629068868#9
0000 0035 2000 0000 0000 0000#1626598053605369#-61.0#1.5155730184310134#9
0000 0036 2000 0000 0000 0000#1626598053606790#-63.5#2.411417798556228#9
0000 0038 2000 0000 0000 0000#1626598053609400#-62.0#5.6143696836614465#9
0000 002D 2000 0000 0000 0000#1626598053610682#-65.0#1.9082721001297376#9
