0000 0031 2000 0000 0000 0000#1626597566149427#-51.0#1.4173982480063325#9
0000 002D 2000 0000 0000 0000#1626597566150692#-52.5#3.117048960983623#9
0000 0033 2000 0000 0000 0000#1626597566151767#-51.0#0.2699806186678728#9
0000 0030 2000 0000 0000 0000#1626597566153319#-51.0#2.399145952253143#9
0000 003A 2000 0000 0000 0000#1626597566155636#-41.5#2.60776733940559#9
0000 0037 2000 0000 0000 0000#1626597566156943#-46.5#4.037437433715008#9
0000 0038 2000 0000 0000 0000#1626597566157980#-45.0#3.8410878928656453#9
0000 0035 2000 0000 0000 0000#1626597566159270#-47.0#4.632621979414636#9
0000 0034 2000 0000 0000 0000#1626597566160289#-50.5#5.50392306693368#9
0000 002E 2000 0000 0000 0000#1626597566161800#-51.0#2.9575149590435164#9
0000 002F 2000 0000 0000 0000#1626597566163358#-51.0#2.5954954931025047#9
FFFF FFFF FFFF FFFF FFFF FFFF#1626597566164953#-69.0#0.01227184630308513#9
0000 0036 2000 0000 0000 0000#1626597566166712#-47.0#4.4362724385652745#9
0000 0032 2000 0000 0000 0000#1626597566168381#-51.0#1.0615147052168636#9
0000 0039 2000 0000 0000 0000#1626597566170522#-43.5#3.3440781175906977#9
0000 003B 2000 0000 0000 0000#1626597566171618#-61.0#3.834951969714103#9
0000 0030 2000 0000 0000 0000#1626597566180014#-51.0#2.3439226438892597#9
0000 0035 2000 0000 0000 0000#1626597566181063#-47.0#4.620350133111551#9
0000 0032 2000 0000 0000 0000#1626597566182392#-51.0#1.0676506283684062#9
0000 0031 2000 0000 0000 0000#1626597566183698#-51.0#1.4603497100671303#9
0000 0033 2000 0000 0000 0000#1626597566184791#-51.0#0.32520392703175593#9
0000 0039 2000 0000 0000 0000#1626597566186072#-43.5#3.3502140407422405#9
0000 0038 2000 0000 0000 0000#1626597566187180#-45.0#3.859495662320273#9
0000 002E 2000 0000 0000 0000#1626597566188263#-50.5#2.9697868053466014#9
0000 0036 2000 0000 0000 0000#1626597566189766#-47.0#4.454680208019902#9
0000 0037 2000 0000 0000 0000#1626597566190845#-46.5#4.025165587411922#9
0000 003A 2000 0000 0000 0000#1626597566193133#-41.5#2.6016314162540475#9
0000 0034 2000 0000 0000 0000#1626597566194223#-50.5#5.516194913236766#9
0000 003B 2000 0000 0000 0000#1626597566196515#-61.5#3.834951969714103#9
0000 002F 2000 0000 0000 0000#1626597566199059#-51.0#2.5893595699509624#9
0000 002D 2000 0000 0000 0000#1626597566200982#-52.0#3.172272269347506#9
FFFF FFFF FFFF FFFF FFFF FFFF#1626597566202046#-68.5#6.209554229361076#9
0000 0036 2000 0000 0000 0000#1626597566465208#-48.0#3.9699422790480394#9
0000 0039 2000 0000 0000 0000#1626597566466532#-44.5#2.761165418194154#9
0000 0031 2000 0000 0000 0000#1626597566469524#-51.5#0.8713010875190442#9
0000 0030 2000 0000 0000 0000#1626597566470565#-50.5#1.7916895602504288#9
0000 0032 2000 0000 0000 0000#1626597566471611#-51.5#0.5154175447295755#9
0000 0035 2000 0000 0000 0000#1626597566473932#-48.0#4.135612204139688#9
0000 003B 2000 0000 0000 0000#1626597566476647#-61.5#3.485204350076177#9
FFFF FFFF FFFF FFFF FFFF FFFF#1626597566477697#-68.0#5.3627968344482015#9
0000 002F 2000 0000 0000 0000#1626597566478936#-51.0#2.000310947402876#9
0000 0038 2000 0000 0000 0000#1626597566480862#-45.5#3.2949907323783574#9
0000 003A 2000 0000 0000 0000#1626597566482430#-42.5#2.067806102069844#9
0000 0033 2000 0000 0000 0000#1626597566492239#-52.0#6.160466844148735#9
0000 0037 2000 0000 0000 0000#1626597566495394#-47.0#3.706097583531709#9
0000 002D 2000 0000 0000 0000#1626597566496939#-51.5#2.7550294950426117#9
0000 002E 2000 0000 0000 0000#1626597566498247#-50.5#2.5893595699509624#9
0000 0034 2000 0000 0000 0000#1626597566499269#-50.0#5.154175447295755#9
0000 0036 2000 0000 0000 0000#1626597566502733#-47.5#4.129476280988146#9
0000 002F 2000 0000 0000 0000#1626597566503825#-51.5#2.2089323345553233#9
0000 0030 2000 0000 0000 0000#1626597566504950#-51.0#1.9757672547967058#9
0000 002E 2000 0000 0000 0000#1626597566507227#-50.5#2.60776733940559#9
0000 0037 2000 0000 0000 0000#1626597566508598#-47.5#3.693825737228624#9
0000 002D 2000 0000 0000 0000#1626597566509680#-52.0#2.7857091108003242#9
0000 0039 2000 0000 0000 0000#1626597566510977#-44.0#2.988194574801229#9
0000 003A 2000 0000 0000 0000#1626597566514219#-42.5#2.2518837966161214#9
0000 003B 2000 0000 0000 0000#1626597566515815#-61.5#3.5158839658338894#9
0000 0038 2000 0000 0000 0000#1626597566516896#-45.0#3.5158839658338894#9
0000 0035 2000 0000 0000 0000#1626597566517959#-47.5#4.313553975534423#9
0000 0033 2000 0000 0000 0000#1626597566519600#-50.0#6.178874613603362#9
FFFF FFFF FFFF FFFF FFFF FFFF#1626597566521077#-69.0#5.608233760509904#9
0000 0032 2000 0000 0000 0000#1626597566523519#-51.5#0.6810874698212247#9
0000 0034 2000 0000 0000 0000#1626597566524866#-50.5#5.184855063053467#9
0000 0031 2000 0000 0000 0000#1626597566525945#-51.0#1.0615147052168636#9
0000 003B 2000 0000 0000 0000#1626597566793614#-61.0#4.227651051412827#9
0000 0037 2000 0000 0000 0000#1626597566795161#-46.0#4.430136515413731#9
0000 0038 2000 0000 0000 0000#1626597566796256#-44.0#4.239922897715912#9
0000 003A 2000 0000 0000 0000#1626597566799226#-42.0#3.055689729468197#9
0000 0034 2000 0000 0000 0000#1626597566800286#-50.0#5.915029918087033#9
0000 0032 2000 0000 0000 0000#1626597566801390#-51.5#1.4480778637640452#9
0000 0031 2000 0000 0000 0000#1626597566802479#-50.5#1.8407769454627694#9
0000 0030 2000 0000 0000 0000#1626597566804717#-50.5#2.761165418194154#9
0000 002F 2000 0000 0000 0000#1626597566807022#-51.5#2.9820586516496865#9
FFFF FFFF FFFF FFFF FFFF FFFF#1626597566808102#-68.5#0.7669903939428205#9
0000 002D 2000 0000 0000 0000#1626597566809380#-51.5#3.5342917352885173#9
0000 002E 2000 0000 0000 0000#1626597566810448#-50.5#3.399301425954581#9
0000 0035 2000 0000 0000 0000#1626597566811766#-46.0#4.994641445355648#9
0000 0039 2000 0000 0000 0000#1626597566812876#-43.0#3.7429131224409646#9
0000 0036 2000 0000 0000 0000#1626597566815907#-47.0#4.8351074434155406#9
0000 0033 2000 0000 0000 0000#1626597566817539#-51.0#0.662679700366597#9
0000 0030 2000 0000 0000 0000#1626597566823077#-50.5#2.7550294950426117#9
0000 002F 2000 0000 0000 0000#1626597566824139#-51.5#3.018874190558942#9
0000 0035 2000 0000 0000 0000#1626597566825217#-46.5#5.006913291658733#9
0000 0034 2000 0000 0000 0000#1626597566826961#-50.0#5.890486225480862#9
0000 002E 2000 0000 0000 0000#1626597566828048#-50.5#3.380893656499953#9
0000 002D 2000 0000 0000 0000#1626597566829114#-51.5#3.5465635815916023#9
0000 0036 2000 0000 0000 0000#1626597566830205#-46.5#4.8351074434155406#9
0000 003A 2000 0000 0000 0000#1626597566832208#-42.0#3.0250101137104846#9
FFFF FFFF FFFF FFFF FFFF FFFF#1626597566833970#-69.0#0.619728238305799#9
0000 0038 2000 0000 0000 0000#1626597566835518#-44.0#4.239922897715912#9
0000 0032 2000 0000 0000 0000#1626597566837047#-51.0#1.4910293258248433#9
0000 0039 2000 0000 0000 0000#1626597566838116#-43.0#3.7429131224409646#9
0000 0037 2000 0000 0000 0000#1626597566839406#-46.0#4.411728745959104#9
0000 0033 2000 0000 0000 0000#1626597566842107#-51.0#0.6565437772150544#9
0000 0031 2000 0000 0000 0000#1626597566844024#-50.5#1.8223691760081417#9
0000 003B 2000 0000 0000 0000#1626597566845205#-60.5#4.2092432819582#9
0000 0037 2000 0000 0000 0000#1626597567110757#-48.0#3.9760782021995817#9
0000 0039 2000 0000 0000 0000#1626597567112479#-45.0#3.184544115650591#9
0000 0030 2000 0000 0000 0000#1626597567113521#-50.5#2.1353012567368124#9
0000 0035 2000 0000 0000 0000#1626597567114569#-48.5#4.614214209960009#9
0000 003A 2000 0000 0000 0000#1626597567115619#-43.0#2.442097414313941#9
0000 0031 2000 0000 0000 0000#1626597567116652#-50.5#1.3130875544301088#9
0000 003B 2000 0000 0000 0000#1626597567117709#-62.0#3.8963112012295285#9
0000 0038 2000 0000 0000 0000#1626597567119298#-46.0#3.724505352986337#9
0000 0036 2000 0000 0000 0000#1626597567120865#-48.0#4.405592822807561#9
0000 002D 2000 0000 0000 0000#1626597567122363#-52.0#2.9084275738311756#9
0000 0032 2000 0000 0000 0000#1626597567123510#-50.5#0.9756117810952678#9
0000 0033 2000 0000 0000 0000#1626597567124599#-51.0#0.2761165418194154#9
FFFF FFFF FFFF FFFF FFFF FFFF#1626597567125664#-69.5#5.970253226450915#9
0000 0034 2000 0000 0000 0000#1626597567128433#-51.0#5.5714182216006485#9
0000 002E 2000 0000 0000 0000#1626597567129925#-50.5#2.761165418194154#9
0000 002F 2000 0000 0000 0000#1626597567131242#-51.5#2.3930100291016#9
0000 0031 2000 0000 0000 0000#1626597567136915#-50.5#1.2701360923693108#9
0000 003A 2000 0000 0000 0000#1626597567138079#-43.0#2.448233337465483#9
0000 0036 2000 0000 0000 0000#1626597567139128#-48.0#4.405592822807561#9
0000 0032 2000 0000 0000 0000#1626597567140146#-50.5#0.9756117810952678#9
0000 002F 2000 0000 0000 0000#1626597567141661#-51.5#2.386874105950058#9
0000 0030 2000 0000 0000 0000#1626597567143260#-50.5#2.1537090261914402#9
0000 0037 2000 0000 0000 0000#1626597567145522#-48.0#3.9576704327449543#9
0000 0039 2000 0000 0000 0000#1626597567146593#-45.0#3.1906800388021335#9
0000 0035 2000 0000 0000 0000#1626597567147742#-48.5#4.577398671050753#9
FFFF FFFF FFFF FFFF FFFF FFFF#1626597567148779#-68.5#5.816855147662351#9
0000 002E 2000 0000 0000 0000#1626597567150340#-50.5#2.736621725587984#9
0000 0033 2000 0000 0000 0000#1626597567151382#-51.5#0.28225246497095796#9
0000 0038 2000 0000 0000 0000#1626597567152479#-46.0#3.718369429834794#9
0000 003B 2000 0000 0000 0000#1626597567153902#-62.5#3.80427235395639#9
0000 002D 2000 0000 0000 0000#1626597567154983#-52.5#2.9145634969827183#9
0000 0034 2000 0000 0000 0000#1626597567156087#-51.5#5.522330836388308#9
0000 0033 2000 0000 0000 0000#1626597567420021#-51.0#0.3436116964863836#9
0000 003B 2000 0000 0000 0000#1626597567421049#-62.0#4.025165587411922#9
0000 0031 2000 0000 0000 0000#1626597567423436#-51.5#1.4603497100671303#9
0000 002D 2000 0000 0000 0000#1626597567424488#-52.5#3.172272269347506#9
0000 0030 2000 0000 0000 0000#1626597567425770#-51.0#2.3746022596469727#9
0000 002E 2000 0000 0000 0000#1626597567427580#-51.0#2.988194574801229#9
0000 0036 2000 0000 0000 0000#1626597567428612#-47.0#4.528311285838413#9
0000 0039 2000 0000 0000 0000#1626597567429726#-44.0#3.429981041712294#9
0000 0038 2000 0000 0000 0000#1626597567430791#-45.5#3.9453985864418692#9
0000 0032 2000 0000 0000 0000#1626597567432597#-51.0#1.0921943209745766#9
0000 003A 2000 0000 0000 0000#1626597567433661#-42.5#2.7120780329818137#9
0000 0037 2000 0000 0000 0000#1626597567434840#-46.5#4.123340357836604#9
0C21 0537 8123 1003 2202 062F#1626597567435940#-68.0#0.8160777791551611#9
0000 0034 2000 0000 0000 0000#1626597567437485#-50.5#5.5714182216006485#9
0000 002F 2000 0000 0000 0000#1626597567438533#-51.0#2.6445828783148455#9
0000 0035 2000 0000 0000 0000#1626597567439804#-47.5#4.706253057233147#9
0000 0039 2000 0000 0000 0000#1626597567446066#-44.0#3.448388811166921#9
0000 0037 2000 0000 0000 0000#1626597567447656#-46.5#4.135612204139688#9
0000 002D 2000 0000 0000 0000#1626597567448680#-52.5#3.160000423044421#9
0000 0034 2000 0000 0000 0000#1626597567449743#-50.5#5.565282298449106#9
0000 003B 2000 0000 0000 0000#1626597567450825#-62.0#4.104932588381976#9
0C21 0537 8123 1003 2202 062F#1626597567452622#-68.5#0.4724660826687775#9
0000 002E 2000 0000 0000 0000#1626597567454171#-51.0#3.0127382674073995#9
0000 0038 2000 0000 0000 0000#1626597567455479#-45.5#3.9515345095934116#9
0000 002F 2000 0000 0000 0000#1626597567457041#-51.0#2.6445828783148455#9
0000 003A 2000 0000 0000 0000#1626597567458579#-42.5#2.718213956133356#9
0000 0032 2000 0000 0000 0000#1626597567461295#-51.0#1.1167380135807468#9
0000 0031 2000 0000 0000 0000#1626597567463200#-51.0#1.4726215563702154#9
0000 0033 2000 0000 0000 0000#1626597567465117#-51.0#0.3190680038802134#9
0000 0030 2000 0000 0000 0000#1626597567466515#-51.0#2.3930100291016#9
0000 0035 2000 0000 0000 0000#1626597567470690#-47.5#4.681709364626977#9
0000 0036 2000 0000 0000 0000#1626597567471780#-47.0#4.522175362686871#9
0000 002D 2000 0000 0000 0000#1626597567736809#-52.0#2.730485802436441#9
0000 0030 2000 0000 0000 0000#1626597567739985#-50.5#1.945087639038993#9
0000 003A 2000 0000 0000 0000#1626597567741061#-43.5#2.3071071049800045#9
0000 0035 2000 0000 0000 0000#1626597567742124#-48.0#4.4362724385652745#9
0000 0034 2000 0000 0000 0000#1626597567743646#-51.0#5.332117218690489#9
0000 0039 2000 0000 0000 0000#1626597567744729#-45.0#3.0495538063166547#9
0000 0032 2000 0000 0000 0000#1626597567745804#-51.5#0.7547185476397354#9
0000 0036 2000 0000 0000 0000#1626597567747080#-48.0#4.246058820867455#9
0000 0038 2000 0000 0000 0000#1626597567748600#-46.0#3.56497135104623#9
0000 0033 2000 0000 0000 0000#1626597567750545#-51.5#0.03681553890925539#9
0000 0037 2000 0000 0000 0000#1626597567752805#-48.0#3.773592738198677#9
0000 002E 2000 0000 0000 0000#1626597567753916#-50.5#2.564815877344792#9
0000 003B 2000 0000 0000 0000#1626597567755289#-62.0#3.792000507653305#9
0000 0031 2000 0000 0000 0000#1626597567757791#-50.5#1.1044661672776617#9
0000 002F 2000 0000 0000 0000#1626597567759037#-51.0#2.1966604882522383#9
0000 003A 2000 0000 0000 0000#1626597567763122#-43.5#2.282563412373834#9
0000 0038 2000 0000 0000 0000#1626597567764159#-46.0#3.5588354278946874#9
0000 0036 2000 0000 0000 0000#1626597567765407#-48.0#4.23378697456437#9
0000 003B 2000 0000 0000 0000#1626597567766716#-63.0#3.761320891895592#9
0000 0035 2000 0000 0000 0000#1626597567767807#-48.0#4.430136515413731#9
0000 0031 2000 0000 0000 0000#1626597567769098#-50.5#1.1167380135807468#9
0000 002F 2000 0000 0000 0000#1626597567770417#-51.5#2.1966604882522383#9
0000 0037 2000 0000 0000 0000#1626597567773219#-48.0#3.77972866135022#9
0000 0030 2000 0000 0000 0000#1626597567774587#-50.5#1.9941750242513334#9
0000 0032 2000 0000 0000 0000#1626597567775860#-51.5#0.7731263170943632#9
0000 0039 2000 0000 0000 0000#1626597567776986#-45.0#3.06182565261974#9
0000 002E 2000 0000 0000 0000#1626597567779021#-50.5#2.5770877236478773#9
0000 0034 2000 0000 0000 0000#1626597567781209#-51.0#5.338253141842031#9
0000 0033 2000 0000 0000 0000#1626597567782266#-51.5#0.06135923151542565#9
0000 002D 2000 0000 0000 0000#1626597567785372#-52.0#2.748893571891069#9
0000 002E 2000 0000 0000 0000#1626597568049588#-51.0#3.3318062712876126#9
0000 003B 2000 0000 0000 0000#1626597568050883#-61.5#4.313553975534423#9
0000 0034 2000 0000 0000 0000#1626597568052171#-51.0#6.062292073724054#9
0000 0036 2000 0000 0000 0000#1626597568053221#-47.5#4.92714629068868#9
0000 003A 2000 0000 0000 0000#1626597568054997#-42.5#2.9943304979527716#9
0000 0039 2000 0000 0000 0000#1626597568056307#-44.0#3.749049045592507#9
0000 0038 2000 0000 0000 0000#1626597568057853#-45.0#4.264466590322082#9
0000 0037 2000 0000 0000 0000#1626597568058921#-47.0#4.454680208019902#9
0000 002D 2000 0000 0000 0000#1626597568061851#-51.5#3.485204350076177#9
0000 0032 2000 0000 0000 0000#1626597568063902#-51.0#1.5278448647340985#9
0000 0033 2000 0000 0000 0000#1626597568066929#-50.5#0.8099418560036186#9
0000 0030 2000 0000 0000 0000#1626597568068029#-50.5#2.6875343403756435#9
0000 002F 2000 0000 0000 0000#1626597568069092#-51.0#2.945243112740431#9
0000 0035 2000 0000 0000 0000#1626597568071621#-47.5#5.105088062083414#9
0000 0031 2000 0000 0000 0000#1626597568073126#-50.0#1.8285050991596843#9
0000 0034 2000 0000 0000 0000#1626597568079607#-50.5#6.068427996875596#9
0000 003A 2000 0000 0000 0000#1626597568080870#-42.5#3.018874190558942#9
0000 0032 2000 0000 0000 0000#1626597568082215#-51.0#1.5155730184310134#9
0000 0030 2000 0000 0000 0000#1626597568083254#-50.0#2.718213956133356#9
0000 002F 2000 0000 0000 0000#1626597568084347#-51.0#2.9513790358919736#9
0000 0039 2000 0000 0000 0000#1626597568085415#-44.0#3.7429131224409646#9
0000 0037 2000 0000 0000 0000#1626597568089224#-47.0#4.473087977474529#9
0000 002E 2000 0000 0000 0000#1626597568090495#-50.5#3.3318062712876126#9
0000 0035 2000 0000 0000 0000#1626597568092084#-47.5#5.098952138931871#9
0000 003B 2000 0000 0000 0000#1626597568093378#-61.5#4.289010282928253#9
0000 002D 2000 0000 0000 0000#1626597568094929#-52.0#3.497476196379262#9
0000 0036 2000 0000 0000 0000#1626597568096633#-47.5#4.908738521234052#9
0000 0038 2000 0000 0000 0000#1626597568097684#-45.0#4.246058820867455#9
0000 0033 2000 0000 0000 0000#1626597568100363#-49.5#0.8160777791551611#9
0000 0031 2000 0000 0000 0000#1626597568101759#-50.0#1.8407769454627694#9
0000 003A 2000 0000 0000 0000#1626597568367785#-43.0#2.442097414313941#9
0000 0031 2000 0000 0000 0000#1626597568368878#-50.5#1.3069516312785663#9
0000 0035 2000 0000 0000 0000#1626597568369955#-48.5#4.571262747899211#9
0000 0036 2000 0000 0000 0000#1626597568371001#-48.0#4.381049130201391#9
0000 0039 2000 0000 0000 0000#1626597568372298#-45.0#3.1661363461959633#9
0000 0033 2000 0000 0000 0000#1626597568373544#-51.0#0.28838838812250056#9
0000 0032 2000 0000 0000 0000#1626597568374607#-50.5#0.9756117810952678#9
0000 002D 2000 0000 0000 0000#1626597568375644#-52.0#2.890019804376548#9
0000 0038 2000 0000 0000 0000#1626597568376739#-46.0#3.693825737228624#9
0000 0030 2000 0000 0000 0000#1626597568377994#-50.5#2.1537090261914402#9
0000 002F 2000 0000 0000 0000#1626597568380641#-51.0#2.3930100291016#9
0000 002E 2000 0000 0000 0000#1626597568382829#-50.5#2.705942109830271#9
0000 0037 2000 0000 0000 0000#1626597568384949#-48.0#3.9147189706841563#9
0000 0034 2000 0000 0000 0000#1626597568386124#-51.5#5.546874528994478#9
0000 003B 2000 0000 0000 0000#1626597568388005#-62.0#3.7551849687440497#9
0000 003A 2000 0000 0000 0000#1626597568392073#-43.0#2.423689644859313#9
0000 003B 2000 0000 0000 0000#1626597568393654#-62.5#3.822680123411018#9
0000 0035 2000 0000 0000 0000#1626597568394716#-48.5#4.589670517353839#9
0000 0036 2000 0000 0000 0000#1626597568396219#-48.0#4.3503695144436785#9
0000 0031 2000 0000 0000 0000#1626597568397529#-50.0#1.282407938672396#9
0000 0037 2000 0000 0000 0000#1626597568399148#-48.0#3.933126740138784#9
0000 0034 2000 0000 0000 0000#1626597568400267#-51.5#5.565282298449106#9
0000 0039 2000 0000 0000 0000#1626597568401277#-45.0#3.184544115650591#9
0000 002F 2000 0000 0000 0000#1626597568403124#-51.0#2.3623304133438876#9
0000 002E 2000 0000 0000 0000#1626597568405420#-50.0#2.718213956133356#9
0000 0033 2000 0000 0000 0000#1626597568406507#-51.0#0.30679615757712825#9
0000 0038 2000 0000 0000 0000#1626597568408300#-46.0#3.693825737228624#9
0000 0032 2000 0000 0000 0000#1626597568411555#-50.5#1.0062913968529805#9
0000 002D 2000 0000 0000 0000#1626597568413176#-52.0#2.890019804376548#9
0000 0030 2000 0000 0000 0000#1626597568414247#-50.0#2.1230294104337273#9
0000 003A 2000 0000 0000 0000#1626597568678042#-42.0#2.6384469551633027#9
0000 0033 2000 0000 0000 0000#1626597568679317#-51.0#0.4479223900626072#9
0000 0031 2000 0000 0000 0000#1626597568680610#-51.0#1.521708941582556#9
0000 002D 2000 0000 0000 0000#1626597568681692#-52.5#3.098641191528995#9
0000 0035 2000 0000 0000 0000#1626597568682753#-48.5#4.749204519293945#9
0000 002F 2000 0000 0000 0000#1626597568683827#-51.0#2.564815877344792#9
0000 0034 2000 0000 0000 0000#1626597568685134#-51.0#5.737088146692298#9
0000 0039 2000 0000 0000 0000#1626597568686459#-44.5#3.3624858870453256#9
0000 0032 2000 0000 0000 0000#1626597568687761#-50.5#1.1658253987930873#9
0000 003B 2000 0000 0000 0000#1626597568689099#-61.5#3.9638063558964967#9
0000 002E 2000 0000 0000 0000#1626597568691394#-50.5#2.9513790358919736#9
0000 0036 2000 0000 0000 0000#1626597568693907#-48.0#4.565126824747668#9
0000 0030 2000 0000 0000 0000#1626597568695805#-50.5#2.337786720737717#9
0000 0038 2000 0000 0000 0000#1626597568698225#-46.0#3.8840393549264434#9
0000 0037 2000 0000 0000 0000#1626597568700145#-47.0#4.086524818927348#9
0000 0031 2000 0000 0000 0000#1626597568705114#-50.5#1.4971652489763858#9
0000 0038 2000 0000 0000 0000#1626597568706648#-46.0#3.8963112012295285#9
0000 003A 2000 0000 0000 0000#1626597568707948#-42.5#2.6139032625571326#9
0000 002F 2000 0000 0000 0000#1626597568709481#-51.0#2.5709518004963345#9
0000 002D 2000 0000 0000 0000#1626597568710776#-52.5#3.0925052683774528#9
0000 0030 2000 0000 0000 0000#1626597568711818#-51.0#2.325514874434632#9
0000 0037 2000 0000 0000 0000#1626597568713081#-47.5#4.1172044346850605#9
0000 0033 2000 0000 0000 0000#1626597568717055#-51.0#0.46019423636569234#9
0000 0039 2000 0000 0000 0000#1626597568718365#-44.0#3.368621810196868#9
0000 0036 2000 0000 0000 0000#1626597568719501#-48.0#4.540583132141498#9
0000 002E 2000 0000 0000 0000#1626597568720586#-50.5#2.9329712664373457#9
0000 0032 2000 0000 0000 0000#1626597568722031#-50.5#1.1596894756415448#9
0000 0035 2000 0000 0000 0000#1626597568724702#-48.5#4.767612288748572#9
0000 0034 2000 0000 0000 0000#1626597568725892#-51.0#5.7616318392984684#9
0000 003B 2000 0000 0000 0000#1626597568727146#-61.5#4.111068511533518#9
0000 002D 2000 0000 0000 0000#1626597569004258#-51.5#2.718213956133356#9
0000 0034 2000 0000 0000 0000#1626597569005788#-51.0#5.393476450205914#9
0000 003A 2000 0000 0000 0000#1626597569006892#-43.0#2.2457478734645786#9
0000 0038 2000 0000 0000 0000#1626597569008502#-46.0#3.522019888985432#9
0000 0032 2000 0000 0000 0000#1626597569010376#-49.5#0.8099418560036186#9
0000 0031 2000 0000 0000 0000#1626597569011713#-50.0#1.1167380135807468#9
0000 003B 2000 0000 0000 0000#1626597569013256#-61.5#3.736777199289422#9
0000 002F 2000 0000 0000 0000#1626597569014836#-51.0#2.1659808724945253#9
0000 0035 2000 0000 0000 0000#1626597569017592#-48.5#4.424000592262189#9
0000 0033 2000 0000 0000 0000#1626597569018895#-51.5#0.09203884727313846#9
0000 002E 2000 0000 0000 0000#1626597569020561#-50.5#2.5402721847386216#9
0000 0037 2000 0000 0000 0000#1626597569021867#-48.0#3.730641276137879#9
0000 0030 2000 0000 0000 0000#1626597569023748#-50.0#1.945087639038993#9
FFFF FFFF FFFF FFFF FFFF FFFF#1626597569025410#-68.0#5.3198453723874035#9
0000 0036 2000 0000 0000 0000#1626597569026983#-48.5#4.239922897715912#9
0000 0039 2000 0000 0000 0000#1626597569028067#-45.0#2.9943304979527716#9
0000 0038 2000 0000 0000 0000#1626597569034885#-46.0#3.509748042682347#9
0000 0039 2000 0000 0000 0000#1626597569037496#-45.0#2.9820586516496865#9
0000 0037 2000 0000 0000 0000#1626597569039181#-48.0#3.736777199289422#9
0000 0031 2000 0000 0000 0000#1626597569040516#-50.0#1.1106020904292042#9
0000 0030 2000 0000 0000 0000#1626597569041656#-50.0#1.9757672547967058#9
0000 0036 2000 0000 0000 0000#1626597569042719#-48.0#4.2092432819582#9
0000 003A 2000 0000 0000 0000#1626597569043824#-43.0#2.2396119503130363#9
0000 0032 2000 0000 0000 0000#1626597569045491#-51.0#0.7915340865489908#9
0000 002E 2000 0000 0000 0000#1626597569047611#-50.5#2.552544031041707#9
0000 002F 2000 0000 0000 0000#1626597569048734#-50.5#2.1782527187976104#9
0000 003B 2000 0000 0000 0000#1626597569050031#-62.0#3.761320891895592#9
0000 002D 2000 0000 0000 0000#1626597569051343#-51.5#2.7120780329818137#9
0000 0035 2000 0000 0000 0000#1626597569052618#-48.5#4.405592822807561#9
0000 0034 2000 0000 0000 0000#1626597569053807#-51.0#5.381204603902829#9
0000 0033 2000 0000 0000 0000#1626597569055153#-51.5#0.0859029241215959#9
0000 0036 2000 0000 0000 0000#1626597569318620#-47.5#4.921010367537137#9
0000 0037 2000 0000 0000 0000#1626597569320381#-47.0#4.466952054322987#9
0000 0031 2000 0000 0000 0000#1626597569321732#-50.0#1.8530487917658545#9
0000 002D 2000 0000 0000 0000#1626597569322842#-52.0#3.5342917352885173#9
0000 003A 2000 0000 0000 0000#1626597569323806#-42.5#3.0066023442558567#9
0000 0032 2000 0000 0000 0000#1626597569324896#-50.5#1.5401167110371838#9
0000 003B 2000 0000 0000 0000#1626597569325962#-61.0#4.23378697456437#9
0000 002E 2000 0000 0000 0000#1626597569328964#-50.5#3.380893656499953#9
0000 0030 2000 0000 0000 0000#1626597569329995#-50.0#2.705942109830271#9
0000 0035 2000 0000 0000 0000#1626597569331527#-47.5#5.135767677841127#9
0000 0039 2000 0000 0000 0000#1626597569333580#-44.0#3.730641276137879#9
0000 0033 2000 0000 0000 0000#1626597569334897#-51.0#0.8222137023067037#9
0000 0038 2000 0000 0000 0000#1626597569336443#-45.0#4.239922897715912#9
0000 002F 2000 0000 0000 0000#1626597569337850#-51.0#2.9759227284981438#9
0000 0034 2000 0000 0000 0000#1626597569339980#-51.0#6.080699843178682#9
0000 0035 2000 0000 0000 0000#1626597569346893#-47.5#5.141903600992669#9
0000 0030 2000 0000 0000 0000#1626597569349086#-50.0#2.705942109830271#9
0000 0037 2000 0000 0000 0000#1626597569350391#-47.0#4.454680208019902#9
0000 0038 2000 0000 0000 0000#1626597569351686#-45.0#4.246058820867455#9
0000 0036 2000 0000 0000 0000#1626597569362318#-48.5#4.7307967498393175#9
0000 0031 2000 0000 0000 0000#1626597569363598#-50.5#1.6689710972195777#9
0000 0039 2000 0000 0000 0000#1626597569364694#-44.0#3.5465635815916023#9
0000 003A 2000 0000 0000 0000#1626597569366244#-42.0#2.7857091108003242#9
0000 002E 2000 0000 0000 0000#1626597569368088#-51.0#3.1906800388021335#9
0000 0033 2000 0000 0000 0000#1626597569370308#-51.0#0.6565437772150544#9
0000 0034 2000 0000 0000 0000#1626597569372012#-50.5#5.884350302329319#9
0000 002F 2000 0000 0000 0000#1626597569373345#-51.0#2.7550294950426117#9
0000 0032 2000 0000 0000 0000#1626597569374404#-50.5#1.3560390164909069#9
0000 002D 2000 0000 0000 0000#1626597569375629#-52.0#3.3011266555298997#9
0000 003B 2000 0000 0000 0000#1626597569376712#-61.5#4.190835512503572#9
0000 0037 2000 0000 0000 0000#1626597569639247#-48.5#4.221515128261284#9
0000 002D 2000 0000 0000 0000#1626597569642143#-51.0#3.2336315008629315#9
0000 003A 2000 0000 0000 0000#1626597569643209#-38.5#2.405281875404685#9
0000 0032 2000 0000 0000 0000#1626597569644268#-48.5#1.6014759425526093#9
0000 003B 2000 0000 0000 0000#1626597569645322#-51.5#3.098641191528995#9
0000 0030 2000 0000 0000 0000#1626597569646378#-48.0#2.5157284921324514#9
0000 0033 2000 0000 0000 0000#1626597569647680#-49.0#1.1228739367322893#9
0000 0038 2000 0000 0000 0000#1626597569648979#-46.5#3.902447124381071#9
0000 0035 2000 0000 0000 0000#1626597569650240#-50.0#5.295301679781233#9
0000 0031 2000 0000 0000 0000#1626597569652195#-47.5#1.846912868614312#9
0000 0039 2000 0000 0000 0000#1626597569653263#-43.5#3.227495577711389#9
0000 0034 2000 0000 0000 0000#1626597569655086#-51.0#0.2945243112740431#9
0000 0036 2000 0000 0000 0000#1626597569656478#-49.5#5.043728830567988#9
0000 002E 2000 0000 0000 0000#1626597569657562#-49.5#3.067961575771282#9
0000 002F 2000 0000 0000 0000#1626597569658837#-49.0#2.736621725587984#9
0000 003A 2000 0000 0000 0000#1626597569663206#-38.0#2.4175537217077703#9
0000 003B 2000 0000 0000 0000#1626597569665435#-50.5#3.0925052683774528#9
0000 0031 2000 0000 0000 0000#1626597569667384#-47.5#1.902136176978195#9
0000 002D 2000 0000 0000 0000#1626597569668921#-51.0#3.3011266555298997#9
0000 0033 2000 0000 0000 0000#1626597569670210#-49.0#1.214912784005428#9
0000 0039 2000 0000 0000 0000#1626597569671562#-43.0#3.2765829629237295#9
0000 002E 2000 0000 0000 0000#1626597569672874#-49.5#3.117048960983623#9
0000 0036 2000 0000 0000 0000#1626597569674725#-50.0#5.141903600992669#9
0000 0030 2000 0000 0000 0000#1626597569676430#-48.0#2.5770877236478773#9
0000 0038 2000 0000 0000 0000#1626597569677466#-47.0#3.9699422790480394#9
0000 0037 2000 0000 0000 0000#1626597569679029#-48.5#4.338097668140593#9
0000 0032 2000 0000 0000 0000#1626597569680186#-46.0#1.718058482431918#9
0000 0035 2000 0000 0000 0000#1626597569681844#-50.5#5.50392306693368#9
0000 002F 2000 0000 0000 0000#1626597569682883#-48.5#2.7979809571034093#9
0000 0034 2000 0000 0000 0000#1626597569684169#-51.0#0.47860200582032003#9
0000 003A 2000 0000 0000 0000#1626597569947018#-35.5#3.0372819600135696#9
0000 0037 2000 0000 0000 0000#1626597569948034#-50.5#5.9088939949354895#9
0000 0034 2000 0000 0000 0000#1626597569949098#-46.0#1.8285050991596843#9
0000 0036 2000 0000 0000 0000#1626597569950134#-50.0#0.7547185476397354#9
0000 0033 2000 0000 0000 0000#1626597569951706#-44.5#2.3439226438892597#9
0000 0038 2000 0000 0000 0000#1626597569954241#-48.0#5.190990986205009#9
0000 0031 2000 0000 0000 0000#1626597569956016#-43.5#2.791845033951867#9
0000 003B 2000 0000 0000 0000#1626597569957319#-42.0#3.4054373491061236#9
0000 0039 2000 0000 0000 0000#1626597569959324#-43.0#4.215379205109742#9
0000 0035 2000 0000 0000 0000#1626597569960615#-47.5#1.055378782065321#9
0000 0032 2000 0000 0000 0000#1626597569961663#-43.5#2.6568547246179306#9
0000 0030 2000 0000 0000 0000#1626597569963487#-45.5#3.466796580621549#9
0000 002D 2000 0000 0000 0000#1626597569974620#-48.5#3.5342917352885173#9
0000 002E 2000 0000 0000 0000#1626597569976315#-47.5#3.368621810196868#9
0000 002F 2000 0000 0000 0000#1626597569977594#-46.5#3.0066023442558567#9
0000 0037 2000 0000 0000 0000#1626597569982022#-51.5#5.5714182216006485#9
0000 0031 2000 0000 0000 0000#1626597569983843#-43.5#2.2580197197676637#9
0000 0032 2000 0000 0000 0000#1626597569984948#-43.5#2.0923497946760143#9
0000 002D 2000 0000 0000 0000#1626597569986986#-48.5#3.5465635815916023#9
0000 003A 2000 0000 0000 0000#1626597569988594#-36.0#2.5709518004963345#9
0000 0033 2000 0000 0000 0000#1626597569990129#-44.0#1.8285050991596843#9
0000 0036 2000 0000 0000 0000#1626597569991219#-49.0#0.35588354278946877#9
0000 003B 2000 0000 0000 0000#1626597569993783#-42.5#2.8532042654672924#9
0000 0039 2000 0000 0000 0000#1626597569994822#-44.5#3.785864584501762#9
0000 0038 2000 0000 0000 0000#1626597569996114#-48.5#4.914874444385594#9
0000 0035 2000 0000 0000 0000#1626597569997959#-48.0#0.619728238305799#9
0000 002F 2000 0000 0000 0000#1626597569999550#-47.0#3.06182565261974#9
0000 0034 2000 0000 0000 0000#1626597570001958#-46.0#1.3437671701878218#9
0000 0030 2000 0000 0000 0000#1626597570003271#-45.5#2.8716120349219203#9
0000 002E 2000 0000 0000 0000#1626597570004495#-47.0#3.423845118560751#9
0000 0036 2000 0000 0000 0000#1626597570279833#-45.0#1.6198837120072371#9
0000 0033 2000 0000 0000 0000#1626597570280952#-41.0#2.736621725587984#9
0000 0039 2000 0000 0000 0000#1626597570282019#-44.0#5.344389064993574#9
0000 0032 2000 0000 0000 0000#1626597570284072#-41.5#2.9943304979527716#9
0000 0035 2000 0000 0000 0000#1626597570285388#-43.0#1.748738098189631#9
0000 002E 2000 0000 0000 0000#1626597570288097#-45.5#4.178563666200486#9
0000 0037 2000 0000 0000 0000#1626597570289149#-47.5#0.9572040116406401#9
0000 003B 2000 0000 0000 0000#1626597570290161#-41.0#3.9515345095934116#9
0000 0038 2000 0000 0000 0000#1626597570291256#-47.0#0.3865631585471816#9
0000 003A 2000 0000 0000 0000#1626597570292306#-36.0#3.9944859716542096#9
0000 002D 2000 0000 0000 0000#1626597570293388#-47.5#4.301282129231338#9
0000 0030 2000 0000 0000 0000#1626597570294818#-43.5#3.7551849687440497#9
0000 002F 2000 0000 0000 0000#1626597570295880#-45.0#3.9392626632903265#9
0000 0034 2000 0000 0000 0000#1626597570296958#-42.0#2.337786720737717#9
0000 0031 2000 0000 0000 0000#1626597570298038#-41.5#3.1968159619536762#9
0000 0039 2000 0000 0000 0000#1626597570303408#-44.0#5.473243451175968#9
0000 003A 2000 0000 0000 0000#1626597570304457#-35.5#4.049709280018092#9
0000 0037 2000 0000 0000 0000#1626597570305523#-47.0#1.012427320004523#9
0000 0036 2000 0000 0000 0000#1626597570307113#-44.5#1.6689710972195777#9
0000 002F 2000 0000 0000 0000#1626597570309359#-44.5#3.9699422790480394#9
0000 0034 2000 0000 0000 0000#1626597570310392#-42.0#2.3439226438892597#9
0000 0032 2000 0000 0000 0000#1626597570311938#-41.5#3.08636934522591#9
0000 003B 2000 0000 0000 0000#1626597570314252#-40.5#4.061981126321178#9
0000 0033 2000 0000 0000 0000#1626597570315285#-41.0#2.816388726558037#9
0000 002D 2000 0000 0000 0000#1626597570316564#-47.5#4.344233591292136#9
0000 002E 2000 0000 0000 0000#1626597570319698#-45.0#4.239922897715912#9
0000 0031 2000 0000 0000 0000#1626597570321657#-41.5#3.2765829629237295#9
0000 0035 2000 0000 0000 0000#1626597570323076#-42.0#1.8530487917658545#9
0000 0038 2000 0000 0000 0000#1626597570324156#-47.0#0.5399612373357456#9
0000 0030 2000 0000 0000 0000#1626597570326460#-43.5#3.8288160465625602#9
0000 0034 2000 0000 0000 0000#1626597570589920#-39.5#3.552699504743145#9
0000 003B 2000 0000 0000 0000#1626597570591247#-40.0#5.6941366846315#9
0000 0032 2000 0000 0000 0000#1626597570593222#-39.0#4.276738436625168#9
0000 0037 2000 0000 0000 0000#1626597570595368#-43.5#2.386874105950058#9
0000 0033 2000 0000 0000 0000#1626597570596643#-39.0#4.04357335686655#9
0000 0030 2000 0000 0000 0000#1626597570598018#-41.5#4.896466674930966#9
0000 002E 2000 0000 0000 0000#1626597570599059#-44.0#5.203262832508095#9
0000 0036 2000 0000 0000 0000#1626597570600095#-41.5#2.9206994201342606#9
0000 0038 2000 0000 0000 0000#1626597570601175#-42.5#2.000310947402876#9
0000 002D 2000 0000 0000 0000#1626597570602498#-47.0#5.2768939103266055#9
0000 003A 2000 0000 0000 0000#1626597570603561#-34.0#5.939573610693203#9
0000 0039 2000 0000 0000 0000#1626597570604615#-40.5#1.0676506283684062#9
0000 0031 2000 0000 0000 0000#1626597570605948#-39.5#4.430136515413731#9
0000 0035 2000 0000 0000 0000#1626597570606957#-40.0#3.06182565261974#9
0000 002F 2000 0000 0000 0000#1626597570608904#-43.0#5.043728830567988#9
0000 0031 2000 0000 0000 0000#1626597570615065#-39.5#4.4362724385652745#9
0000 0034 2000 0000 0000 0000#1626597570617849#-39.5#3.6140587362585705#9
0000 002F 2000 0000 0000 0000#1626597570618927#-43.0#5.056000676871073#9
0000 0033 2000 0000 0000 0000#1626597570620578#-38.0#4.0987966652304335#9
0000 003A 2000 0000 0000 0000#1626597570621870#-34.0#6.025476534814799#9
0000 0039 2000 0000 0000 0000#1626597570622926#-40.0#1.1351457830353744#9
0000 0038 2000 0000 0000 0000#1626597570624005#-42.0#2.073942025221387#9
0000 0035 2000 0000 0000 0000#1626597570626371#-40.5#3.098641191528995#9
0000 0032 2000 0000 0000 0000#1626597570627433#-38.5#4.338097668140593#9
0000 0030 2000 0000 0000 0000#1626597570629024#-41.5#4.9394181369917645#9
0000 003B 2000 0000 0000 0000#1626597570631015#-40.0#5.884350302329319#9
0000 0036 2000 0000 0000 0000#1626597570632065#-41.0#2.9943304979527716#9
0000 0037 2000 0000 0000 0000#1626597570633200#-42.5#2.4605051837685683#9
0000 002E 2000 0000 0000 0000#1626597570634241#-44.0#5.240078371417351#9
0000 002D 2000 0000 0000 0000#1626597570635707#-46.5#5.3198453723874035#9
0000 0037 2000 0000 0000 0000#1626597570900240#-40.0#2.5709518004963345#9
0000 0033 2000 0000 0000 0000#1626597570902922#-38.0#4.178563666200486#9
0000 0031 2000 0000 0000 0000#1626597570904005#-38.5#4.4976316700806995#9
0000 003B 2000 0000 0000 0000#1626597570905130#-38.0#0.380427235395639#9
0000 0035 2000 0000 0000 0000#1626597570906180#-38.0#3.2090878082567613#9
0000 0039 2000 0000 0000 0000#1626597570908220#-37.0#1.6014759425526093#9
0000 0032 2000 0000 0000 0000#1626597570909802#-38.0#4.3933209765044765#9
0000 003A 2000 0000 0000 0000#1626597570911111#-31.0#0.46019423636569234#9
0000 002F 2000 0000 0000 0000#1626597570912530#-42.0#5.006913291658733#9
0000 0030 2000 0000 0000 0000#1626597570914231#-40.5#4.921010367537137#9
0000 0036 2000 0000 0000 0000#1626597570916083#-39.5#3.141592653589793#9
0000 0034 2000 0000 0000 0000#1626597570918138#-38.0#3.749049045592507#9
0000 0038 2000 0000 0000 0000#1626597570919392#-39.5#2.356194490192345#9
0000 002E 2000 0000 0000 0000#1626597570920994#-43.0#5.092816215780329#9
0000 002D 2000 0000 0000 0000#1626597570922103#-46.0#5.117359908386499#9
0000 0034 2000 0000 0000 0000#1626597570925636#-38.0#3.761320891895592#9
0000 0033 2000 0000 0000 0000#1626597570928357#-37.5#4.227651051412827#9
0000 0038 2000 0000 0000 0000#1626597570929454#-39.0#2.3623304133438876#9
0000 0037 2000 0000 0000 0000#1626597570930997#-39.5#2.6445828783148455#9
0000 0032 2000 0000 0000 0000#1626597570932013#-38.0#4.417864669110647#9
0000 002F 2000 0000 0000 0000#1626597570933364#-42.0#5.0253210611133605#9
0000 002E 2000 0000 0000 0000#1626597570934476#-43.0#5.111223985234957#9
0000 003A 2000 0000 0000 0000#1626597570936544#-31.0#0.5522330836388308#9
0000 003B 2000 0000 0000 0000#1626597570939319#-38.0#0.5031456984264903#9
0000 0030 2000 0000 0000 0000#1626597570940504#-40.5#4.9394181369917645#9
0000 002D 2000 0000 0000 0000#1626597570941847#-46.0#5.135767677841127#9
0000 0031 2000 0000 0000 0000#1626597570944432#-38.5#4.558990901596125#9
0000 0039 2000 0000 0000 0000#1626597570945501#-36.5#1.6996507129772904#9
0000 0036 2000 0000 0000 0000#1626597570946609#-39.0#3.1784081924990484#9
0000 0035 2000 0000 0000 0000#1626597570947632#-37.5#3.2827188860752723#9
0000 0037 2000 0000 0000 0000#1626597571211306#-38.0#2.767301341345697#9
0000 0035 2000 0000 0000 0000#1626597571213103#-36.0#3.3747577333484107#9
0000 0030 2000 0000 0000 0000#1626597571215471#-40.5#4.859651136021712#9
0000 0033 2000 0000 0000 0000#1626597571216744#-37.0#4.301282129231338#9
0000 003A 2000 0000 0000 0000#1626597571218037#-28.5#1.0492428589137786#9
0000 003B 2000 0000 0000 0000#1626597571219062#-35.0#1.1106020904292042#9
0000 0039 2000 0000 0000 0000#1626597571221347#-33.5#1.945087639038993#9
0000 002D 2000 0000 0000 0000#1626597571222684#-46.5#4.865787059173254#9
0000 0038 2000 0000 0000 0000#1626597571224150#-36.0#2.5402721847386216#9
0000 0032 2000 0000 0000 0000#1626597571225183#-37.5#4.454680208019902#9
0000 002E 2000 0000 0000 0000#1626597571226483#-43.5#4.878058905476339#9
0000 0031 2000 0000 0000 0000#1626597571227792#-38.0#4.528311285838413#9
0000 0036 2000 0000 0000 0000#1626597571228856#-37.5#3.2827188860752723#9
0000 0034 2000 0000 0000 0000#1626597571230615#-36.0#3.8963112012295285#9
0000 002F 2000 0000 0000 0000#1626597571231736#-42.0#4.890330751779424#9
0000 003B 2000 0000 0000 0000#1626597571237078#-35.0#1.1780972450961724#9
0000 0036 2000 0000 0000 0000#1626597571238230#-37.5#3.2949907323783574#9
0000 003A 2000 0000 0000 0000#1626597571239805#-28.0#1.1044661672776617#9
0000 0030 2000 0000 0000 0000#1626597571241104#-40.5#4.878058905476339#9
0000 0039 2000 0000 0000 0000#1626597571243286#-33.5#1.9941750242513334#9
0000 0032 2000 0000 0000 0000#1626597571244443#-36.0#4.479223900626073#9
0000 0035 2000 0000 0000 0000#1626597571246453#-36.0#3.4177091954092087#9
0000 0037 2000 0000 0000 0000#1626597571247903#-37.5#2.82252464970958#9
0000 002F 2000 0000 0000 0000#1626597571248995#-42.0#4.902602598082509#9
0000 0038 2000 0000 0000 0000#1626597571250047#-36.0#2.5954954931025047#9
0000 002E 2000 0000 0000 0000#1626597571251075#-43.5#4.902602598082509#9
0000 0033 2000 0000 0000 0000#1626597571252647#-37.0#4.3503695144436785#9
0000 0034 2000 0000 0000 0000#1626597571254149#-37.0#3.9392626632903265#9
0000 0031 2000 0000 0000 0000#1626597571255500#-38.0#4.583534594202296#9
0000 002D 2000 0000 0000 0000#1626597571257193#-46.5#4.871922982324796#9
0000 0038 2000 0000 0000 0000#1626597571520051#-35.0#3.3870295796514958#9
0000 0031 2000 0000 0000 0000#1626597571521160#-38.0#5.031456984264903#9
0000 0033 2000 0000 0000 0000#1626597571523047#-37.5#4.914874444385594#9
0000 0030 2000 0000 0000 0000#1626597571524118#-41.0#5.246214294568893#9
0000 0034 2000 0000 0000 0000#1626597571525876#-36.5#4.528311285838413#9
0000 0039 2000 0000 0000 0000#1626597571527146#-32.5#2.8532042654672924#9
0000 0036 2000 0000 0000 0000#1626597571528195#-37.0#4.006757817957295#9
0000 003B 2000 0000 0000 0000#1626597571530006#-33.5#2.3316507975861747#9
0000 003A 2000 0000 0000 0000#1626597571531310#-26.5#2.1598449493429825#9
0000 0035 2000 0000 0000 0000#1626597571532373#-35.5#4.09266074207889#9
0000 002F 2000 0000 0000 0000#1626597571533807#-42.5#5.227806525114265#9
0000 002E 2000 0000 0000 0000#1626597571534862#-44.0#5.117359908386499#9
0000 0037 2000 0000 0000 0000#1626597571535884#-36.5#3.6017868899554855#9
0000 002D 2000 0000 0000 0000#1626597571536950#-47.0#5.006913291658733#9
0000 0032 2000 0000 0000 0000#1626597571538224#-38.0#5.006913291658733#9
0000 0039 2000 0000 0000 0000#1626597571543399#-32.5#2.8777479580734626#9
0000 002E 2000 0000 0000 0000#1626597571544511#-44.0#5.092816215780329#9
0000 0036 2000 0000 0000 0000#1626597571545803#-36.5#4.037437433715008#9
0000 002F 2000 0000 0000 0000#1626597571546882#-42.5#5.240078371417351#9
0000 0035 2000 0000 0000 0000#1626597571550210#-35.5#4.123340357836604#9
0000 002D 2000 0000 0000 0000#1626597571551288#-47.0#5.00077736850719#9
0000 0030 2000 0000 0000 0000#1626597571553087#-41.0#5.240078371417351#9
0000 0038 2000 0000 0000 0000#1626597571556011#-35.0#3.454524734318464#9
0000 0037 2000 0000 0000 0000#1626597571557061#-36.5#3.6386024288647407#9
0000 003A 2000 0000 0000 0000#1626597571558392#-27.0#2.227340104009951#9
0000 0034 2000 0000 0000 0000#1626597571559712#-36.5#4.577398671050753#9
0000 0033 2000 0000 0000 0000#1626597571562150#-36.0#4.945554060143307#9
0000 0031 2000 0000 0000 0000#1626597571564039#-38.0#5.037592907416445#9
0000 003B 2000 0000 0000 0000#1626597571565223#-33.0#2.411417798556228#9
0000 0032 2000 0000 0000 0000#1626597571566586#-37.5#5.019185137961818#9
0000 0037 2000 0000 0000 0000#1626597571830819#-36.5#4.6448938257177215#9
0000 002E 2000 0000 0000 0000#1626597571833241#-46.0#5.43029198911517#9
0000 0034 2000 0000 0000 0000#1626597571834895#-37.0#5.289165756629691#9
0000 0031 2000 0000 0000 0000#1626597571836200#-40.0#5.589825991055276#9
0000 003B 2000 0000 0000 0000#1626597571837544#-32.5#3.8533597391687304#9
0000 0039 2000 0000 0000 0000#1626597571838570#-31.5#4.129476280988146#9
0000 003A 2000 0000 0000 0000#1626597571839559#-26.0#3.56497135104623#9
0000 0036 2000 0000 0000 0000#1626597571840753#-36.5#4.95168998329485#9
0000 0032 2000 0000 0000 0000#1626597571843051#-38.5#5.608233760509904#9
0000 002F 2000 0000 0000 0000#1626597571844216#-44.5#5.638913376267617#9
0000 0038 2000 0000 0000 0000#1626597571845499#-34.5#4.546719055293041#9
0000 002D 2000 0000 0000 0000#1626597571847009#-49.0#5.21553467881118#9
0000 0030 2000 0000 0000 0000#1626597571848308#-42.5#5.706408530934585#9
0000 0035 2000 0000 0000 0000#1626597571849500#-35.5#4.957825906446392#9
0000 0033 2000 0000 0000 0000#1626597571850803#-39.0#5.6143696836614465#9
0000 0037 2000 0000 0000 0000#1626597571857098#-36.5#4.663301595172349#9
0000 0038 2000 0000 0000 0000#1626597571858406#-34.5#4.577398671050753#9
0000 002F 2000 0000 0000 0000#1626597571859515#-44.5#5.608233760509904#9
0000 0039 2000 0000 0000 0000#1626597571861781#-31.5#4.178563666200486#9
0000 003B 2000 0000 0000 0000#1626597571863119#-32.5#3.933126740138784#9
0000 0031 2000 0000 0000 0000#1626597571864659#-40.0#5.565282298449106#9
0000 003A 2000 0000 0000 0000#1626597571865678#-26.0#3.6263305825616556#9
0000 0033 2000 0000 0000 0000#1626597571866866#-38.0#5.602097837358362#9
0000 002E 2000 0000 0000 0000#1626597571869056#-46.0#5.325981295538946#9
0000 0034 2000 0000 0000 0000#1626597571870205#-37.0#5.2768939103266055#9
0000 0036 2000 0000 0000 0000#1626597571871295#-36.5#4.945554060143307#9
0000 0035 2000 0000 0000 0000#1626597571873631#-35.5#4.9823695990525625#9
0000 002D 2000 0000 0000 0000#1626597571875262#-49.0#5.160311370447297#9
0000 0032 2000 0000 0000 0000#1626597571876389#-38.5#5.583690067903734#9
0000 0030 2000 0000 0000 0000#1626597571877576#-43.0#5.651185222570702#9
0000 002F 2000 0000 0000 0000#1626597572142776#-46.0#4.853515212870168#9
0000 0033 2000 0000 0000 0000#1626597572143962#-38.5#5.0253210611133605#9
0000 0031 2000 0000 0000 0000#1626597572145043#-41.0#4.902602598082509#9
0000 0034 2000 0000 0000 0000#1626597572146428#-37.0#4.798291904506286#9
0000 0032 2000 0000 0000 0000#1626597572147990#-40.5#4.957825906446392#9
0000 003B 2000 0000 0000 0000#1626597572149073#-32.5#4.049709280018092#9
0000 0039 2000 0000 0000 0000#1626597572150384#-32.0#4.111068511533518#9
0000 002D 2000 0000 0000 0000#1626597572151479#-50.5#4.381049130201391#9
0000 0036 2000 0000 0000 0000#1626597572155205#-37.0#4.601942363656923#9
0000 0037 2000 0000 0000 0000#1626597572156255#-36.0#4.417864669110647#9
0000 0038 2000 0000 0000 0000#1626597572158261#-34.5#4.417864669110647#9
0000 003A 2000 0000 0000 0000#1626597572159322#-26.5#3.6324665057131984#9
0000 0030 2000 0000 0000 0000#1626597572160407#-44.0#4.95168998329485#9
0000 0035 2000 0000 0000 0000#1626597572162111#-36.5#4.571262747899211#9
0000 002E 2000 0000 0000 0000#1626597572164048#-47.5#4.577398671050753#9
0000 003B 2000 0000 0000 0000#1626597572169535#-32.5#4.086524818927348#9
0000 0036 2000 0000 0000 0000#1626597572171113#-37.0#4.583534594202296#9
0000 0033 2000 0000 0000 0000#1626597572172242#-38.5#5.006913291658733#9
0000 003A 2000 0000 0000 0000#1626597572173776#-26.5#3.6447383520162835#9
0000 0032 2000 0000 0000 0000#1626597572175576#-40.5#4.902602598082509#9
0000 002D 2000 0000 0000 0000#1626597572176631#-50.5#4.338097668140593#9
0000 002F 2000 0000 0000 0000#1626597572178360#-46.0#4.798291904506286#9
0000 0037 2000 0000 0000 0000#1626597572181528#-36.0#4.424000592262189#9
0000 0031 2000 0000 0000 0000#1626597572183883#-41.5#4.841243366567084#9
0000 0034 2000 0000 0000 0000#1626597572184974#-38.0#4.773748211900116#9
0000 0038 2000 0000 0000 0000#1626597572187380#-34.5#4.417864669110647#9
0000 002E 2000 0000 0000 0000#1626597572188549#-47.5#4.565126824747668#9
0000 0030 2000 0000 0000 0000#1626597572189620#-44.0#4.884194828627882#9
0000 0035 2000 0000 0000 0000#1626597572191366#-36.5#4.546719055293041#9
0000 0039 2000 0000 0000 0000#1626597572192662#-32.0#4.1417481272912315#9
0000 003B 2000 0000 0000 0000#1626597572457129#-32.5#4.111068511533518#9
0000 0031 2000 0000 0000 0000#1626597572459464#-43.0#4.025165587411922#9
0000 0036 2000 0000 0000 0000#1626597572460557#-37.5#4.0128937411088375#9
0000 002E 2000 0000 0000 0000#1626597572461867#-49.0#3.7122335066832517#9
0000 0034 2000 0000 0000 0000#1626597572463691#-38.5#4.06811704947272#9
0000 0033 2000 0000 0000 0000#1626597572465017#-41.0#4.2031073588066565#9
0000 0030 2000 0000 0000 0000#1626597572466314#-45.5#4.074252972624263#9
0000 0038 2000 0000 0000 0000#1626597572467338#-35.0#4.06811704947272#9
0000 0039 2000 0000 0000 0000#1626597572468976#-32.5#3.890175278077986#9
0000 0037 2000 0000 0000 0000#1626597572470056#-36.5#3.9699422790480394#9
0000 0032 2000 0000 0000 0000#1626597572471089#-41.5#4.0558452031696355#9
0000 0035 2000 0000 0000 0000#1626597572472410#-37.0#3.9208548938356986#9
0000 003A 2000 0000 0000 0000#1626597572473485#-26.5#3.5342917352885173#9
0000 002D 2000 0000 0000 0000#1626597572474776#-53.0#3.423845118560751#9
0000 002F 2000 0000 0000 0000#1626597572476441#-48.0#3.933126740138784#9
0000 0031 2000 0000 0000 0000#1626597572481742#-43.0#3.9638063558964967#9
0000 0039 2000 0000 0000 0000#1626597572482854#-32.5#3.890175278077986#9
0000 003A 2000 0000 0000 0000#1626597572483901#-26.5#3.54042765844006#9
0000 0030 2000 0000 0000 0000#1626597572484955#-46.0#4.031301510563465#9
0000 0035 2000 0000 0000 0000#1626597572486250#-37.0#3.9147189706841563#9
0000 002D 2000 0000 0000 0000#1626597572487299#-53.5#3.393165502803038#9
0000 0034 2000 0000 0000 0000#1626597572489523#-38.5#4.037437433715008#9
0000 0036 2000 0000 0000 0000#1626597572490870#-37.5#3.9638063558964967#9
0000 0038 2000 0000 0000 0000#1626597572493133#-34.5#4.04357335686655#9
0000 003B 2000 0000 0000 0000#1626597572494215#-32.5#4.178563666200486#9
0000 0037 2000 0000 0000 0000#1626597572495294#-36.5#3.9453985864418692#9
0000 002E 2000 0000 0000 0000#1626597572497675#-49.5#3.6324665057131984#9
0000 0032 2000 0000 0000 0000#1626597572499485#-42.0#3.9944859716542096#9
0000 0033 2000 0000 0000 0000#1626597572503953#-41.0#4.104932588381976#9
0000 002F 2000 0000 0000 0000#1626597572505001#-48.0#3.847223816017188#9
0000 0035 2000 0000 0000 0000#1626597572769032#-36.0#3.5588354278946874#9
0000 0039 2000 0000 0000 0000#1626597572770312#-32.0#3.9392626632903265#9
0000 0037 2000 0000 0000 0000#1626597572771391#-36.0#3.767456815047135#9
0000 002D 2000 0000 0000 0000#1626597572772472#-57.0#2.5464081078901644#9
0000 002F 2000 0000 0000 0000#1626597572773492#-51.0#3.2581751934691017#9
0000 0033 2000 0000 0000 0000#1626597572774809#-41.5#3.6201946594101133#9
0000 0032 2000 0000 0000 0000#1626597572776636#-41.5#3.472932503773092#9
0000 003B 2000 0000 0000 0000#1626597572779055#-32.5#4.608078286808466#9
0000 003A 2000 0000 0000 0000#1626597572780131#-26.5#3.816544200259475#9
0000 0031 2000 0000 0000 0000#1626597572781224#-44.5#3.356349963893783#9
0000 002E 2000 0000 0000 0000#1626597572782549#-53.5#2.84706834231575#9
0000 0030 2000 0000 0000 0000#1626597572784100#-48.5#3.4054373491061236#9
0000 0038 2000 0000 0000 0000#1626597572785197#-34.5#3.9392626632903265#9
0000 0036 2000 0000 0000 0000#1626597572786789#-36.5#3.6140587362585705#9
0000 0034 2000 0000 0000 0000#1626597572787867#-38.0#3.5772431973493153#9
0000 003B 2000 0000 0000 0000#1626597572796590#-32.5#4.620350133111551#9
0000 0038 2000 0000 0000 0000#1626597572797841#-34.5#3.933126740138784#9
0000 0033 2000 0000 0000 0000#1626597572798888#-42.0#3.56497135104623#9
0000 0032 2000 0000 0000 0000#1626597572800448#-43.0#3.4054373491061236#9
0000 0037 2000 0000 0000 0000#1626597572803229#-35.5#3.724505352986337#9
0000 002E 2000 0000 0000 0000#1626597572804607#-53.5#2.724349879284899#9
0000 003A 2000 0000 0000 0000#1626597572805880#-26.5#3.785864584501762#9
0000 0036 2000 0000 0000 0000#1626597572808200#-36.5#3.5772431973493153#9
0000 0031 2000 0000 0000 0000#1626597572809308#-45.0#3.2827188860752723#9
0000 0034 2000 0000 0000 0000#1626597572811197#-38.0#3.509748042682347#9
0000 0030 2000 0000 0000 0000#1626597572813865#-49.0#3.3072625786814425#9
0000 002F 2000 0000 0000 0000#1626597572815810#-51.5#3.08636934522591#9
0000 0039 2000 0000 0000 0000#1626597572817517#-32.0#3.890175278077986#9
0000 0035 2000 0000 0000 0000#1626597572818566#-36.0#3.454524734318464#9
0000 002D 2000 0000 0000 0000#1626597572819732#-58.0#2.2457478734645786#9
0000 002F 2000 0000 0000 0000#1626597573087215#-54.0#2.399145952253143#9
0000 0031 2000 0000 0000 0000#1626597573088255#-47.0#2.8716120349219203#9
0000 003B 2000 0000 0000 0000#1626597573089294#-31.5#5.098952138931871#9
0000 002E 2000 0000 0000 0000#1626597573090362#-55.5#1.736466251886546#9
0000 0033 2000 0000 0000 0000#1626597573091382#-43.0#3.356349963893783#9
0000 0035 2000 0000 0000 0000#1626597573093639#-36.0#3.5036121195308043#9
0000 0036 2000 0000 0000 0000#1626597573094677#-36.5#3.6447383520162835#9
0000 0037 2000 0000 0000 0000#1626597573097638#-35.5#3.859495662320273#9
0000 0038 2000 0000 0000 0000#1626597573099404#-33.5#4.074252972624263#9
0000 0030 2000 0000 0000 0000#1626597573100944#-52.0#2.5954954931025047#9
0000 003A 2000 0000 0000 0000#1626597573102275#-25.5#4.184699589352029#9
0000 0039 2000 0000 0000 0000#1626597573103344#-30.5#4.154019973594316#9
0000 0034 2000 0000 0000 0000#1626597573104421#-39.0#3.448388811166921#9
0000 0032 2000 0000 0000 0000#1626597573105497#-45.5#3.0127382674073995#9
0000 002D 2000 0000 0000 0000#1626597573106590#-58.0#1.0492428589137786#9
0C21 0537 8123 1003 2202 062F#1626597573110528#-68.0#1.1351457830353744#9
0000 0039 2000 0000 0000 0000#1626597573115481#-31.0#4.135612204139688#9
0000 0034 2000 0000 0000 0000#1626597573117225#-39.0#3.423845118560751#9
0000 0030 2000 0000 0000 0000#1626597573118908#-52.0#2.5157284921324514#9
0000 0037 2000 0000 0000 0000#1626597573119887#-35.5#3.822680123411018#9
0000 0031 2000 0000 0000 0000#1626597573120978#-47.0#2.742757648739526#9
0000 0038 2000 0000 0000 0000#1626597573122104#-33.5#4.04357335686655#9
0000 002F 2000 0000 0000 0000#1626597573123166#-54.0#2.1966604882522383#9
0000 0036 2000 0000 0000 0000#1626597573125182#-36.5#3.5833791205008576#9
0000 003A 2000 0000 0000 0000#1626597573126262#-25.5#4.1601558967458585#9
0000 0032 2000 0000 0000 0000#1626597573127552#-45.5#2.890019804376548#9
0000 003B 2000 0000 0000 0000#1626597573128876#-31.5#5.080544369477243#9
0000 0033 2000 0000 0000 0000#1626597573131160#-43.0#3.227495577711389#9
0000 0035 2000 0000 0000 0000#1626597573132411#-36.5#3.399301425954581#9
0000 002D 2000 0000 0000 0000#1626597573134293#-58.5#0.8467573949128739#9
0000 002E 2000 0000 0000 0000#1626597573135390#-56.0#1.4419419406125027#9
0C21 0537 8123 1003 2202 062F#1626597573137083#-67.5#1.0921943209745766#9
0000 003B 2000 0000 0000 0000#1626597573405786#-32.0#4.4362724385652745#9
0000 0031 2000 0000 0000 0000#1626597573406849#-50.5#1.0185632431560658#9
0000 0038 2000 0000 0000 0000#1626597573407902#-35.5#3.074097498922825#9
0000 0039 2000 0000 0000 0000#1626597573409208#-32.5#3.2090878082567613#9
0000 002D 2000 0000 0000 0000#1626597573410535#-45.5#4.828971520263998#9
0000 0035 2000 0000 0000 0000#1626597573411909#-38.5#2.3071071049800045#9
0000 0032 2000 0000 0000 0000#1626597573413054#-47.5#1.3314953238847365#9
0000 0033 2000 0000 0000 0000#1626597573414101#-46.5#1.846912868614312#9
0000 003A 2000 0000 0000 0000#1626597573415257#-25.0#3.32567034813607#9
0000 002F 2000 0000 0000 0000#1626597573417019#-54.0#0.06135923151542565#9
0000 0037 2000 0000 0000 0000#1626597573418644#-36.5#2.761165418194154#9
0000 002E 2000 0000 0000 0000#1626597573419729#-45.5#5.043728830567988#9
0000 0030 2000 0000 0000 0000#1626597573422295#-53.5#0.23930100291016002#9
0C21 0537 8123 1003 2202 062F#1626597573425847#-67.5#6.264777537724958#9
0000 0034 2000 0000 0000 0000#1626597573426921#-41.5#2.1230294104337273#9
0000 0036 2000 0000 0000 0000#1626597573428257#-38.5#2.435961491162398#9
0000 0039 2000 0000 0000 0000#1626597573433851#-32.5#3.172272269347506#9
0000 0038 2000 0000 0000 0000#1626597573434872#-35.5#3.031146036862027#9
0000 0031 2000 0000 0000 0000#1626597573435954#-51.0#0.8651651643675016#9
0000 002D 2000 0000 0000 0000#1626597573437492#-46.5#4.6878452877785195#9
0000 0033 2000 0000 0000 0000#1626597573438568#-46.5#1.761009944492716#9
0000 002E 2000 0000 0000 0000#1626597573443471#-45.5#4.878058905476339#9
0000 003A 2000 0000 0000 0000#1626597573444775#-26.5#3.2949907323783574#9
0000 0032 2000 0000 0000 0000#1626597573445821#-49.5#1.1719613219446299#9
0000 0034 2000 0000 0000 0000#1626597573446827#-41.5#2.055534255766759#9
0000 0036 2000 0000 0000 0000#1626597573447877#-39.0#2.3746022596469727#9
0000 0035 2000 0000 0000 0000#1626597573448913#-38.5#2.1905245651006955#9
0000 002F 2000 0000 0000 0000#1626597573450431#-51.5#5.93343768754166#9
0000 0037 2000 0000 0000 0000#1626597573451567#-37.0#2.6813984172241008#9
0000 003B 2000 0000 0000 0000#1626597573453150#-32.0#4.399456899656019#9
0000 0030 2000 0000 0000 0000#1626597573456923#-53.5#6.2034183062095325#9
0000 0037 2000 0000 0000 0000#1626597573723695#-39.5#1.7303303287350031#9
0000 003B 2000 0000 0000 0000#1626597573724745#-34.0#3.6017868899554855#9
0000 0036 2000 0000 0000 0000#1626597573725998#-42.0#1.2946797849754812#9
0000 002D 2000 0000 0000 0000#1626597573727776#-61.0#3.0127382674073995#9
0000 0030 2000 0000 0000 0000#1626597573728862#-44.5#3.7981364308048478#9
0000 002F 2000 0000 0000 0000#1626597573729983#-45.0#3.6570101983193686#9
0000 0035 2000 0000 0000 0000#1626597573731301#-42.0#1.0246991663076084#9
0000 0031 2000 0000 0000 0000#1626597573733579#-47.0#4.516039439535327#9
0000 0038 2000 0000 0000 0000#1626597573734645#-37.5#2.024854640009046#9
0000 003A 2000 0000 0000 0000#1626597573735735#-28.5#2.3316507975861747#9
0000 0032 2000 0000 0000 0000#1626597573737509#-49.0#5.111223985234957#9
0000 0034 2000 0000 0000 0000#1626597573739069#-45.5#0.6320000846088841#9
0000 0039 2000 0000 0000 0000#1626597573742803#-34.5#2.1598449493429825#9
0000 0033 2000 0000 0000 0000#1626597573744449#-50.5#6.031612457966341#9
0000 002E 2000 0000 0000 0000#1626597573746559#-54.0#3.509748042682347#9
0000 0035 2000 0000 0000 0000#1626597573750073#-42.5#0.9572040116406401#9
0000 0038 2000 0000 0000 0000#1626597573751126#-37.5#1.9880391010997909#9
0000 0036 2000 0000 0000 0000#1626597573752946#-42.0#1.2210487071569704#9
0000 003A 2000 0000 0000 0000#1626597573754760#-29.0#2.3009711818284617#9
0000 0039 2000 0000 0000 0000#1626597573756069#-34.5#2.1353012567368124#9
0000 0032 2000 0000 0000 0000#1626597573757469#-47.0#4.921010367537137#9
0000 0034 2000 0000 0000 0000#1626597573759017#-45.5#0.5399612373357456#9
0000 0031 2000 0000 0000 0000#1626597573761276#-45.5#4.301282129231338#9
0000 0033 2000 0000 0000 0000#1626597573764744#-50.0#5.853670686571607#9
0000 0030 2000 0000 0000 0000#1626597573766055#-44.5#3.6876898140770815#9
0000 0037 2000 0000 0000 0000#1626597573767150#-40.5#1.6321555583103222#9
0000 002D 2000 0000 0000 0000#1626597573769303#-63.5#2.4850488763747385#9
0000 002F 2000 0000 0000 0000#1626597573770366#-45.5#3.54042765844006#9
0000 003B 2000 0000 0000 0000#1626597573772431#-34.0#3.522019888985432#9
0000 002E 2000 0000 0000 0000#1626597573775008#-56.0#3.466796580621549#9
0000 0037 2000 0000 0000 0000#1626597574041669#-45.0#0.9878836273983529#9
0000 002D 2000 0000 0000 0000#1626597574042664#-62.5#0.1718058482431918#9
0000 0031 2000 0000 0000 0000#1626597574043732#-43.5#3.2827188860752723#9
0000 0035 2000 0000 0000 0000#1626597574044780#-46.0#5.9088939949354895#9
0000 0034 2000 0000 0000 0000#1626597574046368#-44.5#4.970097752749477#9
0000 0039 2000 0000 0000 0000#1626597574048360#-38.0#1.761009944492716#9
0000 0033 2000 0000 0000 0000#1626597574049891#-41.5#3.8533597391687304#9
0000 0038 2000 0000 0000 0000#1626597574051456#-42.5#1.5033011721279284#9
0000 002F 2000 0000 0000 0000#1626597574053031#-58.5#2.705942109830271#9
0000 0030 2000 0000 0000 0000#1626597574055069#-55.5#3.2827188860752723#9
0000 003A 2000 0000 0000 0000#1626597574056601#-30.5#1.9144080232812801#9
0000 0032 2000 0000 0000 0000#1626597574057691#-42.0#3.429981041712294#9
0000 003B 2000 0000 0000 0000#1626597574058727#-35.5#3.172272269347506#9
0000 002E 2000 0000 0000 0000#1626597574061225#-61.5#1.2455923997631406#9
0000 0036 2000 0000 0000 0000#1626597574062843#-47.5#6.215690152512618#9
0000 0039 2000 0000 0000 0000#1626597574069393#-38.0#1.736466251886546#9
0000 0033 2000 0000 0000 0000#1626597574078226#-39.0#4.540583132141498#9
0000 0032 2000 0000 0000 0000#1626597574079476#-41.0#4.221515128261284#9
0C21 0537 8123 1003 2202 062F#1626597574080591#-67.5#1.239456476611598#9
0000 0030 2000 0000 0000 0000#1626597574081925#-56.5#4.006757817957295#9
0000 003A 2000 0000 0000 0000#1626597574083005#-30.0#2.6384469551633027#9
FFFF FFFF FFFF FFFF FFFF FFFF#1626597574084784#-68.5#0.9203884727313847#9
0000 0036 2000 0000 0000 0000#1626597574086571#-46.0#0.5338253141842031#9
0000 003B 2000 0000 0000 0000#1626597574087879#-35.0#3.9269908169872414#9
0000 002F 2000 0000 0000 0000#1626597574088930#-58.5#3.356349963893783#9
0000 0031 2000 0000 0000 0000#1626597574090522#-44.0#4.037437433715008#9
0000 0035 2000 0000 0000 0000#1626597574092081#-45.5#0.0674951546669682#9
0000 002E 2000 0000 0000 0000#1626597574093398#-60.5#1.4971652489763858#9
0000 0037 2000 0000 0000 0000#1626597574094928#-45.5#1.5033011721279284#9
0000 0034 2000 0000 0000 0000#1626597574097940#-41.0#5.2768939103266055#9
0000 0038 2000 0000 0000 0000#1626597574099092#-42.5#2.073942025221387#9
0000 002D 2000 0000 0000 0000#1626597574100986#-59.5#0.1227184630308513#9
0000 0033 2000 0000 0000 0000#1626597574365531#-47.5#3.9576704327449543#9
0000 002E 2000 0000 0000 0000#1626597574366543#-58.0#4.313553975534423#9
0000 0039 2000 0000 0000 0000#1626597574367596#-45.0#1.2333205534600555#9
0000 003A 2000 0000 0000 0000#1626597574368631#-35.5#1.8837284075235674#9
0000 0030 2000 0000 0000 0000#1626597574369716#-63.5#1.9389517158874505#9
FFFF FFFF FFFF FFFF FFFF FFFF#1626597574372231#-69.0#0.39269908169872414#9
0000 0036 2000 0000 0000 0000#1626597574373776#-41.0#4.595806440505381#9
0000 0035 2000 0000 0000 0000#1626597574374870#-39.0#4.295146206079795#9
0000 0038 2000 0000 0000 0000#1626597574376440#-47.5#0.2270291566070749#9
0000 002F 2000 0000 0000 0000#1626597574377560#-64.0#0.018407769454627694#9
0000 003B 2000 0000 0000 0000#1626597574378895#-38.0#3.2643111166206444#9
0000 0034 2000 0000 0000 0000#1626597574379998#-41.0#4.037437433715008#9
0000 0032 2000 0000 0000 0000#1626597574381157#-52.5#3.448388811166921#9
0000 002D 2000 0000 0000 0000#1626597574382709#-56.5#3.3747577333484107#9
0000 0037 2000 0000 0000 0000#1626597574383987#-46.0#5.5100589900852235#9
0C21 0537 8123 1003 2202 062F#1626597574386800#-67.0#0.9940195505498954#9
0000 0031 2000 0000 0000 0000#1626597574389580#-56.5#2.779573187648782#9
0000 0030 2000 0000 0000 0000#1626597574393989#-65.5#1.7978254834019713#9
0000 003A 2000 0000 0000 0000#1626597574395921#-36.5#1.8100973297050567#9
0000 0037 2000 0000 0000 0000#1626597574396982#-45.5#5.418020142812084#9
0000 0035 2000 0000 0000 0000#1626597574398006#-39.5#4.246058820867455#9
0000 0034 2000 0000 0000 0000#1626597574399039#-41.5#4.0128937411088375#9
0000 0039 2000 0000 0000 0000#1626597574400122#-45.5#1.055378782065321#9
0000 0033 2000 0000 0000 0000#1626597574401321#-48.0#3.9392626632903265#9
0000 0038 2000 0000 0000 0000#1626597574402345#-48.0#0.01227184630308513#9
FFFF FFFF FFFF FFFF FFFF FFFF#1626597574403695#-68.5#0.22089323345553233#9
0C21 0537 8123 1003 2202 062F#1626597574405006#-68.5#0.9878836273983529#9
0000 0036 2000 0000 0000 0000#1626597574406042#-40.5#4.485359823777615#9
0000 0032 2000 0000 0000 0000#1626597574407145#-54.5#3.3747577333484107#9
0000 002F 2000 0000 0000 0000#1626597574408265#-63.5#5.835262917116979#9
0000 003B 2000 0000 0000 0000#1626597574409891#-38.5#3.215223731408304#9
0000 002E 2000 0000 0000 0000#1626597574410990#-58.5#3.9760782021995817#9
0000 002D 2000 0000 0000 0000#1626597574413900#-57.0#3.147728576741336#9
0000 0031 2000 0000 0000 0000#1626597574415234#-56.5#2.6568547246179306#9
0000 0032 2000 0000 0000 0000#1626597574685991#-60.5#0.9572040116406401#9
0000 0039 2000 0000 0000 0000#1626597574687042#-44.0#5.135767677841127#9
0000 0035 2000 0000 0000 0000#1626597574688892#-48.0#3.6876898140770815#9
0000 0030 2000 0000 0000 0000#1626597574690137#-62.0#4.448544284868359#9
0000 0038 2000 0000 0000 0000#1626597574693024#-44.5#4.71238898038469#9
0000 003B 2000 0000 0000 0000#1626597574694120#-46.0#2.2396119503130363#9
0000 0033 2000 0000 0000 0000#1626597574696147#-58.0#2.466641106920111#9
0000 0036 2000 0000 0000 0000#1626597574697480#-47.0#3.859495662320273#9
0000 0037 2000 0000 0000 0000#1626597574699214#-44.5#4.3074180523828804#9
0000 003A 2000 0000 0000 0000#1626597574700562#-43.0#5.964117303299373#9
FFFF FFFF FFFF FFFF FFFF FFFF#1626597574701626#-69.0#6.080699843178682#9
0000 002F 2000 0000 0000 0000#1626597574702688#-59.5#3.5833791205008576#9
0000 002D 2000 0000 0000 0000#1626597574705522#-59.0#0.6994952392758523#9
0000 0034 2000 0000 0000 0000#1626597574706595#-53.5#3.2520392703175593#9
0000 002E 2000 0000 0000 0000#1626597574707684#-60.0#1.8714565612204823#9
0000 0031 2000 0000 0000 0000#1626597574709131#-59.0#5.663457068873787#9
0000 0036 2000 0000 0000 0000#1626597574713872#-48.0#3.8410878928656453#9
0000 003A 2000 0000 0000 0000#1626597574715034#-43.0#5.853670686571607#9
0000 0038 2000 0000 0000 0000#1626597574716117#-44.5#4.681709364626977#9
0000 0031 2000 0000 0000 0000#1626597574717182#-59.0#5.638913376267617#9
0000 0035 2000 0000 0000 0000#1626597574718273#-49.5#3.6201946594101133#9
0000 003B 2000 0000 0000 0000#1626597574719782#-46.0#2.12916533358527#9
0000 002F 2000 0000 0000 0000#1626597574720875#-59.5#3.485204350076177#9
0000 0037 2000 0000 0000 0000#1626597574721908#-45.0#4.276738436625168#9
0000 002E 2000 0000 0000 0000#1626597574723225#-60.0#1.7303303287350031#9
0000 0034 2000 0000 0000 0000#1626597574724528#-54.5#3.1906800388021335#9
0000 0039 2000 0000 0000 0000#1626597574725851#-43.5#4.970097752749477#9
0000 0032 2000 0000 0000 0000#1626597574727879#-60.0#0.25770877236478773#9
0000 0033 2000 0000 0000 0000#1626597574728869#-59.0#2.1475731030398975#9
0000 0030 2000 0000 0000 0000#1626597574730437#-62.5#4.221515128261284#9
FFFF FFFF FFFF FFFF FFFF FFFF#1626597574731544#-69.0#6.258641614573416#9
0000 002D 2000 0000 0000 0000#1626597574733264#-60.0#0.4724660826687775#9
0000 0032 2000 0000 0000 0000#1626597575000606#-58.5#3.472932503773092#9
0000 0039 2000 0000 0000 0000#1626597575002017#-46.0#3.749049045592507#9
0000 0037 2000 0000 0000 0000#1626597575003079#-55.0#3.2336315008629315#9
0000 002D 2000 0000 0000 0000#1626597575004902#-59.0#4.270602513473625#9
0000 0034 2000 0000 0000 0000#1626597575006448#-60.0#6.191146459906448#9
0000 003A 2000 0000 0000 0000#1626597575007794#-41.0#3.8840393549264434#9
0000 002F 2000 0000 0000 0000#1626597575008857#-62.0#0.7117670855789375#9
0000 0031 2000 0000 0000 0000#1626597575009936#-58.0#2.773437264497239#9
0000 0036 2000 0000 0000 0000#1626597575011000#-57.5#2.1046216409791#9
0000 0038 2000 0000 0000 0000#1626597575012062#-50.5#3.6140587362585705#9
0000 0033 2000 0000 0000 0000#1626597575013125#-60.0#4.479223900626073#9
0000 002E 2000 0000 0000 0000#1626597575014552#-60.0#4.9394181369917645#9
0000 0035 2000 0000 0000 0000#1626597575015627#-57.5#1.3560390164909069#9
FFFF FFFF FFFF FFFF FFFF FFFF#1626597575016663#-70.0#5.135767677841127#9
0000 003B 2000 0000 0000 0000#1626597575018945#-48.5#5.749359992995383#9
0000 0030 2000 0000 0000 0000#1626597575020636#-64.0#1.7916895602504288#9
0000 0039 2000 0000 0000 0000#1626597575026561#-46.5#3.693825737228624#9
0000 0033 2000 0000 0000 0000#1626597575027723#-59.5#4.3503695144436785#9
0000 0034 2000 0000 0000 0000#1626597575029055#-59.5#5.945709533844745#9
0000 0030 2000 0000 0000 0000#1626597575030369#-64.0#1.748738098189631#9
0000 0036 2000 0000 0000 0000#1626597575031448#-57.5#1.9880391010997909#9
0000 0031 2000 0000 0000 0000#1626597575032468#-57.5#2.6323110320117604#9
0000 0035 2000 0000 0000 0000#1626597575033486#-57.5#1.2087768608538851#9
0000 0032 2000 0000 0000 0000#1626597575034563#-59.0#3.227495577711389#9
0000 002E 2000 0000 0000 0000#1626597575035604#-60.5#4.816699673960914#9
FFFF FFFF FFFF FFFF FFFF FFFF#1626597575036698#-69.0#5.368932757599744#9
