0000 002E 2000 0000 0000 0000#1626597644747291#-51.5#2.859340188618835#9
0000 002D 2000 0000 0000 0000#1626597644749651#-53.5#3.098641191528995#9
0000 002F 2000 0000 0000 0000#1626597644751097#-52.0#2.4605051837685683#9
FFFF FFFF FFFF FFFF FFFF FFFF#1626597644753018#-68.0#6.234097921967246#9
0000 0031 2000 0000 0000 0000#1626597644756968#-51.5#1.2701360923693108#9
0000 0037 2000 0000 0000 0000#1626597644758487#-47.5#4.227651051412827#9
FFFF FFFF FFFF FFFF FFFF FFFF#1626597644760093#-68.5#6.2463697682703305#9
0000 0038 2000 0000 0000 0000#1626597644761443#-46.5#4.01902966426038#9
0000 003B 2000 0000 0000 0000#1626597644762526#-65.5#4.491495746929157#9
0000 0032 2000 0000 0000 0000#1626597644763839#-52.0#0.8835729338221293#9
0000 003A 2000 0000 0000 0000#1626597644765145#-45.0#2.890019804376548#9
0000 0036 2000 0000 0000 0000#1626597644767190#-48.5#4.669437518323892#9
0000 0039 2000 0000 0000 0000#1626597644768229#-45.5#3.5711072741977725#9
0000 0035 2000 0000 0000 0000#1626597644770024#-48.5#4.7860200582032#9
0000 0034 2000 0000 0000 0000#1626597644772072#-51.0#5.553010452146021#9
0000 0033 2000 0000 0000 0000#1626597644773947#-51.5#0.16566992509164924#9
0000 002E 2000 0000 0000 0000#1626597644777264#-51.5#2.8777479580734626#9
0000 002D 2000 0000 0000 0000#1626597644778298#-53.5#3.129320807286708#9
0000 0030 2000 0000 0000 0000#1626597644782223#-51.5#2.2212041808584084#9
0000 002F 2000 0000 0000 0000#1626597644783312#-52.5#2.4850488763747385#9
0000 0036 2000 0000 0000 0000#1626597645045824#-49.0#4.172427743048944#9
FFFF FFFF FFFF FFFF FFFF FFFF#1626597645048170#-68.5#5.313709449235861#9
0000 003A 2000 0000 0000 0000#1626597645049447#-46.5#2.313243028131547#9
0000 002F 2000 0000 0000 0000#1626597645050995#-52.0#1.902136176978195#9
0000 0035 2000 0000 0000 0000#1626597645052055#-48.5#4.289010282928253#9
0000 0031 2000 0000 0000 0000#1626597645053120#-52.0#0.7669903939428205#9
0000 0038 2000 0000 0000 0000#1626597645054185#-47.5#3.454524734318464#9
0000 0032 2000 0000 0000 0000#1626597645055232#-52.0#0.3190680038802134#9
0000 0039 2000 0000 0000 0000#1626597645056313#-47.0#3.0066023442558567#9
0000 0030 2000 0000 0000 0000#1626597645057411#-52.0#1.6321555583103222#9
0000 0037 2000 0000 0000 0000#1626597645058444#-48.5#3.693825737228624#9
0000 0034 2000 0000 0000 0000#1626597645060020#-50.5#5.0682725231741586#9
0000 0033 2000 0000 0000 0000#1626597645061932#-51.5#5.939573610693203#9
0000 002E 2000 0000 0000 0000#1626597645063387#-51.5#2.3193789512830896#9
0000 002D 2000 0000 0000 0000#1626597645064682#-52.5#2.497320722677824#9
0000 003B 2000 0000 0000 0000#1626597645065894#-64.5#3.9453985864418692#9
0000 0039 2000 0000 0000 0000#1626597645069585#-46.5#2.9575149590435164#9
0000 0037 2000 0000 0000 0000#1626597645070906#-48.0#3.6815538909255388#9
0000 0034 2000 0000 0000 0000#1626597645072465#-50.5#5.074408446325701#9
0000 003A 2000 0000 0000 0000#1626597645081861#-46.0#2.4850488763747385#9
0000 0036 2000 0000 0000 0000#1626597645082953#-48.5#4.338097668140593#9
0000 002D 2000 0000 0000 0000#1626597645084079#-52.5#2.6691265709210157#9
0000 0033 2000 0000 0000 0000#1626597645085678#-52.0#6.1420590746941075#9
0000 002F 2000 0000 0000 0000#1626597645087454#-52.0#2.055534255766759#9
0000 0035 2000 0000 0000 0000#1626597645089668#-48.5#4.460816131171445#9
FFFF FFFF FFFF FFFF FFFF FFFF#1626597645093270#-69.0#5.9088939949354895#9
0000 003B 2000 0000 0000 0000#1626597645094691#-64.5#4.104932588381976#9
0000 0031 2000 0000 0000 0000#1626597645095993#-51.5#0.9203884727313847#9
0000 002E 2000 0000 0000 0000#1626597645097007#-51.5#2.4850488763747385#9
0000 0032 2000 0000 0000 0000#1626597645098052#-52.0#0.5338253141842031#9
0000 0038 2000 0000 0000 0000#1626597645099132#-47.5#3.6263305825616556#9
0000 0030 2000 0000 0000 0000#1626597645100613#-51.5#1.8653206380689396#9
0000 002E 2000 0000 0000 0000#1626597645364335#-51.5#3.227495577711389#9
0000 0034 2000 0000 0000 0000#1626597645365383#-51.0#5.896622148632405#9
0000 0032 2000 0000 0000 0000#1626597645366685#-51.5#1.2333205534600555#9
0000 0037 2000 0000 0000 0000#1626597645368716#-47.5#4.448544284868359#9
0000 003B 2000 0000 0000 0000#1626597645370056#-66.0#4.816699673960914#9
0000 0039 2000 0000 0000 0000#1626597645371122#-46.0#3.773592738198677#9
0000 0036 2000 0000 0000 0000#1626597645373329#-48.0#4.908738521234052#9
0000 002D 2000 0000 0000 0000#1626597645374383#-52.5#3.423845118560751#9
0000 0030 2000 0000 0000 0000#1626597645376170#-51.0#2.5341362615870793#9
0000 0035 2000 0000 0000 0000#1626597645377190#-48.5#5.0682725231741586#9
0000 0033 2000 0000 0000 0000#1626597645379525#-52.0#0.5522330836388308#9
0000 003A 2000 0000 0000 0000#1626597645383049#-46.0#3.11091303783208#9
0000 0031 2000 0000 0000 0000#1626597645384947#-52.0#1.6260196351587797#9
0000 0038 2000 0000 0000 0000#1626597645386027#-46.0#4.221515128261284#9
0000 002F 2000 0000 0000 0000#1626597645390295#-52.0#2.773437264497239#9
0000 0034 2000 0000 0000 0000#1626597645395303#-51.0#5.872078456026235#9
0000 0031 2000 0000 0000 0000#1626597645396368#-52.0#1.6260196351587797#9
0000 003B 2000 0000 0000 0000#1626597645398191#-66.0#4.76147636559703#9
0000 0039 2000 0000 0000 0000#1626597645400851#-46.5#3.767456815047135#9
0000 0030 2000 0000 0000 0000#1626597645402161#-51.0#2.5157284921324514#9
0000 0032 2000 0000 0000 0000#1626597645403191#-51.5#1.2517283229146832#9
0000 0036 2000 0000 0000 0000#1626597645404225#-48.5#4.92714629068868#9
0000 002F 2000 0000 0000 0000#1626597645405512#-52.0#2.7979809571034093#9
0000 003A 2000 0000 0000 0000#1626597645407076#-46.0#3.104777114680538#9
0000 0038 2000 0000 0000 0000#1626597645408398#-46.5#4.227651051412827#9
0000 0035 2000 0000 0000 0000#1626597645409930#-48.5#5.0682725231741586#9
0000 002E 2000 0000 0000 0000#1626597645410984#-51.5#3.1968159619536762#9
0000 002D 2000 0000 0000 0000#1626597645413546#-52.5#3.436116964863836#9
0000 0033 2000 0000 0000 0000#1626597645414579#-51.5#0.5399612373357456#9
0000 0037 2000 0000 0000 0000#1626597645415643#-47.5#4.448544284868359#9
0000 0032 2000 0000 0000 0000#1626597645681689#-51.5#1.0676506283684062#9
0000 0036 2000 0000 0000 0000#1626597645683173#-49.0#4.822835597112456#9
0000 0035 2000 0000 0000 0000#1626597645684221#-48.0#4.957825906446392#9
0000 003A 2000 0000 0000 0000#1626597645685796#-45.5#2.9636508821950587#9
0000 0038 2000 0000 0000 0000#1626597645687121#-46.5#4.1172044346850605#9
0000 0030 2000 0000 0000 0000#1626597645696454#-51.5#2.018718716857504#9
0000 003B 2000 0000 0000 0000#1626597645697551#-65.5#4.135612204139688#9
0000 002D 2000 0000 0000 0000#1626597645698585#-53.0#2.8716120349219203#9
0000 0033 2000 0000 0000 0000#1626597645699701#-52.5#0.03681553890925539#9
0000 002F 2000 0000 0000 0000#1626597645700962#-52.5#2.313243028131547#9
0000 0039 2000 0000 0000 0000#1626597645702326#-46.5#3.2888548092268146#9
FFFF FFFF FFFF FFFF FFFF FFFF#1626597645703463#-69.0#5.915029918087033#9
0000 0031 2000 0000 0000 0000#1626597645705224#-51.5#1.1351457830353744#9
0000 0037 2000 0000 0000 0000#1626597645706558#-48.5#3.9822141253511245#9
0000 002E 2000 0000 0000 0000#1626597645709444#-51.0#2.6691265709210157#9
0000 0034 2000 0000 0000 0000#1626597645710521#-51.5#5.344389064993574#9
0000 0037 2000 0000 0000 0000#1626597645716406#-48.5#3.9822141253511245#9
0000 003B 2000 0000 0000 0000#1626597645717447#-65.0#4.289010282928253#9
0000 003A 2000 0000 0000 0000#1626597645718551#-46.0#2.6139032625571326#9
FFFF FFFF FFFF FFFF FFFF FFFF#1626597645720585#-69.0#6.086835766330224#9
0000 0036 2000 0000 0000 0000#1626597645721649#-49.0#4.417864669110647#9
0000 0030 2000 0000 0000 0000#1626597645722958#-51.0#2.043262409463674#9
0000 0032 2000 0000 0000 0000#1626597645724487#-52.0#0.7179030087304801#9
0000 002F 2000 0000 0000 0000#1626597645725578#-52.5#2.2948352586769194#9
0000 002D 2000 0000 0000 0000#1626597645726870#-52.5#2.890019804376548#9
0000 0031 2000 0000 0000 0000#1626597645728901#-51.5#1.1167380135807468#9
0000 0035 2000 0000 0000 0000#1626597645729966#-49.0#4.614214209960009#9
0000 0033 2000 0000 0000 0000#1626597645731779#-52.5#0.04295146206079795#9
0000 0039 2000 0000 0000 0000#1626597645732876#-46.5#3.313398501832985#9
0000 0034 2000 0000 0000 0000#1626597645734208#-51.5#5.3627968344482015#9
0000 0038 2000 0000 0000 0000#1626597645736100#-47.5#3.7551849687440497#9
0000 002E 2000 0000 0000 0000#1626597645739135#-51.0#2.650718801466388#9
0000 002E 2000 0000 0000 0000#1626597646006504#-51.0#2.804116880254952#9
0000 0032 2000 0000 0000 0000#1626597646007560#-52.0#0.8835729338221293#9
0000 003B 2000 0000 0000 0000#1626597646008903#-65.0#4.1601558967458585#9
0000 002F 2000 0000 0000 0000#1626597646010206#-52.0#2.405281875404685#9
0000 0039 2000 0000 0000 0000#1626597646011316#-46.0#3.472932503773092#9
0000 0033 2000 0000 0000 0000#1626597646012874#-52.0#0.17794177139473438#9
0000 0037 2000 0000 0000 0000#1626597646014664#-48.0#4.129476280988146#9
0000 0030 2000 0000 0000 0000#1626597646016216#-51.5#2.1782527187976104#9
0000 0035 2000 0000 0000 0000#1626597646017264#-49.0#4.755340442445488#9
0000 0036 2000 0000 0000 0000#1626597646018556#-49.0#4.614214209960009#9
0000 0038 2000 0000 0000 0000#1626597646019607#-47.5#3.933126740138784#9
0000 002D 2000 0000 0000 0000#1626597646021414#-52.5#3.067961575771282#9
0000 003A 2000 0000 0000 0000#1626597646023190#-45.5#2.761165418194154#9
0000 0031 2000 0000 0000 0000#1626597646024638#-51.5#1.2517283229146832#9
0000 0034 2000 0000 0000 0000#1626597646027652#-51.5#5.540738605842936#9
FFFF FFFF FFFF FFFF FFFF FFFF#1626597646029158#-69.5#0.23930100291016002#9
0000 002D 2000 0000 0000 0000#1626597646033609#-53.0#3.0372819600135696#9
0000 003B 2000 0000 0000 0000#1626597646034892#-65.5#4.264466590322082#9
0000 0033 2000 0000 0000 0000#1626597646035936#-51.5#0.18407769454627693#9
FFFF FFFF FFFF FFFF FFFF FFFF#1626597646037029#-70.0#6.258641614573416#9
0000 003A 2000 0000 0000 0000#1626597646039756#-45.5#2.767301341345697#9
0000 0037 2000 0000 0000 0000#1626597646041799#-48.0#4.1417481272912315#9
0000 0030 2000 0000 0000 0000#1626597646042885#-51.0#2.184388641949153#9
0000 002E 2000 0000 0000 0000#1626597646043939#-51.0#2.8286605728611223#9
0000 0039 2000 0000 0000 0000#1626597646044994#-46.0#3.466796580621549#9
0000 0038 2000 0000 0000 0000#1626597646046313#-47.0#3.9392626632903265#9
0000 0035 2000 0000 0000 0000#1626597646047362#-48.5#4.743068596142402#9
0000 0031 2000 0000 0000 0000#1626597646048871#-51.5#1.2517283229146832#9
0000 0034 2000 0000 0000 0000#1626597646049919#-51.0#5.522330836388308#9
0000 0036 2000 0000 0000 0000#1626597646051239#-48.5#4.608078286808466#9
0000 002F 2000 0000 0000 0000#1626597646052952#-52.0#2.429825568010856#9
0000 0032 2000 0000 0000 0000#1626597646055582#-52.0#0.8528933180644165#9
0000 002F 2000 0000 0000 0000#1626597646320087#-52.0#2.061670178918302#9
FFFF FFFF FFFF FFFF FFFF FFFF#1626597646321405#-68.5#5.712544454086128#9
0000 003A 2000 0000 0000 0000#1626597646323193#-46.0#2.399145952253143#9
0000 002E 2000 0000 0000 0000#1626597646324247#-51.0#2.4175537217077703#9
0000 0034 2000 0000 0000 0000#1626597646325537#-51.0#5.184855063053467#9
0000 002D 2000 0000 0000 0000#1626597646326589#-52.5#2.60776733940559#9
0000 0039 2000 0000 0000 0000#1626597646327684#-47.0#3.074097498922825#9
0000 0035 2000 0000 0000 0000#1626597646328731#-48.5#4.3933209765044765#9
0000 0030 2000 0000 0000 0000#1626597646330784#-51.0#1.7855536370988863#9
0000 0032 2000 0000 0000 0000#1626597646332568#-52.0#0.48473792897186263#9
0000 0038 2000 0000 0000 0000#1626597646334139#-47.0#3.56497135104623#9
0000 0033 2000 0000 0000 0000#1626597646335199#-52.0#6.0991076126333095#9
0000 003B 2000 0000 0000 0000#1626597646336298#-65.5#4.104932588381976#9
0000 0031 2000 0000 0000 0000#1626597646340266#-52.0#0.9203884727313847#9
0000 0037 2000 0000 0000 0000#1626597646341571#-48.5#3.785864584501762#9
0000 0036 2000 0000 0000 0000#1626597646343402#-49.0#4.25833066717054#9
0000 002D 2000 0000 0000 0000#1626597646348444#-52.5#2.6139032625571326#9
0000 0035 2000 0000 0000 0000#1626597646349549#-48.5#4.405592822807561#9
0000 0037 2000 0000 0000 0000#1626597646350911#-48.5#3.792000507653305#9
0000 0039 2000 0000 0000 0000#1626597646352706#-47.0#3.0802334220743677#9
0000 0033 2000 0000 0000 0000#1626597646353992#-52.0#6.0991076126333095#9
0000 0034 2000 0000 0000 0000#1626597646355071#-51.0#5.209398755659637#9
0000 0036 2000 0000 0000 0000#1626597646356121#-49.0#4.264466590322082#9
0000 0031 2000 0000 0000 0000#1626597646357908#-51.5#0.9142525495798421#9
0000 002E 2000 0000 0000 0000#1626597646359676#-51.5#2.448233337465483#9
0000 003A 2000 0000 0000 0000#1626597646361906#-46.5#2.411417798556228#9
0000 0032 2000 0000 0000 0000#1626597646363179#-52.0#0.5092816215780329#9
0000 0038 2000 0000 0000 0000#1626597646365001#-47.0#3.5588354278946874#9
0000 0030 2000 0000 0000 0000#1626597646366625#-51.5#1.7978254834019713#9
FFFF FFFF FFFF FFFF FFFF FFFF#1626597646369680#-69.0#5.602097837358362#9
0000 002F 2000 0000 0000 0000#1626597646371000#-52.0#2.0493983326152168#9
0000 003B 2000 0000 0000 0000#1626597646372397#-66.0#4.09266074207889#9
0000 002E 2000 0000 0000 0000#1626597646635622#-51.0#3.2888548092268146#9
0000 0037 2000 0000 0000 0000#1626597646639285#-47.5#4.509903516383785#9
0000 003A 2000 0000 0000 0000#1626597646640618#-45.5#3.1968159619536762#9
0000 0031 2000 0000 0000 0000#1626597646641642#-51.5#1.6566992509164924#9
0000 0033 2000 0000 0000 0000#1626597646642713#-51.5#0.6135923151542565#9
0000 0039 2000 0000 0000 0000#1626597646643867#-46.0#3.877903431774901#9
0000 0032 2000 0000 0000 0000#1626597646644955#-51.5#1.282407938672396#9
0000 002F 2000 0000 0000 0000#1626597646646217#-52.0#2.834796496012665#9
0000 0036 2000 0000 0000 0000#1626597646647572#-48.0#5.0253210611133605#9
0000 0030 2000 0000 0000 0000#1626597646649533#-51.0#2.5954954931025047#9
0000 003B 2000 0000 0000 0000#1626597646650972#-65.5#4.755340442445488#9
0000 0035 2000 0000 0000 0000#1626597646652033#-48.0#5.154175447295755#9
0000 0038 2000 0000 0000 0000#1626597646653115#-46.0#4.319689898685965#9
0000 0034 2000 0000 0000 0000#1626597646654177#-50.5#5.964117303299373#9
FFFF FFFF FFFF FFFF FFFF FFFF#1626597646656630#-69.5#0.7915340865489908#9
0000 002D 2000 0000 0000 0000#1626597646657920#-52.5#3.509748042682347#9
0000 0039 2000 0000 0000 0000#1626597646662658#-46.0#3.8963112012295285#9
0000 0033 2000 0000 0000 0000#1626597646663719#-51.5#0.6933593161243098#9
0000 0038 2000 0000 0000 0000#1626597646664755#-46.5#4.338097668140593#9
0000 002E 2000 0000 0000 0000#1626597646668137#-51.0#3.3011266555298997#9
0000 002D 2000 0000 0000 0000#1626597646669839#-52.0#3.509748042682347#9
0000 0036 2000 0000 0000 0000#1626597646671814#-48.0#5.0253210611133605#9
0000 0032 2000 0000 0000 0000#1626597646673060#-51.5#1.3314953238847365#9
0000 0031 2000 0000 0000 0000#1626597646674623#-51.0#1.7241944055834606#9
0000 0037 2000 0000 0000 0000#1626597646676936#-47.5#4.552854978444583#9
0000 0035 2000 0000 0000 0000#1626597646678071#-48.0#5.1725832167503825#9
0000 003A 2000 0000 0000 0000#1626597646679060#-45.0#3.1784081924990484#9
0000 002F 2000 0000 0000 0000#1626597646680125#-51.5#2.890019804376548#9
0000 0034 2000 0000 0000 0000#1626597646681546#-51.0#5.988660995905543#9
0000 003B 2000 0000 0000 0000#1626597646682614#-64.0#4.706253057233147#9
0000 0030 2000 0000 0000 0000#1626597646684666#-50.5#2.650718801466388#9
FFFF FFFF FFFF FFFF FFFF FFFF#1626597646685774#-70.0#0.8835729338221293#9
0000 002F 2000 0000 0000 0000#1626597646949975#-48.5#3.000466421104314#9
0000 0031 2000 0000 0000 0000#1626597646951324#-47.0#2.1353012567368124#9
0000 0035 2000 0000 0000 0000#1626597646952398#-50.5#5.93343768754166#9
0000 0039 2000 0000 0000 0000#1626597646953981#-43.5#3.497476196379262#9
0000 0036 2000 0000 0000 0000#1626597646956008#-50.5#5.681864838328415#9
0000 0038 2000 0000 0000 0000#1626597646958316#-47.0#4.215379205109742#9
0000 0030 2000 0000 0000 0000#1626597646959374#-47.0#2.816388726558037#9
0000 0037 2000 0000 0000 0000#1626597646960721#-49.5#4.7860200582032#9
0000 0032 2000 0000 0000 0000#1626597646962025#-47.0#1.932815792735908#9
0000 003B 2000 0000 0000 0000#1626597646963334#-47.5#3.1354567304382504#9
0000 002E 2000 0000 0000 0000#1626597646964404#-48.0#3.380893656499953#9
0000 0033 2000 0000 0000 0000#1626597646965466#-48.5#1.5585244804918115#9
0000 003A 2000 0000 0000 0000#1626597646966755#-37.5#2.60776733940559#9
0000 0034 2000 0000 0000 0000#1626597646967805#-50.5#0.8713010875190442#9
0000 002D 2000 0000 0000 0000#1626597646971065#-49.5#3.5711072741977725#9
FFFF FFFF FFFF FFFF FFFF FFFF#1626597646972956#-68.5#6.050020227420969#9
0000 0034 2000 0000 0000 0000#1626597646977668#-50.0#0.9265243958829272#9
0000 0033 2000 0000 0000 0000#1626597646978742#-48.0#1.6260196351587797#9
FFFF FFFF FFFF FFFF FFFF FFFF#1626597646980502#-68.5#5.829126993965437#9
0000 003A 2000 0000 0000 0000#1626597646982104#-37.5#2.6261751088602177#9
0000 0037 2000 0000 0000 0000#1626597646983459#-50.0#4.896466674930966#9
0000 002F 2000 0000 0000 0000#1626597646985959#-48.0#3.11091303783208#9
0000 0031 2000 0000 0000 0000#1626597646989140#-46.0#2.2518837966161214#9
0000 002D 2000 0000 0000 0000#1626597646990249#-49.5#3.6324665057131984#9
0000 0032 2000 0000 0000 0000#1626597646991338#-46.5#2.024854640009046#9
0000 0038 2000 0000 0000 0000#1626597646992687#-47.0#4.313553975534423#9
0000 002E 2000 0000 0000 0000#1626597646993772#-47.5#3.448388811166921#9
0000 0035 2000 0000 0000 0000#1626597646995289#-51.0#6.215690152512618#9
0000 0036 2000 0000 0000 0000#1626597646996308#-51.0#5.927301764390117#9
0000 0039 2000 0000 0000 0000#1626597646997375#-43.5#3.6017868899554855#9
0000 0030 2000 0000 0000 0000#1626597646999380#-47.0#2.9145634969827183#9
0000 003B 2000 0000 0000 0000#1626597647001286#-46.5#3.147728576741336#9
0000 0030 2000 0000 0000 0000#1626597647265829#-44.5#3.761320891895592#9
0000 0033 2000 0000 0000 0000#1626597647266919#-43.5#2.6998061866787286#9
0000 0032 2000 0000 0000 0000#1626597647268010#-43.0#2.9513790358919736#9
0000 002F 2000 0000 0000 0000#1626597647269826#-46.0#3.9515345095934116#9
0000 0038 2000 0000 0000 0000#1626597647271467#-48.5#5.884350302329319#9
0000 003B 2000 0000 0000 0000#1626597647272523#-41.5#3.792000507653305#9
0000 0034 2000 0000 0000 0000#1626597647273869#-45.0#2.2150682577068657#9
0000 0037 2000 0000 0000 0000#1626597647275403#-49.5#0.521553467881118#9
0000 003A 2000 0000 0000 0000#1626597647276910#-36.0#3.6386024288647407#9
0000 0035 2000 0000 0000 0000#1626597647278199#-47.0#1.6014759425526093#9
0000 0031 2000 0000 0000 0000#1626597647280232#-43.5#3.227495577711389#9
0000 0039 2000 0000 0000 0000#1626597647283363#-43.5#4.884194828627882#9
FFFF FFFF FFFF FFFF FFFF FFFF#1626597647284744#-68.0#0.20248546400090464#9
0000 002E 2000 0000 0000 0000#1626597647285995#-45.5#4.270602513473625#9
0000 002D 2000 0000 0000 0000#1626597647287046#-47.5#4.442408361716817#9
0000 0036 2000 0000 0000 0000#1626597647288339#-48.0#1.4419419406125027#9
0000 0030 2000 0000 0000 0000#1626597647294283#-44.5#3.7981364308048478#9
0000 0032 2000 0000 0000 0000#1626597647295373#-43.5#3.055689729468197#9
0000 0035 2000 0000 0000 0000#1626597647296674#-46.0#1.6812429435226628#9
FFFF FFFF FFFF FFFF FFFF FFFF#1626597647299552#-69.5#0.18407769454627693#9
0000 003A 2000 0000 0000 0000#1626597647301140#-36.0#3.7429131224409646#9
0000 003B 2000 0000 0000 0000#1626597647302434#-41.5#3.9085830475326135#9
0000 0031 2000 0000 0000 0000#1626597647304275#-42.5#3.2949907323783574#9
0000 0038 2000 0000 0000 0000#1626597647305342#-48.5#6.074563920027139#9
0000 0037 2000 0000 0000 0000#1626597647306902#-49.0#0.6749515466696822#9
0000 002E 2000 0000 0000 0000#1626597647308649#-45.5#4.319689898685965#9
0000 0034 2000 0000 0000 0000#1626597647309740#-44.5#2.3316507975861747#9
0000 002D 2000 0000 0000 0000#1626597647310835#-47.5#4.473087977474529#9
0000 0033 2000 0000 0000 0000#1626597647311867#-43.0#2.8102528034064944#9
0000 002F 2000 0000 0000 0000#1626597647312931#-45.5#4.037437433715008#9
0000 0039 2000 0000 0000 0000#1626597647315148#-43.5#5.019185137961818#9
0000 0036 2000 0000 0000 0000#1626597647316452#-48.0#1.5892040962495242#9
0000 003A 2000 0000 0000 0000#1626597647581760#-36.0#4.657165672020807#9
0000 0032 2000 0000 0000 0000#1626597647582781#-41.0#3.356349963893783#9
0000 0034 2000 0000 0000 0000#1626597647584286#-41.0#2.6261751088602177#9
0000 0037 2000 0000 0000 0000#1626597647585607#-45.5#1.4664856332186729#9
0000 0030 2000 0000 0000 0000#1626597647586692#-42.5#4.037437433715008#9
0000 002F 2000 0000 0000 0000#1626597647587795#-43.5#4.2031073588066565#9
0000 0036 2000 0000 0000 0000#1626597647589076#-43.5#2.0800779483729293#9
0000 002E 2000 0000 0000 0000#1626597647590160#-44.5#4.4362724385652745#9
0000 003B 2000 0000 0000 0000#1626597647591225#-41.0#4.577398671050753#9
0000 0039 2000 0000 0000 0000#1626597647593006#-43.0#6.056156150572511#9
0000 0035 2000 0000 0000 0000#1626597647594340#-42.0#2.1905245651006955#9
0000 0031 2000 0000 0000 0000#1626597647595362#-40.5#3.5281558121369745#9
0000 002D 2000 0000 0000 0000#1626597647596686#-46.5#4.577398671050753#9
0000 0033 2000 0000 0000 0000#1626597647598246#-41.0#3.184544115650591#9
0000 0038 2000 0000 0000 0000#1626597647599524#-46.0#0.9510680884890975#9
0000 0034 2000 0000 0000 0000#1626597647608892#-41.0#2.693670263527186#9
0000 0030 2000 0000 0000 0000#1626597647609978#-42.0#4.074252972624263#9
0000 003A 2000 0000 0000 0000#1626597647611040#-35.5#4.792155981354743#9
0000 0032 2000 0000 0000 0000#1626597647612316#-40.0#3.4177091954092087#9
0000 0039 2000 0000 0000 0000#1626597647613625#-43.0#6.166602767300278#9
0000 002E 2000 0000 0000 0000#1626597647615151#-44.5#4.448544284868359#9
0000 0037 2000 0000 0000 0000#1626597647617434#-45.5#1.564660403643354#9
0000 0031 2000 0000 0000 0000#1626597647619234#-40.0#3.5895150436524004#9
0000 0036 2000 0000 0000 0000#1626597647620569#-43.0#2.1537090261914402#9
0000 0033 2000 0000 0000 0000#1626597647622114#-41.0#3.2213596545598464#9
0000 002F 2000 0000 0000 0000#1626597647624162#-43.0#4.252194744018997#9
0000 003B 2000 0000 0000 0000#1626597647625570#-41.0#4.724660826687775#9
0000 0035 2000 0000 0000 0000#1626597647627135#-42.0#2.2948352586769194#9
0000 0038 2000 0000 0000 0000#1626597647629553#-45.0#1.043106935762236#9
0000 002D 2000 0000 0000 0000#1626597647630673#-47.0#4.638757902566179#9
0000 003A 2000 0000 0000 0000#1626597647895978#-33.0#0.5338253141842031#9
0000 0038 2000 0000 0000 0000#1626597647898336#-41.0#2.6323110320117604#9
0000 002D 2000 0000 0000 0000#1626597647900296#-45.5#5.712544454086128#9
0000 0034 2000 0000 0000 0000#1626597647901401#-38.5#4.135612204139688#9
0000 0031 2000 0000 0000 0000#1626597647902686#-38.5#4.902602598082509#9
0000 0035 2000 0000 0000 0000#1626597647903765#-39.0#3.6876898140770815#9
0000 003B 2000 0000 0000 0000#1626597647904830#-39.0#0.3865631585471816#9
0000 002F 2000 0000 0000 0000#1626597647906186#-43.0#5.448699758569798#9
0000 0032 2000 0000 0000 0000#1626597647907618#-38.5#4.779884135051658#9
0000 0030 2000 0000 0000 0000#1626597647910479#-41.0#5.338253141842031#9
0000 002E 2000 0000 0000 0000#1626597647912467#-43.5#5.626641529964532#9
0000 0039 2000 0000 0000 0000#1626597647913507#-39.0#1.8285050991596843#9
0000 0033 2000 0000 0000 0000#1626597647914908#-37.5#4.601942363656923#9
0000 0037 2000 0000 0000 0000#1626597647916596#-41.5#3.098641191528995#9
0000 0036 2000 0000 0000 0000#1626597647917876#-40.0#3.6263305825616556#9
0000 002D 2000 0000 0000 0000#1626597647922504#-45.5#5.724816300389213#9
0000 0038 2000 0000 0000 0000#1626597647924383#-40.5#2.6813984172241008#9
0000 0031 2000 0000 0000 0000#1626597647925405#-38.0#4.92714629068868#9
0000 0034 2000 0000 0000 0000#1626597647926484#-38.5#4.1601558967458585#9
0000 0033 2000 0000 0000 0000#1626597647927817#-38.5#4.638757902566179#9
0000 0035 2000 0000 0000 0000#1626597647928894#-39.0#3.730641276137879#9
0000 003B 2000 0000 0000 0000#1626597647929989#-39.0#0.5092816215780329#9
0000 003A 2000 0000 0000 0000#1626597647931275#-33.0#0.6565437772150544#9
0000 0036 2000 0000 0000 0000#1626597647932296#-40.0#3.650874275167826#9
0000 0037 2000 0000 0000 0000#1626597647934116#-41.5#3.1354567304382504#9
0000 002F 2000 0000 0000 0000#1626597647935176#-42.5#5.485515297479052#9
0000 0039 2000 0000 0000 0000#1626597647936603#-38.5#1.8960002538266525#9
0000 0032 2000 0000 0000 0000#1626597647937721#-38.0#4.822835597112456#9
0000 002E 2000 0000 0000 0000#1626597647939272#-43.0#5.651185222570702#9
0000 0030 2000 0000 0000 0000#1626597647940587#-41.0#5.387340527054372#9
0000 0039 2000 0000 0000 0000#1626597648214238#-35.5#2.055534255766759#9
0000 0033 2000 0000 0000 0000#1626597648215387#-37.5#4.509903516383785#9
0000 002E 2000 0000 0000 0000#1626597648216428#-43.0#5.301437602932776#9
0000 0032 2000 0000 0000 0000#1626597648218041#-38.0#4.693981210930062#9
0000 0031 2000 0000 0000 0000#1626597648219375#-38.0#4.779884135051658#9
0000 0038 2000 0000 0000 0000#1626597648220711#-37.5#2.7120780329818137#9
FFFF FFFF FFFF FFFF FFFF FFFF#1626597648221794#-69.0#5.859806609723149#9
0000 0037 2000 0000 0000 0000#1626597648223604#-38.5#3.067961575771282#9
0000 003A 2000 0000 0000 0000#1626597648224991#-30.0#1.086058397823034#9
0000 003B 2000 0000 0000 0000#1626597648227302#-36.5#1.055378782065321#9
0000 0036 2000 0000 0000 0000#1626597648228365#-38.0#3.5588354278946874#9
0000 0034 2000 0000 0000 0000#1626597648230076#-37.0#4.09266074207889#9
0000 0035 2000 0000 0000 0000#1626597648231142#-36.5#3.650874275167826#9
0000 002F 2000 0000 0000 0000#1626597648233900#-41.5#5.240078371417351#9
0000 0030 2000 0000 0000 0000#1626597648234898#-40.0#5.160311370447297#9
0000 002D 2000 0000 0000 0000#1626597648236095#-45.5#5.356660911296659#9
0000 0036 2000 0000 0000 0000#1626597648239652#-38.0#3.5711072741977725#9
0000 003A 2000 0000 0000 0000#1626597648241220#-30.0#1.1535535524900022#9
0000 002D 2000 0000 0000 0000#1626597648242230#-46.0#5.375068680751287#9
FFFF FFFF FFFF FFFF FFFF FFFF#1626597648244023#-69.0#5.798447378207723#9
0000 0039 2000 0000 0000 0000#1626597648245316#-35.0#2.1230294104337273#9
0000 0031 2000 0000 0000 0000#1626597648246590#-38.0#4.822835597112456#9
0000 002F 2000 0000 0000 0000#1626597648248881#-41.5#5.246214294568893#9
0000 0033 2000 0000 0000 0000#1626597648249943#-37.5#4.534447208989955#9
0000 0034 2000 0000 0000 0000#1626597648251475#-37.0#4.123340357836604#9
0000 0035 2000 0000 0000 0000#1626597648252994#-36.5#3.6692820446224537#9
0000 0038 2000 0000 0000 0000#1626597648254815#-37.5#2.773437264497239#9
0000 002E 2000 0000 0000 0000#1626597648255885#-43.0#5.325981295538946#9
0000 003B 2000 0000 0000 0000#1626597648256951#-36.0#1.1780972450961724#9
0000 0032 2000 0000 0000 0000#1626597648259722#-38.0#4.743068596142402#9
0000 0037 2000 0000 0000 0000#1626597648260757#-38.5#3.129320807286708#9
0000 0030 2000 0000 0000 0000#1626597648262852#-40.0#5.203262832508095#9
0000 0039 2000 0000 0000 0000#1626597648530106#-33.0#2.9513790358919736#9
0000 002E 2000 0000 0000 0000#1626597648531974#-43.0#5.651185222570702#9
FFFF FFFF FFFF FFFF FFFF FFFF#1626597648533310#-69.0#6.234097921967246#9
0000 003B 2000 0000 0000 0000#1626597648534348#-34.0#2.2948352586769194#9
0000 002F 2000 0000 0000 0000#1626597648535682#-41.5#5.6573211457222445#9
0000 0037 2000 0000 0000 0000#1626597648539611#-36.5#3.816544200259475#9
0000 0031 2000 0000 0000 0000#1626597648541228#-37.5#5.356660911296659#9
0000 0038 2000 0000 0000 0000#1626597648542592#-35.0#3.5588354278946874#9
0000 0034 2000 0000 0000 0000#1626597648543655#-36.5#4.792155981354743#9
0000 003A 2000 0000 0000 0000#1626597648544671#-27.5#2.2334760271614935#9
0000 0036 2000 0000 0000 0000#1626597648546234#-36.5#4.289010282928253#9
0000 002D 2000 0000 0000 0000#1626597648548631#-46.0#5.602097837358362#9
0000 0032 2000 0000 0000 0000#1626597648549708#-37.5#5.301437602932776#9
0000 0033 2000 0000 0000 0000#1626597648551254#-37.5#5.203262832508095#9
0000 0035 2000 0000 0000 0000#1626597648552865#-35.5#4.374913207049849#9
0000 0030 2000 0000 0000 0000#1626597648554032#-40.5#5.64504929941916#9
0000 002D 2000 0000 0000 0000#1626597648566776#-46.0#5.0253210611133605#9
FFFF FFFF FFFF FFFF FFFF FFFF#1626597648568325#-69.5#5.258486140871978#9
0000 0031 2000 0000 0000 0000#1626597648569415#-38.0#4.828971520263998#9
0000 0035 2000 0000 0000 0000#1626597648570700#-36.5#3.773592738198677#9
0000 0032 2000 0000 0000 0000#1626597648571788#-38.0#4.755340442445488#9
0000 0038 2000 0000 0000 0000#1626597648573596#-35.5#2.9636508821950587#9
0000 003A 2000 0000 0000 0000#1626597648574932#-27.0#1.7119225592803755#9
0000 002E 2000 0000 0000 0000#1626597648576226#-43.0#5.0682725231741586#9
0000 0033 2000 0000 0000 0000#1626597648577776#-38.0#4.6878452877785195#9
0000 0034 2000 0000 0000 0000#1626597648578836#-36.5#4.239922897715912#9
0000 0039 2000 0000 0000 0000#1626597648580419#-33.0#2.4605051837685683#9
0000 003B 2000 0000 0000 0000#1626597648581958#-33.5#1.8530487917658545#9
0000 0036 2000 0000 0000 0000#1626597648583294#-37.5#3.730641276137879#9
0000 0037 2000 0000 0000 0000#1626597648584913#-37.0#3.2520392703175593#9
0000 002F 2000 0000 0000 0000#1626597648588763#-42.0#5.105088062083414#9
0000 0030 2000 0000 0000 0000#1626597648590333#-40.0#5.098952138931871#9
0000 002D 2000 0000 0000 0000#1626597648854487#-47.5#5.00077736850719#9
0000 002E 2000 0000 0000 0000#1626597648855500#-44.5#5.129631754689584#9
0000 002F 2000 0000 0000 0000#1626597648856792#-43.0#5.270757987175063#9
0000 0035 2000 0000 0000 0000#1626597648859487#-36.0#4.399456899656019#9
0000 0038 2000 0000 0000 0000#1626597648860524#-35.0#3.724505352986337#9
0000 0037 2000 0000 0000 0000#1626597648861817#-36.5#3.9515345095934116#9
0000 0036 2000 0000 0000 0000#1626597648863152#-37.0#4.356505437595221#9
0000 0031 2000 0000 0000 0000#1626597648864205#-38.5#5.154175447295755#9
0000 003A 2000 0000 0000 0000#1626597648865808#-26.5#2.650718801466388#9
0000 003B 2000 0000 0000 0000#1626597648866873#-32.5#2.8838838812250054#9
0000 0030 2000 0000 0000 0000#1626597648867975#-41.5#5.283029833478148#9
0000 0039 2000 0000 0000 0000#1626597648869086#-32.5#3.2765829629237295#9
0000 0032 2000 0000 0000 0000#1626597648870430#-38.0#5.135767677841127#9
0000 0034 2000 0000 0000 0000#1626597648872134#-37.5#4.773748211900116#9
FFFF FFFF FFFF FFFF FFFF FFFF#1626597648873542#-69.5#5.283029833478148#9
0000 0033 2000 0000 0000 0000#1626597648875086#-38.5#5.123495831538041#9
0000 003B 2000 0000 0000 0000#1626597648879200#-32.5#2.9145634969827183#9
0000 0037 2000 0000 0000 0000#1626597648881257#-36.5#3.9699422790480394#9
0000 0039 2000 0000 0000 0000#1626597648882354#-32.0#3.313398501832985#9
0000 0030 2000 0000 0000 0000#1626597648883383#-41.5#5.283029833478148#9
0000 002E 2000 0000 0000 0000#1626597648884438#-44.5#5.098952138931871#9
0000 0038 2000 0000 0000 0000#1626597648885760#-35.0#3.761320891895592#9
0000 003A 2000 0000 0000 0000#1626597648886835#-26.5#2.693670263527186#9
0000 0033 2000 0000 0000 0000#1626597648887941#-38.5#5.135767677841127#9
0000 002D 2000 0000 0000 0000#1626597648890472#-47.5#4.945554060143307#9
0000 0032 2000 0000 0000 0000#1626597648891747#-38.5#5.129631754689584#9
0000 0036 2000 0000 0000 0000#1626597648892843#-37.0#4.381049130201391#9
FFFF FFFF FFFF FFFF FFFF FFFF#1626597648893908#-69.0#5.608233760509904#9
0000 0034 2000 0000 0000 0000#1626597648895165#-37.0#4.773748211900116#9
0000 0031 2000 0000 0000 0000#1626597648896445#-38.5#5.141903600992669#9
0000 0035 2000 0000 0000 0000#1626597648898580#-36.5#4.4362724385652745#9
0000 002F 2000 0000 0000 0000#1626597648901195#-43.0#5.227806525114265#9
0000 0037 2000 0000 0000 0000#1626597649173675#-36.5#4.847379289718626#9
0000 002D 2000 0000 0000 0000#1626597649174758#-49.5#4.97623367590102#9
0000 003B 2000 0000 0000 0000#1626597649176091#-32.0#4.252194744018997#9
0000 002F 2000 0000 0000 0000#1626597649177182#-45.0#5.43029198911517#9
0000 0034 2000 0000 0000 0000#1626597649179910#-38.0#5.301437602932776#9
0000 003A 2000 0000 0000 0000#1626597649180999#-27.0#3.9269908169872414#9
0000 002E 2000 0000 0000 0000#1626597649182310#-46.5#5.184855063053467#9
0000 0031 2000 0000 0000 0000#1626597649183376#-41.0#5.448699758569798#9
0000 0030 2000 0000 0000 0000#1626597649184915#-44.0#5.5284667595398505#9
0000 0032 2000 0000 0000 0000#1626597649186473#-40.5#5.497787143782138#9
0000 0039 2000 0000 0000 0000#1626597649187797#-32.0#4.4362724385652745#9
0000 0033 2000 0000 0000 0000#1626597649189597#-40.0#5.589825991055276#9
0000 0036 2000 0000 0000 0000#1626597649190647#-37.0#5.105088062083414#9
0000 0035 2000 0000 0000 0000#1626597649192467#-36.0#5.105088062083414#9
0000 0038 2000 0000 0000 0000#1626597649193588#-35.0#4.773748211900116#9
0000 0031 2000 0000 0000 0000#1626597649200924#-41.0#5.43029198911517#9
0000 0036 2000 0000 0000 0000#1626597649202218#-37.0#5.098952138931871#9
0000 002F 2000 0000 0000 0000#1626597649203240#-45.0#5.356660911296659#9
0000 0038 2000 0000 0000 0000#1626597649204803#-35.0#4.779884135051658#9
0000 002E 2000 0000 0000 0000#1626597649206625#-46.5#5.154175447295755#9
0000 003A 2000 0000 0000 0000#1626597649209783#-27.0#3.9760782021995817#9
0000 0037 2000 0000 0000 0000#1626597649210845#-36.0#4.859651136021712#9
0000 0030 2000 0000 0000 0000#1626597649211888#-43.5#5.460971604872882#9
0000 0033 2000 0000 0000 0000#1626597649213804#-39.0#5.565282298449106#9
0000 003B 2000 0000 0000 0000#1626597649215400#-32.0#4.331961744989051#9
0000 0034 2000 0000 0000 0000#1626597649216464#-37.5#5.289165756629691#9
0000 0035 2000 0000 0000 0000#1626597649217513#-36.0#5.086680292628786#9
0000 0039 2000 0000 0000 0000#1626597649219021#-32.0#4.473087977474529#9
0000 0032 2000 0000 0000 0000#1626597649220054#-40.5#5.4671075280244255#9
0000 002D 2000 0000 0000 0000#1626597649221688#-50.0#4.884194828627882#9
0000 0030 2000 0000 0000 0000#1626597649485960#-45.5#4.620350133111551#9
0000 0038 2000 0000 0000 0000#1626597649487253#-34.5#4.4976316700806995#9
0000 0035 2000 0000 0000 0000#1626597649488531#-37.0#4.516039439535327#9
0000 003A 2000 0000 0000 0000#1626597649490134#-27.0#3.9392626632903265#9
0000 0032 2000 0000 0000 0000#1626597649491180#-42.0#4.620350133111551#9
0000 0039 2000 0000 0000 0000#1626597649492504#-31.5#4.3074180523828804#9
0000 0031 2000 0000 0000 0000#1626597649493782#-42.5#4.540583132141498#9
0000 002F 2000 0000 0000 0000#1626597649494831#-47.0#4.466952054322987#9
0000 003B 2000 0000 0000 0000#1626597649495899#-32.0#4.417864669110647#9
0000 0036 2000 0000 0000 0000#1626597649497504#-37.5#4.552854978444583#9
0000 0037 2000 0000 0000 0000#1626597649499295#-36.0#4.460816131171445#9
0000 0033 2000 0000 0000 0000#1626597649500585#-41.5#4.76147636559703#9
0000 0034 2000 0000 0000 0000#1626597649504078#-38.5#4.608078286808466#9
0000 002E 2000 0000 0000 0000#1626597649506210#-48.5#4.196971435655114#9
0000 002D 2000 0000 0000 0000#1626597649509360#-52.0#3.9760782021995817#9
0000 0031 2000 0000 0000 0000#1626597649513450#-42.5#4.503767593232243#9
0000 003B 2000 0000 0000 0000#1626597649514548#-32.0#4.460816131171445#9
0000 002E 2000 0000 0000 0000#1626597649515616#-48.5#4.215379205109742#9
0000 002F 2000 0000 0000 0000#1626597649517162#-47.0#4.424000592262189#9
0000 0038 2000 0000 0000 0000#1626597649518196#-34.5#4.4976316700806995#9
0000 003A 2000 0000 0000 0000#1626597649519489#-27.0#3.9576704327449543#9
0000 0033 2000 0000 0000 0000#1626597649520535#-41.5#4.706253057233147#9
0000 0037 2000 0000 0000 0000#1626597649521614#-35.5#4.4362724385652745#9
0000 0035 2000 0000 0000 0000#1626597649523150#-36.5#4.466952054322987#9
0000 0036 2000 0000 0000 0000#1626597649524186#-37.5#4.528311285838413#9
0000 0034 2000 0000 0000 0000#1626597649525989#-38.5#4.577398671050753#9
0000 0039 2000 0000 0000 0000#1626597649527541#-31.5#4.319689898685965#9
0000 0030 2000 0000 0000 0000#1626597649529096#-45.5#4.503767593232243#9
0000 002D 2000 0000 0000 0000#1626597649530945#-52.5#3.9085830475326135#9
0000 0032 2000 0000 0000 0000#1626597649533916#-41.5#4.534447208989955#9
0000 0033 2000 0000 0000 0000#1626597649799068#-41.0#3.7122335066832517#9
0000 0035 2000 0000 0000 0000#1626597649801926#-37.0#3.6263305825616556#9
0000 002D 2000 0000 0000 0000#1626597649803020#-55.0#2.7979809571034093#9
0000 003B 2000 0000 0000 0000#1626597649804130#-32.0#4.362641360746763#9
0000 003A 2000 0000 0000 0000#1626597649805744#-25.0#3.6692820446224537#9
0000 0031 2000 0000 0000 0000#1626597649806810#-44.0#3.436116964863836#9
0000 0034 2000 0000 0000 0000#1626597649807941#-37.5#3.6754179677739964#9
0000 0039 2000 0000 0000 0000#1626597649809266#-32.0#3.8840393549264434#9
0000 0038 2000 0000 0000 0000#1626597649810831#-34.5#3.9392626632903265#9
0000 0037 2000 0000 0000 0000#1626597649812010#-36.0#3.7551849687440497#9
0000 002E 2000 0000 0000 0000#1626597649813620#-52.0#3.067961575771282#9
0000 0036 2000 0000 0000 0000#1626597649814667#-37.5#3.718369429834794#9
0000 0030 2000 0000 0000 0000#1626597649815710#-47.5#3.4606606574700063#9
0000 0032 2000 0000 0000 0000#1626597649816728#-43.0#3.5281558121369745#9
0000 002F 2000 0000 0000 0000#1626597649819973#-49.5#3.313398501832985#9
0000 002E 2000 0000 0000 0000#1626597649823458#-52.5#3.06182565261974#9
0000 0034 2000 0000 0000 0000#1626597649824573#-37.5#3.6324665057131984#9
0000 0033 2000 0000 0000 0000#1626597649826429#-41.0#3.6999616603801666#9
0000 0038 2000 0000 0000 0000#1626597649827938#-34.5#3.9269908169872414#9
0000 0039 2000 0000 0000 0000#1626597649831291#-32.0#3.865631585471816#9
0000 003B 2000 0000 0000 0000#1626597649832360#-31.5#4.374913207049849#9
0000 002D 2000 0000 0000 0000#1626597649833455#-55.0#2.705942109830271#9
0000 0037 2000 0000 0000 0000#1626597649834506#-36.0#3.718369429834794#9
0000 0031 2000 0000 0000 0000#1626597649837242#-44.5#3.3870295796514958#9
0000 003A 2000 0000 0000 0000#1626597649838541#-26.5#3.6876898140770815#9
0000 0030 2000 0000 0000 0000#1626597649840259#-47.5#3.411573272257666#9
0000 002F 2000 0000 0000 0000#1626597649841337#-50.0#3.2581751934691017#9
0000 0032 2000 0000 0000 0000#1626597649843125#-43.0#3.4606606574700063#9
0000 0036 2000 0000 0000 0000#1626597649844631#-37.5#3.6570101983193686#9
0000 0035 2000 0000 0000 0000#1626597649845694#-37.0#3.5588354278946874#9
0000 0035 2000 0000 0000 0000#1626597650110201#-37.5#3.227495577711389#9
0000 0038 2000 0000 0000 0000#1626597650111297#-34.0#3.7551849687440497#9
0000 0037 2000 0000 0000 0000#1626597650112618#-35.5#3.509748042682347#9
0000 0033 2000 0000 0000 0000#1626597650114575#-44.0#3.141592653589793#9
0000 003B 2000 0000 0000 0000#1626597650115643#-32.0#4.638757902566179#9
0000 0031 2000 0000 0000 0000#1626597650116949#-46.0#2.705942109830271#9
0000 002F 2000 0000 0000 0000#1626597650118040#-52.5#2.423689644859313#9
0000 0030 2000 0000 0000 0000#1626597650119096#-50.0#2.5464081078901644#9
0000 002D 2000 0000 0000 0000#1626597650120148#-58.5#1.521708941582556#9
0000 003A 2000 0000 0000 0000#1626597650122702#-26.5#3.761320891895592#9
0000 0032 2000 0000 0000 0000#1626597650124781#-44.5#2.7979809571034093#9
0000 0034 2000 0000 0000 0000#1626597650127665#-38.5#3.172272269347506#9
0000 0039 2000 0000 0000 0000#1626597650129303#-32.0#3.77972866135022#9
0000 0036 2000 0000 0000 0000#1626597650130923#-37.5#3.3195344249845276#9
0000 002E 2000 0000 0000 0000#1626597650132835#-55.0#1.8714565612204823#9
0000 0031 2000 0000 0000 0000#1626597650139590#-46.5#2.5893595699509624#9
0000 003A 2000 0000 0000 0000#1626597650141134#-26.5#3.749049045592507#9
0000 0034 2000 0000 0000 0000#1626597650142453#-40.0#3.141592653589793#9
0000 0032 2000 0000 0000 0000#1626597650143810#-43.5#2.748893571891069#9
0000 002E 2000 0000 0000 0000#1626597650144906#-55.0#1.8653206380689396#9
0000 0037 2000 0000 0000 0000#1626597650145996#-35.5#3.442252888015379#9
0000 002D 2000 0000 0000 0000#1626597650147093#-58.5#1.3130875544301088#9
0000 0038 2000 0000 0000 0000#1626597650148381#-34.0#3.6999616603801666#9
0000 0039 2000 0000 0000 0000#1626597650149404#-31.5#3.773592738198677#9
0000 003B 2000 0000 0000 0000#1626597650150444#-32.0#4.632621979414636#9
0000 0036 2000 0000 0000 0000#1626597650151621#-38.0#3.2643111166206444#9
0000 0033 2000 0000 0000 0000#1626597650153537#-44.0#3.000466421104314#9
0000 0035 2000 0000 0000 0000#1626597650154600#-38.0#3.098641191528995#9
0000 002F 2000 0000 0000 0000#1626597650155663#-52.5#2.2641556429192065#9
0000 0030 2000 0000 0000 0000#1626597650157104#-51.0#2.448233337465483#9
0000 002D 2000 0000 0000 0000#1626597650421206#-48.5#0.09203884727313846#9
0000 0032 2000 0000 0000 0000#1626597650422737#-46.5#2.3623304133438876#9
0000 0039 2000 0000 0000 0000#1626597650424089#-32.0#3.9699422790480394#9
0000 0036 2000 0000 0000 0000#1626597650425182#-38.5#3.2520392703175593#9
0000 003B 2000 0000 0000 0000#1626597650426733#-31.5#5.037592907416445#9
0000 003A 2000 0000 0000 0000#1626597650428533#-26.5#4.06811704947272#9
0000 0031 2000 0000 0000 0000#1626597650433787#-48.0#2.024854640009046#9
0000 0038 2000 0000 0000 0000#1626597650435922#-34.5#3.785864584501762#9
0000 0034 2000 0000 0000 0000#1626597650437051#-39.0#2.9084275738311756#9
0000 0030 2000 0000 0000 0000#1626597650438138#-52.0#1.6566992509164924#9
0000 002E 2000 0000 0000 0000#1626597650439180#-52.5#0.619728238305799#9
0000 0035 2000 0000 0000 0000#1626597650440242#-38.0#3.0066023442558567#9
0000 0033 2000 0000 0000 0000#1626597650441274#-44.5#2.6691265709210157#9
0000 0037 2000 0000 0000 0000#1626597650442340#-36.0#3.4606606574700063#9
0000 002F 2000 0000 0000 0000#1626597650443787#-53.5#1.423534171157875#9
0000 0032 2000 0000 0000 0000#1626597650448719#-46.5#2.2457478734645786#9
0000 0039 2000 0000 0000 0000#1626597650451403#-32.0#3.9208548938356986#9
0000 0034 2000 0000 0000 0000#1626597650452547#-39.0#2.8654761117703775#9
0000 0036 2000 0000 0000 0000#1626597650453598#-38.5#3.184544115650591#9
0000 003A 2000 0000 0000 0000#1626597650455382#-26.5#4.025165587411922#9
0000 003B 2000 0000 0000 0000#1626597650456922#-31.5#5.006913291658733#9
0000 0037 2000 0000 0000 0000#1626597650458229#-36.0#3.429981041712294#9
0000 002E 2000 0000 0000 0000#1626597650459326#-51.0#0.4172427743048944#9
0000 0035 2000 0000 0000 0000#1626597650460674#-38.0#2.9391071895888885#9
0000 002D 2000 0000 0000 0000#1626597650462126#-46.5#6.031612457966341#9
0000 0038 2000 0000 0000 0000#1626597650463192#-34.5#3.730641276137879#9
0000 002F 2000 0000 0000 0000#1626597650464710#-53.5#1.3008157081270237#9
0000 0033 2000 0000 0000 0000#1626597650465770#-45.0#2.5770877236478773#9
0000 0030 2000 0000 0000 0000#1626597650467193#-53.0#1.5033011721279284#9
0000 0031 2000 0000 0000 0000#1626597650468517#-48.0#1.88986433067511#9
0000 0038 2000 0000 0000 0000#1626597650734913#-35.5#2.662990647769473#9
0000 0039 2000 0000 0000 0000#1626597650735982#-33.0#2.816388726558037#9
0000 003A 2000 0000 0000 0000#1626597650737500#-28.0#3.000466421104314#9
0000 0030 2000 0000 0000 0000#1626597650739083#-46.5#4.970097752749477#9
0000 0031 2000 0000 0000 0000#1626597650740360#-51.0#6.234097921967246#9
0000 0037 2000 0000 0000 0000#1626597650741426#-38.0#2.3071071049800045#9
0000 002F 2000 0000 0000 0000#1626597650743735#-46.0#4.718524903536232#9
FFFF FFFF FFFF FFFF FFFF FFFF#1626597650745056#-68.5#0.11044661672776616#9
0000 0035 2000 0000 0000 0000#1626597650746586#-40.0#1.7855536370988863#9
0000 003B 2000 0000 0000 0000#1626597650747653#-33.0#4.215379205109742#9
0000 0036 2000 0000 0000 0000#1626597650750172#-40.0#1.9512235621905356#9
0000 0032 2000 0000 0000 0000#1626597650753041#-48.5#0.34974761963792617#9
0000 002E 2000 0000 0000 0000#1626597650754955#-47.0#4.25833066717054#9
0000 0034 2000 0000 0000 0000#1626597650756230#-43.0#1.533980787885641#9
0000 0033 2000 0000 0000 0000#1626597650758195#-47.0#1.0492428589137786#9
0000 002D 2000 0000 0000 0000#1626597650759359#-52.0#4.086524818927348#9
0000 0035 2000 0000 0000 0000#1626597650763507#-40.5#1.718058482431918#9
0000 0032 2000 0000 0000 0000#1626597650764539#-50.5#0.25770877236478773#9
0000 0031 2000 0000 0000 0000#1626597650765893#-50.5#5.982525072754001#9
0000 0036 2000 0000 0000 0000#1626597650767158#-40.0#1.902136176978195#9
0000 003A 2000 0000 0000 0000#1626597650769659#-28.0#2.9329712664373457#9
0000 0037 2000 0000 0000 0000#1626597650771195#-38.0#2.1905245651006955#9
0000 0030 2000 0000 0000 0000#1626597650772950#-45.5#4.7307967498393175#9
0000 003B 2000 0000 0000 0000#1626597650774484#-33.5#4.166291819897402#9
0000 002F 2000 0000 0000 0000#1626597650776542#-45.0#4.509903516383785#9
0000 002E 2000 0000 0000 0000#1626597650779236#-48.0#4.190835512503572#9
0000 0034 2000 0000 0000 0000#1626597650780414#-43.5#1.4051264017032472#9
FFFF FFFF FFFF FFFF FFFF FFFF#1626597650782841#-69.0#6.234097921967246#9
0000 0038 2000 0000 0000 0000#1626597650784246#-36.0#2.5341362615870793#9
0000 0039 2000 0000 0000 0000#1626597650785288#-33.0#2.6998061866787286#9
0000 0033 2000 0000 0000 0000#1626597650786530#-48.0#0.8774370106705868#9
0000 002D 2000 0000 0000 0000#1626597650787755#-54.5#3.9515345095934116#9
0000 002D 2000 0000 0000 0000#1626597651056961#-62.0#1.337631247036279#9
0000 0035 2000 0000 0000 0000#1626597651058352#-46.0#0.1349903093339364#9
0000 0039 2000 0000 0000 0000#1626597651059691#-36.0#1.736466251886546#9
0000 003A 2000 0000 0000 0000#1626597651060755#-29.5#1.8837284075235674#9
0000 003B 2000 0000 0000 0000#1626597651061751#-35.5#3.104777114680538#9
0000 0032 2000 0000 0000 0000#1626597651063058#-43.5#3.6386024288647407#9
0000 002F 2000 0000 0000 0000#1626597651064333#-55.0#2.8961557275280905#9
0000 0034 2000 0000 0000 0000#1626597651065607#-47.0#5.749359992995383#9
0000 0038 2000 0000 0000 0000#1626597651067612#-40.5#1.509437095279471#9
0000 002E 2000 0000 0000 0000#1626597651068807#-60.5#1.7855536370988863#9
0000 0033 2000 0000 0000 0000#1626597651069898#-45.5#4.356505437595221#9
0000 0031 2000 0000 0000 0000#1626597651070952#-43.5#3.3072625786814425#9
0000 0030 2000 0000 0000 0000#1626597651072492#-51.5#3.2459033471660166#9
FFFF FFFF FFFF FFFF FFFF FFFF#1626597651073543#-68.0#5.534602682691394#9
0000 0037 2000 0000 0000 0000#1626597651074621#-43.0#1.000155473701438#9
0000 0036 2000 0000 0000 0000#1626597651075784#-46.5#0.37429131224409645#9
0000 0036 2000 0000 0000 0000#1626597651080737#-46.0#0.34974761963792617#9
0000 0030 2000 0000 0000 0000#1626597651082520#-52.0#3.1906800388021335#9
0000 0037 2000 0000 0000 0000#1626597651084725#-43.0#0.9694758579437253#9
0000 003A 2000 0000 0000 0000#1626597651086016#-30.0#1.8346410223112268#9
0000 0038 2000 0000 0000 0000#1626597651087039#-41.0#1.4664856332186729#9
0000 002E 2000 0000 0000 0000#1626597651088627#-60.5#1.718058482431918#9
0000 0033 2000 0000 0000 0000#1626597651089944#-44.5#4.2031073588066565#9
0000 003B 2000 0000 0000 0000#1626597651091012#-35.5#3.06182565261974#9
FFFF FFFF FFFF FFFF FFFF FFFF#1626597651092332#-67.5#5.448699758569798#9
0000 002F 2000 0000 0000 0000#1626597651093423#-56.5#2.748893571891069#9
0000 0039 2000 0000 0000 0000#1626597651094472#-37.0#1.6505633277649499#9
0000 0032 2000 0000 0000 0000#1626597651095464#-42.5#3.479068426924634#9
0000 0035 2000 0000 0000 0000#1626597651096869#-46.5#6.17273869045182#9
0000 0034 2000 0000 0000 0000#1626597651098157#-47.0#5.4671075280244255#9
0000 0031 2000 0000 0000 0000#1626597651099478#-43.5#3.1968159619536762#9
0000 002D 2000 0000 0000 0000#1626597651100787#-61.5#0.8467573949128739#9
0000 003B 2000 0000 0000 0000#1626597651374574#-36.5#2.718213956133356#9
0000 0036 2000 0000 0000 0000#1626597651376954#-45.0#4.558990901596125#9
0000 002E 2000 0000 0000 0000#1626597651378053#-55.5#4.749204519293945#9
0000 0035 2000 0000 0000 0000#1626597651379341#-42.5#4.111068511533518#9
0000 0030 2000 0000 0000 0000#1626597651380684#-60.5#1.521708941582556#9
0000 0037 2000 0000 0000 0000#1626597651382002#-48.0#5.700272607783043#9
0000 0032 2000 0000 0000 0000#1626597651383018#-52.5#3.031146036862027#9
0000 0033 2000 0000 0000 0000#1626597651384097#-45.0#3.2949907323783574#9
0000 0034 2000 0000 0000 0000#1626597651385171#-40.5#3.5833791205008576#9
0000 0039 2000 0000 0000 0000#1626597651386524#-42.5#1.1535535524900022#9
0000 003A 2000 0000 0000 0000#1626597651388101#-34.0#1.4910293258248433#9
0000 002F 2000 0000 0000 0000#1626597651389477#-60.0#0.09203884727313846#9
FFFF FFFF FFFF FFFF FFFF FFFF#1626597651391156#-68.0#5.829126993965437#9
0000 002D 2000 0000 0000 0000#1626597651392192#-54.5#4.06811704947272#9
0000 0031 2000 0000 0000 0000#1626597651393258#-55.0#2.423689644859313#9
0000 0038 2000 0000 0000 0000#1626597651394337#-47.5#0.4172427743048944#9
FFFF FFFF FFFF FFFF FFFF FFFF#1626597651399464#-68.5#5.651185222570702#9
0000 0034 2000 0000 0000 0000#1626597651400882#-41.0#3.5342917352885173#9
0000 002D 2000 0000 0000 0000#1626597651401991#-55.0#3.9760782021995817#9
0000 0037 2000 0000 0000 0000#1626597651403282#-48.0#5.497787143782138#9
0000 0035 2000 0000 0000 0000#1626597651404616#-42.0#3.9760782021995817#9
0000 003B 2000 0000 0000 0000#1626597651405912#-37.0#2.6568547246179306#9
0000 0036 2000 0000 0000 0000#1626597651406960#-43.5#4.325825821837508#9
0000 002E 2000 0000 0000 0000#1626597651408015#-56.0#4.491495746929157#9
0000 0033 2000 0000 0000 0000#1626597651409064#-46.0#3.2827188860752723#9
0000 003A 2000 0000 0000 0000#1626597651410567#-34.5#1.4051264017032472#9
0000 002F 2000 0000 0000 0000#1626597651411859#-60.0#6.111379458936394#9
0000 0032 2000 0000 0000 0000#1626597651413031#-53.5#2.9268353432858034#9
0000 0031 2000 0000 0000 0000#1626597651414352#-55.5#2.325514874434632#9
0000 0039 2000 0000 0000 0000#1626597651415433#-44.0#1.030835089459151#9
0000 0038 2000 0000 0000 0000#1626597651416737#-48.0#0.25157284921324513#9
0000 0030 2000 0000 0000 0000#1626597651418678#-62.0#1.1719613219446299#9
0000 0036 2000 0000 0000 0000#1626597651689951#-44.0#4.129476280988146#9
0000 0033 2000 0000 0000 0000#1626597651691510#-55.5#3.0802334220743677#9
0000 002D 2000 0000 0000 0000#1626597651693712#-58.0#2.1537090261914402#9
0000 0038 2000 0000 0000 0000#1626597651695047#-44.5#5.21553467881118#9
0000 0039 2000 0000 0000 0000#1626597651696356#-46.0#5.976389149602458#9
0000 0035 2000 0000 0000 0000#1626597651697979#-45.5#3.9453985864418692#9
0000 0032 2000 0000 0000 0000#1626597651699011#-58.0#1.7794177139473437#9
FFFF FFFF FFFF FFFF FFFF FFFF#1626597651700033#-69.0#0.4049709280018093#9
0000 002F 2000 0000 0000 0000#1626597651701168#-57.0#4.681709364626977#9
0000 0034 2000 0000 0000 0000#1626597651702485#-50.5#3.706097583531709#9
0000 003A 2000 0000 0000 0000#1626597651703558#-42.5#0.8099418560036186#9
0000 0037 2000 0000 0000 0000#1626597651704626#-43.5#4.601942363656923#9
0000 0031 2000 0000 0000 0000#1626597651705719#-57.5#0.5338253141842031#9
0000 003B 2000 0000 0000 0000#1626597651709938#-42.5#2.6813984172241008#9
0000 0030 2000 0000 0000 0000#1626597651711051#-59.5#5.313709449235861#9
0000 002E 2000 0000 0000 0000#1626597651712477#-59.5#3.393165502803038#9
0000 002F 2000 0000 0000 0000#1626597651718237#-57.0#4.626486056263094#9
0000 0034 2000 0000 0000 0000#1626597651719258#-51.0#3.6447383520162835#9
0000 003B 2000 0000 0000 0000#1626597651720296#-42.5#2.6568547246179306#9
0000 0035 2000 0000 0000 0000#1626597651721359#-46.5#3.9085830475326135#9
0000 002D 2000 0000 0000 0000#1626597651722470#-58.5#1.88986433067511#9
0000 0036 2000 0000 0000 0000#1626597651723502#-45.0#4.086524818927348#9
0000 003A 2000 0000 0000 0000#1626597651724540#-42.5#0.619728238305799#9
0000 0030 2000 0000 0000 0000#1626597651725808#-59.5#5.240078371417351#9
0000 002E 2000 0000 0000 0000#1626597651726864#-59.5#3.215223731408304#9
0000 0039 2000 0000 0000 0000#1626597651728130#-45.5#5.743224069843841#9
0000 0032 2000 0000 0000 0000#1626597651730341#-58.0#1.3437671701878218#9
0000 0038 2000 0000 0000 0000#1626597651731761#-44.0#5.074408446325701#9
0000 0037 2000 0000 0000 0000#1626597651732811#-43.5#4.540583132141498#9
FFFF FFFF FFFF FFFF FFFF FFFF#1626597651734105#-69.0#0.37429131224409645#9
0000 0031 2000 0000 0000 0000#1626597651735285#-57.0#0.23316507975861744#9
0000 0033 2000 0000 0000 0000#1626597651736382#-53.5#2.7550294950426117#9
0000 0033 2000 0000 0000 0000#1626597651998897#-58.5#5.8659425328746915#9
0000 0031 2000 0000 0000 0000#1626597651999947#-56.0#4.178563666200486#9
0000 0030 2000 0000 0000 0000#1626597652002543#-62.0#3.393165502803038#9
0000 003A 2000 0000 0000 0000#1626597652003849#-41.5#4.6878452877785195#9
0000 0037 2000 0000 0000 0000#1626597652005139#-52.5#3.6815538909255388#9
0000 0039 2000 0000 0000 0000#1626597652006463#-44.5#4.356505437595221#9
FFFF FFFF FFFF FFFF FFFF FFFF#1626597652008773#-68.5#6.117515382087937#9
0000 0036 2000 0000 0000 0000#1626597652010066#-55.5#2.816388726558037#9
0000 002E 2000 0000 0000 0000#1626597652011135#-63.0#6.17273869045182#9
0000 003B 2000 0000 0000 0000#1626597652012303#-49.5#0.5829126993965437#9
0000 0032 2000 0000 0000 0000#1626597652013634#-57.0#4.651029748869264#9
0000 002F 2000 0000 0000 0000#1626597652014697#-61.0#2.0800779483729293#9
0000 0038 2000 0000 0000 0000#1626597652015704#-48.5#4.129476280988146#9
0000 0034 2000 0000 0000 0000#1626597652017263#-57.5#0.9326603190344698#9
0000 002D 2000 0000 0000 0000#1626597652019321#-60.0#4.828971520263998#9
0000 0035 2000 0000 0000 0000#1626597652020411#-55.5#2.141437179888355#9
0000 002F 2000 0000 0000 0000#1626597652024527#-61.0#1.9266798695843652#9
FFFF FFFF FFFF FFFF FFFF FFFF#1626597652025634#-69.0#6.050020227420969#9
0000 003A 2000 0000 0000 0000#1626597652027179#-41.5#4.589670517353839#9
0000 0037 2000 0000 0000 0000#1626597652029181#-53.5#3.6140587362585705#9
0000 0039 2000 0000 0000 0000#1626597652030319#-45.0#4.301282129231338#9
0000 003B 2000 0000 0000 0000#1626597652040645#-48.5#0.5706408530934585#9
0000 0034 2000 0000 0000 0000#1626597652041692#-57.5#0.8958447801252144#9
0000 0036 2000 0000 0000 0000#1626597652043323#-56.0#2.791845033951867#9
0000 002E 2000 0000 0000 0000#1626597652044878#-62.0#5.93343768754166#9
0000 002D 2000 0000 0000 0000#1626597652046171#-59.5#4.816699673960914#9
0000 0030 2000 0000 0000 0000#1626597652047269#-63.0#3.184544115650591#9
0000 0032 2000 0000 0000 0000#1626597652048359#-56.5#4.601942363656923#9
0000 0033 2000 0000 0000 0000#1626597652049671#-56.5#5.553010452146021#9
0000 0031 2000 0000 0000 0000#1626597652051218#-56.5#3.9760782021995817#9
0000 0035 2000 0000 0000 0000#1626597652052223#-55.5#2.0800779483729293#9
0000 0038 2000 0000 0000 0000#1626597652053289#-49.0#4.2092432819582#9
0000 003B 2000 0000 0000 0000#1626597652319350#-48.0#4.95168998329485#9
0000 0034 2000 0000 0000 0000#1626597652320399#-55.5#4.061981126321178#9
0000 0035 2000 0000 0000 0000#1626597652321943#-56.0#4.988505522204105#9
0000 002E 2000 0000 0000 0000#1626597652323017#-61.5#4.0987966652304335#9
0000 003A 2000 0000 0000 0000#1626597652325822#-44.5#3.2459033471660166#9
0000 0031 2000 0000 0000 0000#1626597652326902#-58.5#1.0246991663076084#9
0000 002D 2000 0000 0000 0000#1626597652328226#-62.0#3.32567034813607#9
0000 0039 2000 0000 0000 0000#1626597652330031#-52.0#2.8777479580734626#9
0000 0032 2000 0000 0000 0000#1626597652331849#-58.5#1.8407769454627694#9
0000 0033 2000 0000 0000 0000#1626597652333422#-57.5#2.9391071895888885#9
0000 002F 2000 0000 0000 0000#1626597652334500#-58.0#5.135767677841127#9
0000 0038 2000 0000 0000 0000#1626597652336362#-56.0#2.282563412373834#9
0000 0037 2000 0000 0000 0000#1626597652338281#-59.5#0.9817477042468103#9
0000 0030 2000 0000 0000 0000#1626597652339367#-62.5#5.66959299202533#9
0000 0036 2000 0000 0000 0000#1626597652340429#-59.0#5.497787143782138#9
FFFF FFFF FFFF FFFF FFFF FFFF#1626597652341750#-69.0#5.178719139901925#9
0000 0038 2000 0000 0000 0000#1626597652347334#-56.5#2.2027964114037806#9
0000 0037 2000 0000 0000 0000#1626597652348925#-60.0#0.8467573949128739#9
FFFF FFFF FFFF FFFF FFFF FFFF#1626597652349979#-69.5#5.4671075280244255#9
0000 0039 2000 0000 0000 0000#1626597652352281#-52.0#2.7857091108003242#9
0000 003B 2000 0000 0000 0000#1626597652353321#-48.5#4.841243366567084#9
0000 002F 2000 0000 0000 0000#1626597652354399#-58.0#5.013049214810275#9
0000 0034 2000 0000 0000 0000#1626597652356495#-55.5#3.792000507653305#9
0000 0033 2000 0000 0000 0000#1626597652357611#-57.5#2.6875343403756435#9
0000 0031 2000 0000 0000 0000#1626597652358848#-58.0#0.6749515466696822#9
0000 0030 2000 0000 0000 0000#1626597652359934#-62.0#5.5714182216006485#9
0000 002E 2000 0000 0000 0000#1626597652360991#-63.0#4.086524818927348#9
0000 003A 2000 0000 0000 0000#1626597652362067#-45.5#3.141592653589793#9
0000 002D 2000 0000 0000 0000#1626597652363378#-63.5#3.08636934522591#9
0000 0032 2000 0000 0000 0000#1626597652365992#-58.5#1.4910293258248433#9
0000 0036 2000 0000 0000 0000#1626597652367765#-58.5#5.227806525114265#9
0000 0035 2000 0000 0000 0000#1626597652369055#-56.0#4.571262747899211#9
0000 0031 2000 0000 0000 0000#1626597652635915#-58.0#5.013049214810275#9
FFFF FFFF FFFF FFFF FFFF FFFF#1626597652637451#-68.5#5.344389064993574#9
0000 0038 2000 0000 0000 0000#1626597652639806#-58.5#6.215690152512618#9
0000 0032 2000 0000 0000 0000#1626597652640885#-60.0#5.540738605842936#9
0000 003A 2000 0000 0000 0000#1626597652642416#-50.5#2.073942025221387#9
