FFFF FFFF FFFF FFFF FFFF FFFF#1626598116733070#-68.5#0.34974761963792617#9
0000 002F 2000 0000 0000 0000#1626598116741978#-50.5#2.448233337465483#9
0000 0034 2000 0000 0000 0000#1626598116743040#-48.0#5.66959299202533#9
0000 0038 2000 0000 0000 0000#1626598116745083#-45.5#4.135612204139688#9
0000 003A 2000 0000 0000 0000#1626598116746847#-47.5#2.564815877344792#9
0000 0037 2000 0000 0000 0000#1626598116748665#-45.5#4.3933209765044765#9
0000 0033 2000 0000 0000 0000#1626598116750547#-47.0#0.0859029241215959#9
0000 0036 2000 0000 0000 0000#1626598116752391#-46.0#4.7860200582032#9
0000 0030 2000 0000 0000 0000#1626598116753420#-49.5#2.1230294104337273#9
0000 002E 2000 0000 0000 0000#1626598116754506#-50.0#3.0066023442558567#9
0000 0032 2000 0000 0000 0000#1626598116755864#-49.5#0.7976700097005334#9
0000 0039 2000 0000 0000 0000#1626598116757416#-45.5#3.5711072741977725#9
0000 0035 2000 0000 0000 0000#1626598116758465#-45.0#4.95168998329485#9
0000 0031 2000 0000 0000 0000#1626598116759528#-49.5#1.1719613219446299#9
0000 002D 2000 0000 0000 0000#1626598116763118#-51.5#3.436116964863836#9
0000 0033 2000 0000 0000 0000#1626598116768343#-47.5#0.09203884727313846#9
FFFF FFFF FFFF FFFF FFFF FFFF#1626598116769366#-68.5#6.154330920997192#9
0000 0039 2000 0000 0000 0000#1626598116770950#-45.5#3.56497135104623#9
0000 0037 2000 0000 0000 0000#1626598116772510#-45.5#4.399456899656019#9
0000 003A 2000 0000 0000 0000#1626598116774329#-47.5#2.564815877344792#9
0000 002F 2000 0000 0000 0000#1626598116776328#-50.5#2.454369260617026#9
0000 0034 2000 0000 0000 0000#1626598116778330#-47.5#5.651185222570702#9
0000 002E 2000 0000 0000 0000#1626598116779630#-50.0#3.043417883165112#9
0000 0036 2000 0000 0000 0000#1626598116780907#-45.5#4.792155981354743#9
0000 0030 2000 0000 0000 0000#1626598116782220#-49.5#2.116893487282185#9
0000 0032 2000 0000 0000 0000#1626598116783547#-49.5#0.7853981633974483#9
0000 0038 2000 0000 0000 0000#1626598116785215#-45.5#4.166291819897402#9
0000 002D 2000 0000 0000 0000#1626598116788363#-51.5#3.423845118560751#9
0000 0035 2000 0000 0000 0000#1626598116790761#-45.5#4.957825906446392#9
0000 0031 2000 0000 0000 0000#1626598116791840#-49.5#1.1596894756415448#9
0000 003A 2000 0000 0000 0000#1626598117054587#-48.5#2.2764274892222915#9
0000 0034 2000 0000 0000 0000#1626598117055578#-47.5#5.313709449235861#9
0000 0036 2000 0000 0000 0000#1626598117057150#-46.0#4.454680208019902#9
0000 0032 2000 0000 0000 0000#1626598117060293#-49.5#0.4356505437595221#9
0000 0038 2000 0000 0000 0000#1626598117061372#-46.5#3.7981364308048478#9
0000 0031 2000 0000 0000 0000#1626598117062437#-50.5#0.8344855486097889#9
0000 0037 2000 0000 0000 0000#1626598117064422#-46.5#4.080388895775806#9
0000 0039 2000 0000 0000 0000#1626598117065736#-46.5#3.2459033471660166#9
0000 002E 2000 0000 0000 0000#1626598117066791#-49.5#2.6691265709210157#9
0000 0030 2000 0000 0000 0000#1626598117067848#-49.5#1.8039614065535141#9
0000 0035 2000 0000 0000 0000#1626598117068910#-46.0#4.657165672020807#9
0000 0033 2000 0000 0000 0000#1626598117070543#-49.0#6.068427996875596#9
0000 002D 2000 0000 0000 0000#1626598117071624#-52.5#3.031146036862027#9
0000 002F 2000 0000 0000 0000#1626598117073196#-50.5#2.1230294104337273#9
FFFF FFFF FFFF FFFF FFFF FFFF#1626598117075146#-67.5#5.43029198911517#9
0000 0036 2000 0000 0000 0000#1626598117081401#-46.0#4.454680208019902#9
0000 0032 2000 0000 0000 0000#1626598117083303#-49.5#0.46019423636569234#9
0000 0035 2000 0000 0000 0000#1626598117084881#-46.0#4.6448938257177215#9
0000 0030 2000 0000 0000 0000#1626598117085965#-49.5#1.7978254834019713#9
0000 002D 2000 0000 0000 0000#1626598117087003#-52.0#3.0127382674073995#9
0000 0038 2000 0000 0000 0000#1626598117088026#-46.0#3.785864584501762#9
0000 0037 2000 0000 0000 0000#1626598117089346#-46.0#4.061981126321178#9
0000 0033 2000 0000 0000 0000#1626598117091117#-48.5#6.037748381117884#9
0000 0031 2000 0000 0000 0000#1626598117092184#-50.0#0.8283496254582462#9
0000 002E 2000 0000 0000 0000#1626598117094444#-49.5#2.6568547246179306#9
0000 002F 2000 0000 0000 0000#1626598117095592#-50.5#2.1046216409791#9
FFFF FFFF FFFF FFFF FFFF FFFF#1626598117096643#-67.5#5.491651220630596#9
0000 0034 2000 0000 0000 0000#1626598117098644#-48.0#5.313709449235861#9
0000 0039 2000 0000 0000 0000#1626598117099840#-46.5#3.2520392703175593#9
0000 003A 2000 0000 0000 0000#1626598117100947#-49.0#2.2886993355253766#9
0000 0035 2000 0000 0000 0000#1626598117364858#-46.0#4.28287435977671#9
0000 0031 2000 0000 0000 0000#1626598117366415#-50.0#0.4295146206079795#9
FFFF FFFF FFFF FFFF FFFF FFFF#1626598117368307#-68.5#5.049864753719531#9
0000 0039 2000 0000 0000 0000#1626598117369801#-46.5#2.859340188618835#9
0000 0036 2000 0000 0000 0000#1626598117370879#-46.5#4.0987966652304335#9
0000 0038 2000 0000 0000 0000#1626598117372432#-46.0#3.423845118560751#9
0000 002E 2000 0000 0000 0000#1626598117373489#-50.0#2.2457478734645786#9
0000 002F 2000 0000 0000 0000#1626598117374525#-50.5#1.7119225592803755#9
0000 003A 2000 0000 0000 0000#1626598117376534#-48.0#1.932815792735908#9
0000 0034 2000 0000 0000 0000#1626598117377591#-48.0#4.988505522204105#9
0000 0032 2000 0000 0000 0000#1626598117378997#-50.0#0.03681553890925539#9
0000 0030 2000 0000 0000 0000#1626598117380922#-50.0#1.4051264017032472#9
0000 0037 2000 0000 0000 0000#1626598117381985#-46.5#3.6692820446224537#9
0000 002D 2000 0000 0000 0000#1626598117383409#-52.0#2.5954954931025047#9
0000 0033 2000 0000 0000 0000#1626598117384440#-49.0#5.651185222570702#9
0000 003A 2000 0000 0000 0000#1626598117388204#-48.5#1.945087639038993#9
0000 0037 2000 0000 0000 0000#1626598117389786#-46.5#3.663146121470911#9
0000 0032 2000 0000 0000 0000#1626598117391060#-50.0#0.01227184630308513#9
0000 002D 2000 0000 0000 0000#1626598117392170#-51.5#2.5954954931025047#9
0000 0039 2000 0000 0000 0000#1626598117394606#-46.5#2.84706834231575#9
0000 0036 2000 0000 0000 0000#1626598117396917#-46.5#4.086524818927348#9
0000 0035 2000 0000 0000 0000#1626598117398451#-46.0#4.276738436625168#9
0000 002E 2000 0000 0000 0000#1626598117399521#-49.5#2.2334760271614935#9
0000 0033 2000 0000 0000 0000#1626598117401265#-48.5#5.651185222570702#9
0000 0034 2000 0000 0000 0000#1626598117402453#-46.5#4.957825906446392#9
FFFF FFFF FFFF FFFF FFFF FFFF#1626598117403549#-67.5#4.945554060143307#9
0000 0031 2000 0000 0000 0000#1626598117406229#-50.0#0.44178646691106466#9
0000 0030 2000 0000 0000 0000#1626598117408144#-50.0#1.3867186322486196#9
0000 0038 2000 0000 0000 0000#1626598117410107#-46.0#3.399301425954581#9
0000 002F 2000 0000 0000 0000#1626598117411995#-50.5#1.6996507129772904#9
0000 0033 2000 0000 0000 0000#1626598117674792#-48.5#5.829126993965437#9
0000 0032 2000 0000 0000 0000#1626598117676094#-49.5#0.17794177139473438#9
0000 0031 2000 0000 0000 0000#1626598117677842#-50.0#0.6013204688511713#9
0000 0037 2000 0000 0000 0000#1626598117679390#-46.5#3.822680123411018#9
0000 002E 2000 0000 0000 0000#1626598117680701#-49.5#2.442097414313941#9
0000 0034 2000 0000 0000 0000#1626598117682457#-48.0#5.105088062083414#9
0000 0039 2000 0000 0000 0000#1626598117683997#-46.5#2.9943304979527716#9
0000 002D 2000 0000 0000 0000#1626598117685796#-51.5#2.7979809571034093#9
0000 0038 2000 0000 0000 0000#1626598117686890#-46.0#3.552699504743145#9
0000 0035 2000 0000 0000 0000#1626598117687911#-46.0#4.405592822807561#9
0000 0036 2000 0000 0000 0000#1626598117689258#-46.0#4.215379205109742#9
0000 002F 2000 0000 0000 0000#1626598117691892#-50.5#1.8837284075235674#9
0000 003A 2000 0000 0000 0000#1626598117692968#-48.0#2.055534255766759#9
0000 0030 2000 0000 0000 0000#1626598117694821#-50.0#1.5707963267948966#9
FFFF FFFF FFFF FFFF FFFF FFFF#1626598117698578#-67.5#5.049864753719531#9
0000 0033 2000 0000 0000 0000#1626598117703158#-48.5#5.816855147662351#9
0000 002E 2000 0000 0000 0000#1626598117704254#-49.5#2.454369260617026#9
0000 0032 2000 0000 0000 0000#1626598117705777#-49.5#0.2086213871524472#9
0000 002F 2000 0000 0000 0000#1626598117706797#-50.5#1.9082721001297376#9
0000 0031 2000 0000 0000 0000#1626598117707878#-50.0#0.607456392002714#9
0000 0037 2000 0000 0000 0000#1626598117710608#-47.0#3.834951969714103#9
0000 003A 2000 0000 0000 0000#1626598117711873#-48.0#2.073942025221387#9
0000 0036 2000 0000 0000 0000#1626598117714935#-46.0#4.23378697456437#9
0000 0034 2000 0000 0000 0000#1626598117716252#-47.5#5.117359908386499#9
FFFF FFFF FFFF FFFF FFFF FFFF#1626598117717546#-68.0#5.270757987175063#9
0000 0039 2000 0000 0000 0000#1626598117718853#-46.5#2.9759227284981438#9
0000 0030 2000 0000 0000 0000#1626598117719880#-50.0#1.6137477888556946#9
0000 002D 2000 0000 0000 0000#1626598117720960#-52.0#2.8409324191642074#9
0000 0038 2000 0000 0000 0000#1626598117723710#-46.0#3.5588354278946874#9
0000 0035 2000 0000 0000 0000#1626598117725882#-46.0#4.411728745959104#9
0000 0039 2000 0000 0000 0000#1626598117989621#-46.0#3.6201946594101133#9
0000 0033 2000 0000 0000 0000#1626598117991167#-49.0#0.14112623248547898#9
0000 0037 2000 0000 0000 0000#1626598117992259#-45.5#4.417864669110647#9
0000 0030 2000 0000 0000 0000#1626598117993314#-49.5#2.1598449493429825#9
0000 003A 2000 0000 0000 0000#1626598117994661#-47.5#2.6261751088602177#9
0000 002D 2000 0000 0000 0000#1626598117996212#-51.5#3.4606606574700063#9
0000 0034 2000 0000 0000 0000#1626598117997486#-48.0#5.66959299202533#9
0000 0036 2000 0000 0000 0000#1626598117998735#-46.0#4.822835597112456#9
0000 0038 2000 0000 0000 0000#1626598118000304#-45.0#4.178563666200486#9
0000 0035 2000 0000 0000 0000#1626598118002349#-45.5#5.00077736850719#9
0000 0031 2000 0000 0000 0000#1626598118004621#-49.5#1.2087768608538851#9
0000 002F 2000 0000 0000 0000#1626598118006197#-50.5#2.4850488763747385#9
0000 002E 2000 0000 0000 0000#1626598118008719#-50.0#3.043417883165112#9
0000 0032 2000 0000 0000 0000#1626598118009735#-49.5#0.8283496254582462#9
FFFF FFFF FFFF FFFF FFFF FFFF#1626598118010815#-67.5#6.215690152512618#9
0000 0038 2000 0000 0000 0000#1626598118017366#-45.0#4.184699589352029#9
0000 002F 2000 0000 0000 0000#1626598118018873#-50.5#2.497320722677824#9
0000 0036 2000 0000 0000 0000#1626598118020435#-46.0#4.8351074434155406#9
0000 0030 2000 0000 0000 0000#1626598118023126#-49.5#2.1537090261914402#9
0000 0039 2000 0000 0000 0000#1626598118024433#-46.0#3.6386024288647407#9
0000 0034 2000 0000 0000 0000#1626598118025496#-48.0#5.681864838328415#9
FFFF FFFF FFFF FFFF FFFF FFFF#1626598118026578#-67.0#6.215690152512618#9
0000 0037 2000 0000 0000 0000#1626598118027874#-46.0#4.430136515413731#9
0000 003A 2000 0000 0000 0000#1626598118028923#-48.0#2.6323110320117604#9
0000 0032 2000 0000 0000 0000#1626598118030027#-49.5#0.8283496254582462#9
0000 0035 2000 0000 0000 0000#1626598118031061#-45.5#5.006913291658733#9
0000 0031 2000 0000 0000 0000#1626598118034214#-49.5#1.214912784005428#9
0000 002D 2000 0000 0000 0000#1626598118036926#-52.0#3.479068426924634#9
0000 002E 2000 0000 0000 0000#1626598118039433#-50.5#3.0802334220743677#9
0000 0033 2000 0000 0000 0000#1626598118040523#-49.0#0.1902136176978195#9
0000 002E 2000 0000 0000 0000#1626598118304623#-49.5#2.6445828783148455#9
0000 0037 2000 0000 0000 0000#1626598118306215#-46.0#4.025165587411922#9
0000 0035 2000 0000 0000 0000#1626598118308558#-46.0#4.608078286808466#9
0000 0033 2000 0000 0000 0000#1626598118310335#-47.5#6.025476534814799#9
0000 0038 2000 0000 0000 0000#1626598118311645#-46.0#3.761320891895592#9
0000 0034 2000 0000 0000 0000#1626598118312675#-48.0#5.307573526084319#9
0000 003A 2000 0000 0000 0000#1626598118313714#-48.0#2.2580197197676637#9
0000 0031 2000 0000 0000 0000#1626598118314991#-50.5#0.8099418560036186#9
0000 0036 2000 0000 0000 0000#1626598118316663#-46.0#4.411728745959104#9
0000 002F 2000 0000 0000 0000#1626598118317782#-50.5#2.073942025221387#9
0000 0039 2000 0000 0000 0000#1626598118318892#-46.5#3.215223731408304#9
0000 0032 2000 0000 0000 0000#1626598118320360#-49.5#0.4172427743048944#9
FFFF FFFF FFFF FFFF FFFF FFFF#1626598118321457#-66.5#5.5284667595398505#9
0000 002D 2000 0000 0000 0000#1626598118322764#-52.0#3.0372819600135696#9
0000 0030 2000 0000 0000 0000#1626598118324248#-49.5#1.7732817907958012#9
0000 002D 2000 0000 0000 0000#1626598118329763#-52.5#3.018874190558942#9
0000 0038 2000 0000 0000 0000#1626598118331684#-46.0#3.7429131224409646#9
0000 0036 2000 0000 0000 0000#1626598118333363#-46.0#4.424000592262189#9
0000 0030 2000 0000 0000 0000#1626598118334451#-49.5#1.7794177139473437#9
0000 0039 2000 0000 0000 0000#1626598118335794#-46.5#3.2213596545598464#9
0000 0037 2000 0000 0000 0000#1626598118336832#-46.0#4.025165587411922#9
0000 0035 2000 0000 0000 0000#1626598118338185#-46.5#4.620350133111551#9
0000 0034 2000 0000 0000 0000#1626598118339878#-48.0#5.295301679781233#9
0000 0032 2000 0000 0000 0000#1626598118340949#-49.5#0.4049709280018093#9
0000 002F 2000 0000 0000 0000#1626598118342498#-50.5#2.0923497946760143#9
0000 002E 2000 0000 0000 0000#1626598118343839#-49.5#2.6261751088602177#9
FFFF FFFF FFFF FFFF FFFF FFFF#1626598118345588#-67.0#5.663457068873787#9
0000 0031 2000 0000 0000 0000#1626598118348019#-50.0#0.8099418560036186#9
0000 0033 2000 0000 0000 0000#1626598118349678#-49.0#6.007068765360171#9
0000 003A 2000 0000 0000 0000#1626598118350754#-48.5#2.270291566070749#9
0000 0031 2000 0000 0000 0000#1626598118614356#-50.0#0.4356505437595221#9
0000 0038 2000 0000 0000 0000#1626598118615446#-46.0#3.448388811166921#9
0000 002D 2000 0000 0000 0000#1626598118617717#-51.5#2.6323110320117604#9
0000 0039 2000 0000 0000 0000#1626598118618770#-46.5#2.8838838812250054#9
0000 0033 2000 0000 0000 0000#1626598118621910#-48.5#5.675728915176872#9
0000 0037 2000 0000 0000 0000#1626598118622960#-46.5#3.706097583531709#9
0000 002F 2000 0000 0000 0000#1626598118624038#-50.5#1.7241944055834606#9
0000 0030 2000 0000 0000 0000#1626598118625080#-50.0#1.3989904785517047#9
0000 0035 2000 0000 0000 0000#1626598118626184#-46.0#4.264466590322082#9
0000 0036 2000 0000 0000 0000#1626598118627515#-46.5#4.086524818927348#9
0000 002E 2000 0000 0000 0000#1626598118628799#-50.5#2.2580197197676637#9
FFFF FFFF FFFF FFFF FFFF FFFF#1626598118630135#-68.5#5.062136600022616#9
0000 0034 2000 0000 0000 0000#1626598118632571#-48.0#4.945554060143307#9
0000 003A 2000 0000 0000 0000#1626598118633891#-48.5#1.9389517158874505#9
0000 0032 2000 0000 0000 0000#1626598118635390#-50.0#0.03681553890925539#9
0000 0037 2000 0000 0000 0000#1626598118640846#-46.5#3.6999616603801666#9
0000 0038 2000 0000 0000 0000#1626598118643016#-46.0#3.436116964863836#9
0000 002F 2000 0000 0000 0000#1626598118644291#-50.5#1.7426021750380885#9
0000 0030 2000 0000 0000 0000#1626598118645347#-50.0#1.4173982480063325#9
0000 003A 2000 0000 0000 0000#1626598118646395#-48.5#1.9819031779482483#9
0000 002D 2000 0000 0000 0000#1626598118647433#-51.5#2.6200391857086753#9
0000 0032 2000 0000 0000 0000#1626598118649472#-48.5#0.0674951546669682#9
0000 0031 2000 0000 0000 0000#1626598118650554#-50.0#0.4479223900626072#9
0000 0033 2000 0000 0000 0000#1626598118651630#-48.5#5.66959299202533#9
0000 0039 2000 0000 0000 0000#1626598118652754#-46.5#2.890019804376548#9
0000 0036 2000 0000 0000 0000#1626598118654331#-46.5#4.1172044346850605#9
0000 0035 2000 0000 0000 0000#1626598118655661#-46.0#4.264466590322082#9
0000 0034 2000 0000 0000 0000#1626598118658946#-48.0#4.957825906446392#9
0000 002E 2000 0000 0000 0000#1626598118660015#-49.5#2.2641556429192065#9
FFFF FFFF FFFF FFFF FFFF FFFF#1626598118661239#-67.0#4.896466674930966#9
0000 0033 2000 0000 0000 0000#1626598118925016#-47.5#5.93343768754166#9
0000 0038 2000 0000 0000 0000#1626598118926553#-46.5#3.6079228131070282#9
FFFF FFFF FFFF FFFF FFFF FFFF#1626598118927576#-68.0#5.313709449235861#9
0000 0036 2000 0000 0000 0000#1626598118928637#-46.5#4.28287435977671#9
0000 0039 2000 0000 0000 0000#1626598118930232#-47.5#3.018874190558942#9
0000 002D 2000 0000 0000 0000#1626598118931314#-51.5#2.804116880254952#9
0000 002E 2000 0000 0000 0000#1626598118932582#-49.5#2.478912953223196#9
0000 002F 2000 0000 0000 0000#1626598118933645#-50.0#1.9389517158874505#9
0000 0031 2000 0000 0000 0000#1626598118935219#-50.5#0.7363107781851077#9
0000 0030 2000 0000 0000 0000#1626598118936235#-49.5#1.6566992509164924#9
0000 0035 2000 0000 0000 0000#1626598118937523#-47.0#4.479223900626073#9
0000 0037 2000 0000 0000 0000#1626598118939990#-47.5#3.902447124381071#9
0000 003A 2000 0000 0000 0000#1626598118941536#-49.0#2.061670178918302#9
0000 0032 2000 0000 0000 0000#1626598118943405#-48.0#0.3374757733348411#9
0000 0034 2000 0000 0000 0000#1626598118945549#-48.5#5.203262832508095#9
0000 0033 2000 0000 0000 0000#1626598118952158#-49.0#5.939573610693203#9
0000 002D 2000 0000 0000 0000#1626598118953695#-51.5#2.7979809571034093#9
0000 0030 2000 0000 0000 0000#1626598118955393#-49.5#1.6566992509164924#9
0000 003A 2000 0000 0000 0000#1626598118956728#-48.5#2.0493983326152168#9
0000 0034 2000 0000 0000 0000#1626598118958003#-48.5#5.184855063053467#9
0000 0032 2000 0000 0000 0000#1626598118959089#-49.5#0.32520392703175593#9
0000 002E 2000 0000 0000 0000#1626598118960715#-49.5#2.4605051837685683#9
FFFF FFFF FFFF FFFF FFFF FFFF#1626598118961766#-68.5#5.258486140871978#9
0000 0031 2000 0000 0000 0000#1626598118962801#-50.5#0.7240389318820226#9
0000 002F 2000 0000 0000 0000#1626598118964148#-50.0#1.9573594853420782#9
0000 0039 2000 0000 0000 0000#1626598118965714#-47.5#3.067961575771282#9
0000 0035 2000 0000 0000 0000#1626598118967180#-46.5#4.485359823777615#9
0000 0036 2000 0000 0000 0000#1626598118968473#-46.5#4.301282129231338#9
0000 0038 2000 0000 0000 0000#1626598118974754#-46.5#3.6017868899554855#9
0000 0037 2000 0000 0000 0000#1626598118975847#-47.5#3.890175278077986#9
0000 0039 2000 0000 0000 0000#1626598119240115#-46.5#3.6324665057131984#9
0000 003A 2000 0000 0000 0000#1626598119242290#-48.5#2.564815877344792#9
0000 002F 2000 0000 0000 0000#1626598119243367#-50.5#2.4911847995262812#9
0000 0036 2000 0000 0000 0000#1626598119244686#-46.5#4.878058905476339#9
0000 0031 2000 0000 0000 0000#1626598119245752#-49.5#1.2578642460662257#9
0000 0032 2000 0000 0000 0000#1626598119246812#-49.5#0.8835729338221293#9
0000 0034 2000 0000 0000 0000#1626598119247888#-48.0#5.737088146692298#9
0000 002E 2000 0000 0000 0000#1626598119249654#-50.0#3.06182565261974#9
0000 0030 2000 0000 0000 0000#1626598119250695#-50.0#2.172116795646068#9
0000 0037 2000 0000 0000 0000#1626598119252418#-46.5#4.460816131171445#9
0000 002D 2000 0000 0000 0000#1626598119254661#-51.5#3.448388811166921#9
0000 0035 2000 0000 0000 0000#1626598119256414#-46.0#5.043728830567988#9
FFFF FFFF FFFF FFFF FFFF FFFF#1626598119257947#-67.5#6.1850105367549055#9
0000 0038 2000 0000 0000 0000#1626598119259224#-45.5#4.2031073588066565#9
0000 0033 2000 0000 0000 0000#1626598119260912#-49.0#0.18407769454627693#9
0000 003A 2000 0000 0000 0000#1626598119266082#-48.5#2.564815877344792#9
0000 0038 2000 0000 0000 0000#1626598119267160#-45.5#4.196971435655114#9
0000 0037 2000 0000 0000 0000#1626598119268199#-46.0#4.485359823777615#9
0000 0030 2000 0000 0000 0000#1626598119269325#-50.0#2.1659808724945253#9
0000 0039 2000 0000 0000 0000#1626598119271807#-46.5#3.6079228131070282#9
0000 0035 2000 0000 0000 0000#1626598119272841#-46.0#5.043728830567988#9
0000 0032 2000 0000 0000 0000#1626598119274394#-49.5#0.8897088569736719#9
0000 002F 2000 0000 0000 0000#1626598119276084#-50.5#2.4911847995262812#9
0000 0031 2000 0000 0000 0000#1626598119277756#-49.5#1.239456476611598#9
0000 0034 2000 0000 0000 0000#1626598119279121#-48.0#5.737088146692298#9
FFFF FFFF FFFF FFFF FFFF FFFF#1626598119280171#-68.0#6.227961998815704#9
0000 002D 2000 0000 0000 0000#1626598119282134#-51.5#3.442252888015379#9
0000 002E 2000 0000 0000 0000#1626598119283346#-50.0#3.06182565261974#9
0000 0036 2000 0000 0000 0000#1626598119284425#-46.0#4.822835597112456#9
0000 0033 2000 0000 0000 0000#1626598119286372#-48.5#0.19634954084936207#9
0000 002E 2000 0000 0000 0000#1626598119554150#-47.5#3.2090878082567613#9
0000 0032 2000 0000 0000 0000#1626598119555754#-47.5#1.533980787885641#9
0000 0031 2000 0000 0000 0000#1626598119557031#-46.5#1.8285050991596843#9
0000 003A 2000 0000 0000 0000#1626598119558593#-38.5#2.478912953223196#9
FFFF FFFF FFFF FFFF FFFF FFFF#1626598119559912#-67.5#5.595961914206819#9
0000 0035 2000 0000 0000 0000#1626598119561215#-48.0#5.516194913236766#9
0000 0036 2000 0000 0000 0000#1626598119562290#-47.0#5.209398755659637#9
0000 0038 2000 0000 0000 0000#1626598119563316#-44.5#4.049709280018092#9
0000 0030 2000 0000 0000 0000#1626598119564656#-46.5#2.5402721847386216#9
0000 0037 2000 0000 0000 0000#1626598119566005#-46.0#4.516039439535327#9
0000 0033 2000 0000 0000 0000#1626598119567563#-47.5#1.0492428589137786#9
0000 0034 2000 0000 0000 0000#1626598119568595#-48.5#0.25770877236478773#9
0000 002F 2000 0000 0000 0000#1626598119571624#-47.0#2.804116880254952#9
0000 0039 2000 0000 0000 0000#1626598119572794#-42.0#3.3870295796514958#9
0000 002D 2000 0000 0000 0000#1626598119574916#-49.0#3.5833791205008576#9
0000 003B 2000 0000 0000 0000#1626598119577921#-52.5#2.9943304979527716#9
0000 0036 2000 0000 0000 0000#1626598119582046#-47.5#5.307573526084319#9
0000 0038 2000 0000 0000 0000#1626598119583382#-44.5#4.0987966652304335#9
0000 0037 2000 0000 0000 0000#1626598119585571#-46.5#4.589670517353839#9
0000 0031 2000 0000 0000 0000#1626598119587099#-46.0#1.9389517158874505#9
0000 0032 2000 0000 0000 0000#1626598119588146#-46.5#1.6873788666742053#9
0000 0033 2000 0000 0000 0000#1626598119589478#-47.0#1.1719613219446299#9
0000 0034 2000 0000 0000 0000#1626598119590723#-48.5#0.4172427743048944#9
0000 003A 2000 0000 0000 0000#1626598119592332#-37.5#2.4850488763747385#9
0000 0030 2000 0000 0000 0000#1626598119593419#-45.5#2.6261751088602177#9
0000 0039 2000 0000 0000 0000#1626598119594774#-42.0#3.423845118560751#9
0000 002E 2000 0000 0000 0000#1626598119596141#-47.0#3.3072625786814425#9
0000 002D 2000 0000 0000 0000#1626598119597206#-49.0#3.6692820446224537#9
0000 003B 2000 0000 0000 0000#1626598119609014#-50.5#3.184544115650591#9
0000 002F 2000 0000 0000 0000#1626598119610133#-47.5#3.153864499892878#9
0000 0035 2000 0000 0000 0000#1626598119611212#-47.5#5.988660995905543#9
FFFF FFFF FFFF FFFF FFFF FFFF#1626598119613693#-67.5#5.896622148632405#9
0000 002F 2000 0000 0000 0000#1626598119879475#-45.0#3.1906800388021335#9
0000 0039 2000 0000 0000 0000#1626598119880513#-42.5#3.9208548938356986#9
0000 003A 2000 0000 0000 0000#1626598119881546#-34.0#2.693670263527186#9
0000 0033 2000 0000 0000 0000#1626598119883323#-42.5#1.9634954084936207#9
0000 0035 2000 0000 0000 0000#1626598119884387#-46.0#0.8406214717613314#9
0000 0034 2000 0000 0000 0000#1626598119886639#-44.5#1.4910293258248433#9
0000 0037 2000 0000 0000 0000#1626598119888142#-48.0#5.859806609723149#9
0000 0032 2000 0000 0000 0000#1626598119889915#-42.5#2.2764274892222915#9
0000 003B 2000 0000 0000 0000#1626598119890955#-42.0#3.06182565261974#9
0000 0031 2000 0000 0000 0000#1626598119892219#-42.5#2.4605051837685683#9
0000 0030 2000 0000 0000 0000#1626598119894029#-43.5#2.9943304979527716#9
0000 002D 2000 0000 0000 0000#1626598119895397#-48.0#3.890175278077986#9
0000 0038 2000 0000 0000 0000#1626598119897172#-46.0#5.037592907416445#9
FFFF FFFF FFFF FFFF FFFF FFFF#1626598119898254#-67.5#4.908738521234052#9
0000 002E 2000 0000 0000 0000#1626598119899792#-44.5#3.5833791205008576#9
0000 0036 2000 0000 0000 0000#1626598119902963#-46.5#0.619728238305799#9
0000 0036 2000 0000 0000 0000#1626598119908519#-47.0#0.6565437772150544#9
0000 0037 2000 0000 0000 0000#1626598119909624#-47.5#5.988660995905543#9
0000 003A 2000 0000 0000 0000#1626598119911840#-34.0#2.804116880254952#9
0000 0033 2000 0000 0000 0000#1626598119912857#-42.5#2.061670178918302#9
0000 002F 2000 0000 0000 0000#1626598119915170#-44.0#3.2704470397721868#9
0000 002E 2000 0000 0000 0000#1626598119916196#-44.5#3.6386024288647407#9
0000 003B 2000 0000 0000 0000#1626598119917223#-41.5#3.1354567304382504#9
0000 0035 2000 0000 0000 0000#1626598119918483#-45.5#0.9572040116406401#9
0000 0032 2000 0000 0000 0000#1626598119920259#-42.0#2.36846633649543#9
FFFF FFFF FFFF FFFF FFFF FFFF#1626598119922039#-67.5#5.037592907416445#9
0000 0034 2000 0000 0000 0000#1626598119923397#-44.0#1.6321555583103222#9
0000 0038 2000 0000 0000 0000#1626598119924505#-46.5#5.197126909356553#9
0000 0030 2000 0000 0000 0000#1626598119926675#-43.5#3.067961575771282#9
0000 0039 2000 0000 0000 0000#1626598119929497#-41.5#4.123340357836604#9
0000 0031 2000 0000 0000 0000#1626598119930578#-42.0#2.5586799541932495#9
0000 002D 2000 0000 0000 0000#1626598119931688#-47.5#3.9638063558964967#9
0000 0030 2000 0000 0000 0000#1626598120197695#-42.0#3.9269908169872414#9
0000 003A 2000 0000 0000 0000#1626598120198745#-33.0#4.276738436625168#9
0000 002F 2000 0000 0000 0000#1626598120200569#-42.5#4.074252972624263#9
0000 0032 2000 0000 0000 0000#1626598120201866#-39.5#3.2949907323783574#9
0000 0031 2000 0000 0000 0000#1626598120204129#-39.5#3.454524734318464#9
0000 0035 2000 0000 0000 0000#1626598120205221#-41.5#2.1966604882522383#9
0000 002D 2000 0000 0000 0000#1626598120207375#-47.0#4.626486056263094#9
0000 0036 2000 0000 0000 0000#1626598120209501#-42.0#2.018718716857504#9
0000 0037 2000 0000 0000 0000#1626598120211047#-44.0#1.3744467859455345#9
0000 0039 2000 0000 0000 0000#1626598120212371#-41.0#5.737088146692298#9
0000 0033 2000 0000 0000 0000#1626598120213435#-40.0#3.067961575771282#9
0000 003B 2000 0000 0000 0000#1626598120223108#-38.0#5.2339424482658075#9
0000 0034 2000 0000 0000 0000#1626598120224198#-40.0#3.522019888985432#9
0000 0038 2000 0000 0000 0000#1626598120225293#-44.5#1.5033011721279284#9
0000 002E 2000 0000 0000 0000#1626598120226390#-43.0#5.209398755659637#9
FFFF FFFF FFFF FFFF FFFF FFFF#1626598120230831#-67.5#0.17794177139473438#9
0000 0033 2000 0000 0000 0000#1626598120237536#-39.5#3.9822141253511245#9
0000 0031 2000 0000 0000 0000#1626598120238872#-39.0#4.368777283898306#9
0000 0032 2000 0000 0000 0000#1626598120239990#-39.0#4.23378697456437#9
0000 0035 2000 0000 0000 0000#1626598120241324#-41.5#3.0802334220743677#9
0000 003B 2000 0000 0000 0000#1626598120242432#-38.5#5.301437602932776#9
FFFF FFFF FFFF FFFF FFFF FFFF#1626598120243528#-67.5#0.04295146206079795#9
0000 003A 2000 0000 0000 0000#1626598120244633#-32.0#5.2768939103266055#9
0000 0039 2000 0000 0000 0000#1626598120246204#-40.5#0.4049709280018093#9
0000 002E 2000 0000 0000 0000#1626598120247491#-43.0#5.240078371417351#9
0000 0036 2000 0000 0000 0000#1626598120249203#-42.5#2.9206994201342606#9
0000 0037 2000 0000 0000 0000#1626598120250281#-44.0#2.2764274892222915#9
0000 002F 2000 0000 0000 0000#1626598120251572#-42.0#4.988505522204105#9
0000 0030 2000 0000 0000 0000#1626598120252670#-40.5#4.8351074434155406#9
0000 0034 2000 0000 0000 0000#1626598120253719#-40.0#3.6017868899554855#9
0000 0038 2000 0000 0000 0000#1626598120254996#-44.0#1.6260196351587797#9
0000 002D 2000 0000 0000 0000#1626598120257006#-46.5#5.497787143782138#9
0000 003B 2000 0000 0000 0000#1626598120519965#-38.5#0.03681553890925539#9
0000 002F 2000 0000 0000 0000#1626598120522628#-41.0#5.160311370447297#9
0000 0038 2000 0000 0000 0000#1626598120523721#-40.5#2.350058567040802#9
0000 003A 2000 0000 0000 0000#1626598120524984#-31.5#0.14112623248547898#9
0000 0037 2000 0000 0000 0000#1626598120526334#-40.5#2.8102528034064944#9
0000 0036 2000 0000 0000 0000#1626598120527627#-39.0#3.411573272257666#9
0000 0032 2000 0000 0000 0000#1626598120528944#-38.0#4.583534594202296#9
0000 0035 2000 0000 0000 0000#1626598120529952#-38.5#3.5465635815916023#9
0000 0039 2000 0000 0000 0000#1626598120531034#-38.0#1.4726215563702154#9
0000 002E 2000 0000 0000 0000#1626598120532394#-42.5#5.393476450205914#9
0000 0033 2000 0000 0000 0000#1626598120533455#-37.5#4.3933209765044765#9
0000 0030 2000 0000 0000 0000#1626598120534598#-39.5#5.0682725231741586#9
0000 0034 2000 0000 0000 0000#1626598120536524#-38.5#3.988350048502667#9
0000 002D 2000 0000 0000 0000#1626598120537589#-46.0#5.559146375297564#9
0000 0031 2000 0000 0000 0000#1626598120538902#-38.5#4.71238898038469#9
FFFF FFFF FFFF FFFF FFFF FFFF#1626598120540112#-68.5#6.240233845118788#9
0000 002F 2000 0000 0000 0000#1626598120544982#-41.0#5.197126909356553#9
0000 0037 2000 0000 0000 0000#1626598120546688#-40.0#2.8777479580734626#9
FFFF FFFF FFFF FFFF FFFF FFFF#1626598120547986#-68.0#6.215690152512618#9
0000 003B 2000 0000 0000 0000#1626598120549542#-38.0#0.1595340019401067#9
0000 003A 2000 0000 0000 0000#1626598120550848#-31.5#0.23316507975861744#9
0000 002E 2000 0000 0000 0000#1626598120552407#-42.5#5.399612373357457#9
0000 002D 2000 0000 0000 0000#1626598120553474#-45.5#5.565282298449106#9
0000 0031 2000 0000 0000 0000#1626598120554613#-38.0#4.743068596142402#9
0000 0034 2000 0000 0000 0000#1626598120555705#-38.0#4.025165587411922#9
0000 0030 2000 0000 0000 0000#1626598120556805#-39.0#5.098952138931871#9
0000 0036 2000 0000 0000 0000#1626598120558256#-39.0#3.4606606574700063#9
0000 0033 2000 0000 0000 0000#1626598120560732#-37.5#4.417864669110647#9
0000 0038 2000 0000 0000 0000#1626598120561783#-40.0#2.435961491162398#9
0000 0039 2000 0000 0000 0000#1626598120564354#-38.0#1.5892040962495242#9
0000 0032 2000 0000 0000 0000#1626598120565445#-37.5#4.657165672020807#9
0000 0035 2000 0000 0000 0000#1626598120566665#-38.0#3.6263305825616556#9
0000 003A 2000 0000 0000 0000#1626598120841899#-28.5#1.1167380135807468#9
0000 002E 2000 0000 0000 0000#1626598120842998#-41.5#5.418020142812084#9
0000 0034 2000 0000 0000 0000#1626598120844310#-36.5#4.344233591292136#9
0000 0039 2000 0000 0000 0000#1626598120845363#-34.0#2.1475731030398975#9
0000 0033 2000 0000 0000 0000#1626598120846438#-37.0#4.71238898038469#9
0000 003B 2000 0000 0000 0000#1626598120848984#-35.5#1.184233168247715#9
0000 0031 2000 0000 0000 0000#1626598120849996#-37.0#4.957825906446392#9
0000 0036 2000 0000 0000 0000#1626598120852871#-37.5#3.810408277107933#9
0000 002D 2000 0000 0000 0000#1626598120854693#-45.5#5.522330836388308#9
0000 002F 2000 0000 0000 0000#1626598120856455#-40.5#5.313709449235861#9
0000 0037 2000 0000 0000 0000#1626598120857776#-37.5#3.2827188860752723#9
0000 0035 2000 0000 0000 0000#1626598120859691#-37.0#3.9515345095934116#9
0000 0032 2000 0000 0000 0000#1626598120861397#-36.5#4.890330751779424#9
0000 0038 2000 0000 0000 0000#1626598120862479#-36.5#2.8777479580734626#9
0000 0030 2000 0000 0000 0000#1626598120864514#-38.5#5.258486140871978#9
FFFF FFFF FFFF FFFF FFFF FFFF#1626598120865995#-68.0#5.651185222570702#9
0000 0035 2000 0000 0000 0000#1626598120870754#-37.0#3.9453985864418692#9
0000 002F 2000 0000 0000 0000#1626598120872331#-40.5#5.325981295538946#9
0000 003B 2000 0000 0000 0000#1626598120874566#-35.0#1.2701360923693108#9
0000 0039 2000 0000 0000 0000#1626598120876351#-34.0#2.2334760271614935#9
0000 0033 2000 0000 0000 0000#1626598120877752#-35.5#4.755340442445488#9
0000 0037 2000 0000 0000 0000#1626598120879048#-37.5#3.32567034813607#9
0000 0038 2000 0000 0000 0000#1626598120880596#-36.5#2.9268353432858034#9
0000 0036 2000 0000 0000 0000#1626598120881635#-37.5#3.8410878928656453#9
0000 003A 2000 0000 0000 0000#1626598120882667#-28.0#1.2640001692177683#9
0000 0031 2000 0000 0000 0000#1626598120883691#-37.0#5.00077736850719#9
0000 002D 2000 0000 0000 0000#1626598120884742#-45.5#5.534602682691394#9
0000 0034 2000 0000 0000 0000#1626598120885903#-36.0#4.3933209765044765#9
0000 0032 2000 0000 0000 0000#1626598120887452#-36.5#4.933282213840222#9
FFFF FFFF FFFF FFFF FFFF FFFF#1626598120888559#-68.0#5.700272607783043#9
0000 0030 2000 0000 0000 0000#1626598120890114#-38.5#5.283029833478148#9
0000 002E 2000 0000 0000 0000#1626598120891271#-41.5#5.442563835418255#9
0000 0034 2000 0000 0000 0000#1626598121158111#-36.0#4.227651051412827#9
0000 0033 2000 0000 0000 0000#1626598121159643#-36.5#4.601942363656923#9
0000 003A 2000 0000 0000 0000#1626598121161743#-27.0#1.533980787885641#9
0000 0038 2000 0000 0000 0000#1626598121163082#-35.0#2.8532042654672924#9
0000 0031 2000 0000 0000 0000#1626598121164117#-37.5#4.749204519293945#9
0000 0039 2000 0000 0000 0000#1626598121165159#-32.5#2.3009711818284617#9
0000 0037 2000 0000 0000 0000#1626598121166692#-36.5#3.2090878082567613#9
0000 0032 2000 0000 0000 0000#1626598121167754#-37.5#4.706253057233147#9
0000 003B 2000 0000 0000 0000#1626598121168822#-33.0#1.718058482431918#9
0000 0036 2000 0000 0000 0000#1626598121169887#-36.5#3.6999616603801666#9
0000 002E 2000 0000 0000 0000#1626598121171226#-41.5#4.945554060143307#9
0000 0030 2000 0000 0000 0000#1626598121172555#-38.5#4.95168998329485#9
0000 002F 2000 0000 0000 0000#1626598121173662#-40.0#4.970097752749477#9
0000 0035 2000 0000 0000 0000#1626598121175122#-36.5#3.834951969714103#9
FFFF FFFF FFFF FFFF FFFF FFFF#1626598121176191#-69.5#4.81056375080937#9
0000 002D 2000 0000 0000 0000#1626598121177495#-45.5#4.970097752749477#9
0000 003A 2000 0000 0000 0000#1626598121185582#-26.5#1.5953400194010667#9
0000 0034 2000 0000 0000 0000#1626598121186632#-36.0#4.28287435977671#9
0000 0037 2000 0000 0000 0000#1626598121187696#-36.5#3.2520392703175593#9
0000 0033 2000 0000 0000 0000#1626598121189062#-37.0#4.626486056263094#9
0000 0036 2000 0000 0000 0000#1626598121190128#-37.0#3.736777199289422#9
0000 0030 2000 0000 0000 0000#1626598121191188#-38.5#4.970097752749477#9
0000 002F 2000 0000 0000 0000#1626598121192465#-40.5#4.988505522204105#9
0000 0039 2000 0000 0000 0000#1626598121194294#-32.0#2.36846633649543#9
0000 0031 2000 0000 0000 0000#1626598121195418#-37.5#4.7860200582032#9
FFFF FFFF FFFF FFFF FFFF FFFF#1626598121196496#-69.0#4.804427827657828#9
0000 002D 2000 0000 0000 0000#1626598121197776#-46.0#4.963961829597935#9
0000 0035 2000 0000 0000 0000#1626598121198824#-36.5#3.890175278077986#9
0000 003B 2000 0000 0000 0000#1626598121200091#-33.0#1.7978254834019713#9
0000 0038 2000 0000 0000 0000#1626598121201140#-34.5#2.9329712664373457#9
0000 0032 2000 0000 0000 0000#1626598121203879#-37.0#4.749204519293945#9
0000 002E 2000 0000 0000 0000#1626598121205090#-42.0#4.95168998329485#9
0000 0034 2000 0000 0000 0000#1626598121468304#-36.5#5.540738605842936#9
0000 0035 2000 0000 0000 0000#1626598121469682#-35.5#5.197126909356553#9
0000 0033 2000 0000 0000 0000#1626598121470986#-37.0#5.841398840268521#9
0000 002F 2000 0000 0000 0000#1626598121472037#-41.5#5.957981380147831#9
0000 0038 2000 0000 0000 0000#1626598121473114#-34.0#4.479223900626073#9
0000 0037 2000 0000 0000 0000#1626598121474138#-35.5#4.718524903536232#9
0000 003A 2000 0000 0000 0000#1626598121475215#-25.5#3.380893656499953#9
0000 002E 2000 0000 0000 0000#1626598121476282#-43.0#5.816855147662351#9
0000 0032 2000 0000 0000 0000#1626598121478325#-37.5#5.884350302329319#9
0000 0030 2000 0000 0000 0000#1626598121479371#-39.5#5.994796919057086#9
0000 002D 2000 0000 0000 0000#1626598121480438#-47.0#5.743224069843841#9
0000 003B 2000 0000 0000 0000#1626598121482271#-32.0#3.6570101983193686#9
0000 0036 2000 0000 0000 0000#1626598121484091#-36.0#5.129631754689584#9
FFFF FFFF FFFF FFFF FFFF FFFF#1626598121485116#-69.0#6.277049384028044#9
0000 0039 2000 0000 0000 0000#1626598121486693#-31.0#4.025165587411922#9
0000 0031 2000 0000 0000 0000#1626598121490238#-38.0#5.872078456026235#9
0000 0034 2000 0000 0000 0000#1626598121496294#-37.0#5.565282298449106#9
0000 0037 2000 0000 0000 0000#1626598121497371#-35.5#4.755340442445488#9
0000 0039 2000 0000 0000 0000#1626598121498696#-31.0#4.04357335686655#9
0000 0036 2000 0000 0000 0000#1626598121500315#-36.0#5.141903600992669#9
0000 0031 2000 0000 0000 0000#1626598121501593#-38.0#5.878214379177777#9
0000 0032 2000 0000 0000 0000#1626598121502911#-37.5#5.896622148632405#9
0000 0038 2000 0000 0000 0000#1626598121504190#-34.0#4.528311285838413#9
FFFF FFFF FFFF FFFF FFFF FFFF#1626598121505493#-68.0#6.252505691421874#9
0000 0035 2000 0000 0000 0000#1626598121506583#-35.5#5.221670601962723#9
0000 003B 2000 0000 0000 0000#1626598121508617#-32.0#3.7122335066832517#9
0000 002D 2000 0000 0000 0000#1626598121510367#-47.5#5.700272607783043#9
0000 003A 2000 0000 0000 0000#1626598121511428#-25.0#3.454524734318464#9
0000 0033 2000 0000 0000 0000#1626598121512489#-37.0#5.859806609723149#9
0000 002F 2000 0000 0000 0000#1626598121514411#-41.5#5.927301764390117#9
0000 0030 2000 0000 0000 0000#1626598121521190#-40.0#5.970253226450915#9
0000 002E 2000 0000 0000 0000#1626598121522374#-43.5#5.767767762450011#9
FFFF FFFF FFFF FFFF FFFF FFFF#1626598121786109#-68.5#5.902758071783947#9
0000 0038 2000 0000 0000 0000#1626598121788015#-34.5#4.6878452877785195#9
0000 003A 2000 0000 0000 0000#1626598121789581#-25.5#3.773592738198677#9
0000 0032 2000 0000 0000 0000#1626598121790921#-39.0#5.534602682691394#9
0000 0037 2000 0000 0000 0000#1626598121791929#-35.5#4.816699673960914#9
0000 0039 2000 0000 0000 0000#1626598121792998#-31.0#4.301282129231338#9
0000 0031 2000 0000 0000 0000#1626598121794107#-40.0#5.485515297479052#9
0000 0035 2000 0000 0000 0000#1626598121795155#-36.5#5.135767677841127#9
0000 0036 2000 0000 0000 0000#1626598121796277#-36.5#5.105088062083414#9
0000 003B 2000 0000 0000 0000#1626598121797601#-31.5#4.178563666200486#9
0000 0034 2000 0000 0000 0000#1626598121798891#-37.5#5.356660911296659#9
0000 0030 2000 0000 0000 0000#1626598121800305#-42.0#5.5100589900852235#9
0000 002E 2000 0000 0000 0000#1626598121802504#-45.0#5.190990986205009#9
0000 002F 2000 0000 0000 0000#1626598121804201#-44.0#5.399612373357457#9
0000 0033 2000 0000 0000 0000#1626598121805276#-39.0#5.5714182216006485#9
0000 002D 2000 0000 0000 0000#1626598121806515#-49.0#5.049864753719531#9
0000 0030 2000 0000 0000 0000#1626598121811807#-42.0#5.47937937432751#9
FFFF FFFF FFFF FFFF FFFF FFFF#1626598121813142#-67.5#6.037748381117884#9
0000 0034 2000 0000 0000 0000#1626598121814658#-37.5#5.350524988145116#9
0000 0035 2000 0000 0000 0000#1626598121816433#-36.0#5.123495831538041#9
0000 0038 2000 0000 0000 0000#1626598121817468#-34.5#4.700117134081604#9
0000 003B 2000 0000 0000 0000#1626598121818538#-31.5#4.221515128261284#9
0000 0032 2000 0000 0000 0000#1626598121820070#-39.5#5.516194913236766#9
0000 0031 2000 0000 0000 0000#1626598121821106#-40.5#5.45483568172134#9
0000 003A 2000 0000 0000 0000#1626598121822436#-25.5#3.834951969714103#9
0000 0039 2000 0000 0000 0000#1626598121823505#-31.0#4.344233591292136#9
0000 002D 2000 0000 0000 0000#1626598121824530#-49.5#5.0253210611133605#9
0000 002F 2000 0000 0000 0000#1626598121828918#-44.0#5.3627968344482015#9
0000 0036 2000 0000 0000 0000#1626598121830421#-36.5#5.098952138931871#9
0000 0037 2000 0000 0000 0000#1626598121831939#-35.5#4.841243366567084#9
0000 0033 2000 0000 0000 0000#1626598121833515#-38.5#5.565282298449106#9
0000 002E 2000 0000 0000 0000#1626598121836634#-45.0#5.135767677841127#9
0000 0034 2000 0000 0000 0000#1626598122101061#-37.5#4.908738521234052#9
0000 0031 2000 0000 0000 0000#1626598122102625#-41.0#4.859651136021712#9
0000 002E 2000 0000 0000 0000#1626598122104522#-47.0#4.491495746929157#9
0000 003B 2000 0000 0000 0000#1626598122105572#-32.0#4.4976316700806995#9
0000 0033 2000 0000 0000 0000#1626598122106705#-38.0#5.0253210611133605#9
0000 0038 2000 0000 0000 0000#1626598122108034#-34.0#4.638757902566179#9
0000 002F 2000 0000 0000 0000#1626598122109294#-46.0#4.700117134081604#9
0000 003A 2000 0000 0000 0000#1626598122110855#-26.0#3.9944859716542096#9
0000 0032 2000 0000 0000 0000#1626598122113280#-39.0#4.914874444385594#9
0000 0037 2000 0000 0000 0000#1626598122114559#-35.0#4.651029748869264#9
0000 0039 2000 0000 0000 0000#1626598122116240#-30.5#4.387185053352934#9
0000 0030 2000 0000 0000 0000#1626598122117608#-43.5#4.8351074434155406#9
0000 0035 2000 0000 0000 0000#1626598122118871#-36.5#4.743068596142402#9
0000 0036 2000 0000 0000 0000#1626598122119864#-36.5#4.76147636559703#9
0000 002D 2000 0000 0000 0000#1626598122120889#-51.5#4.25833066717054#9
FFFF FFFF FFFF FFFF FFFF FFFF#1626598122122980#-68.5#5.921165841238575#9
0000 0036 2000 0000 0000 0000#1626598122127253#-36.5#4.767612288748572#9
0000 0038 2000 0000 0000 0000#1626598122128321#-33.5#4.651029748869264#9
0000 003A 2000 0000 0000 0000#1626598122129639#-25.5#4.006757817957295#9
0000 0039 2000 0000 0000 0000#1626598122130735#-30.5#4.387185053352934#9
0000 002F 2000 0000 0000 0000#1626598122134091#-46.0#4.675573441475434#9
FFFF FFFF FFFF FFFF FFFF FFFF#1626598122135826#-69.0#5.816855147662351#9
0000 0030 2000 0000 0000 0000#1626598122137400#-44.0#4.798291904506286#9
0000 002D 2000 0000 0000 0000#1626598122138680#-52.0#4.23378697456437#9
0000 0031 2000 0000 0000 0000#1626598122139771#-42.0#4.792155981354743#9
0000 0037 2000 0000 0000 0000#1626598122140853#-35.0#4.632621979414636#9
0000 003B 2000 0000 0000 0000#1626598122142359#-32.0#4.546719055293041#9
0000 0035 2000 0000 0000 0000#1626598122143393#-36.5#4.718524903536232#9
0000 0033 2000 0000 0000 0000#1626598122145746#-39.5#4.970097752749477#9
0000 002E 2000 0000 0000 0000#1626598122147124#-47.0#4.3933209765044765#9
0000 0032 2000 0000 0000 0000#1626598122149586#-40.5#4.859651136021712#9
0000 0034 2000 0000 0000 0000#1626598122150662#-37.5#4.847379289718626#9
0000 0038 2000 0000 0000 0000#1626598122413431#-33.5#3.9638063558964967#9
0000 002D 2000 0000 0000 0000#1626598122414725#-54.5#2.9697868053466014#9
0000 002F 2000 0000 0000 0000#1626598122416813#-48.0#3.472932503773092#9
0000 003B 2000 0000 0000 0000#1626598122418976#-32.0#4.276738436625168#9
0000 0039 2000 0000 0000 0000#1626598122421814#-31.0#3.810408277107933#9
0000 0033 2000 0000 0000 0000#1626598122422849#-41.5#3.9453985864418692#9
0000 0035 2000 0000 0000 0000#1626598122423883#-36.5#3.77972866135022#9
0000 0032 2000 0000 0000 0000#1626598122425444#-42.5#3.767456815047135#9
0000 003A 2000 0000 0000 0000#1626598122426782#-25.5#3.5588354278946874#9
0000 0034 2000 0000 0000 0000#1626598122428213#-39.0#3.8410878928656453#9
0000 0036 2000 0000 0000 0000#1626598122429310#-37.0#3.834951969714103#9
0000 0037 2000 0000 0000 0000#1626598122430417#-35.0#3.816544200259475#9
0000 002E 2000 0000 0000 0000#1626598122432907#-50.5#3.129320807286708#9
0000 0031 2000 0000 0000 0000#1626598122434130#-43.5#3.6201946594101133#9
0000 0030 2000 0000 0000 0000#1626598122436468#-46.0#3.6079228131070282#9
0000 0033 2000 0000 0000 0000#1626598122441079#-41.5#3.8963112012295285#9
0000 003B 2000 0000 0000 0000#1626598122442103#-32.0#4.28287435977671#9
0000 0037 2000 0000 0000 0000#1626598122443881#-35.0#3.7981364308048478#9
0000 0030 2000 0000 0000 0000#1626598122445636#-46.0#3.56497135104623#9
0000 003A 2000 0000 0000 0000#1626598122446940#-25.5#3.56497135104623#9
0000 002E 2000 0000 0000 0000#1626598122448493#-50.5#3.055689729468197#9
0000 0036 2000 0000 0000 0000#1626598122449757#-37.0#3.810408277107933#9
0000 0039 2000 0000 0000 0000#1626598122450809#-31.0#3.792000507653305#9
0000 0038 2000 0000 0000 0000#1626598122452388#-33.5#3.933126740138784#9
0000 0035 2000 0000 0000 0000#1626598122453935#-36.5#3.736777199289422#9
0000 0034 2000 0000 0000 0000#1626598122455239#-38.5#3.785864584501762#9
0000 0031 2000 0000 0000 0000#1626598122456263#-44.0#3.5711072741977725#9
0000 0032 2000 0000 0000 0000#1626598122457310#-42.5#3.6754179677739964#9
0000 002D 2000 0000 0000 0000#1626598122458348#-55.0#2.7979809571034093#9
0000 002F 2000 0000 0000 0000#1626598122459441#-48.5#3.3747577333484107#9
0000 0033 2000 0000 0000 0000#1626598122738178#-41.5#4.184699589352029#9
0000 0031 2000 0000 0000 0000#1626598122739261#-45.5#3.847223816017188#9
0000 0030 2000 0000 0000 0000#1626598122740330#-48.5#3.724505352986337#9
0000 002D 2000 0000 0000 0000#1626598122741423#-58.0#2.724349879284899#9
0000 0032 2000 0000 0000 0000#1626598122742727#-44.0#3.9760782021995817#9
0C21 0537 8123 1003 2202 062F#1626598122743800#-67.0#1.6198837120072371#9
0000 0038 2000 0000 0000 0000#1626598122745091#-33.0#4.651029748869264#9
0000 0037 2000 0000 0000 0000#1626598122746141#-34.0#4.448544284868359#9
0000 003A 2000 0000 0000 0000#1626598122747399#-24.5#4.577398671050753#9
0000 0039 2000 0000 0000 0000#1626598122748654#-30.0#4.651029748869264#9
0000 002F 2000 0000 0000 0000#1626598122750171#-50.5#3.5036121195308043#9
0000 002E 2000 0000 0000 0000#1626598122751282#-54.0#3.043417883165112#9
0000 003B 2000 0000 0000 0000#1626598122752378#-31.0#5.338253141842031#9
0000 0036 2000 0000 0000 0000#1626598122754880#-36.0#4.319689898685965#9
0000 0034 2000 0000 0000 0000#1626598122755973#-38.5#4.2031073588066565#9
0000 0035 2000 0000 0000 0000#1626598122757536#-36.0#4.215379205109742#9
0000 0031 2000 0000 0000 0000#1626598122765971#-45.5#3.736777199289422#9
0000 0035 2000 0000 0000 0000#1626598122767319#-36.0#4.190835512503572#9
0000 002E 2000 0000 0000 0000#1626598122768345#-54.0#2.8961557275280905#9
0C21 0537 8123 1003 2202 062F#1626598122769443#-67.5#1.748738098189631#9
0000 002F 2000 0000 0000 0000#1626598122770989#-51.0#3.4177091954092087#9
0000 0039 2000 0000 0000 0000#1626598122772056#-29.5#4.626486056263094#9
0000 0034 2000 0000 0000 0000#1626598122773571#-38.5#4.172427743048944#9
0000 0032 2000 0000 0000 0000#1626598122774622#-44.5#3.8963112012295285#9
0000 0036 2000 0000 0000 0000#1626598122775669#-36.0#4.28287435977671#9
0000 0033 2000 0000 0000 0000#1626598122776762#-42.0#4.1172044346850605#9
0000 003B 2000 0000 0000 0000#1626598122778313#-31.0#5.332117218690489#9
0000 0037 2000 0000 0000 0000#1626598122779634#-34.0#4.3933209765044765#9
0000 0038 2000 0000 0000 0000#1626598122780715#-32.5#4.601942363656923#9
0000 003A 2000 0000 0000 0000#1626598122783751#-24.5#4.558990901596125#9
0000 0030 2000 0000 0000 0000#1626598122787003#-49.0#3.5711072741977725#9
0000 002D 2000 0000 0000 0000#1626598122788682#-58.5#2.5280003384355365#9
0000 0031 2000 0000 0000 0000#1626598123056136#-48.5#2.509592568980909#9
0000 003A 2000 0000 0000 0000#1626598123057454#-24.5#4.166291819897402#9
0000 003B 2000 0000 0000 0000#1626598123059462#-30.5#5.086680292628786#9
0000 0032 2000 0000 0000 0000#1626598123060879#-45.0#2.718213956133356#9
0000 002D 2000 0000 0000 0000#1626598123061974#-57.5#0.7179030087304801#9
0000 0039 2000 0000 0000 0000#1626598123063524#-30.0#4.09266074207889#9
0C21 0537 8123 1003 2202 062F#1626598123065535#-68.0#1.0369710126106935#9
0000 0038 2000 0000 0000 0000#1626598123067323#-33.0#3.9638063558964967#9
0000 0030 2000 0000 0000 0000#1626598123068410#-52.0#2.116893487282185#9
0000 002F 2000 0000 0000 0000#1626598123078193#-54.5#1.4603497100671303#9
0000 0037 2000 0000 0000 0000#1626598123079301#-35.0#3.2581751934691017#9
0000 0035 2000 0000 0000 0000#1626598123081477#-37.5#2.859340188618835#9
0000 0036 2000 0000 0000 0000#1626598123082757#-37.5#3.000466421104314#9
0000 0033 2000 0000 0000 0000#1626598123084390#-43.0#2.5709518004963345#9
0000 002E 2000 0000 0000 0000#1626598123085443#-56.0#0.6688156235181395#9
0000 0034 2000 0000 0000 0000#1626598123086989#-40.5#2.761165418194154#9
0000 0031 2000 0000 0000 0000#1626598123094819#-49.0#1.9696313316451632#9
0000 0034 2000 0000 0000 0000#1626598123095908#-40.5#2.742757648739526#9
0000 003B 2000 0000 0000 0000#1626598123097032#-31.5#4.681709364626977#9
0000 0038 2000 0000 0000 0000#1626598123099109#-33.0#3.497476196379262#9
0000 0039 2000 0000 0000 0000#1626598123101894#-30.5#3.6017868899554855#9
0000 0030 2000 0000 0000 0000#1626598123103705#-53.0#1.5585244804918115#9
0000 0036 2000 0000 0000 0000#1626598123104812#-37.5#2.9513790358919736#9
0000 002D 2000 0000 0000 0000#1626598123105865#-53.5#6.14819499784565#9
0000 0032 2000 0000 0000 0000#1626598123107265#-46.0#2.1659808724945253#9
0000 003A 2000 0000 0000 0000#1626598123108341#-25.0#3.6692820446224537#9
0000 0033 2000 0000 0000 0000#1626598123109798#-43.5#2.509592568980909#9
0000 0037 2000 0000 0000 0000#1626598123111159#-35.5#3.1906800388021335#9
0000 002F 2000 0000 0000 0000#1626598123112438#-54.5#1.2701360923693108#9
0000 0035 2000 0000 0000 0000#1626598123113843#-37.5#2.791845033951867#9
0000 002E 2000 0000 0000 0000#1626598123115177#-55.0#0.4479223900626072#9
0000 002F 2000 0000 0000 0000#1626598123383078#-49.5#5.608233760509904#9
0000 0037 2000 0000 0000 0000#1626598123384367#-36.0#2.816388726558037#9
0000 003A 2000 0000 0000 0000#1626598123386166#-25.5#3.5036121195308043#9
0000 0038 2000 0000 0000 0000#1626598123387203#-34.5#3.1661363461959633#9
0000 002E 2000 0000 0000 0000#1626598123388318#-44.5#4.865787059173254#9
0000 003B 2000 0000 0000 0000#1626598123390380#-32.0#4.632621979414636#9
0000 002D 2000 0000 0000 0000#1626598123391432#-48.0#4.841243366567084#9
0000 0032 2000 0000 0000 0000#1626598123392949#-50.0#1.0983302441261191#9
0000 0030 2000 0000 0000 0000#1626598123394511#-50.0#5.8475347634200645#9
0000 0039 2000 0000 0000 0000#1626598123395805#-31.5#3.3011266555298997#9
0000 0036 2000 0000 0000 0000#1626598123398350#-39.0#2.442097414313941#9
FFFF FFFF FFFF FFFF FFFF FFFF#1626598123400525#-69.0#0.05522330836388308#9
0000 0033 2000 0000 0000 0000#1626598123402382#-48.0#1.6873788666742053#9
0000 0034 2000 0000 0000 0000#1626598123403458#-42.5#2.086213871524472#9
0000 0035 2000 0000 0000 0000#1626598123405005#-40.0#2.282563412373834#9
0000 0031 2000 0000 0000 0000#1626598123406085#-51.5#0.607456392002714#9
0000 002D 2000 0000 0000 0000#1626598123412371#-49.0#4.792155981354743#9
0000 0031 2000 0000 0000 0000#1626598123414339#-51.5#0.5645049299419159#9
FFFF FFFF FFFF FFFF FFFF FFFF#1626598123416053#-69.5#6.277049384028044#9
0000 0036 2000 0000 0000 0000#1626598123417990#-39.5#2.411417798556228#9
0000 003A 2000 0000 0000 0000#1626598123419054#-25.5#3.442252888015379#9
0000 0033 2000 0000 0000 0000#1626598123420509#-48.5#1.607611865704152#9
0000 0039 2000 0000 0000 0000#1626598123421604#-31.5#3.2459033471660166#9
0000 002E 2000 0000 0000 0000#1626598123422689#-45.0#4.743068596142402#9
0000 003B 2000 0000 0000 0000#1626598123423813#-32.0#4.601942363656923#9
0000 0035 2000 0000 0000 0000#1626598123425118#-39.5#2.2027964114037806#9
0000 0030 2000 0000 0000 0000#1626598123426898#-48.5#5.522330836388308#9
0000 002F 2000 0000 0000 0000#1626598123428005#-46.5#5.203262832508095#9
0000 0037 2000 0000 0000 0000#1626598123429141#-36.5#2.6875343403756435#9
0000 0038 2000 0000 0000 0000#1626598123430207#-35.0#3.067961575771282#9
0000 0034 2000 0000 0000 0000#1626598123432398#-43.0#1.9757672547967058#9
0000 0032 2000 0000 0000 0000#1626598123434056#-50.5#0.8774370106705868#9
0000 0034 2000 0000 0000 0000#1626598123699217#-44.5#0.5092816215780329#9
0000 0031 2000 0000 0000 0000#1626598123700265#-43.5#4.25833066717054#9
0000 0030 2000 0000 0000 0000#1626598123701580#-44.0#3.8410878928656453#9
0000 002E 2000 0000 0000 0000#1626598123702946#-57.0#3.693825737228624#9
0000 0036 2000 0000 0000 0000#1626598123704751#-42.5#1.227184630308513#9
0000 0039 2000 0000 0000 0000#1626598123706275#-34.0#2.2764274892222915#9
0000 0033 2000 0000 0000 0000#1626598123707794#-49.0#5.773903685601553#9
0000 002F 2000 0000 0000 0000#1626598123709326#-46.5#3.736777199289422#9
0000 002D 2000 0000 0000 0000#1626598123710435#-65.0#2.6875343403756435#9
0000 0032 2000 0000 0000 0000#1626598123711564#-45.5#4.681709364626977#9
0000 003A 2000 0000 0000 0000#1626598123712809#-27.0#2.4911847995262812#9
0000 003B 2000 0000 0000 0000#1626598123713851#-33.5#3.792000507653305#9
0000 0037 2000 0000 0000 0000#1626598123715670#-39.5#1.6689710972195777#9
0000 0035 2000 0000 0000 0000#1626598123718073#-43.5#0.9019807032767571#9
FFFF FFFF FFFF FFFF FFFF FFFF#1626598123720820#-68.0#5.663457068873787#9
0000 0038 2000 0000 0000 0000#1626598123722268#-37.0#2.043262409463674#9
0000 002F 2000 0000 0000 0000#1626598123726947#-46.5#3.6999616603801666#9
0000 0030 2000 0000 0000 0000#1626598123728018#-44.0#3.767456815047135#9
0000 0031 2000 0000 0000 0000#1626598123729069#-43.5#4.104932588381976#9
0000 0036 2000 0000 0000 0000#1626598123730671#-43.0#1.1351457830353744#9
0000 0032 2000 0000 0000 0000#1626598123732957#-45.0#4.509903516383785#9
0000 003A 2000 0000 0000 0000#1626598123734512#-27.5#2.442097414313941#9
0000 0035 2000 0000 0000 0000#1626598123735587#-43.5#0.8467573949128739#9
0000 0037 2000 0000 0000 0000#1626598123737878#-40.0#1.6137477888556946#9
0000 0039 2000 0000 0000 0000#1626598123739688#-34.0#2.2150682577068657#9
0000 0038 2000 0000 0000 0000#1626598123740769#-37.0#2.012582793705961#9
0000 0033 2000 0000 0000 0000#1626598123742757#-49.0#5.516194913236766#9
0000 002D 2000 0000 0000 0000#1626598123745557#-65.0#2.6200391857086753#9
0000 003B 2000 0000 0000 0000#1626598123746865#-33.5#3.724505352986337#9
0000 0034 2000 0000 0000 0000#1626598123748194#-46.0#0.2638446955163303#9
0000 002E 2000 0000 0000 0000#1626598123750378#-59.0#3.3195344249845276#9
FFFF FFFF FFFF FFFF FFFF FFFF#1626598123751628#-68.5#5.5714182216006485#9
0000 002E 2000 0000 0000 0000#1626598124017707#-61.5#1.9205439464328227#9
0000 002D 2000 0000 0000 0000#1626598124018761#-65.5#0.662679700366597#9
0000 0033 2000 0000 0000 0000#1626598124020326#-39.5#4.595806440505381#9
0000 003A 2000 0000 0000 0000#1626598124022953#-29.5#2.650718801466388#9
0000 0039 2000 0000 0000 0000#1626598124024023#-37.0#2.411417798556228#9
0000 003B 2000 0000 0000 0000#1626598124025349#-35.0#4.031301510563465#9
0000 0036 2000 0000 0000 0000#1626598124026383#-45.5#0.48473792897186263#9
0000 0034 2000 0000 0000 0000#1626598124027930#-42.0#5.295301679781233#9
0000 0038 2000 0000 0000 0000#1626598124028982#-41.0#2.024854640009046#9
0000 002F 2000 0000 0000 0000#1626598124031211#-59.0#3.153864499892878#9
0000 0035 2000 0000 0000 0000#1626598124032916#-45.5#0.006135923151542565#9
FFFF FFFF FFFF FFFF FFFF FFFF#1626598124033953#-67.0#0.5522330836388308#9
0000 0032 2000 0000 0000 0000#1626598124034985#-42.0#4.276738436625168#9
0000 0037 2000 0000 0000 0000#1626598124036079#-44.0#1.3560390164909069#9
0000 0030 2000 0000 0000 0000#1626598124037604#-56.5#3.761320891895592#9
0000 0031 2000 0000 0000 0000#1626598124038781#-45.5#4.123340357836604#9
0000 0036 2000 0000 0000 0000#1626598124044300#-45.5#0.3190680038802134#9
0000 002E 2000 0000 0000 0000#1626598124046537#-62.0#1.5278448647340985#9
0000 0031 2000 0000 0000 0000#1626598124047555#-46.0#4.104932588381976#9
0000 003B 2000 0000 0000 0000#1626598124048650#-35.0#4.006757817957295#9
0000 0038 2000 0000 0000 0000#1626598124049734#-41.0#1.9696313316451632#9
FFFF FFFF FFFF FFFF FFFF FFFF#1626598124051045#-68.0#0.39269908169872414#9
0000 0037 2000 0000 0000 0000#1626598124052352#-44.0#1.2762720155208536#9
0000 0033 2000 0000 0000 0000#1626598124053639#-39.5#4.485359823777615#9
0000 002D 2000 0000 0000 0000#1626598124054924#-64.0#0.25770877236478773#9
0000 003A 2000 0000 0000 0000#1626598124056224#-30.0#2.5709518004963345#9
0000 0034 2000 0000 0000 0000#1626598124057647#-40.5#5.098952138931871#9
0000 0035 2000 0000 0000 0000#1626598124058981#-44.5#6.0991076126333095#9
0000 002F 2000 0000 0000 0000#1626598124060001#-59.0#2.9513790358919736#9
0000 0032 2000 0000 0000 0000#1626598124061020#-43.0#4.252194744018997#9
0000 0039 2000 0000 0000 0000#1626598124062088#-38.0#2.3193789512830896#9
0000 0030 2000 0000 0000 0000#1626598124066419#-57.0#3.5711072741977725#9
0000 0033 2000 0000 0000 0000#1626598124329254#-50.0#3.6201946594101133#9
0000 0034 2000 0000 0000 0000#1626598124330331#-42.0#3.7429131224409646#9
0000 003A 2000 0000 0000 0000#1626598124331676#-35.0#1.3437671701878218#9
0000 0031 2000 0000 0000 0000#1626598124332700#-57.5#2.2764274892222915#9
0000 0030 2000 0000 0000 0000#1626598124335464#-63.5#1.4664856332186729#9
0000 0038 2000 0000 0000 0000#1626598124336515#-46.0#6.160466844148735#9
FFFF FFFF FFFF FFFF FFFF FFFF#1626598124338308#-67.5#5.6941366846315#9
0000 002F 2000 0000 0000 0000#1626598124339378#-67.5#5.896622148632405#9
0000 0032 2000 0000 0000 0000#1626598124340358#-56.0#2.8532042654672924#9
0000 002E 2000 0000 0000 0000#1626598124341668#-62.5#3.1231848841351653#9
0000 0037 2000 0000 0000 0000#1626598124342988#-44.5#5.111223985234957#9
0000 0036 2000 0000 0000 0000#1626598124345047#-41.0#4.239922897715912#9
0000 002D 2000 0000 0000 0000#1626598124346114#-59.0#2.184388641949153#9
0000 0035 2000 0000 0000 0000#1626598124347177#-40.5#4.000621894805752#9
0000 0039 2000 0000 0000 0000#1626598124348316#-44.0#0.6994952392758523#9
0000 003B 2000 0000 0000 0000#1626598124351362#-38.5#2.791845033951867#9
0000 0037 2000 0000 0000 0000#1626598124356948#-44.0#5.031456984264903#9
0000 0039 2000 0000 0000 0000#1626598124358301#-44.0#0.6320000846088841#9
0000 002F 2000 0000 0000 0000#1626598124359648#-67.0#5.681864838328415#9
0000 003B 2000 0000 0000 0000#1626598124360715#-38.5#2.773437264497239#9
0000 002E 2000 0000 0000 0000#1626598124361758#-62.0#2.9084275738311756#9
0000 0034 2000 0000 0000 0000#1626598124363060#-43.5#3.736777199289422#9
0000 0035 2000 0000 0000 0000#1626598124364336#-41.0#3.9576704327449543#9
FFFF FFFF FFFF FFFF FFFF FFFF#1626598124366544#-68.0#5.688000761479957#9
0000 002D 2000 0000 0000 0000#1626598124367625#-58.5#2.030990563160589#9
0000 0038 2000 0000 0000 0000#1626598124370430#-45.5#5.915029918087033#9
0000 0036 2000 0000 0000 0000#1626598124371537#-41.0#4.154019973594316#9
0000 0033 2000 0000 0000 0000#1626598124373527#-52.0#3.56497135104623#9
0000 003A 2000 0000 0000 0000#1626598124374572#-35.5#1.1903690913992575#9
0000 0031 2000 0000 0000 0000#1626598124379117#-57.5#1.932815792735908#9
0000 0030 2000 0000 0000 0000#1626598124380216#-64.5#0.9940195505498954#9
0000 0032 2000 0000 0000 0000#1626598124381519#-56.5#2.6875343403756435#9
0000 0037 2000 0000 0000 0000#1626598124646870#-43.5#4.411728745959104#9
0000 0033 2000 0000 0000 0000#1626598124649756#-58.5#2.282563412373834#9
0000 003A 2000 0000 0000 0000#1626598124651074#-41.0#6.240233845118788#9
0000 0038 2000 0000 0000 0000#1626598124652351#-43.0#4.884194828627882#9
0000 002D 2000 0000 0000 0000#1626598124653724#-58.5#0.619728238305799#9
0000 0035 2000 0000 0000 0000#1626598124654772#-50.0#3.706097583531709#9
0000 0036 2000 0000 0000 0000#1626598124655850#-48.0#3.9147189706841563#9
FFFF FFFF FFFF FFFF FFFF FFFF#1626598124657406#-68.0#6.135923151542564#9
0000 0034 2000 0000 0000 0000#1626598124658454#-54.5#3.153864499892878#9
0000 0031 2000 0000 0000 0000#1626598124659534#-61.5#5.8045833013592665#9
0000 0039 2000 0000 0000 0000#1626598124661200#-43.5#5.332117218690489#9
0000 003B 2000 0000 0000 0000#1626598124662918#-44.0#2.116893487282185#9
0000 0030 2000 0000 0000 0000#1626598124664007#-65.5#3.816544200259475#9
0000 002F 2000 0000 0000 0000#1626598124665382#-62.0#3.0066023442558567#9
0000 002E 2000 0000 0000 0000#1626598124666889#-58.5#1.2946797849754812#9
0000 0032 2000 0000 0000 0000#1626598124668462#-61.5#0.7485826244881929#9
0000 002D 2000 0000 0000 0000#1626598124673020#-57.5#0.4970097752749477#9
0000 0031 2000 0000 0000 0000#1626598124674060#-61.0#5.712544454086128#9
FFFF FFFF FFFF FFFF FFFF FFFF#1626598124675126#-67.5#6.050020227420969#9
0000 0033 2000 0000 0000 0000#1626598124676201#-59.0#2.2027964114037806#9
0000 0032 2000 0000 0000 0000#1626598124678004#-61.5#0.6013204688511713#9
0000 0034 2000 0000 0000 0000#1626598124679049#-55.0#3.08636934522591#9
0000 0036 2000 0000 0000 0000#1626598124680156#-48.5#3.865631585471816#9
0000 0038 2000 0000 0000 0000#1626598124681476#-43.5#4.792155981354743#9
0000 0039 2000 0000 0000 0000#1626598124684483#-43.0#5.227806525114265#9
0000 002F 2000 0000 0000 0000#1626598124685503#-61.0#2.816388726558037#9
0000 003A 2000 0000 0000 0000#1626598124687923#-40.5#6.031612457966341#9
0000 0030 2000 0000 0000 0000#1626598124688996#-65.5#3.724505352986337#9
0000 003B 2000 0000 0000 0000#1626598124690746#-44.5#1.9880391010997909#9
0000 0037 2000 0000 0000 0000#1626598124694199#-45.0#4.331961744989051#9
0000 0035 2000 0000 0000 0000#1626598124696697#-51.5#3.5711072741977725#9
0000 002E 2000 0000 0000 0000#1626598124697769#-58.5#1.0737865515199487#9
0000 0032 2000 0000 0000 0000#1626598124961317#-62.0#3.485204350076177#9
0000 0031 2000 0000 0000 0000#1626598124963292#-59.5#2.6813984172241008#9
0000 002E 2000 0000 0000 0000#1626598124965475#-60.0#5.540738605842936#9
0000 003A 2000 0000 0000 0000#1626598124966553#-39.5#4.362641360746763#9
0000 0036 2000 0000 0000 0000#1626598124967629#-57.5#2.2089323345553233#9
0000 0037 2000 0000 0000 0000#1626598124968662#-55.5#3.3440781175906977#9
0000 0035 2000 0000 0000 0000#1626598124970437#-58.0#1.533980787885641#9
0000 003B 2000 0000 0000 0000#1626598124971561#-47.5#0.09817477042468103#9
0000 0038 2000 0000 0000 0000#1626598124972640#-50.5#3.9269908169872414#9
0000 002D 2000 0000 0000 0000#1626598124973680#-59.5#5.141903600992669#9
0000 0039 2000 0000 0000 0000#1626598124975226#-45.5#4.1172044346850605#9
0000 0034 2000 0000 0000 0000#1626598124977516#-60.5#0.04908738521234052#9
0000 0033 2000 0000 0000 0000#1626598124978606#-63.5#4.878058905476339#9
0000 002F 2000 0000 0000 0000#1626598124979654#-60.5#0.5706408530934585#9
FFFF FFFF FFFF FFFF FFFF FFFF#1626598124981079#-68.0#5.368932757599744#9
0000 0030 2000 0000 0000 0000#1626598124982163#-64.5#1.2885438618239387#9
0000 002D 2000 0000 0000 0000#1626598124986163#-60.0#5.043728830567988#9
0000 0033 2000 0000 0000 0000#1626598124987436#-63.0#4.804427827657828#9
0000 003A 2000 0000 0000 0000#1626598124989328#-39.5#4.3074180523828804#9
0000 0034 2000 0000 0000 0000#1626598124990661#-60.5#6.2034183062095325#9
0000 002E 2000 0000 0000 0000#1626598124991732#-60.5#5.553010452146021#9
0000 0039 2000 0000 0000 0000#1626598124992798#-46.5#4.074252972624263#9
0000 0038 2000 0000 0000 0000#1626598124993848#-51.5#3.8717675086233583#9
0000 003B 2000 0000 0000 0000#1626598124994927#-47.5#6.234097921967246#9
0000 0036 2000 0000 0000 0000#1626598124996009#-58.0#1.9941750242513334#9
0000 002F 2000 0000 0000 0000#1626598124997071#-59.5#0.4295146206079795#9
0000 0031 2000 0000 0000 0000#1626598124998192#-59.5#2.380738182798515#9
0000 0037 2000 0000 0000 0000#1626598124999242#-56.5#3.1354567304382504#9
0000 0035 2000 0000 0000 0000#1626598125002126#-57.5#1.2333205534600555#9
0000 0030 2000 0000 0000 0000#1626598125004525#-63.0#1.1474176293384597#9
FFFF FFFF FFFF FFFF FFFF FFFF#1626598125005886#-67.5#5.418020142812084#9
0000 0032 2000 0000 0000 0000#1626598125006960#-61.5#3.055689729468197#9
0000 002D 2000 0000 0000 0000#1626598125270304#-62.5#4.442408361716817#9
0000 003A 2000 0000 0000 0000#1626598125272649#-42.5#4.154019973594316#9
0000 0032 2000 0000 0000 0000#1626598125274749#-57.5#1.8223691760081417#9
0000 003B 2000 0000 0000 0000#1626598125276334#-46.5#5.859806609723149#9
FFFF FFFF FFFF FFFF FFFF FFFF#1626598125277643#-68.5#0.4356505437595221#9
0000 002E 2000 0000 0000 0000#1626598125278945#-62.0#4.755340442445488#9
0000 0039 2000 0000 0000 0000#1626598125280421#-50.5#3.6324665057131984#9
0000 0033 2000 0000 0000 0000#1626598125282607#-58.5#2.8838838812250054#9
0000 002F 2000 0000 0000 0000#1626598125283686#-57.5#5.681864838328415#9
0000 0038 2000 0000 0000 0000#1626598125284970#-55.5#3.018874190558942#9
0000 0034 2000 0000 0000 0000#1626598125285975#-57.0#3.9944859716542096#9
0000 0031 2000 0000 0000 0000#1626598125287066#-56.0#0.9633399347921826#9
0000 0036 2000 0000 0000 0000#1626598125288753#-59.5#6.22182607566416#9
0000 0037 2000 0000 0000 0000#1626598125290073#-59.0#1.5953400194010667#9
0000 0030 2000 0000 0000 0000#1626598125291272#-60.0#6.12365130523948#9
0000 0035 2000 0000 0000 0000#1626598125292321#-57.5#5.258486140871978#9
0000 0038 2000 0000 0000 0000#1626598125295838#-55.5#2.9513790358919736#9
0000 003B 2000 0000 0000 0000#1626598125297390#-46.5#5.8045833013592665#9
0000 0032 2000 0000 0000 0000#1626598125299184#-58.0#1.6260196351587797#9
0000 0034 2000 0000 0000 0000#1626598125300500#-57.0#3.847223816017188#9
0000 0033 2000 0000 0000 0000#1626598125302033#-58.0#2.693670263527186#9
0000 0035 2000 0000 0000 0000#1626598125305202#-57.5#5.221670601962723#9
0000 003A 2000 0000 0000 0000#1626598125306266#-43.5#4.037437433715008#9
0000 0036 2000 0000 0000 0000#1626598125308340#-59.5#6.037748381117884#9
0000 0031 2000 0000 0000 0000#1626598125309690#-56.5#0.7976700097005334#9
0000 0039 2000 0000 0000 0000#1626598125310759#-51.5#3.485204350076177#9
0000 0037 2000 0000 0000 0000#1626598125311865#-59.5#1.4296700943094176#9
0000 0030 2000 0000 0000 0000#1626598125315359#-60.5#5.964117303299373#9
0000 002E 2000 0000 0000 0000#1626598125316458#-62.5#4.583534594202296#9
0000 002F 2000 0000 0000 0000#1626598125317510#-58.0#5.553010452146021#9
FFFF FFFF FFFF FFFF FFFF FFFF#1626598125320591#-67.5#0.521553467881118#9
0000 002D 2000 0000 0000 0000#1626598125321602#-64.0#4.28287435977671#9
0000 003B 2000 0000 0000 0000#1626598125586385#-53.5#4.71238898038469#9
0000 0039 2000 0000 0000 0000#1626598125588595#-60.0#1.6505633277649499#9
0000 0032 2000 0000 0000 0000#1626598125589894#-59.5#5.878214379177777#9
0000 0033 2000 0000 0000 0000#1626598125591245#-58.5#0.4049709280018093#9
0000 0035 2000 0000 0000 0000#1626598125592579#-60.5#2.3623304133438876#9
0000 0034 2000 0000 0000 0000#1626598125593857#-57.5#1.0921943209745766#9
0000 0037 2000 0000 0000 0000#1626598125594933#-62.5#4.798291904506286#9
0000 0031 2000 0000 0000 0000#1626598125597954#-60.0#5.47937937432751#9
0000 002D 2000 0000 0000 0000#1626598125599307#-68.0#2.662990647769473#9
0000 003A 2000 0000 0000 0000#1626598125600366#-52.5#2.5157284921324514#9
FFFF FFFF FFFF FFFF FFFF FFFF#1626598125601458#-68.0#5.675728915176872#9
0000 0038 2000 0000 0000 0000#1626598125602749#-63.0#0.28225246497095796#9
0000 0036 2000 0000 0000 0000#1626598125604183#-63.0#3.1784081924990484#9
0000 0034 2000 0000 0000 0000#1626598125609629#-57.0#1.0615147052168636#9
0000 0036 2000 0000 0000 0000#1626598125612013#-63.0#3.1661363461959633#9
0000 0031 2000 0000 0000 0000#1626598125613063#-60.5#5.522330836388308#9
0000 003B 2000 0000 0000 0000#1626598125614144#-54.5#4.614214209960009#9
FFFF FFFF FFFF FFFF FFFF FFFF#1626598125615263#-68.5#5.577554144752192#9
0000 0038 2000 0000 0000 0000#1626598125617063#-63.5#0.09817477042468103#9
0000 0037 2000 0000 0000 0000#1626598125618121#-63.5#4.669437518323892#9
0000 003A 2000 0000 0000 0000#1626598125619372#-53.5#2.405281875404685#9
0000 002D 2000 0000 0000 0000#1626598125620414#-68.5#2.84706834231575#9
0000 0032 2000 0000 0000 0000#1626598125621487#-59.5#5.872078456026235#9
0000 0035 2000 0000 0000 0000#1626598125623901#-60.0#2.1537090261914402#9
0000 0039 2000 0000 0000 0000#1626598125625936#-60.5#1.3437671701878218#9
0000 0033 2000 0000 0000 0000#1626598125627056#-59.0#0.23316507975861744#9
0000 0036 2000 0000 0000 0000#1626598125890038#-62.5#3.2704470397721868#9
0000 003A 2000 0000 0000 0000#1626598125892071#-53.5#2.2580197197676637#9
0000 0033 2000 0000 0000 0000#1626598125893136#-61.0#0.32520392703175593#9
FFFF FFFF FFFF FFFF FFFF FFFF#1626598125894413#-67.0#6.135923151542564#9
0000 0039 2000 0000 0000 0000#1626598125895990#-59.0#1.282407938672396#9
0000 002D 2000 0000 0000 0000#1626598125897587#-68.0#1.748738098189631#9
0000 0037 2000 0000 0000 0000#1626598125899134#-61.5#4.933282213840222#9
0000 0035 2000 0000 0000 0000#1626598125900178#-60.0#2.4911847995262812#9
0000 0034 2000 0000 0000 0000#1626598125902939#-58.5#1.2026409377023426#9
0000 0038 2000 0000 0000 0000#1626598125904515#-62.0#0.28838838812250056#9
0000 003B 2000 0000 0000 0000#1626598125905563#-54.5#4.565126824747668#9
0000 0032 2000 0000 0000 0000#1626598125908584#-62.0#5.816855147662351#9
0000 0031 2000 0000 0000 0000#1626598125910791#-63.0#5.47937937432751#9
0000 003A 2000 0000 0000 0000#1626598125916291#-53.5#2.2457478734645786#9
0000 0031 2000 0000 0000 0000#1626598125918185#-62.5#5.47937937432751#9
0000 0037 2000 0000 0000 0000#1626598125919191#-61.5#4.81056375080937#9
0000 0034 2000 0000 0000 0000#1626598125920722#-58.0#1.239456476611598#9
0000 0032 2000 0000 0000 0000#1626598125921742#-62.0#5.853670686571607#9
0000 0033 2000 0000 0000 0000#1626598125924868#-61.0#0.46019423636569234#9
0000 0039 2000 0000 0000 0000#1626598125926191#-59.5#1.2578642460662257#9
0000 003B 2000 0000 0000 0000#1626598125928019#-54.5#4.558990901596125#9
0000 0038 2000 0000 0000 0000#1626598125929711#-62.0#0.28225246497095796#9
0000 0035 2000 0000 0000 0000#1626598125930771#-60.0#2.4911847995262812#9
0000 0036 2000 0000 0000 0000#1626598125932277#-62.0#3.2765829629237295#9
FFFF FFFF FFFF FFFF FFFF FFFF#1626598125933368#-66.5#5.982525072754001#9
0000 0036 2000 0000 0000 0000#1626598126200960#-62.5#2.7979809571034093#9
0000 0039 2000 0000 0000 0000#1626598126202013#-60.0#1.1719613219446299#9
0000 0034 2000 0000 0000 0000#1626598126203600#-57.5#0.8528933180644165#9
0000 0038 2000 0000 0000 0000#1626598126204696#-62.5#0.07976700097005335#9
0000 0033 2000 0000 0000 0000#1626598126207750#-59.5#0.09203884727313846#9
FFFF FFFF FFFF FFFF FFFF FFFF#1626598126208800#-67.5#5.663457068873787#9
0000 003A 2000 0000 0000 0000#1626598126209875#-52.5#2.098485717827557#9
0000 0031 2000 0000 0000 0000#1626598126211896#-62.0#5.344389064993574#9
0000 003B 2000 0000 0000 0000#1626598126213702#-53.5#4.246058820867455#9
0000 0035 2000 0000 0000 0000#1626598126214750#-59.5#2.000310947402876#9
0000 0032 2000 0000 0000 0000#1626598126216311#-61.0#5.8045833013592665#9
0000 0037 2000 0000 0000 0000#1626598126219328#-63.0#4.626486056263094#9
0000 0039 2000 0000 0000 0000#1626598126224918#-60.0#1.1474176293384597#9
0000 0033 2000 0000 0000 0000#1626598126226478#-59.5#0.1595340019401067#9
0000 0031 2000 0000 0000 0000#1626598126227558#-61.5#5.332117218690489#9
0000 0035 2000 0000 0000 0000#1626598126231483#-59.5#1.9757672547967058#9
FFFF FFFF FFFF FFFF FFFF FFFF#1626598126232804#-67.5#5.5714182216006485#9
0000 0038 2000 0000 0000 0000#1626598126233885#-62.5#0.1043106935762236#9
0000 003B 2000 0000 0000 0000#1626598126235190#-53.5#4.239922897715912#9
0000 003A 2000 0000 0000 0000#1626598126236254#-52.5#2.1046216409791#9
0000 0034 2000 0000 0000 0000#1626598126237601#-57.5#0.9387962421860124#9
0000 0032 2000 0000 0000 0000#1626598126238662#-61.0#5.786175531904639#9
0000 0036 2000 0000 0000 0000#1626598126239953#-62.5#2.7120780329818137#9
0000 0037 2000 0000 0000 0000#1626598126241273#-62.5#4.558990901596125#9
