FFFF FFFF FFFF FFFF FFFF FFFF#1626597746278805#-68.0#0.018407769454627694#9
0000 0035 2000 0000 0000 0000#1626597746279851#-46.0#4.9823695990525625#9
0000 0036 2000 0000 0000 0000#1626597746282012#-47.0#4.828971520263998#9
0000 0031 2000 0000 0000 0000#1626597746283399#-50.5#1.4848934026733007#9
0000 0037 2000 0000 0000 0000#1626597746284945#-45.5#4.374913207049849#9
0000 0039 2000 0000 0000 0000#1626597746286102#-44.5#3.693825737228624#9
0000 0034 2000 0000 0000 0000#1626597746287164#-49.5#5.798447378207723#9
0000 0032 2000 0000 0000 0000#1626597746288209#-50.0#1.1228739367322893#9
0000 002D 2000 0000 0000 0000#1626597746289989#-51.5#3.442252888015379#9
0000 002E 2000 0000 0000 0000#1626597746291426#-50.5#3.141592653589793#9
0000 0033 2000 0000 0000 0000#1626597746292461#-49.5#0.39269908169872414#9
0000 002F 2000 0000 0000 0000#1626597746293606#-50.5#2.7120780329818137#9
0000 003B 2000 0000 0000 0000#1626597746296878#-65.0#4.313553975534423#9
0000 0035 2000 0000 0000 0000#1626597746301394#-46.5#4.970097752749477#9
0000 002F 2000 0000 0000 0000#1626597746302727#-51.0#2.7120780329818137#9
0000 002D 2000 0000 0000 0000#1626597746303779#-51.5#3.4606606574700063#9
0000 0038 2000 0000 0000 0000#1626597746305092#-44.5#4.123340357836604#9
0000 0033 2000 0000 0000 0000#1626597746306168#-50.0#0.4049709280018093#9
0000 0034 2000 0000 0000 0000#1626597746307699#-49.5#5.773903685601553#9
0000 0030 2000 0000 0000 0000#1626597746308752#-50.5#2.442097414313941#9
0000 0037 2000 0000 0000 0000#1626597746309830#-46.0#4.362641360746763#9
FFFF FFFF FFFF FFFF FFFF FFFF#1626597746311096#-67.5#0.34974761963792617#9
0000 0031 2000 0000 0000 0000#1626597746312158#-50.5#1.5155730184310134#9
0000 003A 2000 0000 0000 0000#1626597746313264#-45.0#3.043417883165112#9
0000 0036 2000 0000 0000 0000#1626597746316491#-46.5#4.841243366567084#9
0000 0039 2000 0000 0000 0000#1626597746318555#-44.5#3.6999616603801666#9
0000 003B 2000 0000 0000 0000#1626597746319951#-65.0#4.325825821837508#9
0000 0032 2000 0000 0000 0000#1626597746321024#-50.0#1.1290098598838318#9
0000 002E 2000 0000 0000 0000#1626597746325720#-51.0#3.1354567304382504#9
0000 0031 2000 0000 0000 0000#1626597746590165#-50.5#1.1044661672776617#9
0000 002E 2000 0000 0000 0000#1626597746592200#-50.5#2.730485802436441#9
0000 0032 2000 0000 0000 0000#1626597746593834#-51.0#0.7669903939428205#9
0000 0037 2000 0000 0000 0000#1626597746595140#-46.5#4.01902966426038#9
0000 002D 2000 0000 0000 0000#1626597746596441#-52.0#3.055689729468197#9
0000 0033 2000 0000 0000 0000#1626597746598228#-50.5#6.277049384028044#9
FFFF FFFF FFFF FFFF FFFF FFFF#1626597746599507#-69.0#5.896622148632405#9
0000 0035 2000 0000 0000 0000#1626597746600637#-47.0#4.614214209960009#9
0000 002F 2000 0000 0000 0000#1626597746601697#-51.5#2.325514874434632#9
0000 0034 2000 0000 0000 0000#1626597746602706#-50.0#5.473243451175968#9
0000 0038 2000 0000 0000 0000#1626597746603800#-45.0#3.7429131224409646#9
0000 0036 2000 0000 0000 0000#1626597746604878#-47.0#4.479223900626073#9
0000 0030 2000 0000 0000 0000#1626597746606574#-50.0#2.030990563160589#9
0000 003A 2000 0000 0000 0000#1626597746607665#-45.0#2.6200391857086753#9
0000 003B 2000 0000 0000 0000#1626597746617648#-65.0#4.239922897715912#9
0000 0039 2000 0000 0000 0000#1626597746618697#-44.5#3.5281558121369745#9
0000 0036 2000 0000 0000 0000#1626597746623899#-47.5#4.6448938257177215#9
0000 0039 2000 0000 0000 0000#1626597746625493#-44.5#3.5158839658338894#9
0000 0034 2000 0000 0000 0000#1626597746627334#-48.0#5.608233760509904#9
0000 0035 2000 0000 0000 0000#1626597746628880#-46.5#4.816699673960914#9
0000 0031 2000 0000 0000 0000#1626597746631313#-50.0#1.2762720155208536#9
0000 0033 2000 0000 0000 0000#1626597746632401#-50.0#0.20248546400090464#9
0000 0030 2000 0000 0000 0000#1626597746633696#-50.5#2.2396119503130363#9
0000 0032 2000 0000 0000 0000#1626597746634973#-50.0#0.9081166264282996#9
0000 002F 2000 0000 0000 0000#1626597746636760#-51.0#2.521864415283994#9
0000 002D 2000 0000 0000 0000#1626597746637827#-51.5#3.2827188860752723#9
0000 0038 2000 0000 0000 0000#1626597746638906#-45.5#3.9515345095934116#9
0000 0037 2000 0000 0000 0000#1626597746639970#-45.5#4.196971435655114#9
FFFF FFFF FFFF FFFF FFFF FFFF#1626597746641262#-67.5#5.724816300389213#9
0000 003A 2000 0000 0000 0000#1626597746642297#-44.5#2.82252464970958#9
0000 002E 2000 0000 0000 0000#1626597746644021#-50.0#2.9145634969827183#9
0000 003B 2000 0000 0000 0000#1626597746645445#-64.5#4.227651051412827#9
0000 0031 2000 0000 0000 0000#1626597746909898#-51.0#0.7853981633974483#9
0000 002F 2000 0000 0000 0000#1626597746911174#-50.5#1.9266798695843652#9
0000 002D 2000 0000 0000 0000#1626597746912283#-52.0#2.6261751088602177#9
0000 0032 2000 0000 0000 0000#1626597746914339#-50.5#0.380427235395639#9
0000 0034 2000 0000 0000 0000#1626597746916110#-49.5#5.098952138931871#9
0000 0037 2000 0000 0000 0000#1626597746917162#-46.5#3.6140587362585705#9
FFFF FFFF FFFF FFFF FFFF FFFF#1626597746918242#-69.0#4.914874444385594#9
0000 003A 2000 0000 0000 0000#1626597746919306#-45.5#2.227340104009951#9
0000 0039 2000 0000 0000 0000#1626597746920344#-45.5#2.8961557275280905#9
0000 0038 2000 0000 0000 0000#1626597746922633#-45.5#3.3379421944391554#9
0000 0035 2000 0000 0000 0000#1626597746923668#-47.0#4.270602513473625#9
0000 0036 2000 0000 0000 0000#1626597746924744#-47.5#4.1172044346850605#9
0000 0033 2000 0000 0000 0000#1626597746926004#-50.5#5.927301764390117#9
0000 0030 2000 0000 0000 0000#1626597746927074#-50.5#1.6751070203711202#9
0000 002E 2000 0000 0000 0000#1626597746931347#-50.5#2.3316507975861747#9
0000 003B 2000 0000 0000 0000#1626597746932786#-65.5#3.6324665057131984#9
0000 0030 2000 0000 0000 0000#1626597746938016#-50.5#1.6566992509164924#9
0000 002D 2000 0000 0000 0000#1626597746939851#-51.5#2.6200391857086753#9
FFFF FFFF FFFF FFFF FFFF FFFF#1626597746941677#-69.5#5.0253210611133605#9
0000 0038 2000 0000 0000 0000#1626597746942925#-45.5#3.3624858870453256#9
0000 002F 2000 0000 0000 0000#1626597746944201#-50.5#1.932815792735908#9
0000 0034 2000 0000 0000 0000#1626597746945263#-50.0#5.105088062083414#9
0000 0037 2000 0000 0000 0000#1626597746946327#-46.5#3.6140587362585705#9
0000 0031 2000 0000 0000 0000#1626597746947669#-51.0#0.7547185476397354#9
0000 003B 2000 0000 0000 0000#1626597746948722#-64.5#3.6324665057131984#9
0000 0035 2000 0000 0000 0000#1626597746949968#-47.0#4.252194744018997#9
0000 003A 2000 0000 0000 0000#1626597746951645#-45.5#2.2457478734645786#9
0000 0039 2000 0000 0000 0000#1626597746952683#-45.5#2.9145634969827183#9
0000 0036 2000 0000 0000 0000#1626597746954236#-48.0#4.123340357836604#9
0000 0032 2000 0000 0000 0000#1626597746956195#-50.5#0.36815538909255385#9
0000 002E 2000 0000 0000 0000#1626597746958728#-50.5#2.3439226438892597#9
0000 0033 2000 0000 0000 0000#1626597746959731#-50.5#5.939573610693203#9
0000 0033 2000 0000 0000 0000#1626597747223358#-50.5#6.0991076126333095#9
0000 0036 2000 0000 0000 0000#1626597747224521#-47.0#4.319689898685965#9
0000 0039 2000 0000 0000 0000#1626597747225830#-45.5#3.11091303783208#9
0000 0035 2000 0000 0000 0000#1626597747226879#-47.0#4.448544284868359#9
0000 002E 2000 0000 0000 0000#1626597747229991#-50.5#2.5034566458293663#9
0000 003A 2000 0000 0000 0000#1626597747240581#-45.0#3.2581751934691017#9
0000 0034 2000 0000 0000 0000#1626597747242199#-49.0#5.988660995905543#9
0000 0038 2000 0000 0000 0000#1626597747243769#-44.5#4.344233591292136#9
0000 0037 2000 0000 0000 0000#1626597747245324#-46.0#4.626486056263094#9
0000 002D 2000 0000 0000 0000#1626597747246403#-52.0#3.6447383520162835#9
0000 0032 2000 0000 0000 0000#1626597747247592#-50.0#1.2701360923693108#9
0000 0030 2000 0000 0000 0000#1626597747248918#-50.0#2.5954954931025047#9
0000 002F 2000 0000 0000 0000#1626597747250388#-51.0#2.890019804376548#9
0000 0031 2000 0000 0000 0000#1626597747251453#-50.5#1.662835174068035#9
FFFF FFFF FFFF FFFF FFFF FFFF#1626597747253055#-68.5#0.37429131224409645#9
0000 003B 2000 0000 0000 0000#1626597747254164#-65.0#4.657165672020807#9
0000 0032 2000 0000 0000 0000#1626597747259806#-50.0#1.2946797849754812#9
0000 002F 2000 0000 0000 0000#1626597747262280#-51.0#2.8777479580734626#9
0000 003B 2000 0000 0000 0000#1626597747263998#-65.5#4.638757902566179#9
0000 0036 2000 0000 0000 0000#1626597747265366#-46.0#5.043728830567988#9
FFFF FFFF FFFF FFFF FFFF FFFF#1626597747266701#-68.0#0.4111068511533518#9
0000 0038 2000 0000 0000 0000#1626597747267810#-44.0#4.344233591292136#9
0000 0034 2000 0000 0000 0000#1626597747268857#-49.0#6.007068765360171#9
0000 002E 2000 0000 0000 0000#1626597747270052#-50.5#3.3502140407422405#9
0000 0030 2000 0000 0000 0000#1626597747272212#-50.0#2.5770877236478773#9
0000 0035 2000 0000 0000 0000#1626597747273502#-46.0#5.184855063053467#9
0000 003A 2000 0000 0000 0000#1626597747274577#-45.0#3.2765829629237295#9
0000 0039 2000 0000 0000 0000#1626597747275706#-45.0#3.9576704327449543#9
0000 0037 2000 0000 0000 0000#1626597747277310#-45.5#4.608078286808466#9
0000 0033 2000 0000 0000 0000#1626597747278486#-50.0#0.5706408530934585#9
0000 0031 2000 0000 0000 0000#1626597747279492#-50.5#1.662835174068035#9
0000 002D 2000 0000 0000 0000#1626597747280858#-51.5#3.6692820446224537#9
0000 0037 2000 0000 0000 0000#1626597747544285#-46.0#4.344233591292136#9
0000 0039 2000 0000 0000 0000#1626597747546927#-45.0#3.6692820446224537#9
0000 0033 2000 0000 0000 0000#1626597747547946#-50.5#0.4663301595172349#9
0000 003A 2000 0000 0000 0000#1626597747549721#-45.5#2.9636508821950587#9
0000 0035 2000 0000 0000 0000#1626597747550841#-46.5#4.957825906446392#9
0000 0036 2000 0000 0000 0000#1626597747552843#-47.0#4.822835597112456#9
0000 002E 2000 0000 0000 0000#1626597747554142#-50.5#3.074097498922825#9
0000 0038 2000 0000 0000 0000#1626597747555220#-44.5#4.104932588381976#9
0000 002F 2000 0000 0000 0000#1626597747556296#-50.5#2.7120780329818137#9
0000 0031 2000 0000 0000 0000#1626597747557389#-51.0#1.5462526341887264#9
0000 0030 2000 0000 0000 0000#1626597747559080#-50.5#2.4605051837685683#9
0000 0032 2000 0000 0000 0000#1626597747560127#-50.0#1.1596894756415448#9
0000 002D 2000 0000 0000 0000#1626597747561406#-51.5#3.429981041712294#9
0000 0034 2000 0000 0000 0000#1626597747562467#-49.5#5.798447378207723#9
0000 003B 2000 0000 0000 0000#1626597747563893#-65.0#4.325825821837508#9
FFFF FFFF FFFF FFFF FFFF FFFF#1626597747565498#-69.0#0.1349903093339364#9
0000 0033 2000 0000 0000 0000#1626597747570973#-50.0#0.44178646691106466#9
0000 0037 2000 0000 0000 0000#1626597747573008#-46.0#4.3503695144436785#9
0000 0030 2000 0000 0000 0000#1626597747574560#-50.5#2.454369260617026#9
0000 002F 2000 0000 0000 0000#1626597747575885#-50.5#2.705942109830271#9
0000 0036 2000 0000 0000 0000#1626597747576921#-46.5#4.804427827657828#9
0000 003A 2000 0000 0000 0000#1626597747578270#-45.5#2.9636508821950587#9
0000 002E 2000 0000 0000 0000#1626597747580051#-50.5#3.129320807286708#9
0000 0039 2000 0000 0000 0000#1626597747581360#-44.5#3.650874275167826#9
0000 0035 2000 0000 0000 0000#1626597747582920#-46.5#4.963961829597935#9
0000 0038 2000 0000 0000 0000#1626597747584954#-45.0#4.06811704947272#9
0000 0031 2000 0000 0000 0000#1626597747586530#-50.5#1.5707963267948966#9
FFFF FFFF FFFF FFFF FFFF FFFF#1626597747588694#-69.5#0.3436116964863836#9
0000 002D 2000 0000 0000 0000#1626597747590012#-51.5#3.442252888015379#9
0000 0034 2000 0000 0000 0000#1626597747591427#-48.0#5.822991070813893#9
0000 003B 2000 0000 0000 0000#1626597747592747#-64.5#4.381049130201391#9
0000 0032 2000 0000 0000 0000#1626597747594337#-50.0#1.1474176293384597#9
0000 0035 2000 0000 0000 0000#1626597747860700#-47.5#4.767612288748572#9
0000 0033 2000 0000 0000 0000#1626597747862003#-51.0#0.25157284921324513#9
0000 0032 2000 0000 0000 0000#1626597747863514#-50.5#1.043106935762236#9
0000 0031 2000 0000 0000 0000#1626597747864851#-50.5#1.3928545554001621#9
0000 0036 2000 0000 0000 0000#1626597747866356#-47.5#4.577398671050753#9
0000 002E 2000 0000 0000 0000#1626597747867675#-50.0#2.9329712664373457#9
0000 0037 2000 0000 0000 0000#1626597747868722#-46.5#4.123340357836604#9
0000 003B 2000 0000 0000 0000#1626597747870477#-65.0#4.000621894805752#9
0000 003A 2000 0000 0000 0000#1626597747871808#-45.0#2.7120780329818137#9
FFFF FFFF FFFF FFFF FFFF FFFF#1626597747873101#-68.5#6.17273869045182#9
0000 0039 2000 0000 0000 0000#1626597747874154#-45.0#3.399301425954581#9
0000 0034 2000 0000 0000 0000#1626597747876195#-50.5#5.6143696836614465#9
0000 0038 2000 0000 0000 0000#1626597747879103#-45.5#3.8288160465625602#9
0000 002F 2000 0000 0000 0000#1626597747882119#-50.5#2.5464081078901644#9
0000 0030 2000 0000 0000 0000#1626597747883404#-50.5#2.2641556429192065#9
0000 002D 2000 0000 0000 0000#1626597747884470#-52.0#3.2090878082567613#9
0000 002E 2000 0000 0000 0000#1626597747888649#-50.0#2.9084275738311756#9
0000 0039 2000 0000 0000 0000#1626597747890470#-45.0#3.4054373491061236#9
0000 0034 2000 0000 0000 0000#1626597747892673#-50.5#5.632777453116074#9
0000 003A 2000 0000 0000 0000#1626597747894219#-45.0#2.6998061866787286#9
0000 002D 2000 0000 0000 0000#1626597747895271#-51.5#3.2459033471660166#9
0000 0032 2000 0000 0000 0000#1626597747896530#-50.5#1.030835089459151#9
0000 0037 2000 0000 0000 0000#1626597747897596#-46.5#4.1172044346850605#9
0000 0030 2000 0000 0000 0000#1626597747898622#-50.5#2.3009711818284617#9
0000 0035 2000 0000 0000 0000#1626597747899671#-47.5#4.755340442445488#9
0000 0038 2000 0000 0000 0000#1626597747901007#-45.5#3.816544200259475#9
0000 0031 2000 0000 0000 0000#1626597747902328#-50.5#1.3867186322486196#9
0000 0036 2000 0000 0000 0000#1626597747903406#-47.5#4.565126824747668#9
0000 0033 2000 0000 0000 0000#1626597747905318#-51.0#0.30066023442558565#9
0000 002F 2000 0000 0000 0000#1626597747906485#-50.5#2.5586799541932495#9
FFFF FFFF FFFF FFFF FFFF FFFF#1626597747907549#-69.0#6.209554229361076#9
0000 003B 2000 0000 0000 0000#1626597747908857#-66.0#4.147884050442774#9
FFFF FFFF FFFF FFFF FFFF FFFF#1626597748173613#-68.5#5.080544369477243#9
0000 0031 2000 0000 0000 0000#1626597748174659#-51.0#0.8467573949128739#9
0000 003A 2000 0000 0000 0000#1626597748176858#-45.5#2.1475731030398975#9
0000 0038 2000 0000 0000 0000#1626597748177923#-46.0#3.2397674240144743#9
0000 002D 2000 0000 0000 0000#1626597748179017#-51.0#2.5832236467994196#9
0000 0030 2000 0000 0000 0000#1626597748180754#-50.5#1.7241944055834606#9
0000 002F 2000 0000 0000 0000#1626597748181775#-50.5#1.9696313316451632#9
0000 0033 2000 0000 0000 0000#1626597748183049#-51.0#6.025476534814799#9
0000 0035 2000 0000 0000 0000#1626597748184107#-48.0#4.190835512503572#9
0000 0032 2000 0000 0000 0000#1626597748185442#-51.0#0.48473792897186263#9
0000 003B 2000 0000 0000 0000#1626597748187750#-65.0#3.5833791205008576#9
0000 0036 2000 0000 0000 0000#1626597748188985#-48.0#4.037437433715008#9
0000 0037 2000 0000 0000 0000#1626597748190079#-47.0#3.5158839658338894#9
0000 0034 2000 0000 0000 0000#1626597748192110#-50.5#5.123495831538041#9
0000 0039 2000 0000 0000 0000#1626597748193547#-45.5#2.816388726558037#9
0000 002E 2000 0000 0000 0000#1626597748194915#-50.5#2.3439226438892597#9
0000 0033 2000 0000 0000 0000#1626597748200072#-51.0#5.970253226450915#9
0000 0034 2000 0000 0000 0000#1626597748201148#-50.5#5.043728830567988#9
0000 0031 2000 0000 0000 0000#1626597748202210#-51.0#0.8528933180644165#9
0000 002F 2000 0000 0000 0000#1626597748203545#-50.5#1.9512235621905356#9
0000 0030 2000 0000 0000 0000#1626597748204613#-50.0#1.7241944055834606#9
0000 0032 2000 0000 0000 0000#1626597748207391#-49.5#0.4540583132141498#9
0000 0039 2000 0000 0000 0000#1626597748208958#-45.5#2.7857091108003242#9
0000 0037 2000 0000 0000 0000#1626597748210966#-47.0#3.54042765844006#9
0000 0035 2000 0000 0000 0000#1626597748212014#-48.0#4.196971435655114#9
0000 0036 2000 0000 0000 0000#1626597748213305#-48.0#4.049709280018092#9
0000 003A 2000 0000 0000 0000#1626597748214639#-46.0#2.1475731030398975#9
0000 003B 2000 0000 0000 0000#1626597748217872#-65.5#3.736777199289422#9
FFFF FFFF FFFF FFFF FFFF FFFF#1626597748219320#-68.5#5.258486140871978#9
0000 0038 2000 0000 0000 0000#1626597748220838#-46.0#3.2397674240144743#9
0000 002D 2000 0000 0000 0000#1626597748223089#-51.5#2.6200391857086753#9
0000 002E 2000 0000 0000 0000#1626597748224159#-50.0#2.3071071049800045#9
0000 0031 2000 0000 0000 0000#1626597748487370#-50.0#1.7671458676442586#9
0000 0034 2000 0000 0000 0000#1626597748488714#-50.0#5.957981380147831#9
0000 0039 2000 0000 0000 0000#1626597748490041#-44.5#3.859495662320273#9
0000 0035 2000 0000 0000 0000#1626597748493305#-47.0#5.141903600992669#9
0000 0032 2000 0000 0000 0000#1626597748494294#-50.5#1.3621749396424494#9
0000 0037 2000 0000 0000 0000#1626597748495557#-46.0#4.503767593232243#9
0000 002E 2000 0000 0000 0000#1626597748496625#-50.0#3.3440781175906977#9
0000 0038 2000 0000 0000 0000#1626597748497917#-44.5#4.276738436625168#9
0000 002D 2000 0000 0000 0000#1626597748499487#-51.0#3.6447383520162835#9
0000 0036 2000 0000 0000 0000#1626597748500554#-47.0#4.97623367590102#9
0000 003A 2000 0000 0000 0000#1626597748501601#-45.5#3.1661363461959633#9
0000 003B 2000 0000 0000 0000#1626597748502940#-65.5#4.589670517353839#9
FFFF FFFF FFFF FFFF FFFF FFFF#1626597748504343#-68.5#0.47860200582032003#9
0000 0033 2000 0000 0000 0000#1626597748507423#-50.5#0.6320000846088841#9
0000 0030 2000 0000 0000 0000#1626597748510931#-50.0#2.6200391857086753#9
0000 002F 2000 0000 0000 0000#1626597748511980#-50.5#2.9329712664373457#9
0000 002E 2000 0000 0000 0000#1626597748516268#-50.0#3.356349963893783#9
0000 0036 2000 0000 0000 0000#1626597748519412#-46.5#4.9823695990525625#9
0000 002F 2000 0000 0000 0000#1626597748520925#-50.5#2.9268353432858034#9
0000 0037 2000 0000 0000 0000#1626597748522213#-46.0#4.509903516383785#9
0000 0038 2000 0000 0000 0000#1626597748523770#-44.5#4.276738436625168#9
0000 003A 2000 0000 0000 0000#1626597748525082#-45.5#3.172272269347506#9
FFFF FFFF FFFF FFFF FFFF FFFF#1626597748527274#-68.5#0.6933593161243098#9
0000 0039 2000 0000 0000 0000#1626597748530120#-45.0#3.877903431774901#9
0000 0032 2000 0000 0000 0000#1626597748531182#-50.5#1.3560390164909069#9
0000 003B 2000 0000 0000 0000#1626597748532349#-65.0#4.638757902566179#9
0000 0030 2000 0000 0000 0000#1626597748533429#-50.0#2.662990647769473#9
0000 002D 2000 0000 0000 0000#1626597748535286#-51.0#3.6447383520162835#9
0000 0035 2000 0000 0000 0000#1626597748536547#-46.5#5.135767677841127#9
0000 0031 2000 0000 0000 0000#1626597748538675#-50.5#1.7548740213411735#9
0000 0033 2000 0000 0000 0000#1626597748540172#-51.0#0.6504078540635119#9
0000 0034 2000 0000 0000 0000#1626597748541191#-50.0#5.976389149602458#9
0000 0037 2000 0000 0000 0000#1626597748805898#-46.0#4.466952054322987#9
0000 0033 2000 0000 0000 0000#1626597748807425#-50.0#0.8406214717613314#9
0000 0036 2000 0000 0000 0000#1626597748808932#-47.0#5.043728830567988#9
0000 0039 2000 0000 0000 0000#1626597748809987#-43.5#3.6815538909255388#9
0000 0030 2000 0000 0000 0000#1626597748811073#-49.0#2.6691265709210157#9
0000 002E 2000 0000 0000 0000#1626597748812627#-49.5#3.2827188860752723#9
0000 0032 2000 0000 0000 0000#1626597748814853#-49.5#1.5278448647340985#9
0000 0035 2000 0000 0000 0000#1626597748815930#-47.5#5.2339424482658075#9
0000 0034 2000 0000 0000 0000#1626597748817445#-50.5#6.234097921967246#9
0000 003A 2000 0000 0000 0000#1626597748818796#-41.5#2.9391071895888885#9
0000 0038 2000 0000 0000 0000#1626597748819861#-44.0#4.154019973594316#9
0000 002F 2000 0000 0000 0000#1626597748821209#-50.0#2.945243112740431#9
0000 002D 2000 0000 0000 0000#1626597748825535#-50.5#3.6386024288647407#9
FFFF FFFF FFFF FFFF FFFF FFFF#1626597748827439#-68.0#0.2761165418194154#9
0000 0031 2000 0000 0000 0000#1626597748828474#-49.0#1.9205439464328227#9
0000 003B 2000 0000 0000 0000#1626597748829912#-58.5#4.196971435655114#9
0000 0033 2000 0000 0000 0000#1626597748837072#-49.5#1.030835089459151#9
0000 0030 2000 0000 0000 0000#1626597748838101#-49.0#2.724349879284899#9
0000 0035 2000 0000 0000 0000#1626597748839387#-47.5#5.3627968344482015#9
0000 0039 2000 0000 0000 0000#1626597748840957#-43.0#3.6999616603801666#9
0000 0034 2000 0000 0000 0000#1626597748842232#-50.5#0.1227184630308513#9
0000 002F 2000 0000 0000 0000#1626597748843309#-50.0#3.000466421104314#9
0000 0031 2000 0000 0000 0000#1626597748844359#-48.5#1.9941750242513334#9
0000 002E 2000 0000 0000 0000#1626597748845884#-49.0#3.393165502803038#9
0000 0038 2000 0000 0000 0000#1626597748849155#-44.0#4.196971435655114#9
0000 003A 2000 0000 0000 0000#1626597748850233#-40.0#2.9329712664373457#9
0000 0037 2000 0000 0000 0000#1626597748851795#-46.5#4.552854978444583#9
0000 0036 2000 0000 0000 0000#1626597748853144#-47.5#5.178719139901925#9
FFFF FFFF FFFF FFFF FFFF FFFF#1626597748854236#-68.0#0.0859029241215959#9
0000 0032 2000 0000 0000 0000#1626597748855313#-48.5#1.7855536370988863#9
0000 002D 2000 0000 0000 0000#1626597748856761#-50.5#3.7551849687440497#9
0000 003B 2000 0000 0000 0000#1626597748858684#-56.5#3.9699422790480394#9
0000 002F 2000 0000 0000 0000#1626597749123912#-46.0#3.56497135104623#9
0000 003B 2000 0000 0000 0000#1626597749124938#-43.0#3.399301425954581#9
0000 0038 2000 0000 0000 0000#1626597749126844#-46.0#4.8351074434155406#9
0000 0033 2000 0000 0000 0000#1626597749128620#-45.0#2.2212041808584084#9
0000 0039 2000 0000 0000 0000#1626597749130251#-42.0#4.006757817957295#9
0000 0037 2000 0000 0000 0000#1626597749131794#-49.5#5.688000761479957#9
0000 0034 2000 0000 0000 0000#1626597749132901#-46.5#1.705786636128833#9
0000 0036 2000 0000 0000 0000#1626597749134178#-49.5#0.521553467881118#9
0000 003A 2000 0000 0000 0000#1626597749135242#-35.0#2.9636508821950587#9
0000 002D 2000 0000 0000 0000#1626597749136667#-48.5#4.190835512503572#9
FFFF FFFF FFFF FFFF FFFF FFFF#1626597749137985#-68.0#6.1420590746941075#9
0000 0030 2000 0000 0000 0000#1626597749139026#-45.0#3.3870295796514958#9
0000 0032 2000 0000 0000 0000#1626597749140102#-43.5#2.5586799541932495#9
0000 0031 2000 0000 0000 0000#1626597749141680#-43.5#2.742757648739526#9
0000 002E 2000 0000 0000 0000#1626597749143146#-46.5#3.9699422790480394#9
0000 0035 2000 0000 0000 0000#1626597749144408#-48.0#0.9081166264282996#9
0000 002E 2000 0000 0000 0000#1626597749149326#-46.5#3.9576704327449543#9
0000 003A 2000 0000 0000 0000#1626597749150675#-35.0#3.031146036862027#9
0000 0039 2000 0000 0000 0000#1626597749151953#-42.0#4.0987966652304335#9
0000 0033 2000 0000 0000 0000#1626597749153300#-45.0#2.2948352586769194#9
0000 002F 2000 0000 0000 0000#1626597749154438#-46.0#3.6386024288647407#9
0000 0032 2000 0000 0000 0000#1626597749155485#-43.5#2.6016314162540475#9
0000 002D 2000 0000 0000 0000#1626597749157306#-48.0#4.252194744018997#9
0000 0035 2000 0000 0000 0000#1626597749158624#-48.0#0.9694758579437253#9
0000 0034 2000 0000 0000 0000#1626597749160184#-46.0#1.8039614065535141#9
0000 0038 2000 0000 0000 0000#1626597749161250#-46.5#5.00077736850719#9
0000 003B 2000 0000 0000 0000#1626597749162572#-42.5#3.472932503773092#9
FFFF FFFF FFFF FFFF FFFF FFFF#1626597749163623#-68.0#6.160466844148735#9
0000 0030 2000 0000 0000 0000#1626597749165659#-44.5#3.472932503773092#9
0000 0031 2000 0000 0000 0000#1626597749166754#-43.5#2.834796496012665#9
0000 0036 2000 0000 0000 0000#1626597749169817#-49.5#0.7731263170943632#9
0000 0037 2000 0000 0000 0000#1626597749172606#-49.0#5.9518454569962875#9
0000 0032 2000 0000 0000 0000#1626597749436631#-41.0#2.767301341345697#9
0000 002D 2000 0000 0000 0000#1626597749437684#-47.0#4.2031073588066565#9
0000 003B 2000 0000 0000 0000#1626597749439814#-40.5#3.6017868899554855#9
0000 002F 2000 0000 0000 0000#1626597749441434#-44.5#3.706097583531709#9
0000 0036 2000 0000 0000 0000#1626597749442497#-45.5#1.3928545554001621#9
0000 0034 2000 0000 0000 0000#1626597749443574#-42.0#2.073942025221387#9
0000 003A 2000 0000 0000 0000#1626597749444611#-34.5#3.5158839658338894#9
0000 0033 2000 0000 0000 0000#1626597749445928#-41.5#2.5280003384355365#9
0000 0038 2000 0000 0000 0000#1626597749446922#-47.0#6.105243535784852#9
0000 0030 2000 0000 0000 0000#1626597749448415#-43.0#3.5281558121369745#9
0000 0031 2000 0000 0000 0000#1626597749449730#-41.5#2.9697868053466014#9
0000 0035 2000 0000 0000 0000#1626597749450820#-44.0#1.5953400194010667#9
0000 0037 2000 0000 0000 0000#1626597749452294#-47.0#0.7179030087304801#9
0000 0039 2000 0000 0000 0000#1626597749453436#-42.5#4.945554060143307#9
FFFF FFFF FFFF FFFF FFFF FFFF#1626597749454471#-68.5#5.006913291658733#9
0000 002E 2000 0000 0000 0000#1626597749456321#-45.0#4.006757817957295#9
0000 0038 2000 0000 0000 0000#1626597749461334#-47.0#6.191146459906448#9
0000 002F 2000 0000 0000 0000#1626597749462597#-44.5#3.7551849687440497#9
0000 0039 2000 0000 0000 0000#1626597749463735#-42.5#5.00077736850719#9
0000 0031 2000 0000 0000 0000#1626597749464787#-41.5#3.0127382674073995#9
0000 0033 2000 0000 0000 0000#1626597749466590#-41.5#2.5893595699509624#9
0000 003A 2000 0000 0000 0000#1626597749468631#-35.0#3.6140587362585705#9
0000 0030 2000 0000 0000 0000#1626597749469730#-43.0#3.5833791205008576#9
0000 002D 2000 0000 0000 0000#1626597749470798#-47.0#4.246058820867455#9
0000 002E 2000 0000 0000 0000#1626597749471867#-44.5#4.037437433715008#9
0000 003B 2000 0000 0000 0000#1626597749474160#-40.5#3.718369429834794#9
0000 0032 2000 0000 0000 0000#1626597749476005#-41.0#2.8532042654672924#9
0000 0037 2000 0000 0000 0000#1626597749478637#-47.0#0.803805932852076#9
0000 0035 2000 0000 0000 0000#1626597749480754#-43.5#1.6566992509164924#9
0000 0034 2000 0000 0000 0000#1626597749481924#-41.0#2.1782527187976104#9
FFFF FFFF FFFF FFFF FFFF FFFF#1626597749483247#-67.5#5.080544369477243#9
0000 0036 2000 0000 0000 0000#1626597749484312#-45.0#1.576932249946439#9
0000 0033 2000 0000 0000 0000#1626597749757068#-39.0#4.319689898685965#9
0000 003B 2000 0000 0000 0000#1626597749758192#-39.5#5.8045833013592665#9
0000 003A 2000 0000 0000 0000#1626597749759243#-33.5#5.927301764390117#9
0000 0032 2000 0000 0000 0000#1626597749760291#-39.0#4.534447208989955#9
0000 0037 2000 0000 0000 0000#1626597749765518#-42.5#2.6568547246179306#9
0000 002E 2000 0000 0000 0000#1626597749767678#-43.5#5.460971604872882#9
FFFF FFFF FFFF FFFF FFFF FFFF#1626597749769154#-69.0#0.47860200582032003#9
0000 0036 2000 0000 0000 0000#1626597749770201#-41.5#3.313398501832985#9
0000 0030 2000 0000 0000 0000#1626597749771784#-41.0#5.135767677841127#9
0000 0039 2000 0000 0000 0000#1626597749772810#-40.5#1.1290098598838318#9
0000 0035 2000 0000 0000 0000#1626597749774113#-40.5#3.423845118560751#9
0000 002D 2000 0000 0000 0000#1626597749776110#-46.0#5.608233760509904#9
0000 0031 2000 0000 0000 0000#1626597749777176#-39.5#4.700117134081604#9
0000 0038 2000 0000 0000 0000#1626597749778713#-42.5#2.1353012567368124#9
0000 0034 2000 0000 0000 0000#1626597749779746#-40.5#3.9208548938356986#9
0000 002F 2000 0000 0000 0000#1626597749780823#-42.5#5.283029833478148#9
0000 0035 2000 0000 0000 0000#1626597749787315#-40.0#3.454524734318464#9
0000 0032 2000 0000 0000 0000#1626597749788633#-39.0#4.589670517353839#9
0000 002D 2000 0000 0000 0000#1626597749789927#-46.0#5.638913376267617#9
0000 003B 2000 0000 0000 0000#1626597749790953#-39.0#5.939573610693203#9
0000 002F 2000 0000 0000 0000#1626597749792046#-42.5#5.295301679781233#9
0000 0034 2000 0000 0000 0000#1626597749793322#-40.0#3.9453985864418692#9
0000 002E 2000 0000 0000 0000#1626597749794389#-43.5#5.491651220630596#9
0000 0038 2000 0000 0000 0000#1626597749796167#-42.5#2.1966604882522383#9
0000 003A 2000 0000 0000 0000#1626597749797530#-33.5#6.080699843178682#9
0000 0031 2000 0000 0000 0000#1626597749799108#-39.5#4.724660826687775#9
0000 0037 2000 0000 0000 0000#1626597749800216#-42.0#2.736621725587984#9
0000 0033 2000 0000 0000 0000#1626597749801373#-38.0#4.3933209765044765#9
0000 0039 2000 0000 0000 0000#1626597749802470#-40.0#1.239456476611598#9
0000 0030 2000 0000 0000 0000#1626597749804524#-41.0#5.184855063053467#9
FFFF FFFF FFFF FFFF FFFF FFFF#1626597749805801#-68.5#0.4172427743048944#9
0000 0036 2000 0000 0000 0000#1626597749809059#-41.0#3.380893656499953#9
0000 0031 2000 0000 0000 0000#1626597750075129#-38.0#4.95168998329485#9
0000 003B 2000 0000 0000 0000#1626597750076409#-38.5#0.6749515466696822#9
0000 0038 2000 0000 0000 0000#1626597750077464#-39.0#2.6691265709210157#9
0000 0035 2000 0000 0000 0000#1626597750078512#-38.5#3.77972866135022#9
0000 003A 2000 0000 0000 0000#1626597750079615#-32.0#0.7485826244881929#9
0000 0036 2000 0000 0000 0000#1626597750081660#-39.0#3.6999616603801666#9
0000 002F 2000 0000 0000 0000#1626597750083901#-42.0#5.436427912266712#9
0000 0033 2000 0000 0000 0000#1626597750085435#-38.5#4.669437518323892#9
FFFF FFFF FFFF FFFF FFFF FFFF#1626597750086429#-68.5#0.1043106935762236#9
0000 0037 2000 0000 0000 0000#1626597750087703#-40.5#3.1784081924990484#9
0000 0032 2000 0000 0000 0000#1626597750088766#-38.0#4.865787059173254#9
0000 0034 2000 0000 0000 0000#1626597750090378#-37.5#4.270602513473625#9
0000 002E 2000 0000 0000 0000#1626597750092046#-42.5#5.534602682691394#9
0000 002D 2000 0000 0000 0000#1626597750094470#-45.5#5.64504929941916#9
0000 0039 2000 0000 0000 0000#1626597750108026#-37.5#1.6260196351587797#9
0000 0030 2000 0000 0000 0000#1626597750109113#-40.0#4.9823695990525625#9
0000 002F 2000 0000 0000 0000#1626597750112007#-41.5#5.0682725231741586#9
0000 0034 2000 0000 0000 0000#1626597750113817#-38.5#3.9208548938356986#9
0000 0030 2000 0000 0000 0000#1626597750115471#-40.0#4.9823695990525625#9
0000 0038 2000 0000 0000 0000#1626597750116510#-39.0#2.356194490192345#9
0000 0039 2000 0000 0000 0000#1626597750117581#-37.0#1.6382914814618648#9
0000 0031 2000 0000 0000 0000#1626597750118888#-38.5#4.608078286808466#9
0000 0033 2000 0000 0000 0000#1626597750120191#-37.5#4.3074180523828804#9
0000 0036 2000 0000 0000 0000#1626597750121470#-39.0#3.356349963893783#9
0000 003B 2000 0000 0000 0000#1626597750122819#-38.0#0.4479223900626072#9
0000 0035 2000 0000 0000 0000#1626597750123870#-37.5#3.454524734318464#9
0000 003A 2000 0000 0000 0000#1626597750125196#-31.0#0.4970097752749477#9
0000 002E 2000 0000 0000 0000#1626597750126824#-42.5#5.166447293598839#9
0000 0037 2000 0000 0000 0000#1626597750127875#-39.0#2.791845033951867#9
FFFF FFFF FFFF FFFF FFFF FFFF#1626597750128954#-69.0#5.620505606812989#9
0000 0032 2000 0000 0000 0000#1626597750131310#-37.5#4.4976316700806995#9
0000 002D 2000 0000 0000 0000#1626597750133190#-45.5#5.258486140871978#9
0000 0036 2000 0000 0000 0000#1626597750399709#-37.5#4.04357335686655#9
FFFF FFFF FFFF FFFF FFFF FFFF#1626597750401260#-68.5#5.730952223540755#9
0000 0034 2000 0000 0000 0000#1626597750402294#-36.5#4.589670517353839#9
0000 003B 2000 0000 0000 0000#1626597750403330#-35.5#1.6812429435226628#9
0000 0037 2000 0000 0000 0000#1626597750405067#-37.0#3.5342917352885173#9
0000 0030 2000 0000 0000 0000#1626597750406134#-40.0#5.460971604872882#9
0000 0033 2000 0000 0000 0000#1626597750407469#-36.5#4.970097752749477#9
0000 0031 2000 0000 0000 0000#1626597750409987#-37.0#5.154175447295755#9
0000 002E 2000 0000 0000 0000#1626597750411071#-42.5#5.497787143782138#9
0000 003A 2000 0000 0000 0000#1626597750412106#-28.5#1.6444274046134073#9
0000 0035 2000 0000 0000 0000#1626597750413169#-36.5#4.147884050442774#9
0000 0038 2000 0000 0000 0000#1626597750414217#-36.5#3.172272269347506#9
0000 002F 2000 0000 0000 0000#1626597750417039#-41.5#5.522330836388308#9
0000 0032 2000 0000 0000 0000#1626597750420675#-36.5#5.111223985234957#9
0000 002D 2000 0000 0000 0000#1626597750421700#-46.0#5.5714182216006485#9
0000 0039 2000 0000 0000 0000#1626597750422993#-33.5#2.5709518004963345#9
0000 0032 2000 0000 0000 0000#1626597750427202#-37.0#5.117359908386499#9
0000 0033 2000 0000 0000 0000#1626597750429544#-36.5#4.988505522204105#9
0000 0030 2000 0000 0000 0000#1626597750431113#-40.0#5.491651220630596#9
0000 002F 2000 0000 0000 0000#1626597750432408#-41.5#5.534602682691394#9
0000 002D 2000 0000 0000 0000#1626597750434247#-45.5#5.553010452146021#9
0000 0034 2000 0000 0000 0000#1626597750436121#-36.5#4.626486056263094#9
0000 002E 2000 0000 0000 0000#1626597750437431#-42.5#5.522330836388308#9
0000 0031 2000 0000 0000 0000#1626597750438628#-37.0#5.184855063053467#9
0000 0036 2000 0000 0000 0000#1626597750439707#-37.0#4.086524818927348#9
0000 0038 2000 0000 0000 0000#1626597750440787#-36.0#3.2336315008629315#9
0000 0037 2000 0000 0000 0000#1626597750442081#-37.0#3.5956509668039427#9
FFFF FFFF FFFF FFFF FFFF FFFF#1626597750443173#-68.0#5.921165841238575#9
0000 003B 2000 0000 0000 0000#1626597750444225#-35.0#1.8223691760081417#9
0000 003A 2000 0000 0000 0000#1626597750445232#-28.0#1.7426021750380885#9
0000 0039 2000 0000 0000 0000#1626597750446669#-33.5#2.6261751088602177#9
0000 0035 2000 0000 0000 0000#1626597750448574#-36.0#4.196971435655114#9
0000 002F 2000 0000 0000 0000#1626597750719781#-42.0#5.270757987175063#9
0000 0032 2000 0000 0000 0000#1626597750722595#-37.5#5.049864753719531#9
0000 0030 2000 0000 0000 0000#1626597750723665#-40.5#5.2768939103266055#9
0000 0036 2000 0000 0000 0000#1626597750726104#-37.0#4.135612204139688#9
0000 0031 2000 0000 0000 0000#1626597750727512#-37.5#5.080544369477243#9
0000 0039 2000 0000 0000 0000#1626597750728826#-32.0#2.8286605728611223#9
0000 003A 2000 0000 0000 0000#1626597750729984#-25.0#2.12916533358527#9
0000 0035 2000 0000 0000 0000#1626597750731673#-36.0#4.227651051412827#9
0000 0034 2000 0000 0000 0000#1626597750732807#-37.0#4.663301595172349#9
0000 0038 2000 0000 0000 0000#1626597750733888#-34.5#3.368621810196868#9
0000 0037 2000 0000 0000 0000#1626597750735451#-36.0#3.6815538909255388#9
0000 0033 2000 0000 0000 0000#1626597750736694#-36.0#4.9823695990525625#9
0000 002D 2000 0000 0000 0000#1626597750737761#-46.5#5.092816215780329#9
0000 003B 2000 0000 0000 0000#1626597750739070#-33.5#2.3623304133438876#9
0000 002E 2000 0000 0000 0000#1626597750740562#-43.0#5.135767677841127#9
FFFF FFFF FFFF FFFF FFFF FFFF#1626597750741727#-69.5#5.301437602932776#9
0000 002E 2000 0000 0000 0000#1626597750746117#-43.0#5.141903600992669#9
0000 003B 2000 0000 0000 0000#1626597750747254#-33.5#2.3746022596469727#9
0000 002F 2000 0000 0000 0000#1626597750748808#-42.0#5.264622064023521#9
0000 0039 2000 0000 0000 0000#1626597750750118#-32.0#2.8777479580734626#9
0000 0038 2000 0000 0000 0000#1626597750751427#-34.5#3.393165502803038#9
0000 003A 2000 0000 0000 0000#1626597750752786#-26.5#2.2027964114037806#9
0000 0031 2000 0000 0000 0000#1626597750756961#-37.5#5.092816215780329#9
0000 0032 2000 0000 0000 0000#1626597750758310#-37.0#5.0682725231741586#9
0000 0033 2000 0000 0000 0000#1626597750759359#-37.0#5.00077736850719#9
0000 0035 2000 0000 0000 0000#1626597750760891#-36.0#4.25833066717054#9
0000 0036 2000 0000 0000 0000#1626597750762782#-37.0#4.178563666200486#9
0000 0034 2000 0000 0000 0000#1626597750764099#-37.0#4.675573441475434#9
FFFF FFFF FFFF FFFF FFFF FFFF#1626597750766990#-68.0#5.178719139901925#9
0000 0037 2000 0000 0000 0000#1626597750768438#-36.0#3.730641276137879#9
0000 0030 2000 0000 0000 0000#1626597750770093#-40.5#5.2768939103266055#9
0000 002D 2000 0000 0000 0000#1626597750771560#-46.5#5.056000676871073#9
0000 0038 2000 0000 0000 0000#1626597751035166#-34.0#4.663301595172349#9
0000 003A 2000 0000 0000 0000#1626597751036225#-25.5#3.6692820446224537#9
0000 002F 2000 0000 0000 0000#1626597751037760#-43.5#5.896622148632405#9
0000 0037 2000 0000 0000 0000#1626597751039576#-36.0#4.871922982324796#9
0000 002D 2000 0000 0000 0000#1626597751040660#-48.5#5.534602682691394#9
0000 0032 2000 0000 0000 0000#1626597751041765#-38.5#5.896622148632405#9
0000 0035 2000 0000 0000 0000#1626597751043113#-36.0#5.264622064023521#9
0000 0030 2000 0000 0000 0000#1626597751044199#-42.0#5.970253226450915#9
0000 0034 2000 0000 0000 0000#1626597751045988#-37.5#5.602097837358362#9
0000 0033 2000 0000 0000 0000#1626597751047306#-38.0#5.884350302329319#9
0000 0031 2000 0000 0000 0000#1626597751049340#-39.0#5.853670686571607#9
0000 0036 2000 0000 0000 0000#1626597751050888#-36.5#5.227806525114265#9
FFFF FFFF FFFF FFFF FFFF FFFF#1626597751053016#-68.5#0.3190680038802134#9
0000 0039 2000 0000 0000 0000#1626597751054055#-31.0#4.276738436625168#9
0000 002E 2000 0000 0000 0000#1626597751056621#-45.0#5.64504929941916#9
0000 003B 2000 0000 0000 0000#1626597751060838#-32.5#4.037437433715008#9
0000 003B 2000 0000 0000 0000#1626597751066951#-32.5#4.049709280018092#9
0000 0034 2000 0000 0000 0000#1626597751068013#-37.5#5.602097837358362#9
0000 0030 2000 0000 0000 0000#1626597751069027#-42.0#5.927301764390117#9
0000 0033 2000 0000 0000 0000#1626597751070622#-38.5#5.878214379177777#9
0000 0035 2000 0000 0000 0000#1626597751071657#-36.0#5.270757987175063#9
0000 0036 2000 0000 0000 0000#1626597751073148#-36.5#5.240078371417351#9
0000 0039 2000 0000 0000 0000#1626597751074458#-31.0#4.319689898685965#9
0000 003A 2000 0000 0000 0000#1626597751075548#-26.0#3.736777199289422#9
0000 0037 2000 0000 0000 0000#1626597751076638#-35.5#4.902602598082509#9
FFFF FFFF FFFF FFFF FFFF FFFF#1626597751078305#-69.5#0.15339807878856412#9
0000 0032 2000 0000 0000 0000#1626597751079365#-39.0#5.872078456026235#9
0000 0031 2000 0000 0000 0000#1626597751080430#-39.0#5.835262917116979#9
0000 002F 2000 0000 0000 0000#1626597751081537#-43.5#5.859806609723149#9
0000 002D 2000 0000 0000 0000#1626597751082589#-49.0#5.45483568172134#9
0000 002E 2000 0000 0000 0000#1626597751083670#-45.0#5.608233760509904#9
0000 0038 2000 0000 0000 0000#1626597751084739#-34.0#4.706253057233147#9
0000 0036 2000 0000 0000 0000#1626597751350247#-37.5#4.76147636559703#9
0000 003A 2000 0000 0000 0000#1626597751351667#-26.0#3.54042765844006#9
0000 003B 2000 0000 0000 0000#1626597751353014#-33.0#3.9760782021995817#9
FFFF FFFF FFFF FFFF FFFF FFFF#1626597751354563#-69.5#5.632777453116074#9
0000 0038 2000 0000 0000 0000#1626597751355642#-33.5#4.362641360746763#9
0000 002D 2000 0000 0000 0000#1626597751356973#-50.5#4.442408361716817#9
0000 0032 2000 0000 0000 0000#1626597751359045#-40.0#5.086680292628786#9
0000 0037 2000 0000 0000 0000#1626597751360068#-35.5#4.509903516383785#9
0000 0033 2000 0000 0000 0000#1626597751361141#-39.5#5.166447293598839#9
0000 0035 2000 0000 0000 0000#1626597751362801#-37.0#4.749204519293945#9
0000 0031 2000 0000 0000 0000#1626597751363856#-41.0#5.013049214810275#9
0000 0030 2000 0000 0000 0000#1626597751364970#-43.5#5.0253210611133605#9
0000 0034 2000 0000 0000 0000#1626597751365990#-38.0#4.970097752749477#9
0000 0039 2000 0000 0000 0000#1626597751367058#-32.0#4.0558452031696355#9
0000 002F 2000 0000 0000 0000#1626597751368150#-45.0#4.902602598082509#9
0000 002E 2000 0000 0000 0000#1626597751369816#-47.5#4.632621979414636#9
0000 0033 2000 0000 0000 0000#1626597751375588#-39.5#5.154175447295755#9
0000 0037 2000 0000 0000 0000#1626597751377981#-35.5#4.4976316700806995#9
0000 0031 2000 0000 0000 0000#1626597751379077#-40.5#4.970097752749477#9
0000 003A 2000 0000 0000 0000#1626597751380210#-26.0#3.5711072741977725#9
0000 0038 2000 0000 0000 0000#1626597751381305#-34.0#4.399456899656019#9
0000 002F 2000 0000 0000 0000#1626597751383357#-45.5#4.884194828627882#9
0000 0030 2000 0000 0000 0000#1626597751384683#-44.0#5.013049214810275#9
0000 0034 2000 0000 0000 0000#1626597751387763#-38.0#4.957825906446392#9
0000 0039 2000 0000 0000 0000#1626597751388817#-32.0#4.09266074207889#9
0000 003B 2000 0000 0000 0000#1626597751390146#-32.5#4.04357335686655#9
0000 002E 2000 0000 0000 0000#1626597751391813#-47.0#4.589670517353839#9
0000 0032 2000 0000 0000 0000#1626597751392890#-40.0#5.043728830567988#9
0000 0036 2000 0000 0000 0000#1626597751394195#-37.5#4.743068596142402#9
0000 0035 2000 0000 0000 0000#1626597751395261#-37.0#4.749204519293945#9
0000 002D 2000 0000 0000 0000#1626597751396343#-50.5#4.374913207049849#9
0000 0033 2000 0000 0000 0000#1626597751665298#-40.5#4.933282213840222#9
0000 0032 2000 0000 0000 0000#1626597751667342#-41.5#4.773748211900116#9
0C21 0537 8123 1003 2202 062F#1626597751668457#-67.5#1.9634954084936207#9
0000 0035 2000 0000 0000 0000#1626597751670859#-37.0#4.693981210930062#9
0000 0034 2000 0000 0000 0000#1626597751672134#-38.5#4.822835597112456#9
0000 002D 2000 0000 0000 0000#1626597751673693#-52.0#4.037437433715008#9
0000 003A 2000 0000 0000 0000#1626597751675238#-26.0#4.0987966652304335#9
0000 003B 2000 0000 0000 0000#1626597751676802#-32.5#4.6448938257177215#9
0000 0039 2000 0000 0000 0000#1626597751678086#-31.0#4.466952054322987#9
0000 0030 2000 0000 0000 0000#1626597751679145#-45.5#4.681709364626977#9
0000 0031 2000 0000 0000 0000#1626597751680196#-43.0#4.669437518323892#9
0000 0038 2000 0000 0000 0000#1626597751681618#-33.5#4.651029748869264#9
0000 0036 2000 0000 0000 0000#1626597751682683#-37.5#4.743068596142402#9
0000 002E 2000 0000 0000 0000#1626597751683780#-48.0#4.23378697456437#9
0000 002F 2000 0000 0000 0000#1626597751684871#-47.0#4.4976316700806995#9
0000 0037 2000 0000 0000 0000#1626597751686390#-35.5#4.651029748869264#9
0000 003B 2000 0000 0000 0000#1626597751694205#-32.5#4.675573441475434#9
0000 002D 2000 0000 0000 0000#1626597751695556#-52.5#3.9576704327449543#9
0000 0039 2000 0000 0000 0000#1626597751697458#-31.0#4.460816131171445#9
0000 0034 2000 0000 0000 0000#1626597751699060#-38.5#4.76147636559703#9
0000 0037 2000 0000 0000 0000#1626597751700109#-35.5#4.632621979414636#9
0000 003A 2000 0000 0000 0000#1626597751701493#-24.5#4.123340357836604#9
0000 0038 2000 0000 0000 0000#1626597751702546#-34.0#4.663301595172349#9
0000 0036 2000 0000 0000 0000#1626597751703696#-37.5#4.71238898038469#9
0000 0033 2000 0000 0000 0000#1626597751705278#-40.0#4.865787059173254#9
0000 002F 2000 0000 0000 0000#1626597751706599#-47.0#4.466952054322987#9
0000 0032 2000 0000 0000 0000#1626597751708173#-42.0#4.700117134081604#9
0000 0035 2000 0000 0000 0000#1626597751709237#-37.0#4.651029748869264#9
0000 002E 2000 0000 0000 0000#1626597751710319#-48.5#4.154019973594316#9
0000 0031 2000 0000 0000 0000#1626597751713295#-43.0#4.601942363656923#9
0C21 0537 8123 1003 2202 062F#1626597751715578#-67.0#2.1046216409791#9
0000 0030 2000 0000 0000 0000#1626597751716606#-45.5#4.583534594202296#9
0000 0032 2000 0000 0000 0000#1626597751981809#-42.0#3.6815538909255388#9
0000 0033 2000 0000 0000 0000#1626597751982831#-42.5#3.902447124381071#9
0000 0031 2000 0000 0000 0000#1626597751984387#-44.5#3.56497135104623#9
0000 002D 2000 0000 0000 0000#1626597751985454#-55.0#2.804116880254952#9
0000 0030 2000 0000 0000 0000#1626597751987021#-47.5#3.5711072741977725#9
0000 0038 2000 0000 0000 0000#1626597751989816#-33.0#4.0987966652304335#9
0000 0037 2000 0000 0000 0000#1626597751990865#-36.0#3.9699422790480394#9
0C21 0537 8123 1003 2202 062F#1626597751991909#-67.5#0.9387962421860124#9
0000 003B 2000 0000 0000 0000#1626597751993474#-32.0#4.583534594202296#9
0000 0036 2000 0000 0000 0000#1626597751996260#-38.0#3.9208548938356986#9
0000 0039 2000 0000 0000 0000#1626597751997941#-31.0#4.049709280018092#9
0000 002F 2000 0000 0000 0000#1626597751999830#-49.5#3.3747577333484107#9
0000 0034 2000 0000 0000 0000#1626597752000876#-39.5#3.8288160465625602#9
0000 003A 2000 0000 0000 0000#1626597752002151#-26.5#3.859495662320273#9
0000 0035 2000 0000 0000 0000#1626597752003229#-37.0#3.7981364308048478#9
0000 002E 2000 0000 0000 0000#1626597752006025#-51.5#3.018874190558942#9
0000 0037 2000 0000 0000 0000#1626597752010093#-36.0#3.9453985864418692#9
0000 0031 2000 0000 0000 0000#1626597752011428#-44.5#3.497476196379262#9
0C21 0537 8123 1003 2202 062F#1626597752012957#-68.5#0.9878836273983529#9
0000 0032 2000 0000 0000 0000#1626597752014473#-43.0#3.5895150436524004#9
0000 0033 2000 0000 0000 0000#1626597752015997#-42.5#3.785864584501762#9
0000 0039 2000 0000 0000 0000#1626597752019262#-31.0#4.031301510563465#9
0000 002E 2000 0000 0000 0000#1626597752021882#-51.5#2.9636508821950587#9
0000 0035 2000 0000 0000 0000#1626597752022947#-37.0#3.7429131224409646#9
0000 0038 2000 0000 0000 0000#1626597752024782#-33.0#4.04357335686655#9
0000 003B 2000 0000 0000 0000#1626597752026319#-32.0#4.608078286808466#9
0000 002F 2000 0000 0000 0000#1626597752027594#-50.0#3.3011266555298997#9
0000 003A 2000 0000 0000 0000#1626597752028639#-26.5#3.859495662320273#9
0000 0036 2000 0000 0000 0000#1626597752029750#-38.0#3.865631585471816#9
0000 002D 2000 0000 0000 0000#1626597752031443#-55.5#2.662990647769473#9
0000 0030 2000 0000 0000 0000#1626597752032754#-47.5#3.4606606574700063#9
0000 0034 2000 0000 0000 0000#1626597752034557#-39.0#3.749049045592507#9
0000 003B 2000 0000 0000 0000#1626597752301115#-31.5#5.411884219660542#9
0000 0034 2000 0000 0000 0000#1626597752302862#-39.0#4.0128937411088375#9
0000 0037 2000 0000 0000 0000#1626597752304183#-34.5#4.319689898685965#9
0000 003A 2000 0000 0000 0000#1626597752307951#-25.5#4.601942363656923#9
0000 0036 2000 0000 0000 0000#1626597752309087#-36.5#4.1601558967458585#9
0000 0038 2000 0000 0000 0000#1626597752310408#-32.5#4.503767593232243#9
0000 0039 2000 0000 0000 0000#1626597752311463#-30.5#4.608078286808466#9
0000 0033 2000 0000 0000 0000#1626597752312636#-42.0#3.902447124381071#9
0000 0035 2000 0000 0000 0000#1626597752313702#-36.5#4.025165587411922#9
0C21 0537 8123 1003 2202 062F#1626597752315681#-67.5#2.1353012567368124#9
0000 002F 2000 0000 0000 0000#1626597752316770#-52.5#3.160000423044421#9
0000 0032 2000 0000 0000 0000#1626597752317984#-43.0#3.6386024288647407#9
0000 0030 2000 0000 0000 0000#1626597752319026#-50.0#3.393165502803038#9
0000 0031 2000 0000 0000 0000#1626597752321179#-45.5#3.454524734318464#9
0000 002D 2000 0000 0000 0000#1626597752322259#-58.5#2.1230294104337273#9
0000 002E 2000 0000 0000 0000#1626597752323299#-54.0#2.6200391857086753#9
0000 0039 2000 0000 0000 0000#1626597752328550#-30.5#4.577398671050753#9
0000 003B 2000 0000 0000 0000#1626597752329602#-31.5#5.405748296509#9
0000 0030 2000 0000 0000 0000#1626597752330688#-50.0#3.3195344249845276#9
0000 0037 2000 0000 0000 0000#1626597752331991#-34.5#4.270602513473625#9
0000 0034 2000 0000 0000 0000#1626597752333055#-39.0#3.9576704327449543#9
0000 003A 2000 0000 0000 0000#1626597752335125#-25.0#4.565126824747668#9
0000 0036 2000 0000 0000 0000#1626597752336191#-37.0#4.111068511533518#9
0000 0035 2000 0000 0000 0000#1626597752337255#-37.0#3.9699422790480394#9
0000 002D 2000 0000 0000 0000#1626597752339749#-58.5#2.0493983326152168#9
0000 0031 2000 0000 0000 0000#1626597752341754#-46.0#3.4054373491061236#9
0C21 0537 8123 1003 2202 062F#1626597752352563#-68.0#1.88986433067511#9
0000 0032 2000 0000 0000 0000#1626597752354951#-45.0#3.3318062712876126#9
0000 0033 2000 0000 0000 0000#1626597752356410#-43.0#3.5833791205008576#9
0000 002F 2000 0000 0000 0000#1626597752357502#-52.5#2.7979809571034093#9
0000 002E 2000 0000 0000 0000#1626597752358598#-54.5#2.184388641949153#9
0000 0038 2000 0000 0000 0000#1626597752361834#-32.5#4.23378697456437#9
0000 0039 2000 0000 0000 0000#1626597752628114#-31.5#3.5281558121369745#9
0000 0038 2000 0000 0000 0000#1626597752629692#-33.5#3.3502140407422405#9
0C21 0537 8123 1003 2202 062F#1626597752631036#-69.0#0.8713010875190442#9
0000 003B 2000 0000 0000 0000#1626597752632075#-32.0#4.6878452877785195#9
0000 0036 2000 0000 0000 0000#1626597752633125#-38.0#2.804116880254952#9
0000 003A 2000 0000 0000 0000#1626597752634372#-26.0#3.6447383520162835#9
0000 0033 2000 0000 0000 0000#1626597752635689#-45.5#2.3316507975861747#9
0000 0034 2000 0000 0000 0000#1626597752636739#-40.5#2.5341362615870793#9
0000 0030 2000 0000 0000 0000#1626597752638062#-53.0#1.3130875544301088#9
0000 0031 2000 0000 0000 0000#1626597752639386#-49.0#1.6751070203711202#9
0000 002D 2000 0000 0000 0000#1626597752642559#-47.5#5.724816300389213#9
0000 002F 2000 0000 0000 0000#1626597752643891#-54.0#1.0492428589137786#9
0000 0032 2000 0000 0000 0000#1626597752648017#-47.0#1.9205439464328227#9
0000 002E 2000 0000 0000 0000#1626597752649703#-50.5#6.160466844148735#9
0000 0035 2000 0000 0000 0000#1626597752651201#-37.5#2.5893595699509624#9
0000 0037 2000 0000 0000 0000#1626597752652522#-36.0#3.031146036862027#9
0000 002E 2000 0000 0000 0000#1626597752656935#-50.0#6.0991076126333095#9
0000 0033 2000 0000 0000 0000#1626597752658473#-45.5#2.2457478734645786#9
FFFF FFFF FFFF FFFF FFFF FFFF#1626597752660621#-69.0#5.945709533844745#9
0000 003A 2000 0000 0000 0000#1626597752661924#-26.0#3.5956509668039427#9
0000 0039 2000 0000 0000 0000#1626597752663034#-31.5#3.4606606574700063#9
0000 0032 2000 0000 0000 0000#1626597752664066#-47.5#1.8530487917658545#9
0000 003B 2000 0000 0000 0000#1626597752665889#-32.0#4.675573441475434#9
0000 0030 2000 0000 0000 0000#1626597752666972#-53.0#1.1658253987930873#9
0C21 0537 8123 1003 2202 062F#1626597752668001#-70.0#0.944932165337555#9
0000 0037 2000 0000 0000 0000#1626597752669492#-36.0#3.0066023442558567#9
0000 0035 2000 0000 0000 0000#1626597752670581#-38.0#2.552544031041707#9
0000 0031 2000 0000 0000 0000#1626597752671990#-49.5#1.552388557340269#9
0000 002F 2000 0000 0000 0000#1626597752673024#-54.5#0.8958447801252144#9
0000 0034 2000 0000 0000 0000#1626597752674666#-40.0#2.454369260617026#9
0000 0036 2000 0000 0000 0000#1626597752675774#-38.0#2.7120780329818137#9
0000 002D 2000 0000 0000 0000#1626597752676827#-47.5#5.522330836388308#9
0000 0038 2000 0000 0000 0000#1626597752677893#-34.0#3.2888548092268146#9
0000 003A 2000 0000 0000 0000#1626597752942794#-27.0#3.3379421944391554#9
0000 0030 2000 0000 0000 0000#1626597752943835#-46.5#5.332117218690489#9
0000 002D 2000 0000 0000 0000#1626597752945172#-51.0#4.565126824747668#9
0000 0035 2000 0000 0000 0000#1626597752954382#-40.5#1.4787574795217582#9
0000 003B 2000 0000 0000 0000#1626597752955449#-33.5#3.933126740138784#9
0000 0034 2000 0000 0000 0000#1626597752956553#-43.5#1.2578642460662257#9
0000 0038 2000 0000 0000 0000#1626597752959343#-35.5#2.282563412373834#9
0000 0039 2000 0000 0000 0000#1626597752961150#-33.0#2.4727770300716534#9
0000 0033 2000 0000 0000 0000#1626597752962254#-49.5#0.7669903939428205#9
0000 0036 2000 0000 0000 0000#1626597752963545#-40.5#1.6382914814618648#9
FFFF FFFF FFFF FFFF FFFF FFFF#1626597752966076#-69.0#5.350524988145116#9
0000 002F 2000 0000 0000 0000#1626597752967595#-45.5#4.381049130201391#9
0000 0032 2000 0000 0000 0000#1626597752970094#-49.5#0.006135923151542565#9
0000 002E 2000 0000 0000 0000#1626597752971190#-47.5#3.9638063558964967#9
0000 0031 2000 0000 0000 0000#1626597752972271#-50.5#5.822991070813893#9
0000 0037 2000 0000 0000 0000#1626597752973337#-37.5#1.9205439464328227#9
0000 003B 2000 0000 0000 0000#1626597752982452#-34.0#3.902447124381071#9
0000 003A 2000 0000 0000 0000#1626597752983571#-27.5#2.6139032625571326#9
0000 0037 2000 0000 0000 0000#1626597752986700#-37.5#1.9205439464328227#9
0000 0033 2000 0000 0000 0000#1626597752988018#-49.5#0.6258641614573416#9
0000 0038 2000 0000 0000 0000#1626597752989056#-35.5#2.1966604882522383#9
0000 0039 2000 0000 0000 0000#1626597752990365#-33.0#2.399145952253143#9
0000 0030 2000 0000 0000 0000#1626597752991435#-45.5#4.454680208019902#9
0000 0036 2000 0000 0000 0000#1626597752992529#-41.0#1.5585244804918115#9
0000 002E 2000 0000 0000 0000#1626597752993599#-48.5#3.9147189706841563#9
0000 002F 2000 0000 0000 0000#1626597752994691#-45.0#4.2092432819582#9
0000 0034 2000 0000 0000 0000#1626597752995736#-44.0#1.1351457830353744#9
0000 0035 2000 0000 0000 0000#1626597752996801#-41.0#1.337631247036279#9
0000 002D 2000 0000 0000 0000#1626597752998131#-56.0#3.816544200259475#9
FFFF FFFF FFFF FFFF FFFF FFFF#1626597753000016#-68.5#5.2768939103266055#9
0000 0032 2000 0000 0000 0000#1626597753001179#-50.5#6.062292073724054#9
0000 0031 2000 0000 0000 0000#1626597753002486#-50.5#5.595961914206819#9
0000 0036 2000 0000 0000 0000#1626597753267466#-44.5#0.9081166264282996#9
0000 0038 2000 0000 0000 0000#1626597753269030#-38.0#1.7855536370988863#9
0000 0034 2000 0000 0000 0000#1626597753270106#-47.0#0.04908738521234052#9
0000 002D 2000 0000 0000 0000#1626597753271145#-65.0#2.055534255766759#9
0000 003A 2000 0000 0000 0000#1626597753274527#-29.0#2.1659808724945253#9
0000 0037 2000 0000 0000 0000#1626597753277047#-41.0#1.3621749396424494#9
0000 0032 2000 0000 0000 0000#1626597753278379#-43.5#4.147884050442774#9
0000 0031 2000 0000 0000 0000#1626597753279503#-43.0#3.77972866135022#9
FFFF FFFF FFFF FFFF FFFF FFFF#1626597753280537#-68.0#5.5714182216006485#9
0000 0039 2000 0000 0000 0000#1626597753281604#-35.0#1.9634954084936207#9
0000 0030 2000 0000 0000 0000#1626597753283162#-49.0#3.6079228131070282#9
0000 003B 2000 0000 0000 0000#1626597753284185#-35.0#3.509748042682347#9
0000 0035 2000 0000 0000 0000#1626597753285234#-44.5#0.5276893910326605#9
0000 0033 2000 0000 0000 0000#1626597753287092#-46.5#4.97623367590102#9
0000 002E 2000 0000 0000 0000#1626597753288146#-60.5#2.466641106920111#9
0000 002F 2000 0000 0000 0000#1626597753291134#-53.5#3.3072625786814425#9
0000 0035 2000 0000 0000 0000#1626597753295718#-44.5#0.47860200582032003#9
0000 0034 2000 0000 0000 0000#1626597753296781#-47.0#6.154330920997192#9
0000 0037 2000 0000 0000 0000#1626597753297871#-41.5#1.3069516312785663#9
0000 0039 2000 0000 0000 0000#1626597753298924#-35.0#1.9266798695843652#9
0000 0038 2000 0000 0000 0000#1626597753300222#-38.5#1.6935147898257479#9
FFFF FFFF FFFF FFFF FFFF FFFF#1626597753301755#-68.5#5.546874528994478#9
0000 0032 2000 0000 0000 0000#1626597753303029#-43.0#4.031301510563465#9
0000 003B 2000 0000 0000 0000#1626597753304125#-35.0#3.472932503773092#9
0000 0031 2000 0000 0000 0000#1626597753305216#-43.0#3.663146121470911#9
0000 002D 2000 0000 0000 0000#1626597753306528#-65.0#1.902136176978195#9
0000 0036 2000 0000 0000 0000#1626597753307620#-45.5#0.7424467013366504#9
0000 0033 2000 0000 0000 0000#1626597753309408#-45.5#4.779884135051658#9
0000 002F 2000 0000 0000 0000#1626597753311680#-55.0#3.172272269347506#9
0000 003A 2000 0000 0000 0000#1626597753313199#-29.5#2.073942025221387#9
0000 0030 2000 0000 0000 0000#1626597753315094#-50.5#3.54042765844006#9
0000 002E 2000 0000 0000 0000#1626597753316760#-60.5#2.2518837966161214#9
0000 003B 2000 0000 0000 0000#1626597753586952#-36.0#3.466796580621549#9
0000 0036 2000 0000 0000 0000#1626597753588030#-45.5#5.810719224510809#9
0000 003A 2000 0000 0000 0000#1626597753590402#-31.5#2.1046216409791#9
0000 0033 2000 0000 0000 0000#1626597753591942#-42.0#4.061981126321178#9
0000 0032 2000 0000 0000 0000#1626597753593248#-48.5#3.767456815047135#9
FFFF FFFF FFFF FFFF FFFF FFFF#1626597753594324#-68.0#0.2638446955163303#9
0000 0038 2000 0000 0000 0000#1626597753595402#-44.0#1.4726215563702154#9
0000 0034 2000 0000 0000 0000#1626597753596467#-41.0#4.503767593232243#9
0000 0039 2000 0000 0000 0000#1626597753597791#-39.0#1.8775924843720249#9
0000 0031 2000 0000 0000 0000#1626597753599067#-52.0#3.3870295796514958#9
0000 0035 2000 0000 0000 0000#1626597753600658#-43.0#5.240078371417351#9
0000 0037 2000 0000 0000 0000#1626597753602334#-46.5#0.619728238305799#9
0000 002F 2000 0000 0000 0000#1626597753603742#-59.5#1.8714565612204823#9
0000 0030 2000 0000 0000 0000#1626597753605060#-57.5#2.8409324191642074#9
0000 002D 2000 0000 0000 0000#1626597753607145#-58.0#4.804427827657828#9
0000 002E 2000 0000 0000 0000#1626597753608356#-59.0#5.675728915176872#9
0000 0034 2000 0000 0000 0000#1626597753612164#-40.5#4.4362724385652745#9
0000 0039 2000 0000 0000 0000#1626597753613220#-39.5#1.8407769454627694#9
0000 0030 2000 0000 0000 0000#1626597753614275#-58.0#2.7857091108003242#9
0000 002D 2000 0000 0000 0000#1626597753615299#-58.5#4.755340442445488#9
0000 0035 2000 0000 0000 0000#1626597753616392#-43.0#5.111223985234957#9
0000 0038 2000 0000 0000 0000#1626597753618368#-44.5#1.3437671701878218#9
0000 002E 2000 0000 0000 0000#1626597753620150#-59.0#5.577554144752192#9
0000 0032 2000 0000 0000 0000#1626597753623357#-50.0#3.736777199289422#9
0000 003B 2000 0000 0000 0000#1626597753624652#-36.0#3.380893656499953#9
0000 0036 2000 0000 0000 0000#1626597753625686#-45.5#5.491651220630596#9
FFFF FFFF FFFF FFFF FFFF FFFF#1626597753626782#-68.5#0.36815538909255385#9
0000 003A 2000 0000 0000 0000#1626597753628327#-31.5#2.030990563160589#9
0000 002F 2000 0000 0000 0000#1626597753630941#-60.5#1.6444274046134073#9
0000 0033 2000 0000 0000 0000#1626597753632015#-43.5#3.9944859716542096#9
0000 0037 2000 0000 0000 0000#1626597753633350#-46.5#0.3865631585471816#9
0000 0031 2000 0000 0000 0000#1626597753636306#-53.5#3.2029518851052186#9
0000 0031 2000 0000 0000 0000#1626597753900390#-56.5#1.0983302441261191#9
0000 0030 2000 0000 0000 0000#1626597753901450#-65.0#5.93343768754166#9
0000 0034 2000 0000 0000 0000#1626597753904091#-48.5#3.423845118560751#9
FFFF FFFF FFFF FFFF FFFF FFFF#1626597753905127#-67.5#6.086835766330224#9
0000 0039 2000 0000 0000 0000#1626597753906207#-47.0#0.04295146206079795#9
0000 0035 2000 0000 0000 0000#1626597753907525#-44.0#3.6263305825616556#9
0000 0032 2000 0000 0000 0000#1626597753908582#-56.0#1.945087639038993#9
0000 002D 2000 0000 0000 0000#1626597753909638#-55.5#1.6812429435226628#9
0000 002E 2000 0000 0000 0000#1626597753910736#-57.5#2.4850488763747385#9
0000 0036 2000 0000 0000 0000#1626597753911828#-43.5#3.822680123411018#9
0000 0037 2000 0000 0000 0000#1626597753913347#-44.0#4.485359823777615#9
0000 0033 2000 0000 0000 0000#1626597753914660#-54.5#2.82252464970958#9
0000 003B 2000 0000 0000 0000#1626597753915688#-40.0#2.423689644859313#9
0000 003A 2000 0000 0000 0000#1626597753916694#-38.5#0.8651651643675016#9
0000 0038 2000 0000 0000 0000#1626597753917831#-45.5#5.2339424482658075#9
0000 002F 2000 0000 0000 0000#1626597753920261#-60.0#4.252194744018997#9
0000 002F 2000 0000 0000 0000#1626597753924975#-60.5#4.147884050442774#9
0000 003B 2000 0000 0000 0000#1626597753926012#-40.5#2.405281875404685#9
0000 0039 2000 0000 0000 0000#1626597753928663#-46.5#6.12365130523948#9
0000 0034 2000 0000 0000 0000#1626597753929754#-49.5#3.3440781175906977#9
0000 003A 2000 0000 0000 0000#1626597753931001#-39.0#0.803805932852076#9
0000 0038 2000 0000 0000 0000#1626597753932067#-45.0#5.154175447295755#9
0000 0035 2000 0000 0000 0000#1626597753933101#-44.5#3.5956509668039427#9
0000 0031 2000 0000 0000 0000#1626597753934379#-57.5#0.8160777791551611#9
0000 0037 2000 0000 0000 0000#1626597753935886#-44.0#4.3933209765044765#9
0000 0036 2000 0000 0000 0000#1626597753936978#-44.0#3.767456815047135#9
0000 0030 2000 0000 0000 0000#1626597753938902#-64.5#5.43029198911517#9
0000 002D 2000 0000 0000 0000#1626597753940473#-55.5#1.4787574795217582#9
0000 0032 2000 0000 0000 0000#1626597753942247#-56.5#1.6505633277649499#9
0000 0033 2000 0000 0000 0000#1626597753943434#-54.5#2.662990647769473#9
FFFF FFFF FFFF FFFF FFFF FFFF#1626597753944740#-69.0#5.64504929941916#9
0000 002E 2000 0000 0000 0000#1626597753945820#-57.0#2.184388641949153#9
0000 0034 2000 0000 0000 0000#1626597754212042#-55.5#1.6014759425526093#9
0000 002F 2000 0000 0000 0000#1626597754213091#-58.0#1.8714565612204823#9
0000 002E 2000 0000 0000 0000#1626597754214188#-58.0#0.4295146206079795#9
0000 0033 2000 0000 0000 0000#1626597754215446#-59.5#0.3620194659410113#9
0000 0038 2000 0000 0000 0000#1626597754217721#-47.0#3.9576704327449543#9
0000 0035 2000 0000 0000 0000#1626597754219479#-54.0#2.325514874434632#9
0000 003B 2000 0000 0000 0000#1626597754221229#-47.0#1.0983302441261191#9
0000 003A 2000 0000 0000 0000#1626597754222804#-42.5#5.006913291658733#9
0000 0039 2000 0000 0000 0000#1626597754224099#-45.0#4.325825821837508#9
0000 0037 2000 0000 0000 0000#1626597754225618#-50.0#3.4606606574700063#9
0000 0036 2000 0000 0000 0000#1626597754227220#-53.5#2.675262494072558#9
0000 0031 2000 0000 0000 0000#1626597754229341#-59.0#3.8840393549264434#9
0000 0032 2000 0000 0000 0000#1626597754231024#-60.0#4.7860200582032#9
0000 002D 2000 0000 0000 0000#1626597754232446#-58.0#5.915029918087033#9
0000 0030 2000 0000 0000 0000#1626597754233547#-61.5#2.4605051837685683#9
FFFF FFFF FFFF FFFF FFFF FFFF#1626597754234825#-68.0#5.307573526084319#9
0000 0033 2000 0000 0000 0000#1626597754239093#-58.5#0.04908738521234052#9
0000 003A 2000 0000 0000 0000#1626597754240139#-42.5#4.92714629068868#9
0000 0036 2000 0000 0000 0000#1626597754241444#-54.0#2.6445828783148455#9
0000 003B 2000 0000 0000 0000#1626597754242964#-47.0#0.9940195505498954#9
0000 0032 2000 0000 0000 0000#1626597754244052#-58.5#4.724660826687775#9
0000 0037 2000 0000 0000 0000#1626597754245102#-51.0#3.448388811166921#9
0000 0034 2000 0000 0000 0000#1626597754246633#-55.5#1.3192234775816514#9
0000 0038 2000 0000 0000 0000#1626597754248138#-48.0#3.8840393549264434#9
0000 0031 2000 0000 0000 0000#1626597754249205#-58.5#3.650874275167826#9
0000 0030 2000 0000 0000 0000#1626597754250290#-61.5#2.350058567040802#9
0000 002D 2000 0000 0000 0000#1626597754251841#-58.0#5.822991070813893#9
FFFF FFFF FFFF FFFF FFFF FFFF#1626597754254371#-68.0#5.141903600992669#9
0000 0039 2000 0000 0000 0000#1626597754256162#-45.5#4.196971435655114#9
0000 002F 2000 0000 0000 0000#1626597754257254#-58.0#1.607611865704152#9
0000 002E 2000 0000 0000 0000#1626597754260504#-58.0#0.3190680038802134#9
0000 0035 2000 0000 0000 0000#1626597754262818#-54.0#2.0923497946760143#9
0000 0036 2000 0000 0000 0000#1626597754525795#-58.0#1.0369710126106935#9
0000 0038 2000 0000 0000 0000#1626597754527100#-54.0#3.104777114680538#9
0000 0032 2000 0000 0000 0000#1626597754529812#-57.5#2.411417798556228#9
0000 003A 2000 0000 0000 0000#1626597754531043#-43.5#3.8410878928656453#9
0000 0034 2000 0000 0000 0000#1626597754533476#-58.0#4.957825906446392#9
0000 0037 2000 0000 0000 0000#1626597754534767#-57.0#2.2150682577068657#9
0000 0031 2000 0000 0000 0000#1626597754535832#-55.5#1.6996507129772904#9
0000 003B 2000 0000 0000 0000#1626597754537141#-49.0#5.749359992995383#9
0000 0039 2000 0000 0000 0000#1626597754538264#-49.5#3.509748042682347#9
0000 0035 2000 0000 0000 0000#1626597754539454#-58.0#0.09817477042468103#9
0000 0030 2000 0000 0000 0000#1626597754540552#-60.0#0.9326603190344698#9
FFFF FFFF FFFF FFFF FFFF FFFF#1626597754543428#-67.5#5.184855063053467#9
0000 0033 2000 0000 0000 0000#1626597754545349#-59.0#3.442252888015379#9
0000 002F 2000 0000 0000 0000#1626597754546413#-58.5#0.1902136176978195#9
0000 0032 2000 0000 0000 0000#1626597754550582#-57.5#2.3071071049800045#9
0000 0031 2000 0000 0000 0000#1626597754551877#-55.5#1.607611865704152#9
0000 0038 2000 0000 0000 0000#1626597754552912#-54.0#2.9513790358919736#9
0000 0039 2000 0000 0000 0000#1626597754554260#-49.5#3.442252888015379#9
0000 0034 2000 0000 0000 0000#1626597754556289#-57.5#4.749204519293945#9
0000 0030 2000 0000 0000 0000#1626597754557379#-60.0#0.7853981633974483#9
0000 0036 2000 0000 0000 0000#1626597754558666#-58.5#0.7179030087304801#9
0000 0037 2000 0000 0000 0000#1626597754559691#-56.5#2.0064468705544187#9
FFFF FFFF FFFF FFFF FFFF FFFF#1626597754561011#-67.0#5.45483568172134#9
0000 0033 2000 0000 0000 0000#1626597754562543#-59.0#3.2643111166206444#9
0000 0035 2000 0000 0000 0000#1626597754563603#-57.5#6.074563920027139#9
0000 003B 2000 0000 0000 0000#1626597754564882#-49.0#5.620505606812989#9
0000 003A 2000 0000 0000 0000#1626597754566929#-43.0#3.6876898140770815#9
0000 002F 2000 0000 0000 0000#1626597754569305#-59.0#0.018407769454627694#9
0000 003B 2000 0000 0000 0000#1626597754836381#-48.5#5.074408446325701#9
0000 0035 2000 0000 0000 0000#1626597754840001#-56.0#4.387185053352934#9
0000 0038 2000 0000 0000 0000#1626597754841940#-56.5#1.6996507129772904#9
0000 0031 2000 0000 0000 0000#1626597754843134#-56.0#0.3313398501832985#9
0000 003A 2000 0000 0000 0000#1626597754844193#-46.5#3.227495577711389#9
0000 0039 2000 0000 0000 0000#1626597754845263#-53.0#2.5893595699509624#9
0000 0034 2000 0000 0000 0000#1626597754846311#-55.5#3.0127382674073995#9
0000 0033 2000 0000 0000 0000#1626597754847527#-55.5#1.9573594853420782#9
0000 002D 2000 0000 0000 0000#1626597754849047#-64.0#2.067806102069844#9
0000 0032 2000 0000 0000 0000#1626597754850145#-55.0#0.9633399347921826#9
0000 002F 2000 0000 0000 0000#1626597754851299#-65.5#4.6448938257177215#9
0000 0036 2000 0000 0000 0000#1626597754852361#-57.5#4.9394181369917645#9
0000 0037 2000 0000 0000 0000#1626597754853808#-58.5#0.06135923151542565#9
FFFF FFFF FFFF FFFF FFFF FFFF#1626597754855001#-68.0#6.2463697682703305#9
0000 003A 2000 0000 0000 0000#1626597754859030#-47.0#3.1968159619536762#9
0000 003B 2000 0000 0000 0000#1626597754860353#-49.0#5.0253210611133605#9
0000 0034 2000 0000 0000 0000#1626597754861687#-55.5#3.000466421104314#9
0000 0039 2000 0000 0000 0000#1626597754863207#-53.5#2.552544031041707#9
0000 0037 2000 0000 0000 0000#1626597754865519#-59.0#6.277049384028044#9
0000 0032 2000 0000 0000 0000#1626597754867981#-56.0#0.8344855486097889#9
0000 002F 2000 0000 0000 0000#1626597754869245#-66.5#4.522175362686871#9
0000 0033 2000 0000 0000 0000#1626597754870320#-56.0#1.8346410223112268#9
0000 0035 2000 0000 0000 0000#1626597754872376#-56.0#4.166291819897402#9
FFFF FFFF FFFF FFFF FFFF FFFF#1626597754873411#-67.5#0.14726215563702155#9
0000 002D 2000 0000 0000 0000#1626597754874464#-63.0#2.018718716857504#9
0000 0036 2000 0000 0000 0000#1626597754875556#-58.0#4.8351074434155406#9
0000 0031 2000 0000 0000 0000#1626597754879072#-56.5#0.17794177139473438#9
0000 0038 2000 0000 0000 0000#1626597754881333#-57.5#1.4787574795217582#9
