0000 002F 2000 0000 0000 0000#1626597623233258#-51.5#2.84706834231575#9
0000 0037 2000 0000 0000 0000#1626597623235152#-47.0#4.4362724385652745#9
0000 0039 2000 0000 0000 0000#1626597623236179#-46.0#3.785864584501762#9
0000 0031 2000 0000 0000 0000#1626597623237271#-51.5#1.6137477888556946#9
0000 002E 2000 0000 0000 0000#1626597623238340#-51.5#3.2520392703175593#9
0000 0036 2000 0000 0000 0000#1626597623239923#-47.5#4.871922982324796#9
0000 003A 2000 0000 0000 0000#1626597623241001#-47.5#3.117048960983623#9
0000 0034 2000 0000 0000 0000#1626597623242320#-49.5#5.829126993965437#9
0000 0032 2000 0000 0000 0000#1626597623243849#-51.0#1.2517283229146832#9
0000 0035 2000 0000 0000 0000#1626597623244882#-47.0#5.019185137961818#9
0000 0030 2000 0000 0000 0000#1626597623246005#-51.0#2.5586799541932495#9
0000 0038 2000 0000 0000 0000#1626597623247073#-45.5#4.221515128261284#9
0000 003B 2000 0000 0000 0000#1626597623249121#-65.0#4.196971435655114#9
0000 002D 2000 0000 0000 0000#1626597623250453#-53.0#3.3502140407422405#9
0000 0033 2000 0000 0000 0000#1626597623251513#-51.0#0.4663301595172349#9
0000 0039 2000 0000 0000 0000#1626597623257679#-46.0#3.785864584501762#9
0000 0035 2000 0000 0000 0000#1626597623258970#-47.0#5.006913291658733#9
0000 0031 2000 0000 0000 0000#1626597623260310#-51.5#1.6014759425526093#9
0000 0037 2000 0000 0000 0000#1626597623261304#-47.0#4.4362724385652745#9
0000 0032 2000 0000 0000 0000#1626597623263346#-51.0#1.1903690913992575#9
0000 003B 2000 0000 0000 0000#1626597623264444#-64.0#4.1172044346850605#9
0000 0036 2000 0000 0000 0000#1626597623266702#-48.0#4.878058905476339#9
0000 0033 2000 0000 0000 0000#1626597623268219#-51.0#0.48473792897186263#9
0000 0030 2000 0000 0000 0000#1626597623269501#-51.0#2.5709518004963345#9
0000 002E 2000 0000 0000 0000#1626597623270783#-51.0#3.2520392703175593#9
0000 0038 2000 0000 0000 0000#1626597623272133#-45.5#4.190835512503572#9
0000 003A 2000 0000 0000 0000#1626597623274747#-47.5#3.129320807286708#9
0000 0034 2000 0000 0000 0000#1626597623276336#-49.5#5.8045833013592665#9
0000 002D 2000 0000 0000 0000#1626597623278769#-53.0#3.3502140407422405#9
0000 002F 2000 0000 0000 0000#1626597623281542#-51.5#2.816388726558037#9
0000 0038 2000 0000 0000 0000#1626597623543965#-47.0#4.049709280018092#9
0000 002E 2000 0000 0000 0000#1626597623545732#-51.5#3.031146036862027#9
0000 0032 2000 0000 0000 0000#1626597623547021#-51.0#0.9940195505498954#9
0000 0030 2000 0000 0000 0000#1626597623548073#-51.5#2.3746022596469727#9
0000 0036 2000 0000 0000 0000#1626597623550090#-48.5#4.700117134081604#9
0000 0031 2000 0000 0000 0000#1626597623551183#-51.5#1.4173982480063325#9
0000 0033 2000 0000 0000 0000#1626597623553453#-51.0#0.28225246497095796#9
0000 002D 2000 0000 0000 0000#1626597623554974#-53.5#3.160000423044421#9
0000 0037 2000 0000 0000 0000#1626597623556269#-47.5#4.289010282928253#9
0000 0039 2000 0000 0000 0000#1626597623557789#-46.5#3.5833791205008576#9
0000 003B 2000 0000 0000 0000#1626597623568360#-66.0#3.865631585471816#9
0000 003A 2000 0000 0000 0000#1626597623571323#-47.5#2.5464081078901644#9
0000 002F 2000 0000 0000 0000#1626597623572514#-52.0#2.2334760271614935#9
0000 0035 2000 0000 0000 0000#1626597623573590#-48.5#4.516039439535327#9
0000 0034 2000 0000 0000 0000#1626597623576534#-50.5#5.270757987175063#9
0000 0038 2000 0000 0000 0000#1626597623582189#-47.0#3.6386024288647407#9
0000 0034 2000 0000 0000 0000#1626597623583939#-51.0#5.301437602932776#9
0000 0032 2000 0000 0000 0000#1626597623584988#-51.5#0.6688156235181395#9
0000 003A 2000 0000 0000 0000#1626597623586308#-47.5#2.5586799541932495#9
0000 002D 2000 0000 0000 0000#1626597623587615#-53.0#2.705942109830271#9
0000 0039 2000 0000 0000 0000#1626597623588723#-47.5#3.1968159619536762#9
0000 0033 2000 0000 0000 0000#1626597623589801#-52.0#6.209554229361076#9
0000 0030 2000 0000 0000 0000#1626597623591828#-51.0#1.9819031779482483#9
0000 0036 2000 0000 0000 0000#1626597623592874#-48.0#4.356505437595221#9
0000 0031 2000 0000 0000 0000#1626597623594575#-51.0#1.0799224746714913#9
0000 0037 2000 0000 0000 0000#1626597623595995#-48.5#3.9269908169872414#9
0000 0035 2000 0000 0000 0000#1626597623597057#-48.5#4.509903516383785#9
0000 002E 2000 0000 0000 0000#1626597623598126#-51.0#2.650718801466388#9
0000 002F 2000 0000 0000 0000#1626597623599832#-52.0#2.2457478734645786#9
0000 003B 2000 0000 0000 0000#1626597623600997#-66.5#3.7981364308048478#9
0000 002F 2000 0000 0000 0000#1626597623864455#-52.0#2.435961491162398#9
0000 0039 2000 0000 0000 0000#1626597623865636#-47.0#3.411573272257666#9
0000 0038 2000 0000 0000 0000#1626597623866956#-47.0#3.847223816017188#9
0000 0031 2000 0000 0000 0000#1626597623868007#-51.5#1.2640001692177683#9
0000 0032 2000 0000 0000 0000#1626597623869063#-51.5#0.8651651643675016#9
0000 003A 2000 0000 0000 0000#1626597623870143#-47.5#2.736621725587984#9
0000 0034 2000 0000 0000 0000#1626597623871172#-51.0#5.47937937432751#9
0000 0036 2000 0000 0000 0000#1626597623872466#-48.5#4.522175362686871#9
0000 0030 2000 0000 0000 0000#1626597623873778#-51.5#2.1782527187976104#9
0000 002D 2000 0000 0000 0000#1626597623875029#-53.0#2.9391071895888885#9
0000 002E 2000 0000 0000 0000#1626597623876113#-51.5#2.84706834231575#9
0000 003B 2000 0000 0000 0000#1626597623877151#-66.0#3.9515345095934116#9
0000 0037 2000 0000 0000 0000#1626597623878215#-48.0#4.129476280988146#9
0000 0035 2000 0000 0000 0000#1626597623880643#-49.0#4.71238898038469#9
0000 0033 2000 0000 0000 0000#1626597623881689#-51.5#0.1227184630308513#9
0C21 0537 8123 1003 2202 062F#1626597623883004#-67.5#0.8283496254582462#9
0000 0032 2000 0000 0000 0000#1626597623888748#-51.5#0.8528933180644165#9
0000 0034 2000 0000 0000 0000#1626597623890094#-51.0#5.47937937432751#9
0000 0036 2000 0000 0000 0000#1626597623891624#-49.0#4.528311285838413#9
0000 0037 2000 0000 0000 0000#1626597623893159#-48.0#4.1417481272912315#9
0C21 0537 8123 1003 2202 062F#1626597623894231#-67.5#0.7117670855789375#9
0000 003B 2000 0000 0000 0000#1626597623895241#-66.0#4.074252972624263#9
0000 002E 2000 0000 0000 0000#1626597623896792#-51.0#2.84706834231575#9
0000 0038 2000 0000 0000 0000#1626597623898084#-47.0#3.859495662320273#9
0000 0030 2000 0000 0000 0000#1626597623899880#-51.5#2.172116795646068#9
0000 0035 2000 0000 0000 0000#1626597623902114#-49.0#4.71238898038469#9
0000 0039 2000 0000 0000 0000#1626597623903196#-47.0#3.3870295796514958#9
0000 002D 2000 0000 0000 0000#1626597623904788#-53.0#2.9391071895888885#9
0000 0033 2000 0000 0000 0000#1626597623906419#-51.5#0.14112623248547898#9
0000 003A 2000 0000 0000 0000#1626597623907526#-47.5#2.724349879284899#9
0000 002F 2000 0000 0000 0000#1626597623909313#-52.0#2.454369260617026#9
0000 0031 2000 0000 0000 0000#1626597623913971#-51.0#1.2455923997631406#9
0000 0033 2000 0000 0000 0000#1626597624176600#-50.5#0.8160777791551611#9
0000 0038 2000 0000 0000 0000#1626597624177653#-47.0#3.693825737228624#9
0000 0037 2000 0000 0000 0000#1626597624178984#-48.5#4.166291819897402#9
0000 0031 2000 0000 0000 0000#1626597624180081#-48.5#1.6321555583103222#9
0000 0034 2000 0000 0000 0000#1626597624181127#-52.0#6.2034183062095325#9
0000 002E 2000 0000 0000 0000#1626597624182198#-49.5#2.890019804376548#9
0000 002F 2000 0000 0000 0000#1626597624183458#-49.5#2.552544031041707#9
0000 002D 2000 0000 0000 0000#1626597624186750#-51.5#3.0066023442558567#9
0000 003A 2000 0000 0000 0000#1626597624188282#-41.5#2.3316507975861747#9
0000 0030 2000 0000 0000 0000#1626597624190321#-48.5#2.3623304133438876#9
0000 0039 2000 0000 0000 0000#1626597624192357#-45.0#3.098641191528995#9
0000 003B 2000 0000 0000 0000#1626597624193410#-55.0#3.1661363461959633#9
0000 0032 2000 0000 0000 0000#1626597624196426#-48.5#1.368310862793992#9
0000 0036 2000 0000 0000 0000#1626597624199054#-50.5#4.970097752749477#9
0000 0035 2000 0000 0000 0000#1626597624200131#-50.0#5.2339424482658075#9
0000 0034 2000 0000 0000 0000#1626597624205370#-51.5#0.07363107781851078#9
0000 0031 2000 0000 0000 0000#1626597624206691#-48.0#1.705786636128833#9
0000 003A 2000 0000 0000 0000#1626597624207741#-41.0#2.36846633649543#9
0000 0035 2000 0000 0000 0000#1626597624208817#-50.5#5.289165756629691#9
0000 0036 2000 0000 0000 0000#1626597624210876#-50.5#5.00077736850719#9
0000 0039 2000 0000 0000 0000#1626597624212686#-45.0#3.141592653589793#9
0000 0030 2000 0000 0000 0000#1626597624214042#-48.5#2.405281875404685#9
0000 002F 2000 0000 0000 0000#1626597624216132#-49.0#2.6200391857086753#9
0000 002E 2000 0000 0000 0000#1626597624218404#-49.0#2.945243112740431#9
0000 003B 2000 0000 0000 0000#1626597624220810#-53.5#3.11091303783208#9
0000 0032 2000 0000 0000 0000#1626597624223719#-48.0#1.5155730184310134#9
0000 0037 2000 0000 0000 0000#1626597624226142#-49.5#4.331961744989051#9
0000 0033 2000 0000 0000 0000#1626597624228194#-49.0#1.0246991663076084#9
0000 0038 2000 0000 0000 0000#1626597624229274#-47.0#3.792000507653305#9
0000 002D 2000 0000 0000 0000#1626597624230470#-51.0#3.098641191528995#9
0000 0035 2000 0000 0000 0000#1626597624493231#-48.0#1.337631247036279#9
0000 003B 2000 0000 0000 0000#1626597624495698#-43.5#3.8410878928656453#9
0000 0032 2000 0000 0000 0000#1626597624496733#-44.5#3.031146036862027#9
0000 0039 2000 0000 0000 0000#1626597624497969#-43.0#4.534447208989955#9
0000 0034 2000 0000 0000 0000#1626597624499973#-46.5#2.1230294104337273#9
0000 002E 2000 0000 0000 0000#1626597624501040#-46.5#4.442408361716817#9
0000 0038 2000 0000 0000 0000#1626597624503368#-48.0#5.485515297479052#9
0000 0030 2000 0000 0000 0000#1626597624504424#-45.5#3.9147189706841563#9
0000 003A 2000 0000 0000 0000#1626597624505788#-36.0#3.4913402732277192#9
0C21 0537 8123 1003 2202 062F#1626597624507116#-68.0#1.3744467859455345#9
0000 0037 2000 0000 0000 0000#1626597624510515#-50.5#0.1349903093339364#9
0000 0033 2000 0000 0000 0000#1626597624512258#-43.0#2.718213956133356#9
0000 0031 2000 0000 0000 0000#1626597624514003#-44.0#3.2949907323783574#9
0000 002D 2000 0000 0000 0000#1626597624515928#-48.5#4.565126824747668#9
0000 0036 2000 0000 0000 0000#1626597624517913#-49.0#1.1903690913992575#9
0000 002F 2000 0000 0000 0000#1626597624518920#-45.5#4.1417481272912315#9
0000 0033 2000 0000 0000 0000#1626597624523435#-44.5#2.742757648739526#9
0000 0038 2000 0000 0000 0000#1626597624524542#-48.0#5.577554144752192#9
0000 002E 2000 0000 0000 0000#1626597624525611#-46.5#4.473087977474529#9
0000 003B 2000 0000 0000 0000#1626597624528074#-43.0#3.890175278077986#9
0000 0030 2000 0000 0000 0000#1626597624529128#-45.5#3.9699422790480394#9
0000 0032 2000 0000 0000 0000#1626597624530375#-44.0#3.11091303783208#9
0000 0031 2000 0000 0000 0000#1626597624531426#-44.0#3.3502140407422405#9
0000 0035 2000 0000 0000 0000#1626597624533015#-47.5#1.5278448647340985#9
0000 003A 2000 0000 0000 0000#1626597624536632#-36.0#3.5833791205008576#9
0000 0036 2000 0000 0000 0000#1626597624537950#-48.5#1.3069516312785663#9
0000 0039 2000 0000 0000 0000#1626597624539503#-43.5#4.71238898038469#9
0000 0034 2000 0000 0000 0000#1626597624542531#-45.5#2.2580197197676637#9
0C21 0537 8123 1003 2202 062F#1626597624543632#-67.5#1.2640001692177683#9
0000 0037 2000 0000 0000 0000#1626597624545149#-50.0#0.3436116964863836#9
0000 002D 2000 0000 0000 0000#1626597624546891#-48.5#4.632621979414636#9
0000 002F 2000 0000 0000 0000#1626597624547912#-45.5#4.215379205109742#9
0000 0032 2000 0000 0000 0000#1626597624817619#-41.0#3.2643111166206444#9
0000 003A 2000 0000 0000 0000#1626597624818711#-36.0#4.190835512503572#9
0000 0037 2000 0000 0000 0000#1626597624820039#-46.0#1.2087768608538851#9
0000 0039 2000 0000 0000 0000#1626597624821093#-43.5#5.5714182216006485#9
0C21 0537 8123 1003 2202 062F#1626597624822394#-68.0#0.2270291566070749#9
0000 0036 2000 0000 0000 0000#1626597624823440#-44.0#1.8653206380689396#9
0000 003B 2000 0000 0000 0000#1626597624824552#-41.5#4.178563666200486#9
0000 0034 2000 0000 0000 0000#1626597624825670#-41.5#2.4850488763747385#9
0000 0033 2000 0000 0000 0000#1626597624826704#-41.5#3.000466421104314#9
0000 0031 2000 0000 0000 0000#1626597624827756#-41.0#3.454524734318464#9
0000 002F 2000 0000 0000 0000#1626597624829163#-43.5#4.184699589352029#9
0000 002E 2000 0000 0000 0000#1626597624830432#-45.0#4.430136515413731#9
0000 0035 2000 0000 0000 0000#1626597624831523#-42.5#2.024854640009046#9
0000 002D 2000 0000 0000 0000#1626597624832589#-47.5#4.491495746929157#9
0000 0038 2000 0000 0000 0000#1626597624833681#-46.5#0.5767767762450011#9
0000 0030 2000 0000 0000 0000#1626597624834767#-43.0#4.031301510563465#9
0000 0038 2000 0000 0000 0000#1626597624840691#-46.5#0.5767767762450011#9
0C21 0537 8123 1003 2202 062F#1626597624841781#-68.5#0.6135923151542565#9
0000 0034 2000 0000 0000 0000#1626597624843520#-41.5#2.5341362615870793#9
0000 0035 2000 0000 0000 0000#1626597624844557#-42.5#2.061670178918302#9
0000 002E 2000 0000 0000 0000#1626597624846359#-45.0#4.479223900626073#9
0000 0036 2000 0000 0000 0000#1626597624847447#-44.0#1.932815792735908#9
0000 0039 2000 0000 0000 0000#1626597624848987#-43.5#5.6941366846315#9
0000 003A 2000 0000 0000 0000#1626597624851032#-36.0#4.319689898685965#9
0000 003B 2000 0000 0000 0000#1626597624852372#-41.5#4.28287435977671#9
0000 0037 2000 0000 0000 0000#1626597624853391#-46.0#1.3069516312785663#9
0000 0033 2000 0000 0000 0000#1626597624854512#-41.5#3.0372819600135696#9
0000 002D 2000 0000 0000 0000#1626597624855865#-47.5#4.534447208989955#9
0000 002F 2000 0000 0000 0000#1626597624857199#-44.0#4.215379205109742#9
0000 0032 2000 0000 0000 0000#1626597624858784#-40.5#3.356349963893783#9
0000 0031 2000 0000 0000 0000#1626597624862726#-40.5#3.5281558121369745#9
0000 0030 2000 0000 0000 0000#1626597624864892#-43.0#4.06811704947272#9
0000 002F 2000 0000 0000 0000#1626597625129087#-43.0#4.853515212870168#9
0000 002D 2000 0000 0000 0000#1626597625130171#-46.0#5.056000676871073#9
0000 0035 2000 0000 0000 0000#1626597625131216#-39.5#2.8838838812250054#9
0000 0033 2000 0000 0000 0000#1626597625132296#-39.5#3.847223816017188#9
0000 0037 2000 0000 0000 0000#1626597625133895#-42.5#2.2027964114037806#9
0000 0036 2000 0000 0000 0000#1626597625135228#-41.0#2.7857091108003242#9
0000 0038 2000 0000 0000 0000#1626597625136295#-42.5#1.7548740213411735#9
0000 003A 2000 0000 0000 0000#1626597625137356#-34.5#5.688000761479957#9
0000 0034 2000 0000 0000 0000#1626597625138419#-39.0#3.3747577333484107#9
0000 0032 2000 0000 0000 0000#1626597625141666#-39.0#4.129476280988146#9
0000 002E 2000 0000 0000 0000#1626597625142820#-43.5#5.062136600022616#9
0000 0031 2000 0000 0000 0000#1626597625143899#-39.0#4.25833066717054#9
0000 003B 2000 0000 0000 0000#1626597625145728#-41.0#5.553010452146021#9
0000 0039 2000 0000 0000 0000#1626597625147639#-41.0#0.8222137023067037#9
0000 0030 2000 0000 0000 0000#1626597625148682#-42.0#4.743068596142402#9
0000 0031 2000 0000 0000 0000#1626597625153563#-39.0#4.264466590322082#9
0000 0033 2000 0000 0000 0000#1626597625154868#-39.5#3.890175278077986#9
0000 0035 2000 0000 0000 0000#1626597625157036#-39.5#2.9268353432858034#9
0000 003A 2000 0000 0000 0000#1626597625158960#-34.0#5.767767762450011#9
0000 0032 2000 0000 0000 0000#1626597625160082#-38.5#4.135612204139688#9
0000 002D 2000 0000 0000 0000#1626597625161135#-46.0#5.080544369477243#9
0000 0036 2000 0000 0000 0000#1626597625162632#-41.0#2.816388726558037#9
0000 0038 2000 0000 0000 0000#1626597625163898#-42.0#1.8223691760081417#9
0000 002E 2000 0000 0000 0000#1626597625165653#-43.5#5.074408446325701#9
0000 0034 2000 0000 0000 0000#1626597625166713#-39.0#3.429981041712294#9
0000 0039 2000 0000 0000 0000#1626597625168382#-40.5#0.8835729338221293#9
0000 003B 2000 0000 0000 0000#1626597625169409#-40.5#5.632777453116074#9
0000 002F 2000 0000 0000 0000#1626597625170498#-43.0#4.902602598082509#9
0000 0037 2000 0000 0000 0000#1626597625174403#-42.5#2.3193789512830896#9
0000 0030 2000 0000 0000 0000#1626597625175514#-41.5#4.7860200582032#9
0000 003A 2000 0000 0000 0000#1626597625439298#-32.0#0.17794177139473438#9
0000 003B 2000 0000 0000 0000#1626597625441229#-39.5#0.09817477042468103#9
0000 002F 2000 0000 0000 0000#1626597625442812#-42.0#4.847379289718626#9
0000 0034 2000 0000 0000 0000#1626597625443862#-37.5#3.497476196379262#9
0000 0035 2000 0000 0000 0000#1626597625445420#-38.0#3.06182565261974#9
0000 0039 2000 0000 0000 0000#1626597625446479#-37.0#1.3008157081270237#9
0000 0037 2000 0000 0000 0000#1626597625447502#-39.5#2.442097414313941#9
0000 0032 2000 0000 0000 0000#1626597625448549#-37.5#4.196971435655114#9
0000 0031 2000 0000 0000 0000#1626597625449840#-38.0#4.319689898685965#9
0000 002D 2000 0000 0000 0000#1626597625451180#-46.0#4.933282213840222#9
0000 0030 2000 0000 0000 0000#1626597625452264#-41.0#4.73693267299086#9
0000 002E 2000 0000 0000 0000#1626597625453933#-43.0#4.970097752749477#9
0000 0033 2000 0000 0000 0000#1626597625455307#-38.0#4.006757817957295#9
0000 0038 2000 0000 0000 0000#1626597625456389#-38.5#2.086213871524472#9
0000 0036 2000 0000 0000 0000#1626597625457411#-39.0#2.9820586516496865#9
0000 002E 2000 0000 0000 0000#1626597625462958#-43.5#4.97623367590102#9
0000 002F 2000 0000 0000 0000#1626597625465113#-42.0#4.853515212870168#9
0000 0031 2000 0000 0000 0000#1626597625468625#-38.0#4.362641360746763#9
0000 0039 2000 0000 0000 0000#1626597625469693#-37.0#1.368310862793992#9
0000 0032 2000 0000 0000 0000#1626597625470968#-37.5#4.239922897715912#9
0000 0036 2000 0000 0000 0000#1626597625472275#-39.0#2.9759227284981438#9
0000 003A 2000 0000 0000 0000#1626597625473571#-31.5#0.28838838812250056#9
0000 0037 2000 0000 0000 0000#1626597625474650#-39.5#2.4911847995262812#9
0000 0030 2000 0000 0000 0000#1626597625476711#-40.5#4.767612288748572#9
0000 0038 2000 0000 0000 0000#1626597625477762#-38.5#2.116893487282185#9
0000 002D 2000 0000 0000 0000#1626597625478828#-46.0#4.957825906446392#9
0000 003B 2000 0000 0000 0000#1626597625480036#-38.5#0.2638446955163303#9
0000 0035 2000 0000 0000 0000#1626597625481886#-37.5#3.129320807286708#9
0000 0033 2000 0000 0000 0000#1626597625486974#-37.5#4.074252972624263#9
0000 0034 2000 0000 0000 0000#1626597625488051#-37.0#3.5895150436524004#9
0000 003B 2000 0000 0000 0000#1626597625757241#-35.5#2.024854640009046#9
0000 0036 2000 0000 0000 0000#1626597625758304#-36.5#4.381049130201391#9
0000 0030 2000 0000 0000 0000#1626597625759391#-40.0#5.829126993965437#9
0000 0033 2000 0000 0000 0000#1626597625760652#-36.5#5.289165756629691#9
0000 003A 2000 0000 0000 0000#1626597625762013#-28.5#2.018718716857504#9
0000 0031 2000 0000 0000 0000#1626597625763292#-37.5#5.534602682691394#9
0000 0039 2000 0000 0000 0000#1626597625764374#-34.0#2.9022916506796332#9
0000 0038 2000 0000 0000 0000#1626597625765412#-35.5#3.5711072741977725#9
0000 0037 2000 0000 0000 0000#1626597625766477#-37.0#3.9269908169872414#9
0000 002D 2000 0000 0000 0000#1626597625767785#-46.0#5.841398840268521#9
0000 0034 2000 0000 0000 0000#1626597625770313#-36.0#4.896466674930966#9
0000 002F 2000 0000 0000 0000#1626597625771648#-41.5#5.915029918087033#9
0000 0035 2000 0000 0000 0000#1626597625772683#-35.5#4.491495746929157#9
0000 002E 2000 0000 0000 0000#1626597625776087#-43.0#5.945709533844745#9
0000 0032 2000 0000 0000 0000#1626597625778004#-37.0#5.4671075280244255#9
0000 002D 2000 0000 0000 0000#1626597625783257#-46.0#5.859806609723149#9
0000 003B 2000 0000 0000 0000#1626597625784809#-35.5#2.116893487282185#9
0000 0032 2000 0000 0000 0000#1626597625786682#-37.0#5.485515297479052#9
0000 0039 2000 0000 0000 0000#1626597625787749#-33.5#2.9636508821950587#9
0000 0035 2000 0000 0000 0000#1626597625788830#-35.5#4.509903516383785#9
0000 0031 2000 0000 0000 0000#1626597625790650#-37.5#5.565282298449106#9
0000 0034 2000 0000 0000 0000#1626597625792167#-35.5#4.933282213840222#9
0000 002F 2000 0000 0000 0000#1626597625793402#-41.5#5.921165841238575#9
0000 0030 2000 0000 0000 0000#1626597625794485#-40.0#5.872078456026235#9
0000 003A 2000 0000 0000 0000#1626597625795506#-28.0#2.116893487282185#9
0000 0033 2000 0000 0000 0000#1626597625797153#-37.0#5.3627968344482015#9
0000 0037 2000 0000 0000 0000#1626597625799362#-36.5#3.9760782021995817#9
0000 0036 2000 0000 0000 0000#1626597625802193#-36.5#4.4362724385652745#9
0000 0038 2000 0000 0000 0000#1626597625803303#-35.5#3.6324665057131984#9
0000 002E 2000 0000 0000 0000#1626597625804444#-43.0#5.9518454569962875#9
0000 0038 2000 0000 0000 0000#1626597626068578#-34.5#3.552699504743145#9
0000 0030 2000 0000 0000 0000#1626597626070617#-41.5#5.45483568172134#9
0000 002D 2000 0000 0000 0000#1626597626072285#-47.0#5.197126909356553#9
0000 003B 2000 0000 0000 0000#1626597626074390#-33.5#2.4850488763747385#9
0000 0037 2000 0000 0000 0000#1626597626075415#-36.0#3.8410878928656453#9
0000 0032 2000 0000 0000 0000#1626597626076591#-36.0#5.203262832508095#9
0000 0035 2000 0000 0000 0000#1626597626077903#-35.5#4.368777283898306#9
0000 0039 2000 0000 0000 0000#1626597626078982#-32.0#3.043417883165112#9
0000 003A 2000 0000 0000 0000#1626597626080856#-27.0#2.3623304133438876#9
0000 0033 2000 0000 0000 0000#1626597626083060#-37.0#5.141903600992669#9
0000 002E 2000 0000 0000 0000#1626597626086275#-44.5#5.332117218690489#9
0000 0034 2000 0000 0000 0000#1626597626087324#-36.5#4.755340442445488#9
0000 0036 2000 0000 0000 0000#1626597626088717#-36.5#4.295146206079795#9
0000 002F 2000 0000 0000 0000#1626597626089780#-43.0#5.460971604872882#9
0000 0031 2000 0000 0000 0000#1626597626090987#-38.0#5.258486140871978#9
0000 0035 2000 0000 0000 0000#1626597626095302#-35.5#4.399456899656019#9
0000 0037 2000 0000 0000 0000#1626597626096395#-36.0#3.8840393549264434#9
0000 0030 2000 0000 0000 0000#1626597626099633#-41.5#5.45483568172134#9
0000 0034 2000 0000 0000 0000#1626597626101281#-36.5#4.767612288748572#9
0000 003A 2000 0000 0000 0000#1626597626102341#-27.0#2.4175537217077703#9
0000 002F 2000 0000 0000 0000#1626597626103422#-43.0#5.460971604872882#9
0000 0039 2000 0000 0000 0000#1626597626104775#-32.5#3.1231848841351653#9
0000 0038 2000 0000 0000 0000#1626597626105785#-34.0#3.6324665057131984#9
0000 0032 2000 0000 0000 0000#1626597626107624#-36.0#5.227806525114265#9
0000 0031 2000 0000 0000 0000#1626597626108661#-38.0#5.252350217720435#9
0000 002D 2000 0000 0000 0000#1626597626111080#-47.5#5.166447293598839#9
0000 0033 2000 0000 0000 0000#1626597626112611#-37.0#5.160311370447297#9
0000 003B 2000 0000 0000 0000#1626597626113720#-33.0#2.6139032625571326#9
0000 0036 2000 0000 0000 0000#1626597626114816#-36.0#4.338097668140593#9
0000 002E 2000 0000 0000 0000#1626597626116712#-44.5#5.332117218690489#9
0000 0036 2000 0000 0000 0000#1626597626380839#-37.0#4.816699673960914#9
0000 003B 2000 0000 0000 0000#1626597626382134#-32.5#3.5772431973493153#9
0000 0037 2000 0000 0000 0000#1626597626383798#-36.0#4.460816131171445#9
0000 0031 2000 0000 0000 0000#1626597626385363#-40.0#5.436427912266712#9
0000 0034 2000 0000 0000 0000#1626597626386467#-37.0#5.154175447295755#9
0000 0039 2000 0000 0000 0000#1626597626388018#-32.0#3.877903431774901#9
0000 0038 2000 0000 0000 0000#1626597626390548#-34.0#4.28287435977671#9
0000 002E 2000 0000 0000 0000#1626597626391628#-46.0#5.264622064023521#9
0000 003A 2000 0000 0000 0000#1626597626393151#-26.0#3.3072625786814425#9
0000 0030 2000 0000 0000 0000#1626597626394306#-43.0#5.522330836388308#9
0000 0033 2000 0000 0000 0000#1626597626395419#-38.0#5.47937937432751#9
0000 002F 2000 0000 0000 0000#1626597626396500#-44.5#5.460971604872882#9
0000 0035 2000 0000 0000 0000#1626597626398217#-36.5#4.871922982324796#9
0000 0032 2000 0000 0000 0000#1626597626399223#-39.5#5.47937937432751#9
0000 002D 2000 0000 0000 0000#1626597626400687#-49.0#4.994641445355648#9
0000 0032 2000 0000 0000 0000#1626597626405960#-39.5#5.45483568172134#9
0000 003A 2000 0000 0000 0000#1626597626407747#-26.5#3.356349963893783#9
0000 003B 2000 0000 0000 0000#1626597626408798#-32.5#3.6447383520162835#9
0000 002D 2000 0000 0000 0000#1626597626409838#-49.0#4.963961829597935#9
0000 0039 2000 0000 0000 0000#1626597626410891#-32.0#3.9085830475326135#9
0000 0031 2000 0000 0000 0000#1626597626412197#-40.0#5.43029198911517#9
0000 002E 2000 0000 0000 0000#1626597626413224#-46.0#5.21553467881118#9
0000 0035 2000 0000 0000 0000#1626597626414244#-36.0#4.871922982324796#9
0000 0038 2000 0000 0000 0000#1626597626415510#-34.0#4.325825821837508#9
0000 0036 2000 0000 0000 0000#1626597626417058#-37.0#4.8351074434155406#9
0000 0030 2000 0000 0000 0000#1626597626418884#-43.5#5.50392306693368#9
0000 0033 2000 0000 0000 0000#1626597626421412#-39.5#5.4671075280244255#9
0000 0037 2000 0000 0000 0000#1626597626422719#-36.0#4.4976316700806995#9
0000 0034 2000 0000 0000 0000#1626597626425346#-37.0#5.141903600992669#9
0000 002F 2000 0000 0000 0000#1626597626427865#-44.5#5.411884219660542#9
0000 0033 2000 0000 0000 0000#1626597626699229#-40.5#4.896466674930966#9
0000 0039 2000 0000 0000 0000#1626597626700298#-32.5#3.9085830475326135#9
0000 0035 2000 0000 0000 0000#1626597626702086#-37.0#4.479223900626073#9
0000 0030 2000 0000 0000 0000#1626597626703371#-45.0#4.718524903536232#9
0000 0032 2000 0000 0000 0000#1626597626704920#-41.0#4.779884135051658#9
0000 0034 2000 0000 0000 0000#1626597626706253#-39.0#4.657165672020807#9
0000 003A 2000 0000 0000 0000#1626597626707599#-26.5#3.454524734318464#9
0000 0037 2000 0000 0000 0000#1626597626708905#-36.0#4.276738436625168#9
0000 0038 2000 0000 0000 0000#1626597626711559#-34.5#4.221515128261284#9
0000 003B 2000 0000 0000 0000#1626597626712612#-33.0#3.8963112012295285#9
0000 002D 2000 0000 0000 0000#1626597626715899#-51.0#4.031301510563465#9
0000 0036 2000 0000 0000 0000#1626597626718301#-37.5#4.479223900626073#9
0000 0031 2000 0000 0000 0000#1626597626719754#-42.0#4.6878452877785195#9
0000 002E 2000 0000 0000 0000#1626597626721093#-48.0#4.331961744989051#9
0000 002F 2000 0000 0000 0000#1626597626722125#-46.0#4.558990901596125#9
0000 0036 2000 0000 0000 0000#1626597626728528#-37.5#4.466952054322987#9
0000 0035 2000 0000 0000 0000#1626597626730107#-37.0#4.466952054322987#9
0000 0032 2000 0000 0000 0000#1626597626731807#-40.0#4.718524903536232#9
0000 0031 2000 0000 0000 0000#1626597626733146#-42.5#4.657165672020807#9
0000 0030 2000 0000 0000 0000#1626597626734203#-44.5#4.663301595172349#9
0000 0037 2000 0000 0000 0000#1626597626736755#-36.0#4.28287435977671#9
0000 002D 2000 0000 0000 0000#1626597626737821#-51.0#3.9760782021995817#9
0000 0039 2000 0000 0000 0000#1626597626739103#-32.0#3.9453985864418692#9
0000 002F 2000 0000 0000 0000#1626597626741129#-46.0#4.516039439535327#9
0000 0034 2000 0000 0000 0000#1626597626742177#-38.5#4.608078286808466#9
0000 003A 2000 0000 0000 0000#1626597626743730#-26.5#3.4913402732277192#9
0000 003B 2000 0000 0000 0000#1626597626745038#-33.0#3.9515345095934116#9
0000 0038 2000 0000 0000 0000#1626597626746489#-34.5#4.239922897715912#9
0000 0033 2000 0000 0000 0000#1626597626747807#-40.5#4.816699673960914#9
0000 002E 2000 0000 0000 0000#1626597626748992#-48.0#4.28287435977671#9
0000 0037 2000 0000 0000 0000#1626597627013786#-35.5#4.914874444385594#9
0000 0034 2000 0000 0000 0000#1626597627015645#-38.0#4.945554060143307#9
0000 0033 2000 0000 0000 0000#1626597627017855#-39.5#5.031456984264903#9
0000 002E 2000 0000 0000 0000#1626597627019137#-49.0#4.528311285838413#9
0000 003A 2000 0000 0000 0000#1626597627020496#-26.5#4.595806440505381#9
0000 0030 2000 0000 0000 0000#1626597627021565#-45.5#4.853515212870168#9
0000 0032 2000 0000 0000 0000#1626597627022712#-40.0#4.896466674930966#9
0000 0035 2000 0000 0000 0000#1626597627023746#-36.5#4.859651136021712#9
0000 0039 2000 0000 0000 0000#1626597627026218#-31.0#4.853515212870168#9
0000 002D 2000 0000 0000 0000#1626597627027820#-52.0#4.2092432819582#9
0000 0038 2000 0000 0000 0000#1626597627028984#-33.5#4.9823695990525625#9
0000 003B 2000 0000 0000 0000#1626597627030097#-32.0#5.123495831538041#9
0000 0031 2000 0000 0000 0000#1626597627031646#-42.5#4.804427827657828#9
0000 002F 2000 0000 0000 0000#1626597627032951#-47.5#4.724660826687775#9
0000 0036 2000 0000 0000 0000#1626597627045189#-37.5#4.71238898038469#9
0000 002F 2000 0000 0000 0000#1626597627051284#-47.5#4.479223900626073#9
0000 0030 2000 0000 0000 0000#1626597627053104#-46.0#4.626486056263094#9
0000 003B 2000 0000 0000 0000#1626597627054215#-32.0#4.994641445355648#9
0000 0039 2000 0000 0000 0000#1626597627055497#-31.5#4.681709364626977#9
0000 003A 2000 0000 0000 0000#1626597627056790#-26.0#4.405592822807561#9
0000 0032 2000 0000 0000 0000#1626597627057869#-42.0#4.657165672020807#9
0000 0038 2000 0000 0000 0000#1626597627059418#-34.0#4.7860200582032#9
0000 0033 2000 0000 0000 0000#1626597627061101#-41.5#4.779884135051658#9
0000 0031 2000 0000 0000 0000#1626597627062609#-43.0#4.552854978444583#9
0000 0034 2000 0000 0000 0000#1626597627063950#-38.5#4.6878452877785195#9
0000 0036 2000 0000 0000 0000#1626597627065268#-37.5#4.6878452877785195#9
0000 0037 2000 0000 0000 0000#1626597627066689#-36.0#4.6878452877785195#9
0000 0035 2000 0000 0000 0000#1626597627067795#-37.0#4.638757902566179#9
0000 002E 2000 0000 0000 0000#1626597627068908#-49.0#4.252194744018997#9
0000 002D 2000 0000 0000 0000#1626597627070031#-53.5#3.933126740138784#9
0000 0030 2000 0000 0000 0000#1626597627338794#-48.0#3.5036121195308043#9
0000 0038 2000 0000 0000 0000#1626597627340161#-33.5#4.1601558967458585#9
0000 0036 2000 0000 0000 0000#1626597627341480#-37.5#3.865631585471816#9
0000 003A 2000 0000 0000 0000#1626597627342786#-26.5#4.074252972624263#9
0000 0037 2000 0000 0000 0000#1626597627344076#-35.5#3.9576704327449543#9
0000 0039 2000 0000 0000 0000#1626597627345188#-31.0#4.147884050442774#9
0000 003B 2000 0000 0000 0000#1626597627347426#-32.0#4.8351074434155406#9
0000 0033 2000 0000 0000 0000#1626597627349186#-42.0#3.761320891895592#9
0000 002E 2000 0000 0000 0000#1626597627350654#-53.5#2.9943304979527716#9
0000 0035 2000 0000 0000 0000#1626597627351671#-37.0#3.736777199289422#9
0000 0034 2000 0000 0000 0000#1626597627353221#-38.5#3.718369429834794#9
0000 0032 2000 0000 0000 0000#1626597627354364#-42.0#3.54042765844006#9
0000 002F 2000 0000 0000 0000#1626597627355712#-50.5#3.2704470397721868#9
0000 002D 2000 0000 0000 0000#1626597627356892#-57.0#2.454369260617026#9
0000 0031 2000 0000 0000 0000#1626597627358184#-44.5#3.4177091954092087#9
0000 002D 2000 0000 0000 0000#1626597627362836#-57.0#2.442097414313941#9
0000 0030 2000 0000 0000 0000#1626597627364344#-48.5#3.4054373491061236#9
0000 0039 2000 0000 0000 0000#1626597627365613#-31.0#4.135612204139688#9
0000 0031 2000 0000 0000 0000#1626597627366663#-44.5#3.411573272257666#9
0000 0032 2000 0000 0000 0000#1626597627367739#-43.0#3.509748042682347#9
0000 0038 2000 0000 0000 0000#1626597627368807#-33.5#4.123340357836604#9
0000 003A 2000 0000 0000 0000#1626597627370308#-26.5#4.06811704947272#9
0000 0036 2000 0000 0000 0000#1626597627371414#-37.5#3.810408277107933#9
0000 003B 2000 0000 0000 0000#1626597627372723#-32.0#4.8351074434155406#9
0000 0034 2000 0000 0000 0000#1626597627376191#-38.5#3.6815538909255388#9
0000 002E 2000 0000 0000 0000#1626597627377256#-53.5#2.8532042654672924#9
0000 0035 2000 0000 0000 0000#1626597627378308#-36.5#3.6692820446224537#9
0000 0037 2000 0000 0000 0000#1626597627379614#-36.0#3.9147189706841563#9
0000 002F 2000 0000 0000 0000#1626597627380690#-51.0#3.2090878082567613#9
0000 0033 2000 0000 0000 0000#1626597627384800#-42.0#3.6692820446224537#9
0000 003B 2000 0000 0000 0000#1626597627648709#-31.5#4.994641445355648#9
0000 002E 2000 0000 0000 0000#1626597627650475#-55.0#1.8714565612204823#9
0000 0032 2000 0000 0000 0000#1626597627651506#-45.0#2.9206994201342606#9
0000 0033 2000 0000 0000 0000#1626597627653251#-43.5#3.2213596545598464#9
0C21 0537 8123 1003 2202 062F#1626597627654307#-67.5#0.9940195505498954#9
0000 0030 2000 0000 0000 0000#1626597627655620#-50.5#2.5586799541932495#9
0000 0031 2000 0000 0000 0000#1626597627664958#-47.0#2.116893487282185#9
0000 002D 2000 0000 0000 0000#1626597627666024#-58.5#0.662679700366597#9
0000 0036 2000 0000 0000 0000#1626597627668651#-37.5#2.8532042654672924#9
0000 0037 2000 0000 0000 0000#1626597627669692#-36.0#3.08636934522591#9
0000 003A 2000 0000 0000 0000#1626597627672234#-26.5#3.472932503773092#9
0000 002F 2000 0000 0000 0000#1626597627673511#-53.0#1.748738098189631#9
0000 0039 2000 0000 0000 0000#1626597627674606#-31.5#3.4177091954092087#9
0000 0034 2000 0000 0000 0000#1626597627676649#-39.0#2.6445828783148455#9
0000 0038 2000 0000 0000 0000#1626597627678718#-34.0#3.3318062712876126#9
0000 0035 2000 0000 0000 0000#1626597627680278#-37.0#2.6813984172241008#9
0000 0032 2000 0000 0000 0000#1626597627687737#-45.5#2.2150682577068657#9
0000 0038 2000 0000 0000 0000#1626597627688789#-34.0#3.313398501832985#9
0000 0030 2000 0000 0000 0000#1626597627689817#-51.5#1.8837284075235674#9
0000 003A 2000 0000 0000 0000#1626597627690878#-26.5#3.448388811166921#9
0000 0033 2000 0000 0000 0000#1626597627692907#-43.5#2.497320722677824#9
0000 0031 2000 0000 0000 0000#1626597627694471#-47.0#2.024854640009046#9
0000 0039 2000 0000 0000 0000#1626597627696059#-31.5#3.3870295796514958#9
0000 002F 2000 0000 0000 0000#1626597627697390#-53.5#1.6751070203711202#9
0000 003B 2000 0000 0000 0000#1626597627698986#-32.0#4.417864669110647#9
0000 002E 2000 0000 0000 0000#1626597627700823#-55.5#1.1228739367322893#9
0000 0036 2000 0000 0000 0000#1626597627702411#-37.5#2.791845033951867#9
0000 0034 2000 0000 0000 0000#1626597627703974#-39.5#2.5770877236478773#9
0000 0035 2000 0000 0000 0000#1626597627706417#-37.0#2.6261751088602177#9
0000 0037 2000 0000 0000 0000#1626597627707869#-36.0#2.9820586516496865#9
0000 002D 2000 0000 0000 0000#1626597627709788#-58.5#0.4724660826687775#9
0000 003B 2000 0000 0000 0000#1626597627973711#-32.5#4.411728745959104#9
0000 002D 2000 0000 0000 0000#1626597627975292#-47.0#5.148039524144211#9
0000 0032 2000 0000 0000 0000#1626597627976368#-48.0#1.4051264017032472#9
0000 0038 2000 0000 0000 0000#1626597627977897#-34.5#2.9636508821950587#9
0000 0035 2000 0000 0000 0000#1626597627980686#-38.5#2.1905245651006955#9
0000 003A 2000 0000 0000 0000#1626597627983080#-27.0#3.3011266555298997#9
0000 0034 2000 0000 0000 0000#1626597627985004#-40.5#2.043262409463674#9
0000 0036 2000 0000 0000 0000#1626597627986957#-39.0#2.356194490192345#9
0000 0037 2000 0000 0000 0000#1626597627987965#-36.5#2.6016314162540475#9
0000 0031 2000 0000 0000 0000#1626597627989087#-49.5#1.055378782065321#9
0000 0039 2000 0000 0000 0000#1626597627990097#-33.0#3.11091303783208#9
0000 0030 2000 0000 0000 0000#1626597627991181#-53.5#0.4908738521234052#9
0000 002E 2000 0000 0000 0000#1626597627993968#-48.5#5.368932757599744#9
0000 0033 2000 0000 0000 0000#1626597627996111#-46.0#1.7671458676442586#9
0000 002F 2000 0000 0000 0000#1626597627997369#-54.0#0.3436116964863836#9
0000 0034 2000 0000 0000 0000#1626597628002766#-40.5#1.9819031779482483#9
0000 002D 2000 0000 0000 0000#1626597628003915#-47.0#4.908738521234052#9
0000 0032 2000 0000 0000 0000#1626597628004937#-48.0#1.2578642460662257#9
0000 0035 2000 0000 0000 0000#1626597628006272#-38.5#2.1046216409791#9
0000 0039 2000 0000 0000 0000#1626597628007538#-32.5#3.074097498922825#9
0000 0037 2000 0000 0000 0000#1626597628008903#-36.5#2.5402721847386216#9
0000 0033 2000 0000 0000 0000#1626597628010193#-46.0#1.705786636128833#9
0000 0030 2000 0000 0000 0000#1626597628011261#-53.0#0.32520392703175593#9
0000 0038 2000 0000 0000 0000#1626597628012357#-35.0#2.8532042654672924#9
0000 0036 2000 0000 0000 0000#1626597628013448#-39.0#2.2580197197676637#9
0000 003A 2000 0000 0000 0000#1626597628014492#-27.5#3.227495577711389#9
0000 003B 2000 0000 0000 0000#1626597628015563#-32.5#4.344233591292136#9
0000 002F 2000 0000 0000 0000#1626597628017077#-53.5#0.12885438618239387#9
0000 002E 2000 0000 0000 0000#1626597628018644#-47.0#5.117359908386499#9
0000 0031 2000 0000 0000 0000#1626597628020161#-50.5#0.859029241215959#9
0C21 0537 8123 1003 2202 062F#1626597628021608#-67.5#6.0991076126333095#9
0000 002E 2000 0000 0000 0000#1626597628286427#-51.5#4.534447208989955#9
0000 0030 2000 0000 0000 0000#1626597628287969#-44.0#4.81056375080937#9
0000 0037 2000 0000 0000 0000#1626597628289447#-38.5#2.411417798556228#9
0000 0039 2000 0000 0000 0000#1626597628291905#-33.5#2.9697868053466014#9
0000 003A 2000 0000 0000 0000#1626597628293408#-28.5#3.215223731408304#9
0000 003B 2000 0000 0000 0000#1626597628294914#-33.5#4.4362724385652745#9
0000 0031 2000 0000 0000 0000#1626597628296209#-48.0#5.565282298449106#9
0000 0034 2000 0000 0000 0000#1626597628297198#-44.5#1.521708941582556#9
0000 0038 2000 0000 0000 0000#1626597628298782#-36.0#2.7550294950426117#9
0000 0035 2000 0000 0000 0000#1626597628300117#-41.0#1.8100973297050567#9
0000 002D 2000 0000 0000 0000#1626597628302406#-61.0#3.9085830475326135#9
0000 0036 2000 0000 0000 0000#1626597628303484#-41.0#2.000310947402876#9
0000 002F 2000 0000 0000 0000#1626597628304662#-45.5#4.620350133111551#9
0C21 0537 8123 1003 2202 062F#1626597628306552#-68.5#1.0676506283684062#9
0000 0032 2000 0000 0000 0000#1626597628307583#-49.5#6.111379458936394#9
0000 0033 2000 0000 0000 0000#1626597628308886#-50.0#0.7976700097005334#9
0000 0039 2000 0000 0000 0000#1626597628318014#-33.5#2.8961557275280905#9
0000 0037 2000 0000 0000 0000#1626597628319050#-39.0#2.356194490192345#9
0000 003A 2000 0000 0000 0000#1626597628320323#-28.5#3.1231848841351653#9
0000 0035 2000 0000 0000 0000#1626597628322072#-41.5#1.7303303287350031#9
0000 0032 2000 0000 0000 0000#1626597628323134#-49.0#5.976389149602458#9
0000 002D 2000 0000 0000 0000#1626597628325126#-61.5#3.5465635815916023#9
0C21 0537 8123 1003 2202 062F#1626597628326682#-67.5#1.0369710126106935#9
0000 002F 2000 0000 0000 0000#1626597628327727#-45.5#4.503767593232243#9
0000 0033 2000 0000 0000 0000#1626597628328971#-49.5#0.6381360077604268#9
0000 002E 2000 0000 0000 0000#1626597628330257#-54.5#4.430136515413731#9
0000 0038 2000 0000 0000 0000#1626597628332005#-36.0#2.675262494072558#9
0000 003B 2000 0000 0000 0000#1626597628333044#-33.5#4.362641360746763#9
0000 0036 2000 0000 0000 0000#1626597628334111#-41.0#1.9144080232812801#9
0000 0030 2000 0000 0000 0000#1626597628337347#-44.5#4.620350133111551#9
0000 0031 2000 0000 0000 0000#1626597628338527#-45.0#5.160311370447297#9
0000 0034 2000 0000 0000 0000#1626597628339803#-44.0#1.3192234775816514#9
0000 0036 2000 0000 0000 0000#1626597628612012#-46.5#0.35588354278946877#9
0000 0037 2000 0000 0000 0000#1626597628613063#-43.0#1.086058397823034#9
0000 0039 2000 0000 0000 0000#1626597628614373#-36.5#1.8960002538266525#9
0000 003A 2000 0000 0000 0000#1626597628615707#-29.5#2.067806102069844#9
0C21 0537 8123 1003 2202 062F#1626597628617506#-68.0#0.1349903093339364#9
0000 003B 2000 0000 0000 0000#1626597628619526#-35.5#3.3440781175906977#9
FFFF FFFF FFFF FFFF FFFF FFFF#1626597628620845#-69.5#6.080699843178682#9
0000 0030 2000 0000 0000 0000#1626597628622198#-57.0#3.3195344249845276#9
0000 0038 2000 0000 0000 0000#1626597628623735#-41.0#1.6137477888556946#9
0000 0032 2000 0000 0000 0000#1626597628625120#-42.0#3.6876898140770815#9
0000 0033 2000 0000 0000 0000#1626597628626453#-42.0#4.135612204139688#9
0000 0034 2000 0000 0000 0000#1626597628627881#-43.5#5.209398755659637#9
0000 0031 2000 0000 0000 0000#1626597628628932#-45.0#3.4606606574700063#9
0000 0035 2000 0000 0000 0000#1626597628630596#-46.0#6.111379458936394#9
0000 002D 2000 0000 0000 0000#1626597628633616#-58.0#6.105243535784852#9
0000 002F 2000 0000 0000 0000#1626597628634650#-58.5#2.4911847995262812#9
0000 002E 2000 0000 0000 0000#1626597628635703#-59.5#1.0062913968529805#9
0000 002F 2000 0000 0000 0000#1626597628640688#-59.0#2.435961491162398#9
0000 002D 2000 0000 0000 0000#1626597628643323#-57.5#6.019340611663256#9
0000 0039 2000 0000 0000 0000#1626597628644457#-37.0#1.8346410223112268#9
0000 0034 2000 0000 0000 0000#1626597628645805#-44.0#5.037592907416445#9
0000 003A 2000 0000 0000 0000#1626597628647345#-30.5#2.018718716857504#9
0000 0030 2000 0000 0000 0000#1626597628649883#-58.5#3.11091303783208#9
0000 0033 2000 0000 0000 0000#1626597628651156#-42.0#4.0128937411088375#9
0000 0037 2000 0000 0000 0000#1626597628652237#-44.5#0.9326603190344698#9
0000 0031 2000 0000 0000 0000#1626597628653345#-46.0#3.4054373491061236#9
0000 003B 2000 0000 0000 0000#1626597628654398#-35.5#3.2765829629237295#9
0000 002E 2000 0000 0000 0000#1626597628655496#-59.0#0.6872233929727672#9
0000 0038 2000 0000 0000 0000#1626597628658393#-42.0#1.5155730184310134#9
0000 0036 2000 0000 0000 0000#1626597628660934#-47.5#6.277049384028044#9
0000 0032 2000 0000 0000 0000#1626597628662494#-43.5#3.6017868899554855#9
0000 0035 2000 0000 0000 0000#1626597628663883#-46.0#5.822991070813893#9
0C21 0537 8123 1003 2202 062F#1626597628665126#-68.5#0.2761165418194154#9
0000 0033 2000 0000 0000 0000#1626597628928036#-48.5#3.043417883165112#9
0000 002E 2000 0000 0000 0000#1626597628929575#-56.5#3.718369429834794#9
0000 0037 2000 0000 0000 0000#1626597628931264#-46.0#5.006913291658733#9
0000 003A 2000 0000 0000 0000#1626597628932314#-34.5#1.1596894756415448#9
0000 0031 2000 0000 0000 0000#1626597628933413#-56.0#1.748738098189631#9
0000 002D 2000 0000 0000 0000#1626597628934480#-54.5#2.8102528034064944#9
0000 0030 2000 0000 0000 0000#1626597628936321#-63.5#0.15339807878856412#9
0000 0035 2000 0000 0000 0000#1626597628937613#-41.0#3.552699504743145#9
0000 0038 2000 0000 0000 0000#1626597628938664#-47.5#6.086835766330224#9
0000 003B 2000 0000 0000 0000#1626597628939719#-38.0#2.405281875404685#9
0000 002F 2000 0000 0000 0000#1626597628941024#-58.5#5.037592907416445#9
0000 0034 2000 0000 0000 0000#1626597628942328#-42.5#3.1906800388021335#9
0000 0036 2000 0000 0000 0000#1626597628943741#-43.0#3.859495662320273#9
0000 0032 2000 0000 0000 0000#1626597628946076#-55.5#2.386874105950058#9
0000 0039 2000 0000 0000 0000#1626597628947401#-44.5#0.6442719309119693#9
0000 0034 2000 0000 0000 0000#1626597628952024#-43.0#3.184544115650591#9
0000 0036 2000 0000 0000 0000#1626597628953331#-42.5#3.822680123411018#9
0000 0033 2000 0000 0000 0000#1626597628954395#-50.0#2.9759227284981438#9
0000 0030 2000 0000 0000 0000#1626597628955466#-63.5#6.19728238305799#9
0000 0039 2000 0000 0000 0000#1626597628957486#-44.5#0.5890486225480862#9
0000 0035 2000 0000 0000 0000#1626597628958564#-41.0#3.485204350076177#9
0000 0031 2000 0000 0000 0000#1626597628959602#-56.5#1.5585244804918115#9
0000 002F 2000 0000 0000 0000#1626597628960660#-59.0#4.914874444385594#9
0000 003A 2000 0000 0000 0000#1626597628961725#-35.5#1.086058397823034#9
0000 0037 2000 0000 0000 0000#1626597628963201#-46.5#4.773748211900116#9
0000 002D 2000 0000 0000 0000#1626597628967700#-54.5#2.650718801466388#9
0000 0038 2000 0000 0000 0000#1626597628968736#-47.5#5.872078456026235#9
0000 002E 2000 0000 0000 0000#1626597628970049#-56.5#3.497476196379262#9
0000 0032 2000 0000 0000 0000#1626597628973896#-55.5#2.2212041808584084#9
0000 003B 2000 0000 0000 0000#1626597628976910#-38.5#2.3623304133438876#9
0000 0039 2000 0000 0000 0000#1626597629240107#-46.0#5.1725832167503825#9
0000 002E 2000 0000 0000 0000#1626597629241166#-60.0#2.2764274892222915#9
0000 0038 2000 0000 0000 0000#1626597629243454#-44.5#4.509903516383785#9
0000 0033 2000 0000 0000 0000#1626597629244786#-56.5#1.7548740213411735#9
0000 003B 2000 0000 0000 0000#1626597629246792#-43.0#2.067806102069844#9
0000 003A 2000 0000 0000 0000#1626597629249043#-43.0#0.018407769454627694#9
0000 0035 2000 0000 0000 0000#1626597629250104#-48.5#3.160000423044421#9
0000 0031 2000 0000 0000 0000#1626597629251241#-56.0#5.3627968344482015#9
0000 0034 2000 0000 0000 0000#1626597629252603#-52.5#2.6261751088602177#9
0000 0037 2000 0000 0000 0000#1626597629255075#-45.0#3.9392626632903265#9
0000 0036 2000 0000 0000 0000#1626597629256667#-47.0#3.380893656499953#9
0000 002D 2000 0000 0000 0000#1626597629259657#-59.5#0.7424467013366504#9
0000 0032 2000 0000 0000 0000#1626597629261032#-58.0#6.264777537724958#9
0000 002F 2000 0000 0000 0000#1626597629262914#-56.5#3.4913402732277192#9
0000 0030 2000 0000 0000 0000#1626597629264412#-59.0#4.154019973594316#9
0000 0039 2000 0000 0000 0000#1626597629268249#-45.5#5.056000676871073#9
0000 002E 2000 0000 0000 0000#1626597629269561#-60.0#2.0800779483729293#9
0000 002F 2000 0000 0000 0000#1626597629270681#-57.0#3.436116964863836#9
0000 0031 2000 0000 0000 0000#1626597629271704#-55.5#5.221670601962723#9
0000 002D 2000 0000 0000 0000#1626597629272757#-59.5#0.4908738521234052#9
0000 003B 2000 0000 0000 0000#1626597629273825#-44.0#1.9880391010997909#9
0000 0037 2000 0000 0000 0000#1626597629274919#-45.5#3.902447124381071#9
0000 0038 2000 0000 0000 0000#1626597629275984#-44.5#4.417864669110647#9
0000 0033 2000 0000 0000 0000#1626597629277316#-57.5#1.4358060174609601#9
0000 0036 2000 0000 0000 0000#1626597629280316#-47.5#3.3318062712876126#9
0000 003A 2000 0000 0000 0000#1626597629281579#-43.0#6.037748381117884#9
0000 0035 2000 0000 0000 0000#1626597629284136#-50.0#3.067961575771282#9
0000 0034 2000 0000 0000 0000#1626597629285197#-53.0#2.552544031041707#9
0000 0032 2000 0000 0000 0000#1626597629286599#-57.0#5.9518454569962875#9
0000 0030 2000 0000 0000 0000#1626597629287926#-58.5#4.135612204139688#9
0000 0037 2000 0000 0000 0000#1626597629562684#-54.0#3.890175278077986#9
0000 0035 2000 0000 0000 0000#1626597629563703#-55.5#1.9880391010997909#9
0000 0033 2000 0000 0000 0000#1626597629564762#-54.0#5.221670601962723#9
0000 0036 2000 0000 0000 0000#1626597629566109#-56.0#2.6875343403756435#9
0000 0030 2000 0000 0000 0000#1626597629567691#-62.0#2.9268353432858034#9
0000 002F 2000 0000 0000 0000#1626597629569181#-59.5#1.748738098189631#9
0C21 0537 8123 1003 2202 062F#1626597629571259#-68.0#1.1167380135807468#9
0000 0031 2000 0000 0000 0000#1626597629572336#-55.0#3.792000507653305#9
0000 003B 2000 0000 0000 0000#1626597629573917#-48.0#0.6258641614573416#9
0000 003A 2000 0000 0000 0000#1626597629575008#-40.0#4.890330751779424#9
0000 0038 2000 0000 0000 0000#1626597629576029#-48.5#4.3503695144436785#9
0000 0032 2000 0000 0000 0000#1626597629577090#-55.0#4.319689898685965#9
0000 0039 2000 0000 0000 0000#1626597629578148#-45.0#4.614214209960009#9
0000 002D 2000 0000 0000 0000#1626597629579697#-58.0#5.105088062083414#9
0000 0034 2000 0000 0000 0000#1626597629583634#-56.5#0.15339807878856412#9
0000 002E 2000 0000 0000 0000#1626597629585361#-60.0#5.835262917116979#9
0000 0032 2000 0000 0000 0000#1626597629590051#-54.5#4.264466590322082#9
0000 0037 2000 0000 0000 0000#1626597629591086#-54.5#3.736777199289422#9
0000 0031 2000 0000 0000 0000#1626597629593705#-54.5#3.650874275167826#9
0000 003A 2000 0000 0000 0000#1626597629594996#-40.5#4.804427827657828#9
0000 002E 2000 0000 0000 0000#1626597629596066#-60.5#5.7616318392984684#9
0000 0036 2000 0000 0000 0000#1626597629597116#-57.0#2.4727770300716534#9
0000 003B 2000 0000 0000 0000#1626597629598181#-48.0#0.48473792897186263#9
0000 0034 2000 0000 0000 0000#1626597629599768#-57.0#6.270913460876501#9
0000 0038 2000 0000 0000 0000#1626597629600833#-49.5#4.319689898685965#9
0000 0035 2000 0000 0000 0000#1626597629602336#-57.0#1.6689710972195777#9
0000 002D 2000 0000 0000 0000#1626597629603375#-58.5#4.896466674930966#9
FFFF FFFF FFFF FFFF FFFF FFFF#1626597629604494#-68.5#0.2761165418194154#9
0000 0039 2000 0000 0000 0000#1626597629605547#-45.0#4.546719055293041#9
0000 0030 2000 0000 0000 0000#1626597629607005#-62.5#2.791845033951867#9
0000 0033 2000 0000 0000 0000#1626597629608678#-55.0#4.994641445355648#9
0000 002F 2000 0000 0000 0000#1626597629609770#-60.5#1.4296700943094176#9
0C21 0537 8123 1003 2202 062F#1626597629610828#-67.5#1.227184630308513#9
0000 002E 2000 0000 0000 0000#1626597629875309#-59.5#4.06811704947272#9
0000 0033 2000 0000 0000 0000#1626597629876757#-57.5#2.8961557275280905#9
0000 0038 2000 0000 0000 0000#1626597629878275#-55.0#2.7857091108003242#9
0000 0035 2000 0000 0000 0000#1626597629879407#-56.0#5.006913291658733#9
0000 002F 2000 0000 0000 0000#1626597629880955#-57.5#5.006913291658733#9
0000 003B 2000 0000 0000 0000#1626597629882277#-45.5#5.203262832508095#9
0000 0030 2000 0000 0000 0000#1626597629883592#-61.5#5.47937937432751#9
0000 0039 2000 0000 0000 0000#1626597629884588#-50.5#3.3870295796514958#9
0000 003A 2000 0000 0000 0000#1626597629885652#-42.5#3.724505352986337#9
0000 0037 2000 0000 0000 0000#1626597629887306#-59.5#1.337631247036279#9
0000 0034 2000 0000 0000 0000#1626597629888351#-55.5#3.902447124381071#9
0000 0032 2000 0000 0000 0000#1626597629889401#-58.5#1.7241944055834606#9
0000 002D 2000 0000 0000 0000#1626597629890695#-60.0#3.368621810196868#9
0000 0031 2000 0000 0000 0000#1626597629892017#-58.0#0.760854470791278#9
0000 0036 2000 0000 0000 0000#1626597629893738#-59.0#5.675728915176872#9
FFFF FFFF FFFF FFFF FFFF FFFF#1626597629894801#-68.5#5.700272607783043#9
0000 0036 2000 0000 0000 0000#1626597629900883#-59.0#5.595961914206819#9
0000 003B 2000 0000 0000 0000#1626597629901907#-45.5#5.184855063053467#9
0000 0032 2000 0000 0000 0000#1626597629902998#-58.5#1.6198837120072371#9
0000 002F 2000 0000 0000 0000#1626597629912337#-57.0#5.062136600022616#9
