0000 0036 2000 0000 0000 0000#1626597900244812#-47.5#3.9699422790480394#9
0000 0032 2000 0000 0000 0000#1626597900246508#-50.5#0.2638446955163303#9
0000 0039 2000 0000 0000 0000#1626597900247562#-45.0#2.791845033951867#9
0000 003A 2000 0000 0000 0000#1626597900248669#-43.5#2.030990563160589#9
0000 002E 2000 0000 0000 0000#1626597900249798#-49.5#2.1353012567368124#9
0000 0033 2000 0000 0000 0000#1626597900250816#-50.0#5.878214379177777#9
0000 003B 2000 0000 0000 0000#1626597900251898#-67.5#3.847223816017188#9
0000 0035 2000 0000 0000 0000#1626597900253439#-47.0#4.1417481272912315#9
0000 0038 2000 0000 0000 0000#1626597900254507#-46.0#3.3072625786814425#9
0000 0030 2000 0000 0000 0000#1626597900255547#-50.5#1.4971652489763858#9
0000 0031 2000 0000 0000 0000#1626597900256841#-50.5#0.6013204688511713#9
0000 0037 2000 0000 0000 0000#1626597900257845#-46.5#3.5036121195308043#9
0000 002D 2000 0000 0000 0000#1626597900258873#-52.5#2.386874105950058#9
0000 002F 2000 0000 0000 0000#1626597900260577#-50.5#1.7119225592803755#9
0000 0034 2000 0000 0000 0000#1626597900262306#-47.5#4.97623367590102#9
FFFF FFFF FFFF FFFF FFFF FFFF#1626597900264169#-68.5#5.086680292628786#9
0000 0039 2000 0000 0000 0000#1626597900279059#-45.0#3.018874190558942#9
0000 0031 2000 0000 0000 0000#1626597900280565#-50.5#0.8160777791551611#9
0000 0036 2000 0000 0000 0000#1626597900281586#-47.0#4.190835512503572#9
0000 0032 2000 0000 0000 0000#1626597900283672#-50.0#0.44178646691106466#9
0000 002D 2000 0000 0000 0000#1626597900284967#-52.5#2.5402721847386216#9
0000 0037 2000 0000 0000 0000#1626597900286015#-46.5#3.6815538909255388#9
0000 0035 2000 0000 0000 0000#1626597900287382#-47.0#4.344233591292136#9
0000 0038 2000 0000 0000 0000#1626597900288718#-45.5#3.5158839658338894#9
0000 0033 2000 0000 0000 0000#1626597900289822#-50.0#6.056156150572511#9
0000 002E 2000 0000 0000 0000#1626597900292129#-50.0#2.350058567040802#9
0000 003A 2000 0000 0000 0000#1626597900293676#-44.0#2.2150682577068657#9
0000 0034 2000 0000 0000 0000#1626597900294993#-49.0#5.141903600992669#9
0000 003B 2000 0000 0000 0000#1626597900297773#-67.5#3.9515345095934116#9
0000 002F 2000 0000 0000 0000#1626597900299088#-50.0#1.88986433067511#9
0000 0030 2000 0000 0000 0000#1626597900300111#-50.0#1.6935147898257479#9
FFFF FFFF FFFF FFFF FFFF FFFF#1626597900301919#-68.5#5.405748296509#9
0000 0039 2000 0000 0000 0000#1626597900565919#-44.5#3.80427235395639#9
FFFF FFFF FFFF FFFF FFFF FFFF#1626597900566998#-68.5#0.6565437772150544#9
0000 0038 2000 0000 0000 0000#1626597900568290#-44.5#4.270602513473625#9
0000 0037 2000 0000 0000 0000#1626597900569840#-45.5#4.466952054322987#9
0000 002E 2000 0000 0000 0000#1626597900572304#-50.0#3.1354567304382504#9
0000 003B 2000 0000 0000 0000#1626597900574814#-66.5#4.325825821837508#9
0000 0031 2000 0000 0000 0000#1626597900576120#-50.5#1.5462526341887264#9
0000 0034 2000 0000 0000 0000#1626597900577167#-49.0#5.902758071783947#9
0000 002F 2000 0000 0000 0000#1626597900578739#-50.0#2.6384469551633027#9
0000 003A 2000 0000 0000 0000#1626597900579990#-43.5#2.9820586516496865#9
0000 002D 2000 0000 0000 0000#1626597900581496#-52.0#3.399301425954581#9
0000 0036 2000 0000 0000 0000#1626597900582786#-46.0#4.92714629068868#9
0000 0030 2000 0000 0000 0000#1626597900584072#-50.0#2.423689644859313#9
0000 0033 2000 0000 0000 0000#1626597900585729#-49.5#0.5522330836388308#9
0000 0032 2000 0000 0000 0000#1626597900587860#-49.5#1.214912784005428#9
0000 0035 2000 0000 0000 0000#1626597900589252#-46.0#5.086680292628786#9
0000 0031 2000 0000 0000 0000#1626597900595283#-50.0#1.564660403643354#9
0000 0035 2000 0000 0000 0000#1626597900596360#-46.0#5.074408446325701#9
0000 0032 2000 0000 0000 0000#1626597900598020#-49.5#1.2210487071569704#9
0000 002D 2000 0000 0000 0000#1626597900599337#-52.5#3.399301425954581#9
0000 0038 2000 0000 0000 0000#1626597900600400#-44.5#4.28287435977671#9
0000 0039 2000 0000 0000 0000#1626597900601483#-44.0#3.816544200259475#9
0000 003A 2000 0000 0000 0000#1626597900603287#-43.5#2.9759227284981438#9
FFFF FFFF FFFF FFFF FFFF FFFF#1626597900604367#-68.0#0.46019423636569234#9
0000 003B 2000 0000 0000 0000#1626597900605703#-66.5#4.325825821837508#9
0000 0034 2000 0000 0000 0000#1626597900607495#-48.5#5.884350302329319#9
0000 0037 2000 0000 0000 0000#1626597900608730#-46.0#4.460816131171445#9
0000 0036 2000 0000 0000 0000#1626597900610643#-46.5#4.921010367537137#9
0000 002F 2000 0000 0000 0000#1626597900613958#-50.0#2.6445828783148455#9
0000 0033 2000 0000 0000 0000#1626597900615091#-49.5#0.5767767762450011#9
0000 0030 2000 0000 0000 0000#1626597900616159#-50.0#2.448233337465483#9
0000 002E 2000 0000 0000 0000#1626597900617201#-50.0#3.1231848841351653#9
0000 0032 2000 0000 0000 0000#1626597900886826#-46.5#1.761009944492716#9
FFFF FFFF FFFF FFFF FFFF FFFF#1626597900888162#-67.5#5.786175531904639#9
0000 0038 2000 0000 0000 0000#1626597900889269#-45.0#4.1417481272912315#9
0000 003A 2000 0000 0000 0000#1626597900891541#-36.0#2.5034566458293663#9
0000 0035 2000 0000 0000 0000#1626597900892789#-49.0#5.8045833013592665#9
0000 0039 2000 0000 0000 0000#1626597900894114#-42.0#3.454524734318464#9
0000 002F 2000 0000 0000 0000#1626597900896642#-47.0#2.779573187648782#9
0000 003B 2000 0000 0000 0000#1626597900897967#-47.0#3.0066023442558567#9
0000 0031 2000 0000 0000 0000#1626597900899060#-45.5#1.9941750242513334#9
0000 0030 2000 0000 0000 0000#1626597900900602#-46.5#2.6323110320117604#9
0000 002D 2000 0000 0000 0000#1626597900902622#-50.0#3.4606606574700063#9
0000 0033 2000 0000 0000 0000#1626597900903711#-47.0#1.4051264017032472#9
0000 002E 2000 0000 0000 0000#1626597900905715#-47.0#3.2765829629237295#9
0000 0036 2000 0000 0000 0000#1626597900908998#-49.0#5.583690067903734#9
0000 0037 2000 0000 0000 0000#1626597900910022#-48.0#4.657165672020807#9
0000 0034 2000 0000 0000 0000#1626597900911099#-49.0#0.7669903939428205#9
0000 0030 2000 0000 0000 0000#1626597900915815#-46.5#2.675262494072558#9
0000 0035 2000 0000 0000 0000#1626597900917704#-49.0#5.957981380147831#9
0000 0037 2000 0000 0000 0000#1626597900920440#-48.0#4.73693267299086#9
0000 0031 2000 0000 0000 0000#1626597900922621#-45.5#2.067806102069844#9
0000 0039 2000 0000 0000 0000#1626597900923875#-42.0#3.509748042682347#9
0000 0033 2000 0000 0000 0000#1626597900926004#-47.0#1.5401167110371838#9
0000 002E 2000 0000 0000 0000#1626597900927116#-47.0#3.2888548092268146#9
0000 003A 2000 0000 0000 0000#1626597900928191#-35.5#2.5280003384355365#9
0000 002D 2000 0000 0000 0000#1626597900929275#-50.0#3.5465635815916023#9
0000 0032 2000 0000 0000 0000#1626597900930338#-45.5#1.902136176978195#9
0000 002F 2000 0000 0000 0000#1626597900931415#-47.0#2.890019804376548#9
0000 003B 2000 0000 0000 0000#1626597900932696#-45.5#3.018874190558942#9
0000 0038 2000 0000 0000 0000#1626597900934102#-46.0#4.28287435977671#9
0000 0036 2000 0000 0000 0000#1626597900935122#-49.0#5.767767762450011#9
0000 0034 2000 0000 0000 0000#1626597900936195#-49.0#0.8713010875190442#9
FFFF FFFF FFFF FFFF FFFF FFFF#1626597900937574#-68.0#5.595961914206819#9
0000 0035 2000 0000 0000 0000#1626597901200045#-45.5#1.4419419406125027#9
0000 0037 2000 0000 0000 0000#1626597901201135#-48.0#0.23316507975861744#9
0000 0033 2000 0000 0000 0000#1626597901203431#-42.5#2.6261751088602177#9
0000 003A 2000 0000 0000 0000#1626597901204963#-33.5#3.5036121195308043#9
0000 002E 2000 0000 0000 0000#1626597901206007#-44.5#4.154019973594316#9
0000 0038 2000 0000 0000 0000#1626597901207043#-47.0#5.835262917116979#9
0000 0036 2000 0000 0000 0000#1626597901208136#-46.5#1.2455923997631406#9
0000 0030 2000 0000 0000 0000#1626597901209967#-43.5#3.6692820446224537#9
0000 002D 2000 0000 0000 0000#1626597901212219#-48.0#4.3503695144436785#9
0000 0034 2000 0000 0000 0000#1626597901213735#-43.5#2.1598449493429825#9
0000 0032 2000 0000 0000 0000#1626597901217032#-42.5#2.9391071895888885#9
0000 002F 2000 0000 0000 0000#1626597901219178#-44.5#3.822680123411018#9
0000 0031 2000 0000 0000 0000#1626597901220229#-42.5#3.153864499892878#9
0000 0039 2000 0000 0000 0000#1626597901221280#-42.0#4.847379289718626#9
FFFF FFFF FFFF FFFF FFFF FFFF#1626597901222576#-68.0#6.037748381117884#9
0000 003B 2000 0000 0000 0000#1626597901223912#-40.0#3.767456815047135#9
0000 0036 2000 0000 0000 0000#1626597901229046#-46.5#1.3499030933393643#9
0000 002E 2000 0000 0000 0000#1626597901230585#-44.5#4.215379205109742#9
0000 0037 2000 0000 0000 0000#1626597901232140#-48.0#0.4049709280018093#9
0000 0039 2000 0000 0000 0000#1626597901233691#-42.0#4.908738521234052#9
0000 0033 2000 0000 0000 0000#1626597901234725#-42.0#2.718213956133356#9
0000 002D 2000 0000 0000 0000#1626597901235780#-48.0#4.399456899656019#9
0000 003A 2000 0000 0000 0000#1626597901236829#-33.5#3.6263305825616556#9
0000 0032 2000 0000 0000 0000#1626597901239155#-42.5#3.018874190558942#9
0000 0030 2000 0000 0000 0000#1626597901241452#-43.5#3.7122335066832517#9
0000 002F 2000 0000 0000 0000#1626597901243014#-44.5#3.877903431774901#9
0000 0034 2000 0000 0000 0000#1626597901244090#-43.5#2.2641556429192065#9
FFFF FFFF FFFF FFFF FFFF FFFF#1626597901245128#-67.5#6.111379458936394#9
0000 0031 2000 0000 0000 0000#1626597901247516#-42.5#3.2029518851052186#9
0000 0038 2000 0000 0000 0000#1626597901249718#-47.0#6.068427996875596#9
0000 003B 2000 0000 0000 0000#1626597901250903#-40.0#3.877903431774901#9
0000 0035 2000 0000 0000 0000#1626597901251937#-45.0#1.6689710972195777#9
0000 0036 2000 0000 0000 0000#1626597901516044#-42.5#1.9757672547967058#9
0000 0037 2000 0000 0000 0000#1626597901517336#-44.5#1.325359400733194#9
0000 003B 2000 0000 0000 0000#1626597901518391#-39.0#4.516039439535327#9
0000 0031 2000 0000 0000 0000#1626597901520198#-40.5#3.472932503773092#9
0000 0034 2000 0000 0000 0000#1626597901521231#-40.5#2.6139032625571326#9
0000 0039 2000 0000 0000 0000#1626597901522315#-42.0#6.007068765360171#9
0000 002D 2000 0000 0000 0000#1626597901523625#-47.5#4.516039439535327#9
0000 0038 2000 0000 0000 0000#1626597901525373#-44.5#0.8713010875190442#9
0000 003A 2000 0000 0000 0000#1626597901526651#-34.0#4.638757902566179#9
0000 0032 2000 0000 0000 0000#1626597901527727#-40.0#3.3624858870453256#9
0000 0035 2000 0000 0000 0000#1626597901528791#-41.0#2.1353012567368124#9
FFFF FFFF FFFF FFFF FFFF FFFF#1626597901530583#-69.5#5.148039524144211#9
0000 0033 2000 0000 0000 0000#1626597901531885#-40.5#3.129320807286708#9
0000 0030 2000 0000 0000 0000#1626597901532969#-42.5#4.000621894805752#9
0000 002E 2000 0000 0000 0000#1626597901533979#-43.5#4.374913207049849#9
0000 002F 2000 0000 0000 0000#1626597901535498#-43.0#4.09266074207889#9
0000 0030 2000 0000 0000 0000#1626597901543000#-42.5#4.006757817957295#9
0000 0035 2000 0000 0000 0000#1626597901544107#-41.0#2.172116795646068#9
0000 0031 2000 0000 0000 0000#1626597901545626#-40.5#3.5342917352885173#9
0000 0039 2000 0000 0000 0000#1626597901547222#-42.0#6.105243535784852#9
0000 002E 2000 0000 0000 0000#1626597901548519#-43.5#4.3933209765044765#9
0000 002F 2000 0000 0000 0000#1626597901549596#-42.5#4.1172044346850605#9
0000 0032 2000 0000 0000 0000#1626597901551156#-40.0#3.4054373491061236#9
0000 0034 2000 0000 0000 0000#1626597901552162#-40.0#2.693670263527186#9
0000 0036 2000 0000 0000 0000#1626597901553182#-42.0#2.073942025221387#9
0000 003B 2000 0000 0000 0000#1626597901554508#-40.0#4.681709364626977#9
0000 0037 2000 0000 0000 0000#1626597901555754#-44.5#1.4480778637640452#9
FFFF FFFF FFFF FFFF FFFF FFFF#1626597901557989#-68.0#5.148039524144211#9
0000 002D 2000 0000 0000 0000#1626597901559026#-47.5#4.552854978444583#9
0000 0033 2000 0000 0000 0000#1626597901560059#-40.5#3.1968159619536762#9
0000 003A 2000 0000 0000 0000#1626597901561622#-33.5#4.7860200582032#9
0000 0038 2000 0000 0000 0000#1626597901562687#-44.0#1.0062913968529805#9
0000 003B 2000 0000 0000 0000#1626597901829821#-38.0#0.2638446955163303#9
0000 002D 2000 0000 0000 0000#1626597901831356#-46.5#5.626641529964532#9
0000 003A 2000 0000 0000 0000#1626597901833568#-31.5#0.4049709280018093#9
0000 0030 2000 0000 0000 0000#1626597901834851#-40.5#5.2339424482658075#9
0000 0039 2000 0000 0000 0000#1626597901836214#-38.5#1.705786636128833#9
0000 0033 2000 0000 0000 0000#1626597901837273#-38.5#4.534447208989955#9
0000 0032 2000 0000 0000 0000#1626597901838579#-38.5#4.743068596142402#9
0000 0036 2000 0000 0000 0000#1626597901839687#-40.0#3.4913402732277192#9
0000 0031 2000 0000 0000 0000#1626597901841007#-38.5#4.859651136021712#9
0000 0034 2000 0000 0000 0000#1626597901842030#-38.0#4.09266074207889#9
0000 0035 2000 0000 0000 0000#1626597901843364#-38.5#3.6079228131070282#9
0000 002E 2000 0000 0000 0000#1626597901846420#-42.5#5.516194913236766#9
0000 0037 2000 0000 0000 0000#1626597901847472#-41.0#2.9268353432858034#9
0000 0038 2000 0000 0000 0000#1626597901848648#-40.5#2.5709518004963345#9
0000 002F 2000 0000 0000 0000#1626597901849729#-41.0#5.307573526084319#9
FFFF FFFF FFFF FFFF FFFF FFFF#1626597901853820#-68.0#0.2270291566070749#9
0000 0034 2000 0000 0000 0000#1626597901859486#-38.0#4.111068511533518#9
FFFF FFFF FFFF FFFF FFFF FFFF#1626597901860566#-68.0#0.34974761963792617#9
0000 002E 2000 0000 0000 0000#1626597901862129#-42.5#5.5284667595398505#9
0000 0037 2000 0000 0000 0000#1626597901863707#-41.0#2.9575149590435164#9
0000 0039 2000 0000 0000 0000#1626597901864988#-38.0#1.8100973297050567#9
0000 003A 2000 0000 0000 0000#1626597901866066#-31.5#0.5338253141842031#9
0000 0036 2000 0000 0000 0000#1626597901867116#-39.5#3.5588354278946874#9
0000 0032 2000 0000 0000 0000#1626597901868433#-38.5#4.779884135051658#9
0000 0030 2000 0000 0000 0000#1626597901870480#-40.5#5.2768939103266055#9
0000 0031 2000 0000 0000 0000#1626597901871757#-38.5#4.890330751779424#9
0000 003B 2000 0000 0000 0000#1626597901873793#-38.0#0.46019423636569234#9
0000 0035 2000 0000 0000 0000#1626597901877550#-38.5#3.6754179677739964#9
0000 0038 2000 0000 0000 0000#1626597901879242#-40.0#2.662990647769473#9
0000 002D 2000 0000 0000 0000#1626597901880336#-46.5#5.651185222570702#9
0000 0033 2000 0000 0000 0000#1626597901881835#-38.5#4.614214209960009#9
0000 002F 2000 0000 0000 0000#1626597901882927#-41.0#5.350524988145116#9
0000 0034 2000 0000 0000 0000#1626597902146802#-37.0#4.000621894805752#9
0000 0035 2000 0000 0000 0000#1626597902147823#-37.0#3.5465635815916023#9
0000 0037 2000 0000 0000 0000#1626597902148902#-38.0#2.8961557275280905#9
0000 0038 2000 0000 0000 0000#1626597902150464#-37.0#2.6323110320117604#9
0000 0039 2000 0000 0000 0000#1626597902152302#-35.0#2.000310947402876#9
0000 0033 2000 0000 0000 0000#1626597902153591#-37.5#4.4362724385652745#9
0000 0030 2000 0000 0000 0000#1626597902154677#-39.5#5.043728830567988#9
0000 0036 2000 0000 0000 0000#1626597902155955#-37.5#3.466796580621549#9
0000 002D 2000 0000 0000 0000#1626597902157306#-46.0#5.246214294568893#9
0000 003A 2000 0000 0000 0000#1626597902159563#-29.0#0.9756117810952678#9
0000 003B 2000 0000 0000 0000#1626597902161102#-36.0#1.000155473701438#9
0000 0031 2000 0000 0000 0000#1626597902162182#-38.0#4.706253057233147#9
0000 002F 2000 0000 0000 0000#1626597902163743#-40.0#5.074408446325701#9
0000 002E 2000 0000 0000 0000#1626597902164753#-41.5#5.166447293598839#9
0000 0032 2000 0000 0000 0000#1626597902167770#-37.5#4.657165672020807#9
FFFF FFFF FFFF FFFF FFFF FFFF#1626597902169235#-69.0#5.442563835418255#9
0000 0036 2000 0000 0000 0000#1626597902174633#-37.5#3.5036121195308043#9
0000 0034 2000 0000 0000 0000#1626597902175709#-36.5#4.049709280018092#9
0000 0030 2000 0000 0000 0000#1626597902177465#-39.5#5.056000676871073#9
0000 002E 2000 0000 0000 0000#1626597902178788#-41.5#5.1725832167503825#9
0000 0037 2000 0000 0000 0000#1626597902179813#-38.0#2.9697868053466014#9
0000 0033 2000 0000 0000 0000#1626597902181357#-37.5#4.491495746929157#9
0000 0035 2000 0000 0000 0000#1626597902182906#-36.5#3.5956509668039427#9
0000 0039 2000 0000 0000 0000#1626597902183945#-35.0#2.0800779483729293#9
FFFF FFFF FFFF FFFF FFFF FFFF#1626597902185261#-68.5#5.473243451175968#9
0000 003B 2000 0000 0000 0000#1626597902186816#-35.5#1.1106020904292042#9
0000 003A 2000 0000 0000 0000#1626597902188107#-28.5#1.0921943209745766#9
0000 0032 2000 0000 0000 0000#1626597902189909#-37.5#4.700117134081604#9
0000 0031 2000 0000 0000 0000#1626597902191214#-37.5#4.749204519293945#9
0000 002D 2000 0000 0000 0000#1626597902192568#-45.5#5.264622064023521#9
0000 002F 2000 0000 0000 0000#1626597902194744#-40.0#5.117359908386499#9
0000 0038 2000 0000 0000 0000#1626597902198147#-36.5#2.748893571891069#9
0000 0035 2000 0000 0000 0000#1626597902463143#-35.5#4.319689898685965#9
0000 0039 2000 0000 0000 0000#1626597902464224#-33.0#3.031146036862027#9
0000 002F 2000 0000 0000 0000#1626597902465275#-41.0#5.5100589900852235#9
0000 0037 2000 0000 0000 0000#1626597902466779#-36.0#3.77972866135022#9
0000 0031 2000 0000 0000 0000#1626597902469073#-37.5#5.283029833478148#9
0000 0033 2000 0000 0000 0000#1626597902470245#-35.5#5.141903600992669#9
0000 0038 2000 0000 0000 0000#1626597902471849#-34.5#3.5895150436524004#9
0000 0030 2000 0000 0000 0000#1626597902473415#-39.5#5.540738605842936#9
0000 002D 2000 0000 0000 0000#1626597902474766#-46.5#5.497787143782138#9
0000 002E 2000 0000 0000 0000#1626597902475880#-42.5#5.50392306693368#9
0000 003B 2000 0000 0000 0000#1626597902477672#-33.5#2.405281875404685#9
0000 0036 2000 0000 0000 0000#1626597902478725#-36.0#4.28287435977671#9
0000 003A 2000 0000 0000 0000#1626597902480283#-26.5#2.2948352586769194#9
0000 0034 2000 0000 0000 0000#1626597902481362#-36.5#4.779884135051658#9
0000 0032 2000 0000 0000 0000#1626597902483748#-37.0#5.270757987175063#9
FFFF FFFF FFFF FFFF FFFF FFFF#1626597902485995#-69.0#5.884350302329319#9
0000 0033 2000 0000 0000 0000#1626597902491245#-35.5#5.1725832167503825#9
0000 0034 2000 0000 0000 0000#1626597902493673#-36.5#4.792155981354743#9
0000 0037 2000 0000 0000 0000#1626597902494951#-36.5#3.847223816017188#9
0000 003B 2000 0000 0000 0000#1626597902496324#-33.0#2.478912953223196#9
0000 003A 2000 0000 0000 0000#1626597902497628#-27.0#2.356194490192345#9
0000 0030 2000 0000 0000 0000#1626597902498714#-40.0#5.534602682691394#9
0000 0031 2000 0000 0000 0000#1626597902499780#-37.5#5.313709449235861#9
0000 002D 2000 0000 0000 0000#1626597902501102#-47.0#5.485515297479052#9
0000 0032 2000 0000 0000 0000#1626597902502662#-37.0#5.2768939103266055#9
0000 0035 2000 0000 0000 0000#1626597902504067#-35.5#4.381049130201391#9
0000 0039 2000 0000 0000 0000#1626597902505406#-32.5#3.129320807286708#9
0000 002E 2000 0000 0000 0000#1626597902506716#-42.5#5.5100589900852235#9
0000 0038 2000 0000 0000 0000#1626597902507784#-34.5#3.6692820446224537#9
0000 0036 2000 0000 0000 0000#1626597902508850#-36.0#4.325825821837508#9
0000 002F 2000 0000 0000 0000#1626597902510242#-41.0#5.522330836388308#9
FFFF FFFF FFFF FFFF FFFF FFFF#1626597902511606#-68.0#5.651185222570702#9
0000 003A 2000 0000 0000 0000#1626597902776326#-26.0#2.650718801466388#9
0000 0034 2000 0000 0000 0000#1626597902778260#-37.5#4.693981210930062#9
0000 003B 2000 0000 0000 0000#1626597902779340#-32.5#2.945243112740431#9
0000 0036 2000 0000 0000 0000#1626597902780452#-36.0#4.289010282928253#9
0000 002E 2000 0000 0000 0000#1626597902781778#-43.5#5.006913291658733#9
0000 0032 2000 0000 0000 0000#1626597902783938#-38.0#5.0682725231741586#9
0000 002F 2000 0000 0000 0000#1626597902786883#-42.0#5.111223985234957#9
0000 0031 2000 0000 0000 0000#1626597902788797#-38.5#5.049864753719531#9
0000 0037 2000 0000 0000 0000#1626597902790077#-36.5#3.933126740138784#9
0000 0038 2000 0000 0000 0000#1626597902791399#-35.0#3.773592738198677#9
0000 0039 2000 0000 0000 0000#1626597902792481#-32.0#3.3440781175906977#9
0000 0033 2000 0000 0000 0000#1626597902793600#-38.0#5.037592907416445#9
0000 0035 2000 0000 0000 0000#1626597902794662#-35.5#4.338097668140593#9
0000 0030 2000 0000 0000 0000#1626597902795850#-41.0#5.190990986205009#9
0000 002D 2000 0000 0000 0000#1626597902797430#-48.0#4.902602598082509#9
0000 0038 2000 0000 0000 0000#1626597902802584#-35.0#3.792000507653305#9
0000 0039 2000 0000 0000 0000#1626597902803997#-32.0#3.368621810196868#9
0000 003B 2000 0000 0000 0000#1626597902805308#-32.5#3.0250101137104846#9
0000 003A 2000 0000 0000 0000#1626597902806821#-26.0#2.7120780329818137#9
0000 0033 2000 0000 0000 0000#1626597902807854#-38.0#5.031456984264903#9
0000 0037 2000 0000 0000 0000#1626597902810431#-36.0#3.9453985864418692#9
0000 002F 2000 0000 0000 0000#1626597902811494#-42.0#5.105088062083414#9
0000 0032 2000 0000 0000 0000#1626597902812943#-38.5#5.056000676871073#9
0000 0036 2000 0000 0000 0000#1626597902814505#-36.5#4.319689898685965#9
0000 0034 2000 0000 0000 0000#1626597902815639#-37.0#4.706253057233147#9
0000 0031 2000 0000 0000 0000#1626597902816734#-38.5#5.037592907416445#9
0000 0035 2000 0000 0000 0000#1626597902817811#-35.5#4.3503695144436785#9
0000 0030 2000 0000 0000 0000#1626597902818910#-41.0#5.1725832167503825#9
0000 002D 2000 0000 0000 0000#1626597902820605#-48.0#4.859651136021712#9
0000 002E 2000 0000 0000 0000#1626597902821688#-44.0#4.957825906446392#9
0000 0035 2000 0000 0000 0000#1626597903084880#-35.5#5.190990986205009#9
0000 0034 2000 0000 0000 0000#1626597903086427#-37.0#5.460971604872882#9
0000 003A 2000 0000 0000 0000#1626597903087531#-25.5#4.080388895775806#9
0000 0038 2000 0000 0000 0000#1626597903088581#-34.5#4.902602598082509#9
0000 0032 2000 0000 0000 0000#1626597903089889#-39.0#5.66959299202533#9
0000 003B 2000 0000 0000 0000#1626597903091423#-31.5#4.448544284868359#9
0000 0036 2000 0000 0000 0000#1626597903092761#-36.0#5.184855063053467#9
0000 0033 2000 0000 0000 0000#1626597903095247#-38.5#5.706408530934585#9
0000 002F 2000 0000 0000 0000#1626597903097021#-44.0#5.5284667595398505#9
0000 0039 2000 0000 0000 0000#1626597903098319#-31.5#4.614214209960009#9
0000 002E 2000 0000 0000 0000#1626597903100114#-45.5#5.3198453723874035#9
0000 0037 2000 0000 0000 0000#1626597903101463#-35.0#4.963961829597935#9
0000 0031 2000 0000 0000 0000#1626597903106920#-40.0#5.577554144752192#9
0000 0030 2000 0000 0000 0000#1626597903109997#-42.5#5.663457068873787#9
0000 002D 2000 0000 0000 0000#1626597903111449#-49.5#5.184855063053467#9
0000 002D 2000 0000 0000 0000#1626597903115575#-49.5#5.178719139901925#9
0000 0030 2000 0000 0000 0000#1626597903116646#-42.5#5.632777453116074#9
0000 0031 2000 0000 0000 0000#1626597903118209#-40.0#5.5714182216006485#9
0000 0032 2000 0000 0000 0000#1626597903119285#-39.5#5.620505606812989#9
0000 0036 2000 0000 0000 0000#1626597903120778#-36.0#5.184855063053467#9
0000 0035 2000 0000 0000 0000#1626597903122311#-35.5#5.1725832167503825#9
0000 002F 2000 0000 0000 0000#1626597903123615#-44.5#5.50392306693368#9
0000 0034 2000 0000 0000 0000#1626597903124708#-37.0#5.418020142812084#9
0000 0038 2000 0000 0000 0000#1626597903127922#-34.0#4.945554060143307#9
0000 003A 2000 0000 0000 0000#1626597903129197#-25.5#4.1417481272912315#9
0000 002E 2000 0000 0000 0000#1626597903130294#-45.5#5.264622064023521#9
0000 003B 2000 0000 0000 0000#1626597903131318#-32.0#4.528311285838413#9
0000 0039 2000 0000 0000 0000#1626597903132613#-32.0#4.638757902566179#9
0000 0037 2000 0000 0000 0000#1626597903144155#-35.5#4.7860200582032#9
0000 0033 2000 0000 0000 0000#1626597903145272#-39.5#5.45483568172134#9
0000 0033 2000 0000 0000 0000#1626597903410704#-40.0#4.7307967498393175#9
0000 002D 2000 0000 0000 0000#1626597903412317#-52.0#4.037437433715008#9
0000 003A 2000 0000 0000 0000#1626597903413423#-26.5#3.859495662320273#9
0000 0039 2000 0000 0000 0000#1626597903416811#-31.5#4.276738436625168#9
0000 0036 2000 0000 0000 0000#1626597903419422#-36.5#4.473087977474529#9
0000 0037 2000 0000 0000 0000#1626597903420456#-35.5#4.387185053352934#9
0000 0038 2000 0000 0000 0000#1626597903421900#-34.5#4.454680208019902#9
0000 003B 2000 0000 0000 0000#1626597903423026#-32.0#4.424000592262189#9
0000 0031 2000 0000 0000 0000#1626597903424809#-41.5#4.473087977474529#9
0000 0035 2000 0000 0000 0000#1626597903425889#-35.5#4.417864669110647#9
0000 0034 2000 0000 0000 0000#1626597903426994#-37.5#4.552854978444583#9
0000 0030 2000 0000 0000 0000#1626597903428446#-44.0#4.503767593232243#9
0000 0032 2000 0000 0000 0000#1626597903430130#-41.0#4.565126824747668#9
0000 002E 2000 0000 0000 0000#1626597903431153#-48.0#4.0987966652304335#9
0000 002F 2000 0000 0000 0000#1626597903432377#-45.5#4.356505437595221#9
0000 0039 2000 0000 0000 0000#1626597903438633#-31.5#4.276738436625168#9
0000 0032 2000 0000 0000 0000#1626597903440437#-40.5#4.534447208989955#9
0000 002E 2000 0000 0000 0000#1626597903441451#-47.5#4.1172044346850605#9
0000 003B 2000 0000 0000 0000#1626597903442518#-32.0#4.448544284868359#9
0000 0038 2000 0000 0000 0000#1626597903443584#-34.0#4.454680208019902#9
0000 0035 2000 0000 0000 0000#1626597903445103#-35.5#4.399456899656019#9
0000 0030 2000 0000 0000 0000#1626597903446428#-44.0#4.460816131171445#9
0000 003A 2000 0000 0000 0000#1626597903447505#-26.5#3.9085830475326135#9
0000 002D 2000 0000 0000 0000#1626597903450494#-52.5#3.9576704327449543#9
0000 0036 2000 0000 0000 0000#1626597903451800#-36.0#4.448544284868359#9
0000 0034 2000 0000 0000 0000#1626597903452847#-37.5#4.509903516383785#9
0000 0037 2000 0000 0000 0000#1626597903454140#-35.0#4.381049130201391#9
0000 0033 2000 0000 0000 0000#1626597903455429#-40.5#4.6448938257177215#9
0000 0031 2000 0000 0000 0000#1626597903458075#-41.5#4.405592822807561#9
0000 002F 2000 0000 0000 0000#1626597903461475#-46.0#4.276738436625168#9
0000 0036 2000 0000 0000 0000#1626597903725991#-35.5#4.276738436625168#9
0000 0034 2000 0000 0000 0000#1626597903727054#-37.0#4.239922897715912#9
0000 0032 2000 0000 0000 0000#1626597903728597#-41.5#4.111068511533518#9
0000 003B 2000 0000 0000 0000#1626597903730144#-31.5#4.921010367537137#9
0000 0031 2000 0000 0000 0000#1626597903731226#-43.0#3.988350048502667#9
0000 0037 2000 0000 0000 0000#1626597903732259#-34.5#4.319689898685965#9
0000 003A 2000 0000 0000 0000#1626597903734996#-25.0#4.215379205109742#9
0000 002E 2000 0000 0000 0000#1626597903736564#-50.5#3.509748042682347#9
0000 0039 2000 0000 0000 0000#1626597903737616#-30.5#4.405592822807561#9
0000 0035 2000 0000 0000 0000#1626597903740332#-35.0#4.172427743048944#9
0000 002F 2000 0000 0000 0000#1626597903741337#-48.0#3.785864584501762#9
0000 002D 2000 0000 0000 0000#1626597903742346#-56.0#3.2397674240144743#9
0000 0033 2000 0000 0000 0000#1626597903744506#-40.0#4.264466590322082#9
0000 0038 2000 0000 0000 0000#1626597903756007#-34.0#3.859495662320273#9
0000 0030 2000 0000 0000 0000#1626597903757519#-47.0#3.32567034813607#9
0000 002D 2000 0000 0000 0000#1626597903761763#-55.5#2.5832236467994196#9
0000 0036 2000 0000 0000 0000#1626597903764207#-36.0#3.6140587362585705#9
0000 0039 2000 0000 0000 0000#1626597903766169#-31.5#3.7981364308048478#9
0000 003B 2000 0000 0000 0000#1626597903767209#-32.0#4.374913207049849#9
0000 003A 2000 0000 0000 0000#1626597903768267#-26.0#3.5895150436524004#9
0000 0037 2000 0000 0000 0000#1626597903769853#-34.5#3.6692820446224537#9
0000 0032 2000 0000 0000 0000#1626597903770915#-42.0#3.4054373491061236#9
0000 0030 2000 0000 0000 0000#1626597903772329#-47.5#3.2888548092268146#9
0000 0034 2000 0000 0000 0000#1626597903773626#-37.5#3.54042765844006#9
0000 002F 2000 0000 0000 0000#1626597903774733#-49.0#3.06182565261974#9
0000 0038 2000 0000 0000 0000#1626597903776384#-34.0#3.8410878928656453#9
0000 0031 2000 0000 0000 0000#1626597903777804#-44.0#3.2581751934691017#9
0000 0035 2000 0000 0000 0000#1626597903778842#-35.5#3.485204350076177#9
0000 0033 2000 0000 0000 0000#1626597903780546#-41.0#3.5588354278946874#9
0000 002E 2000 0000 0000 0000#1626597903781954#-51.5#2.718213956133356#9
0000 003A 2000 0000 0000 0000#1626597904046894#-25.5#3.693825737228624#9
0000 0038 2000 0000 0000 0000#1626597904048515#-33.0#3.693825737228624#9
0000 0030 2000 0000 0000 0000#1626597904049584#-50.0#2.435961491162398#9
0000 0032 2000 0000 0000 0000#1626597904050604#-44.5#2.718213956133356#9
0000 003B 2000 0000 0000 0000#1626597904051655#-31.5#4.589670517353839#9
0000 002E 2000 0000 0000 0000#1626597904052738#-54.5#1.748738098189631#9
0000 0039 2000 0000 0000 0000#1626597904053822#-31.0#3.724505352986337#9
0000 0037 2000 0000 0000 0000#1626597904055732#-34.5#3.429981041712294#9
0000 0033 2000 0000 0000 0000#1626597904057299#-42.5#2.9697868053466014#9
0000 0034 2000 0000 0000 0000#1626597904058633#-38.5#3.06182565261974#9
0000 0031 2000 0000 0000 0000#1626597904060239#-45.5#2.5280003384355365#9
0000 0035 2000 0000 0000 0000#1626597904062128#-36.5#3.104777114680538#9
0000 002F 2000 0000 0000 0000#1626597904063573#-51.5#2.1598449493429825#9
0000 0036 2000 0000 0000 0000#1626597904064868#-36.5#3.2336315008629315#9
0000 002D 2000 0000 0000 0000#1626597904066275#-59.0#1.2517283229146832#9
0000 0038 2000 0000 0000 0000#1626597904070584#-33.0#3.650874275167826#9
0000 0037 2000 0000 0000 0000#1626597904071931#-34.5#3.4054373491061236#9
0000 003B 2000 0000 0000 0000#1626597904074147#-31.5#4.583534594202296#9
0000 003A 2000 0000 0000 0000#1626597904075438#-25.0#3.663146121470911#9
0000 0034 2000 0000 0000 0000#1626597904076727#-38.5#3.000466421104314#9
0000 002E 2000 0000 0000 0000#1626597904077793#-55.0#1.607611865704152#9
0000 0035 2000 0000 0000 0000#1626597904079342#-36.5#3.055689729468197#9
0000 0031 2000 0000 0000 0000#1626597904080436#-46.0#2.435961491162398#9
0000 0036 2000 0000 0000 0000#1626597904082011#-36.5#3.184544115650591#9
0000 0032 2000 0000 0000 0000#1626597904083076#-44.5#2.60776733940559#9
0000 0033 2000 0000 0000 0000#1626597904084266#-42.5#2.8654761117703775#9
0000 0030 2000 0000 0000 0000#1626597904085347#-50.5#2.282563412373834#9
0000 002F 2000 0000 0000 0000#1626597904086499#-51.5#2.043262409463674#9
0000 0039 2000 0000 0000 0000#1626597904087552#-31.0#3.6999616603801666#9
0000 002D 2000 0000 0000 0000#1626597904090200#-59.0#1.1106020904292042#9
0000 0036 2000 0000 0000 0000#1626597904356363#-37.0#3.3379421944391554#9
0000 0039 2000 0000 0000 0000#1626597904357416#-31.0#4.0987966652304335#9
0000 0030 2000 0000 0000 0000#1626597904358500#-52.0#1.7732817907958012#9
0000 0038 2000 0000 0000 0000#1626597904359836#-33.5#3.9515345095934116#9
0000 0033 2000 0000 0000 0000#1626597904360897#-43.5#2.7550294950426117#9
0000 002D 2000 0000 0000 0000#1626597904361963#-49.5#6.234097921967246#9
0000 003B 2000 0000 0000 0000#1626597904371715#-30.5#5.00077736850719#9
0000 0037 2000 0000 0000 0000#1626597904375445#-35.0#3.393165502803038#9
0000 003A 2000 0000 0000 0000#1626597904378095#-25.5#3.9699422790480394#9
0000 002E 2000 0000 0000 0000#1626597904379533#-52.0#0.09203884727313846#9
0000 0035 2000 0000 0000 0000#1626597904381922#-36.5#2.8777479580734626#9
0000 002F 2000 0000 0000 0000#1626597904383583#-53.0#1.1351457830353744#9
0000 0034 2000 0000 0000 0000#1626597904384687#-39.0#2.724349879284899#9
0000 0032 2000 0000 0000 0000#1626597904386129#-46.0#2.110757564130642#9
0000 0031 2000 0000 0000 0000#1626597904387165#-48.0#1.8285050991596843#9
FFFF FFFF FFFF FFFF FFFF FFFF#1626597904388402#-69.5#0.4172427743048944#9
0000 0030 2000 0000 0000 0000#1626597904391717#-52.5#1.368310862793992#9
0000 0039 2000 0000 0000 0000#1626597904393099#-31.5#3.8410878928656453#9
0000 002E 2000 0000 0000 0000#1626597904394182#-51.0#6.2034183062095325#9
FFFF FFFF FFFF FFFF FFFF FFFF#1626597904395188#-69.0#0.4663301595172349#9
0000 0034 2000 0000 0000 0000#1626597904397189#-39.0#2.6813984172241008#9
0000 003B 2000 0000 0000 0000#1626597904398227#-31.0#4.9823695990525625#9
0000 0035 2000 0000 0000 0000#1626597904399246#-37.0#2.8409324191642074#9
0000 0033 2000 0000 0000 0000#1626597904400310#-44.0#2.435961491162398#9
0000 0032 2000 0000 0000 0000#1626597904401385#-46.5#2.0493983326152168#9
0000 0037 2000 0000 0000 0000#1626597904402963#-35.5#3.3440781175906977#9
0000 0036 2000 0000 0000 0000#1626597904404282#-37.5#2.9943304979527716#9
0000 0038 2000 0000 0000 0000#1626597904406135#-33.5#3.6386024288647407#9
0000 003A 2000 0000 0000 0000#1626597904407679#-26.0#3.9453985864418692#9
0000 002F 2000 0000 0000 0000#1626597904411619#-53.5#1.0062913968529805#9
0000 002D 2000 0000 0000 0000#1626597904412690#-47.5#5.651185222570702#9
0000 0031 2000 0000 0000 0000#1626597904416415#-48.5#1.7241944055834606#9
0000 0034 2000 0000 0000 0000#1626597904683140#-43.0#1.4848934026733007#9
0000 0036 2000 0000 0000 0000#1626597904685076#-39.0#1.8837284075235674#9
0000 0032 2000 0000 0000 0000#1626597904686391#-50.5#0.25770877236478773#9
0000 003B 2000 0000 0000 0000#1626597904687472#-32.5#4.215379205109742#9
0000 002F 2000 0000 0000 0000#1626597904689269#-45.0#4.381049130201391#9
0000 003A 2000 0000 0000 0000#1626597904690315#-27.0#2.9268353432858034#9
0000 0035 2000 0000 0000 0000#1626597904691365#-39.5#1.705786636128833#9
0000 0039 2000 0000 0000 0000#1626597904692419#-32.5#2.7550294950426117#9
0000 0033 2000 0000 0000 0000#1626597904693720#-48.5#0.9510680884890975#9
0000 0030 2000 0000 0000 0000#1626597904695006#-46.0#4.595806440505381#9
0000 002E 2000 0000 0000 0000#1626597904696119#-47.0#3.9760782021995817#9
0000 0031 2000 0000 0000 0000#1626597904697597#-51.0#5.921165841238575#9
0000 0038 2000 0000 0000 0000#1626597904698947#-35.5#2.5402721847386216#9
0000 0037 2000 0000 0000 0000#1626597904701016#-37.5#2.2027964114037806#9
0000 002D 2000 0000 0000 0000#1626597904702100#-53.5#3.9638063558964967#9
FFFF FFFF FFFF FFFF FFFF FFFF#1626597904703820#-68.5#5.927301764390117#9
0000 0031 2000 0000 0000 0000#1626597904708926#-50.5#5.792311455056181#9
0000 0035 2000 0000 0000 0000#1626597904710246#-40.0#1.6260196351587797#9
0000 0032 2000 0000 0000 0000#1626597904712176#-51.0#0.07976700097005335#9
0000 003A 2000 0000 0000 0000#1626597904713239#-27.0#2.8777479580734626#9
0000 002D 2000 0000 0000 0000#1626597904714319#-54.5#3.933126740138784#9
0000 002F 2000 0000 0000 0000#1626597904715867#-44.0#4.239922897715912#9
0000 0036 2000 0000 0000 0000#1626597904717202#-39.5#1.8039614065535141#9
0000 0030 2000 0000 0000 0000#1626597904718316#-45.0#4.448544284868359#9
0000 0039 2000 0000 0000 0000#1626597904719411#-33.0#2.6875343403756435#9
0000 0037 2000 0000 0000 0000#1626597904720489#-37.5#2.1659808724945253#9
0000 0038 2000 0000 0000 0000#1626597904721601#-35.5#2.5034566458293663#9
0000 003B 2000 0000 0000 0000#1626597904723166#-32.5#4.1601558967458585#9
0000 0034 2000 0000 0000 0000#1626597904724230#-43.0#1.3192234775816514#9
0000 0033 2000 0000 0000 0000#1626597904725631#-49.5#0.7976700097005334#9
0000 002E 2000 0000 0000 0000#1626597904727628#-48.5#3.9269908169872414#9
FFFF FFFF FFFF FFFF FFFF FFFF#1626597904728750#-69.0#6.007068765360171#9
0000 003A 2000 0000 0000 0000#1626597904995615#-28.5#1.8530487917658545#9
0000 002D 2000 0000 0000 0000#1626597904996668#-62.0#1.2762720155208536#9
0000 0038 2000 0000 0000 0000#1626597904999155#-40.0#1.4787574795217582#9
0000 0036 2000 0000 0000 0000#1626597905000276#-44.5#0.42337869745643697#9
0000 0035 2000 0000 0000 0000#1626597905001325#-45.0#0.11658253987930872#9
0000 0034 2000 0000 0000 0000#1626597905002386#-46.5#5.71868037723767#9
0000 003B 2000 0000 0000 0000#1626597905003424#-35.0#3.172272269347506#9
0000 0032 2000 0000 0000 0000#1626597905004968#-42.5#3.6140587362585705#9
0000 0031 2000 0000 0000 0000#1626597905006543#-42.5#3.2827188860752723#9
0000 0037 2000 0000 0000 0000#1626597905007607#-42.0#1.0246991663076084#9
0000 002F 2000 0000 0000 0000#1626597905008657#-53.0#2.773437264497239#9
0000 0033 2000 0000 0000 0000#1626597905011152#-44.0#4.344233591292136#9
0000 002E 2000 0000 0000 0000#1626597905012351#-59.5#1.6689710972195777#9
0000 0030 2000 0000 0000 0000#1626597905013660#-50.0#3.141592653589793#9
0000 0039 2000 0000 0000 0000#1626597905014731#-36.5#1.6812429435226628#9
FFFF FFFF FFFF FFFF FFFF FFFF#1626597905016166#-68.0#5.197126909356553#9
0000 002F 2000 0000 0000 0000#1626597905020498#-53.5#2.761165418194154#9
0000 0032 2000 0000 0000 0000#1626597905021805#-42.5#3.5342917352885173#9
0000 003A 2000 0000 0000 0000#1626597905022797#-29.5#1.8039614065535141#9
0000 0037 2000 0000 0000 0000#1626597905023860#-42.0#0.9878836273983529#9
0000 003B 2000 0000 0000 0000#1626597905025480#-35.0#3.11091303783208#9
0000 0033 2000 0000 0000 0000#1626597905027317#-44.5#4.227651051412827#9
0000 0035 2000 0000 0000 0000#1626597905028394#-45.5#6.2463697682703305#9
0000 0030 2000 0000 0000 0000#1626597905029436#-51.0#3.0802334220743677#9
0000 002D 2000 0000 0000 0000#1626597905030773#-62.0#0.9878836273983529#9
0000 0036 2000 0000 0000 0000#1626597905032591#-45.5#0.25770877236478773#9
0000 0031 2000 0000 0000 0000#1626597905035134#-43.0#3.1906800388021335#9
FFFF FFFF FFFF FFFF FFFF FFFF#1626597905036142#-67.0#5.209398755659637#9
0000 002E 2000 0000 0000 0000#1626597905038907#-59.5#1.533980787885641#9
0000 0038 2000 0000 0000 0000#1626597905040441#-40.0#1.3744467859455345#9
0000 0039 2000 0000 0000 0000#1626597905042267#-37.0#1.6382914814618648#9
0000 0034 2000 0000 0000 0000#1626597905043898#-46.5#5.399612373357457#9
0000 0033 2000 0000 0000 0000#1626597905311107#-41.5#3.368621810196868#9
0000 003B 2000 0000 0000 0000#1626597905312176#-36.5#2.8102528034064944#9
0000 002F 2000 0000 0000 0000#1626597905313723#-59.0#0.7669903939428205#9
0000 0034 2000 0000 0000 0000#1626597905315294#-40.5#3.706097583531709#9
0000 0032 2000 0000 0000 0000#1626597905317118#-50.0#3.1231848841351653#9
0000 0036 2000 0000 0000 0000#1626597905318167#-45.0#4.755340442445488#9
0000 002D 2000 0000 0000 0000#1626597905320699#-55.0#4.614214209960009#9
0000 003A 2000 0000 0000 0000#1626597905322490#-33.0#1.4787574795217582#9
0000 0037 2000 0000 0000 0000#1626597905324021#-47.5#5.970253226450915#9
0000 0039 2000 0000 0000 0000#1626597905326161#-42.0#1.1780972450961724#9
0000 0038 2000 0000 0000 0000#1626597905327240#-46.5#0.5829126993965437#9
0000 0031 2000 0000 0000 0000#1626597905329515#-53.0#2.564815877344792#9
0000 002E 2000 0000 0000 0000#1626597905330794#-55.5#5.117359908386499#9
0000 0035 2000 0000 0000 0000#1626597905332101#-42.5#4.25833066717054#9
FFFF FFFF FFFF FFFF FFFF FFFF#1626597905335623#-68.0#5.50392306693368#9
0000 0030 2000 0000 0000 0000#1626597905336904#-59.0#1.6566992509164924#9
0000 002E 2000 0000 0000 0000#1626597905342117#-55.5#4.9823695990525625#9
0000 003A 2000 0000 0000 0000#1626597905343508#-33.5#1.41126232485479#9
0000 003B 2000 0000 0000 0000#1626597905344788#-36.5#2.761165418194154#9
0000 0039 2000 0000 0000 0000#1626597905345842#-42.5#1.1044661672776617#9
0000 0034 2000 0000 0000 0000#1626597905347229#-39.5#3.6017868899554855#9
0000 0031 2000 0000 0000 0000#1626597905348293#-54.0#2.4727770300716534#9
0000 0032 2000 0000 0000 0000#1626597905349461#-50.0#3.055689729468197#9
0000 0035 2000 0000 0000 0000#1626597905350803#-42.0#4.1417481272912315#9
0000 0036 2000 0000 0000 0000#1626597905352371#-44.0#4.509903516383785#9
0000 002D 2000 0000 0000 0000#1626597905353738#-55.0#4.313553975534423#9
FFFF FFFF FFFF FFFF FFFF FFFF#1626597905355894#-68.0#5.559146375297564#9
0000 0037 2000 0000 0000 0000#1626597905357070#-47.5#5.71868037723767#9
0000 002F 2000 0000 0000 0000#1626597905358092#-59.5#0.2945243112740431#9
0000 0038 2000 0000 0000 0000#1626597905359861#-46.5#0.380427235395639#9
0000 0033 2000 0000 0000 0000#1626597905360963#-44.0#3.3318062712876126#9
0000 0030 2000 0000 0000 0000#1626597905362193#-60.0#1.5278448647340985#9
0000 0036 2000 0000 0000 0000#1626597905625782#-41.5#4.2092432819582#9
0000 0034 2000 0000 0000 0000#1626597905627143#-48.0#3.890175278077986#9
0000 0035 2000 0000 0000 0000#1626597905628207#-42.5#4.06811704947272#9
0000 0032 2000 0000 0000 0000#1626597905629240#-56.0#2.282563412373834#9
0000 003B 2000 0000 0000 0000#1626597905631034#-40.5#2.82252464970958#9
0000 0031 2000 0000 0000 0000#1626597905632083#-56.0#1.3130875544301088#9
0000 003A 2000 0000 0000 0000#1626597905633144#-39.5#1.0369710126106935#9
0000 0039 2000 0000 0000 0000#1626597905634229#-46.5#0.03681553890925539#9
0000 0038 2000 0000 0000 0000#1626597905635294#-45.0#5.45483568172134#9
0000 002D 2000 0000 0000 0000#1626597905636348#-59.5#3.043417883165112#9
0000 0037 2000 0000 0000 0000#1626597905637384#-43.5#4.81056375080937#9
0000 002E 2000 0000 0000 0000#1626597905640054#-58.5#3.9269908169872414#9
FFFF FFFF FFFF FFFF FFFF FFFF#1626597905641136#-68.0#0.2638446955163303#9
0000 002F 2000 0000 0000 0000#1626597905642255#-57.5#5.166447293598839#9
0000 0033 2000 0000 0000 0000#1626597905643599#-54.0#3.2704470397721868#9
0000 0030 2000 0000 0000 0000#1626597905644898#-60.5#6.056156150572511#9
0000 0037 2000 0000 0000 0000#1626597905651120#-43.5#4.767612288748572#9
0000 0032 2000 0000 0000 0000#1626597905652638#-55.5#2.043262409463674#9
0000 003B 2000 0000 0000 0000#1626597905653732#-41.0#2.767301341345697#9
0000 0033 2000 0000 0000 0000#1626597905654808#-54.5#3.2397674240144743#9
0000 0034 2000 0000 0000 0000#1626597905657309#-49.0#3.8288160465625602#9
0000 0031 2000 0000 0000 0000#1626597905658388#-56.0#1.086058397823034#9
FFFF FFFF FFFF FFFF FFFF FFFF#1626597905659496#-67.5#0.14112623248547898#9
0000 0035 2000 0000 0000 0000#1626597905660513#-44.0#4.000621894805752#9
0000 0039 2000 0000 0000 0000#1626597905663324#-46.0#6.111379458936394#9
0000 002E 2000 0000 0000 0000#1626597905664668#-58.5#3.785864584501762#9
0000 0038 2000 0000 0000 0000#1626597905665720#-44.5#5.332117218690489#9
0000 002D 2000 0000 0000 0000#1626597905666998#-59.5#2.8409324191642074#9
0000 002F 2000 0000 0000 0000#1626597905668320#-56.5#5.056000676871073#9
0000 0030 2000 0000 0000 0000#1626597905669973#-60.0#5.902758071783947#9
0000 003A 2000 0000 0000 0000#1626597905672401#-40.5#0.8528933180644165#9
0000 0036 2000 0000 0000 0000#1626597905673568#-43.0#4.129476280988146#9
0000 003A 2000 0000 0000 0000#1626597905937876#-41.0#5.080544369477243#9
0000 0034 2000 0000 0000 0000#1626597905940937#-54.5#2.030990563160589#9
0000 0033 2000 0000 0000 0000#1626597905942663#-59.0#0.7424467013366504#9
0000 003B 2000 0000 0000 0000#1626597905945747#-48.0#1.2517283229146832#9
0000 0039 2000 0000 0000 0000#1626597905946830#-44.5#4.577398671050753#9
0000 0037 2000 0000 0000 0000#1626597905949050#-50.0#3.9269908169872414#9
0000 0031 2000 0000 0000 0000#1626597905950083#-56.0#4.76147636559703#9
0000 0038 2000 0000 0000 0000#1626597905951406#-46.5#4.295146206079795#9
0000 002F 2000 0000 0000 0000#1626597905952816#-59.5#3.0925052683774528#9
0000 0036 2000 0000 0000 0000#1626597905953877#-53.0#3.141592653589793#9
0000 0030 2000 0000 0000 0000#1626597905955660#-61.0#4.031301510563465#9
0000 0032 2000 0000 0000 0000#1626597905957349#-57.5#5.442563835418255#9
0000 0035 2000 0000 0000 0000#1626597905958409#-53.0#2.6998061866787286#9
0000 002D 2000 0000 0000 0000#1626597905959847#-64.0#5.405748296509#9
FFFF FFFF FFFF FFFF FFFF FFFF#1626597905961052#-68.0#5.786175531904639#9
0000 0037 2000 0000 0000 0000#1626597905964906#-50.5#3.8963112012295285#9
0000 003A 2000 0000 0000 0000#1626597905967266#-40.5#4.92714629068868#9
0000 0038 2000 0000 0000 0000#1626597905969161#-46.5#4.264466590322082#9
0000 0033 2000 0000 0000 0000#1626597905970265#-59.0#0.46019423636569234#9
0000 0031 2000 0000 0000 0000#1626597905971834#-56.5#4.632621979414636#9
0000 0035 2000 0000 0000 0000#1626597905972910#-53.5#2.6016314162540475#9
0000 0039 2000 0000 0000 0000#1626597905973961#-44.5#4.509903516383785#9
0000 002F 2000 0000 0000 0000#1626597905974998#-60.5#2.9513790358919736#9
0000 002D 2000 0000 0000 0000#1626597905976208#-63.5#5.2768939103266055#9
0000 003B 2000 0000 0000 0000#1626597905977261#-48.0#1.0676506283684062#9
0000 0036 2000 0000 0000 0000#1626597905978570#-53.5#3.0127382674073995#9
0000 0032 2000 0000 0000 0000#1626597905979734#-57.0#5.2339424482658075#9
0000 0030 2000 0000 0000 0000#1626597905981846#-61.5#3.8717675086233583#9
0000 0034 2000 0000 0000 0000#1626597905983107#-55.5#1.6935147898257479#9
FFFF FFFF FFFF FFFF FFFF FFFF#1626597905984497#-68.0#5.663457068873787#9
0000 0039 2000 0000 0000 0000#1626597906248998#-49.0#3.429981041712294#9
0000 002E 2000 0000 0000 0000#1626597906251279#-61.5#3.9699422790480394#9
0000 003A 2000 0000 0000 0000#1626597906252569#-41.5#3.5833791205008576#9
0000 003B 2000 0000 0000 0000#1626597906253678#-48.0#5.381204603902829#9
0000 0033 2000 0000 0000 0000#1626597906255311#-56.5#4.172427743048944#9
0000 0031 2000 0000 0000 0000#1626597906256857#-58.0#2.386874105950058#9
0000 0038 2000 0000 0000 0000#1626597906259398#-54.0#3.0372819600135696#9
0000 0036 2000 0000 0000 0000#1626597906263008#-58.5#0.9019807032767571#9
0000 002F 2000 0000 0000 0000#1626597906264529#-63.5#5.71868037723767#9
0000 0034 2000 0000 0000 0000#1626597906265574#-56.5#5.135767677841127#9
0000 0032 2000 0000 0000 0000#1626597906266678#-58.5#3.0495538063166547#9
0000 0037 2000 0000 0000 0000#1626597906268487#-56.5#2.1537090261914402#9
FFFF FFFF FFFF FFFF FFFF FFFF#1626597906271421#-67.5#5.2339424482658075#9
0000 0035 2000 0000 0000 0000#1626597906273621#-57.5#6.277049384028044#9
0000 002D 2000 0000 0000 0000#1626597906274705#-59.5#3.522019888985432#9
0000 0033 2000 0000 0000 0000#1626597906279191#-58.5#3.988350048502667#9
0000 003B 2000 0000 0000 0000#1626597906280757#-47.5#5.283029833478148#9
0000 002D 2000 0000 0000 0000#1626597906281869#-59.0#3.423845118560751#9
FFFF FFFF FFFF FFFF FFFF FFFF#1626597906283644#-68.0#5.117359908386499#9
0000 0031 2000 0000 0000 0000#1626597906284720#-58.5#2.1966604882522383#9
0000 0032 2000 0000 0000 0000#1626597906285812#-58.5#2.9145634969827183#9
0000 003A 2000 0000 0000 0000#1626597906287631#-42.0#3.4913402732277192#9
0000 0038 2000 0000 0000 0000#1626597906289719#-54.0#2.859340188618835#9
0000 002E 2000 0000 0000 0000#1626597906290818#-60.5#3.736777199289422#9
0000 0036 2000 0000 0000 0000#1626597906292079#-58.5#0.6258641614573416#9
0000 0039 2000 0000 0000 0000#1626597906293696#-50.0#3.2397674240144743#9
0000 0034 2000 0000 0000 0000#1626597906297990#-56.0#4.9394181369917645#9
0000 002F 2000 0000 0000 0000#1626597906300295#-62.5#5.424156065963627#9
0000 0035 2000 0000 0000 0000#1626597906301347#-56.5#6.056156150572511#9
0000 0037 2000 0000 0000 0000#1626597906302523#-57.0#1.9941750242513334#9
0000 002E 2000 0000 0000 0000#1626597906569496#-61.5#3.215223731408304#9
0000 002F 2000 0000 0000 0000#1626597906570573#-58.5#4.06811704947272#9
0000 0034 2000 0000 0000 0000#1626597906572145#-56.0#3.2765829629237295#9
0000 0031 2000 0000 0000 0000#1626597906574462#-59.0#5.755495916146925#9
0000 0037 2000 0000 0000 0000#1626597906577348#-58.5#6.258641614573416#9
0000 0039 2000 0000 0000 0000#1626597906578400#-52.5#2.098485717827557#9
0000 0032 2000 0000 0000 0000#1626597906579446#-62.0#0.5338253141842031#9
0000 0030 2000 0000 0000 0000#1626597906581971#-62.0#4.3933209765044765#9
0000 003A 2000 0000 0000 0000#1626597906583076#-45.5#2.5832236467994196#9
0000 002D 2000 0000 0000 0000#1626597906584403#-62.5#2.8286605728611223#9
0000 0035 2000 0000 0000 0000#1626597906585465#-55.5#4.289010282928253#9
0000 0038 2000 0000 0000 0000#1626597906586544#-56.0#1.3314953238847365#9
0000 0036 2000 0000 0000 0000#1626597906587622#-57.0#4.890330751779424#9
0000 003B 2000 0000 0000 0000#1626597906588701#-49.0#4.448544284868359#9
0000 0033 2000 0000 0000 0000#1626597906590645#-60.5#2.098485717827557#9
FFFF FFFF FFFF FFFF FFFF FFFF#1626597906592324#-67.0#5.448699758569798#9
0000 0031 2000 0000 0000 0000#1626597906596736#-59.0#5.565282298449106#9
0000 0034 2000 0000 0000 0000#1626597906598054#-56.5#3.117048960983623#9
0000 0037 2000 0000 0000 0000#1626597906600968#-58.0#6.17273869045182#9
0000 0039 2000 0000 0000 0000#1626597906602711#-52.5#1.9696313316451632#9
0000 003B 2000 0000 0000 0000#1626597906603733#-49.0#4.381049130201391#9
0000 0036 2000 0000 0000 0000#1626597906604854#-57.0#4.779884135051658#9
0000 003A 2000 0000 0000 0000#1626597906605860#-46.0#2.4911847995262812#9
0000 0038 2000 0000 0000 0000#1626597906606868#-56.0#1.184233168247715#9
0000 002D 2000 0000 0000 0000#1626597906608178#-62.5#2.859340188618835#9
0000 002F 2000 0000 0000 0000#1626597906610904#-59.0#3.9208548938356986#9
FFFF FFFF FFFF FFFF FFFF FFFF#1626597906621506#-68.0#0.5276893910326605#9
0000 002E 2000 0000 0000 0000#1626597906622532#-60.5#3.5833791205008576#9
0000 0035 2000 0000 0000 0000#1626597906623623#-55.0#4.816699673960914#9
0000 0032 2000 0000 0000 0000#1626597906625133#-61.0#0.8835729338221293#9
0000 0033 2000 0000 0000 0000#1626597906626452#-60.0#2.552544031041707#9
0000 0030 2000 0000 0000 0000#1626597906628848#-60.0#4.908738521234052#9
0000 0032 2000 0000 0000 0000#1626597906893435#-61.0#5.47937937432751#9
0000 0035 2000 0000 0000 0000#1626597906895081#-61.0#2.742757648739526#9
0000 003B 2000 0000 0000 0000#1626597906896957#-54.5#4.080388895775806#9
0000 003A 2000 0000 0000 0000#1626597906898020#-51.5#1.8039614065535141#9
0000 0033 2000 0000 0000 0000#1626597906899886#-61.5#6.277049384028044#9
0000 0031 2000 0000 0000 0000#1626597906901215#-59.5#4.908738521234052#9
0000 0034 2000 0000 0000 0000#1626597906904885#-59.0#1.1044661672776617#9
0000 0036 2000 0000 0000 0000#1626597906906812#-62.5#3.7551849687440497#9
0000 002D 2000 0000 0000 0000#1626597906908963#-65.5#2.9145634969827183#9
0000 0037 2000 0000 0000 0000#1626597906910642#-60.5#5.184855063053467#9
0000 0039 2000 0000 0000 0000#1626597906911726#-57.0#1.030835089459151#9
FFFF FFFF FFFF FFFF FFFF FFFF#1626597906912790#-66.5#0.14112623248547898#9
0000 002E 2000 0000 0000 0000#1626597906916610#-66.0#3.2581751934691017#9
0000 0038 2000 0000 0000 0000#1626597906917690#-60.0#0.17794177139473438#9
0000 0034 2000 0000 0000 0000#1626597906921837#-59.0#1.0492428589137786#9
0000 0039 2000 0000 0000 0000#1626597906923388#-57.5#0.9756117810952678#9
0000 003B 2000 0000 0000 0000#1626597906924724#-55.0#4.000621894805752#9
0000 0031 2000 0000 0000 0000#1626597906925776#-60.5#4.9394181369917645#9
FFFF FFFF FFFF FFFF FFFF FFFF#1626597906928093#-68.5#0.21475731030398976#9
0000 002E 2000 0000 0000 0000#1626597906929387#-66.0#3.2827188860752723#9
0000 003A 2000 0000 0000 0000#1626597906930675#-52.0#1.7119225592803755#9
0000 0035 2000 0000 0000 0000#1626597906933468#-61.0#2.509592568980909#9
0000 0037 2000 0000 0000 0000#1626597906935001#-60.5#5.086680292628786#9
0000 002D 2000 0000 0000 0000#1626597906936281#-65.5#3.031146036862027#9
0000 0036 2000 0000 0000 0000#1626597906938500#-62.0#3.5833791205008576#9
0000 0038 2000 0000 0000 0000#1626597906939749#-60.0#0.1227184630308513#9
0000 0032 2000 0000 0000 0000#1626597906941065#-61.0#5.381204603902829#9
0000 0033 2000 0000 0000 0000#1626597906942114#-61.5#0.006135923151542565#9
0000 0035 2000 0000 0000 0000#1626597907208906#-61.5#2.12916533358527#9
0000 0037 2000 0000 0000 0000#1626597907210666#-62.5#4.7307967498393175#9
0000 0032 2000 0000 0000 0000#1626597907211984#-62.5#5.105088062083414#9
0000 003A 2000 0000 0000 0000#1626597907213802#-53.0#1.3069516312785663#9
0000 0031 2000 0000 0000 0000#1626597907215351#-61.5#4.6448938257177215#9
0000 003B 2000 0000 0000 0000#1626597907217846#-56.0#3.6570101983193686#9
0000 0033 2000 0000 0000 0000#1626597907220169#-62.0#5.8475347634200645#9
0000 0039 2000 0000 0000 0000#1626597907229298#-58.5#0.7485826244881929#9
0000 0034 2000 0000 0000 0000#1626597907231914#-60.0#0.7240389318820226#9
0000 0038 2000 0000 0000 0000#1626597907233206#-61.0#6.240233845118788#9
0000 002D 2000 0000 0000 0000#1626597907234275#-66.0#2.6813984172241008#9
0000 002E 2000 0000 0000 0000#1626597907238570#-66.5#3.2029518851052186#9
0000 0036 2000 0000 0000 0000#1626597907239746#-63.0#3.2643111166206444#9
FFFF FFFF FFFF FFFF FFFF FFFF#1626597907242472#-67.5#6.2034183062095325#9
FFFF FFFF FFFF FFFF FFFF FFFF#1626597907246558#-67.5#5.9518454569962875#9
0000 003A 2000 0000 0000 0000#1626597907247590#-53.0#1.4726215563702154#9
0000 0035 2000 0000 0000 0000#1626597907249460#-62.0#2.356194490192345#9
0000 003B 2000 0000 0000 0000#1626597907250457#-56.0#3.8717675086233583#9
0000 0039 2000 0000 0000 0000#1626597907252222#-58.5#0.760854470791278#9
0000 0034 2000 0000 0000 0000#1626597907253270#-59.5#0.7547185476397354#9
0000 0036 2000 0000 0000 0000#1626597907254561#-63.0#3.2888548092268146#9
0000 0038 2000 0000 0000 0000#1626597907255873#-60.5#6.270913460876501#9
0000 0031 2000 0000 0000 0000#1626597907256939#-61.5#4.847379289718626#9
0000 002D 2000 0000 0000 0000#1626597907258232#-66.5#2.6445828783148455#9
0000 0037 2000 0000 0000 0000#1626597907261543#-62.0#4.896466674930966#9
0000 0033 2000 0000 0000 0000#1626597907262591#-61.5#6.056156150572511#9
0000 002E 2000 0000 0000 0000#1626597907263802#-67.0#3.104777114680538#9
0000 0032 2000 0000 0000 0000#1626597907264850#-61.5#5.246214294568893#9
0000 0039 2000 0000 0000 0000#1626597907528797#-60.0#0.2086213871524472#9
0000 0033 2000 0000 0000 0000#1626597907529939#-61.5#5.43029198911517#9
0000 0038 2000 0000 0000 0000#1626597907531188#-62.0#5.688000761479957#9
0000 0036 2000 0000 0000 0000#1626597907532792#-64.5#2.6016314162540475#9
0000 002D 2000 0000 0000 0000#1626597907533861#-67.0#2.1475731030398975#9
0000 003B 2000 0000 0000 0000#1626597907536646#-56.5#3.393165502803038#9
FFFF FFFF FFFF FFFF FFFF FFFF#1626597907538692#-68.5#5.190990986205009#9
0000 003A 2000 0000 0000 0000#1626597907540291#-54.0#1.0369710126106935#9
0000 0034 2000 0000 0000 0000#1626597907541328#-60.5#0.04908738521234052#9
0000 0035 2000 0000 0000 0000#1626597907542417#-62.5#1.5707963267948966#9
0000 0032 2000 0000 0000 0000#1626597907543536#-62.0#4.755340442445488#9
0000 0031 2000 0000 0000 0000#1626597907544592#-62.0#4.405592822807561#9
0000 0037 2000 0000 0000 0000#1626597907546480#-64.0#4.3074180523828804#9
0000 0036 2000 0000 0000 0000#1626597907556276#-64.5#2.478912953223196#9
0000 002D 2000 0000 0000 0000#1626597907557344#-66.5#2.073942025221387#9
0000 003A 2000 0000 0000 0000#1626597907558681#-54.0#1.055378782065321#9
0000 0038 2000 0000 0000 0000#1626597907559747#-62.5#5.66959299202533#9
0000 0039 2000 0000 0000 0000#1626597907560827#-60.0#0.2454369260617026#9
FFFF FFFF FFFF FFFF FFFF FFFF#1626597907561906#-68.0#5.221670601962723#9
0000 0035 2000 0000 0000 0000#1626597907563450#-62.5#1.5892040962495242#9
0000 0033 2000 0000 0000 0000#1626597907564966#-62.0#5.50392306693368#9
0000 003B 2000 0000 0000 0000#1626597907566279#-56.5#3.454524734318464#9
0000 0034 2000 0000 0000 0000#1626597907567443#-60.5#0.07976700097005335#9
0000 0031 2000 0000 0000 0000#1626597907568766#-62.0#4.356505437595221#9
0000 0037 2000 0000 0000 0000#1626597907570116#-64.0#4.387185053352934#9
0000 0032 2000 0000 0000 0000#1626597907571656#-62.5#4.804427827657828#9
0000 0031 2000 0000 0000 0000#1626597907842796#-61.5#5.197126909356553#9
0000 003B 2000 0000 0000 0000#1626597907843832#-55.5#4.0987966652304335#9
0000 002D 2000 0000 0000 0000#1626597907845128#-67.0#2.7979809571034093#9
0000 003A 2000 0000 0000 0000#1626597907846373#-51.5#1.748738098189631#9
FFFF FFFF FFFF FFFF FFFF FFFF#1626597907849046#-67.0#0.6565437772150544#9
0000 0001 0000 0000 0000 0000#1626597907850127#-65.0#6.209554229361076#9
0000 0035 2000 0000 0000 0000#1626597907853304#-61.0#2.804116880254952#9
0000 0034 2000 0000 0000 0000#1626597907854339#-59.0#1.1596894756415448#9
0000 0039 2000 0000 0000 0000#1626597907858114#-57.0#1.055378782065321#9
0000 0032 2000 0000 0000 0000#1626597907859575#-62.0#5.626641529964532#9
0000 0037 2000 0000 0000 0000#1626597907861137#-60.5#5.203262832508095#9
0000 0038 2000 0000 0000 0000#1626597907863300#-59.5#0.2270291566070749#9
0000 0036 2000 0000 0000 0000#1626597907864306#-62.0#3.822680123411018#9
0000 0033 2000 0000 0000 0000#1626597907866447#-60.5#0.25157284921324513#9
0000 003B 2000 0000 0000 0000#1626597907871908#-55.5#4.129476280988146#9
0000 0031 2000 0000 0000 0000#1626597907874573#-61.5#5.111223985234957#9
0000 0036 2000 0000 0000 0000#1626597907876000#-62.5#3.724505352986337#9
0000 003A 2000 0000 0000 0000#1626597907877062#-52.0#1.7794177139473437#9
0000 0039 2000 0000 0000 0000#1626597907878173#-58.0#1.0492428589137786#9
0000 0001 0000 0000 0000 0000#1626597907879519#-65.5#6.2034183062095325#9
0000 0032 2000 0000 0000 0000#1626597907880569#-62.0#5.6573211457222445#9
0000 0034 2000 0000 0000 0000#1626597907883293#-58.5#1.1535535524900022#9
0000 0037 2000 0000 0000 0000#1626597907884804#-61.0#5.283029833478148#9
0000 0035 2000 0000 0000 0000#1626597907885894#-60.5#2.718213956133356#9
FFFF FFFF FFFF FFFF FFFF FFFF#1626597907887169#-67.0#0.5338253141842031#9
0000 002D 2000 0000 0000 0000#1626597907888693#-66.0#2.9206994201342606#9
0000 0038 2000 0000 0000 0000#1626597907890806#-60.5#0.2699806186678728#9
0000 0033 2000 0000 0000 0000#1626597907891866#-62.0#0.1227184630308513#9
0000 0034 2000 0000 0000 0000#1626597908156137#-58.0#1.4296700943094176#9
0000 0039 2000 0000 0000 0000#1626597908157943#-60.0#0.9019807032767571#9
FFFF FFFF FFFF FFFF FFFF FFFF#1626597908159286#-67.5#0.3190680038802134#9
0000 0033 2000 0000 0000 0000#1626597908160331#-62.0#0.46019423636569234#9
0000 0032 2000 0000 0000 0000#1626597908161505#-61.0#5.841398840268521#9
0000 0037 2000 0000 0000 0000#1626597908162526#-62.0#4.528311285838413#9
0000 0036 2000 0000 0000 0000#1626597908163616#-60.5#3.055689729468197#9
0000 0038 2000 0000 0000 0000#1626597908165193#-61.5#5.902758071783947#9
0000 003A 2000 0000 0000 0000#1626597908167770#-54.0#1.8100973297050567#9
0000 0001 0000 0000 0000 0000#1626597908169513#-65.0#5.9088939949354895#9
