0000 0036 2000 0000 0000 0000#1626597802730777#-47.0#4.104932588381976#9
0000 0037 2000 0000 0000 0000#1626597802731858#-47.0#3.6876898140770815#9
0000 0038 2000 0000 0000 0000#1626597802733181#-46.0#3.436116964863836#9
0000 0032 2000 0000 0000 0000#1626597802734241#-50.5#0.2086213871524472#9
0000 003A 2000 0000 0000 0000#1626597802736499#-47.0#2.0800779483729293#9
0000 002D 2000 0000 0000 0000#1626597802739697#-53.0#2.6323110320117604#9
0000 0031 2000 0000 0000 0000#1626597802740761#-51.5#0.6565437772150544#9
0000 0039 2000 0000 0000 0000#1626597802743009#-46.0#2.9145634969827183#9
0000 0030 2000 0000 0000 0000#1626597802744364#-51.5#1.607611865704152#9
0000 0035 2000 0000 0000 0000#1626597802746636#-46.5#4.23378697456437#9
FFFF FFFF FFFF FFFF FFFF FFFF#1626597802748785#-68.0#5.50392306693368#9
0000 002F 2000 0000 0000 0000#1626597802750914#-51.0#1.8775924843720249#9
0000 002E 2000 0000 0000 0000#1626597802752082#-50.5#2.2641556429192065#9
0000 0033 2000 0000 0000 0000#1626597802754049#-50.0#5.841398840268521#9
0000 0034 2000 0000 0000 0000#1626597802755040#-49.0#4.988505522204105#9
0000 002F 2000 0000 0000 0000#1626597802758784#-51.0#1.8653206380689396#9
0000 0033 2000 0000 0000 0000#1626597802759873#-50.0#5.8475347634200645#9
0000 0030 2000 0000 0000 0000#1626597802761226#-51.5#1.6198837120072371#9
0000 0035 2000 0000 0000 0000#1626597802762289#-46.5#4.23378697456437#9
0000 0034 2000 0000 0000 0000#1626597802763408#-49.0#5.00077736850719#9
0000 0032 2000 0000 0000 0000#1626597802767108#-50.5#0.23930100291016002#9
0000 002E 2000 0000 0000 0000#1626597802768931#-50.0#2.2948352586769194#9
0000 0039 2000 0000 0000 0000#1626597802770269#-46.0#2.9022916506796332#9
0000 0037 2000 0000 0000 0000#1626597802771334#-47.0#3.6754179677739964#9
0000 002D 2000 0000 0000 0000#1626597802772598#-53.0#2.662990647769473#9
0000 0038 2000 0000 0000 0000#1626597802773904#-46.5#3.4606606574700063#9
0000 0036 2000 0000 0000 0000#1626597802776506#-47.0#4.1172044346850605#9
0000 0031 2000 0000 0000 0000#1626597802778197#-51.0#0.6994952392758523#9
0000 003A 2000 0000 0000 0000#1626597802779619#-47.5#2.073942025221387#9
FFFF FFFF FFFF FFFF FFFF FFFF#1626597802780727#-67.5#5.460971604872882#9
0000 0035 2000 0000 0000 0000#1626597803044538#-46.0#4.97623367590102#9
0000 0032 2000 0000 0000 0000#1626597803046094#-50.0#1.000155473701438#9
0000 0038 2000 0000 0000 0000#1626597803048042#-45.0#4.227651051412827#9
0000 0034 2000 0000 0000 0000#1626597803049062#-48.0#5.743224069843841#9
0000 0039 2000 0000 0000 0000#1626597803050101#-45.0#3.7122335066832517#9
0000 003A 2000 0000 0000 0000#1626597803051407#-46.5#2.834796496012665#9
0000 0031 2000 0000 0000 0000#1626597803052918#-51.0#1.3989904785517047#9
0000 0033 2000 0000 0000 0000#1626597803053966#-49.5#0.2945243112740431#9
0000 0036 2000 0000 0000 0000#1626597803055028#-46.5#4.871922982324796#9
0000 0037 2000 0000 0000 0000#1626597803057002#-46.0#4.430136515413731#9
0000 002E 2000 0000 0000 0000#1626597803058309#-50.5#3.074097498922825#9
0000 0030 2000 0000 0000 0000#1626597803060264#-51.0#2.356194490192345#9
0000 002D 2000 0000 0000 0000#1626597803062719#-53.0#3.479068426924634#9
0000 002F 2000 0000 0000 0000#1626597803063768#-51.0#2.6261751088602177#9
FFFF FFFF FFFF FFFF FFFF FFFF#1626597803064831#-68.0#0.4479223900626072#9
0000 0037 2000 0000 0000 0000#1626597803085006#-46.0#4.25833066717054#9
0000 0030 2000 0000 0000 0000#1626597803087456#-51.0#2.184388641949153#9
0000 0033 2000 0000 0000 0000#1626597803088488#-50.0#0.11044661672776616#9
0000 0038 2000 0000 0000 0000#1626597803089525#-45.5#4.06811704947272#9
0000 0031 2000 0000 0000 0000#1626597803091317#-50.5#1.2210487071569704#9
0000 0034 2000 0000 0000 0000#1626597803092578#-49.0#5.516194913236766#9
0000 0035 2000 0000 0000 0000#1626597803093910#-46.5#4.792155981354743#9
0000 0032 2000 0000 0000 0000#1626597803094953#-50.5#0.8160777791551611#9
0000 003A 2000 0000 0000 0000#1626597803096294#-46.5#2.662990647769473#9
FFFF FFFF FFFF FFFF FFFF FFFF#1626597803097979#-68.5#6.258641614573416#9
0000 0039 2000 0000 0000 0000#1626597803099302#-45.0#3.522019888985432#9
0000 002F 2000 0000 0000 0000#1626597803102340#-51.5#2.448233337465483#9
0000 002E 2000 0000 0000 0000#1626597803104131#-50.0#2.84706834231575#9
0000 0036 2000 0000 0000 0000#1626597803105464#-47.0#4.669437518323892#9
0000 002D 2000 0000 0000 0000#1626597803106965#-53.5#3.3011266555298997#9
0000 002D 2000 0000 0000 0000#1626597803370310#-51.5#3.368621810196868#9
0000 0039 2000 0000 0000 0000#1626597803371931#-42.5#3.2336315008629315#9
0000 003B 2000 0000 0000 0000#1626597803373001#-51.5#2.9391071895888885#9
0000 0031 2000 0000 0000 0000#1626597803374322#-47.0#1.7671458676442586#9
0000 002F 2000 0000 0000 0000#1626597803375613#-48.5#2.650718801466388#9
0000 0034 2000 0000 0000 0000#1626597803376924#-50.0#0.06135923151542565#9
0000 0038 2000 0000 0000 0000#1626597803378018#-45.5#3.9147189706841563#9
0000 0036 2000 0000 0000 0000#1626597803379124#-48.0#5.0253210611133605#9
0000 0035 2000 0000 0000 0000#1626597803380456#-48.5#5.264622064023521#9
0000 003A 2000 0000 0000 0000#1626597803381733#-38.5#2.350058567040802#9
0000 0030 2000 0000 0000 0000#1626597803383433#-48.0#2.4605051837685683#9
0000 0033 2000 0000 0000 0000#1626597803384494#-48.5#0.9878836273983529#9
0000 0032 2000 0000 0000 0000#1626597803385915#-46.5#1.5155730184310134#9
0000 0037 2000 0000 0000 0000#1626597803388684#-47.0#4.338097668140593#9
0000 002E 2000 0000 0000 0000#1626597803389995#-48.0#3.031146036862027#9
FFFF FFFF FFFF FFFF FFFF FFFF#1626597803393424#-69.0#5.890486225480862#9
0000 0039 2000 0000 0000 0000#1626597803398991#-42.5#3.2765829629237295#9
0000 0031 2000 0000 0000 0000#1626597803400355#-47.0#1.846912868614312#9
0000 002E 2000 0000 0000 0000#1626597803401908#-47.5#3.0372819600135696#9
0000 003A 2000 0000 0000 0000#1626597803403198#-38.0#2.3746022596469727#9
0000 0032 2000 0000 0000 0000#1626597803404514#-47.5#1.6014759425526093#9
0000 0036 2000 0000 0000 0000#1626597803405623#-48.5#5.190990986205009#9
0000 0033 2000 0000 0000 0000#1626597803407183#-48.0#1.1044661672776617#9
0000 0034 2000 0000 0000 0000#1626597803408258#-50.0#0.25770877236478773#9
0000 0030 2000 0000 0000 0000#1626597803409827#-47.5#2.5341362615870793#9
0000 002F 2000 0000 0000 0000#1626597803411132#-48.0#2.742757648739526#9
0000 003B 2000 0000 0000 0000#1626597803412185#-49.5#2.9268353432858034#9
0000 0037 2000 0000 0000 0000#1626597803413278#-47.0#4.424000592262189#9
0000 0038 2000 0000 0000 0000#1626597803414387#-45.5#3.9760782021995817#9
0000 002D 2000 0000 0000 0000#1626597803416849#-51.0#3.479068426924634#9
FFFF FFFF FFFF FFFF FFFF FFFF#1626597803420120#-68.0#5.71868037723767#9
0000 0035 2000 0000 0000 0000#1626597803421322#-49.0#5.516194913236766#9
0000 0036 2000 0000 0000 0000#1626597803685659#-49.0#0.8344855486097889#9
0000 002F 2000 0000 0000 0000#1626597803694724#-45.5#2.988194574801229#9
0000 0037 2000 0000 0000 0000#1626597803696540#-50.0#5.516194913236766#9
0000 003A 2000 0000 0000 0000#1626597803699907#-34.5#2.5586799541932495#9
0000 003B 2000 0000 0000 0000#1626597803701638#-41.5#2.8777479580734626#9
0000 0039 2000 0000 0000 0000#1626597803703085#-43.0#3.724505352986337#9
0000 0030 2000 0000 0000 0000#1626597803704640#-44.5#2.8409324191642074#9
0000 0033 2000 0000 0000 0000#1626597803705987#-43.0#1.859184714917397#9
0000 002D 2000 0000 0000 0000#1626597803707274#-49.5#3.6692820446224537#9
0000 0032 2000 0000 0000 0000#1626597803708503#-42.5#2.141437179888355#9
0000 0031 2000 0000 0000 0000#1626597803709783#-43.5#2.356194490192345#9
0000 0038 2000 0000 0000 0000#1626597803711332#-47.5#4.798291904506286#9
0000 0035 2000 0000 0000 0000#1626597803712739#-47.5#0.6135923151542565#9
0000 0034 2000 0000 0000 0000#1626597803715004#-45.0#1.3867186322486196#9
0000 002E 2000 0000 0000 0000#1626597803716358#-45.0#3.368621810196868#9
FFFF FFFF FFFF FFFF FFFF FFFF#1626597803717836#-69.0#4.994641445355648#9
0000 0038 2000 0000 0000 0000#1626597803722931#-47.5#4.865787059173254#9
0000 0032 2000 0000 0000 0000#1626597803723979#-42.5#2.1659808724945253#9
0000 0039 2000 0000 0000 0000#1626597803725298#-43.0#3.8410878928656453#9
0000 0036 2000 0000 0000 0000#1626597803726617#-48.5#0.4908738521234052#9
0000 003A 2000 0000 0000 0000#1626597803728193#-34.5#2.6568547246179306#9
0000 002F 2000 0000 0000 0000#1626597803729428#-45.5#3.074097498922825#9
0000 003B 2000 0000 0000 0000#1626597803730987#-41.5#2.9575149590435164#9
0000 0037 2000 0000 0000 0000#1626597803732307#-49.0#5.755495916146925#9
0000 002D 2000 0000 0000 0000#1626597803733971#-49.0#3.730641276137879#9
0000 0034 2000 0000 0000 0000#1626597803735375#-45.0#1.4726215563702154#9
0000 0033 2000 0000 0000 0000#1626597803736466#-43.0#1.9389517158874505#9
0000 0031 2000 0000 0000 0000#1626597803737783#-43.0#2.386874105950058#9
0000 0035 2000 0000 0000 0000#1626597803738985#-47.0#0.7731263170943632#9
0000 0030 2000 0000 0000 0000#1626597803740546#-44.0#2.9084275738311756#9
0000 002E 2000 0000 0000 0000#1626597803741842#-45.0#3.411573272257666#9
FFFF FFFF FFFF FFFF FFFF FFFF#1626597803744018#-68.0#5.019185137961818#9
0000 0036 2000 0000 0000 0000#1626597804007776#-44.0#1.7671458676442586#9
FFFF FFFF FFFF FFFF FFFF FFFF#1626597804009125#-68.5#5.117359908386499#9
0000 0030 2000 0000 0000 0000#1626597804010165#-42.5#3.736777199289422#9
0000 0037 2000 0000 0000 0000#1626597804011740#-46.0#1.055378782065321#9
0000 0032 2000 0000 0000 0000#1626597804013056#-40.5#3.0802334220743677#9
0000 0039 2000 0000 0000 0000#1626597804014636#-43.0#5.436427912266712#9
0000 0033 2000 0000 0000 0000#1626597804015730#-40.0#2.816388726558037#9
0000 0031 2000 0000 0000 0000#1626597804017022#-41.0#3.2459033471660166#9
0000 002D 2000 0000 0000 0000#1626597804018158#-48.0#4.460816131171445#9
0000 002F 2000 0000 0000 0000#1626597804019509#-44.0#3.9208548938356986#9
0000 002E 2000 0000 0000 0000#1626597804020522#-43.5#4.1601558967458585#9
0000 0034 2000 0000 0000 0000#1626597804022537#-41.0#2.411417798556228#9
0000 003B 2000 0000 0000 0000#1626597804024130#-39.5#4.147884050442774#9
0000 003A 2000 0000 0000 0000#1626597804025680#-34.0#4.080388895775806#9
0000 0038 2000 0000 0000 0000#1626597804026716#-46.0#0.44178646691106466#9
0000 0035 2000 0000 0000 0000#1626597804028363#-42.0#1.932815792735908#9
0000 0037 2000 0000 0000 0000#1626597804036654#-45.5#1.1474176293384597#9
0000 0038 2000 0000 0000 0000#1626597804037690#-46.0#0.48473792897186263#9
FFFF FFFF FFFF FFFF FFFF FFFF#1626597804038754#-68.5#5.325981295538946#9
0000 0031 2000 0000 0000 0000#1626597804040573#-40.5#3.2949907323783574#9
0000 0030 2000 0000 0000 0000#1626597804041872#-43.0#3.785864584501762#9
0000 0034 2000 0000 0000 0000#1626597804042959#-41.0#2.448233337465483#9
0000 0036 2000 0000 0000 0000#1626597804044468#-43.5#1.859184714917397#9
0000 003A 2000 0000 0000 0000#1626597804045499#-34.5#4.178563666200486#9
0000 0032 2000 0000 0000 0000#1626597804046635#-40.5#3.141592653589793#9
0000 0039 2000 0000 0000 0000#1626597804047661#-42.5#5.595961914206819#9
0000 002D 2000 0000 0000 0000#1626597804049226#-48.0#4.491495746929157#9
0000 0033 2000 0000 0000 0000#1626597804050715#-40.0#2.890019804376548#9
0000 003B 2000 0000 0000 0000#1626597804052252#-39.5#4.23378697456437#9
0000 0035 2000 0000 0000 0000#1626597804053330#-41.5#1.9941750242513334#9
0000 002F 2000 0000 0000 0000#1626597804054877#-43.5#3.9515345095934116#9
0000 002E 2000 0000 0000 0000#1626597804058596#-43.5#4.215379205109742#9
0000 002E 2000 0000 0000 0000#1626597804326240#-42.0#5.178719139901925#9
0000 0032 2000 0000 0000 0000#1626597804327531#-38.0#4.338097668140593#9
0000 002F 2000 0000 0000 0000#1626597804329827#-42.0#5.013049214810275#9
0000 0033 2000 0000 0000 0000#1626597804332246#-37.0#4.147884050442774#9
0000 003B 2000 0000 0000 0000#1626597804334934#-39.0#5.964117303299373#9
0000 0034 2000 0000 0000 0000#1626597804335984#-38.5#3.693825737228624#9
FFFF FFFF FFFF FFFF FFFF FFFF#1626597804337021#-68.0#0.3190680038802134#9
3008 33B2 DDD9 0140 2018 0626#1626597804338094#-62.5#5.270757987175063#9
0000 003A 2000 0000 0000 0000#1626597804339664#-33.0#6.080699843178682#9
0000 0037 2000 0000 0000 0000#1626597804340731#-41.5#2.5832236467994196#9
0000 0038 2000 0000 0000 0000#1626597804343039#-41.5#2.1475731030398975#9
0000 0036 2000 0000 0000 0000#1626597804344445#-40.5#3.153864499892878#9
0000 0030 2000 0000 0000 0000#1626597804345459#-40.5#4.9394181369917645#9
0000 0039 2000 0000 0000 0000#1626597804346571#-39.0#1.2333205534600555#9
0000 0035 2000 0000 0000 0000#1626597804347847#-39.0#3.2581751934691017#9
0000 0031 2000 0000 0000 0000#1626597804349099#-38.5#4.509903516383785#9
0000 002D 2000 0000 0000 0000#1626597804350552#-47.5#5.460971604872882#9
0000 0030 2000 0000 0000 0000#1626597804356794#-40.5#4.963961829597935#9
0000 0039 2000 0000 0000 0000#1626597804358334#-39.0#1.2762720155208536#9
0000 0037 2000 0000 0000 0000#1626597804360294#-41.0#2.6261751088602177#9
0000 0036 2000 0000 0000 0000#1626597804361844#-40.5#3.1968159619536762#9
0000 003A 2000 0000 0000 0000#1626597804363177#-33.0#6.209554229361076#9
0000 0038 2000 0000 0000 0000#1626597804364468#-41.0#2.2089323345553233#9
0000 0034 2000 0000 0000 0000#1626597804365505#-38.5#3.7429131224409646#9
0000 002D 2000 0000 0000 0000#1626597804367084#-47.5#5.47937937432751#9
0000 003B 2000 0000 0000 0000#1626597804368428#-39.5#6.12365130523948#9
0000 0035 2000 0000 0000 0000#1626597804369563#-38.5#3.3011266555298997#9
0000 0032 2000 0000 0000 0000#1626597804372452#-37.0#4.417864669110647#9
0000 002F 2000 0000 0000 0000#1626597804375452#-41.5#5.086680292628786#9
0000 0033 2000 0000 0000 0000#1626597804376559#-38.0#4.196971435655114#9
0000 0031 2000 0000 0000 0000#1626597804377624#-38.5#4.540583132141498#9
0000 002E 2000 0000 0000 0000#1626597804378619#-42.0#5.240078371417351#9
FFFF FFFF FFFF FFFF FFFF FFFF#1626597804379830#-68.0#0.19634954084936207#9
0000 002E 2000 0000 0000 0000#1626597804643877#-41.5#5.086680292628786#9
0000 0039 2000 0000 0000 0000#1626597804644932#-36.0#1.7732817907958012#9
0000 002D 2000 0000 0000 0000#1626597804646437#-46.5#5.283029833478148#9
0000 003B 2000 0000 0000 0000#1626597804647480#-38.0#0.6320000846088841#9
0000 002F 2000 0000 0000 0000#1626597804649055#-41.0#5.013049214810275#9
0000 0030 2000 0000 0000 0000#1626597804650583#-40.0#4.970097752749477#9
0000 0031 2000 0000 0000 0000#1626597804651891#-38.0#4.601942363656923#9
FFFF FFFF FFFF FFFF FFFF FFFF#1626597804652939#-68.5#5.387340527054372#9
0000 0037 2000 0000 0000 0000#1626597804654716#-38.0#2.779573187648782#9
0000 0036 2000 0000 0000 0000#1626597804655781#-38.0#3.3379421944391554#9
0000 0035 2000 0000 0000 0000#1626597804657129#-36.5#3.4054373491061236#9
0000 0034 2000 0000 0000 0000#1626597804658528#-36.0#3.8717675086233583#9
0000 0033 2000 0000 0000 0000#1626597804659901#-35.5#4.295146206079795#9
0000 003A 2000 0000 0000 0000#1626597804661931#-31.0#0.7240389318820226#9
0000 0038 2000 0000 0000 0000#1626597804664106#-37.5#2.497320722677824#9
0000 0032 2000 0000 0000 0000#1626597804666351#-37.0#4.503767593232243#9
0000 003B 2000 0000 0000 0000#1626597804671285#-38.0#0.760854470791278#9
0000 0030 2000 0000 0000 0000#1626597804673329#-40.0#4.988505522204105#9
0000 0039 2000 0000 0000 0000#1626597804674641#-35.5#1.8530487917658545#9
FFFF FFFF FFFF FFFF FFFF FFFF#1626597804675906#-69.0#5.583690067903734#9
0000 002D 2000 0000 0000 0000#1626597804678202#-46.5#5.2768939103266055#9
0000 0034 2000 0000 0000 0000#1626597804679362#-36.0#3.9269908169872414#9
0000 0032 2000 0000 0000 0000#1626597804680406#-37.0#4.528311285838413#9
0000 003A 2000 0000 0000 0000#1626597804682183#-30.5#0.7915340865489908#9
0000 0035 2000 0000 0000 0000#1626597804683732#-36.0#3.454524734318464#9
0000 0031 2000 0000 0000 0000#1626597804685567#-38.0#4.657165672020807#9
0000 0036 2000 0000 0000 0000#1626597804686631#-37.5#3.380893656499953#9
0000 0037 2000 0000 0000 0000#1626597804689650#-38.0#2.859340188618835#9
0000 002E 2000 0000 0000 0000#1626597804691060#-41.5#5.123495831538041#9
0000 0033 2000 0000 0000 0000#1626597804692393#-37.0#4.362641360746763#9
0000 0038 2000 0000 0000 0000#1626597804693461#-37.0#2.552544031041707#9
0000 002F 2000 0000 0000 0000#1626597804694511#-41.0#5.056000676871073#9
0000 0032 2000 0000 0000 0000#1626597804966945#-36.5#4.546719055293041#9
0000 0034 2000 0000 0000 0000#1626597804968392#-36.5#4.000621894805752#9
0000 0038 2000 0000 0000 0000#1626597804969527#-35.0#2.6568547246179306#9
0000 0035 2000 0000 0000 0000#1626597804970804#-35.5#3.522019888985432#9
0000 0031 2000 0000 0000 0000#1626597804971811#-37.5#4.632621979414636#9
0000 0037 2000 0000 0000 0000#1626597804973404#-36.5#2.9206994201342606#9
0000 0039 2000 0000 0000 0000#1626597804974483#-32.5#2.12916533358527#9
FFFF FFFF FFFF FFFF FFFF FFFF#1626597804975551#-68.5#4.933282213840222#9
0000 003A 2000 0000 0000 0000#1626597804976583#-27.5#1.2946797849754812#9
0000 003B 2000 0000 0000 0000#1626597804977665#-35.0#1.4726215563702154#9
0000 002F 2000 0000 0000 0000#1626597804978727#-41.0#4.908738521234052#9
0000 0030 2000 0000 0000 0000#1626597804979725#-40.0#4.914874444385594#9
0000 002E 2000 0000 0000 0000#1626597804981125#-41.5#4.859651136021712#9
0000 002D 2000 0000 0000 0000#1626597804982176#-47.0#4.988505522204105#9
0000 0033 2000 0000 0000 0000#1626597804983508#-36.5#4.430136515413731#9
0000 0036 2000 0000 0000 0000#1626597804985312#-36.5#3.472932503773092#9
0000 003A 2000 0000 0000 0000#1626597804990941#-27.5#1.337631247036279#9
0000 0039 2000 0000 0000 0000#1626597804992036#-32.5#2.1475731030398975#9
0000 0030 2000 0000 0000 0000#1626597804993124#-39.5#4.902602598082509#9
0000 0032 2000 0000 0000 0000#1626597804994424#-36.5#4.583534594202296#9
0000 0034 2000 0000 0000 0000#1626597804995730#-36.0#4.031301510563465#9
0000 003B 2000 0000 0000 0000#1626597804997525#-35.0#1.5462526341887264#9
0000 0031 2000 0000 0000 0000#1626597805000569#-37.5#4.675573441475434#9
0000 0038 2000 0000 0000 0000#1626597805002380#-35.0#2.7120780329818137#9
0000 002F 2000 0000 0000 0000#1626597805004408#-41.0#4.914874444385594#9
0000 0037 2000 0000 0000 0000#1626597805006377#-37.0#3.0127382674073995#9
FFFF FFFF FFFF FFFF FFFF FFFF#1626597805007685#-67.0#5.006913291658733#9
0000 002E 2000 0000 0000 0000#1626597805009010#-41.5#4.878058905476339#9
0000 0033 2000 0000 0000 0000#1626597805010086#-36.5#4.460816131171445#9
0000 002D 2000 0000 0000 0000#1626597805011379#-46.5#4.97623367590102#9
0000 0035 2000 0000 0000 0000#1626597805014013#-35.5#3.5956509668039427#9
0000 0036 2000 0000 0000 0000#1626597805015049#-36.5#3.5281558121369745#9
0000 0036 2000 0000 0000 0000#1626597805281021#-36.5#4.1601558967458585#9
FFFF FFFF FFFF FFFF FFFF FFFF#1626597805282048#-69.0#5.246214294568893#9
0000 0030 2000 0000 0000 0000#1626597805284498#-40.5#5.21553467881118#9
0000 003B 2000 0000 0000 0000#1626597805285577#-33.0#2.5770877236478773#9
0000 0033 2000 0000 0000 0000#1626597805286979#-35.5#4.994641445355648#9
0000 0035 2000 0000 0000 0000#1626597805288287#-35.5#4.23378697456437#9
0000 0038 2000 0000 0000 0000#1626597805289339#-34.0#3.4913402732277192#9
0000 002E 2000 0000 0000 0000#1626597805290439#-42.5#5.013049214810275#9
0000 0031 2000 0000 0000 0000#1626597805291417#-38.0#5.056000676871073#9
0000 0034 2000 0000 0000 0000#1626597805292521#-35.5#4.6448938257177215#9
0000 0037 2000 0000 0000 0000#1626597805293773#-36.0#3.724505352986337#9
0000 003A 2000 0000 0000 0000#1626597805295314#-26.5#2.3439226438892597#9
0000 0032 2000 0000 0000 0000#1626597805296465#-37.0#5.043728830567988#9
0000 002D 2000 0000 0000 0000#1626597805297715#-48.0#5.0253210611133605#9
0000 0039 2000 0000 0000 0000#1626597805299023#-32.0#3.0066023442558567#9
0000 002F 2000 0000 0000 0000#1626597805300103#-42.0#5.160311370447297#9
0000 0036 2000 0000 0000 0000#1626597805306543#-36.5#4.2092432819582#9
0000 0038 2000 0000 0000 0000#1626597805307564#-34.0#3.5342917352885173#9
0000 003B 2000 0000 0000 0000#1626597805308603#-32.5#2.6384469551633027#9
0000 002E 2000 0000 0000 0000#1626597805309885#-43.0#5.006913291658733#9
0000 003A 2000 0000 0000 0000#1626597805311040#-24.5#2.399145952253143#9
0000 0037 2000 0000 0000 0000#1626597805312588#-36.0#3.761320891895592#9
0000 002D 2000 0000 0000 0000#1626597805313886#-48.5#5.0253210611133605#9
0000 0030 2000 0000 0000 0000#1626597805315225#-40.5#5.221670601962723#9
0000 0039 2000 0000 0000 0000#1626597805316537#-32.0#3.067961575771282#9
0000 0031 2000 0000 0000 0000#1626597805317588#-38.0#5.0682725231741586#9
0000 0032 2000 0000 0000 0000#1626597805319157#-36.0#5.049864753719531#9
0000 0034 2000 0000 0000 0000#1626597805320678#-36.5#4.675573441475434#9
0000 0033 2000 0000 0000 0000#1626597805323418#-36.0#5.013049214810275#9
0000 0035 2000 0000 0000 0000#1626597805325565#-35.5#4.270602513473625#9
0000 002F 2000 0000 0000 0000#1626597805326858#-42.0#5.148039524144211#9
0000 0030 2000 0000 0000 0000#1626597805603279#-42.5#5.565282298449106#9
0000 0035 2000 0000 0000 0000#1626597805604355#-35.5#5.037592907416445#9
0000 0031 2000 0000 0000 0000#1626597805605648#-40.0#5.522330836388308#9
0000 002F 2000 0000 0000 0000#1626597805607224#-44.0#5.45483568172134#9
0000 0038 2000 0000 0000 0000#1626597805608546#-34.0#4.608078286808466#9
0000 003B 2000 0000 0000 0000#1626597805610111#-32.5#4.025165587411922#9
0000 003A 2000 0000 0000 0000#1626597805611188#-26.0#3.650874275167826#9
0000 002E 2000 0000 0000 0000#1626597805613189#-44.5#5.154175447295755#9
0000 0032 2000 0000 0000 0000#1626597805615328#-37.5#5.553010452146021#9
0000 002D 2000 0000 0000 0000#1626597805617242#-50.0#5.092816215780329#9
0000 0033 2000 0000 0000 0000#1626597805618317#-38.5#5.589825991055276#9
0000 0037 2000 0000 0000 0000#1626597805623802#-35.5#4.73693267299086#9
0000 0034 2000 0000 0000 0000#1626597805625079#-36.5#5.301437602932776#9
0000 0039 2000 0000 0000 0000#1626597805626148#-31.0#4.23378697456437#9
0000 0036 2000 0000 0000 0000#1626597805627340#-36.0#5.037592907416445#9
0000 003A 2000 0000 0000 0000#1626597805631620#-26.0#3.6876898140770815#9
0000 002F 2000 0000 0000 0000#1626597805632683#-44.5#5.399612373357457#9
0000 0031 2000 0000 0000 0000#1626597805633792#-40.0#5.491651220630596#9
0000 002D 2000 0000 0000 0000#1626597805635328#-50.0#5.049864753719531#9
0000 002E 2000 0000 0000 0000#1626597805636438#-44.5#5.135767677841127#9
0000 003B 2000 0000 0000 0000#1626597805637534#-32.0#4.06811704947272#9
0000 0039 2000 0000 0000 0000#1626597805639556#-31.0#4.252194744018997#9
0000 0034 2000 0000 0000 0000#1626597805643220#-37.0#5.301437602932776#9
0000 0037 2000 0000 0000 0000#1626597805645010#-35.5#4.767612288748572#9
0000 0038 2000 0000 0000 0000#1626597805647173#-34.0#4.663301595172349#9
0000 0030 2000 0000 0000 0000#1626597805649792#-43.0#5.50392306693368#9
0000 0032 2000 0000 0000 0000#1626597805650853#-39.0#5.5100589900852235#9
0000 0033 2000 0000 0000 0000#1626597805653398#-38.5#5.5714182216006485#9
0000 0036 2000 0000 0000 0000#1626597805654831#-36.0#5.049864753719531#9
0000 0035 2000 0000 0000 0000#1626597805655840#-35.0#5.049864753719531#9
0000 0030 2000 0000 0000 0000#1626597805919673#-44.5#4.681709364626977#9
0000 0036 2000 0000 0000 0000#1626597805920768#-37.0#4.638757902566179#9
0000 0037 2000 0000 0000 0000#1626597805921819#-35.0#4.460816131171445#9
0000 003B 2000 0000 0000 0000#1626597805923855#-32.0#4.221515128261284#9
0000 0039 2000 0000 0000 0000#1626597805924893#-31.0#4.184699589352029#9
0000 002E 2000 0000 0000 0000#1626597805926176#-46.5#4.221515128261284#9
0000 0033 2000 0000 0000 0000#1626597805927208#-39.5#4.908738521234052#9
0000 0034 2000 0000 0000 0000#1626597805928484#-38.0#4.73693267299086#9
0000 0038 2000 0000 0000 0000#1626597805929577#-33.5#4.448544284868359#9
0000 002D 2000 0000 0000 0000#1626597805932096#-52.0#4.06811704947272#9
0000 003A 2000 0000 0000 0000#1626597805933569#-26.0#3.736777199289422#9
0000 0031 2000 0000 0000 0000#1626597805935409#-42.0#4.663301595172349#9
0000 0032 2000 0000 0000 0000#1626597805936457#-40.5#4.755340442445488#9
0000 0035 2000 0000 0000 0000#1626597805941337#-36.0#4.571262747899211#9
0000 002F 2000 0000 0000 0000#1626597805942401#-46.0#4.466952054322987#9
0000 0032 2000 0000 0000 0000#1626597805954900#-40.0#4.896466674930966#9
0000 0038 2000 0000 0000 0000#1626597805955952#-33.5#4.675573441475434#9
0000 0039 2000 0000 0000 0000#1626597805956990#-31.0#4.405592822807561#9
0000 003B 2000 0000 0000 0000#1626597805958554#-32.0#4.466952054322987#9
0000 0036 2000 0000 0000 0000#1626597805961596#-36.5#4.798291904506286#9
0000 0035 2000 0000 0000 0000#1626597805962933#-36.0#4.755340442445488#9
0000 002D 2000 0000 0000 0000#1626597805964270#-52.0#4.221515128261284#9
0000 0033 2000 0000 0000 0000#1626597805965289#-39.5#5.0253210611133605#9
0000 003A 2000 0000 0000 0000#1626597805966294#-26.0#4.006757817957295#9
0000 002E 2000 0000 0000 0000#1626597805968623#-46.5#4.313553975534423#9
0000 002F 2000 0000 0000 0000#1626597805969714#-46.0#4.589670517353839#9
0000 0034 2000 0000 0000 0000#1626597805973821#-37.5#4.859651136021712#9
0000 0030 2000 0000 0000 0000#1626597805974878#-44.5#4.755340442445488#9
0000 0037 2000 0000 0000 0000#1626597805977820#-35.5#4.663301595172349#9
0000 0031 2000 0000 0000 0000#1626597805979827#-42.0#4.755340442445488#9
0000 0034 2000 0000 0000 0000#1626597806242514#-38.5#3.8533597391687304#9
0000 0039 2000 0000 0000 0000#1626597806243780#-31.5#3.9453985864418692#9
0000 0035 2000 0000 0000 0000#1626597806246154#-36.5#3.773592738198677#9
0000 0038 2000 0000 0000 0000#1626597806247221#-34.0#4.04357335686655#9
0000 003A 2000 0000 0000 0000#1626597806248510#-26.0#3.6754179677739964#9
0000 0037 2000 0000 0000 0000#1626597806249546#-35.5#3.9208548938356986#9
0000 0032 2000 0000 0000 0000#1626597806250608#-42.0#3.663146121470911#9
0000 0031 2000 0000 0000 0000#1626597806251900#-43.0#3.5281558121369745#9
0000 003B 2000 0000 0000 0000#1626597806252939#-32.0#4.3503695144436785#9
0000 002D 2000 0000 0000 0000#1626597806254246#-55.0#2.9697868053466014#9
0000 0033 2000 0000 0000 0000#1626597806256303#-41.5#3.8410878928656453#9
0000 002F 2000 0000 0000 0000#1626597806257994#-48.0#3.3502140407422405#9
0000 0036 2000 0000 0000 0000#1626597806259460#-37.5#3.890175278077986#9
0000 0030 2000 0000 0000 0000#1626597806260773#-46.5#3.5281558121369745#9
0000 002E 2000 0000 0000 0000#1626597806262199#-49.5#3.043417883165112#9
0000 0033 2000 0000 0000 0000#1626597806266400#-41.5#3.822680123411018#9
0000 0035 2000 0000 0000 0000#1626597806267434#-36.5#3.736777199289422#9
0000 0030 2000 0000 0000 0000#1626597806268505#-46.5#3.5036121195308043#9
0000 0036 2000 0000 0000 0000#1626597806269799#-37.5#3.865631585471816#9
0000 0032 2000 0000 0000 0000#1626597806270888#-42.0#3.5833791205008576#9
0000 0031 2000 0000 0000 0000#1626597806272213#-43.0#3.485204350076177#9
0000 0034 2000 0000 0000 0000#1626597806273560#-38.5#3.749049045592507#9
0000 002E 2000 0000 0000 0000#1626597806274899#-49.5#3.031146036862027#9
0000 0039 2000 0000 0000 0000#1626597806276998#-31.5#3.9392626632903265#9
0000 0037 2000 0000 0000 0000#1626597806278761#-35.5#3.890175278077986#9
0000 003A 2000 0000 0000 0000#1626597806281274#-26.0#3.706097583531709#9
0000 002F 2000 0000 0000 0000#1626597806282922#-48.5#3.2827188860752723#9
0000 0038 2000 0000 0000 0000#1626597806284487#-33.5#4.01902966426038#9
0000 002D 2000 0000 0000 0000#1626597806288053#-55.0#2.8777479580734626#9
0000 003B 2000 0000 0000 0000#1626597806290117#-32.0#4.3933209765044765#9
0000 0032 2000 0000 0000 0000#1626597806554987#-42.0#3.074097498922825#9
0000 0031 2000 0000 0000 0000#1626597806557165#-45.0#2.9145634969827183#9
0000 0030 2000 0000 0000 0000#1626597806558250#-49.0#2.9145634969827183#9
0000 0036 2000 0000 0000 0000#1626597806559343#-36.5#3.485204350076177#9
0000 002D 2000 0000 0000 0000#1626597806560381#-59.0#2.030990563160589#9
0000 0039 2000 0000 0000 0000#1626597806571797#-31.0#4.693981210930062#9
0000 0034 2000 0000 0000 0000#1626597806572941#-36.5#4.1172044346850605#9
0000 0037 2000 0000 0000 0000#1626597806573978#-34.0#4.442408361716817#9
0000 002F 2000 0000 0000 0000#1626597806576509#-50.5#3.442252888015379#9
0000 0033 2000 0000 0000 0000#1626597806577812#-41.0#4.04357335686655#9
0000 003A 2000 0000 0000 0000#1626597806579058#-26.0#4.681709364626977#9
0000 002E 2000 0000 0000 0000#1626597806580639#-53.0#2.9206994201342606#9
0000 0035 2000 0000 0000 0000#1626597806582312#-35.5#4.111068511533518#9
0000 0038 2000 0000 0000 0000#1626597806583353#-33.0#4.6448938257177215#9
0000 003B 2000 0000 0000 0000#1626597806585145#-32.0#5.473243451175968#9
0C21 0537 8123 1003 2202 062F#1626597806586317#-68.0#1.6812429435226628#9
0000 0035 2000 0000 0000 0000#1626597806591281#-35.5#4.104932588381976#9
0000 0037 2000 0000 0000 0000#1626597806592386#-34.0#4.3933209765044765#9
0000 0036 2000 0000 0000 0000#1626597806594192#-35.5#4.227651051412827#9
0000 0033 2000 0000 0000 0000#1626597806595252#-41.0#3.9822141253511245#9
0000 003A 2000 0000 0000 0000#1626597806596543#-26.0#4.669437518323892#9
0000 002D 2000 0000 0000 0000#1626597806598778#-59.0#2.5832236467994196#9
0000 0034 2000 0000 0000 0000#1626597806600066#-37.5#4.061981126321178#9
0000 0032 2000 0000 0000 0000#1626597806601594#-42.5#3.7551849687440497#9
0000 0030 2000 0000 0000 0000#1626597806603634#-49.0#3.5588354278946874#9
0C21 0537 8123 1003 2202 062F#1626597806604693#-68.5#1.5707963267948966#9
0000 0039 2000 0000 0000 0000#1626597806605731#-30.5#4.663301595172349#9
0000 0038 2000 0000 0000 0000#1626597806607522#-33.0#4.601942363656923#9
0000 003B 2000 0000 0000 0000#1626597806608618#-32.0#5.473243451175968#9
0000 002E 2000 0000 0000 0000#1626597806609969#-53.0#2.791845033951867#9
0000 002F 2000 0000 0000 0000#1626597806612942#-51.0#3.2888548092268146#9
0000 0031 2000 0000 0000 0000#1626597806615541#-44.5#3.5772431973493153#9
0000 003A 2000 0000 0000 0000#1626597806884780#-25.5#4.215379205109742#9
0000 0034 2000 0000 0000 0000#1626597806885900#-39.5#3.0925052683774528#9
0000 002E 2000 0000 0000 0000#1626597806887197#-54.5#1.0062913968529805#9
0000 0038 2000 0000 0000 0000#1626597806889458#-33.5#3.9453985864418692#9
0000 0039 2000 0000 0000 0000#1626597806891837#-31.0#4.074252972624263#9
0000 003B 2000 0000 0000 0000#1626597806893232#-31.5#5.178719139901925#9
0000 0030 2000 0000 0000 0000#1626597806894346#-51.5#2.055534255766759#9
0000 002F 2000 0000 0000 0000#1626597806895450#-53.5#1.7855536370988863#9
0000 0031 2000 0000 0000 0000#1626597806897029#-47.0#2.3316507975861747#9
0000 0036 2000 0000 0000 0000#1626597806898897#-37.0#3.3440781175906977#9
0000 0032 2000 0000 0000 0000#1626597806901125#-43.5#2.5034566458293663#9
0000 0035 2000 0000 0000 0000#1626597806902459#-36.5#3.172272269347506#9
0000 002D 2000 0000 0000 0000#1626597806903996#-57.0#0.380427235395639#9
0000 0037 2000 0000 0000 0000#1626597806905244#-35.0#3.6017868899554855#9
0000 0033 2000 0000 0000 0000#1626597806906390#-43.5#2.82252464970958#9
0C21 0537 8123 1003 2202 062F#1626597806907981#-68.5#1.055378782065321#9
0000 0039 2000 0000 0000 0000#1626597806912122#-31.0#4.037437433715008#9
0000 0031 2000 0000 0000 0000#1626597806913670#-47.0#2.2396119503130363#9
0000 0034 2000 0000 0000 0000#1626597806915259#-39.0#3.0066023442558567#9
0000 0035 2000 0000 0000 0000#1626597806917354#-37.0#3.1231848841351653#9
0000 0037 2000 0000 0000 0000#1626597806918407#-35.0#3.5772431973493153#9
0000 003A 2000 0000 0000 0000#1626597806919980#-25.5#4.178563666200486#9
0C21 0537 8123 1003 2202 062F#1626597806921252#-67.5#1.0369710126106935#9
0000 003B 2000 0000 0000 0000#1626597806922333#-31.5#5.154175447295755#9
0000 0030 2000 0000 0000 0000#1626597806923859#-52.0#1.9082721001297376#9
0000 0032 2000 0000 0000 0000#1626597806924971#-44.0#2.435961491162398#9
0000 0033 2000 0000 0000 0000#1626597806927123#-43.0#2.7550294950426117#9
0000 002F 2000 0000 0000 0000#1626597806928417#-54.0#1.552388557340269#9
0000 0038 2000 0000 0000 0000#1626597806929468#-33.5#3.859495662320273#9
0000 002E 2000 0000 0000 0000#1626597806932716#-54.5#0.7301748550335652#9
0000 0036 2000 0000 0000 0000#1626597806935119#-37.0#3.2581751934691017#9
0000 002D 2000 0000 0000 0000#1626597806936226#-54.0#0.07363107781851078#9
0000 002F 2000 0000 0000 0000#1626597807202272#-50.0#5.436427912266712#9
0000 0037 2000 0000 0000 0000#1626597807204288#-36.0#2.662990647769473#9
0C21 0537 8123 1003 2202 062F#1626597807206987#-68.5#0.7792622402459057#9
0000 0031 2000 0000 0000 0000#1626597807208137#-50.5#0.705631162427395#9
0000 003A 2000 0000 0000 0000#1626597807209489#-26.5#3.4606606574700063#9
0000 0035 2000 0000 0000 0000#1626597807210569#-38.0#2.110757564130642#9
0000 0039 2000 0000 0000 0000#1626597807211608#-32.5#3.1968159619536762#9
0000 0034 2000 0000 0000 0000#1626597807212703#-40.5#1.932815792735908#9
0000 0038 2000 0000 0000 0000#1626597807213797#-35.0#2.9759227284981438#9
0000 0036 2000 0000 0000 0000#1626597807215568#-39.0#2.313243028131547#9
0000 003B 2000 0000 0000 0000#1626597807216664#-33.0#4.663301595172349#9
0000 002D 2000 0000 0000 0000#1626597807218350#-50.0#4.601942363656923#9
0000 0032 2000 0000 0000 0000#1626597807219524#-48.5#0.9940195505498954#9
0000 0033 2000 0000 0000 0000#1626597807220853#-46.5#1.552388557340269#9
0000 002E 2000 0000 0000 0000#1626597807221898#-45.5#4.583534594202296#9
0000 0030 2000 0000 0000 0000#1626597807223067#-51.0#5.663457068873787#9
0000 0037 2000 0000 0000 0000#1626597807226809#-36.5#2.6016314162540475#9
0000 0031 2000 0000 0000 0000#1626597807227889#-50.5#0.5645049299419159#9
FFFF FFFF FFFF FFFF FFFF FFFF#1626597807230549#-69.0#0.03681553890925539#9
0000 0036 2000 0000 0000 0000#1626597807231628#-39.0#2.270291566070749#9
0000 0033 2000 0000 0000 0000#1626597807232702#-46.5#1.509437095279471#9
0000 0039 2000 0000 0000 0000#1626597807233783#-32.5#3.1354567304382504#9
0000 002D 2000 0000 0000 0000#1626597807234852#-51.0#4.540583132141498#9
0000 0035 2000 0000 0000 0000#1626597807235929#-38.0#2.0493983326152168#9
0000 0038 2000 0000 0000 0000#1626597807238184#-34.5#2.9084275738311756#9
0000 003B 2000 0000 0000 0000#1626597807239238#-33.0#4.626486056263094#9
0000 003A 2000 0000 0000 0000#1626597807240499#-26.5#3.380893656499953#9
0000 002E 2000 0000 0000 0000#1626597807241925#-46.0#4.4976316700806995#9
0000 002F 2000 0000 0000 0000#1626597807243004#-47.5#5.0682725231741586#9
0000 0034 2000 0000 0000 0000#1626597807244310#-41.5#1.8223691760081417#9
0000 0030 2000 0000 0000 0000#1626597807245365#-50.0#5.368932757599744#9
0000 0032 2000 0000 0000 0000#1626597807246440#-49.0#0.8651651643675016#9
0C21 0537 8123 1003 2202 062F#1626597807249176#-67.5#0.8283496254582462#9
0000 002E 2000 0000 0000 0000#1626597807516331#-59.5#2.693670263527186#9
0000 002F 2000 0000 0000 0000#1626597807517381#-49.5#3.227495577711389#9
0000 002D 2000 0000 0000 0000#1626597807518461#-65.5#1.6014759425526093#9
0C21 0537 8123 1003 2202 062F#1626597807519521#-68.0#5.964117303299373#9
0000 0038 2000 0000 0000 0000#1626597807520553#-37.5#1.6689710972195777#9
0000 003A 2000 0000 0000 0000#1626597807521633#-28.5#2.030990563160589#9
0000 0037 2000 0000 0000 0000#1626597807522925#-39.5#1.2762720155208536#9
0000 0034 2000 0000 0000 0000#1626597807523944#-46.0#0.1227184630308513#9
0000 003B 2000 0000 0000 0000#1626597807525225#-35.0#3.3624858870453256#9
0000 0039 2000 0000 0000 0000#1626597807526264#-34.0#1.8346410223112268#9
0000 0035 2000 0000 0000 0000#1626597807527526#-42.5#0.5583690067903734#9
0000 0036 2000 0000 0000 0000#1626597807528562#-43.0#0.8467573949128739#9
0000 0032 2000 0000 0000 0000#1626597807529650#-46.0#4.154019973594316#9
0000 0031 2000 0000 0000 0000#1626597807531031#-45.0#3.706097583531709#9
0000 0030 2000 0000 0000 0000#1626597807532373#-47.0#3.3747577333484107#9
FFFF FFFF FFFF FFFF FFFF FFFF#1626597807533664#-68.0#5.2339424482658075#9
0000 0033 2000 0000 0000 0000#1626597807534939#-49.0#5.240078371417351#9
0000 002D 2000 0000 0000 0000#1626597807540038#-66.5#1.5462526341887264#9
0000 0039 2000 0000 0000 0000#1626597807541616#-34.0#1.7978254834019713#9
0000 003B 2000 0000 0000 0000#1626597807542742#-35.0#3.3072625786814425#9
FFFF FFFF FFFF FFFF FFFF FFFF#1626597807544989#-68.0#5.350524988145116#9
0000 002E 2000 0000 0000 0000#1626597807546096#-60.5#2.3746022596469727#9
0000 002F 2000 0000 0000 0000#1626597807547190#-51.0#3.141592653589793#9
0000 0037 2000 0000 0000 0000#1626597807548283#-40.0#1.2087768608538851#9
0000 003A 2000 0000 0000 0000#1626597807549389#-28.0#1.9819031779482483#9
0000 0031 2000 0000 0000 0000#1626597807551194#-44.5#3.6017868899554855#9
0000 0038 2000 0000 0000 0000#1626597807552702#-38.0#1.5830681730979816#9
0000 0034 2000 0000 0000 0000#1626597807556025#-46.0#6.209554229361076#9
0000 0032 2000 0000 0000 0000#1626597807557710#-45.5#3.9392626632903265#9
0000 0030 2000 0000 0000 0000#1626597807558796#-48.0#3.32567034813607#9
0C21 0537 8123 1003 2202 062F#1626597807559810#-68.5#5.816855147662351#9
0000 0033 2000 0000 0000 0000#1626597807560900#-48.0#4.970097752749477#9
0000 0036 2000 0000 0000 0000#1626597807565737#-44.0#0.6994952392758523#9
0000 0035 2000 0000 0000 0000#1626597807566785#-43.5#0.3865631585471816#9
0000 0037 2000 0000 0000 0000#1626597807836617#-45.0#1.1719613219446299#9
0000 0035 2000 0000 0000 0000#1626597807837881#-44.5#5.786175531904639#9
0000 003B 2000 0000 0000 0000#1626597807840787#-35.0#3.6386024288647407#9
0000 003A 2000 0000 0000 0000#1626597807841878#-30.0#2.399145952253143#9
0000 0034 2000 0000 0000 0000#1626597807842969#-41.0#4.779884135051658#9
0000 0039 2000 0000 0000 0000#1626597807844279#-37.5#2.1537090261914402#9
0000 0036 2000 0000 0000 0000#1626597807845840#-46.5#6.19728238305799#9
0000 002F 2000 0000 0000 0000#1626597807846931#-59.0#1.9389517158874505#9
0000 0032 2000 0000 0000 0000#1626597807848006#-45.5#3.9515345095934116#9
0000 0038 2000 0000 0000 0000#1626597807849314#-42.0#1.7916895602504288#9
0000 0033 2000 0000 0000 0000#1626597807852160#-40.0#4.184699589352029#9
0000 002E 2000 0000 0000 0000#1626597807853286#-55.5#5.786175531904639#9
0000 0031 2000 0000 0000 0000#1626597807855981#-49.5#3.724505352986337#9
0000 0030 2000 0000 0000 0000#1626597807857052#-59.0#2.988194574801229#9
FFFF FFFF FFFF FFFF FFFF FFFF#1626597807858243#-69.0#0.5338253141842031#9
0000 002D 2000 0000 0000 0000#1626597807859338#-54.0#5.092816215780329#9
0C21 0537 8123 1003 2202 062F#1626597807860594#-67.0#1.5830681730979816#9
0000 0031 2000 0000 0000 0000#1626597807864294#-50.0#3.663146121470911#9
0000 003B 2000 0000 0000 0000#1626597807866098#-35.0#3.5956509668039427#9
0000 0032 2000 0000 0000 0000#1626597807869016#-46.5#3.9515345095934116#9
0000 0030 2000 0000 0000 0000#1626597807870099#-58.5#2.8838838812250054#9
0000 0033 2000 0000 0000 0000#1626597807871360#-40.5#4.129476280988146#9
0000 0036 2000 0000 0000 0000#1626597807872437#-45.5#5.9518454569962875#9
0000 0039 2000 0000 0000 0000#1626597807873493#-38.0#2.098485717827557#9
0000 003A 2000 0000 0000 0000#1626597807874812#-31.0#2.337786720737717#9
0000 002E 2000 0000 0000 0000#1626597807876122#-55.5#5.5100589900852235#9
0000 0034 2000 0000 0000 0000#1626597807877663#-40.0#4.601942363656923#9
0000 0035 2000 0000 0000 0000#1626597807879310#-43.5#5.393476450205914#9
0000 0038 2000 0000 0000 0000#1626597807880393#-43.0#1.6689710972195777#9
0C21 0537 8123 1003 2202 062F#1626597807881508#-67.5#1.3560390164909069#9
0000 002D 2000 0000 0000 0000#1626597807883285#-54.0#4.865787059173254#9
0000 002F 2000 0000 0000 0000#1626597807884360#-60.5#1.509437095279471#9
FFFF FFFF FFFF FFFF FFFF FFFF#1626597807886039#-67.0#0.5460971604872883#9
0000 0037 2000 0000 0000 0000#1626597807887115#-46.5#0.8467573949128739#9
0000 0039 2000 0000 0000 0000#1626597808150118#-46.0#0.6994952392758523#9
0000 0035 2000 0000 0000 0000#1626597808151150#-41.5#4.025165587411922#9
0000 003A 2000 0000 0000 0000#1626597808154040#-37.0#1.509437095279471#9
0000 0037 2000 0000 0000 0000#1626597808155104#-43.5#4.9394181369917645#9
0000 0030 2000 0000 0000 0000#1626597808156176#-64.0#5.780039608753096#9
FFFF FFFF FFFF FFFF FFFF FFFF#1626597808157210#-68.0#0.2945243112740431#9
0000 0034 2000 0000 0000 0000#1626597808159002#-45.5#3.8533597391687304#9
0000 003B 2000 0000 0000 0000#1626597808160282#-38.5#2.9145634969827183#9
0000 002F 2000 0000 0000 0000#1626597808161828#-58.0#4.620350133111551#9
0000 0036 2000 0000 0000 0000#1626597808163132#-41.0#4.227651051412827#9
0000 0038 2000 0000 0000 0000#1626597808164543#-45.5#5.780039608753096#9
0000 0032 2000 0000 0000 0000#1626597808165646#-55.5#2.552544031041707#9
0000 0033 2000 0000 0000 0000#1626597808167481#-52.5#3.485204350076177#9
0000 002E 2000 0000 0000 0000#1626597808168879#-55.0#3.129320807286708#9
0000 002D 2000 0000 0000 0000#1626597808169886#-53.5#2.564815877344792#9
0000 0031 2000 0000 0000 0000#1626597808170938#-57.5#1.5278448647340985#9
0C21 0537 8123 1003 2202 062F#1626597808173267#-67.5#1.3069516312785663#9
0000 002E 2000 0000 0000 0000#1626597808178642#-55.0#3.06182565261974#9
0000 0036 2000 0000 0000 0000#1626597808180811#-41.5#4.184699589352029#9
0000 0033 2000 0000 0000 0000#1626597808181844#-53.0#3.4054373491061236#9
0000 003A 2000 0000 0000 0000#1626597808183119#-37.5#1.3928545554001621#9
0000 0039 2000 0000 0000 0000#1626597808184203#-45.5#0.4172427743048944#9
0000 002D 2000 0000 0000 0000#1626597808185270#-53.5#2.466641106920111#9
0000 003B 2000 0000 0000 0000#1626597808186593#-39.0#2.8654761117703775#9
0000 0035 2000 0000 0000 0000#1626597808188167#-42.5#3.988350048502667#9
0000 0037 2000 0000 0000 0000#1626597808189475#-43.0#4.847379289718626#9
0000 0030 2000 0000 0000 0000#1626597808190547#-62.5#5.418020142812084#9
FFFF FFFF FFFF FFFF FFFF FFFF#1626597808191639#-68.5#0.2761165418194154#9
0000 0038 2000 0000 0000 0000#1626597808192727#-45.5#5.595961914206819#9
0000 0034 2000 0000 0000 0000#1626597808194163#-47.0#3.792000507653305#9
0000 002F 2000 0000 0000 0000#1626597808195482#-56.5#4.381049130201391#9
0000 0031 2000 0000 0000 0000#1626597808205560#-58.5#0.6688156235181395#9
0000 0032 2000 0000 0000 0000#1626597808206992#-56.0#1.7732817907958012#9
0C21 0537 8123 1003 2202 062F#1626597808209118#-67.5#0.1718058482431918#9
0000 0037 2000 0000 0000 0000#1626597808470678#-48.5#4.061981126321178#9
0000 0034 2000 0000 0000 0000#1626597808471754#-54.5#2.1598449493429825#9
0000 0039 2000 0000 0000 0000#1626597808473305#-44.5#4.7860200582032#9
0000 0038 2000 0000 0000 0000#1626597808474569#-45.5#4.424000592262189#9
0C21 0537 8123 1003 2202 062F#1626597808475597#-68.0#0.7117670855789375#9
0000 003A 2000 0000 0000 0000#1626597808476659#-43.0#5.522330836388308#9
0000 002F 2000 0000 0000 0000#1626597808478435#-56.5#2.82252464970958#9
0000 002D 2000 0000 0000 0000#1626597808479759#-60.0#0.3436116964863836#9
0000 002E 2000 0000 0000 0000#1626597808481740#-59.0#1.2210487071569704#9
0000 0032 2000 0000 0000 0000#1626597808484272#-56.0#5.105088062083414#9
0000 003B 2000 0000 0000 0000#1626597808486811#-47.5#1.705786636128833#9
FFFF FFFF FFFF FFFF FFFF FFFF#1626597808487890#-69.0#6.240233845118788#9
0000 0036 2000 0000 0000 0000#1626597808489777#-52.5#3.393165502803038#9
0000 0030 2000 0000 0000 0000#1626597808491219#-58.0#3.3747577333484107#9
0000 0035 2000 0000 0000 0000#1626597808492264#-53.0#2.9145634969827183#9
0000 0033 2000 0000 0000 0000#1626597808493581#-60.0#0.5031456984264903#9
0000 0031 2000 0000 0000 0000#1626597808494617#-55.5#4.313553975534423#9
0000 002F 2000 0000 0000 0000#1626597808500713#-56.5#2.718213956133356#9
0000 0038 2000 0000 0000 0000#1626597808501748#-46.0#4.3933209765044765#9
0000 0039 2000 0000 0000 0000#1626597808504207#-45.0#4.669437518323892#9
0000 0037 2000 0000 0000 0000#1626597808505283#-49.5#4.000621894805752#9
0000 0032 2000 0000 0000 0000#1626597808506604#-57.5#4.884194828627882#9
0000 0031 2000 0000 0000 0000#1626597808507613#-55.0#4.227651051412827#9
0000 0035 2000 0000 0000 0000#1626597808508903#-53.0#2.8286605728611223#9
0C21 0537 8123 1003 2202 062F#1626597808509974#-68.5#0.7363107781851077#9
0000 003B 2000 0000 0000 0000#1626597808511054#-48.5#1.533980787885641#9
0000 0030 2000 0000 0000 0000#1626597808512199#-58.5#3.313398501832985#9
0000 003A 2000 0000 0000 0000#1626597808513234#-42.0#5.258486140871978#9
0000 0034 2000 0000 0000 0000#1626597808514552#-55.5#1.8960002538266525#9
0000 0033 2000 0000 0000 0000#1626597808515684#-61.0#0.16566992509164924#9
0000 0036 2000 0000 0000 0000#1626597808516705#-53.5#3.3072625786814425#9
FFFF FFFF FFFF FFFF FFFF FFFF#1626597808518596#-67.0#0.1595340019401067#9
0000 002E 2000 0000 0000 0000#1626597808521623#-60.5#0.944932165337555#9
0000 002D 2000 0000 0000 0000#1626597808522705#-61.0#6.215690152512618#9
0000 002E 2000 0000 0000 0000#1626597808787773#-62.0#3.9822141253511245#9
0000 002D 2000 0000 0000 0000#1626597808789323#-59.5#3.693825737228624#9
0000 0036 2000 0000 0000 0000#1626597808790855#-60.0#0.6872233929727672#9
0000 0032 2000 0000 0000 0000#1626597808792400#-55.5#2.478912953223196#9
FFFF FFFF FFFF FFFF FFFF FFFF#1626597808794295#-67.5#5.098952138931871#9
0000 003B 2000 0000 0000 0000#1626597808795377#-49.0#5.3627968344482015#9
0000 0039 2000 0000 0000 0000#1626597808797114#-49.0#3.2643111166206444#9
0000 0031 2000 0000 0000 0000#1626597808798165#-55.0#1.932815792735908#9
0000 0037 2000 0000 0000 0000#1626597808800210#-57.0#1.9880391010997909#9
0000 002F 2000 0000 0000 0000#1626597808802498#-61.5#5.890486225480862#9
0000 0038 2000 0000 0000 0000#1626597808812021#-53.5#3.06182565261974#9
0000 0035 2000 0000 0000 0000#1626597808813384#-58.0#5.896622148632405#9
0000 003A 2000 0000 0000 0000#1626597808816267#-42.5#3.6692820446224537#9
0000 0033 2000 0000 0000 0000#1626597808817913#-55.5#3.3502140407422405#9
0000 0034 2000 0000 0000 0000#1626597808819934#-55.5#4.411728745959104#9
0000 0030 2000 0000 0000 0000#1626597808821552#-63.5#1.0246991663076084#9
0000 0039 2000 0000 0000 0000#1626597808826440#-49.5#3.368621810196868#9
0000 003A 2000 0000 0000 0000#1626597808827774#-42.0#3.650874275167826#9
0000 0032 2000 0000 0000 0000#1626597808828848#-55.5#2.4911847995262812#9
0000 003B 2000 0000 0000 0000#1626597808830204#-48.5#5.393476450205914#9
0000 0030 2000 0000 0000 0000#1626597808831731#-64.5#0.9878836273983529#9
0000 0036 2000 0000 0000 0000#1626597808832794#-60.0#0.4724660826687775#9
0000 0038 2000 0000 0000 0000#1626597808833844#-53.5#2.9636508821950587#9
0000 0037 2000 0000 0000 0000#1626597808835962#-57.0#1.9880391010997909#9
0000 0031 2000 0000 0000 0000#1626597808837497#-55.5#1.88986433067511#9
FFFF FFFF FFFF FFFF FFFF FFFF#1626597808838547#-67.5#5.71868037723767#9
0000 0035 2000 0000 0000 0000#1626597808839621#-57.5#5.534602682691394#9
0000 002F 2000 0000 0000 0000#1626597808841683#-60.5#5.773903685601553#9
0000 0033 2000 0000 0000 0000#1626597808843711#-55.5#3.2213596545598464#9
0000 0034 2000 0000 0000 0000#1626597808846398#-55.0#4.178563666200486#9
0000 002D 2000 0000 0000 0000#1626597808847664#-60.0#3.6324665057131984#9
0000 002E 2000 0000 0000 0000#1626597808848722#-61.5#3.810408277107933#9
0000 0033 2000 0000 0000 0000#1626597809114837#-56.0#2.60776733940559#9
0000 002F 2000 0000 0000 0000#1626597809116113#-57.5#4.71238898038469#9
FFFF FFFF FFFF FFFF FFFF FFFF#1626597809119034#-68.5#0.4540583132141498#9
0000 002E 2000 0000 0000 0000#1626597809120045#-61.0#3.5833791205008576#9
0000 0037 2000 0000 0000 0000#1626597809121108#-59.0#0.018407769454627694#9
0000 002D 2000 0000 0000 0000#1626597809122162#-61.0#3.7122335066832517#9
0000 003A 2000 0000 0000 0000#1626597809123222#-45.5#3.650874275167826#9
0000 003B 2000 0000 0000 0000#1626597809124598#-47.5#5.246214294568893#9
0000 0032 2000 0000 0000 0000#1626597809125900#-58.5#1.3192234775816514#9
0000 0035 2000 0000 0000 0000#1626597809127173#-53.5#4.319689898685965#9
0C21 0537 8123 1003 2202 062F#1626597809128248#-67.5#1.5401167110371838#9
0000 0031 2000 0000 0000 0000#1626597809129584#-57.5#0.3190680038802134#9
0000 0034 2000 0000 0000 0000#1626597809131339#-53.0#3.436116964863836#9
0000 0039 2000 0000 0000 0000#1626597809133910#-54.0#2.8409324191642074#9
0000 0036 2000 0000 0000 0000#1626597809136571#-55.5#4.847379289718626#9
0000 0038 2000 0000 0000 0000#1626597809138610#-58.5#1.6935147898257479#9
0000 0030 2000 0000 0000 0000#1626597809139639#-60.5#5.00077736850719#9
0000 002E 2000 0000 0000 0000#1626597809143483#-61.5#3.54042765844006#9
0000 0034 2000 0000 0000 0000#1626597809145026#-53.5#3.368621810196868#9
0000 003A 2000 0000 0000 0000#1626597809146089#-46.0#3.5588354278946874#9
0C21 0537 8123 1003 2202 062F#1626597809148505#-67.5#1.6198837120072371#9
0000 0037 2000 0000 0000 0000#1626597809150551#-58.0#6.105243535784852#9
0000 003B 2000 0000 0000 0000#1626597809153669#-48.5#5.240078371417351#9
0000 0036 2000 0000 0000 0000#1626597809154974#-56.0#4.71238898038469#9
0000 0039 2000 0000 0000 0000#1626597809156039#-54.5#2.6691265709210157#9
0000 0038 2000 0000 0000 0000#1626597809157318#-59.0#1.4542137869155878#9
0000 0031 2000 0000 0000 0000#1626597809158840#-58.0#6.270913460876501#9
0000 0035 2000 0000 0000 0000#1626597809160371#-53.5#4.184699589352029#9
