0000 0032 2000 0000 0000 0000#1626597766460829#-50.0#0.8160777791551611#9
0000 0037 2000 0000 0000 0000#1626597766462048#-47.0#4.0987966652304335#9
0000 0030 2000 0000 0000 0000#1626597766463091#-49.5#2.043262409463674#9
0000 0031 2000 0000 0000 0000#1626597766464612#-49.5#1.1596894756415448#9
0000 0034 2000 0000 0000 0000#1626597766465717#-49.5#5.5714182216006485#9
0000 0038 2000 0000 0000 0000#1626597766466781#-46.0#3.816544200259475#9
0000 002D 2000 0000 0000 0000#1626597766468154#-51.0#2.945243112740431#9
0000 0035 2000 0000 0000 0000#1626597766469202#-47.5#4.773748211900116#9
0000 0036 2000 0000 0000 0000#1626597766470262#-47.5#4.558990901596125#9
0000 002E 2000 0000 0000 0000#1626597766471640#-49.0#2.693670263527186#9
0000 0039 2000 0000 0000 0000#1626597766472693#-46.0#3.2520392703175593#9
0000 0033 2000 0000 0000 0000#1626597766474366#-50.0#0.16566992509164924#9
0000 003A 2000 0000 0000 0000#1626597766475444#-45.5#2.405281875404685#9
0C21 0537 8123 1003 2202 062F#1626597766476544#-66.5#0.7424467013366504#9
0000 002F 2000 0000 0000 0000#1626597766478599#-50.5#2.313243028131547#9
FFFF FFFF FFFF FFFF FFFF FFFF#1626597766479783#-68.5#5.706408530934585#9
0000 0035 2000 0000 0000 0000#1626597766485984#-48.0#4.743068596142402#9
0C21 0537 8123 1003 2202 062F#1626597766487710#-66.5#0.7424467013366504#9
FFFF FFFF FFFF FFFF FFFF FFFF#1626597766489294#-68.5#5.737088146692298#9
0000 0037 2000 0000 0000 0000#1626597766491471#-47.5#4.086524818927348#9
0000 0038 2000 0000 0000 0000#1626597766492781#-46.0#3.816544200259475#9
0000 0034 2000 0000 0000 0000#1626597766493854#-49.5#5.577554144752192#9
0000 002D 2000 0000 0000 0000#1626597766494967#-51.0#2.9636508821950587#9
0000 0039 2000 0000 0000 0000#1626597766496339#-46.0#3.2581751934691017#9
0000 0032 2000 0000 0000 0000#1626597766497791#-50.0#0.8467573949128739#9
0000 003A 2000 0000 0000 0000#1626597766499384#-46.0#2.411417798556228#9
0000 0036 2000 0000 0000 0000#1626597766500704#-47.5#4.571262747899211#9
0000 0030 2000 0000 0000 0000#1626597766501805#-49.5#2.067806102069844#9
0000 0033 2000 0000 0000 0000#1626597766503622#-50.0#0.15339807878856412#9
0000 0031 2000 0000 0000 0000#1626597766505382#-49.5#1.1965050145508#9
0000 002E 2000 0000 0000 0000#1626597766506481#-49.5#2.6998061866787286#9
0000 002F 2000 0000 0000 0000#1626597766507899#-50.0#2.313243028131547#9
0000 0039 2000 0000 0000 0000#1626597766773367#-45.5#3.466796580621549#9
0000 0031 2000 0000 0000 0000#1626597766774418#-50.0#1.3928545554001621#9
0000 002E 2000 0000 0000 0000#1626597766775501#-49.5#2.8838838812250054#9
0000 0033 2000 0000 0000 0000#1626597766777031#-50.0#0.4295146206079795#9
0000 0038 2000 0000 0000 0000#1626597766778308#-46.0#4.025165587411922#9
0000 0030 2000 0000 0000 0000#1626597766779635#-50.0#2.2886993355253766#9
0000 0034 2000 0000 0000 0000#1626597766780981#-49.5#5.780039608753096#9
0000 002D 2000 0000 0000 0000#1626597766782524#-52.0#3.184544115650591#9
FFFF FFFF FFFF FFFF FFFF FFFF#1626597766783641#-69.0#6.007068765360171#9
0000 0036 2000 0000 0000 0000#1626597766785658#-47.5#4.76147636559703#9
0000 0035 2000 0000 0000 0000#1626597766787193#-47.5#4.95168998329485#9
0000 0032 2000 0000 0000 0000#1626597766788524#-49.5#1.055378782065321#9
0C21 0537 8123 1003 2202 062F#1626597766789638#-66.5#1.0369710126106935#9
0000 0037 2000 0000 0000 0000#1626597766790657#-47.0#4.3074180523828804#9
0000 003A 2000 0000 0000 0000#1626597766791992#-45.0#2.6139032625571326#9
0000 002F 2000 0000 0000 0000#1626597766803821#-50.0#1.9634954084936207#9
0000 0034 2000 0000 0000 0000#1626597766809150#-50.0#5.240078371417351#9
0000 002E 2000 0000 0000 0000#1626597766810836#-50.0#2.3316507975861747#9
0000 0032 2000 0000 0000 0000#1626597766811866#-50.0#0.4908738521234052#9
0000 002F 2000 0000 0000 0000#1626597766813417#-50.0#1.9696313316451632#9
0000 0039 2000 0000 0000 0000#1626597766814443#-46.5#2.890019804376548#9
0000 0033 2000 0000 0000 0000#1626597766815457#-50.0#6.105243535784852#9
0000 002D 2000 0000 0000 0000#1626597766817717#-51.0#2.5709518004963345#9
0000 003A 2000 0000 0000 0000#1626597766819429#-46.0#2.116893487282185#9
FFFF FFFF FFFF FFFF FFFF FFFF#1626597766820452#-67.0#5.080544369477243#9
0000 0038 2000 0000 0000 0000#1626597766822597#-46.5#3.454524734318464#9
0000 0035 2000 0000 0000 0000#1626597766824522#-48.0#4.399456899656019#9
0000 0036 2000 0000 0000 0000#1626597766825866#-48.0#4.221515128261284#9
0000 0030 2000 0000 0000 0000#1626597766826938#-50.0#1.7303303287350031#9
0C21 0537 8123 1003 2202 062F#1626597766829223#-67.0#0.030679615757712823#9
0000 0031 2000 0000 0000 0000#1626597766830257#-50.5#0.8897088569736719#9
0000 0037 2000 0000 0000 0000#1626597766831578#-48.0#3.7429131224409646#9
0000 0036 2000 0000 0000 0000#1626597767097540#-47.5#4.430136515413731#9
0000 0035 2000 0000 0000 0000#1626597767098893#-48.0#4.626486056263094#9
0000 0032 2000 0000 0000 0000#1626597767099924#-50.0#0.6749515466696822#9
0000 0039 2000 0000 0000 0000#1626597767102039#-46.5#3.0495538063166547#9
0000 003A 2000 0000 0000 0000#1626597767103329#-46.0#2.2457478734645786#9
0000 0031 2000 0000 0000 0000#1626597767104407#-50.0#1.0062913968529805#9
0000 002D 2000 0000 0000 0000#1626597767105515#-51.5#2.7550294950426117#9
0000 0038 2000 0000 0000 0000#1626597767106580#-46.0#3.6386024288647407#9
0000 0037 2000 0000 0000 0000#1626597767107973#-48.0#3.9638063558964967#9
0000 0030 2000 0000 0000 0000#1626597767109014#-49.5#1.8775924843720249#9
FFFF FFFF FFFF FFFF FFFF FFFF#1626597767110292#-67.0#5.411884219660542#9
0000 002E 2000 0000 0000 0000#1626597767111415#-49.5#2.509592568980909#9
0000 0034 2000 0000 0000 0000#1626597767112490#-50.0#5.418020142812084#9
0000 002F 2000 0000 0000 0000#1626597767113570#-50.0#2.1046216409791#9
0C21 0537 8123 1003 2202 062F#1626597767114639#-67.5#0.34974761963792617#9
0000 0033 2000 0000 0000 0000#1626597767115841#-50.5#0.006135923151542565#9
0000 0037 2000 0000 0000 0000#1626597767120786#-48.0#3.9515345095934116#9
0000 0030 2000 0000 0000 0000#1626597767121830#-49.5#1.859184714917397#9
0000 003A 2000 0000 0000 0000#1626597767122877#-46.0#2.2396119503130363#9
0000 0039 2000 0000 0000 0000#1626597767123904#-46.5#3.0495538063166547#9
0000 0034 2000 0000 0000 0000#1626597767125435#-50.0#5.448699758569798#9
0000 002D 2000 0000 0000 0000#1626597767126986#-51.0#2.736621725587984#9
0000 002F 2000 0000 0000 0000#1626597767128048#-50.0#2.1046216409791#9
0000 0036 2000 0000 0000 0000#1626597767129395#-47.5#4.411728745959104#9
0000 0032 2000 0000 0000 0000#1626597767131047#-48.5#0.6810874698212247#9
0000 002E 2000 0000 0000 0000#1626597767132346#-49.5#2.5280003384355365#9
0000 0038 2000 0000 0000 0000#1626597767134365#-46.0#3.6386024288647407#9
0000 0033 2000 0000 0000 0000#1626597767136179#-50.5#0.0#9
0000 0035 2000 0000 0000 0000#1626597767137726#-47.5#4.608078286808466#9
0C21 0537 8123 1003 2202 062F#1626597767139469#-66.0#0.36815538909255385#9
0000 0031 2000 0000 0000 0000#1626597767141902#-49.5#1.0246991663076084#9
FFFF FFFF FFFF FFFF FFFF FFFF#1626597767143822#-68.0#5.4671075280244255#9
0000 0031 2000 0000 0000 0000#1626597767410735#-49.5#1.7732817907958012#9
0000 002F 2000 0000 0000 0000#1626597767411813#-50.0#2.9268353432858034#9
0000 0032 2000 0000 0000 0000#1626597767413144#-49.5#1.4051264017032472#9
0000 0038 2000 0000 0000 0000#1626597767414479#-45.0#4.362641360746763#9
0000 0030 2000 0000 0000 0000#1626597767415777#-49.5#2.6384469551633027#9
0000 003B 2000 0000 0000 0000#1626597767424704#-66.5#3.859495662320273#9
0000 0036 2000 0000 0000 0000#1626597767425779#-46.5#4.933282213840222#9
FFFF FFFF FFFF FFFF FFFF FFFF#1626597767427060#-68.5#0.22089323345553233#9
0000 0033 2000 0000 0000 0000#1626597767428660#-49.5#0.5583690067903734#9
0000 002D 2000 0000 0000 0000#1626597767432574#-51.0#3.4054373491061236#9
0000 0035 2000 0000 0000 0000#1626597767433878#-47.0#5.135767677841127#9
0000 0037 2000 0000 0000 0000#1626597767436067#-46.5#4.485359823777615#9
0000 003A 2000 0000 0000 0000#1626597767437132#-45.0#2.767301341345697#9
0000 0039 2000 0000 0000 0000#1626597767438214#-45.0#3.650874275167826#9
0000 002E 2000 0000 0000 0000#1626597767439296#-50.0#3.129320807286708#9
0000 0034 2000 0000 0000 0000#1626597767441185#-49.5#5.945709533844745#9
0C21 0537 8123 1003 2202 062F#1626597767443382#-65.5#1.4726215563702154#9
0000 0035 2000 0000 0000 0000#1626597767447403#-47.0#5.148039524144211#9
0000 003B 2000 0000 0000 0000#1626597767449299#-67.0#3.9638063558964967#9
0000 0038 2000 0000 0000 0000#1626597767450889#-45.0#4.178563666200486#9
0000 0036 2000 0000 0000 0000#1626597767451981#-46.5#4.933282213840222#9
0000 0037 2000 0000 0000 0000#1626597767453072#-46.5#4.485359823777615#9
0000 0031 2000 0000 0000 0000#1626597767454137#-50.0#1.576932249946439#9
0000 0039 2000 0000 0000 0000#1626597767455498#-45.0#3.6324665057131984#9
0000 002D 2000 0000 0000 0000#1626597767456591#-51.5#3.429981041712294#9
FFFF FFFF FFFF FFFF FFFF FFFF#1626597767457643#-66.5#0.3190680038802134#9
0000 0033 2000 0000 0000 0000#1626597767458731#-49.5#0.5645049299419159#9
0000 002F 2000 0000 0000 0000#1626597767459780#-50.0#2.6998061866787286#9
0000 003A 2000 0000 0000 0000#1626597767460859#-44.5#2.7857091108003242#9
0000 0032 2000 0000 0000 0000#1626597767462517#-49.5#1.2210487071569704#9
0000 002E 2000 0000 0000 0000#1626597767463828#-50.0#3.147728576741336#9
0000 0034 2000 0000 0000 0000#1626597767465118#-49.0#5.976389149602458#9
0000 0030 2000 0000 0000 0000#1626597767466429#-50.0#2.466641106920111#9
0C21 0537 8123 1003 2202 062F#1626597767467657#-66.5#1.4848934026733007#9
0000 0032 2000 0000 0000 0000#1626597767731837#-49.0#1.1167380135807468#9
0000 0034 2000 0000 0000 0000#1626597767733382#-49.5#5.853670686571607#9
0000 0039 2000 0000 0000 0000#1626597767734435#-44.5#3.2949907323783574#9
0000 0030 2000 0000 0000 0000#1626597767735533#-49.0#2.2764274892222915#9
0000 003A 2000 0000 0000 0000#1626597767737563#-42.5#2.466641106920111#9
0000 0035 2000 0000 0000 0000#1626597767738614#-47.5#4.963961829597935#9
FFFF FFFF FFFF FFFF FFFF FFFF#1626597767740134#-68.0#5.50392306693368#9
0000 0038 2000 0000 0000 0000#1626597767742393#-45.5#3.865631585471816#9
0000 0036 2000 0000 0000 0000#1626597767743485#-48.0#4.749204519293945#9
0000 002F 2000 0000 0000 0000#1626597767745310#-49.0#2.5157284921324514#9
0000 003B 2000 0000 0000 0000#1626597767746819#-59.5#3.429981041712294#9
0000 0031 2000 0000 0000 0000#1626597767748106#-49.0#1.5033011721279284#9
0000 002D 2000 0000 0000 0000#1626597767749817#-50.5#3.1784081924990484#9
0000 002E 2000 0000 0000 0000#1626597767751128#-48.5#2.890019804376548#9
0000 0037 2000 0000 0000 0000#1626597767753288#-47.0#4.239922897715912#9
0000 0033 2000 0000 0000 0000#1626597767754402#-48.0#0.6013204688511713#9
0C21 0537 8123 1003 2202 062F#1626597767755946#-66.0#0.46019423636569234#9
0000 002D 2000 0000 0000 0000#1626597767761538#-51.0#3.215223731408304#9
0000 0036 2000 0000 0000 0000#1626597767763385#-47.5#4.853515212870168#9
0000 0031 2000 0000 0000 0000#1626597767764421#-49.0#1.5830681730979816#9
0000 0033 2000 0000 0000 0000#1626597767765738#-49.5#0.662679700366597#9
0000 0037 2000 0000 0000 0000#1626597767766987#-47.0#4.25833066717054#9
0000 003A 2000 0000 0000 0000#1626597767768535#-41.5#2.448233337465483#9
0000 002F 2000 0000 0000 0000#1626597767769568#-49.0#2.5832236467994196#9
0000 0030 2000 0000 0000 0000#1626597767771412#-48.5#2.380738182798515#9
0000 0032 2000 0000 0000 0000#1626597767773014#-48.5#1.3130875544301088#9
0C21 0537 8123 1003 2202 062F#1626597767774114#-67.0#0.760854470791278#9
0000 0035 2000 0000 0000 0000#1626597767776159#-48.0#5.129631754689584#9
0000 0039 2000 0000 0000 0000#1626597767777493#-44.0#3.3195344249845276#9
0000 002E 2000 0000 0000 0000#1626597767778764#-48.0#2.9759227284981438#9
0000 0038 2000 0000 0000 0000#1626597767779844#-45.5#3.9208548938356986#9
0000 003B 2000 0000 0000 0000#1626597767781780#-56.5#3.184544115650591#9
FFFF FFFF FFFF FFFF FFFF FFFF#1626597767782831#-68.0#5.755495916146925#9
0000 0034 2000 0000 0000 0000#1626597767784916#-50.0#6.154330920997192#9
0000 0038 2000 0000 0000 0000#1626597768050384#-47.0#4.424000592262189#9
0000 002F 2000 0000 0000 0000#1626597768052401#-46.0#2.9329712664373457#9
0000 003A 2000 0000 0000 0000#1626597768053420#-36.0#2.478912953223196#9
0000 0039 2000 0000 0000 0000#1626597768055231#-42.5#3.552699504743145#9
0C21 0537 8123 1003 2202 062F#1626597768056360#-68.0#6.252505691421874#9
0000 0034 2000 0000 0000 0000#1626597768057404#-46.5#1.055378782065321#9
0000 0035 2000 0000 0000 0000#1626597768058538#-46.5#0.19634954084936207#9
0000 0037 2000 0000 0000 0000#1626597768059587#-49.0#5.178719139901925#9
0000 0036 2000 0000 0000 0000#1626597768060920#-49.5#6.17273869045182#9
FFFF FFFF FFFF FFFF FFFF FFFF#1626597768061958#-68.5#5.160311370447297#9
0000 0033 2000 0000 0000 0000#1626597768062960#-45.0#1.6505633277649499#9
0000 002D 2000 0000 0000 0000#1626597768065237#-48.0#3.5158839658338894#9
0000 0030 2000 0000 0000 0000#1626597768066337#-44.5#2.767301341345697#9
0000 0031 2000 0000 0000 0000#1626597768067402#-44.0#2.184388641949153#9
0000 0032 2000 0000 0000 0000#1626597768069489#-43.5#1.9819031779482483#9
0000 003B 2000 0000 0000 0000#1626597768072311#-43.5#2.8777479580734626#9
0000 002E 2000 0000 0000 0000#1626597768074235#-46.0#3.313398501832985#9
0000 0038 2000 0000 0000 0000#1626597768080525#-47.5#4.595806440505381#9
0000 003B 2000 0000 0000 0000#1626597768081607#-43.5#2.8961557275280905#9
0000 0035 2000 0000 0000 0000#1626597768082911#-48.0#0.32520392703175593#9
0000 0031 2000 0000 0000 0000#1626597768083977#-43.5#2.1966604882522383#9
0000 002F 2000 0000 0000 0000#1626597768085307#-45.5#3.0127382674073995#9
0000 002E 2000 0000 0000 0000#1626597768086649#-46.0#3.3318062712876126#9
0000 0030 2000 0000 0000 0000#1626597768088035#-44.5#2.8102528034064944#9
0C21 0537 8123 1003 2202 062F#1626597768089426#-67.5#6.215690152512618#9
0000 003A 2000 0000 0000 0000#1626597768090447#-35.5#2.552544031041707#9
0000 0033 2000 0000 0000 0000#1626597768091523#-44.0#1.748738098189631#9
0000 002D 2000 0000 0000 0000#1626597768092562#-48.0#3.5711072741977725#9
0000 0037 2000 0000 0000 0000#1626597768093722#-49.5#5.368932757599744#9
0000 0036 2000 0000 0000 0000#1626597768095684#-49.0#0.11658253987930872#9
0000 0032 2000 0000 0000 0000#1626597768096774#-43.5#2.067806102069844#9
0000 0039 2000 0000 0000 0000#1626597768097785#-43.0#3.6876898140770815#9
0000 0034 2000 0000 0000 0000#1626597768099189#-46.0#1.2087768608538851#9
FFFF FFFF FFFF FFFF FFFF FFFF#1626597768100224#-69.0#5.111223985234957#9
0000 0037 2000 0000 0000 0000#1626597768365213#-47.0#0.7731263170943632#9
0000 002F 2000 0000 0000 0000#1626597768366948#-44.0#3.877903431774901#9
0000 0035 2000 0000 0000 0000#1626597768368296#-43.0#1.718058482431918#9
0000 0030 2000 0000 0000 0000#1626597768369367#-42.5#3.706097583531709#9
0000 0039 2000 0000 0000 0000#1626597768370435#-42.0#5.160311370447297#9
0000 0033 2000 0000 0000 0000#1626597768371528#-41.0#2.724349879284899#9
0000 0031 2000 0000 0000 0000#1626597768373033#-41.0#3.184544115650591#9
0000 002D 2000 0000 0000 0000#1626597768374087#-46.5#4.338097668140593#9
0000 0038 2000 0000 0000 0000#1626597768375122#-46.5#0.05522330836388308#9
0000 003A 2000 0000 0000 0000#1626597768376184#-35.0#3.877903431774901#9
0000 0034 2000 0000 0000 0000#1626597768377206#-42.0#2.282563412373834#9
0000 002E 2000 0000 0000 0000#1626597768378249#-44.0#4.172427743048944#9
0000 0032 2000 0000 0000 0000#1626597768379818#-40.0#3.031146036862027#9
0C21 0537 8123 1003 2202 062F#1626597768380921#-66.0#0.4295146206079795#9
0000 003B 2000 0000 0000 0000#1626597768381974#-40.5#3.9760782021995817#9
0000 0036 2000 0000 0000 0000#1626597768383776#-44.5#1.5953400194010667#9
0000 0037 2000 0000 0000 0000#1626597768388779#-47.0#0.8651651643675016#9
0000 003B 2000 0000 0000 0000#1626597768390600#-40.5#4.025165587411922#9
0000 0033 2000 0000 0000 0000#1626597768392815#-40.5#2.779573187648782#9
0000 0031 2000 0000 0000 0000#1626597768394136#-41.0#3.2459033471660166#9
0000 0034 2000 0000 0000 0000#1626597768395690#-42.5#2.3439226438892597#9
0000 003A 2000 0000 0000 0000#1626597768396939#-35.0#3.9453985864418692#9
0000 0036 2000 0000 0000 0000#1626597768398735#-44.5#1.6260196351587797#9
0C21 0537 8123 1003 2202 062F#1626597768399834#-65.5#0.28225246497095796#9
0000 0039 2000 0000 0000 0000#1626597768400900#-42.0#5.289165756629691#9
0000 002E 2000 0000 0000 0000#1626597768402569#-43.5#4.227651051412827#9
0000 002F 2000 0000 0000 0000#1626597768404300#-43.5#3.9392626632903265#9
0000 0035 2000 0000 0000 0000#1626597768405635#-43.0#1.8100973297050567#9
0000 0032 2000 0000 0000 0000#1626597768406760#-39.5#3.104777114680538#9
0000 002D 2000 0000 0000 0000#1626597768409293#-46.5#4.3933209765044765#9
0000 0030 2000 0000 0000 0000#1626597768411943#-42.5#3.792000507653305#9
0000 0038 2000 0000 0000 0000#1626597768413166#-46.0#0.23930100291016002#9
0000 0037 2000 0000 0000 0000#1626597768675859#-43.0#2.399145952253143#9
0000 003A 2000 0000 0000 0000#1626597768678249#-33.0#5.786175531904639#9
0000 0031 2000 0000 0000 0000#1626597768680418#-39.0#4.4362724385652745#9
0000 0035 2000 0000 0000 0000#1626597768681509#-40.5#3.153864499892878#9
0000 0034 2000 0000 0000 0000#1626597768682529#-39.5#3.6447383520162835#9
0000 002D 2000 0000 0000 0000#1626597768683890#-46.0#5.332117218690489#9
0000 003B 2000 0000 0000 0000#1626597768686175#-39.0#5.724816300389213#9
0000 0032 2000 0000 0000 0000#1626597768687353#-38.5#4.325825821837508#9
0000 002F 2000 0000 0000 0000#1626597768688460#-41.5#5.0253210611133605#9
0000 0038 2000 0000 0000 0000#1626597768689540#-42.0#1.9266798695843652#9
0000 0039 2000 0000 0000 0000#1626597768690637#-40.0#0.9387962421860124#9
0000 0033 2000 0000 0000 0000#1626597768692680#-39.0#4.1172044346850605#9
0000 0030 2000 0000 0000 0000#1626597768693981#-40.5#4.933282213840222#9
0000 0036 2000 0000 0000 0000#1626597768696656#-41.5#3.031146036862027#9
0000 002E 2000 0000 0000 0000#1626597768697727#-42.5#5.21553467881118#9
0C21 0537 8123 1003 2202 062F#1626597768699766#-67.0#1.6321555583103222#9
0000 002D 2000 0000 0000 0000#1626597768705219#-45.5#5.3627968344482015#9
0000 0038 2000 0000 0000 0000#1626597768706540#-41.5#1.9696313316451632#9
0000 003B 2000 0000 0000 0000#1626597768709416#-39.0#5.822991070813893#9
0000 002E 2000 0000 0000 0000#1626597768711658#-42.5#5.2339424482658075#9
0000 003A 2000 0000 0000 0000#1626597768713384#-33.0#5.927301764390117#9
0000 0034 2000 0000 0000 0000#1626597768714854#-39.0#3.693825737228624#9
0000 002F 2000 0000 0000 0000#1626597768716188#-42.0#5.062136600022616#9
0000 0039 2000 0000 0000 0000#1626597768717312#-39.5#1.0246991663076084#9
0000 0032 2000 0000 0000 0000#1626597768718865#-38.0#4.381049130201391#9
0000 0033 2000 0000 0000 0000#1626597768720585#-39.0#4.166291819897402#9
0000 0030 2000 0000 0000 0000#1626597768721668#-40.5#4.970097752749477#9
0000 0035 2000 0000 0000 0000#1626597768722733#-40.0#3.2397674240144743#9
0000 0036 2000 0000 0000 0000#1626597768723868#-41.5#3.098641191528995#9
0000 0037 2000 0000 0000 0000#1626597768725403#-42.0#2.509592568980909#9
0C21 0537 8123 1003 2202 062F#1626597768726464#-66.5#1.8714565612204823#9
0000 0031 2000 0000 0000 0000#1626597768727769#-39.0#4.522175362686871#9
0000 0038 2000 0000 0000 0000#1626597768993478#-39.0#2.2948352586769194#9
0000 0031 2000 0000 0000 0000#1626597768995085#-38.0#4.546719055293041#9
0000 003A 2000 0000 0000 0000#1626597768996149#-31.0#0.380427235395639#9
0000 0034 2000 0000 0000 0000#1626597768997732#-38.0#3.792000507653305#9
0000 0033 2000 0000 0000 0000#1626597768998823#-37.5#4.246058820867455#9
0000 003B 2000 0000 0000 0000#1626597769000408#-38.0#0.35588354278946877#9
0000 0037 2000 0000 0000 0000#1626597769002934#-39.0#2.6813984172241008#9
0000 002D 2000 0000 0000 0000#1626597769004230#-45.0#5.209398755659637#9
0000 0036 2000 0000 0000 0000#1626597769005309#-38.5#3.2213596545598464#9
0000 0032 2000 0000 0000 0000#1626597769006984#-37.0#4.460816131171445#9
0000 0039 2000 0000 0000 0000#1626597769008345#-37.0#1.576932249946439#9
0000 0035 2000 0000 0000 0000#1626597769009438#-37.5#3.3624858870453256#9
0000 002E 2000 0000 0000 0000#1626597769010690#-41.5#5.129631754689584#9
FFFF FFFF FFFF FFFF FFFF FFFF#1626597769012157#-69.5#5.6573211457222445#9
0000 002F 2000 0000 0000 0000#1626597769013204#-40.5#5.037592907416445#9
0000 0030 2000 0000 0000 0000#1626597769014249#-40.0#4.957825906446392#9
0000 0033 2000 0000 0000 0000#1626597769018894#-37.5#4.289010282928253#9
0000 003B 2000 0000 0000 0000#1626597769020205#-38.0#0.42337869745643697#9
0000 0039 2000 0000 0000 0000#1626597769021729#-36.5#1.607611865704152#9
0000 003A 2000 0000 0000 0000#1626597769022823#-31.0#0.48473792897186263#9
0000 0030 2000 0000 0000 0000#1626597769024676#-39.5#4.963961829597935#9
0000 0037 2000 0000 0000 0000#1626597769026490#-39.0#2.7120780329818137#9
0000 0035 2000 0000 0000 0000#1626597769027554#-37.5#3.380893656499953#9
0000 0032 2000 0000 0000 0000#1626597769029924#-36.0#4.473087977474529#9
FFFF FFFF FFFF FFFF FFFF FFFF#1626597769030991#-68.5#5.620505606812989#9
0000 002E 2000 0000 0000 0000#1626597769033058#-42.0#5.141903600992669#9
0000 002D 2000 0000 0000 0000#1626597769034357#-45.0#5.21553467881118#9
0000 002F 2000 0000 0000 0000#1626597769035735#-40.5#5.056000676871073#9
0000 0034 2000 0000 0000 0000#1626597769038369#-37.5#3.890175278077986#9
0000 0031 2000 0000 0000 0000#1626597769039464#-38.0#4.632621979414636#9
0000 0038 2000 0000 0000 0000#1626597769040529#-38.5#2.386874105950058#9
0000 0036 2000 0000 0000 0000#1626597769041566#-38.5#3.2888548092268146#9
0000 0035 2000 0000 0000 0000#1626597769307591#-36.0#3.466796580621549#9
0000 0034 2000 0000 0000 0000#1626597769308655#-36.5#3.933126740138784#9
0000 0030 2000 0000 0000 0000#1626597769309963#-39.5#4.896466674930966#9
0000 0033 2000 0000 0000 0000#1626597769311057#-37.0#4.368777283898306#9
0000 0031 2000 0000 0000 0000#1626597769312379#-37.5#4.608078286808466#9
0000 0038 2000 0000 0000 0000#1626597769313716#-35.5#2.5280003384355365#9
0000 0037 2000 0000 0000 0000#1626597769315081#-37.0#2.84706834231575#9
0000 0036 2000 0000 0000 0000#1626597769316203#-37.0#3.3870295796514958#9
0000 003B 2000 0000 0000 0000#1626597769317996#-35.0#1.1167380135807468#9
0000 002D 2000 0000 0000 0000#1626597769320472#-45.0#4.97623367590102#9
0000 002F 2000 0000 0000 0000#1626597769321808#-40.5#4.9394181369917645#9
0000 003A 2000 0000 0000 0000#1626597769323839#-28.0#1.0799224746714913#9
0000 0032 2000 0000 0000 0000#1626597769325015#-37.0#4.534447208989955#9
0000 002E 2000 0000 0000 0000#1626597769326342#-42.0#4.95168998329485#9
0000 0039 2000 0000 0000 0000#1626597769328351#-33.0#1.9696313316451632#9
FFFF FFFF FFFF FFFF FFFF FFFF#1626597769332080#-68.5#4.994641445355648#9
0000 0038 2000 0000 0000 0000#1626597769337257#-35.5#2.5893595699509624#9
0000 002F 2000 0000 0000 0000#1626597769338917#-41.0#4.970097752749477#9
0000 002D 2000 0000 0000 0000#1626597769341144#-45.0#4.970097752749477#9
0000 003B 2000 0000 0000 0000#1626597769342228#-35.0#1.2026409377023426#9
0000 003A 2000 0000 0000 0000#1626597769343261#-27.5#1.1290098598838318#9
0000 0034 2000 0000 0000 0000#1626597769344324#-36.5#3.9944859716542096#9
0000 0037 2000 0000 0000 0000#1626597769345638#-36.5#2.9145634969827183#9
0000 0030 2000 0000 0000 0000#1626597769346980#-39.5#4.9394181369917645#9
0000 002E 2000 0000 0000 0000#1626597769348151#-42.0#4.945554060143307#9
0000 0039 2000 0000 0000 0000#1626597769349454#-33.0#2.030990563160589#9
0000 0032 2000 0000 0000 0000#1626597769350474#-37.0#4.595806440505381#9
0000 0031 2000 0000 0000 0000#1626597769351968#-37.5#4.657165672020807#9
0000 0033 2000 0000 0000 0000#1626597769353088#-36.5#4.442408361716817#9
0000 0035 2000 0000 0000 0000#1626597769354153#-36.0#3.5465635815916023#9
0000 0036 2000 0000 0000 0000#1626597769355273#-37.0#3.4606606574700063#9
FFFF FFFF FFFF FFFF FFFF FFFF#1626597769356568#-68.5#5.123495831538041#9
0000 002E 2000 0000 0000 0000#1626597769620890#-42.5#5.178719139901925#9
0000 0031 2000 0000 0000 0000#1626597769622411#-37.5#5.117359908386499#9
0000 0039 2000 0000 0000 0000#1626597769624002#-32.0#2.8838838812250054#9
0000 0032 2000 0000 0000 0000#1626597769625092#-37.0#5.098952138931871#9
0000 0037 2000 0000 0000 0000#1626597769627153#-36.0#3.6876898140770815#9
0000 0035 2000 0000 0000 0000#1626597769628680#-35.5#4.246058820867455#9
0000 0036 2000 0000 0000 0000#1626597769630214#-36.5#4.154019973594316#9
0000 0030 2000 0000 0000 0000#1626597769633730#-40.0#5.301437602932776#9
0000 003A 2000 0000 0000 0000#1626597769634778#-26.5#2.2334760271614935#9
0000 003B 2000 0000 0000 0000#1626597769637923#-33.0#2.429825568010856#9
0000 0038 2000 0000 0000 0000#1626597769639062#-34.5#3.454524734318464#9
0000 0033 2000 0000 0000 0000#1626597769640122#-37.0#5.037592907416445#9
0000 002F 2000 0000 0000 0000#1626597769641200#-41.5#5.283029833478148#9
FFFF FFFF FFFF FFFF FFFF FFFF#1626597769642723#-69.0#5.301437602932776#9
0000 0034 2000 0000 0000 0000#1626597769643813#-36.5#4.681709364626977#9
0000 002D 2000 0000 0000 0000#1626597769645221#-46.0#5.080544369477243#9
0000 0032 2000 0000 0000 0000#1626597769650289#-36.0#5.098952138931871#9
0000 0039 2000 0000 0000 0000#1626597769652403#-32.0#2.945243112740431#9
0000 0038 2000 0000 0000 0000#1626597769654281#-34.5#3.472932503773092#9
0000 0034 2000 0000 0000 0000#1626597769655344#-37.0#4.693981210930062#9
0000 003B 2000 0000 0000 0000#1626597769657125#-32.5#2.497320722677824#9
0000 0036 2000 0000 0000 0000#1626597769659164#-36.5#4.196971435655114#9
0000 003A 2000 0000 0000 0000#1626597769660269#-26.5#2.350058567040802#9
0000 002D 2000 0000 0000 0000#1626597769670017#-46.0#5.816855147662351#9
0000 002E 2000 0000 0000 0000#1626597769672196#-43.0#5.902758071783947#9
0000 0037 2000 0000 0000 0000#1626597769673634#-35.5#4.601942363656923#9
0000 0030 2000 0000 0000 0000#1626597769674718#-40.5#6.086835766330224#9
0000 0031 2000 0000 0000 0000#1626597769676076#-38.0#5.915029918087033#9
0000 0035 2000 0000 0000 0000#1626597769677253#-35.5#5.0682725231741586#9
0000 0033 2000 0000 0000 0000#1626597769678273#-37.5#5.835262917116979#9
0000 002F 2000 0000 0000 0000#1626597769679336#-41.5#6.025476534814799#9
FFFF FFFF FFFF FFFF FFFF FFFF#1626597769680644#-69.0#0.1595340019401067#9
0000 0036 2000 0000 0000 0000#1626597769946080#-36.5#5.043728830567988#9
0000 0035 2000 0000 0000 0000#1626597769947315#-36.0#5.092816215780329#9
0000 003B 2000 0000 0000 0000#1626597769948356#-32.5#3.933126740138784#9
0000 003A 2000 0000 0000 0000#1626597769950892#-26.0#3.6079228131070282#9
0C21 0537 8123 1003 2202 062F#1626597769952192#-65.5#1.6382914814618648#9
0000 002E 2000 0000 0000 0000#1626597769953512#-44.5#5.418020142812084#9
0000 0037 2000 0000 0000 0000#1626597769954850#-36.0#4.743068596142402#9
0000 0034 2000 0000 0000 0000#1626597769955954#-37.0#5.393476450205914#9
0000 002D 2000 0000 0000 0000#1626597769957252#-48.0#5.2339424482658075#9
0000 0030 2000 0000 0000 0000#1626597769958321#-41.5#5.724816300389213#9
0000 0038 2000 0000 0000 0000#1626597769959885#-34.5#4.577398671050753#9
0000 0039 2000 0000 0000 0000#1626597769960953#-31.5#4.190835512503572#9
0000 0032 2000 0000 0000 0000#1626597769962838#-37.5#5.66959299202533#9
FFFF FFFF FFFF FFFF FFFF FFFF#1626597769963875#-70.5#0.030679615757712823#9
0000 0033 2000 0000 0000 0000#1626597769965250#-38.5#5.688000761479957#9
0000 0031 2000 0000 0000 0000#1626597769966343#-39.5#5.632777453116074#9
0000 002F 2000 0000 0000 0000#1626597769970311#-43.5#5.608233760509904#9
0000 002E 2000 0000 0000 0000#1626597769975017#-44.5#5.356660911296659#9
0000 003A 2000 0000 0000 0000#1626597769977432#-26.0#3.650874275167826#9
0000 003B 2000 0000 0000 0000#1626597769978769#-32.5#3.9944859716542096#9
0000 0034 2000 0000 0000 0000#1626597769979845#-37.0#5.387340527054372#9
0000 0032 2000 0000 0000 0000#1626597769980950#-38.5#5.6573211457222445#9
0000 002F 2000 0000 0000 0000#1626597769982548#-43.0#5.602097837358362#9
0000 0037 2000 0000 0000 0000#1626597769983827#-36.0#4.76147636559703#9
0000 0039 2000 0000 0000 0000#1626597769985406#-31.5#4.227651051412827#9
0000 0035 2000 0000 0000 0000#1626597769986509#-36.0#5.098952138931871#9
0000 0038 2000 0000 0000 0000#1626597769987550#-34.5#4.626486056263094#9
0C21 0537 8123 1003 2202 062F#1626597769989215#-66.5#1.7794177139473437#9
0000 0030 2000 0000 0000 0000#1626597769991161#-42.0#5.688000761479957#9
0000 0036 2000 0000 0000 0000#1626597769992268#-36.5#5.074408446325701#9
0000 0031 2000 0000 0000 0000#1626597769993661#-39.5#5.608233760509904#9
0000 0033 2000 0000 0000 0000#1626597769994723#-38.5#5.663457068873787#9
0000 002D 2000 0000 0000 0000#1626597769995946#-48.0#5.1725832167503825#9
FFFF FFFF FFFF FFFF FFFF FFFF#1626597769997168#-69.5#6.2463697682703305#9
0000 0033 2000 0000 0000 0000#1626597770263296#-38.0#5.0682725231741586#9
0000 0039 2000 0000 0000 0000#1626597770264367#-31.5#4.147884050442774#9
0000 003A 2000 0000 0000 0000#1626597770265813#-25.0#3.663146121470911#9
0000 0036 2000 0000 0000 0000#1626597770266865#-37.0#4.693981210930062#9
0000 0032 2000 0000 0000 0000#1626597770267913#-39.5#4.97623367590102#9
0000 0038 2000 0000 0000 0000#1626597770268938#-34.0#4.448544284868359#9
0C21 0537 8123 1003 2202 062F#1626597770270037#-66.0#1.2701360923693108#9
0000 0035 2000 0000 0000 0000#1626597770272525#-36.5#4.681709364626977#9
0000 0031 2000 0000 0000 0000#1626597770282484#-40.5#5.074408446325701#9
0000 003B 2000 0000 0000 0000#1626597770284106#-32.0#4.338097668140593#9
0000 0037 2000 0000 0000 0000#1626597770286140#-35.5#4.669437518323892#9
0000 002E 2000 0000 0000 0000#1626597770289630#-46.5#4.681709364626977#9
0000 0034 2000 0000 0000 0000#1626597770290679#-37.0#5.013049214810275#9
0000 002D 2000 0000 0000 0000#1626597770291717#-50.0#4.473087977474529#9
0000 002F 2000 0000 0000 0000#1626597770293319#-44.5#4.945554060143307#9
0000 0030 2000 0000 0000 0000#1626597770296074#-43.0#5.062136600022616#9
0000 0032 2000 0000 0000 0000#1626597770300296#-38.5#5.086680292628786#9
0000 003B 2000 0000 0000 0000#1626597770301735#-32.5#4.381049130201391#9
0000 0035 2000 0000 0000 0000#1626597770303037#-36.5#4.847379289718626#9
0000 0031 2000 0000 0000 0000#1626597770304105#-40.5#5.0253210611133605#9
0000 002D 2000 0000 0000 0000#1626597770305128#-50.0#4.4362724385652745#9
0000 002E 2000 0000 0000 0000#1626597770306411#-46.5#4.651029748869264#9
0000 0034 2000 0000 0000 0000#1626597770308243#-37.0#5.013049214810275#9
0000 0033 2000 0000 0000 0000#1626597770309277#-39.0#5.184855063053467#9
0000 0037 2000 0000 0000 0000#1626597770310370#-36.0#4.681709364626977#9
0000 003A 2000 0000 0000 0000#1626597770311461#-26.5#3.9392626632903265#9
0000 0038 2000 0000 0000 0000#1626597770313147#-34.0#4.651029748869264#9
0C21 0537 8123 1003 2202 062F#1626597770314218#-66.5#1.7548740213411735#9
0000 0030 2000 0000 0000 0000#1626597770315331#-43.0#5.0253210611133605#9
0000 0039 2000 0000 0000 0000#1626597770316383#-31.0#4.3933209765044765#9
0000 0036 2000 0000 0000 0000#1626597770318129#-36.5#4.853515212870168#9
0000 002F 2000 0000 0000 0000#1626597770319792#-45.0#4.902602598082509#9
0000 003A 2000 0000 0000 0000#1626597770585395#-26.0#3.5833791205008576#9
0000 0030 2000 0000 0000 0000#1626597770587391#-46.0#3.9576704327449543#9
0000 003B 2000 0000 0000 0000#1626597770588742#-32.0#4.184699589352029#9
0000 0039 2000 0000 0000 0000#1626597770590074#-32.0#3.9208548938356986#9
0000 002D 2000 0000 0000 0000#1626597770591611#-52.5#3.2581751934691017#9
0000 0038 2000 0000 0000 0000#1626597770593020#-34.0#4.06811704947272#9
0000 0034 2000 0000 0000 0000#1626597770594311#-38.0#4.074252972624263#9
0000 0037 2000 0000 0000 0000#1626597770595390#-35.5#3.9944859716542096#9
0000 0031 2000 0000 0000 0000#1626597770597140#-43.0#3.9208548938356986#9
0000 0036 2000 0000 0000 0000#1626597770599838#-37.0#4.049709280018092#9
0000 0035 2000 0000 0000 0000#1626597770600887#-36.5#4.000621894805752#9
0000 0033 2000 0000 0000 0000#1626597770602871#-39.5#4.154019973594316#9
0000 002E 2000 0000 0000 0000#1626597770604755#-48.5#3.472932503773092#9
0000 002F 2000 0000 0000 0000#1626597770606182#-47.0#3.7429131224409646#9
0000 0032 2000 0000 0000 0000#1626597770607244#-41.5#3.988350048502667#9
0C21 0537 8123 1003 2202 062F#1626597770608474#-66.0#0.4172427743048944#9
0000 0033 2000 0000 0000 0000#1626597770613737#-40.5#4.147884050442774#9
0000 0030 2000 0000 0000 0000#1626597770615905#-46.0#3.902447124381071#9
0000 002E 2000 0000 0000 0000#1626597770616989#-48.5#3.4177091954092087#9
0000 0039 2000 0000 0000 0000#1626597770618084#-32.0#3.9269908169872414#9
0000 0032 2000 0000 0000 0000#1626597770619160#-41.5#3.9944859716542096#9
0000 0034 2000 0000 0000 0000#1626597770620165#-38.0#4.04357335686655#9
0000 003B 2000 0000 0000 0000#1626597770621479#-32.0#4.221515128261284#9
0000 002F 2000 0000 0000 0000#1626597770622527#-47.0#3.7122335066832517#9
0000 003A 2000 0000 0000 0000#1626597770624202#-26.0#3.5956509668039427#9
0C21 0537 8123 1003 2202 062F#1626597770626143#-65.5#0.5031456984264903#9
0000 0035 2000 0000 0000 0000#1626597770627218#-37.0#3.9515345095934116#9
0000 0031 2000 0000 0000 0000#1626597770628516#-43.0#3.8410878928656453#9
0000 0038 2000 0000 0000 0000#1626597770629842#-33.5#4.0558452031696355#9
0000 002D 2000 0000 0000 0000#1626597770631782#-53.5#3.1354567304382504#9
0000 0037 2000 0000 0000 0000#1626597770634320#-35.5#3.9699422790480394#9
0000 0036 2000 0000 0000 0000#1626597770635370#-37.0#4.006757817957295#9
0C21 0537 8123 1003 2202 062F#1626597770899925#-65.5#2.1966604882522383#9
0000 003B 2000 0000 0000 0000#1626597770901189#-31.5#5.381204603902829#9
0000 003A 2000 0000 0000 0000#1626597770902235#-25.5#4.706253057233147#9
0000 0037 2000 0000 0000 0000#1626597770903570#-34.5#4.657165672020807#9
0000 0034 2000 0000 0000 0000#1626597770904661#-37.5#4.473087977474529#9
0000 0030 2000 0000 0000 0000#1626597770906729#-47.5#4.147884050442774#9
0000 0035 2000 0000 0000 0000#1626597770908789#-35.5#4.454680208019902#9
0000 0036 2000 0000 0000 0000#1626597770911086#-36.0#4.534447208989955#9
0000 0039 2000 0000 0000 0000#1626597770912694#-30.0#4.798291904506286#9
0000 0033 2000 0000 0000 0000#1626597770914227#-41.0#4.424000592262189#9
0000 0038 2000 0000 0000 0000#1626597770916510#-33.0#4.798291904506286#9
0000 002F 2000 0000 0000 0000#1626597770917533#-49.5#3.9208548938356986#9
0000 0032 2000 0000 0000 0000#1626597770919660#-42.5#4.2092432819582#9
0000 002E 2000 0000 0000 0000#1626597770920733#-51.5#3.54042765844006#9
0000 0031 2000 0000 0000 0000#1626597770921824#-44.0#4.086524818927348#9
0000 002D 2000 0000 0000 0000#1626597770924489#-56.5#3.172272269347506#9
0000 0036 2000 0000 0000 0000#1626597770930931#-36.0#4.503767593232243#9
0000 0035 2000 0000 0000 0000#1626597770931981#-35.5#4.399456899656019#9
0000 003A 2000 0000 0000 0000#1626597770933341#-25.5#4.706253057233147#9
0000 002F 2000 0000 0000 0000#1626597770934673#-50.0#3.847223816017188#9
0000 0033 2000 0000 0000 0000#1626597770936074#-40.0#4.3933209765044765#9
0000 0039 2000 0000 0000 0000#1626597770937610#-30.5#4.798291904506286#9
0000 002E 2000 0000 0000 0000#1626597770939162#-51.5#3.454524734318464#9
0000 003B 2000 0000 0000 0000#1626597770940172#-31.0#5.399612373357457#9
0000 0032 2000 0000 0000 0000#1626597770941231#-42.5#4.1601558967458585#9
0000 0034 2000 0000 0000 0000#1626597770942568#-37.5#4.374913207049849#9
0000 0038 2000 0000 0000 0000#1626597770944400#-32.5#4.76147636559703#9
0000 0030 2000 0000 0000 0000#1626597770945694#-48.0#4.0128937411088375#9
0C21 0537 8123 1003 2202 062F#1626597770947054#-65.5#2.1782527187976104#9
0000 002D 2000 0000 0000 0000#1626597770948732#-57.0#3.0495538063166547#9
0000 0031 2000 0000 0000 0000#1626597770950879#-44.0#4.006757817957295#9
0000 0037 2000 0000 0000 0000#1626597770951974#-34.0#4.589670517353839#9
0000 0032 2000 0000 0000 0000#1626597771219794#-45.5#3.0495538063166547#9
0000 0039 2000 0000 0000 0000#1626597771221122#-30.5#4.28287435977671#9
0000 0035 2000 0000 0000 0000#1626597771222698#-36.5#3.5588354278946874#9
0000 003A 2000 0000 0000 0000#1626597771224243#-25.0#4.3503695144436785#9
0000 0037 2000 0000 0000 0000#1626597771225350#-35.0#3.9269908169872414#9
0000 003B 2000 0000 0000 0000#1626597771226430#-30.5#5.190990986205009#9
0000 0033 2000 0000 0000 0000#1626597771228433#-43.0#3.3318062712876126#9
0000 0038 2000 0000 0000 0000#1626597771229485#-32.5#4.166291819897402#9
0000 0034 2000 0000 0000 0000#1626597771231931#-39.0#3.454524734318464#9
0000 0036 2000 0000 0000 0000#1626597771233991#-36.5#3.6754179677739964#9
0000 0030 2000 0000 0000 0000#1626597771235077#-50.5#2.6016314162540475#9
0000 0031 2000 0000 0000 0000#1626597771237453#-46.5#2.791845033951867#9
0C21 0537 8123 1003 2202 062F#1626597771238509#-65.0#1.6137477888556946#9
0000 002F 2000 0000 0000 0000#1626597771239571#-53.0#2.337786720737717#9
0000 002D 2000 0000 0000 0000#1626597771242703#-57.5#1.2455923997631406#9
0000 002E 2000 0000 0000 0000#1626597771244012#-54.5#1.6996507129772904#9
0000 0031 2000 0000 0000 0000#1626597771251599#-46.5#2.736621725587984#9
0000 002F 2000 0000 0000 0000#1626597771253566#-52.5#2.3009711818284617#9
0000 0033 2000 0000 0000 0000#1626597771255038#-42.0#3.2336315008629315#9
0000 0038 2000 0000 0000 0000#1626597771256047#-33.0#4.111068511533518#9
0000 0034 2000 0000 0000 0000#1626597771257353#-39.0#3.393165502803038#9
0000 003A 2000 0000 0000 0000#1626597771258430#-25.0#4.3074180523828804#9
0000 003B 2000 0000 0000 0000#1626597771259482#-31.0#5.1725832167503825#9
0000 0037 2000 0000 0000 0000#1626597771260544#-35.0#3.834951969714103#9
0000 0039 2000 0000 0000 0000#1626597771261585#-30.5#4.221515128261284#9
0000 0035 2000 0000 0000 0000#1626597771262749#-36.5#3.466796580621549#9
0000 002E 2000 0000 0000 0000#1626597771263775#-54.5#1.5953400194010667#9
0000 0036 2000 0000 0000 0000#1626597771264868#-36.5#3.5895150436524004#9
0000 002D 2000 0000 0000 0000#1626597771265949#-57.5#1.1658253987930873#9
0000 0032 2000 0000 0000 0000#1626597771267208#-44.0#2.8654761117703775#9
0000 0030 2000 0000 0000 0000#1626597771268665#-51.0#2.497320722677824#9
0C21 0537 8123 1003 2202 062F#1626597771269953#-65.5#1.8223691760081417#9
0000 0034 2000 0000 0000 0000#1626597771534317#-39.5#2.435961491162398#9
0000 003A 2000 0000 0000 0000#1626597771536063#-26.5#3.6754179677739964#9
0000 002E 2000 0000 0000 0000#1626597771537134#-45.5#5.344389064993574#9
0000 0031 2000 0000 0000 0000#1626597771538184#-50.0#1.337631247036279#9
0000 0033 2000 0000 0000 0000#1626597771539988#-45.5#2.12916533358527#9
0000 0037 2000 0000 0000 0000#1626597771541066#-36.0#3.018874190558942#9
0000 0030 2000 0000 0000 0000#1626597771542346#-53.0#0.6258641614573416#9
0000 0039 2000 0000 0000 0000#1626597771543430#-31.5#3.479068426924634#9
0000 0036 2000 0000 0000 0000#1626597771544761#-38.0#2.693670263527186#9
0000 003B 2000 0000 0000 0000#1626597771546069#-32.5#4.743068596142402#9
0C21 0537 8123 1003 2202 062F#1626597771548268#-65.0#1.0615147052168636#9
0000 0032 2000 0000 0000 0000#1626597771549436#-47.0#1.6444274046134073#9
0000 002F 2000 0000 0000 0000#1626597771551197#-52.5#0.2454369260617026#9
0000 0038 2000 0000 0000 0000#1626597771552262#-34.0#3.3072625786814425#9
0000 002D 2000 0000 0000 0000#1626597771554444#-45.5#5.049864753719531#9
0000 0035 2000 0000 0000 0000#1626597771556216#-38.0#2.509592568980909#9
0000 003B 2000 0000 0000 0000#1626597771563059#-32.5#4.724660826687775#9
0000 002E 2000 0000 0000 0000#1626597771565069#-44.5#5.190990986205009#9
0000 0039 2000 0000 0000 0000#1626597771566694#-31.5#3.429981041712294#9
0000 0037 2000 0000 0000 0000#1626597771568030#-36.0#2.9329712664373457#9
0000 002D 2000 0000 0000 0000#1626597771570022#-46.0#4.97623367590102#9
0000 0034 2000 0000 0000 0000#1626597771571341#-41.5#2.356194490192345#9
0000 003A 2000 0000 0000 0000#1626597771572456#-26.5#3.6140587362585705#9
0000 0036 2000 0000 0000 0000#1626597771573508#-38.0#2.6200391857086753#9
0000 0035 2000 0000 0000 0000#1626597771574814#-38.5#2.466641106920111#9
0000 0031 2000 0000 0000 0000#1626597771576107#-50.0#1.1228739367322893#9
0C21 0537 8123 1003 2202 062F#1626597771577791#-66.5#1.2087768608538851#9
0000 0038 2000 0000 0000 0000#1626597771578898#-34.5#3.2459033471660166#9
0000 0032 2000 0000 0000 0000#1626597771582018#-49.0#1.4910293258248433#9
0000 0033 2000 0000 0000 0000#1626597771583082#-46.0#1.9880391010997909#9
0000 0030 2000 0000 0000 0000#1626597771586857#-52.5#0.20248546400090464#9
0000 002F 2000 0000 0000 0000#1626597771587909#-50.5#6.056156150572511#9
0000 0030 2000 0000 0000 0000#1626597771853022#-44.5#3.9453985864418692#9
0000 0036 2000 0000 0000 0000#1626597771854327#-41.5#1.325359400733194#9
0000 0034 2000 0000 0000 0000#1626597771855346#-45.0#0.7915340865489908#9
0000 003A 2000 0000 0000 0000#1626597771857377#-28.5#2.399145952253143#9
0000 0035 2000 0000 0000 0000#1626597771859391#-41.5#1.0983302441261191#9
0000 0037 2000 0000 0000 0000#1626597771860426#-38.5#1.6996507129772904#9
0000 003B 2000 0000 0000 0000#1626597771861966#-34.0#3.663146121470911#9
0000 0038 2000 0000 0000 0000#1626597771863247#-36.0#2.000310947402876#9
0000 0031 2000 0000 0000 0000#1626597771864498#-46.5#4.571262747899211#9
0000 002E 2000 0000 0000 0000#1626597771865567#-54.0#3.552699504743145#9
FFFF FFFF FFFF FFFF FFFF FFFF#1626597771866857#-68.5#5.325981295538946#9
0000 0032 2000 0000 0000 0000#1626597771868187#-48.5#5.160311370447297#9
0000 002F 2000 0000 0000 0000#1626597771869521#-45.5#3.706097583531709#9
0000 0039 2000 0000 0000 0000#1626597771870816#-34.0#2.1659808724945253#9
0000 002D 2000 0000 0000 0000#1626597771871944#-61.5#2.4850488763747385#9
0C21 0537 8123 1003 2202 062F#1626597771874354#-68.5#6.258641614573416#9
0000 0033 2000 0000 0000 0000#1626597771876042#-50.0#6.1420590746941075#9
0000 002F 2000 0000 0000 0000#1626597771881512#-45.5#3.663146121470911#9
0000 0034 2000 0000 0000 0000#1626597771883401#-45.5#0.6135923151542565#9
0000 0038 2000 0000 0000 0000#1626597771885207#-36.5#1.9573594853420782#9
0000 003B 2000 0000 0000 0000#1626597771886303#-34.0#3.6140587362585705#9
0000 003A 2000 0000 0000 0000#1626597771887323#-29.0#2.350058567040802#9
0C21 0537 8123 1003 2202 062F#1626597771888395#-68.0#0.04908738521234052#9
0000 0037 2000 0000 0000 0000#1626597771889485#-39.5#1.6260196351587797#9
0000 002E 2000 0000 0000 0000#1626597771891054#-55.5#3.423845118560751#9
0000 0031 2000 0000 0000 0000#1626597771892105#-45.0#4.338097668140593#9
0000 0039 2000 0000 0000 0000#1626597771893174#-34.0#2.116893487282185#9
0000 0035 2000 0000 0000 0000#1626597771894464#-42.0#0.9633399347921826#9
0000 0030 2000 0000 0000 0000#1626597771895592#-44.5#3.77972866135022#9
0000 0032 2000 0000 0000 0000#1626597771897225#-47.5#4.896466674930966#9
0000 002D 2000 0000 0000 0000#1626597771898550#-62.5#2.356194490192345#9
0000 0036 2000 0000 0000 0000#1626597771899870#-41.5#1.1658253987930873#9
FFFF FFFF FFFF FFFF FFFF FFFF#1626597771901036#-67.5#5.418020142812084#9
0000 0033 2000 0000 0000 0000#1626597771902308#-49.5#5.927301764390117#9
0000 0035 2000 0000 0000 0000#1626597772169351#-44.5#0.4295146206079795#9
0000 0033 2000 0000 0000 0000#1626597772171049#-39.5#4.828971520263998#9
0000 002E 2000 0000 0000 0000#1626597772172609#-56.5#1.5953400194010667#9
0000 0032 2000 0000 0000 0000#1626597772173657#-41.5#4.460816131171445#9
0000 0036 2000 0000 0000 0000#1626597772175219#-45.0#0.7731263170943632#9
0000 0031 2000 0000 0000 0000#1626597772176324#-43.5#4.239922897715912#9
0000 003A 2000 0000 0000 0000#1626597772177603#-29.5#2.675262494072558#9
0000 0037 2000 0000 0000 0000#1626597772180044#-43.5#1.533980787885641#9
0000 0034 2000 0000 0000 0000#1626597772181061#-42.5#5.663457068873787#9
0000 0039 2000 0000 0000 0000#1626597772182611#-37.0#2.429825568010856#9
0000 003B 2000 0000 0000 0000#1626597772183693#-35.0#3.9699422790480394#9
0000 0038 2000 0000 0000 0000#1626597772184999#-40.5#2.110757564130642#9
0000 002D 2000 0000 0000 0000#1626597772186222#-56.0#0.521553467881118#9
0C21 0537 8123 1003 2202 062F#1626597772187338#-67.0#1.6014759425526093#9
0000 002F 2000 0000 0000 0000#1626597772188369#-58.0#3.0372819600135696#9
0000 0030 2000 0000 0000 0000#1626597772189440#-56.0#3.816544200259475#9
FFFF FFFF FFFF FFFF FFFF FFFF#1626597772190859#-68.5#0.7731263170943632#9
0000 0037 2000 0000 0000 0000#1626597772194845#-43.5#1.5033011721279284#9
0000 0031 2000 0000 0000 0000#1626597772196109#-44.0#4.196971435655114#9
0000 003B 2000 0000 0000 0000#1626597772197644#-35.0#3.9515345095934116#9
0000 002F 2000 0000 0000 0000#1626597772198935#-57.5#2.8838838812250054#9
0000 0038 2000 0000 0000 0000#1626597772200528#-41.0#2.067806102069844#9
0000 0036 2000 0000 0000 0000#1626597772201820#-45.0#0.5706408530934585#9
0000 0035 2000 0000 0000 0000#1626597772202897#-44.5#0.16566992509164924#9
0000 0033 2000 0000 0000 0000#1626597772204982#-39.5#4.681709364626977#9
0C21 0537 8123 1003 2202 062F#1626597772206323#-65.5#1.7794177139473437#9
0000 003A 2000 0000 0000 0000#1626597772207328#-30.0#2.6139032625571326#9
0000 0039 2000 0000 0000 0000#1626597772209858#-37.5#2.386874105950058#9
0000 002E 2000 0000 0000 0000#1626597772211502#-56.0#0.9940195505498954#9
0000 002D 2000 0000 0000 0000#1626597772212596#-55.5#0.11658253987930872#9
FFFF FFFF FFFF FFFF FFFF FFFF#1626597772214658#-67.5#0.521553467881118#9
0000 0034 2000 0000 0000 0000#1626597772215902#-41.0#5.344389064993574#9
0000 0030 2000 0000 0000 0000#1626597772216985#-57.0#3.6140587362585705#9
0000 0032 2000 0000 0000 0000#1626597772218302#-42.0#4.331961744989051#9
0000 0035 2000 0000 0000 0000#1626597772487458#-39.5#4.411728745959104#9
0000 002E 2000 0000 0000 0000#1626597772488484#-55.0#4.270602513473625#9
0000 0036 2000 0000 0000 0000#1626597772489547#-41.5#4.6878452877785195#9
0000 003A 2000 0000 0000 0000#1626597772490597#-34.0#1.8162332528565992#9
0000 0034 2000 0000 0000 0000#1626597772491660#-41.5#4.0987966652304335#9
0000 0030 2000 0000 0000 0000#1626597772493217#-61.5#1.1719613219446299#9
0000 0038 2000 0000 0000 0000#1626597772496560#-46.5#0.380427235395639#9
0000 0037 2000 0000 0000 0000#1626597772497879#-44.5#5.583690067903734#9
0C21 0537 8123 1003 2202 062F#1626597772498941#-67.0#1.4296700943094176#9
FFFF FFFF FFFF FFFF FFFF FFFF#1626597772500018#-66.0#6.234097921967246#9
0000 0033 2000 0000 0000 0000#1626597772501063#-49.5#3.890175278077986#9
0000 0039 2000 0000 0000 0000#1626597772502116#-43.5#1.2701360923693108#9
0000 002F 2000 0000 0000 0000#1626597772503165#-59.0#5.835262917116979#9
0000 0032 2000 0000 0000 0000#1626597772507160#-54.0#3.2090878082567613#9
0000 003B 2000 0000 0000 0000#1626597772509146#-38.0#3.098641191528995#9
0000 002D 2000 0000 0000 0000#1626597772510841#-54.5#3.448388811166921#9
0000 0031 2000 0000 0000 0000#1626597772511948#-55.0#2.429825568010856#9
0000 0036 2000 0000 0000 0000#1626597772516857#-40.5#4.577398671050753#9
0000 0034 2000 0000 0000 0000#1626597772518006#-42.0#4.049709280018092#9
0000 002F 2000 0000 0000 0000#1626597772519041#-58.5#5.724816300389213#9
0000 003A 2000 0000 0000 0000#1626597772520101#-35.0#1.7671458676442586#9
0000 0039 2000 0000 0000 0000#1626597772521441#-44.0#1.1596894756415448#9
0000 002E 2000 0000 0000 0000#1626597772522467#-55.0#4.1601558967458585#9
0000 0035 2000 0000 0000 0000#1626597772523501#-39.5#4.3074180523828804#9
0000 0031 2000 0000 0000 0000#1626597772533030#-55.0#1.8285050991596843#9
0000 003B 2000 0000 0000 0000#1626597772534098#-37.5#2.650718801466388#9
0000 0038 2000 0000 0000 0000#1626597772535389#-46.5#5.957981380147831#9
0000 0033 2000 0000 0000 0000#1626597772536508#-51.0#3.3440781175906977#9
0C21 0537 8123 1003 2202 062F#1626597772538549#-68.0#0.6810874698212247#9
0000 0032 2000 0000 0000 0000#1626597772539868#-54.5#2.5464081078901644#9
0000 0030 2000 0000 0000 0000#1626597772540954#-62.0#0.06135923151542565#9
FFFF FFFF FFFF FFFF FFFF FFFF#1626597772542275#-67.5#5.921165841238575#9
0000 0037 2000 0000 0000 0000#1626597772543935#-44.0#4.902602598082509#9
0000 002D 2000 0000 0000 0000#1626597772545630#-54.0#2.816388726558037#9
0000 0034 2000 0000 0000 0000#1626597772811300#-53.0#2.945243112740431#9
0000 003A 2000 0000 0000 0000#1626597772812832#-42.5#6.227961998815704#9
0000 0036 2000 0000 0000 0000#1626597772814109#-47.5#3.749049045592507#9
0000 0037 2000 0000 0000 0000#1626597772815142#-44.5#4.264466590322082#9
0000 0039 2000 0000 0000 0000#1626597772816196#-44.0#5.178719139901925#9
0000 0038 2000 0000 0000 0000#1626597772817776#-44.0#4.718524903536232#9
0000 002E 2000 0000 0000 0000#1626597772819573#-58.0#1.9389517158874505#9
0000 0030 2000 0000 0000 0000#1626597772822346#-58.5#4.331961744989051#9
0000 002F 2000 0000 0000 0000#1626597772823898#-56.5#3.54042765844006#9
0000 003B 2000 0000 0000 0000#1626597772824938#-44.5#2.1659808724945253#9
0000 0033 2000 0000 0000 0000#1626597772826483#-56.5#1.7794177139473437#9
0000 0035 2000 0000 0000 0000#1626597772828187#-49.5#3.442252888015379#9
FFFF FFFF FFFF FFFF FFFF FFFF#1626597772830106#-67.5#6.068427996875596#9
0C21 0537 8123 1003 2202 062F#1626597772831475#-66.0#1.3192234775816514#9
0000 0032 2000 0000 0000 0000#1626597772832777#-58.0#6.277049384028044#9
0000 002D 2000 0000 0000 0000#1626597772834098#-59.5#0.4908738521234052#9
0000 0031 2000 0000 0000 0000#1626597772835206#-55.5#5.301437602932776#9
FFFF FFFF FFFF FFFF FFFF FFFF#1626597772844113#-68.0#6.166602767300278#9
0000 002F 2000 0000 0000 0000#1626597772845629#-57.0#3.4606606574700063#9
0000 0035 2000 0000 0000 0000#1626597772846721#-50.0#3.3870295796514958#9
0000 0039 2000 0000 0000 0000#1626597772847799#-43.5#5.019185137961818#9
0000 0038 2000 0000 0000 0000#1626597772850385#-44.0#4.626486056263094#9
0000 002D 2000 0000 0000 0000#1626597772851482#-59.5#0.30066023442558565#9
0000 003B 2000 0000 0000 0000#1626597772854303#-45.5#2.030990563160589#9
0000 003A 2000 0000 0000 0000#1626597772855380#-42.0#5.816855147662351#9
0000 0032 2000 0000 0000 0000#1626597772856885#-57.0#5.988660995905543#9
0000 0037 2000 0000 0000 0000#1626597772857977#-46.0#4.184699589352029#9
0C21 0537 8123 1003 2202 062F#1626597772859548#-66.0#1.184233168247715#9
0000 0034 2000 0000 0000 0000#1626597772860578#-53.0#2.6875343403756435#9
0000 0036 2000 0000 0000 0000#1626597772862268#-49.0#3.6201946594101133#9
0000 002E 2000 0000 0000 0000#1626597772863559#-59.5#1.4358060174609601#9
0000 0030 2000 0000 0000 0000#1626597772866839#-59.0#4.104932588381976#9
0000 0031 2000 0000 0000 0000#1626597772867932#-55.0#5.135767677841127#9
0000 0033 2000 0000 0000 0000#1626597772869020#-57.5#1.325359400733194#9
0000 002F 2000 0000 0000 0000#1626597773132658#-62.5#0.1349903093339364#9
0000 0039 2000 0000 0000 0000#1626597773141663#-46.5#3.80427235395639#9
0000 0033 2000 0000 0000 0000#1626597773142937#-55.0#4.620350133111551#9
0000 002D 2000 0000 0000 0000#1626597773144673#-56.0#4.184699589352029#9
0000 003A 2000 0000 0000 0000#1626597773145710#-40.5#3.9944859716542096#9
0000 0038 2000 0000 0000 0000#1626597773146971#-50.5#3.509748042682347#9
0000 002E 2000 0000 0000 0000#1626597773148740#-57.5#4.534447208989955#9
0C21 0537 8123 1003 2202 062F#1626597773150308#-67.5#0.02454369260617026#9
0000 0037 2000 0000 0000 0000#1626597773151385#-54.0#2.7857091108003242#9
0000 003B 2000 0000 0000 0000#1626597773152509#-48.0#5.8659425328746915#9
0000 0031 2000 0000 0000 0000#1626597773153601#-56.5#3.0127382674073995#9
0000 0035 2000 0000 0000 0000#1626597773155614#-56.0#0.8160777791551611#9
0000 0034 2000 0000 0000 0000#1626597773156706#-55.0#5.712544454086128#9
0000 0036 2000 0000 0000 0000#1626597773157797#-56.0#1.564660403643354#9
0000 0032 2000 0000 0000 0000#1626597773159573#-56.0#3.5956509668039427#9
0000 0030 2000 0000 0000 0000#1626597773161740#-67.0#1.5462526341887264#9
FFFF FFFF FFFF FFFF FFFF FFFF#1626597773164841#-68.5#5.436427912266712#9
0000 002E 2000 0000 0000 0000#1626597773168883#-56.5#4.3933209765044765#9
0000 0031 2000 0000 0000 0000#1626597773170461#-56.5#2.859340188618835#9
FFFF FFFF FFFF FFFF FFFF FFFF#1626597773171854#-68.5#5.473243451175968#9
0000 0038 2000 0000 0000 0000#1626597773173899#-50.5#3.411573272257666#9
0000 0033 2000 0000 0000 0000#1626597773175987#-55.5#4.491495746929157#9
0000 003A 2000 0000 0000 0000#1626597773177049#-41.0#3.9085830475326135#9
0000 003B 2000 0000 0000 0000#1626597773178147#-47.5#5.66959299202533#9
0C21 0537 8123 1003 2202 062F#1626597773179292#-67.5#0.0#9
0000 0037 2000 0000 0000 0000#1626597773180308#-54.5#2.6568547246179306#9
0000 002D 2000 0000 0000 0000#1626597773181892#-55.5#4.080388895775806#9
0000 0039 2000 0000 0000 0000#1626597773183641#-46.5#3.706097583531709#9
0000 0034 2000 0000 0000 0000#1626597773184732#-55.0#5.5100589900852235#9
0000 0036 2000 0000 0000 0000#1626597773186659#-57.0#1.3499030933393643#9
0000 0032 2000 0000 0000 0000#1626597773187932#-56.5#3.485204350076177#9
0000 002F 2000 0000 0000 0000#1626597773189010#-60.5#5.8045833013592665#9
0000 0035 2000 0000 0000 0000#1626597773190311#-56.0#0.5767767762450011#9
0000 0030 2000 0000 0000 0000#1626597773193136#-67.5#0.8344855486097889#9
0000 0033 2000 0000 0000 0000#1626597773456095#-55.5#3.0127382674073995#9
0000 0032 2000 0000 0000 0000#1626597773457169#-56.5#1.7671458676442586#9
0000 0034 2000 0000 0000 0000#1626597773459000#-54.0#4.104932588381976#9
0000 0035 2000 0000 0000 0000#1626597773460815#-54.0#5.197126909356553#9
0000 003A 2000 0000 0000 0000#1626597773461863#-45.0#3.9699422790480394#9
0000 003B 2000 0000 0000 0000#1626597773464141#-47.5#5.6573211457222445#9
FFFF FFFF FFFF FFFF FFFF FFFF#1626597773465207#-67.5#0.6320000846088841#9
0000 0039 2000 0000 0000 0000#1626597773466542#-52.5#3.2459033471660166#9
0000 0031 2000 0000 0000 0000#1626597773467893#-55.5#0.8528933180644165#9
0000 0036 2000 0000 0000 0000#1626597773469682#-55.5#5.767767762450011#9
0000 0037 2000 0000 0000 0000#1626597773471455#-56.5#0.9019807032767571#9
0000 002E 2000 0000 0000 0000#1626597773473153#-60.5#4.313553975534423#9
0000 002F 2000 0000 0000 0000#1626597773474728#-56.5#5.246214294568893#9
0000 0030 2000 0000 0000 0000#1626597773477367#-59.5#5.798447378207723#9
0000 0038 2000 0000 0000 0000#1626597773478859#-56.0#2.2886993355253766#9
0C21 0537 8123 1003 2202 062F#1626597773480187#-68.0#1.521708941582556#9
0000 002D 2000 0000 0000 0000#1626597773481567#-62.5#3.6876898140770815#9
0000 0032 2000 0000 0000 0000#1626597773486502#-56.0#1.5033011721279284#9
FFFF FFFF FFFF FFFF FFFF FFFF#1626597773487652#-68.0#0.6504078540635119#9
0000 002F 2000 0000 0000 0000#1626597773489190#-57.0#5.135767677841127#9
0000 003A 2000 0000 0000 0000#1626597773490723#-45.0#3.767456815047135#9
0000 0036 2000 0000 0000 0000#1626597773491787#-56.0#5.632777453116074#9
0000 0033 2000 0000 0000 0000#1626597773492847#-56.5#2.718213956133356#9
0000 0038 2000 0000 0000 0000#1626597773493940#-55.5#2.1475731030398975#9
0000 0035 2000 0000 0000 0000#1626597773494989#-53.5#4.945554060143307#9
0000 003B 2000 0000 0000 0000#1626597773496540#-48.0#5.491651220630596#9
0000 0037 2000 0000 0000 0000#1626597773498161#-57.0#0.7117670855789375#9
0000 002E 2000 0000 0000 0000#1626597773499486#-61.0#4.061981126321178#9
0000 0034 2000 0000 0000 0000#1626597773500833#-54.0#3.810408277107933#9
0000 0039 2000 0000 0000 0000#1626597773502353#-52.0#2.9943304979527716#9
0000 0031 2000 0000 0000 0000#1626597773503562#-55.5#0.5522330836388308#9
0000 002D 2000 0000 0000 0000#1626597773504617#-62.0#3.5588354278946874#9
0000 0030 2000 0000 0000 0000#1626597773506590#-60.5#5.651185222570702#9
0C21 0537 8123 1003 2202 062F#1626597773507759#-68.0#1.4358060174609601#9
0000 0033 2000 0000 0000 0000#1626597773770579#-62.5#0.3988350048502667#9
0000 0031 2000 0000 0000 0000#1626597773772087#-59.5#4.473087977474529#9
0000 003B 2000 0000 0000 0000#1626597773774253#-53.5#4.135612204139688#9
0C21 0537 8123 1003 2202 062F#1626597773775371#-68.0#0.36815538909255385#9
0000 002E 2000 0000 0000 0000#1626597773776721#-63.5#3.6140587362585705#9
0000 0036 2000 0000 0000 0000#1626597773777755#-58.5#3.1968159619536762#9
0000 0035 2000 0000 0000 0000#1626597773779905#-56.5#2.5709518004963345#9
0000 0038 2000 0000 0000 0000#1626597773781000#-59.5#5.743224069843841#9
0000 003A 2000 0000 0000 0000#1626597773782076#-53.0#2.110757564130642#9
0000 0037 2000 0000 0000 0000#1626597773783863#-59.5#4.466952054322987#9
FFFF FFFF FFFF FFFF FFFF FFFF#1626597773785622#-68.5#5.988660995905543#9
0000 0039 2000 0000 0000 0000#1626597773786673#-60.5#0.8160777791551611#9
0000 002F 2000 0000 0000 0000#1626597773787723#-62.5#3.663146121470911#9
0000 0034 2000 0000 0000 0000#1626597773789040#-57.5#1.4726215563702154#9
0000 0032 2000 0000 0000 0000#1626597773790117#-62.0#4.957825906446392#9
0000 0037 2000 0000 0000 0000#1626597773796596#-59.5#4.417864669110647#9
0000 0035 2000 0000 0000 0000#1626597773798002#-56.5#2.5586799541932495#9
0000 0033 2000 0000 0000 0000#1626597773799276#-64.0#0.22089323345553233#9
0000 0039 2000 0000 0000 0000#1626597773800570#-60.0#0.859029241215959#9
0000 0038 2000 0000 0000 0000#1626597773801847#-60.5#5.712544454086128#9
0000 002F 2000 0000 0000 0000#1626597773803170#-63.0#3.7122335066832517#9
0000 003B 2000 0000 0000 0000#1626597773804947#-54.0#4.129476280988146#9
0000 0036 2000 0000 0000 0000#1626597773806662#-59.0#3.172272269347506#9
0000 0031 2000 0000 0000 0000#1626597773808884#-60.0#4.417864669110647#9
FFFF FFFF FFFF FFFF FFFF FFFF#1626597773809934#-67.5#6.007068765360171#9
0000 003A 2000 0000 0000 0000#1626597773810996#-53.5#2.055534255766759#9
0C21 0537 8123 1003 2202 062F#1626597773812224#-67.0#0.34974761963792617#9
0000 002E 2000 0000 0000 0000#1626597773813310#-64.5#3.485204350076177#9
0000 0034 2000 0000 0000 0000#1626597773815970#-58.0#1.4480778637640452#9
0000 0032 2000 0000 0000 0000#1626597773817501#-62.0#5.031456984264903#9
0000 0036 2000 0000 0000 0000#1626597774081431#-58.5#3.313398501832985#9
0000 0035 2000 0000 0000 0000#1626597774082735#-56.5#2.7120780329818137#9
0000 002E 2000 0000 0000 0000#1626597774084230#-63.0#3.773592738198677#9
0000 002F 2000 0000 0000 0000#1626597774085353#-62.5#3.7429131224409646#9
0000 0031 2000 0000 0000 0000#1626597774086435#-60.5#4.73693267299086#9
0000 0039 2000 0000 0000 0000#1626597774087774#-60.0#1.1290098598838318#9
0000 0034 2000 0000 0000 0000#1626597774088866#-57.0#1.8100973297050567#9
0000 0037 2000 0000 0000 0000#1626597774091137#-60.5#4.583534594202296#9
0C21 0537 8123 1003 2202 062F#1626597774092495#-67.5#0.7547185476397354#9
FFFF FFFF FFFF FFFF FFFF FFFF#1626597774093972#-68.0#0.04908738521234052#9
0000 003A 2000 0000 0000 0000#1626597774095017#-53.5#2.350058567040802#9
0000 003B 2000 0000 0000 0000#1626597774097550#-53.5#4.405592822807561#9
0000 0033 2000 0000 0000 0000#1626597774098683#-65.0#0.8406214717613314#9
0000 0038 2000 0000 0000 0000#1626597774101734#-61.5#6.013204688511713#9
0000 0035 2000 0000 0000 0000#1626597774107401#-56.0#2.6998061866787286#9
0000 0036 2000 0000 0000 0000#1626597774108463#-58.0#3.313398501832985#9
0000 0031 2000 0000 0000 0000#1626597774110245#-60.5#4.626486056263094#9
0C21 0537 8123 1003 2202 062F#1626597774111585#-68.0#0.6013204688511713#9
FFFF FFFF FFFF FFFF FFFF FFFF#1626597774112663#-67.5#0.06135923151542565#9
0000 002E 2000 0000 0000 0000#1626597774114670#-63.0#3.706097583531709#9
0000 002F 2000 0000 0000 0000#1626597774115749#-62.5#3.6815538909255388#9
0000 0033 2000 0000 0000 0000#1626597774116862#-62.5#0.7547185476397354#9
0000 0034 2000 0000 0000 0000#1626597774118178#-56.5#1.736466251886546#9
0000 003A 2000 0000 0000 0000#1626597774119268#-53.5#2.337786720737717#9
0000 0038 2000 0000 0000 0000#1626597774120848#-61.0#6.043884304269426#9
0000 003B 2000 0000 0000 0000#1626597774122568#-53.5#4.344233591292136#9
0000 0037 2000 0000 0000 0000#1626597774123589#-61.0#4.626486056263094#9
0000 0039 2000 0000 0000 0000#1626597774127377#-59.5#1.1535535524900022#9
0000 0034 2000 0000 0000 0000#1626597774392171#-55.5#1.2210487071569704#9
0000 0037 2000 0000 0000 0000#1626597774393730#-62.5#4.356505437595221#9
0000 003A 2000 0000 0000 0000#1626597774395333#-53.0#1.8775924843720249#9
0000 0033 2000 0000 0000 0000#1626597774396381#-61.5#0.5890486225480862#9
0000 0035 2000 0000 0000 0000#1626597774398974#-57.0#2.0371264863121317#9
0000 003B 2000 0000 0000 0000#1626597774400723#-55.0#4.000621894805752#9
0000 0036 2000 0000 0000 0000#1626597774402742#-59.5#2.5709518004963345#9
0000 0038 2000 0000 0000 0000#1626597774404533#-62.5#5.921165841238575#9
FFFF FFFF FFFF FFFF FFFF FFFF#1626597774406082#-67.0#5.663457068873787#9
0000 002E 2000 0000 0000 0000#1626597774407481#-61.0#2.5832236467994196#9
0000 0039 2000 0000 0000 0000#1626597774408533#-60.0#0.9326603190344698#9
0C21 0537 8123 1003 2202 062F#1626597774410086#-66.5#0.11044661672776616#9
0000 002D 2000 0000 0000 0000#1626597774411182#-64.5#3.1354567304382504#9
0000 0039 2000 0000 0000 0000#1626597774420918#-60.0#0.9142525495798421#9
0000 002E 2000 0000 0000 0000#1626597774422230#-60.5#2.564815877344792#9
0000 003B 2000 0000 0000 0000#1626597774423281#-55.0#3.9699422790480394#9
0000 0033 2000 0000 0000 0000#1626597774425325#-61.5#0.7424467013366504#9
0000 0037 2000 0000 0000 0000#1626597774427342#-62.5#4.147884050442774#9
0000 003A 2000 0000 0000 0000#1626597774428634#-53.0#1.8653206380689396#9
0000 0035 2000 0000 0000 0000#1626597774429982#-56.5#1.9941750242513334#9
0000 0034 2000 0000 0000 0000#1626597774431783#-56.0#1.2210487071569704#9
FFFF FFFF FFFF FFFF FFFF FFFF#1626597774432834#-68.0#5.688000761479957#9
0000 0036 2000 0000 0000 0000#1626597774434123#-59.5#2.552544031041707#9
0000 002D 2000 0000 0000 0000#1626597774437272#-65.0#3.313398501832985#9
0000 0038 2000 0000 0000 0000#1626597774440250#-62.5#5.970253226450915#9
0C21 0537 8123 1003 2202 062F#1626597774441804#-66.5#6.2463697682703305#9
0000 0036 2000 0000 0000 0000#1626597774705889#-56.0#4.09266074207889#9
FFFF FFFF FFFF FFFF FFFF FFFF#1626597774707853#-68.0#0.705631162427395#9
0000 0035 2000 0000 0000 0000#1626597774708870#-54.0#3.6815538909255388#9
0000 003B 2000 0000 0000 0000#1626597774709921#-55.5#4.466952054322987#9
0000 0032 2000 0000 0000 0000#1626597774711294#-60.0#1.030835089459151#9
0000 0038 2000 0000 0000 0000#1626597774712585#-59.0#0.7792622402459057#9
0000 003A 2000 0000 0000 0000#1626597774713633#-51.5#2.454369260617026#9
0000 0037 2000 0000 0000 0000#1626597774714989#-58.0#5.424156065963627#9
0000 0039 2000 0000 0000 0000#1626597774716042#-55.5#1.8223691760081417#9
0000 0034 2000 0000 0000 0000#1626597774717132#-52.5#2.8716120349219203#9
0000 0033 2000 0000 0000 0000#1626597774718637#-57.0#2.435961491162398#9
0000 002D 2000 0000 0000 0000#1626597774719801#-65.5#4.970097752749477#9
0C21 0537 8123 1003 2202 062F#1626597774721987#-66.5#1.8653206380689396#9
0000 0035 2000 0000 0000 0000#1626597774727530#-54.5#3.9085830475326135#9
0000 0039 2000 0000 0000 0000#1626597774728798#-56.0#1.8653206380689396#9
0000 0033 2000 0000 0000 0000#1626597774730341#-58.0#2.6016314162540475#9
0000 0038 2000 0000 0000 0000#1626597774731619#-59.0#0.8958447801252144#9
0000 0034 2000 0000 0000 0000#1626597774733865#-53.0#3.074097498922825#9
0000 0032 2000 0000 0000 0000#1626597774734926#-63.0#1.1474176293384597#9
0000 0036 2000 0000 0000 0000#1626597774736942#-55.5#4.442408361716817#9
FFFF FFFF FFFF FFFF FFFF FFFF#1626597774738293#-67.0#0.6258641614573416#9
0000 003A 2000 0000 0000 0000#1626597774740856#-52.0#2.6139032625571326#9
0000 0037 2000 0000 0000 0000#1626597774742834#-57.5#5.608233760509904#9
0000 002D 2000 0000 0000 0000#1626597774743889#-66.0#4.822835597112456#9
0000 003B 2000 0000 0000 0000#1626597774744910#-56.5#4.595806440505381#9
0C21 0537 8123 1003 2202 062F#1626597774746993#-67.5#1.5278448647340985#9
0000 0036 2000 0000 0000 0000#1626597775014090#-59.0#4.638757902566179#9
0000 0039 2000 0000 0000 0000#1626597775016024#-53.0#2.791845033951867#9
0000 002D 2000 0000 0000 0000#1626597775017133#-55.5#1.5033011721279284#9
0000 0030 2000 0000 0000 0000#1626597775018220#-59.5#3.08636934522591#9
0000 0032 2000 0000 0000 0000#1626597775019310#-51.5#5.780039608753096#9
0000 0038 2000 0000 0000 0000#1626597775020376#-56.5#2.018718716857504#9
0000 002E 2000 0000 0000 0000#1626597775021418#-62.0#0.7117670855789375#9
0000 003A 2000 0000 0000 0000#1626597775023618#-47.0#3.3870295796514958#9
0000 003B 2000 0000 0000 0000#1626597775025460#-49.0#4.945554060143307#9
0000 0031 2000 0000 0000 0000#1626597775026542#-49.0#4.632621979414636#9
0000 0037 2000 0000 0000 0000#1626597775028452#-60.0#0.5890486225480862#9
0C21 0537 8123 1003 2202 062F#1626597775029896#-69.0#0.9633399347921826#9
0000 0033 2000 0000 0000 0000#1626597775030926#-53.5#1.1780972450961724#9
0000 0035 2000 0000 0000 0000#1626597775032897#-57.0#4.0558452031696355#9
FFFF FFFF FFFF FFFF FFFF FFFF#1626597775034061#-67.5#5.589825991055276#9
0000 0034 2000 0000 0000 0000#1626597775035675#-53.5#2.4605051837685683#9
0000 0033 2000 0000 0000 0000#1626597775042156#-53.0#1.1780972450961724#9
0000 0038 2000 0000 0000 0000#1626597775043220#-56.5#2.2764274892222915#9
0000 003A 2000 0000 0000 0000#1626597775044979#-47.5#3.6140587362585705#9
0000 0037 2000 0000 0000 0000#1626597775046285#-60.0#0.8099418560036186#9
FFFF FFFF FFFF FFFF FFFF FFFF#1626597775048118#-67.5#5.448699758569798#9
0000 002E 2000 0000 0000 0000#1626597775049129#-63.0#0.8344855486097889#9
