0000 0037 2000 0000 0000 0000#1626598008418698#-46.5#3.5956509668039427#9
0000 0030 2000 0000 0000 0000#1626598008419743#-50.5#1.5401167110371838#9
0000 0034 2000 0000 0000 0000#1626598008420832#-49.0#5.00077736850719#9
0000 0039 2000 0000 0000 0000#1626598008422384#-45.5#2.9636508821950587#9
0000 003B 2000 0000 0000 0000#1626598008423635#-65.0#3.436116964863836#9
0000 002F 2000 0000 0000 0000#1626598008424937#-51.0#1.761009944492716#9
0000 0035 2000 0000 0000 0000#1626598008426740#-47.0#4.221515128261284#9
0000 0036 2000 0000 0000 0000#1626598008428287#-47.0#4.0128937411088375#9
0000 003A 2000 0000 0000 0000#1626598008429577#-45.5#2.3009711818284617#9
0000 002D 2000 0000 0000 0000#1626598008430817#-53.5#2.386874105950058#9
0000 002E 2000 0000 0000 0000#1626598008432140#-50.0#2.2212041808584084#9
0000 0031 2000 0000 0000 0000#1626598008433232#-51.0#0.6749515466696822#9
0000 0038 2000 0000 0000 0000#1626598008434298#-45.5#3.3747577333484107#9
0000 0033 2000 0000 0000 0000#1626598008440007#-50.0#5.872078456026235#9
0000 0032 2000 0000 0000 0000#1626598008441180#-51.0#0.32520392703175593#9
FFFF FFFF FFFF FFFF FFFF FFFF#1626598008442231#-68.5#5.283029833478148#9
0000 0037 2000 0000 0000 0000#1626598008447480#-46.5#3.5833791205008576#9
0000 0031 2000 0000 0000 0000#1626598008448814#-51.0#0.6749515466696822#9
0000 003B 2000 0000 0000 0000#1626598008449823#-64.0#3.448388811166921#9
0000 002D 2000 0000 0000 0000#1626598008450874#-53.0#2.423689644859313#9
0000 0033 2000 0000 0000 0000#1626598008452448#-50.0#5.859806609723149#9
FFFF FFFF FFFF FFFF FFFF FFFF#1626598008453500#-68.0#5.344389064993574#9
0000 0034 2000 0000 0000 0000#1626598008454810#-49.5#5.006913291658733#9
0000 002E 2000 0000 0000 0000#1626598008456862#-50.0#2.2212041808584084#9
0000 0039 2000 0000 0000 0000#1626598008458870#-45.5#2.9636508821950587#9
0000 0030 2000 0000 0000 0000#1626598008460162#-50.5#1.5462526341887264#9
0000 0036 2000 0000 0000 0000#1626598008461996#-47.0#4.01902966426038#9
0000 0035 2000 0000 0000 0000#1626598008463088#-47.0#4.2031073588066565#9
0000 003A 2000 0000 0000 0000#1626598008464393#-45.5#2.3316507975861747#9
0000 002F 2000 0000 0000 0000#1626598008465541#-51.0#1.761009944492716#9
0000 0038 2000 0000 0000 0000#1626598008467932#-45.5#3.3870295796514958#9
0000 0032 2000 0000 0000 0000#1626598008470476#-51.0#0.32520392703175593#9
0000 0035 2000 0000 0000 0000#1626598008733301#-46.0#4.957825906446392#9
0000 0036 2000 0000 0000 0000#1626598008734594#-46.5#4.767612288748572#9
0000 002D 2000 0000 0000 0000#1626598008735704#-53.0#3.2949907323783574#9
0000 0032 2000 0000 0000 0000#1626598008736765#-50.5#1.1167380135807468#9
0000 0031 2000 0000 0000 0000#1626598008737814#-51.0#1.4726215563702154#9
0000 0038 2000 0000 0000 0000#1626598008739308#-44.5#4.2092432819582#9
0000 0039 2000 0000 0000 0000#1626598008740349#-45.0#3.785864584501762#9
0000 0034 2000 0000 0000 0000#1626598008742821#-49.0#5.71868037723767#9
0000 002E 2000 0000 0000 0000#1626598008744389#-50.5#3.06182565261974#9
0000 0037 2000 0000 0000 0000#1626598008746220#-45.5#4.368777283898306#9
0000 002F 2000 0000 0000 0000#1626598008747784#-51.0#2.5709518004963345#9
0000 003A 2000 0000 0000 0000#1626598008749116#-45.0#3.129320807286708#9
0000 0030 2000 0000 0000 0000#1626598008759292#-50.5#2.1537090261914402#9
0000 0033 2000 0000 0000 0000#1626598008761137#-50.5#0.17794177139473438#9
0000 003B 2000 0000 0000 0000#1626598008762659#-64.0#4.135612204139688#9
FFFF FFFF FFFF FFFF FFFF FFFF#1626598008764008#-67.5#0.018407769454627694#9
0000 0036 2000 0000 0000 0000#1626598008773756#-46.5#4.583534594202296#9
0000 0030 2000 0000 0000 0000#1626598008774754#-50.5#2.172116795646068#9
0000 0033 2000 0000 0000 0000#1626598008775800#-50.5#0.20248546400090464#9
0000 0039 2000 0000 0000 0000#1626598008776897#-44.5#3.5772431973493153#9
FFFF FFFF FFFF FFFF FFFF FFFF#1626598008777931#-67.5#6.111379458936394#9
0000 003B 2000 0000 0000 0000#1626598008779000#-64.0#3.9944859716542096#9
0000 003A 2000 0000 0000 0000#1626598008780622#-45.0#2.9084275738311756#9
0000 0035 2000 0000 0000 0000#1626598008782193#-46.5#4.767612288748572#9
0000 002F 2000 0000 0000 0000#1626598008783754#-51.5#2.3746022596469727#9
0000 002E 2000 0000 0000 0000#1626598008784953#-50.0#2.816388726558037#9
0000 0032 2000 0000 0000 0000#1626598008786028#-51.0#0.9510680884890975#9
0000 0037 2000 0000 0000 0000#1626598008787626#-46.0#4.1601558967458585#9
0000 0031 2000 0000 0000 0000#1626598008789531#-50.5#1.2885438618239387#9
0000 0038 2000 0000 0000 0000#1626598008790866#-45.0#3.988350048502667#9
0000 0034 2000 0000 0000 0000#1626598008791901#-49.5#5.565282298449106#9
0000 002D 2000 0000 0000 0000#1626598008793124#-53.0#3.031146036862027#9
0000 0032 2000 0000 0000 0000#1626598009055908#-51.0#0.5706408530934585#9
0000 0038 2000 0000 0000 0000#1626598009057188#-45.0#3.5895150436524004#9
0000 0037 2000 0000 0000 0000#1626598009059297#-46.5#3.77972866135022#9
0000 0034 2000 0000 0000 0000#1626598009061414#-49.0#5.197126909356553#9
0000 0036 2000 0000 0000 0000#1626598009062718#-47.0#4.215379205109742#9
0000 002E 2000 0000 0000 0000#1626598009063986#-50.5#2.442097414313941#9
0000 002D 2000 0000 0000 0000#1626598009065053#-53.0#2.6139032625571326#9
0000 003A 2000 0000 0000 0000#1626598009066088#-45.0#2.521864415283994#9
0000 002F 2000 0000 0000 0000#1626598009067152#-50.5#1.9880391010997909#9
0000 0035 2000 0000 0000 0000#1626598009068229#-47.0#4.368777283898306#9
0000 0039 2000 0000 0000 0000#1626598009069308#-45.5#3.184544115650591#9
0000 0031 2000 0000 0000 0000#1626598009070858#-51.0#0.8958447801252144#9
0000 0033 2000 0000 0000 0000#1626598009071919#-50.5#6.062292073724054#9
0000 003B 2000 0000 0000 0000#1626598009073812#-64.0#3.693825737228624#9
FFFF FFFF FFFF FFFF FFFF FFFF#1626598009075132#-68.0#5.295301679781233#9
0000 0030 2000 0000 0000 0000#1626598009076443#-50.5#1.7794177139473437#9
FFFF FFFF FFFF FFFF FFFF FFFF#1626598009082922#-68.0#5.8045833013592665#9
0000 0034 2000 0000 0000 0000#1626598009084265#-49.5#5.184855063053467#9
0000 003B 2000 0000 0000 0000#1626598009085547#-64.0#3.730641276137879#9
0000 0030 2000 0000 0000 0000#1626598009086631#-50.5#1.7978254834019713#9
0000 0031 2000 0000 0000 0000#1626598009088378#-51.0#0.9019807032767571#9
0000 0038 2000 0000 0000 0000#1626598009090164#-45.0#3.5711072741977725#9
0000 0036 2000 0000 0000 0000#1626598009091696#-46.5#4.2092432819582#9
0000 002F 2000 0000 0000 0000#1626598009092760#-50.5#1.9696313316451632#9
0000 003A 2000 0000 0000 0000#1626598009093806#-45.0#2.497320722677824#9
0000 0032 2000 0000 0000 0000#1626598009094880#-51.0#0.5829126993965437#9
0000 002D 2000 0000 0000 0000#1626598009096160#-52.5#2.6139032625571326#9
0000 0035 2000 0000 0000 0000#1626598009097464#-46.5#4.381049130201391#9
0000 002E 2000 0000 0000 0000#1626598009098561#-50.5#2.4175537217077703#9
0000 0039 2000 0000 0000 0000#1626598009100824#-45.5#3.1784081924990484#9
0000 0033 2000 0000 0000 0000#1626598009103652#-50.0#6.056156150572511#9
0000 0037 2000 0000 0000 0000#1626598009105584#-46.5#3.761320891895592#9
0000 0037 2000 0000 0000 0000#1626598009369915#-47.0#3.393165502803038#9
0000 003A 2000 0000 0000 0000#1626598009371235#-45.0#2.098485717827557#9
0000 0038 2000 0000 0000 0000#1626598009372281#-46.5#3.1968159619536762#9
0000 002E 2000 0000 0000 0000#1626598009374891#-50.0#2.030990563160589#9
0000 0033 2000 0000 0000 0000#1626598009375953#-50.5#5.706408530934585#9
0000 0039 2000 0000 0000 0000#1626598009377006#-45.5#2.767301341345697#9
FFFF FFFF FFFF FFFF FFFF FFFF#1626598009378054#-67.5#5.0682725231741586#9
0000 0032 2000 0000 0000 0000#1626598009379112#-51.5#0.15339807878856412#9
0000 0036 2000 0000 0000 0000#1626598009380391#-47.5#3.859495662320273#9
0000 0034 2000 0000 0000 0000#1626598009381452#-50.0#4.853515212870168#9
0000 002D 2000 0000 0000 0000#1626598009383620#-53.0#2.2089323345553233#9
0000 0035 2000 0000 0000 0000#1626598009385143#-47.5#4.04357335686655#9
0000 003B 2000 0000 0000 0000#1626598009386238#-64.0#3.3379421944391554#9
0000 0030 2000 0000 0000 0000#1626598009387638#-50.5#1.3867186322486196#9
0000 002F 2000 0000 0000 0000#1626598009389544#-51.5#1.564660403643354#9
0000 0031 2000 0000 0000 0000#1626598009391090#-51.0#0.4970097752749477#9
0000 0038 2000 0000 0000 0000#1626598009395218#-46.5#3.2090878082567613#9
0000 0031 2000 0000 0000 0000#1626598009397096#-51.0#0.5092816215780329#9
0000 0035 2000 0000 0000 0000#1626598009398130#-47.5#4.037437433715008#9
0000 002D 2000 0000 0000 0000#1626598009399682#-53.0#2.1966604882522383#9
0000 0039 2000 0000 0000 0000#1626598009401810#-45.5#2.748893571891069#9
0000 0034 2000 0000 0000 0000#1626598009403070#-50.0#4.865787059173254#9
0000 0030 2000 0000 0000 0000#1626598009404382#-50.5#1.4051264017032472#9
0000 003A 2000 0000 0000 0000#1626598009406904#-45.5#2.098485717827557#9
0000 0033 2000 0000 0000 0000#1626598009408263#-50.5#5.700272607783043#9
0000 002F 2000 0000 0000 0000#1626598009409626#-51.5#1.5830681730979816#9
FFFF FFFF FFFF FFFF FFFF FFFF#1626598009410918#-67.0#5.160311370447297#9
0000 002E 2000 0000 0000 0000#1626598009413051#-50.0#2.030990563160589#9
0000 003B 2000 0000 0000 0000#1626598009414781#-64.0#3.2336315008629315#9
0000 0037 2000 0000 0000 0000#1626598009416682#-47.0#3.399301425954581#9
0000 0036 2000 0000 0000 0000#1626598009417806#-47.5#3.847223816017188#9
0000 0032 2000 0000 0000 0000#1626598009419480#-51.0#0.18407769454627693#9
0000 003B 2000 0000 0000 0000#1626598009682121#-63.0#3.7122335066832517#9
0000 0037 2000 0000 0000 0000#1626598009683410#-47.0#3.736777199289422#9
0000 0036 2000 0000 0000 0000#1626598009684444#-47.5#4.252194744018997#9
0000 002F 2000 0000 0000 0000#1626598009686705#-50.0#1.9819031779482483#9
0000 003A 2000 0000 0000 0000#1626598009687767#-43.0#2.350058567040802#9
0000 0032 2000 0000 0000 0000#1626598009689026#-50.5#0.7547185476397354#9
0000 0030 2000 0000 0000 0000#1626598009690784#-49.5#1.8100973297050567#9
0000 0035 2000 0000 0000 0000#1626598009692071#-47.5#4.4976316700806995#9
0000 0038 2000 0000 0000 0000#1626598009693139#-45.5#3.4913402732277192#9
FFFF FFFF FFFF FFFF FFFF FFFF#1626598009694247#-67.0#5.178719139901925#9
0000 0031 2000 0000 0000 0000#1626598009695578#-50.0#1.0492428589137786#9
0000 0039 2000 0000 0000 0000#1626598009697827#-44.5#3.0250101137104846#9
0000 002E 2000 0000 0000 0000#1626598009701095#-49.5#2.448233337465483#9
0000 0034 2000 0000 0000 0000#1626598009702213#-50.5#5.460971604872882#9
0000 0033 2000 0000 0000 0000#1626598009703531#-50.0#0.1043106935762236#9
0000 002D 2000 0000 0000 0000#1626598009706052#-51.5#2.6384469551633027#9
0000 0038 2000 0000 0000 0000#1626598009711089#-45.0#3.4913402732277192#9
FFFF FFFF FFFF FFFF FFFF FFFF#1626598009712369#-67.5#5.387340527054372#9
0000 003A 2000 0000 0000 0000#1626598009713919#-42.0#2.3316507975861747#9
0000 002D 2000 0000 0000 0000#1626598009715003#-52.0#2.6875343403756435#9
0000 0036 2000 0000 0000 0000#1626598009716279#-47.5#4.338097668140593#9
0000 0034 2000 0000 0000 0000#1626598009718992#-51.0#5.534602682691394#9
0000 0033 2000 0000 0000 0000#1626598009720568#-50.0#0.1595340019401067#9
0000 0037 2000 0000 0000 0000#1626598009721830#-47.0#3.822680123411018#9
0000 0039 2000 0000 0000 0000#1626598009722894#-44.0#3.031146036862027#9
0000 002E 2000 0000 0000 0000#1626598009724422#-49.0#2.4850488763747385#9
0000 0030 2000 0000 0000 0000#1626598009725478#-49.0#1.902136176978195#9
0000 0031 2000 0000 0000 0000#1626598009726542#-49.0#1.1474176293384597#9
0000 0032 2000 0000 0000 0000#1626598009728357#-49.5#0.8774370106705868#9
0000 002F 2000 0000 0000 0000#1626598009729790#-49.5#2.086213871524472#9
0000 003B 2000 0000 0000 0000#1626598009732238#-58.5#3.6263305825616556#9
0000 0035 2000 0000 0000 0000#1626598009733301#-48.0#4.6448938257177215#9
0000 0030 2000 0000 0000 0000#1626598010003386#-46.5#3.2029518851052186#9
0000 0034 2000 0000 0000 0000#1626598010004447#-48.0#1.3744467859455345#9
0000 0037 2000 0000 0000 0000#1626598010005967#-48.0#5.2339424482658075#9
FFFF FFFF FFFF FFFF FFFF FFFF#1626598010007246#-68.0#6.160466844148735#9
0000 0032 2000 0000 0000 0000#1626598010009229#-45.5#2.386874105950058#9
0000 002F 2000 0000 0000 0000#1626598010010282#-46.5#3.3624858870453256#9
0000 003A 2000 0000 0000 0000#1626598010011417#-35.0#2.9575149590435164#9
0000 0031 2000 0000 0000 0000#1626598010013194#-45.0#2.5893595699509624#9
0000 0038 2000 0000 0000 0000#1626598010014730#-45.5#4.6878452877785195#9
0000 0035 2000 0000 0000 0000#1626598010016596#-48.5#0.4172427743048944#9
0000 002E 2000 0000 0000 0000#1626598010017708#-47.0#3.792000507653305#9
0000 002D 2000 0000 0000 0000#1626598010019500#-49.5#4.0128937411088375#9
0000 0033 2000 0000 0000 0000#1626598010022272#-45.5#2.043262409463674#9
0000 003B 2000 0000 0000 0000#1626598010023339#-43.5#3.5036121195308043#9
0000 0039 2000 0000 0000 0000#1626598010024437#-41.5#3.9515345095934116#9
0000 0036 2000 0000 0000 0000#1626598010026610#-49.5#0.07976700097005335#9
0000 0037 2000 0000 0000 0000#1626598010031493#-48.0#5.344389064993574#9
FFFF FFFF FFFF FFFF FFFF FFFF#1626598010032858#-67.5#6.240233845118788#9
0000 0039 2000 0000 0000 0000#1626598010033867#-41.5#3.988350048502667#9
0000 0031 2000 0000 0000 0000#1626598010035913#-44.5#2.6384469551633027#9
0000 002F 2000 0000 0000 0000#1626598010037510#-46.5#3.442252888015379#9
0000 003A 2000 0000 0000 0000#1626598010040294#-35.0#3.018874190558942#9
0000 0038 2000 0000 0000 0000#1626598010041880#-45.5#4.792155981354743#9
0000 002D 2000 0000 0000 0000#1626598010043175#-49.5#4.0558452031696355#9
0000 002E 2000 0000 0000 0000#1626598010044271#-47.0#3.8840393549264434#9
0000 0034 2000 0000 0000 0000#1626598010045289#-48.0#1.5462526341887264#9
0000 0035 2000 0000 0000 0000#1626598010046595#-48.5#0.5583690067903734#9
0000 0033 2000 0000 0000 0000#1626598010048540#-45.5#2.12916533358527#9
0000 0032 2000 0000 0000 0000#1626598010049586#-44.5#2.5034566458293663#9
0000 003B 2000 0000 0000 0000#1626598010052981#-43.0#3.5281558121369745#9
0000 0036 2000 0000 0000 0000#1626598010054459#-49.0#0.2638446955163303#9
0000 0030 2000 0000 0000 0000#1626598010055501#-45.5#3.3072625786814425#9
0000 0037 2000 0000 0000 0000#1626598010319219#-48.0#0.36815538909255385#9
0000 0033 2000 0000 0000 0000#1626598010320605#-41.0#2.5157284921324514#9
0000 0038 2000 0000 0000 0000#1626598010322545#-47.0#5.859806609723149#9
0000 0036 2000 0000 0000 0000#1626598010324136#-46.0#1.2885438618239387#9
0000 0031 2000 0000 0000 0000#1626598010325715#-42.5#2.9820586516496865#9
0000 0032 2000 0000 0000 0000#1626598010327019#-42.0#2.7979809571034093#9
0000 003A 2000 0000 0000 0000#1626598010329108#-34.5#3.5036121195308043#9
0000 002E 2000 0000 0000 0000#1626598010330150#-45.0#4.031301510563465#9
0000 0034 2000 0000 0000 0000#1626598010331226#-43.0#2.086213871524472#9
0000 003B 2000 0000 0000 0000#1626598010333759#-40.5#3.7122335066832517#9
0000 0030 2000 0000 0000 0000#1626598010334829#-43.5#3.5588354278946874#9
0000 0039 2000 0000 0000 0000#1626598010335925#-42.5#4.81056375080937#9
0000 002F 2000 0000 0000 0000#1626598010337020#-44.5#3.706097583531709#9
0000 0035 2000 0000 0000 0000#1626598010338040#-45.0#1.5278448647340985#9
0000 002D 2000 0000 0000 0000#1626598010339077#-48.0#4.221515128261284#9
FFFF FFFF FFFF FFFF FFFF FFFF#1626598010344262#-67.5#5.313709449235861#9
0000 0038 2000 0000 0000 0000#1626598010348313#-47.0#5.988660995905543#9
0000 0031 2000 0000 0000 0000#1626598010350177#-42.5#3.0495538063166547#9
0000 003A 2000 0000 0000 0000#1626598010351411#-34.5#3.6079228131070282#9
0000 002E 2000 0000 0000 0000#1626598010352483#-44.5#4.074252972624263#9
0000 0032 2000 0000 0000 0000#1626598010353800#-41.5#2.8838838812250054#9
0000 0030 2000 0000 0000 0000#1626598010354870#-43.5#3.5956509668039427#9
0000 003B 2000 0000 0000 0000#1626598010356151#-40.5#3.810408277107933#9
0000 0034 2000 0000 0000 0000#1626598010358431#-43.0#2.1659808724945253#9
0000 0037 2000 0000 0000 0000#1626598010359494#-47.5#0.5829126993965437#9
0000 002F 2000 0000 0000 0000#1626598010360658#-44.5#3.761320891895592#9
0000 0039 2000 0000 0000 0000#1626598010361681#-42.5#4.963961829597935#9
0000 0036 2000 0000 0000 0000#1626598010362746#-45.5#1.423534171157875#9
0000 0035 2000 0000 0000 0000#1626598010364277#-44.0#1.6198837120072371#9
0000 0033 2000 0000 0000 0000#1626598010365695#-40.5#2.6445828783148455#9
FFFF FFFF FFFF FFFF FFFF FFFF#1626598010367074#-68.5#5.375068680751287#9
0000 002D 2000 0000 0000 0000#1626598010368097#-47.5#4.28287435977671#9
0000 0031 2000 0000 0000 0000#1626598010634851#-40.5#3.3011266555298997#9
0000 002D 2000 0000 0000 0000#1626598010635876#-47.0#4.28287435977671#9
0000 003B 2000 0000 0000 0000#1626598010637642#-39.5#4.503767593232243#9
0000 0030 2000 0000 0000 0000#1626598010638772#-42.5#3.773592738198677#9
0000 0034 2000 0000 0000 0000#1626598010640061#-40.5#2.448233337465483#9
0000 0037 2000 0000 0000 0000#1626598010641126#-43.5#1.1903690913992575#9
0000 0035 2000 0000 0000 0000#1626598010642723#-41.0#1.9696313316451632#9
0000 003A 2000 0000 0000 0000#1626598010643829#-34.0#4.577398671050753#9
0000 0039 2000 0000 0000 0000#1626598010645268#-41.0#5.915029918087033#9
0000 0033 2000 0000 0000 0000#1626598010646304#-40.0#2.890019804376548#9
0000 002E 2000 0000 0000 0000#1626598010647597#-43.5#4.154019973594316#9
0000 0032 2000 0000 0000 0000#1626598010648953#-40.5#3.1906800388021335#9
0000 002F 2000 0000 0000 0000#1626598010650231#-43.0#3.9147189706841563#9
0000 0036 2000 0000 0000 0000#1626598010651438#-42.0#1.859184714917397#9
0000 0038 2000 0000 0000 0000#1626598010652545#-44.5#0.7301748550335652#9
0000 0035 2000 0000 0000 0000#1626598010657184#-40.5#1.9941750242513334#9
0000 002F 2000 0000 0000 0000#1626598010658516#-43.0#3.9392626632903265#9
0000 0034 2000 0000 0000 0000#1626598010659581#-40.5#2.4911847995262812#9
0000 002D 2000 0000 0000 0000#1626598010660664#-46.5#4.313553975534423#9
0000 0033 2000 0000 0000 0000#1626598010662806#-39.0#2.9513790358919736#9
0000 0030 2000 0000 0000 0000#1626598010664129#-42.5#3.8410878928656453#9
0000 0038 2000 0000 0000 0000#1626598010665938#-44.0#0.7792622402459057#9
0000 0031 2000 0000 0000 0000#1626598010667225#-40.0#3.368621810196868#9
0000 0032 2000 0000 0000 0000#1626598010668514#-40.0#3.227495577711389#9
0000 003A 2000 0000 0000 0000#1626598010671812#-34.0#4.693981210930062#9
0000 003B 2000 0000 0000 0000#1626598010673136#-40.0#4.663301595172349#9
0000 0036 2000 0000 0000 0000#1626598010675924#-41.5#1.9205439464328227#9
0000 002E 2000 0000 0000 0000#1626598010677237#-43.5#4.184699589352029#9
0000 0037 2000 0000 0000 0000#1626598010678728#-43.5#1.3130875544301088#9
0000 0039 2000 0000 0000 0000#1626598010679866#-41.0#6.068427996875596#9
0000 0037 2000 0000 0000 0000#1626598010944789#-40.5#2.1475731030398975#9
FFFF FFFF FFFF FFFF FFFF FFFF#1626598010947189#-68.5#5.2768939103266055#9
0000 0034 2000 0000 0000 0000#1626598010948848#-38.5#3.2949907323783574#9
0000 003A 2000 0000 0000 0000#1626598010951036#-31.5#6.025476534814799#9
0000 003B 2000 0000 0000 0000#1626598010953057#-38.5#6.000932842208628#9
0000 0038 2000 0000 0000 0000#1626598010954402#-39.5#1.7916895602504288#9
0000 0039 2000 0000 0000 0000#1626598010955988#-38.0#1.000155473701438#9
0000 002D 2000 0000 0000 0000#1626598010957723#-46.5#4.773748211900116#9
0000 0035 2000 0000 0000 0000#1626598010958774#-38.5#2.82252464970958#9
0000 002F 2000 0000 0000 0000#1626598010961410#-41.5#4.522175362686871#9
0000 0032 2000 0000 0000 0000#1626598010963120#-38.5#3.9699422790480394#9
0000 0033 2000 0000 0000 0000#1626598010964557#-37.0#3.761320891895592#9
0000 0031 2000 0000 0000 0000#1626598010965938#-38.5#4.074252972624263#9
0000 0036 2000 0000 0000 0000#1626598010967725#-39.0#2.7120780329818137#9
0000 002E 2000 0000 0000 0000#1626598010968736#-43.0#4.681709364626977#9
0000 0030 2000 0000 0000 0000#1626598010969820#-40.5#4.485359823777615#9
0000 0033 2000 0000 0000 0000#1626598010974132#-38.5#3.773592738198677#9
0000 0035 2000 0000 0000 0000#1626598010975195#-38.5#2.84706834231575#9
0000 0039 2000 0000 0000 0000#1626598010976776#-37.5#1.0615147052168636#9
0000 003B 2000 0000 0000 0000#1626598010978598#-38.5#6.111379458936394#9
0000 002E 2000 0000 0000 0000#1626598010980624#-43.0#4.706253057233147#9
0000 002D 2000 0000 0000 0000#1626598010981933#-46.0#4.792155981354743#9
0000 0034 2000 0000 0000 0000#1626598010983050#-37.0#3.3440781175906977#9
0000 0032 2000 0000 0000 0000#1626598010984423#-37.5#4.006757817957295#9
0000 0030 2000 0000 0000 0000#1626598010986476#-40.5#4.491495746929157#9
0000 003A 2000 0000 0000 0000#1626598010988023#-31.5#6.1850105367549055#9
0000 0031 2000 0000 0000 0000#1626598010989560#-38.5#4.111068511533518#9
0000 0037 2000 0000 0000 0000#1626598010992258#-40.0#2.227340104009951#9
0000 0036 2000 0000 0000 0000#1626598010993950#-39.0#2.7550294950426117#9
0000 0038 2000 0000 0000 0000#1626598010996332#-39.0#1.8837284075235674#9
0000 002F 2000 0000 0000 0000#1626598010998959#-42.0#4.565126824747668#9
FFFF FFFF FFFF FFFF FFFF FFFF#1626598011000112#-67.0#5.049864753719531#9
0000 0036 2000 0000 0000 0000#1626598011265877#-37.5#3.9392626632903265#9
0000 0031 2000 0000 0000 0000#1626598011269730#-37.0#5.086680292628786#9
0000 0039 2000 0000 0000 0000#1626598011271205#-34.5#2.429825568010856#9
0000 002F 2000 0000 0000 0000#1626598011272272#-41.0#5.405748296509#9
0000 003B 2000 0000 0000 0000#1626598011273381#-36.0#1.521708941582556#9
0000 0034 2000 0000 0000 0000#1626598011274503#-36.5#4.491495746929157#9
0000 003A 2000 0000 0000 0000#1626598011275867#-28.5#1.4971652489763858#9
0000 002E 2000 0000 0000 0000#1626598011276906#-42.5#5.4671075280244255#9
0000 0035 2000 0000 0000 0000#1626598011278361#-36.5#4.049709280018092#9
FFFF FFFF FFFF FFFF FFFF FFFF#1626598011279411#-69.0#5.9088939949354895#9
0000 002D 2000 0000 0000 0000#1626598011281125#-46.0#5.50392306693368#9
0000 0037 2000 0000 0000 0000#1626598011282220#-37.5#3.436116964863836#9
0000 0030 2000 0000 0000 0000#1626598011283315#-40.0#5.393476450205914#9
0000 0032 2000 0000 0000 0000#1626598011284708#-35.5#5.043728830567988#9
0000 0038 2000 0000 0000 0000#1626598011286914#-37.0#3.117048960983623#9
0000 0033 2000 0000 0000 0000#1626598011288050#-36.5#4.890330751779424#9
0000 003B 2000 0000 0000 0000#1626598011292730#-35.5#1.5953400194010667#9
0000 0033 2000 0000 0000 0000#1626598011293763#-36.5#4.902602598082509#9
0000 0030 2000 0000 0000 0000#1626598011294819#-39.5#5.405748296509#9
0000 002D 2000 0000 0000 0000#1626598011296131#-46.5#5.5284667595398505#9
0000 0034 2000 0000 0000 0000#1626598011298132#-36.5#4.522175362686871#9
0000 003A 2000 0000 0000 0000#1626598011300133#-29.0#1.564660403643354#9
0000 002E 2000 0000 0000 0000#1626598011301459#-42.5#5.491651220630596#9
0000 0038 2000 0000 0000 0000#1626598011303027#-37.0#3.147728576741336#9
0000 0035 2000 0000 0000 0000#1626598011304377#-36.0#4.086524818927348#9
0000 0037 2000 0000 0000 0000#1626598011305514#-37.0#3.479068426924634#9
0000 0032 2000 0000 0000 0000#1626598011307316#-37.0#5.0682725231741586#9
FFFF FFFF FFFF FFFF FFFF FFFF#1626598011310247#-68.5#5.773903685601553#9
0000 0031 2000 0000 0000 0000#1626598011312587#-37.0#5.135767677841127#9
0000 0036 2000 0000 0000 0000#1626598011313678#-37.0#3.9944859716542096#9
0000 002F 2000 0000 0000 0000#1626598011314701#-41.0#5.442563835418255#9
0000 0039 2000 0000 0000 0000#1626598011315810#-33.5#2.5280003384355365#9
0000 0036 2000 0000 0000 0000#1626598011582970#-36.5#4.006757817957295#9
0000 003A 2000 0000 0000 0000#1626598011584047#-26.5#1.9941750242513334#9
0000 0034 2000 0000 0000 0000#1626598011585337#-36.0#4.503767593232243#9
0000 002D 2000 0000 0000 0000#1626598011586643#-46.0#5.160311370447297#9
0000 0030 2000 0000 0000 0000#1626598011587986#-39.5#5.227806525114265#9
0000 002F 2000 0000 0000 0000#1626598011589534#-41.0#5.197126909356553#9
0000 0038 2000 0000 0000 0000#1626598011590889#-35.0#3.313398501832985#9
0000 0032 2000 0000 0000 0000#1626598011592465#-37.0#5.00077736850719#9
0000 0033 2000 0000 0000 0000#1626598011594252#-36.5#4.884194828627882#9
FFFF FFFF FFFF FFFF FFFF FFFF#1626598011595303#-68.5#5.375068680751287#9
0000 0031 2000 0000 0000 0000#1626598011596367#-37.5#5.019185137961818#9
0000 003B 2000 0000 0000 0000#1626598011597450#-33.0#2.1782527187976104#9
0000 0039 2000 0000 0000 0000#1626598011600340#-32.0#2.779573187648782#9
0000 0035 2000 0000 0000 0000#1626598011602730#-35.5#4.1172044346850605#9
0000 0037 2000 0000 0000 0000#1626598011604834#-36.0#3.6140587362585705#9
0000 002E 2000 0000 0000 0000#1626598011606286#-42.5#5.197126909356553#9
0000 0036 2000 0000 0000 0000#1626598011610469#-36.0#4.04357335686655#9
0000 002E 2000 0000 0000 0000#1626598011611540#-42.5#5.197126909356553#9
0000 002D 2000 0000 0000 0000#1626598011612667#-47.0#5.148039524144211#9
0000 0038 2000 0000 0000 0000#1626598011613704#-34.5#3.3440781175906977#9
0000 0030 2000 0000 0000 0000#1626598011615499#-40.0#5.246214294568893#9
0000 003A 2000 0000 0000 0000#1626598011616590#-26.0#2.0923497946760143#9
0000 0039 2000 0000 0000 0000#1626598011617658#-32.0#2.8286605728611223#9
0000 003B 2000 0000 0000 0000#1626598011619921#-33.5#2.2641556429192065#9
0000 002F 2000 0000 0000 0000#1626598011621752#-41.0#5.227806525114265#9
0000 0033 2000 0000 0000 0000#1626598011624099#-36.5#4.92714629068868#9
FFFF FFFF FFFF FFFF FFFF FFFF#1626598011633692#-69.0#5.66959299202533#9
0000 0037 2000 0000 0000 0000#1626598011636336#-36.0#3.877903431774901#9
0000 0031 2000 0000 0000 0000#1626598011638243#-37.5#5.246214294568893#9
0000 0035 2000 0000 0000 0000#1626598011641409#-35.0#4.3933209765044765#9
0000 0034 2000 0000 0000 0000#1626598011646677#-36.0#4.792155981354743#9
0000 0032 2000 0000 0000 0000#1626598011647793#-36.0#5.221670601962723#9
0000 0032 2000 0000 0000 0000#1626598011911407#-38.5#4.773748211900116#9
0000 003B 2000 0000 0000 0000#1626598011912486#-32.5#2.718213956133356#9
0000 002D 2000 0000 0000 0000#1626598011913512#-49.0#4.534447208989955#9
0000 0037 2000 0000 0000 0000#1626598011914577#-36.0#3.6570101983193686#9
0000 003A 2000 0000 0000 0000#1626598011915881#-26.0#2.429825568010856#9
0000 0035 2000 0000 0000 0000#1626598011918156#-36.0#4.111068511533518#9
0000 0038 2000 0000 0000 0000#1626598011919435#-34.0#3.485204350076177#9
FFFF FFFF FFFF FFFF FFFF FFFF#1626598011921231#-69.5#4.773748211900116#9
0000 0031 2000 0000 0000 0000#1626598011923006#-39.5#4.773748211900116#9
0000 0036 2000 0000 0000 0000#1626598011924586#-37.0#4.049709280018092#9
0000 002E 2000 0000 0000 0000#1626598011926367#-45.0#4.663301595172349#9
0000 0039 2000 0000 0000 0000#1626598011927480#-32.0#3.08636934522591#9
0000 0034 2000 0000 0000 0000#1626598011930708#-37.0#4.448544284868359#9
0000 002F 2000 0000 0000 0000#1626598011931772#-43.5#4.792155981354743#9
0000 0030 2000 0000 0000 0000#1626598011932900#-42.0#4.871922982324796#9
0000 0033 2000 0000 0000 0000#1626598011934431#-38.5#4.755340442445488#9
0000 0033 2000 0000 0000 0000#1626598011939544#-37.0#4.767612288748572#9
0000 0035 2000 0000 0000 0000#1626598011940566#-36.0#4.123340357836604#9
0000 002E 2000 0000 0000 0000#1626598011942132#-45.5#4.626486056263094#9
0000 0037 2000 0000 0000 0000#1626598011943253#-36.0#3.6876898140770815#9
0000 002D 2000 0000 0000 0000#1626598011944774#-49.0#4.491495746929157#9
0000 003B 2000 0000 0000 0000#1626598011946071#-32.0#2.7857091108003242#9
0000 002F 2000 0000 0000 0000#1626598011947088#-43.5#4.779884135051658#9
0000 0038 2000 0000 0000 0000#1626598011948851#-34.0#3.5158839658338894#9
0000 0036 2000 0000 0000 0000#1626598011950176#-36.5#4.06811704947272#9
0000 0030 2000 0000 0000 0000#1626598011952472#-42.0#4.871922982324796#9
0000 0039 2000 0000 0000 0000#1626598011954023#-32.0#3.0802334220743677#9
0000 0031 2000 0000 0000 0000#1626598011955061#-40.0#4.773748211900116#9
0000 0034 2000 0000 0000 0000#1626598011956149#-37.0#4.454680208019902#9
0000 003A 2000 0000 0000 0000#1626598011957510#-25.5#2.5034566458293663#9
FFFF FFFF FFFF FFFF FFFF FFFF#1626598011960500#-70.0#4.798291904506286#9
0000 0032 2000 0000 0000 0000#1626598011963268#-39.0#4.767612288748572#9
0000 0038 2000 0000 0000 0000#1626598012226274#-34.5#4.006757817957295#9
0000 002D 2000 0000 0000 0000#1626598012227339#-50.5#4.252194744018997#9
0000 0036 2000 0000 0000 0000#1626598012229687#-36.5#4.344233591292136#9
0000 0034 2000 0000 0000 0000#1626598012230780#-37.5#4.614214209960009#9
0000 0035 2000 0000 0000 0000#1626598012231843#-36.0#4.362641360746763#9
0000 0031 2000 0000 0000 0000#1626598012232853#-41.0#4.724660826687775#9
0000 002E 2000 0000 0000 0000#1626598012242382#-46.0#5.141903600992669#9
0000 002F 2000 0000 0000 0000#1626598012243405#-44.5#5.350524988145116#9
0000 0039 2000 0000 0000 0000#1626598012244460#-31.0#4.485359823777615#9
0000 003A 2000 0000 0000 0000#1626598012245963#-26.0#4.01902966426038#9
0000 003B 2000 0000 0000 0000#1626598012247001#-32.0#4.424000592262189#9
0000 0030 2000 0000 0000 0000#1626598012248002#-43.5#5.47937937432751#9
0000 0033 2000 0000 0000 0000#1626598012249995#-39.5#5.534602682691394#9
0000 0037 2000 0000 0000 0000#1626598012251272#-35.0#4.859651136021712#9
FFFF FFFF FFFF FFFF FFFF FFFF#1626598012253152#-68.5#6.129787228391022#9
0000 0032 2000 0000 0000 0000#1626598012255761#-39.0#5.4671075280244255#9
0000 002E 2000 0000 0000 0000#1626598012259413#-46.0#5.105088062083414#9
0000 0035 2000 0000 0000 0000#1626598012261903#-35.5#5.086680292628786#9
0000 003A 2000 0000 0000 0000#1626598012264049#-26.0#4.049709280018092#9
0000 002D 2000 0000 0000 0000#1626598012265114#-50.0#4.970097752749477#9
0000 0031 2000 0000 0000 0000#1626598012266939#-41.0#5.393476450205914#9
0000 002F 2000 0000 0000 0000#1626598012268006#-45.0#5.289165756629691#9
0000 0038 2000 0000 0000 0000#1626598012269797#-33.5#4.81056375080937#9
0000 0034 2000 0000 0000 0000#1626598012271351#-37.0#5.283029833478148#9
0000 0030 2000 0000 0000 0000#1626598012272422#-43.5#5.43029198911517#9
0000 0037 2000 0000 0000 0000#1626598012274692#-35.0#4.865787059173254#9
0000 0039 2000 0000 0000 0000#1626598012275789#-31.5#4.534447208989955#9
0000 003B 2000 0000 0000 0000#1626598012276840#-32.0#4.479223900626073#9
0000 0036 2000 0000 0000 0000#1626598012277919#-36.0#5.074408446325701#9
0000 0032 2000 0000 0000 0000#1626598012279097#-40.5#5.424156065963627#9
0000 0033 2000 0000 0000 0000#1626598012280173#-39.5#5.497787143782138#9
0000 0031 2000 0000 0000 0000#1626598012544282#-42.5#4.681709364626977#9
0000 002E 2000 0000 0000 0000#1626598012545339#-48.0#4.28287435977671#9
0000 0032 2000 0000 0000 0000#1626598012547539#-41.5#4.76147636559703#9
0000 0037 2000 0000 0000 0000#1626598012548517#-35.0#4.638757902566179#9
0000 0035 2000 0000 0000 0000#1626598012549553#-36.0#4.663301595172349#9
0000 0036 2000 0000 0000 0000#1626598012551592#-36.5#4.6878452877785195#9
0000 003A 2000 0000 0000 0000#1626598012552669#-25.5#4.172427743048944#9
0000 0039 2000 0000 0000 0000#1626598012554006#-31.0#4.509903516383785#9
0000 003B 2000 0000 0000 0000#1626598012555573#-32.0#4.749204519293945#9
0000 0038 2000 0000 0000 0000#1626598012557239#-33.5#4.681709364626977#9
0000 0030 2000 0000 0000 0000#1626598012558310#-45.5#4.657165672020807#9
0000 002F 2000 0000 0000 0000#1626598012559346#-46.5#4.4976316700806995#9
0000 0034 2000 0000 0000 0000#1626598012560907#-38.0#4.76147636559703#9
0000 002D 2000 0000 0000 0000#1626598012562215#-52.5#4.037437433715008#9
0000 0033 2000 0000 0000 0000#1626598012563377#-40.0#4.859651136021712#9
0000 0035 2000 0000 0000 0000#1626598012569579#-36.0#4.6448938257177215#9
0000 003B 2000 0000 0000 0000#1626598012570860#-32.0#4.767612288748572#9
0000 0032 2000 0000 0000 0000#1626598012572001#-40.5#4.718524903536232#9
0000 002E 2000 0000 0000 0000#1626598012573073#-49.0#4.2031073588066565#9
0000 0031 2000 0000 0000 0000#1626598012574110#-42.5#4.632621979414636#9
0000 0030 2000 0000 0000 0000#1626598012575394#-45.5#4.626486056263094#9
0000 0039 2000 0000 0000 0000#1626598012576930#-31.0#4.516039439535327#9
0000 0036 2000 0000 0000 0000#1626598012578749#-36.5#4.675573441475434#9
0000 0034 2000 0000 0000 0000#1626598012579908#-37.0#4.718524903536232#9
0000 0038 2000 0000 0000 0000#1626598012581956#-33.5#4.669437518323892#9
0000 0037 2000 0000 0000 0000#1626598012583034#-35.0#4.608078286808466#9
0000 002F 2000 0000 0000 0000#1626598012584383#-46.5#4.405592822807561#9
0000 003A 2000 0000 0000 0000#1626598012587125#-25.5#4.196971435655114#9
0000 0033 2000 0000 0000 0000#1626598012588528#-40.5#4.81056375080937#9
0000 002D 2000 0000 0000 0000#1626598012590734#-53.5#3.9576704327449543#9
0000 0038 2000 0000 0000 0000#1626598012855735#-32.5#4.3074180523828804#9
0000 0031 2000 0000 0000 0000#1626598012857002#-44.5#3.693825737228624#9
0000 002D 2000 0000 0000 0000#1626598012859049#-55.5#2.8409324191642074#9
0000 0039 2000 0000 0000 0000#1626598012860857#-30.5#4.270602513473625#9
0000 0033 2000 0000 0000 0000#1626598012861934#-42.0#4.074252972624263#9
0000 0035 2000 0000 0000 0000#1626598012863225#-36.0#4.025165587411922#9
0000 0032 2000 0000 0000 0000#1626598012865289#-43.5#3.8410878928656453#9
0000 0036 2000 0000 0000 0000#1626598012866596#-36.0#4.104932588381976#9
0000 0030 2000 0000 0000 0000#1626598012867894#-48.0#3.6201946594101133#9
0000 0037 2000 0000 0000 0000#1626598012869158#-34.0#4.154019973594316#9
0000 003A 2000 0000 0000 0000#1626598012870220#-25.5#4.09266074207889#9
0000 0034 2000 0000 0000 0000#1626598012871738#-38.5#4.037437433715008#9
0000 003B 2000 0000 0000 0000#1626598012873917#-31.5#4.822835597112456#9
0000 002E 2000 0000 0000 0000#1626598012875013#-52.5#3.043417883165112#9
0000 002F 2000 0000 0000 0000#1626598012876546#-50.0#3.399301425954581#9
0000 003A 2000 0000 0000 0000#1626598012884288#-25.5#4.0987966652304335#9
0000 003B 2000 0000 0000 0000#1626598012886705#-31.5#4.8351074434155406#9
0000 0031 2000 0000 0000 0000#1626598012887800#-45.0#3.6201946594101133#9
0000 0033 2000 0000 0000 0000#1626598012888862#-42.0#4.000621894805752#9
0000 0039 2000 0000 0000 0000#1626598012889931#-30.0#4.25833066717054#9
0000 002E 2000 0000 0000 0000#1626598012891707#-52.5#2.9513790358919736#9
0000 0035 2000 0000 0000 0000#1626598012892785#-36.5#3.9638063558964967#9
0000 0032 2000 0000 0000 0000#1626598012894087#-44.0#3.773592738198677#9
0000 002D 2000 0000 0000 0000#1626598012897371#-56.0#2.6691265709210157#9
0000 0038 2000 0000 0000 0000#1626598012898437#-32.5#4.270602513473625#9
0000 002F 2000 0000 0000 0000#1626598012899529#-50.0#3.32567034813607#9
0000 0036 2000 0000 0000 0000#1626598012900865#-36.0#4.04357335686655#9
0000 0037 2000 0000 0000 0000#1626598012902157#-34.5#4.123340357836604#9
0000 0030 2000 0000 0000 0000#1626598012903296#-48.5#3.5342917352885173#9
0000 0034 2000 0000 0000 0000#1626598012904826#-38.5#3.9822141253511245#9
0000 0039 2000 0000 0000 0000#1626598013169138#-30.5#3.411573272257666#9
0000 0036 2000 0000 0000 0000#1626598013170532#-37.0#2.890019804376548#9
0000 0031 2000 0000 0000 0000#1626598013172097#-47.0#2.0923497946760143#9
0000 0037 2000 0000 0000 0000#1626598013173189#-36.0#3.098641191528995#9
0000 0035 2000 0000 0000 0000#1626598013174206#-37.0#2.742757648739526#9
0000 0038 2000 0000 0000 0000#1626598013175273#-33.5#3.3379421944391554#9
0000 002E 2000 0000 0000 0000#1626598013176311#-55.0#1.2762720155208536#9
0000 0033 2000 0000 0000 0000#1626598013177858#-43.5#2.552544031041707#9
0000 003B 2000 0000 0000 0000#1626598013179326#-31.0#4.325825821837508#9
0000 003A 2000 0000 0000 0000#1626598013180415#-25.5#3.380893656499953#9
0000 002F 2000 0000 0000 0000#1626598013181836#-52.5#1.6812429435226628#9
0000 0034 2000 0000 0000 0000#1626598013184679#-39.5#2.662990647769473#9
0000 0032 2000 0000 0000 0000#1626598013185739#-46.0#2.2396119503130363#9
0000 0030 2000 0000 0000 0000#1626598013186969#-51.0#1.902136176978195#9
0000 002D 2000 0000 0000 0000#1626598013188164#-60.0#0.8283496254582462#9
0000 002E 2000 0000 0000 0000#1626598013192145#-55.0#1.1535535524900022#9
0000 003A 2000 0000 0000 0000#1626598013193691#-25.5#3.3747577333484107#9
0000 0039 2000 0000 0000 0000#1626598013194758#-31.0#3.3870295796514958#9
0000 0031 2000 0000 0000 0000#1626598013196051#-47.5#2.012582793705961#9
0000 0036 2000 0000 0000 0000#1626598013197156#-37.5#2.8286605728611223#9
0000 0032 2000 0000 0000 0000#1626598013198278#-46.0#2.1782527187976104#9
0000 0038 2000 0000 0000 0000#1626598013199369#-33.5#3.2949907323783574#9
0000 0034 2000 0000 0000 0000#1626598013201131#-40.0#2.60776733940559#9
0000 0033 2000 0000 0000 0000#1626598013202179#-44.5#2.4727770300716534#9
0000 0030 2000 0000 0000 0000#1626598013204218#-51.5#1.8285050991596843#9
0000 002F 2000 0000 0000 0000#1626598013205777#-53.0#1.5953400194010667#9
0000 002D 2000 0000 0000 0000#1626598013208090#-59.5#0.6810874698212247#9
0000 003B 2000 0000 0000 0000#1626598013210877#-31.0#4.325825821837508#9
0000 0035 2000 0000 0000 0000#1626598013213463#-37.0#2.6384469551633027#9
0000 0037 2000 0000 0000 0000#1626598013214942#-35.5#2.988194574801229#9
0000 0034 2000 0000 0000 0000#1626598013479025#-40.5#2.791845033951867#9
0000 0032 2000 0000 0000 0000#1626598013480086#-47.0#2.172116795646068#9
0000 0033 2000 0000 0000 0000#1626598013481132#-44.5#2.5341362615870793#9
0000 003A 2000 0000 0000 0000#1626598013482892#-26.0#4.129476280988146#9
0000 002E 2000 0000 0000 0000#1626598013484912#-53.0#0.23930100291016002#9
0000 0031 2000 0000 0000 0000#1626598013485950#-48.0#1.8960002538266525#9
0000 0035 2000 0000 0000 0000#1626598013487212#-37.5#2.9206994201342606#9
0000 0037 2000 0000 0000 0000#1626598013490213#-36.0#3.429981041712294#9
0000 0039 2000 0000 0000 0000#1626598013491294#-32.0#3.9515345095934116#9
0000 0030 2000 0000 0000 0000#1626598013492616#-53.0#1.533980787885641#9
0000 0038 2000 0000 0000 0000#1626598013493969#-34.0#3.7429131224409646#9
0000 003B 2000 0000 0000 0000#1626598013495249#-31.5#5.160311370447297#9
0000 0036 2000 0000 0000 0000#1626598013496328#-38.5#3.074097498922825#9
0000 002F 2000 0000 0000 0000#1626598013497514#-54.0#1.2946797849754812#9
0000 002D 2000 0000 0000 0000#1626598013499924#-48.5#5.884350302329319#9
3008 33B2 DDD9 0140 2018 0626#1626598013501828#-63.5#5.522330836388308#9
0000 0037 2000 0000 0000 0000#1626598013508338#-36.0#3.3870295796514958#9
0000 0035 2000 0000 0000 0000#1626598013509630#-37.5#2.8716120349219203#9
0000 0032 2000 0000 0000 0000#1626598013512053#-47.0#2.0800779483729293#9
0000 0034 2000 0000 0000 0000#1626598013513336#-40.5#2.705942109830271#9
0000 0033 2000 0000 0000 0000#1626598013514440#-45.0#2.429825568010856#9
0000 003B 2000 0000 0000 0000#1626598013515536#-31.5#5.129631754689584#9
0000 0036 2000 0000 0000 0000#1626598013516557#-38.0#3.031146036862027#9
0000 003A 2000 0000 0000 0000#1626598013517621#-26.0#4.04357335686655#9
0000 0038 2000 0000 0000 0000#1626598013518816#-34.0#3.6815538909255388#9
0000 002F 2000 0000 0000 0000#1626598013519864#-55.0#1.1965050145508#9
0000 0039 2000 0000 0000 0000#1626598013521159#-32.0#3.8840393549264434#9
0000 002D 2000 0000 0000 0000#1626598013522663#-48.0#5.706408530934585#9
0000 002E 2000 0000 0000 0000#1626598013524116#-50.0#6.037748381117884#9
0000 0030 2000 0000 0000 0000#1626598013525159#-53.5#1.3744467859455345#9
0000 0031 2000 0000 0000 0000#1626598013526237#-49.0#1.761009944492716#9
3008 33B2 DDD9 0140 2018 0626#1626598013527495#-63.0#5.399612373357457#9
FFFF FFFF FFFF FFFF FFFF FFFF#1626598013528550#-70.0#0.6442719309119693#9
0C21 0537 8123 1003 2202 062F#1626598013529818#-68.0#1.0492428589137786#9
0000 0034 2000 0000 0000 0000#1626598013794819#-43.0#1.748738098189631#9
0000 003A 2000 0000 0000 0000#1626598013796366#-27.5#3.2090878082567613#9
0000 003B 2000 0000 0000 0000#1626598013798743#-33.0#4.485359823777615#9
0000 0038 2000 0000 0000 0000#1626598013799808#-35.5#2.791845033951867#9
FFFF FFFF FFFF FFFF FFFF FFFF#1626598013800877#-68.5#0.3374757733348411#9
0000 0035 2000 0000 0000 0000#1626598013802194#-39.5#1.932815792735908#9
0000 002D 2000 0000 0000 0000#1626598013803273#-55.5#4.086524818927348#9
0000 0033 2000 0000 0000 0000#1626598013804364#-49.0#1.239456476611598#9
0000 002F 2000 0000 0000 0000#1626598013805440#-47.0#4.4976316700806995#9
0000 002E 2000 0000 0000 0000#1626598013807955#-49.5#4.147884050442774#9
0000 0039 2000 0000 0000 0000#1626598013809270#-33.0#2.9697868053466014#9
0000 0031 2000 0000 0000 0000#1626598013810704#-52.5#6.111379458936394#9
0000 0032 2000 0000 0000 0000#1626598013811979#-51.5#0.4540583132141498#9
0000 0036 2000 0000 0000 0000#1626598013813301#-39.5#2.073942025221387#9
0000 0030 2000 0000 0000 0000#1626598013814400#-47.0#4.693981210930062#9
0000 0037 2000 0000 0000 0000#1626598013815464#-37.5#2.429825568010856#9
0C21 0537 8123 1003 2202 062F#1626598013817761#-66.5#0.8099418560036186#9
0000 0033 2000 0000 0000 0000#1626598013821686#-49.0#1.1658253987930873#9
0000 0034 2000 0000 0000 0000#1626598013822763#-43.5#1.6505633277649499#9
0000 003A 2000 0000 0000 0000#1626598013823825#-28.0#3.1354567304382504#9
FFFF FFFF FFFF FFFF FFFF FFFF#1626598013824918#-67.0#0.2454369260617026#9
0C21 0537 8123 1003 2202 062F#1626598013826235#-68.0#1.000155473701438#9
0000 0035 2000 0000 0000 0000#1626598013828299#-40.0#1.859184714917397#9
0000 002E 2000 0000 0000 0000#1626598013829642#-50.5#4.049709280018092#9
0000 002D 2000 0000 0000 0000#1626598013831406#-57.5#3.9699422790480394#9
0000 003B 2000 0000 0000 0000#1626598013832699#-33.0#4.417864669110647#9
0000 0038 2000 0000 0000 0000#1626598013834479#-35.5#2.724349879284899#9
0000 0039 2000 0000 0000 0000#1626598013835549#-33.0#2.9084275738311756#9
0000 002F 2000 0000 0000 0000#1626598013836911#-46.5#4.344233591292136#9
0000 0036 2000 0000 0000 0000#1626598013839790#-40.0#2.024854640009046#9
0000 0031 2000 0000 0000 0000#1626598013841082#-51.0#5.730952223540755#9
0000 0032 2000 0000 0000 0000#1626598013842156#-51.5#0.2086213871524472#9
0000 0037 2000 0000 0000 0000#1626598013844788#-38.0#2.3623304133438876#9
0000 0030 2000 0000 0000 0000#1626598013846115#-46.5#4.522175362686871#9
0000 0033 2000 0000 0000 0000#1626598014116817#-45.0#4.700117134081604#9
0000 0030 2000 0000 0000 0000#1626598014117945#-51.5#3.4913402732277192#9
0000 003B 2000 0000 0000 0000#1626598014119014#-34.5#3.6386024288647407#9
0000 002E 2000 0000 0000 0000#1626598014120345#-60.0#2.086213871524472#9
0000 0038 2000 0000 0000 0000#1626598014121454#-38.5#1.9082721001297376#9
0000 0039 2000 0000 0000 0000#1626598014123247#-35.5#2.12916533358527#9
0000 002D 2000 0000 0000 0000#1626598014124542#-62.0#1.4910293258248433#9
0000 003A 2000 0000 0000 0000#1626598014125589#-29.5#2.2948352586769194#9
0000 002F 2000 0000 0000 0000#1626598014126950#-56.0#3.129320807286708#9
0000 0032 2000 0000 0000 0000#1626598014128643#-44.0#3.8717675086233583#9
0000 0034 2000 0000 0000 0000#1626598014129707#-47.0#6.025476534814799#9
0000 0037 2000 0000 0000 0000#1626598014130769#-42.0#1.4664856332186729#9
0C21 0537 8123 1003 2202 062F#1626598014131873#-67.5#0.6442719309119693#9
0000 0035 2000 0000 0000 0000#1626598014132935#-45.5#0.5399612373357456#9
0000 0031 2000 0000 0000 0000#1626598014138153#-44.0#3.5158839658338894#9
0000 0036 2000 0000 0000 0000#1626598014139730#-45.5#0.8406214717613314#9
FFFF FFFF FFFF FFFF FFFF FFFF#1626598014141153#-68.0#6.068427996875596#9
0000 0039 2000 0000 0000 0000#1626598014144840#-35.5#2.1046216409791#9
0000 0037 2000 0000 0000 0000#1626598014146146#-42.5#1.4173982480063325#9
0000 002D 2000 0000 0000 0000#1626598014147213#-61.0#1.3130875544301088#9
0000 0034 2000 0000 0000 0000#1626598014148955#-47.5#5.8475347634200645#9
0000 003A 2000 0000 0000 0000#1626598014150261#-29.0#2.2457478734645786#9
0000 0038 2000 0000 0000 0000#1626598014152792#-39.0#1.846912868614312#9
0C21 0537 8123 1003 2202 062F#1626598014154118#-69.0#0.6320000846088841#9
0000 0031 2000 0000 0000 0000#1626598014155453#-44.0#3.4606606574700063#9
0000 003B 2000 0000 0000 0000#1626598014156779#-35.0#3.5711072741977725#9
0000 0035 2000 0000 0000 0000#1626598014158283#-45.5#0.3620194659410113#9
FFFF FFFF FFFF FFFF FFFF FFFF#1626598014160058#-68.0#6.154330920997192#9
0000 0032 2000 0000 0000 0000#1626598014161061#-43.5#3.7122335066832517#9
0000 002F 2000 0000 0000 0000#1626598014162482#-57.0#2.8409324191642074#9
0000 0033 2000 0000 0000 0000#1626598014163799#-44.0#4.362641360746763#9
0000 0030 2000 0000 0000 0000#1626598014165622#-54.0#3.4177091954092087#9
0000 0036 2000 0000 0000 0000#1626598014166942#-46.0#0.6872233929727672#9
0000 002E 2000 0000 0000 0000#1626598014168980#-59.5#1.761009944492716#9
0000 0033 2000 0000 0000 0000#1626598014435938#-45.5#2.8102528034064944#9
0000 0032 2000 0000 0000 0000#1626598014437012#-52.5#2.552544031041707#9
0000 0038 2000 0000 0000 0000#1626598014438037#-46.5#0.380427235395639#9
0000 0037 2000 0000 0000 0000#1626598014439369#-48.5#5.632777453116074#9
0000 003B 2000 0000 0000 0000#1626598014440695#-37.0#2.435961491162398#9
0000 0036 2000 0000 0000 0000#1626598014442499#-45.5#4.239922897715912#9
0000 0034 2000 0000 0000 0000#1626598014443547#-42.5#3.104777114680538#9
0000 0039 2000 0000 0000 0000#1626598014444829#-42.0#0.9203884727313847#9
0000 003A 2000 0000 0000 0000#1626598014447087#-33.0#1.1351457830353744#9
0000 002E 2000 0000 0000 0000#1626598014448455#-57.5#4.184699589352029#9
0000 0030 2000 0000 0000 0000#1626598014449782#-62.0#1.1106020904292042#9
0000 002F 2000 0000 0000 0000#1626598014451059#-61.0#5.945709533844745#9
0000 0035 2000 0000 0000 0000#1626598014452120#-43.5#3.663146121470911#9
0000 0031 2000 0000 0000 0000#1626598014455013#-55.5#1.9082721001297376#9
FFFF FFFF FFFF FFFF FFFF FFFF#1626598014457146#-68.5#5.080544369477243#9
0000 002D 2000 0000 0000 0000#1626598014458227#-56.5#3.56497135104623#9
0000 0037 2000 0000 0000 0000#1626598014464792#-48.5#5.442563835418255#9
0000 0036 2000 0000 0000 0000#1626598014465796#-45.0#4.0558452031696355#9
0000 002E 2000 0000 0000 0000#1626598014466881#-58.0#4.04357335686655#9
FFFF FFFF FFFF FFFF FFFF FFFF#1626598014467949#-68.0#5.00077736850719#9
0000 0030 2000 0000 0000 0000#1626598014469288#-62.5#1.012427320004523#9
0000 003A 2000 0000 0000 0000#1626598014471815#-33.5#1.0983302441261191#9
0000 0034 2000 0000 0000 0000#1626598014473878#-42.5#3.018874190558942#9
0000 0033 2000 0000 0000 0000#1626598014474925#-47.0#2.804116880254952#9
0000 0032 2000 0000 0000 0000#1626598014476498#-54.0#2.442097414313941#9
0000 0038 2000 0000 0000 0000#1626598014477820#-48.0#0.14726215563702155#9
0000 002D 2000 0000 0000 0000#1626598014479429#-56.5#3.393165502803038#9
0000 003B 2000 0000 0000 0000#1626598014480725#-37.0#2.36846633649543#9
0000 002F 2000 0000 0000 0000#1626598014481774#-61.5#5.559146375297564#9
0000 0035 2000 0000 0000 0000#1626598014483113#-42.5#3.5036121195308043#9
0000 0039 2000 0000 0000 0000#1626598014484551#-43.5#0.8160777791551611#9
0000 0031 2000 0000 0000 0000#1626598014487498#-56.5#1.7548740213411735#9
0000 003A 2000 0000 0000 0000#1626598014751535#-40.5#1.1044661672776617#9
0000 0039 2000 0000 0000 0000#1626598014752589#-47.0#6.277049384028044#9
0000 0036 2000 0000 0000 0000#1626598014754634#-43.5#4.135612204139688#9
0000 002E 2000 0000 0000 0000#1626598014756208#-59.0#3.1661363461959633#9
FFFF FFFF FFFF FFFF FFFF FFFF#1626598014758436#-68.0#0.4479223900626072#9
0000 0037 2000 0000 0000 0000#1626598014759539#-44.0#4.6878452877785195#9
0000 002F 2000 0000 0000 0000#1626598014760847#-58.5#4.743068596142402#9
0000 0030 2000 0000 0000 0000#1626598014762870#-62.0#5.546874528994478#9
0000 002D 2000 0000 0000 0000#1626598014763969#-59.0#2.2764274892222915#9
0000 0035 2000 0000 0000 0000#1626598014765116#-46.0#3.9760782021995817#9
0000 0038 2000 0000 0000 0000#1626598014766409#-45.0#5.289165756629691#9
0000 0034 2000 0000 0000 0000#1626598014767486#-51.0#3.6754179677739964#9
0000 003B 2000 0000 0000 0000#1626598014769306#-41.5#2.8716120349219203#9
0000 0031 2000 0000 0000 0000#1626598014772539#-58.0#0.5890486225480862#9
0000 0032 2000 0000 0000 0000#1626598014773615#-58.0#1.6137477888556946#9
0C21 0537 8123 1003 2202 062F#1626598014775229#-69.0#1.5585244804918115#9
0000 0033 2000 0000 0000 0000#1626598014776504#-55.5#2.8838838812250054#9
0000 0034 2000 0000 0000 0000#1626598014782823#-51.5#3.6324665057131984#9
0000 0036 2000 0000 0000 0000#1626598014783970#-45.0#4.104932588381976#9
0000 0038 2000 0000 0000 0000#1626598014785093#-44.5#5.209398755659637#9
0000 003A 2000 0000 0000 0000#1626598014786383#-41.0#0.8835729338221293#9
0000 0037 2000 0000 0000 0000#1626598014787491#-44.5#4.657165672020807#9
0C21 0537 8123 1003 2202 062F#1626598014788606#-68.5#1.4419419406125027#9
0000 0035 2000 0000 0000 0000#1626598014789694#-47.0#3.9576704327449543#9
FFFF FFFF FFFF FFFF FFFF FFFF#1626598014790962#-68.5#0.3374757733348411#9
0000 002F 2000 0000 0000 0000#1626598014792241#-58.0#4.565126824747668#9
0000 003B 2000 0000 0000 0000#1626598014793820#-42.5#2.804116880254952#9
0000 0032 2000 0000 0000 0000#1626598014796042#-58.5#1.4051264017032472#9
0000 0039 2000 0000 0000 0000#1626598014797439#-46.0#5.93343768754166#9
0000 002E 2000 0000 0000 0000#1626598014798480#-59.5#2.9943304979527716#9
