0000 0034 2000 0000 0000 0000#1626598263837944#-50.0#5.681864838328415#9
0C21 0537 8123 1003 2202 062F#1626598263839028#-66.0#1.1228739367322893#9
0000 0039 2000 0000 0000 0000#1626598263840325#-44.0#3.5588354278946874#9
0000 0031 2000 0000 0000 0000#1626598263842860#-51.0#1.4848934026733007#9
0000 0038 2000 0000 0000 0000#1626598263846461#-45.0#3.9944859716542096#9
0000 0032 2000 0000 0000 0000#1626598263847539#-50.5#1.0921943209745766#9
FFFF FFFF FFFF FFFF FFFF FFFF#1626598263848619#-67.0#6.178874613603362#9
0000 0036 2000 0000 0000 0000#1626598263849694#-47.0#4.638757902566179#9
0000 0037 2000 0000 0000 0000#1626598263850726#-46.0#4.196971435655114#9
0000 003A 2000 0000 0000 0000#1626598263852064#-43.0#2.834796496012665#9
0000 0033 2000 0000 0000 0000#1626598263853379#-50.5#0.35588354278946877#9
0000 0035 2000 0000 0000 0000#1626598263854990#-47.0#4.847379289718626#9
0000 002E 2000 0000 0000 0000#1626598263856631#-50.0#3.172272269347506#9
0000 002D 2000 0000 0000 0000#1626598263859105#-51.5#3.3747577333484107#9
0000 0001 0000 0000 0000 0000#1626598263860223#-65.0#5.896622148632405#9
0000 003B 2000 0000 0000 0000#1626598263861389#-64.5#4.620350133111551#9
0000 0030 2000 0000 0000 0000#1626598263863378#-50.0#2.386874105950058#9
0000 002F 2000 0000 0000 0000#1626598263864444#-50.5#2.6875343403756435#9
0C21 0537 8123 1003 2202 062F#1626598263868995#-65.0#1.1044661672776617#9
0000 0039 2000 0000 0000 0000#1626598263870531#-44.0#3.5711072741977725#9
0000 0030 2000 0000 0000 0000#1626598263871786#-50.5#2.36846633649543#9
0000 0038 2000 0000 0000 0000#1626598263873342#-45.0#4.006757817957295#9
0000 0037 2000 0000 0000 0000#1626598263875134#-46.0#4.190835512503572#9
0000 0035 2000 0000 0000 0000#1626598263876224#-47.0#4.853515212870168#9
0000 0032 2000 0000 0000 0000#1626598263878211#-50.5#1.1351457830353744#9
0000 003A 2000 0000 0000 0000#1626598263879260#-43.0#2.8716120349219203#9
0000 0034 2000 0000 0000 0000#1626598263880805#-49.5#5.681864838328415#9
0000 002D 2000 0000 0000 0000#1626598263881900#-51.5#3.3379421944391554#9
0000 0031 2000 0000 0000 0000#1626598263882964#-51.0#1.4542137869155878#9
0000 0036 2000 0000 0000 0000#1626598263884292#-46.5#4.651029748869264#9
0000 002F 2000 0000 0000 0000#1626598263886439#-50.5#2.6691265709210157#9
0000 002E 2000 0000 0000 0000#1626598263887495#-50.0#3.160000423044421#9
0000 0033 2000 0000 0000 0000#1626598263889492#-50.5#0.35588354278946877#9
FFFF FFFF FFFF FFFF FFFF FFFF#1626598263890758#-67.5#0.05522330836388308#9
0000 0001 0000 0000 0000 0000#1626598263893098#-65.0#5.93343768754166#9
0000 003B 2000 0000 0000 0000#1626598263894222#-64.0#4.552854978444583#9
0000 0033 2000 0000 0000 0000#1626598264160875#-51.0#0.03681553890925539#9
0000 0039 2000 0000 0000 0000#1626598264161960#-44.5#3.227495577711389#9
0000 002F 2000 0000 0000 0000#1626598264163010#-51.0#2.3009711818284617#9
0000 002E 2000 0000 0000 0000#1626598264164067#-49.5#2.7120780329818137#9
0000 0034 2000 0000 0000 0000#1626598264165156#-50.0#5.399612373357457#9
0000 003A 2000 0000 0000 0000#1626598264168038#-43.5#2.521864415283994#9
0000 0031 2000 0000 0000 0000#1626598264169629#-50.5#1.1106020904292042#9
0000 002D 2000 0000 0000 0000#1626598264172893#-51.5#2.9697868053466014#9
0000 0030 2000 0000 0000 0000#1626598264174034#-49.5#2.0064468705544187#9
0000 0032 2000 0000 0000 0000#1626598264175560#-51.0#0.803805932852076#9
FFFF FFFF FFFF FFFF FFFF FFFF#1626598264177952#-67.5#5.559146375297564#9
0000 0036 2000 0000 0000 0000#1626598264182705#-47.0#4.331961744989051#9
0000 0035 2000 0000 0000 0000#1626598264184066#-47.5#4.546719055293041#9
0000 0038 2000 0000 0000 0000#1626598264185289#-45.0#3.6447383520162835#9
0000 0037 2000 0000 0000 0000#1626598264186294#-47.0#3.8840393549264434#9
0000 003B 2000 0000 0000 0000#1626598264187956#-63.5#4.381049130201391#9
0C21 0537 8123 1003 2202 062F#1626598264189040#-66.5#0.30066023442558565#9
FFFF FFFF FFFF FFFF FFFF FFFF#1626598264201297#-68.0#5.994796919057086#9
0000 003A 2000 0000 0000 0000#1626598264202374#-43.0#2.730485802436441#9
0000 0033 2000 0000 0000 0000#1626598264203394#-50.5#0.23930100291016002#9
0000 0037 2000 0000 0000 0000#1626598264204655#-46.5#4.080388895775806#9
0000 0036 2000 0000 0000 0000#1626598264206942#-47.0#4.509903516383785#9
0000 0038 2000 0000 0000 0000#1626598264208747#-45.5#3.8717675086233583#9
0000 002F 2000 0000 0000 0000#1626598264209827#-50.5#2.5157284921324514#9
0000 002E 2000 0000 0000 0000#1626598264212396#-50.0#2.9943304979527716#9
0000 0035 2000 0000 0000 0000#1626598264213730#-47.5#4.755340442445488#9
0000 0039 2000 0000 0000 0000#1626598264215523#-44.0#3.436116964863836#9
0000 0032 2000 0000 0000 0000#1626598264216556#-50.5#0.9817477042468103#9
0C21 0537 8123 1003 2202 062F#1626598264219138#-66.5#0.6442719309119693#9
0000 002D 2000 0000 0000 0000#1626598264220744#-51.5#3.2397674240144743#9
0000 0030 2000 0000 0000 0000#1626598264221829#-50.0#2.1966604882522383#9
0000 0031 2000 0000 0000 0000#1626598264222922#-50.5#1.3499030933393643#9
0000 0034 2000 0000 0000 0000#1626598264224012#-50.5#5.602097837358362#9
0000 003B 2000 0000 0000 0000#1626598264225650#-64.0#4.522175362686871#9
0000 002E 2000 0000 0000 0000#1626598264489811#-47.5#2.8409324191642074#9
0000 002F 2000 0000 0000 0000#1626598264492441#-48.0#2.454369260617026#9
0000 0031 2000 0000 0000 0000#1626598264494034#-47.0#1.5892040962495242#9
0000 0036 2000 0000 0000 0000#1626598264496166#-50.0#4.865787059173254#9
0000 0033 2000 0000 0000 0000#1626598264498082#-48.0#0.9326603190344698#9
0000 003A 2000 0000 0000 0000#1626598264501118#-36.5#2.030990563160589#9
0000 0034 2000 0000 0000 0000#1626598264502152#-50.5#0.1718058482431918#9
0000 0037 2000 0000 0000 0000#1626598264503229#-48.5#4.0558452031696355#9
0000 0039 2000 0000 0000 0000#1626598264504298#-42.5#2.8532042654672924#9
0C21 0537 8123 1003 2202 062F#1626598264505355#-67.0#5.921165841238575#9
0000 002D 2000 0000 0000 0000#1626598264506867#-50.0#3.08636934522591#9
0000 0032 2000 0000 0000 0000#1626598264507960#-47.0#1.3989904785517047#9
FFFF FFFF FFFF FFFF FFFF FFFF#1626598264510219#-68.0#5.043728830567988#9
0000 0038 2000 0000 0000 0000#1626598264511766#-46.0#3.5465635815916023#9
0000 0030 2000 0000 0000 0000#1626598264513305#-47.0#2.2212041808584084#9
0000 003B 2000 0000 0000 0000#1626598264515263#-48.5#2.767301341345697#9
0000 0035 2000 0000 0000 0000#1626598264517209#-50.0#5.344389064993574#9
0000 0030 2000 0000 0000 0000#1626598264522728#-47.0#2.2396119503130363#9
0000 002D 2000 0000 0000 0000#1626598264524535#-50.0#3.0925052683774528#9
0000 0038 2000 0000 0000 0000#1626598264526748#-46.0#3.5772431973493153#9
0000 003B 2000 0000 0000 0000#1626598264528100#-48.0#2.767301341345697#9
0000 0039 2000 0000 0000 0000#1626598264529127#-42.5#2.8838838812250054#9
0000 002F 2000 0000 0000 0000#1626598264530147#-47.5#2.5157284921324514#9
0000 0031 2000 0000 0000 0000#1626598264531209#-46.5#1.662835174068035#9
FFFF FFFF FFFF FFFF FFFF FFFF#1626598264532292#-67.5#5.148039524144211#9
0000 0037 2000 0000 0000 0000#1626598264533624#-48.5#4.123340357836604#9
0000 0033 2000 0000 0000 0000#1626598264535219#-47.5#1.055378782065321#9
0000 0032 2000 0000 0000 0000#1626598264536266#-46.5#1.4726215563702154#9
0000 003A 2000 0000 0000 0000#1626598264537330#-36.5#2.030990563160589#9
0000 0035 2000 0000 0000 0000#1626598264538391#-50.5#5.485515297479052#9
0000 002E 2000 0000 0000 0000#1626598264539590#-47.5#2.9145634969827183#9
0000 0036 2000 0000 0000 0000#1626598264541122#-50.0#5.056000676871073#9
0000 0034 2000 0000 0000 0000#1626598264542924#-49.5#0.3436116964863836#9
0C21 0537 8123 1003 2202 062F#1626598264544538#-67.0#5.810719224510809#9
0000 0037 2000 0000 0000 0000#1626598264815331#-50.5#0.11658253987930872#9
0000 003A 2000 0000 0000 0000#1626598264816626#-34.5#3.4606606574700063#9
0000 002F 2000 0000 0000 0000#1626598264817718#-45.5#4.086524818927348#9
0000 0039 2000 0000 0000 0000#1626598264819015#-43.0#4.614214209960009#9
0000 0001 0000 0000 0000 0000#1626598264820372#-64.5#0.16566992509164924#9
0000 0033 2000 0000 0000 0000#1626598264822131#-44.0#2.7979809571034093#9
0C21 0537 8123 1003 2202 062F#1626598264823731#-65.0#1.7241944055834606#9
0000 0034 2000 0000 0000 0000#1626598264824733#-46.5#2.313243028131547#9
0000 0038 2000 0000 0000 0000#1626598264825842#-48.0#5.565282298449106#9
0000 0032 2000 0000 0000 0000#1626598264826889#-44.0#3.1231848841351653#9
0000 002D 2000 0000 0000 0000#1626598264828440#-48.0#4.669437518323892#9
0000 003B 2000 0000 0000 0000#1626598264829990#-42.5#3.9392626632903265#9
0000 0036 2000 0000 0000 0000#1626598264831279#-49.0#1.2946797849754812#9
0000 0030 2000 0000 0000 0000#1626598264832323#-45.0#3.8840393549264434#9
0000 002E 2000 0000 0000 0000#1626598264834304#-45.5#4.4976316700806995#9
0000 0035 2000 0000 0000 0000#1626598264835850#-48.0#1.6198837120072371#9
0000 0031 2000 0000 0000 0000#1626598264837003#-43.5#3.3195344249845276#9
FFFF FFFF FFFF FFFF FFFF FFFF#1626598264840263#-69.0#0.7117670855789375#9
0000 0032 2000 0000 0000 0000#1626598264845301#-43.5#3.172272269347506#9
0000 002F 2000 0000 0000 0000#1626598264846565#-45.0#4.147884050442774#9
0000 0033 2000 0000 0000 0000#1626598264847896#-44.0#2.8409324191642074#9
0000 0030 2000 0000 0000 0000#1626598264848969#-44.5#3.9269908169872414#9
0000 0037 2000 0000 0000 0000#1626598264851214#-50.0#0.3190680038802134#9
0000 0034 2000 0000 0000 0000#1626598264852744#-45.5#2.3930100291016#9
0000 0001 0000 0000 0000 0000#1626598264854317#-65.0#0.03681553890925539#9
FFFF FFFF FFFF FFFF FFFF FFFF#1626598264855423#-67.5#0.4172427743048944#9
0000 002E 2000 0000 0000 0000#1626598264856963#-45.5#4.516039439535327#9
0000 003A 2000 0000 0000 0000#1626598264858766#-34.5#3.5772431973493153#9
0000 003B 2000 0000 0000 0000#1626598264859847#-42.0#3.9515345095934116#9
0000 0031 2000 0000 0000 0000#1626598264860899#-43.0#3.3747577333484107#9
0000 002D 2000 0000 0000 0000#1626598264861952#-48.0#4.718524903536232#9
0C21 0537 8123 1003 2202 062F#1626598264863281#-65.5#1.8960002538266525#9
0000 0035 2000 0000 0000 0000#1626598264864953#-47.0#1.748738098189631#9
0000 0039 2000 0000 0000 0000#1626598264867106#-43.0#4.7860200582032#9
0000 0038 2000 0000 0000 0000#1626598264869611#-48.0#5.810719224510809#9
0000 0036 2000 0000 0000 0000#1626598264871032#-48.5#1.4971652489763858#9
0000 003A 2000 0000 0000 0000#1626598265134638#-34.0#4.313553975534423#9
0000 0036 2000 0000 0000 0000#1626598265135674#-44.5#2.0923497946760143#9
0000 0032 2000 0000 0000 0000#1626598265136778#-41.0#3.6017868899554855#9
0000 003B 2000 0000 0000 0000#1626598265137875#-39.5#4.454680208019902#9
0000 0033 2000 0000 0000 0000#1626598265138937#-41.5#3.32567034813607#9
0000 002E 2000 0000 0000 0000#1626598265140005#-44.5#4.81056375080937#9
0000 0037 2000 0000 0000 0000#1626598265141553#-47.0#1.380582709097077#9
0000 002F 2000 0000 0000 0000#1626598265144011#-44.0#4.4976316700806995#9
0000 0035 2000 0000 0000 0000#1626598265145844#-44.0#2.3071071049800045#9
0000 0038 2000 0000 0000 0000#1626598265146909#-47.0#0.6565437772150544#9
0000 0034 2000 0000 0000 0000#1626598265148486#-42.0#2.84706834231575#9
0000 0031 2000 0000 0000 0000#1626598265149579#-41.5#3.77972866135022#9
0000 0039 2000 0000 0000 0000#1626598265150662#-42.5#5.700272607783043#9
0000 0030 2000 0000 0000 0000#1626598265152973#-42.5#4.313553975534423#9
FFFF FFFF FFFF FFFF FFFF FFFF#1626598265154937#-68.5#6.209554229361076#9
0000 002D 2000 0000 0000 0000#1626598265156530#-46.5#4.95168998329485#9
0C21 0537 8123 1003 2202 062F#1626598265157615#-66.0#1.4664856332186729#9
FFFF FFFF FFFF FFFF FFFF FFFF#1626598265165296#-68.0#6.2463697682703305#9
0000 002D 2000 0000 0000 0000#1626598265167699#-46.5#4.95168998329485#9
0000 002E 2000 0000 0000 0000#1626598265169919#-44.5#4.841243366567084#9
0000 0031 2000 0000 0000 0000#1626598265171195#-41.5#3.8288160465625602#9
0000 0038 2000 0000 0000 0000#1626598265173043#-47.5#0.7731263170943632#9
0000 0035 2000 0000 0000 0000#1626598265174416#-43.5#2.380738182798515#9
0000 0039 2000 0000 0000 0000#1626598265175729#-42.5#5.780039608753096#9
0000 0030 2000 0000 0000 0000#1626598265176814#-42.5#4.338097668140593#9
0000 003A 2000 0000 0000 0000#1626598265177835#-34.0#4.417864669110647#9
0000 003B 2000 0000 0000 0000#1626598265178944#-40.0#4.522175362686871#9
0000 002F 2000 0000 0000 0000#1626598265180550#-43.5#4.546719055293041#9
0000 0034 2000 0000 0000 0000#1626598265181570#-41.5#2.9145634969827183#9
0000 0036 2000 0000 0000 0000#1626598265182847#-44.0#2.184388641949153#9
0C21 0537 8123 1003 2202 062F#1626598265183877#-66.0#1.4848934026733007#9
0000 0032 2000 0000 0000 0000#1626598265184953#-41.0#3.6754179677739964#9
0000 0033 2000 0000 0000 0000#1626598265186029#-41.0#3.399301425954581#9
0000 0037 2000 0000 0000 0000#1626598265188802#-46.5#1.509437095279471#9
0C21 0537 8123 1003 2202 062F#1626598265453338#-68.5#1.6689710972195777#9
0000 003A 2000 0000 0000 0000#1626598265454611#-34.5#5.252350217720435#9
0000 0035 2000 0000 0000 0000#1626598265457329#-41.0#2.7550294950426117#9
0000 0033 2000 0000 0000 0000#1626598265458405#-39.5#3.693825737228624#9
0000 002F 2000 0000 0000 0000#1626598265459955#-43.0#4.71238898038469#9
0000 0036 2000 0000 0000 0000#1626598265461034#-41.5#2.6323110320117604#9
0000 0039 2000 0000 0000 0000#1626598265462592#-42.0#0.4970097752749477#9
0000 0031 2000 0000 0000 0000#1626598265463884#-39.5#4.086524818927348#9
0000 003B 2000 0000 0000 0000#1626598265465708#-40.5#5.197126909356553#9
0000 0030 2000 0000 0000 0000#1626598265466809#-41.5#4.534447208989955#9
0000 0038 2000 0000 0000 0000#1626598265468029#-44.5#1.6321555583103222#9
0000 0037 2000 0000 0000 0000#1626598265469097#-43.5#2.0923497946760143#9
FFFF FFFF FFFF FFFF FFFF FFFF#1626598265470404#-69.0#5.730952223540755#9
0000 0034 2000 0000 0000 0000#1626598265471437#-40.5#3.2643111166206444#9
0000 0032 2000 0000 0000 0000#1626598265473375#-39.5#3.9576704327449543#9
0000 002E 2000 0000 0000 0000#1626598265474658#-43.0#4.963961829597935#9
0000 002D 2000 0000 0000 0000#1626598265476065#-45.5#5.062136600022616#9
0000 0031 2000 0000 0000 0000#1626598265482584#-40.0#4.104932588381976#9
0000 002E 2000 0000 0000 0000#1626598265483597#-43.0#4.97623367590102#9
0000 003A 2000 0000 0000 0000#1626598265485379#-35.0#5.368932757599744#9
0000 002F 2000 0000 0000 0000#1626598265486469#-42.5#4.73693267299086#9
0000 0033 2000 0000 0000 0000#1626598265488286#-38.5#3.730641276137879#9
0000 0034 2000 0000 0000 0000#1626598265489847#-40.0#3.2949907323783574#9
0000 0039 2000 0000 0000 0000#1626598265490929#-42.0#0.619728238305799#9
0000 002D 2000 0000 0000 0000#1626598265492309#-45.5#5.062136600022616#9
0000 0032 2000 0000 0000 0000#1626598265493696#-38.5#3.9944859716542096#9
0000 0035 2000 0000 0000 0000#1626598265495268#-40.5#2.84706834231575#9
0000 0030 2000 0000 0000 0000#1626598265496584#-41.0#4.595806440505381#9
0000 0036 2000 0000 0000 0000#1626598265498974#-41.5#2.6875343403756435#9
0000 0037 2000 0000 0000 0000#1626598265500319#-43.0#2.1537090261914402#9
0000 0038 2000 0000 0000 0000#1626598265502250#-43.5#1.7241944055834606#9
0000 003B 2000 0000 0000 0000#1626598265503389#-40.5#5.3198453723874035#9
FFFF FFFF FFFF FFFF FFFF FFFF#1626598265504928#-69.0#5.829126993965437#9
0000 0031 2000 0000 0000 0000#1626598265768923#-40.0#3.877903431774901#9
0000 0038 2000 0000 0000 0000#1626598265770502#-41.0#1.6260196351587797#9
0000 0032 2000 0000 0000 0000#1626598265771536#-39.0#3.7429131224409646#9
0000 003B 2000 0000 0000 0000#1626598265773376#-39.5#5.706408530934585#9
0000 002F 2000 0000 0000 0000#1626598265776006#-42.0#4.430136515413731#9
0000 0037 2000 0000 0000 0000#1626598265777056#-40.5#1.9880391010997909#9
0000 0030 2000 0000 0000 0000#1626598265778129#-40.5#4.289010282928253#9
0000 0036 2000 0000 0000 0000#1626598265779675#-39.5#2.4850488763747385#9
0000 0034 2000 0000 0000 0000#1626598265781734#-39.0#3.0925052683774528#9
0000 003A 2000 0000 0000 0000#1626598265782782#-32.5#5.773903685601553#9
0000 0033 2000 0000 0000 0000#1626598265783858#-38.5#3.5342917352885173#9
0000 002E 2000 0000 0000 0000#1626598265785819#-43.0#4.632621979414636#9
0000 002D 2000 0000 0000 0000#1626598265788408#-46.0#4.700117134081604#9
0000 0039 2000 0000 0000 0000#1626598265789701#-39.0#0.8283496254582462#9
0000 0035 2000 0000 0000 0000#1626598265790750#-38.5#2.6445828783148455#9
FFFF FFFF FFFF FFFF FFFF FFFF#1626598265793291#-68.0#4.957825906446392#9
0000 0031 2000 0000 0000 0000#1626598265797869#-39.5#3.9085830475326135#9
0000 0034 2000 0000 0000 0000#1626598265798877#-39.0#3.0925052683774528#9
0000 0036 2000 0000 0000 0000#1626598265799923#-39.5#2.509592568980909#9
0000 0038 2000 0000 0000 0000#1626598265801232#-40.5#1.6751070203711202#9
0000 002E 2000 0000 0000 0000#1626598265802602#-43.0#4.638757902566179#9
0000 002D 2000 0000 0000 0000#1626598265803698#-46.0#4.706253057233147#9
0000 002F 2000 0000 0000 0000#1626598265804803#-41.5#4.460816131171445#9
0000 003A 2000 0000 0000 0000#1626598265805923#-32.0#5.8659425328746915#9
0000 0032 2000 0000 0000 0000#1626598265808082#-39.0#3.773592738198677#9
0000 0030 2000 0000 0000 0000#1626598265809166#-40.5#4.319689898685965#9
0000 0033 2000 0000 0000 0000#1626598265811154#-38.5#3.56497135104623#9
FFFF FFFF FFFF FFFF FFFF FFFF#1626598265812461#-68.0#4.95168998329485#9
0000 0037 2000 0000 0000 0000#1626598265814529#-40.0#2.0371264863121317#9
0000 003B 2000 0000 0000 0000#1626598265815796#-39.5#5.859806609723149#9
0000 0035 2000 0000 0000 0000#1626598265825531#-38.5#2.9084275738311756#9
0000 0039 2000 0000 0000 0000#1626598265828141#-38.0#1.1167380135807468#9
0000 0034 2000 0000 0000 0000#1626598266098807#-37.0#4.614214209960009#9
FFFF FFFF FFFF FFFF FFFF FFFF#1626598266099845#-68.5#0.07976700097005335#9
0000 002E 2000 0000 0000 0000#1626598266101672#-42.0#5.773903685601553#9
0000 003B 2000 0000 0000 0000#1626598266103224#-38.0#1.4971652489763858#9
0000 0031 2000 0000 0000 0000#1626598266104303#-37.5#5.227806525114265#9
0000 0030 2000 0000 0000 0000#1626598266105402#-40.0#5.5714182216006485#9
0000 0038 2000 0000 0000 0000#1626598266106949#-37.5#3.2459033471660166#9
0000 0033 2000 0000 0000 0000#1626598266108253#-36.5#4.988505522204105#9
0000 003A 2000 0000 0000 0000#1626598266110293#-30.0#1.4848934026733007#9
0000 0039 2000 0000 0000 0000#1626598266111358#-35.0#2.5464081078901644#9
0000 0035 2000 0000 0000 0000#1626598266113547#-36.5#4.190835512503572#9
0000 0032 2000 0000 0000 0000#1626598266114892#-36.5#5.1725832167503825#9
0000 002F 2000 0000 0000 0000#1626598266118651#-41.0#5.681864838328415#9
0000 0036 2000 0000 0000 0000#1626598266119672#-37.5#4.074252972624263#9
0000 002D 2000 0000 0000 0000#1626598266120924#-45.0#5.8045833013592665#9
0000 0037 2000 0000 0000 0000#1626598266122517#-38.0#3.5895150436524004#9
FFFF FFFF FFFF FFFF FFFF FFFF#1626598266128159#-68.0#0.1718058482431918#9
0000 002D 2000 0000 0000 0000#1626598266129240#-45.0#5.829126993965437#9
0000 002E 2000 0000 0000 0000#1626598266130353#-42.0#5.792311455056181#9
0000 003A 2000 0000 0000 0000#1626598266131711#-30.0#1.5401167110371838#9
0000 0038 2000 0000 0000 0000#1626598266132994#-37.5#3.2765829629237295#9
0000 003B 2000 0000 0000 0000#1626598266134075#-37.5#1.564660403643354#9
0000 0030 2000 0000 0000 0000#1626598266135872#-39.5#5.608233760509904#9
0000 0032 2000 0000 0000 0000#1626598266137288#-35.5#5.184855063053467#9
0000 0033 2000 0000 0000 0000#1626598266138447#-35.5#5.006913291658733#9
0000 0037 2000 0000 0000 0000#1626598266139973#-38.0#3.6263305825616556#9
0000 0036 2000 0000 0000 0000#1626598266140995#-37.0#4.104932588381976#9
0000 0039 2000 0000 0000 0000#1626598266142316#-35.0#2.6016314162540475#9
0000 0035 2000 0000 0000 0000#1626598266145156#-36.5#4.227651051412827#9
0000 002F 2000 0000 0000 0000#1626598266147861#-41.0#5.712544454086128#9
0000 0031 2000 0000 0000 0000#1626598266148885#-37.5#5.2768939103266055#9
0000 0034 2000 0000 0000 0000#1626598266150431#-37.5#4.669437518323892#9
0000 002D 2000 0000 0000 0000#1626598266421657#-45.5#5.681864838328415#9
0000 0035 2000 0000 0000 0000#1626598266422721#-35.5#4.381049130201391#9
0000 002E 2000 0000 0000 0000#1626598266424533#-42.5#5.700272607783043#9
0000 0032 2000 0000 0000 0000#1626598266425582#-37.0#5.283029833478148#9
0000 0030 2000 0000 0000 0000#1626598266427405#-39.5#5.620505606812989#9
0000 003A 2000 0000 0000 0000#1626598266440274#-27.0#1.7303303287350031#9
0000 0033 2000 0000 0000 0000#1626598266441449#-37.0#4.804427827657828#9
0000 0039 2000 0000 0000 0000#1626598266442996#-33.0#2.5586799541932495#9
0000 0038 2000 0000 0000 0000#1626598266444136#-36.0#3.160000423044421#9
0000 0031 2000 0000 0000 0000#1626598266445682#-37.5#4.988505522204105#9
0000 0037 2000 0000 0000 0000#1626598266446992#-36.5#3.454524734318464#9
0000 003B 2000 0000 0000 0000#1626598266448063#-34.5#1.846912868614312#9
0000 002F 2000 0000 0000 0000#1626598266449838#-41.0#5.301437602932776#9
0000 0036 2000 0000 0000 0000#1626598266450903#-37.0#3.9085830475326135#9
FFFF FFFF FFFF FFFF FFFF FFFF#1626598266451997#-68.5#5.724816300389213#9
0000 0034 2000 0000 0000 0000#1626598266453553#-36.0#4.442408361716817#9
0000 0032 2000 0000 0000 0000#1626598266459930#-37.0#4.95168998329485#9
0000 0038 2000 0000 0000 0000#1626598266461477#-36.0#3.172272269347506#9
0000 0036 2000 0000 0000 0000#1626598266462599#-37.0#3.9147189706841563#9
0000 003A 2000 0000 0000 0000#1626598266463915#-27.0#1.7671458676442586#9
0000 003B 2000 0000 0000 0000#1626598266465480#-34.5#1.88986433067511#9
0000 0039 2000 0000 0000 0000#1626598266466535#-32.5#2.5954954931025047#9
0000 002D 2000 0000 0000 0000#1626598266468604#-46.0#5.301437602932776#9
0000 0034 2000 0000 0000 0000#1626598266470257#-36.5#4.460816131171445#9
0000 002F 2000 0000 0000 0000#1626598266471679#-41.0#5.301437602932776#9
0000 0033 2000 0000 0000 0000#1626598266473707#-37.0#4.8351074434155406#9
0000 0037 2000 0000 0000 0000#1626598266476417#-36.5#3.479068426924634#9
0000 0031 2000 0000 0000 0000#1626598266477498#-37.5#5.013049214810275#9
0000 0035 2000 0000 0000 0000#1626598266478805#-36.0#4.0558452031696355#9
0000 0030 2000 0000 0000 0000#1626598266480006#-39.5#5.252350217720435#9
0000 002E 2000 0000 0000 0000#1626598266481075#-43.0#5.307573526084319#9
FFFF FFFF FFFF FFFF FFFF FFFF#1626598266482283#-69.0#5.5100589900852235#9
0000 003A 2000 0000 0000 0000#1626598266746146#-26.0#2.5770877236478773#9
0000 002E 2000 0000 0000 0000#1626598266747418#-44.0#5.5100589900852235#9
0000 003B 2000 0000 0000 0000#1626598266749245#-33.0#2.7857091108003242#9
0000 002D 2000 0000 0000 0000#1626598266750770#-47.0#5.418020142812084#9
0000 0036 2000 0000 0000 0000#1626598266753146#-36.0#4.442408361716817#9
0000 0039 2000 0000 0000 0000#1626598266754259#-32.0#3.3195344249845276#9
0000 0032 2000 0000 0000 0000#1626598266755334#-37.5#5.368932757599744#9
FFFF FFFF FFFF FFFF FFFF FFFF#1626598266756430#-69.0#5.884350302329319#9
0000 0031 2000 0000 0000 0000#1626598266757522#-38.5#5.387340527054372#9
0000 0035 2000 0000 0000 0000#1626598266759269#-35.5#4.571262747899211#9
0000 0037 2000 0000 0000 0000#1626598266761303#-36.0#4.06811704947272#9
0000 0034 2000 0000 0000 0000#1626598266762322#-36.5#4.945554060143307#9
0000 0038 2000 0000 0000 0000#1626598266763374#-35.0#3.847223816017188#9
0000 0033 2000 0000 0000 0000#1626598266764521#-37.5#5.264622064023521#9
0000 002F 2000 0000 0000 0000#1626598266766097#-42.5#5.559146375297564#9
0000 0030 2000 0000 0000 0000#1626598266768750#-40.5#5.546874528994478#9
0000 003B 2000 0000 0000 0000#1626598266773149#-33.0#2.859340188618835#9
0000 002D 2000 0000 0000 0000#1626598266774217#-47.0#5.418020142812084#9
0000 0037 2000 0000 0000 0000#1626598266776538#-36.0#4.074252972624263#9
0000 0039 2000 0000 0000 0000#1626598266777633#-32.0#3.368621810196868#9
0000 0031 2000 0000 0000 0000#1626598266780137#-38.5#5.399612373357457#9
0000 002E 2000 0000 0000 0000#1626598266781707#-44.0#5.491651220630596#9
0000 003A 2000 0000 0000 0000#1626598266783026#-25.5#2.650718801466388#9
0000 0034 2000 0000 0000 0000#1626598266784117#-36.5#4.963961829597935#9
FFFF FFFF FFFF FFFF FFFF FFFF#1626598266785412#-70.0#5.675728915176872#9
0000 0035 2000 0000 0000 0000#1626598266786445#-36.0#4.601942363656923#9
0000 0038 2000 0000 0000 0000#1626598266787753#-35.0#3.8717675086233583#9
0C21 0537 8123 1003 2202 062F#1626598266788837#-67.0#1.337631247036279#9
0000 0033 2000 0000 0000 0000#1626598266789856#-37.5#5.289165756629691#9
0000 002F 2000 0000 0000 0000#1626598266791190#-42.0#5.565282298449106#9
0000 0030 2000 0000 0000 0000#1626598266792876#-41.0#5.546874528994478#9
0000 0032 2000 0000 0000 0000#1626598266794291#-36.5#5.3627968344482015#9
0000 0036 2000 0000 0000 0000#1626598266796963#-36.0#4.491495746929157#9
0000 0038 2000 0000 0000 0000#1626598267063384#-35.0#3.785864584501762#9
0000 0032 2000 0000 0000 0000#1626598267064771#-37.5#5.049864753719531#9
0C21 0537 8123 1003 2202 062F#1626598267066600#-66.0#0.6013204688511713#9
0000 0037 2000 0000 0000 0000#1626598267069241#-36.5#3.9638063558964967#9
0000 003B 2000 0000 0000 0000#1626598267071058#-33.0#3.067961575771282#9
0000 002D 2000 0000 0000 0000#1626598267072112#-48.5#4.779884135051658#9
0000 0039 2000 0000 0000 0000#1626598267073459#-31.5#3.368621810196868#9
0000 003A 2000 0000 0000 0000#1626598267074505#-25.5#2.742757648739526#9
0000 0035 2000 0000 0000 0000#1626598267078288#-36.0#4.3933209765044765#9
0000 0030 2000 0000 0000 0000#1626598267079388#-41.5#5.098952138931871#9
0000 0033 2000 0000 0000 0000#1626598267080832#-38.0#5.019185137961818#9
0000 002E 2000 0000 0000 0000#1626598267081903#-45.0#4.908738521234052#9
0000 0034 2000 0000 0000 0000#1626598267082963#-37.5#4.7307967498393175#9
0000 0036 2000 0000 0000 0000#1626598267084014#-36.5#4.319689898685965#9
0000 0031 2000 0000 0000 0000#1626598267086774#-40.0#5.0253210611133605#9
0000 002F 2000 0000 0000 0000#1626598267088121#-43.0#5.0682725231741586#9
0000 002E 2000 0000 0000 0000#1626598267095195#-45.0#4.890330751779424#9
0000 0031 2000 0000 0000 0000#1626598267096275#-39.5#5.019185137961818#9
0000 0037 2000 0000 0000 0000#1626598267097596#-36.5#3.9822141253511245#9
0000 0035 2000 0000 0000 0000#1626598267099130#-36.5#4.411728745959104#9
0000 0034 2000 0000 0000 0000#1626598267101484#-38.0#4.743068596142402#9
0000 0033 2000 0000 0000 0000#1626598267102642#-38.5#5.0253210611133605#9
0000 002F 2000 0000 0000 0000#1626598267103965#-43.5#5.056000676871073#9
0000 0039 2000 0000 0000 0000#1626598267105087#-31.5#3.399301425954581#9
0000 0036 2000 0000 0000 0000#1626598267106353#-36.5#4.338097668140593#9
0000 003A 2000 0000 0000 0000#1626598267108380#-25.5#2.804116880254952#9
0000 0038 2000 0000 0000 0000#1626598267110201#-35.0#3.8410878928656453#9
0000 003B 2000 0000 0000 0000#1626598267111256#-33.0#3.160000423044421#9
0C21 0537 8123 1003 2202 062F#1626598267113441#-65.0#1.012427320004523#9
0000 0030 2000 0000 0000 0000#1626598267114881#-42.0#5.080544369477243#9
0000 002D 2000 0000 0000 0000#1626598267116188#-49.5#4.724660826687775#9
0000 0032 2000 0000 0000 0000#1626598267117463#-39.0#5.031456984264903#9
0000 0035 2000 0000 0000 0000#1626598267383011#-36.5#5.1725832167503825#9
0000 0030 2000 0000 0000 0000#1626598267384024#-43.0#5.583690067903734#9
0000 0034 2000 0000 0000 0000#1626598267385153#-37.0#5.418020142812084#9
0000 0033 2000 0000 0000 0000#1626598267387156#-39.5#5.632777453116074#9
0000 002E 2000 0000 0000 0000#1626598267388238#-46.0#5.270757987175063#9
0000 003A 2000 0000 0000 0000#1626598267389811#-25.5#4.061981126321178#9
0000 0032 2000 0000 0000 0000#1626598267391329#-40.0#5.577554144752192#9
0000 002F 2000 0000 0000 0000#1626598267392377#-45.0#5.491651220630596#9
0000 003B 2000 0000 0000 0000#1626598267393714#-32.0#4.473087977474529#9
0000 002D 2000 0000 0000 0000#1626598267395053#-49.5#5.105088062083414#9
0000 0039 2000 0000 0000 0000#1626598267396146#-31.5#4.540583132141498#9
0C21 0537 8123 1003 2202 062F#1626598267397194#-65.5#2.5157284921324514#9
0000 0037 2000 0000 0000 0000#1626598267398443#-35.5#4.945554060143307#9
0000 0036 2000 0000 0000 0000#1626598267401321#-36.5#5.166447293598839#9
0000 0031 2000 0000 0000 0000#1626598267402400#-41.0#5.522330836388308#9
FFFF FFFF FFFF FFFF FFFF FFFF#1626598267404658#-69.5#0.2699806186678728#9
0000 0038 2000 0000 0000 0000#1626598267406578#-34.0#4.871922982324796#9
0000 0034 2000 0000 0000 0000#1626598267413287#-38.0#5.399612373357457#9
0000 0038 2000 0000 0000 0000#1626598267414952#-34.0#4.884194828627882#9
0000 0036 2000 0000 0000 0000#1626598267416018#-36.5#5.129631754689584#9
0000 0033 2000 0000 0000 0000#1626598267417094#-39.5#5.608233760509904#9
0000 0037 2000 0000 0000 0000#1626598267418161#-35.5#4.957825906446392#9
0000 0030 2000 0000 0000 0000#1626598267419216#-43.5#5.516194913236766#9
0000 0032 2000 0000 0000 0000#1626598267420372#-39.0#5.559146375297564#9
0000 002F 2000 0000 0000 0000#1626598267421409#-45.0#5.442563835418255#9
0000 002D 2000 0000 0000 0000#1626598267422990#-49.5#5.049864753719531#9
0000 0035 2000 0000 0000 0000#1626598267424036#-36.0#5.1725832167503825#9
0C21 0537 8123 1003 2202 062F#1626598267425808#-65.0#2.3623304133438876#9
0000 0031 2000 0000 0000 0000#1626598267426900#-41.0#5.491651220630596#9
0000 0039 2000 0000 0000 0000#1626598267428381#-31.5#4.589670517353839#9
0000 003A 2000 0000 0000 0000#1626598267429538#-24.0#4.104932588381976#9
0000 003B 2000 0000 0000 0000#1626598267431589#-32.0#4.534447208989955#9
FFFF FFFF FFFF FFFF FFFF FFFF#1626598267432982#-69.0#0.28225246497095796#9
0000 002E 2000 0000 0000 0000#1626598267434321#-46.0#5.190990986205009#9
0000 0032 2000 0000 0000 0000#1626598267699375#-40.0#4.663301595172349#9
0000 002F 2000 0000 0000 0000#1626598267701273#-46.5#4.503767593232243#9
0000 0034 2000 0000 0000 0000#1626598267702606#-38.5#4.620350133111551#9
0000 003B 2000 0000 0000 0000#1626598267703673#-32.0#4.319689898685965#9
0000 0039 2000 0000 0000 0000#1626598267705182#-31.5#4.1601558967458585#9
FFFF FFFF FFFF FFFF FFFF FFFF#1626598267706490#-69.0#5.540738605842936#9
0000 0037 2000 0000 0000 0000#1626598267707809#-35.5#4.362641360746763#9
0000 002E 2000 0000 0000 0000#1626598267708877#-47.5#4.252194744018997#9
0000 003A 2000 0000 0000 0000#1626598267709979#-26.0#3.749049045592507#9
0000 0036 2000 0000 0000 0000#1626598267711337#-37.0#4.454680208019902#9
0000 0038 2000 0000 0000 0000#1626598267712775#-34.5#4.374913207049849#9
0000 0035 2000 0000 0000 0000#1626598267713867#-36.5#4.448544284868359#9
0000 0031 2000 0000 0000 0000#1626598267714904#-42.0#4.571262747899211#9
0000 0033 2000 0000 0000 0000#1626598267716165#-40.5#4.724660826687775#9
0000 002D 2000 0000 0000 0000#1626598267717246#-51.5#4.031301510563465#9
0000 0030 2000 0000 0000 0000#1626598267718901#-44.5#4.565126824747668#9
0C21 0537 8123 1003 2202 062F#1626598267720485#-65.0#1.4542137869155878#9
0000 0037 2000 0000 0000 0000#1626598267724771#-36.0#4.3503695144436785#9
0000 003B 2000 0000 0000 0000#1626598267725881#-32.0#4.344233591292136#9
0000 0033 2000 0000 0000 0000#1626598267727010#-39.5#4.700117134081604#9
0000 0035 2000 0000 0000 0000#1626598267728089#-36.5#4.442408361716817#9
0000 0039 2000 0000 0000 0000#1626598267729201#-31.5#4.1601558967458585#9
FFFF FFFF FFFF FFFF FFFF FFFF#1626598267730294#-69.0#5.344389064993574#9
0000 002D 2000 0000 0000 0000#1626598267731317#-52.0#4.006757817957295#9
0000 0034 2000 0000 0000 0000#1626598267732747#-37.5#4.546719055293041#9
0000 0036 2000 0000 0000 0000#1626598267735049#-37.0#4.4362724385652745#9
0000 003A 2000 0000 0000 0000#1626598267736823#-26.0#3.761320891895592#9
0000 0031 2000 0000 0000 0000#1626598267738090#-42.0#4.528311285838413#9
0000 0030 2000 0000 0000 0000#1626598267739147#-44.5#4.522175362686871#9
0C21 0537 8123 1003 2202 062F#1626598267740519#-65.5#1.2885438618239387#9
0000 002F 2000 0000 0000 0000#1626598267741579#-46.0#4.411728745959104#9
0000 0032 2000 0000 0000 0000#1626598267742753#-40.5#4.601942363656923#9
0000 002E 2000 0000 0000 0000#1626598267743836#-48.0#4.196971435655114#9
0000 0038 2000 0000 0000 0000#1626598267745627#-34.0#4.362641360746763#9
0000 002F 2000 0000 0000 0000#1626598268014425#-48.0#4.147884050442774#9
0000 0036 2000 0000 0000 0000#1626598268015547#-36.5#4.3933209765044765#9
0000 003A 2000 0000 0000 0000#1626598268016661#-24.0#4.123340357836604#9
0000 0038 2000 0000 0000 0000#1626598268018411#-33.5#4.479223900626073#9
0000 0030 2000 0000 0000 0000#1626598268019723#-46.0#4.239922897715912#9
0000 0039 2000 0000 0000 0000#1626598268020761#-31.0#4.368777283898306#9
0000 0034 2000 0000 0000 0000#1626598268021835#-38.0#4.387185053352934#9
0000 002E 2000 0000 0000 0000#1626598268024651#-50.5#3.877903431774901#9
0000 0035 2000 0000 0000 0000#1626598268026440#-36.5#4.325825821837508#9
0000 0031 2000 0000 0000 0000#1626598268027476#-43.0#4.252194744018997#9
0000 0032 2000 0000 0000 0000#1626598268028632#-41.0#4.338097668140593#9
0000 003B 2000 0000 0000 0000#1626598268029958#-32.0#4.7860200582032#9
0C21 0537 8123 1003 2202 062F#1626598268031487#-66.0#1.6505633277649499#9
0000 0033 2000 0000 0000 0000#1626598268033360#-41.0#4.448544284868359#9
FFFF FFFF FFFF FFFF FFFF FFFF#1626598268035955#-69.0#5.945709533844745#9
0000 002D 2000 0000 0000 0000#1626598268037260#-54.0#3.5711072741977725#9
0000 0037 2000 0000 0000 0000#1626598268039510#-35.0#4.374913207049849#9
0000 0034 2000 0000 0000 0000#1626598268044942#-38.5#4.374913207049849#9
0000 002D 2000 0000 0000 0000#1626598268046990#-54.0#3.5465635815916023#9
0000 003B 2000 0000 0000 0000#1626598268047986#-32.0#4.798291904506286#9
0000 0036 2000 0000 0000 0000#1626598268050034#-36.5#4.3503695144436785#9
0000 0032 2000 0000 0000 0000#1626598268051203#-40.5#4.301282129231338#9
0000 003A 2000 0000 0000 0000#1626598268052224#-25.5#4.1172044346850605#9
0000 0037 2000 0000 0000 0000#1626598268053274#-35.0#4.362641360746763#9
0000 002E 2000 0000 0000 0000#1626598268054343#-50.5#3.7981364308048478#9
0000 0039 2000 0000 0000 0000#1626598268055923#-31.0#4.356505437595221#9
0000 0038 2000 0000 0000 0000#1626598268057016#-33.5#4.454680208019902#9
0000 0033 2000 0000 0000 0000#1626598268058050#-40.5#4.405592822807561#9
0000 0031 2000 0000 0000 0000#1626598268059813#-43.5#4.196971435655114#9
0C21 0537 8123 1003 2202 062F#1626598268060900#-65.0#1.6751070203711202#9
0000 0035 2000 0000 0000 0000#1626598268062205#-36.5#4.289010282928253#9
0000 0030 2000 0000 0000 0000#1626598268065716#-46.5#4.1601558967458585#9
0000 002F 2000 0000 0000 0000#1626598268068077#-48.0#4.061981126321178#9
FFFF FFFF FFFF FFFF FFFF FFFF#1626598268069754#-69.5#5.93343768754166#9
0000 003A 2000 0000 0000 0000#1626598268337595#-26.0#3.718369429834794#9
0000 0031 2000 0000 0000 0000#1626598268338901#-45.5#3.2397674240144743#9
0000 0030 2000 0000 0000 0000#1626598268339942#-49.0#3.1661363461959633#9
0000 002D 2000 0000 0000 0000#1626598268342233#-57.0#2.3193789512830896#9
0000 0033 2000 0000 0000 0000#1626598268343293#-42.0#3.5465635815916023#9
0000 0034 2000 0000 0000 0000#1626598268345790#-39.0#3.5342917352885173#9
0000 0035 2000 0000 0000 0000#1626598268346825#-37.0#3.5281558121369745#9
0000 003B 2000 0000 0000 0000#1626598268348377#-32.0#4.552854978444583#9
0000 002E 2000 0000 0000 0000#1626598268349731#-53.0#2.60776733940559#9
0000 0038 2000 0000 0000 0000#1626598268351093#-34.0#3.8840393549264434#9
0000 0036 2000 0000 0000 0000#1626598268352332#-37.0#3.5956509668039427#9
0000 0037 2000 0000 0000 0000#1626598268353422#-35.5#3.7122335066832517#9
0000 0039 2000 0000 0000 0000#1626598268354704#-31.5#3.877903431774901#9
0000 0032 2000 0000 0000 0000#1626598268355795#-44.0#3.3195344249845276#9
0C21 0537 8123 1003 2202 062F#1626598268356865#-65.0#0.9081166264282996#9
0000 002F 2000 0000 0000 0000#1626598268358841#-51.0#2.9391071895888885#9
0000 0035 2000 0000 0000 0000#1626598268365289#-37.0#3.497476196379262#9
0000 0038 2000 0000 0000 0000#1626598268366424#-34.0#3.877903431774901#9
0000 0036 2000 0000 0000 0000#1626598268367673#-37.0#3.5711072741977725#9
0000 0032 2000 0000 0000 0000#1626598268368734#-44.5#3.2888548092268146#9
0000 003A 2000 0000 0000 0000#1626598268370266#-26.0#3.7122335066832517#9
0000 002D 2000 0000 0000 0000#1626598268371348#-57.0#2.1966604882522383#9
0000 0031 2000 0000 0000 0000#1626598268372428#-46.0#3.1661363461959633#9
0000 0039 2000 0000 0000 0000#1626598268374462#-31.5#3.859495662320273#9
0000 002E 2000 0000 0000 0000#1626598268375544#-53.0#2.552544031041707#9
0C21 0537 8123 1003 2202 062F#1626598268377114#-65.0#0.9326603190344698#9
0000 0030 2000 0000 0000 0000#1626598268378424#-49.0#3.055689729468197#9
0000 003B 2000 0000 0000 0000#1626598268379492#-32.0#4.552854978444583#9
0000 0034 2000 0000 0000 0000#1626598268381095#-39.5#3.479068426924634#9
0000 0033 2000 0000 0000 0000#1626598268383124#-42.5#3.4606606574700063#9
0000 0037 2000 0000 0000 0000#1626598268385542#-35.5#3.6692820446224537#9
0000 002F 2000 0000 0000 0000#1626598268386947#-51.0#2.8838838812250054#9
0000 0035 2000 0000 0000 0000#1626598268654945#-37.0#3.8288160465625602#9
0000 003B 2000 0000 0000 0000#1626598268656126#-31.5#5.283029833478148#9
0000 0037 2000 0000 0000 0000#1626598268657234#-35.0#4.1417481272912315#9
0000 002D 2000 0000 0000 0000#1626598268659235#-58.5#1.7794177139473437#9
0000 003A 2000 0000 0000 0000#1626598268660522#-25.0#4.424000592262189#9
0000 0036 2000 0000 0000 0000#1626598268661844#-37.0#3.9392626632903265#9
0000 0039 2000 0000 0000 0000#1626598268663167#-30.5#4.424000592262189#9
0000 0033 2000 0000 0000 0000#1626598268664355#-42.0#3.5895150436524004#9
0000 0032 2000 0000 0000 0000#1626598268665510#-44.0#3.3195344249845276#9
0000 002E 2000 0000 0000 0000#1626598268666595#-55.0#2.2027964114037806#9
0000 0038 2000 0000 0000 0000#1626598268667719#-33.0#4.356505437595221#9
0000 0034 2000 0000 0000 0000#1626598268669864#-39.5#3.7122335066832517#9
0000 0031 2000 0000 0000 0000#1626598268671963#-47.5#3.11091303783208#9
0C21 0537 8123 1003 2202 062F#1626598268673078#-64.5#2.098485717827557#9
0000 002F 2000 0000 0000 0000#1626598268675844#-52.5#2.6875343403756435#9
0000 0030 2000 0000 0000 0000#1626598268676883#-51.0#2.8532042654672924#9
0000 002F 2000 0000 0000 0000#1626598268682106#-52.5#2.6384469551633027#9
0000 0034 2000 0000 0000 0000#1626598268683225#-39.5#3.6876898140770815#9
0000 003A 2000 0000 0000 0000#1626598268684797#-25.0#4.399456899656019#9
0000 0037 2000 0000 0000 0000#1626598268686331#-35.0#4.09266074207889#9
0C21 0537 8123 1003 2202 062F#1626598268687916#-65.0#2.0064468705544187#9
0000 0033 2000 0000 0000 0000#1626598268688962#-43.0#3.522019888985432#9
0000 0039 2000 0000 0000 0000#1626598268690271#-30.5#4.399456899656019#9
0000 002E 2000 0000 0000 0000#1626598268700823#-54.5#1.859184714917397#9
0000 0035 2000 0000 0000 0000#1626598268701902#-37.0#3.5281558121369745#9
0000 0030 2000 0000 0000 0000#1626598268702972#-51.0#2.5709518004963345#9
0000 0038 2000 0000 0000 0000#1626598268705861#-33.5#4.111068511533518#9
0000 002D 2000 0000 0000 0000#1626598268706956#-58.5#1.3621749396424494#9
0000 0032 2000 0000 0000 0000#1626598268708515#-45.5#2.9575149590435164#9
0000 0031 2000 0000 0000 0000#1626598268709893#-47.0#2.773437264497239#9
0000 003B 2000 0000 0000 0000#1626598268712653#-31.0#5.117359908386499#9
0000 0036 2000 0000 0000 0000#1626598268714800#-37.0#3.6201946594101133#9
0000 0030 2000 0000 0000 0000#1626598268981499#-53.0#1.043106935762236#9
0000 0031 2000 0000 0000 0000#1626598268983048#-49.5#1.521708941582556#9
0000 0033 2000 0000 0000 0000#1626598268984942#-45.5#2.116893487282185#9
0000 003B 2000 0000 0000 0000#1626598268986522#-32.0#4.589670517353839#9
0000 0032 2000 0000 0000 0000#1626598268987610#-47.5#1.761009944492716#9
0000 003A 2000 0000 0000 0000#1626598268988743#-26.0#3.485204350076177#9
0000 0037 2000 0000 0000 0000#1626598268989780#-36.5#2.9329712664373457#9
0000 0038 2000 0000 0000 0000#1626598268990860#-34.5#3.2520392703175593#9
0000 0039 2000 0000 0000 0000#1626598268992892#-31.5#3.399301425954581#9
0000 002E 2000 0000 0000 0000#1626598268993905#-51.0#5.93343768754166#9
0000 0034 2000 0000 0000 0000#1626598268995196#-41.5#2.36846633649543#9
0000 0035 2000 0000 0000 0000#1626598268996488#-38.5#2.497320722677824#9
0000 0036 2000 0000 0000 0000#1626598268997936#-38.0#2.6384469551633027#9
0000 002D 2000 0000 0000 0000#1626598268999058#-48.5#5.47937937432751#9
0C21 0537 8123 1003 2202 062F#1626598269001293#-65.0#0.9387962421860124#9
0000 002F 2000 0000 0000 0000#1626598269002870#-55.0#0.7853981633974483#9
0C21 0537 8123 1003 2202 062F#1626598269008389#-65.0#0.9694758579437253#9
0000 003B 2000 0000 0000 0000#1626598269010323#-32.5#4.558990901596125#9
0000 002D 2000 0000 0000 0000#1626598269011604#-48.0#5.405748296509#9
0000 0033 2000 0000 0000 0000#1626598269012895#-45.5#2.030990563160589#9
0000 003A 2000 0000 0000 0000#1626598269014012#-26.0#3.4606606574700063#9
0000 0039 2000 0000 0000 0000#1626598269016077#-32.0#3.3440781175906977#9
0000 0036 2000 0000 0000 0000#1626598269017157#-38.0#2.5832236467994196#9
0000 0034 2000 0000 0000 0000#1626598269018248#-41.5#2.3071071049800045#9
0000 0038 2000 0000 0000 0000#1626598269019267#-35.0#3.2029518851052186#9
0000 0037 2000 0000 0000 0000#1626598269020934#-36.5#2.8777479580734626#9
0000 0031 2000 0000 0000 0000#1626598269021997#-50.0#1.380582709097077#9
0000 0030 2000 0000 0000 0000#1626598269023352#-53.5#0.8713010875190442#9
0000 0032 2000 0000 0000 0000#1626598269024712#-48.0#1.6321555583103222#9
0000 0035 2000 0000 0000 0000#1626598269025776#-38.5#2.442097414313941#9
0000 002E 2000 0000 0000 0000#1626598269027173#-49.5#5.700272607783043#9
0000 002F 2000 0000 0000 0000#1626598269028221#-54.5#0.6504078540635119#9
0000 0032 2000 0000 0000 0000#1626598269293263#-51.0#0.7179030087304801#9
0000 0030 2000 0000 0000 0000#1626598269294379#-47.0#5.264622064023521#9
0000 0037 2000 0000 0000 0000#1626598269295444#-37.5#2.5464081078901644#9
0000 003B 2000 0000 0000 0000#1626598269299529#-33.0#4.442408361716817#9
0000 0036 2000 0000 0000 0000#1626598269300807#-40.0#2.1905245651006955#9
0000 0035 2000 0000 0000 0000#1626598269303784#-40.0#2.000310947402876#9
0000 002F 2000 0000 0000 0000#1626598269312886#-46.5#4.362641360746763#9
0000 0033 2000 0000 0000 0000#1626598269313919#-49.5#0.6565437772150544#9
0000 0034 2000 0000 0000 0000#1626598269314981#-44.0#1.1596894756415448#9
0000 0039 2000 0000 0000 0000#1626598269316105#-33.5#2.411417798556228#9
0000 003A 2000 0000 0000 0000#1626598269317180#-27.0#2.5464081078901644#9
0000 0038 2000 0000 0000 0000#1626598269318249#-36.0#2.2580197197676637#9
FFFF FFFF FFFF FFFF FFFF FFFF#1626598269319256#-70.0#5.209398755659637#9
0000 002D 2000 0000 0000 0000#1626598269320261#-52.5#3.902447124381071#9
0000 002E 2000 0000 0000 0000#1626598269321418#-48.0#3.9576704327449543#9
0000 0031 2000 0000 0000 0000#1626598269322497#-51.5#5.8475347634200645#9
0C21 0537 8123 1003 2202 062F#1626598269323810#-64.0#6.160466844148735#9
0C21 0537 8123 1003 2202 062F#1626598269327867#-65.0#0.006135923151542565#9
0000 0032 2000 0000 0000 0000#1626598269328926#-51.0#6.2034183062095325#9
0000 0039 2000 0000 0000 0000#1626598269330307#-33.5#2.3930100291016#9
0000 0035 2000 0000 0000 0000#1626598269331628#-41.0#1.3560390164909069#9
FFFF FFFF FFFF FFFF FFFF FFFF#1626598269332678#-68.5#5.411884219660542#9
0000 0031 2000 0000 0000 0000#1626598269333727#-51.5#5.730952223540755#9
0000 002F 2000 0000 0000 0000#1626598269335987#-46.0#4.252194744018997#9
0000 0036 2000 0000 0000 0000#1626598269338039#-41.5#1.521708941582556#9
0000 0034 2000 0000 0000 0000#1626598269339387#-44.0#1.0799224746714913#9
0000 0033 2000 0000 0000 0000#1626598269340419#-49.5#0.5583690067903734#9
0000 003A 2000 0000 0000 0000#1626598269341477#-27.5#2.509592568980909#9
0000 0030 2000 0000 0000 0000#1626598269343048#-46.0#4.399456899656019#9
0000 002E 2000 0000 0000 0000#1626598269344585#-48.5#3.890175278077986#9
0000 002D 2000 0000 0000 0000#1626598269345678#-54.0#3.8533597391687304#9
0000 0038 2000 0000 0000 0000#1626598269347389#-36.0#2.1905245651006955#9
0000 003B 2000 0000 0000 0000#1626598269349756#-34.0#3.767456815047135#9
0000 0037 2000 0000 0000 0000#1626598269351177#-38.5#1.8714565612204823#9
0000 0033 2000 0000 0000 0000#1626598269616820#-49.0#5.491651220630596#9
0000 0035 2000 0000 0000 0000#1626598269618954#-44.5#0.760854470791278#9
0000 0037 2000 0000 0000 0000#1626598269620004#-41.0#1.5155730184310134#9
0000 003B 2000 0000 0000 0000#1626598269621315#-34.5#3.5772431973493153#9
0000 0032 2000 0000 0000 0000#1626598269622658#-44.5#4.442408361716817#9
0000 003A 2000 0000 0000 0000#1626598269623752#-29.0#2.2457478734645786#9
0000 0039 2000 0000 0000 0000#1626598269624848#-35.0#2.0923497946760143#9
0C21 0537 8123 1003 2202 062F#1626598269626190#-65.0#0.23930100291016002#9
0000 0036 2000 0000 0000 0000#1626598269627239#-44.0#0.9756117810952678#9
0000 002D 2000 0000 0000 0000#1626598269628323#-66.0#2.0064468705544187#9
0000 0034 2000 0000 0000 0000#1626598269629382#-47.0#0.20248546400090464#9
0000 0038 2000 0000 0000 0000#1626598269630691#-38.0#1.8837284075235674#9
0000 002F 2000 0000 0000 0000#1626598269632084#-50.0#3.6386024288647407#9
0000 0031 2000 0000 0000 0000#1626598269633632#-43.5#4.0128937411088375#9
0000 002E 2000 0000 0000 0000#1626598269634743#-61.0#3.08636934522591#9
0000 0030 2000 0000 0000 0000#1626598269636308#-46.5#3.736777199289422#9
FFFF FFFF FFFF FFFF FFFF FFFF#1626598269637715#-68.5#5.712544454086128#9
0000 003B 2000 0000 0000 0000#1626598269642668#-34.5#3.5588354278946874#9
0000 0034 2000 0000 0000 0000#1626598269643702#-47.0#0.14112623248547898#9
0000 0030 2000 0000 0000 0000#1626598269644786#-46.5#3.718369429834794#9
0000 0037 2000 0000 0000 0000#1626598269647580#-41.0#1.4664856332186729#9
0000 003A 2000 0000 0000 0000#1626598269648885#-29.0#2.1966604882522383#9
0000 0032 2000 0000 0000 0000#1626598269650218#-43.5#4.289010282928253#9
0000 002D 2000 0000 0000 0000#1626598269651285#-66.0#1.9634954084936207#9
0000 0033 2000 0000 0000 0000#1626598269652617#-47.5#5.21553467881118#9
0000 0039 2000 0000 0000 0000#1626598269653671#-35.0#2.0371264863121317#9
0C21 0537 8123 1003 2202 062F#1626598269654998#-65.5#0.25770877236478773#9
0000 002F 2000 0000 0000 0000#1626598269657052#-51.0#3.552699504743145#9
0000 0038 2000 0000 0000 0000#1626598269658304#-38.5#1.8223691760081417#9
0000 0035 2000 0000 0000 0000#1626598269659637#-44.5#0.5829126993965437#9
0000 002E 2000 0000 0000 0000#1626598269661334#-62.0#2.8716120349219203#9
FFFF FFFF FFFF FFFF FFFF FFFF#1626598269662413#-68.0#5.737088146692298#9
0000 0036 2000 0000 0000 0000#1626598269664801#-44.0#0.8651651643675016#9
0000 0031 2000 0000 0000 0000#1626598269666936#-43.5#3.8963112012295285#9
0000 0034 2000 0000 0000 0000#1626598269935582#-42.0#5.062136600022616#9
FFFF FFFF FFFF FFFF FFFF FFFF#1626598269936592#-68.5#0.36815538909255385#9
0000 0032 2000 0000 0000 0000#1626598269937633#-43.0#4.01902966426038#9
0000 003A 2000 0000 0000 0000#1626598269938726#-31.0#2.325514874434632#9
0000 002E 2000 0000 0000 0000#1626598269939765#-60.0#0.4663301595172349#9
0000 0038 2000 0000 0000 0000#1626598269940832#-42.0#1.7916895602504288#9
0000 0033 2000 0000 0000 0000#1626598269941909#-40.0#4.289010282928253#9
0000 0030 2000 0000 0000 0000#1626598269942967#-58.5#3.356349963893783#9
0000 0039 2000 0000 0000 0000#1626598269944032#-38.0#2.1046216409791#9
0000 003B 2000 0000 0000 0000#1626598269945343#-35.5#3.6692820446224537#9
0000 002D 2000 0000 0000 0000#1626598269949056#-58.0#5.583690067903734#9
0000 0037 2000 0000 0000 0000#1626598269950136#-44.5#1.1167380135807468#9
0000 0035 2000 0000 0000 0000#1626598269951923#-45.0#5.976389149602458#9
0000 002F 2000 0000 0000 0000#1626598269953332#-60.5#2.4850488763747385#9
0000 0031 2000 0000 0000 0000#1626598269956006#-47.0#3.80427235395639#9
0000 0036 2000 0000 0000 0000#1626598269958599#-46.0#0.07363107781851078#9
0C21 0537 8123 1003 2202 062F#1626598269960043#-64.5#1.3192234775816514#9
0000 003A 2000 0000 0000 0000#1626598269964536#-31.0#2.2886993355253766#9
0000 0039 2000 0000 0000 0000#1626598269965590#-38.0#2.073942025221387#9
FFFF FFFF FFFF FFFF FFFF FFFF#1626598269966668#-68.0#0.1595340019401067#9
0000 003B 2000 0000 0000 0000#1626598269967763#-35.5#3.6386024288647407#9
0000 0030 2000 0000 0000 0000#1626598269968801#-59.0#3.227495577711389#9
0000 0035 2000 0000 0000 0000#1626598269970379#-45.0#5.853670686571607#9
0000 0033 2000 0000 0000 0000#1626598269971709#-40.0#4.2092432819582#9
0000 0036 2000 0000 0000 0000#1626598269972961#-46.5#0.0#9
0000 0038 2000 0000 0000 0000#1626598269974297#-43.0#1.7119225592803755#9
0C21 0537 8123 1003 2202 062F#1626598269976622#-65.0#1.337631247036279#9
0000 0032 2000 0000 0000 0000#1626598269977724#-44.5#3.9699422790480394#9
0000 0031 2000 0000 0000 0000#1626598269979515#-48.5#3.785864584501762#9
0000 0034 2000 0000 0000 0000#1626598269980592#-41.0#4.81056375080937#9
0000 0037 2000 0000 0000 0000#1626598269981884#-45.0#0.9940195505498954#9
0000 002E 2000 0000 0000 0000#1626598269983523#-59.0#6.19728238305799#9
0000 002D 2000 0000 0000 0000#1626598269986396#-56.0#5.313709449235861#9
0000 002F 2000 0000 0000 0000#1626598269987576#-60.5#2.1230294104337273#9
0000 0039 2000 0000 0000 0000#1626598270252642#-43.5#0.9572040116406401#9
0C21 0537 8123 1003 2202 062F#1626598270254340#-65.5#0.6688156235181395#9
0000 0034 2000 0000 0000 0000#1626598270255527#-40.0#3.6079228131070282#9
0000 0038 2000 0000 0000 0000#1626598270256622#-47.5#0.1227184630308513#9
0000 002F 2000 0000 0000 0000#1626598270257673#-62.0#5.178719139901925#9
0000 0037 2000 0000 0000 0000#1626598270259019#-46.0#5.375068680751287#9
0000 002D 2000 0000 0000 0000#1626598270260620#-54.0#2.816388726558037#9
0000 003B 2000 0000 0000 0000#1626598270261688#-37.5#2.7979809571034093#9
0000 0033 2000 0000 0000 0000#1626598270262793#-48.5#3.454524734318464#9
0000 0035 2000 0000 0000 0000#1626598270263912#-41.0#3.9638063558964967#9
0000 003A 2000 0000 0000 0000#1626598270264988#-34.5#1.380582709097077#9
FFFF FFFF FFFF FFFF FFFF FFFF#1626598270266297#-67.5#5.712544454086128#9
0000 0036 2000 0000 0000 0000#1626598270267945#-41.5#4.276738436625168#9
0000 0031 2000 0000 0000 0000#1626598270269609#-57.0#2.2027964114037806#9
0000 0032 2000 0000 0000 0000#1626598270270657#-55.0#2.8102528034064944#9
0000 002E 2000 0000 0000 0000#1626598270271768#-56.0#3.442252888015379#9
0000 0030 2000 0000 0000 0000#1626598270274159#-66.5#0.760854470791278#9
0000 002E 2000 0000 0000 0000#1626598270279787#-56.5#3.423845118560751#9
0000 0032 2000 0000 0000 0000#1626598270280850#-55.5#2.718213956133356#9
0000 0037 2000 0000 0000 0000#1626598270281984#-45.5#5.227806525114265#9
0000 0033 2000 0000 0000 0000#1626598270283529#-49.5#3.423845118560751#9
0000 0031 2000 0000 0000 0000#1626598270284566#-57.0#2.098485717827557#9
0000 003A 2000 0000 0000 0000#1626598270285856#-35.0#1.325359400733194#9
0000 0038 2000 0000 0000 0000#1626598270287120#-47.5#6.215690152512618#9
0000 0036 2000 0000 0000 0000#1626598270288426#-41.5#4.215379205109742#9
0C21 0537 8123 1003 2202 062F#1626598270289700#-65.0#0.607456392002714#9
0000 003B 2000 0000 0000 0000#1626598270290738#-38.0#2.742757648739526#9
0000 0030 2000 0000 0000 0000#1626598270293258#-67.0#0.5399612373357456#9
0000 002F 2000 0000 0000 0000#1626598270294351#-61.5#4.828971520263998#9
0000 0035 2000 0000 0000 0000#1626598270295413#-41.0#3.902447124381071#9
0000 0039 2000 0000 0000 0000#1626598270297422#-45.0#0.803805932852076#9
0000 0034 2000 0000 0000 0000#1626598270300977#-42.5#3.56497135104623#9
0000 002D 2000 0000 0000 0000#1626598270302557#-54.0#2.693670263527186#9
FFFF FFFF FFFF FFFF FFFF FFFF#1626598270303749#-68.0#5.7616318392984684#9
0000 0037 2000 0000 0000 0000#1626598270569578#-44.5#3.877903431774901#9
0000 0032 2000 0000 0000 0000#1626598270570654#-59.5#0.7485826244881929#9
0000 002F 2000 0000 0000 0000#1626598270571717#-58.0#3.06182565261974#9
0000 0031 2000 0000 0000 0000#1626598270572809#-60.5#5.66959299202533#9
0000 0034 2000 0000 0000 0000#1626598270574440#-52.0#2.6813984172241008#9
0000 0030 2000 0000 0000 0000#1626598270576009#-61.0#3.650874275167826#9
0000 002E 2000 0000 0000 0000#1626598270577322#-56.5#1.9266798695843652#9
0000 0036 2000 0000 0000 0000#1626598270579380#-45.5#3.2213596545598464#9
0000 0039 2000 0000 0000 0000#1626598270580449#-46.0#5.148039524144211#9
0000 0038 2000 0000 0000 0000#1626598270581499#-45.0#4.448544284868359#9
0000 002D 2000 0000 0000 0000#1626598270583535#-55.5#1.141281706186917#9
0000 0035 2000 0000 0000 0000#1626598270585376#-47.5#3.0127382674073995#9
0000 003B 2000 0000 0000 0000#1626598270586444#-42.5#1.9082721001297376#9
0000 003A 2000 0000 0000 0000#1626598270587735#-41.5#6.2034183062095325#9
0000 0033 2000 0000 0000 0000#1626598270589880#-56.0#1.8775924843720249#9
0C21 0537 8123 1003 2202 062F#1626598270590966#-66.5#6.234097921967246#9
FFFF FFFF FFFF FFFF FFFF FFFF#1626598270593798#-67.5#5.080544369477243#9
0000 002D 2000 0000 0000 0000#1626598270600131#-56.0#1.1106020904292042#9
0000 002F 2000 0000 0000 0000#1626598270601150#-57.5#2.945243112740431#9
0000 003A 2000 0000 0000 0000#1626598270602716#-42.0#6.092971689481767#9
0000 003B 2000 0000 0000 0000#1626598270604101#-43.0#1.8837284075235674#9
0000 0032 2000 0000 0000 0000#1626598270605873#-60.5#0.4172427743048944#9
0000 0039 2000 0000 0000 0000#1626598270607184#-45.5#5.056000676871073#9
0000 0030 2000 0000 0000 0000#1626598270608512#-61.0#3.54042765844006#9
0000 002E 2000 0000 0000 0000#1626598270609566#-57.0#1.8162332528565992#9
0000 0031 2000 0000 0000 0000#1626598270610859#-60.5#5.356660911296659#9
0000 0033 2000 0000 0000 0000#1626598270612663#-56.5#1.6996507129772904#9
0000 0038 2000 0000 0000 0000#1626598270614226#-45.0#4.362641360746763#9
0000 0035 2000 0000 0000 0000#1626598270616029#-48.0#2.9820586516496865#9
0C21 0537 8123 1003 2202 062F#1626598270617500#-65.0#6.080699843178682#9
0000 0037 2000 0000 0000 0000#1626598270618786#-44.5#3.7551849687440497#9
FFFF FFFF FFFF FFFF FFFF FFFF#1626598270620582#-68.5#5.283029833478148#9
0000 0034 2000 0000 0000 0000#1626598270622140#-52.5#2.521864415283994#9
0000 0036 2000 0000 0000 0000#1626598270624828#-46.5#3.160000423044421#9
0000 003B 2000 0000 0000 0000#1626598270910612#-48.0#1.030835089459151#9
0000 0039 2000 0000 0000 0000#1626598270912052#-44.5#4.3074180523828804#9
0000 0034 2000 0000 0000 0000#1626598270913888#-56.5#1.1535535524900022#9
0000 003A 2000 0000 0000 0000#1626598270914948#-42.0#4.767612288748572#9
0000 0032 2000 0000 0000 0000#1626598270916363#-57.0#4.331961744989051#9
0000 002E 2000 0000 0000 0000#1626598270917405#-61.0#0.7731263170943632#9
0000 0037 2000 0000 0000 0000#1626598270918439#-51.0#3.56497135104623#9
0000 0038 2000 0000 0000 0000#1626598270919531#-48.0#4.000621894805752#9
0000 002F 2000 0000 0000 0000#1626598270920839#-57.0#1.9880391010997909#9
0000 0036 2000 0000 0000 0000#1626598270923012#-54.0#2.6445828783148455#9
0000 0035 2000 0000 0000 0000#1626598270924089#-54.5#2.1598449493429825#9
0000 0031 2000 0000 0000 0000#1626598270925139#-56.5#3.5588354278946874#9
0000 002D 2000 0000 0000 0000#1626598270926948#-61.0#5.976389149602458#9
FFFF FFFF FFFF FFFF FFFF FFFF#1626598270928155#-67.5#5.246214294568893#9
0000 0033 2000 0000 0000 0000#1626598270929189#-61.0#5.730952223540755#9
0000 0030 2000 0000 0000 0000#1626598270930275#-59.5#2.730485802436441#9
0C21 0537 8123 1003 2202 062F#1626598270931957#-67.0#0.2454369260617026#9
0000 002D 2000 0000 0000 0000#1626598270935545#-61.5#5.945709533844745#9
0000 0037 2000 0000 0000 0000#1626598270938157#-51.5#3.54042765844006#9
0000 002F 2000 0000 0000 0000#1626598270947035#-57.0#2.767301341345697#9
0000 0032 2000 0000 0000 0000#1626598270948548#-57.0#4.970097752749477#9
0000 0030 2000 0000 0000 0000#1626598270949594#-59.5#3.411573272257666#9
0000 0035 2000 0000 0000 0000#1626598270950639#-54.0#2.8654761117703775#9
0000 0036 2000 0000 0000 0000#1626598270952165#-54.0#3.4054373491061236#9
0000 003A 2000 0000 0000 0000#1626598270953213#-40.5#5.332117218690489#9
0000 0039 2000 0000 0000 0000#1626598270954779#-44.0#4.945554060143307#9
0000 003B 2000 0000 0000 0000#1626598270955818#-48.0#1.5033011721279284#9
0000 0034 2000 0000 0000 0000#1626598270956893#-57.0#1.6505633277649499#9
0000 0038 2000 0000 0000 0000#1626598270957926#-47.5#4.693981210930062#9
0000 0033 2000 0000 0000 0000#1626598270959441#-58.5#6.22182607566416#9
0C21 0537 8123 1003 2202 062F#1626598270961197#-66.0#1.6689710972195777#9
0000 002E 2000 0000 0000 0000#1626598270962265#-61.0#1.325359400733194#9
FFFF FFFF FFFF FFFF FFFF FFFF#1626598270963358#-68.5#0.4908738521234052#9
0000 0031 2000 0000 0000 0000#1626598270964422#-55.5#4.276738436625168#9
0000 0038 2000 0000 0000 0000#1626598271227491#-53.0#3.718369429834794#9
0000 0036 2000 0000 0000 0000#1626598271228543#-58.0#1.4480778637640452#9
0000 0035 2000 0000 0000 0000#1626598271229619#-57.5#0.5154175447295755#9
0000 003A 2000 0000 0000 0000#1626598271231836#-40.5#4.338097668140593#9
0000 003B 2000 0000 0000 0000#1626598271234115#-48.0#6.19728238305799#9
0000 0030 2000 0000 0000 0000#1626598271235161#-61.0#1.6689710972195777#9
0000 0034 2000 0000 0000 0000#1626598271236959#-55.5#5.166447293598839#9
