0000 003B 2000 0000 0000 0000#1626598163140352#-62.5#4.473087977474529#9
0000 003A 2000 0000 0000 0000#1626598163141415#-44.0#2.84706834231575#9
0000 0036 2000 0000 0000 0000#1626598163142479#-46.5#4.608078286808466#9
0000 0032 2000 0000 0000 0000#1626598163143525#-50.0#0.9142525495798421#9
0000 0038 2000 0000 0000 0000#1626598163144532#-45.0#4.025165587411922#9
FFFF FFFF FFFF FFFF FFFF FFFF#1626598163145655#-67.0#6.258641614573416#9
0000 002F 2000 0000 0000 0000#1626598163147215#-50.5#2.399145952253143#9
0000 0030 2000 0000 0000 0000#1626598163148528#-50.0#2.1659808724945253#9
0000 0031 2000 0000 0000 0000#1626598163150101#-50.0#1.2762720155208536#9
0000 0033 2000 0000 0000 0000#1626598163151191#-49.5#0.1902136176978195#9
0000 0034 2000 0000 0000 0000#1626598163152251#-49.5#5.64504929941916#9
0000 002D 2000 0000 0000 0000#1626598163154016#-52.0#3.2581751934691017#9
0000 0001 0000 0000 0000 0000#1626598163155286#-65.0#6.191146459906448#9
0000 002E 2000 0000 0000 0000#1626598163157108#-50.0#2.945243112740431#9
0000 0039 2000 0000 0000 0000#1626598163158433#-44.5#3.54042765844006#9
0000 0037 2000 0000 0000 0000#1626598163159495#-46.0#4.2092432819582#9
0000 0035 2000 0000 0000 0000#1626598163161642#-46.5#4.822835597112456#9
0000 0031 2000 0000 0000 0000#1626598163169374#-50.0#1.3314953238847365#9
0000 003A 2000 0000 0000 0000#1626598163171522#-44.0#2.84706834231575#9
0000 002E 2000 0000 0000 0000#1626598163172813#-50.0#2.9145634969827183#9
0000 003B 2000 0000 0000 0000#1626598163174163#-62.5#4.430136515413731#9
0000 0001 0000 0000 0000 0000#1626598163175235#-65.0#6.074563920027139#9
0000 0039 2000 0000 0000 0000#1626598163176529#-44.0#3.5588354278946874#9
0000 0030 2000 0000 0000 0000#1626598163177848#-50.0#2.172116795646068#9
0000 002F 2000 0000 0000 0000#1626598163178867#-50.5#2.423689644859313#9
0000 0037 2000 0000 0000 0000#1626598163179902#-46.5#4.227651051412827#9
0000 002D 2000 0000 0000 0000#1626598163180953#-52.0#3.2765829629237295#9
0000 0034 2000 0000 0000 0000#1626598163182884#-49.5#5.608233760509904#9
FFFF FFFF FFFF FFFF FFFF FFFF#1626598163183919#-67.5#6.1420590746941075#9
0000 0038 2000 0000 0000 0000#1626598163184956#-45.0#4.025165587411922#9
0000 0036 2000 0000 0000 0000#1626598163186233#-46.5#4.614214209960009#9
0000 0035 2000 0000 0000 0000#1626598163187524#-47.0#4.804427827657828#9
0000 0033 2000 0000 0000 0000#1626598163188897#-49.5#0.21475731030398976#9
0000 0032 2000 0000 0000 0000#1626598163190070#-48.5#0.9326603190344698#9
0000 0030 2000 0000 0000 0000#1626598163453717#-50.0#1.8162332528565992#9
0000 003A 2000 0000 0000 0000#1626598163456633#-44.0#2.5034566458293663#9
0000 0039 2000 0000 0000 0000#1626598163457941#-45.0#3.184544115650591#9
0000 0038 2000 0000 0000 0000#1626598163459914#-45.5#3.6386024288647407#9
0000 0037 2000 0000 0000 0000#1626598163461292#-47.0#3.8410878928656453#9
0000 002D 2000 0000 0000 0000#1626598163463633#-51.5#2.82252464970958#9
0000 0034 2000 0000 0000 0000#1626598163464667#-49.5#5.221670601962723#9
0000 002F 2000 0000 0000 0000#1626598163465858#-50.0#2.061670178918302#9
0000 0033 2000 0000 0000 0000#1626598163467429#-50.0#6.129787228391022#9
0000 002E 2000 0000 0000 0000#1626598163469371#-50.0#2.5464081078901644#9
0000 0031 2000 0000 0000 0000#1626598163471619#-50.0#0.9510680884890975#9
0000 0035 2000 0000 0000 0000#1626598163482648#-46.5#4.651029748869264#9
0000 0032 2000 0000 0000 0000#1626598163483738#-50.5#0.760854470791278#9
0000 0036 2000 0000 0000 0000#1626598163484830#-46.5#4.417864669110647#9
0000 003B 2000 0000 0000 0000#1626598163485925#-62.5#4.239922897715912#9
FFFF FFFF FFFF FFFF FFFF FFFF#1626598163492237#-68.5#6.086835766330224#9
0000 0034 2000 0000 0000 0000#1626598163496170#-50.0#5.411884219660542#9
0000 002E 2000 0000 0000 0000#1626598163497881#-49.5#2.804116880254952#9
0000 0038 2000 0000 0000 0000#1626598163498961#-45.5#3.8533597391687304#9
0000 0032 2000 0000 0000 0000#1626598163500006#-50.5#0.7792622402459057#9
0000 0037 2000 0000 0000 0000#1626598163501354#-46.5#4.037437433715008#9
0000 0039 2000 0000 0000 0000#1626598163502380#-44.5#3.393165502803038#9
0000 0035 2000 0000 0000 0000#1626598163503444#-47.0#4.6448938257177215#9
0000 0033 2000 0000 0000 0000#1626598163504519#-50.0#0.006135923151542565#9
0000 003A 2000 0000 0000 0000#1626598163505568#-44.0#2.6998061866787286#9
0000 0036 2000 0000 0000 0000#1626598163506830#-46.5#4.417864669110647#9
FFFF FFFF FFFF FFFF FFFF FFFF#1626598163508150#-68.0#5.994796919057086#9
0000 002D 2000 0000 0000 0000#1626598163509231#-52.0#3.0802334220743677#9
0000 0030 2000 0000 0000 0000#1626598163510629#-49.5#2.018718716857504#9
0000 003B 2000 0000 0000 0000#1626598163511924#-62.5#4.239922897715912#9
0000 002F 2000 0000 0000 0000#1626598163512957#-50.5#2.2948352586769194#9
0000 0031 2000 0000 0000 0000#1626598163514777#-50.0#1.1596894756415448#9
0000 0037 2000 0000 0000 0000#1626598163780620#-47.0#3.448388811166921#9
0000 0032 2000 0000 0000 0000#1626598163782147#-48.5#0.19634954084936207#9
0000 0036 2000 0000 0000 0000#1626598163783198#-47.5#3.902447124381071#9
0000 0039 2000 0000 0000 0000#1626598163784265#-45.0#2.761165418194154#9
0000 0034 2000 0000 0000 0000#1626598163785526#-49.5#4.9394181369917645#9
0000 0031 2000 0000 0000 0000#1626598163786562#-50.5#0.5645049299419159#9
0000 0035 2000 0000 0000 0000#1626598163787625#-47.5#4.123340357836604#9
0000 003A 2000 0000 0000 0000#1626598163788660#-44.0#2.1046216409791#9
0000 002F 2000 0000 0000 0000#1626598163789988#-50.0#1.6812429435226628#9
0000 0033 2000 0000 0000 0000#1626598163791320#-50.0#5.7616318392984684#9
0000 0038 2000 0000 0000 0000#1626598163792414#-46.0#3.2581751934691017#9
0000 0030 2000 0000 0000 0000#1626598163793668#-50.0#1.4358060174609601#9
0000 002D 2000 0000 0000 0000#1626598163795616#-52.0#2.423689644859313#9
FFFF FFFF FFFF FFFF FFFF FFFF#1626598163796780#-66.0#5.117359908386499#9
0000 002E 2000 0000 0000 0000#1626598163798828#-49.5#2.1353012567368124#9
0000 003B 2000 0000 0000 0000#1626598163800252#-63.5#3.9147189706841563#9
0000 0035 2000 0000 0000 0000#1626598163804120#-47.5#4.123340357836604#9
FFFF FFFF FFFF FFFF FFFF FFFF#1626598163805924#-67.5#5.019185137961818#9
0000 0030 2000 0000 0000 0000#1626598163807252#-50.0#1.4296700943094176#9
0000 002E 2000 0000 0000 0000#1626598163808550#-49.5#2.1230294104337273#9
0000 0039 2000 0000 0000 0000#1626598163810060#-45.0#2.7550294950426117#9
0000 0031 2000 0000 0000 0000#1626598163811153#-50.5#0.5706408530934585#9
0000 0036 2000 0000 0000 0000#1626598163812216#-47.5#3.8963112012295285#9
0000 003A 2000 0000 0000 0000#1626598163813493#-44.5#2.098485717827557#9
0000 0034 2000 0000 0000 0000#1626598163814768#-50.0#4.9394181369917645#9
0000 0032 2000 0000 0000 0000#1626598163815885#-50.5#0.19634954084936207#9
0000 0037 2000 0000 0000 0000#1626598163816920#-47.0#3.485204350076177#9
0000 002D 2000 0000 0000 0000#1626598163818929#-51.5#2.4175537217077703#9
0000 002F 2000 0000 0000 0000#1626598163820943#-50.5#1.6873788666742053#9
0000 0033 2000 0000 0000 0000#1626598163822246#-49.5#5.743224069843841#9
0000 0038 2000 0000 0000 0000#1626598163823936#-46.0#3.2459033471660166#9
0000 003B 2000 0000 0000 0000#1626598163826361#-63.0#3.730641276137879#9
0000 0036 2000 0000 0000 0000#1626598164102715#-46.5#4.76147636559703#9
0000 0035 2000 0000 0000 0000#1626598164103791#-46.5#4.988505522204105#9
0000 003A 2000 0000 0000 0000#1626598164105162#-44.0#3.0925052683774528#9
0000 0037 2000 0000 0000 0000#1626598164106181#-46.0#4.381049130201391#9
0000 002D 2000 0000 0000 0000#1626598164107962#-51.5#3.454524734318464#9
0000 0034 2000 0000 0000 0000#1626598164108995#-49.0#5.822991070813893#9
0000 0039 2000 0000 0000 0000#1626598164110332#-44.5#3.736777199289422#9
FFFF FFFF FFFF FFFF FFFF FFFF#1626598164111352#-67.5#0.4479223900626072#9
0000 0038 2000 0000 0000 0000#1626598164113413#-44.5#4.184699589352029#9
0000 0030 2000 0000 0000 0000#1626598164114668#-50.0#2.405281875404685#9
0000 002E 2000 0000 0000 0000#1626598164118907#-50.0#3.2029518851052186#9
0000 002F 2000 0000 0000 0000#1626598164119970#-50.5#2.6384469551633027#9
0000 003B 2000 0000 0000 0000#1626598164121293#-63.0#4.601942363656923#9
0000 0031 2000 0000 0000 0000#1626598164122315#-50.5#1.552388557340269#9
0000 0001 0000 0000 0000 0000#1626598164123728#-65.5#0.018407769454627694#9
0000 0033 2000 0000 0000 0000#1626598164124992#-49.5#0.4049709280018093#9
0000 0032 2000 0000 0000 0000#1626598164127646#-49.5#1.1535535524900022#9
0000 0031 2000 0000 0000 0000#1626598164133261#-50.5#1.552388557340269#9
0000 0038 2000 0000 0000 0000#1626598164134313#-44.5#4.178563666200486#9
0000 0030 2000 0000 0000 0000#1626598164135356#-50.0#2.380738182798515#9
FFFF FFFF FFFF FFFF FFFF FFFF#1626598164138738#-67.5#0.4295146206079795#9
0000 0037 2000 0000 0000 0000#1626598164140329#-46.0#4.362641360746763#9
0000 002F 2000 0000 0000 0000#1626598164141361#-50.0#2.6691265709210157#9
0000 003A 2000 0000 0000 0000#1626598164142925#-44.0#3.0802334220743677#9
0000 0035 2000 0000 0000 0000#1626598164143972#-46.5#4.994641445355648#9
0000 0033 2000 0000 0000 0000#1626598164145018#-49.5#0.4295146206079795#9
0000 003B 2000 0000 0000 0000#1626598164146586#-63.0#4.620350133111551#9
0000 0036 2000 0000 0000 0000#1626598164147619#-46.5#4.773748211900116#9
0000 0039 2000 0000 0000 0000#1626598164148673#-44.5#3.7429131224409646#9
0000 0032 2000 0000 0000 0000#1626598164150076#-50.0#1.1596894756415448#9
0000 0034 2000 0000 0000 0000#1626598164151408#-49.0#5.792311455056181#9
0000 002E 2000 0000 0000 0000#1626598164152733#-50.5#3.1784081924990484#9
0000 002D 2000 0000 0000 0000#1626598164153800#-52.0#3.466796580621549#9
0000 0001 0000 0000 0000 0000#1626598164154873#-65.5#0.018407769454627694#9
0000 003A 2000 0000 0000 0000#1626598164419178#-44.0#2.8654761117703775#9
0000 0037 2000 0000 0000 0000#1626598164420683#-46.5#4.190835512503572#9
0000 0034 2000 0000 0000 0000#1626598164421973#-49.5#5.64504929941916#9
0000 0033 2000 0000 0000 0000#1626598164423033#-50.0#0.2454369260617026#9
0000 0036 2000 0000 0000 0000#1626598164424367#-46.5#4.595806440505381#9
0000 0035 2000 0000 0000 0000#1626598164425443#-47.0#4.8351074434155406#9
0000 002F 2000 0000 0000 0000#1626598164428233#-50.5#2.4727770300716534#9
0000 0038 2000 0000 0000 0000#1626598164430280#-45.0#4.000621894805752#9
0000 002E 2000 0000 0000 0000#1626598164431551#-50.0#2.9268353432858034#9
0000 0031 2000 0000 0000 0000#1626598164432631#-50.0#1.3192234775816514#9
0000 0032 2000 0000 0000 0000#1626598164433719#-50.0#1.000155473701438#9
FFFF FFFF FFFF FFFF FFFF FFFF#1626598164435482#-67.0#0.006135923151542565#9
0000 003B 2000 0000 0000 0000#1626598164436520#-62.5#4.516039439535327#9
0000 0030 2000 0000 0000 0000#1626598164437572#-50.0#2.1782527187976104#9
0000 0039 2000 0000 0000 0000#1626598164438641#-44.0#3.54042765844006#9
0000 002D 2000 0000 0000 0000#1626598164444029#-52.0#3.2581751934691017#9
0000 0039 2000 0000 0000 0000#1626598164448875#-44.5#3.54042765844006#9
0000 002E 2000 0000 0000 0000#1626598164450527#-50.5#2.945243112740431#9
0000 002F 2000 0000 0000 0000#1626598164451832#-50.0#2.4605051837685683#9
0000 0032 2000 0000 0000 0000#1626598164452875#-50.0#0.9817477042468103#9
0000 0030 2000 0000 0000 0000#1626598164453963#-49.5#2.1966604882522383#9
0000 003A 2000 0000 0000 0000#1626598164454998#-44.0#2.8532042654672924#9
0000 0038 2000 0000 0000 0000#1626598164456547#-45.5#3.9944859716542096#9
0000 0037 2000 0000 0000 0000#1626598164457610#-46.5#4.184699589352029#9
0000 002D 2000 0000 0000 0000#1626598164459438#-52.0#3.2888548092268146#9
0000 0031 2000 0000 0000 0000#1626598164460516#-50.0#1.337631247036279#9
0000 0034 2000 0000 0000 0000#1626598164461977#-49.5#5.64504929941916#9
0000 0036 2000 0000 0000 0000#1626598164463084#-47.0#4.601942363656923#9
0000 0033 2000 0000 0000 0000#1626598164464358#-50.0#0.23930100291016002#9
0000 0035 2000 0000 0000 0000#1626598164465392#-47.0#4.828971520263998#9
0000 003B 2000 0000 0000 0000#1626598164467060#-62.5#4.387185053352934#9
FFFF FFFF FFFF FFFF FFFF FFFF#1626598164468623#-68.0#0.09203884727313846#9
0000 002D 2000 0000 0000 0000#1626598164733459#-49.0#3.6692820446224537#9
0000 0039 2000 0000 0000 0000#1626598164734513#-42.0#3.4913402732277192#9
0000 002E 2000 0000 0000 0000#1626598164736831#-47.5#3.380893656499953#9
0000 0030 2000 0000 0000 0000#1626598164738373#-46.5#2.761165418194154#9
FFFF FFFF FFFF FFFF FFFF FFFF#1626598164739624#-67.5#6.0991076126333095#9
0000 002F 2000 0000 0000 0000#1626598164741418#-47.5#2.9697868053466014#9
0000 0032 2000 0000 0000 0000#1626598164743979#-46.0#1.8530487917658545#9
0000 0036 2000 0000 0000 0000#1626598164745058#-49.0#5.418020142812084#9
0000 003B 2000 0000 0000 0000#1626598164746121#-47.5#3.3440781175906977#9
0000 003A 2000 0000 0000 0000#1626598164747453#-36.5#2.6261751088602177#9
0000 0035 2000 0000 0000 0000#1626598164748517#-49.0#5.835262917116979#9
0000 0037 2000 0000 0000 0000#1626598164751734#-48.5#4.71238898038469#9
0000 0034 2000 0000 0000 0000#1626598164753743#-50.0#0.7731263170943632#9
0000 0031 2000 0000 0000 0000#1626598164755306#-45.5#2.12916533358527#9
0000 0033 2000 0000 0000 0000#1626598164756340#-47.0#1.4358060174609601#9
0000 0038 2000 0000 0000 0000#1626598164757360#-45.5#4.221515128261284#9
0000 003A 2000 0000 0000 0000#1626598164762754#-36.0#2.6139032625571326#9
0000 0035 2000 0000 0000 0000#1626598164763802#-49.0#5.957981380147831#9
0000 003B 2000 0000 0000 0000#1626598164766245#-46.5#3.313398501832985#9
0000 0037 2000 0000 0000 0000#1626598164767293#-48.5#4.73693267299086#9
0000 002E 2000 0000 0000 0000#1626598164768591#-47.0#3.466796580621549#9
0000 002F 2000 0000 0000 0000#1626598164771367#-47.5#3.0372819600135696#9
0000 0030 2000 0000 0000 0000#1626598164772451#-46.5#2.804116880254952#9
0000 0038 2000 0000 0000 0000#1626598164774615#-45.5#4.276738436625168#9
0000 0039 2000 0000 0000 0000#1626598164776227#-41.5#3.5588354278946874#9
0000 0031 2000 0000 0000 0000#1626598164777250#-45.5#2.2027964114037806#9
0000 0033 2000 0000 0000 0000#1626598164778297#-47.0#1.5462526341887264#9
0000 0034 2000 0000 0000 0000#1626598164780292#-49.0#0.9203884727313847#9
0000 0036 2000 0000 0000 0000#1626598164781355#-49.5#5.681864838328415#9
0000 0032 2000 0000 0000 0000#1626598164782388#-45.5#1.9941750242513334#9
FFFF FFFF FFFF FFFF FFFF FFFF#1626598164784579#-68.0#5.957981380147831#9
0000 002D 2000 0000 0000 0000#1626598164785881#-49.0#3.785864584501762#9
0000 0030 2000 0000 0000 0000#1626598165049553#-44.5#2.8654761117703775#9
0000 003A 2000 0000 0000 0000#1626598165051980#-35.5#2.736621725587984#9
0000 002D 2000 0000 0000 0000#1626598165054498#-48.0#3.706097583531709#9
0000 0038 2000 0000 0000 0000#1626598165055522#-48.0#5.160311370447297#9
0000 003B 2000 0000 0000 0000#1626598165056834#-42.0#3.043417883165112#9
0000 0034 2000 0000 0000 0000#1626598165058160#-44.5#1.368310862793992#9
0000 0031 2000 0000 0000 0000#1626598165059210#-43.0#2.36846633649543#9
0000 0036 2000 0000 0000 0000#1626598165060274#-47.5#0.4970097752749477#9
0000 0033 2000 0000 0000 0000#1626598165061379#-42.5#1.8653206380689396#9
0000 0035 2000 0000 0000 0000#1626598165062669#-46.5#0.7669903939428205#9
0000 0032 2000 0000 0000 0000#1626598165063702#-42.5#2.1782527187976104#9
0000 002E 2000 0000 0000 0000#1626598165064929#-45.5#3.497476196379262#9
0000 0039 2000 0000 0000 0000#1626598165066239#-43.5#4.111068511533518#9
0000 0037 2000 0000 0000 0000#1626598165067773#-49.0#5.957981380147831#9
0000 002F 2000 0000 0000 0000#1626598165069107#-45.0#3.141592653589793#9
FFFF FFFF FFFF FFFF FFFF FFFF#1626598165070530#-68.0#5.1725832167503825#9
0000 0033 2000 0000 0000 0000#1626598165075127#-42.5#1.9082721001297376#9
0000 002D 2000 0000 0000 0000#1626598165076180#-47.5#3.767456815047135#9
0000 0034 2000 0000 0000 0000#1626598165077242#-44.5#1.4542137869155878#9
0000 0039 2000 0000 0000 0000#1626598165078280#-43.5#4.166291819897402#9
0000 0036 2000 0000 0000 0000#1626598165080098#-47.0#0.5645049299419159#9
0000 0030 2000 0000 0000 0000#1626598165082152#-44.0#2.9697868053466014#9
0000 0031 2000 0000 0000 0000#1626598165084200#-42.5#2.411417798556228#9
0000 0037 2000 0000 0000 0000#1626598165085276#-49.0#6.031612457966341#9
0000 002E 2000 0000 0000 0000#1626598165086619#-45.0#3.5465635815916023#9
0000 003A 2000 0000 0000 0000#1626598165089899#-35.5#2.8838838812250054#9
0000 0038 2000 0000 0000 0000#1626598165092288#-48.5#5.368932757599744#9
0000 0035 2000 0000 0000 0000#1626598165093976#-45.5#0.8774370106705868#9
0000 0032 2000 0000 0000 0000#1626598165095081#-42.0#2.2518837966161214#9
0000 003B 2000 0000 0000 0000#1626598165096407#-42.0#3.1906800388021335#9
0000 002F 2000 0000 0000 0000#1626598165097488#-45.0#3.2090878082567613#9
FFFF FFFF FFFF FFFF FFFF FFFF#1626598165098510#-68.0#4.957825906446392#9
0000 0031 2000 0000 0000 0000#1626598165363177#-40.5#4.178563666200486#9
FFFF FFFF FFFF FFFF FFFF FFFF#1626598165366595#-69.0#0.7363107781851077#9
0000 0032 2000 0000 0000 0000#1626598165368316#-40.5#4.025165587411922#9
0000 002E 2000 0000 0000 0000#1626598165369605#-43.5#5.098952138931871#9
0000 003A 2000 0000 0000 0000#1626598165370712#-34.5#5.1725832167503825#9
0000 0039 2000 0000 0000 0000#1626598165372052#-42.0#0.32520392703175593#9
0000 0036 2000 0000 0000 0000#1626598165373129#-43.0#2.5709518004963345#9
0000 0030 2000 0000 0000 0000#1626598165374316#-42.5#4.663301595172349#9
0000 002F 2000 0000 0000 0000#1626598165375604#-43.0#4.816699673960914#9
0000 0035 2000 0000 0000 0000#1626598165377992#-42.0#2.761165418194154#9
0000 0038 2000 0000 0000 0000#1626598165379922#-45.5#1.5033011721279284#9
0000 0033 2000 0000 0000 0000#1626598165381939#-40.5#3.761320891895592#9
0000 003B 2000 0000 0000 0000#1626598165383036#-40.0#5.209398755659637#9
0000 0037 2000 0000 0000 0000#1626598165384313#-44.5#2.0064468705544187#9
0000 0034 2000 0000 0000 0000#1626598165386102#-41.0#3.2949907323783574#9
0000 002D 2000 0000 0000 0000#1626598165387508#-46.0#5.252350217720435#9
0000 0035 2000 0000 0000 0000#1626598165394452#-41.5#2.7857091108003242#9
0000 0039 2000 0000 0000 0000#1626598165395533#-42.0#0.4356505437595221#9
0000 002D 2000 0000 0000 0000#1626598165396600#-46.5#5.264622064023521#9
0000 0032 2000 0000 0000 0000#1626598165397704#-40.0#4.080388895775806#9
0000 0038 2000 0000 0000 0000#1626598165399223#-45.0#1.5892040962495242#9
0000 0036 2000 0000 0000 0000#1626598165400317#-42.5#2.6445828783148455#9
0000 003B 2000 0000 0000 0000#1626598165401341#-40.0#5.283029833478148#9
FFFF FFFF FFFF FFFF FFFF FFFF#1626598165402627#-69.0#0.5829126993965437#9
0000 003A 2000 0000 0000 0000#1626598165403660#-34.5#5.3198453723874035#9
0000 0030 2000 0000 0000 0000#1626598165404745#-42.5#4.724660826687775#9
0000 002F 2000 0000 0000 0000#1626598165405809#-43.0#4.871922982324796#9
0000 002E 2000 0000 0000 0000#1626598165406864#-43.5#5.123495831538041#9
0000 0031 2000 0000 0000 0000#1626598165407914#-40.0#4.264466590322082#9
0000 0034 2000 0000 0000 0000#1626598165409661#-41.0#3.356349963893783#9
0000 0033 2000 0000 0000 0000#1626598165410721#-40.5#3.834951969714103#9
0000 0037 2000 0000 0000 0000#1626598165412826#-44.5#2.0923497946760143#9
0000 003A 2000 0000 0000 0000#1626598165679385#-33.5#0.11044661672776616#9
0000 0032 2000 0000 0000 0000#1626598165680404#-38.5#4.405592822807561#9
0000 0031 2000 0000 0000 0000#1626598165681986#-39.0#4.534447208989955#9
0000 002D 2000 0000 0000 0000#1626598165683053#-45.5#5.313709449235861#9
0000 0036 2000 0000 0000 0000#1626598165684402#-41.0#3.098641191528995#9
0000 0037 2000 0000 0000 0000#1626598165685435#-41.5#2.5770877236478773#9
FFFF FFFF FFFF FFFF FFFF FFFF#1626598165687556#-69.5#0.0674951546669682#9
0000 002E 2000 0000 0000 0000#1626598165689626#-42.5#5.227806525114265#9
0000 0035 2000 0000 0000 0000#1626598165690943#-39.5#3.2827188860752723#9
0000 0034 2000 0000 0000 0000#1626598165692819#-39.0#3.749049045592507#9
0000 0038 2000 0000 0000 0000#1626598165694926#-41.5#2.2580197197676637#9
0000 0039 2000 0000 0000 0000#1626598165697119#-39.0#1.423534171157875#9
0000 0033 2000 0000 0000 0000#1626598165698655#-38.0#4.2031073588066565#9
0000 0030 2000 0000 0000 0000#1626598165699709#-40.5#4.95168998329485#9
0000 002F 2000 0000 0000 0000#1626598165700803#-41.5#5.049864753719531#9
0000 003B 2000 0000 0000 0000#1626598165701885#-40.0#0.14726215563702155#9
0000 0034 2000 0000 0000 0000#1626598165707936#-39.0#3.761320891895592#9
0000 0033 2000 0000 0000 0000#1626598165709241#-38.0#4.221515128261284#9
0000 0031 2000 0000 0000 0000#1626598165710350#-39.0#4.589670517353839#9
0000 003B 2000 0000 0000 0000#1626598165712384#-39.5#0.19634954084936207#9
0000 002D 2000 0000 0000 0000#1626598165713437#-45.5#5.350524988145116#9
0000 0039 2000 0000 0000 0000#1626598165714948#-39.0#1.5033011721279284#9
0000 0037 2000 0000 0000 0000#1626598165717454#-41.0#2.6568547246179306#9
FFFF FFFF FFFF FFFF FFFF FFFF#1626598165718776#-69.0#0.04295146206079795#9
0000 0032 2000 0000 0000 0000#1626598165719863#-38.0#4.466952054322987#9
0000 002F 2000 0000 0000 0000#1626598165721613#-41.0#5.062136600022616#9
0000 003A 2000 0000 0000 0000#1626598165723128#-32.5#0.2761165418194154#9
0000 0035 2000 0000 0000 0000#1626598165724422#-39.0#3.3502140407422405#9
0000 0036 2000 0000 0000 0000#1626598165726127#-40.0#3.215223731408304#9
0000 0038 2000 0000 0000 0000#1626598165727178#-41.0#2.3316507975861747#9
0000 002E 2000 0000 0000 0000#1626598165740351#-42.5#4.896466674930966#9
0000 0030 2000 0000 0000 0000#1626598165741694#-41.0#4.632621979414636#9
0000 0033 2000 0000 0000 0000#1626598166010300#-36.5#4.4976316700806995#9
0000 003A 2000 0000 0000 0000#1626598166011756#-29.5#1.0492428589137786#9
0000 002D 2000 0000 0000 0000#1626598166013058#-45.0#5.338253141842031#9
0000 0039 2000 0000 0000 0000#1626598166014882#-35.0#2.055534255766759#9
0000 002F 2000 0000 0000 0000#1626598166015902#-40.5#5.166447293598839#9
0000 0038 2000 0000 0000 0000#1626598166017234#-37.5#2.7120780329818137#9
0000 0037 2000 0000 0000 0000#1626598166019049#-38.5#3.043417883165112#9
0000 003B 2000 0000 0000 0000#1626598166020104#-36.5#1.1474176293384597#9
0000 0032 2000 0000 0000 0000#1626598166022043#-37.0#4.724660826687775#9
0000 0030 2000 0000 0000 0000#1626598166024127#-39.5#5.129631754689584#9
0000 0031 2000 0000 0000 0000#1626598166025498#-37.5#4.81056375080937#9
0000 0034 2000 0000 0000 0000#1626598166026707#-37.0#4.147884050442774#9
FFFF FFFF FFFF FFFF FFFF FFFF#1626598166027786#-68.5#5.902758071783947#9
0000 0035 2000 0000 0000 0000#1626598166029105#-36.5#3.6815538909255388#9
0000 0036 2000 0000 0000 0000#1626598166030667#-37.5#3.5465635815916023#9
0000 002E 2000 0000 0000 0000#1626598166031750#-42.0#5.289165756629691#9
0000 0033 2000 0000 0000 0000#1626598166036764#-37.0#4.546719055293041#9
0000 0035 2000 0000 0000 0000#1626598166038296#-36.5#3.693825737228624#9
0000 0034 2000 0000 0000 0000#1626598166040430#-37.0#4.1601558967458585#9
0000 002E 2000 0000 0000 0000#1626598166041470#-42.0#5.301437602932776#9
0000 0038 2000 0000 0000 0000#1626598166044120#-37.0#2.779573187648782#9
FFFF FFFF FFFF FFFF FFFF FFFF#1626598166045172#-69.0#5.798447378207723#9
0000 003A 2000 0000 0000 0000#1626598166046273#-29.0#1.141281706186917#9
0000 0037 2000 0000 0000 0000#1626598166048072#-38.5#3.098641191528995#9
0000 002D 2000 0000 0000 0000#1626598166049112#-45.5#5.350524988145116#9
0000 0030 2000 0000 0000 0000#1626598166050151#-39.0#5.154175447295755#9
0000 002F 2000 0000 0000 0000#1626598166051532#-40.5#5.190990986205009#9
0000 003B 2000 0000 0000 0000#1626598166053459#-36.0#1.2517283229146832#9
0000 0032 2000 0000 0000 0000#1626598166054509#-37.0#4.749204519293945#9
0000 0039 2000 0000 0000 0000#1626598166055549#-35.0#2.1475731030398975#9
0000 0031 2000 0000 0000 0000#1626598166056583#-37.5#4.847379289718626#9
0000 0036 2000 0000 0000 0000#1626598166057780#-37.5#3.5833791205008576#9
0000 0034 2000 0000 0000 0000#1626598166325567#-37.0#3.9453985864418692#9
0000 003A 2000 0000 0000 0000#1626598166327771#-27.5#1.3130875544301088#9
0000 003B 2000 0000 0000 0000#1626598166328868#-34.5#1.521708941582556#9
0000 0032 2000 0000 0000 0000#1626598166329871#-37.0#4.479223900626073#9
0000 0037 2000 0000 0000 0000#1626598166331221#-37.0#2.9206994201342606#9
0000 0039 2000 0000 0000 0000#1626598166332275#-33.0#2.141437179888355#9
0000 0035 2000 0000 0000 0000#1626598166333309#-36.0#3.5158839658338894#9
FFFF FFFF FFFF FFFF FFFF FFFF#1626598166334830#-68.5#4.8351074434155406#9
0000 0036 2000 0000 0000 0000#1626598166336159#-36.5#3.393165502803038#9
0000 002F 2000 0000 0000 0000#1626598166337479#-41.0#4.816699673960914#9
0000 002E 2000 0000 0000 0000#1626598166338649#-43.0#4.865787059173254#9
0000 0031 2000 0000 0000 0000#1626598166339717#-37.5#4.571262747899211#9
0000 0038 2000 0000 0000 0000#1626598166340823#-35.0#2.7120780329818137#9
0000 0033 2000 0000 0000 0000#1626598166342144#-36.5#4.344233591292136#9
0000 0030 2000 0000 0000 0000#1626598166352115#-39.5#4.988505522204105#9
0000 002D 2000 0000 0000 0000#1626598166353508#-45.5#5.049864753719531#9
0000 0036 2000 0000 0000 0000#1626598166357814#-36.5#3.6324665057131984#9
0000 0038 2000 0000 0000 0000#1626598166358908#-35.5#2.945243112740431#9
0000 0033 2000 0000 0000 0000#1626598166360482#-36.5#4.565126824747668#9
0000 003A 2000 0000 0000 0000#1626598166361517#-27.5#1.662835174068035#9
0000 0032 2000 0000 0000 0000#1626598166363843#-37.0#4.724660826687775#9
0000 0030 2000 0000 0000 0000#1626598166364954#-39.5#5.013049214810275#9
0000 002F 2000 0000 0000 0000#1626598166366245#-40.5#5.031456984264903#9
0000 0039 2000 0000 0000 0000#1626598166367496#-32.5#2.429825568010856#9
0000 0031 2000 0000 0000 0000#1626598166368787#-37.5#4.773748211900116#9
0000 0035 2000 0000 0000 0000#1626598166370861#-36.0#3.767456815047135#9
0000 003B 2000 0000 0000 0000#1626598166372916#-33.5#1.8223691760081417#9
0000 002D 2000 0000 0000 0000#1626598166374011#-45.5#5.056000676871073#9
0000 0037 2000 0000 0000 0000#1626598166375118#-36.5#3.227495577711389#9
0000 002E 2000 0000 0000 0000#1626598166377030#-42.5#5.043728830567988#9
0000 0034 2000 0000 0000 0000#1626598166378092#-36.0#4.215379205109742#9
FFFF FFFF FFFF FFFF FFFF FFFF#1626598166380299#-68.5#5.086680292628786#9
0000 0030 2000 0000 0000 0000#1626598166646856#-40.5#5.890486225480862#9
0000 0039 2000 0000 0000 0000#1626598166648185#-32.0#3.877903431774901#9
0000 0035 2000 0000 0000 0000#1626598166649961#-35.0#4.9394181369917645#9
0000 003B 2000 0000 0000 0000#1626598166651043#-32.0#3.485204350076177#9
0000 0037 2000 0000 0000 0000#1626598166652802#-35.5#4.4976316700806995#9
0000 002F 2000 0000 0000 0000#1626598166653940#-41.5#5.859806609723149#9
0000 0036 2000 0000 0000 0000#1626598166655045#-35.5#4.847379289718626#9
0000 002E 2000 0000 0000 0000#1626598166657596#-43.5#5.786175531904639#9
0000 0033 2000 0000 0000 0000#1626598166658871#-37.5#5.632777453116074#9
0000 002D 2000 0000 0000 0000#1626598166659922#-46.5#5.730952223540755#9
0000 0032 2000 0000 0000 0000#1626598166661440#-37.5#5.712544454086128#9
0000 0031 2000 0000 0000 0000#1626598166662535#-38.0#5.737088146692298#9
0000 0034 2000 0000 0000 0000#1626598166665183#-36.0#5.289165756629691#9
0000 003A 2000 0000 0000 0000#1626598166667914#-26.0#3.2581751934691017#9
0000 0038 2000 0000 0000 0000#1626598166669607#-34.0#4.368777283898306#9
0000 0037 2000 0000 0000 0000#1626598166675675#-35.5#4.516039439535327#9
0000 002D 2000 0000 0000 0000#1626598166676701#-47.0#5.712544454086128#9
0000 003A 2000 0000 0000 0000#1626598166678832#-26.0#3.2888548092268146#9
0000 0031 2000 0000 0000 0000#1626598166680111#-38.0#5.743224069843841#9
0000 0030 2000 0000 0000 0000#1626598166681935#-40.5#5.890486225480862#9
0000 0038 2000 0000 0000 0000#1626598166682973#-34.0#4.381049130201391#9
0000 0036 2000 0000 0000 0000#1626598166684549#-36.0#4.890330751779424#9
0000 0039 2000 0000 0000 0000#1626598166685874#-31.5#3.9576704327449543#9
0000 0032 2000 0000 0000 0000#1626598166687147#-37.5#5.706408530934585#9
0000 003B 2000 0000 0000 0000#1626598166688185#-32.5#3.5711072741977725#9
0000 002E 2000 0000 0000 0000#1626598166689330#-44.0#5.7616318392984684#9
0000 002F 2000 0000 0000 0000#1626598166690635#-41.5#5.8475347634200645#9
0000 0033 2000 0000 0000 0000#1626598166692168#-37.5#5.638913376267617#9
0000 0034 2000 0000 0000 0000#1626598166694150#-36.5#5.313709449235861#9
0000 0035 2000 0000 0000 0000#1626598166695227#-35.0#4.970097752749477#9
0000 0030 2000 0000 0000 0000#1626598166959506#-42.5#5.160311370447297#9
0000 0039 2000 0000 0000 0000#1626598166961578#-31.5#3.730641276137879#9
0000 002F 2000 0000 0000 0000#1626598166962869#-43.5#5.092816215780329#9
0000 0035 2000 0000 0000 0000#1626598166963946#-36.0#4.540583132141498#9
0000 003A 2000 0000 0000 0000#1626598166965022#-26.5#3.2029518851052186#9
0000 003B 2000 0000 0000 0000#1626598166966103#-32.0#3.6017868899554855#9
0000 0032 2000 0000 0000 0000#1626598166967208#-38.5#5.111223985234957#9
0000 0034 2000 0000 0000 0000#1626598166968997#-37.5#4.822835597112456#9
0000 0036 2000 0000 0000 0000#1626598166970075#-36.0#4.491495746929157#9
0000 0038 2000 0000 0000 0000#1626598166972591#-34.0#4.129476280988146#9
0000 002D 2000 0000 0000 0000#1626598166973632#-49.5#4.81056375080937#9
0000 0031 2000 0000 0000 0000#1626598166975382#-40.0#5.080544369477243#9
0000 002E 2000 0000 0000 0000#1626598166979130#-46.0#4.933282213840222#9
0C21 0537 8123 1003 2202 062F#1626598166981116#-68.0#0.9633399347921826#9
0000 0037 2000 0000 0000 0000#1626598166982663#-35.5#4.239922897715912#9
0000 0033 2000 0000 0000 0000#1626598166983825#-38.5#5.0682725231741586#9
0C21 0537 8123 1003 2202 062F#1626598166987971#-68.5#0.9203884727313847#9
0000 0038 2000 0000 0000 0000#1626598166989305#-34.0#4.154019973594316#9
0000 003A 2000 0000 0000 0000#1626598166991771#-26.0#3.2459033471660166#9
0000 0034 2000 0000 0000 0000#1626598166992861#-37.5#4.8351074434155406#9
0000 0035 2000 0000 0000 0000#1626598166994678#-36.0#4.558990901596125#9
0000 0031 2000 0000 0000 0000#1626598166995731#-40.0#5.0682725231741586#9
0000 0039 2000 0000 0000 0000#1626598166996772#-31.5#3.77972866135022#9
0000 0036 2000 0000 0000 0000#1626598166997808#-36.0#4.503767593232243#9
0000 0037 2000 0000 0000 0000#1626598166998916#-35.5#4.246058820867455#9
0000 0032 2000 0000 0000 0000#1626598167000217#-39.0#5.086680292628786#9
0000 003B 2000 0000 0000 0000#1626598167001511#-32.5#3.6754179677739964#9
0000 002E 2000 0000 0000 0000#1626598167002597#-46.0#4.890330751779424#9
0000 002D 2000 0000 0000 0000#1626598167003793#-50.0#4.749204519293945#9
0000 002F 2000 0000 0000 0000#1626598167005327#-44.0#5.056000676871073#9
0000 0030 2000 0000 0000 0000#1626598167006378#-42.5#5.129631754689584#9
0000 0033 2000 0000 0000 0000#1626598167007671#-38.5#5.080544369477243#9
FFFF FFFF FFFF FFFF FFFF FFFF#1626598167273690#-69.0#5.724816300389213#9
0000 0035 2000 0000 0000 0000#1626598167274823#-36.5#4.663301595172349#9
0000 003B 2000 0000 0000 0000#1626598167276461#-32.0#4.362641360746763#9
0000 002F 2000 0000 0000 0000#1626598167277752#-46.0#4.847379289718626#9
0000 0034 2000 0000 0000 0000#1626598167278768#-37.5#4.853515212870168#9
0000 0039 2000 0000 0000 0000#1626598167280785#-31.0#4.289010282928253#9
0000 0037 2000 0000 0000 0000#1626598167281849#-35.5#4.534447208989955#9
0000 0038 2000 0000 0000 0000#1626598167283141#-34.0#4.534447208989955#9
0000 002E 2000 0000 0000 0000#1626598167284239#-48.5#4.620350133111551#9
0000 0036 2000 0000 0000 0000#1626598167285360#-36.5#4.6878452877785195#9
0000 003A 2000 0000 0000 0000#1626598167286707#-26.5#3.8717675086233583#9
0000 0032 2000 0000 0000 0000#1626598167288193#-39.5#4.963961829597935#9
0000 0031 2000 0000 0000 0000#1626598167290161#-41.5#4.908738521234052#9
0000 0030 2000 0000 0000 0000#1626598167291185#-44.0#4.933282213840222#9
0000 0033 2000 0000 0000 0000#1626598167292248#-39.0#5.0253210611133605#9
0000 002D 2000 0000 0000 0000#1626598167293715#-51.5#4.356505437595221#9
0C21 0537 8123 1003 2202 062F#1626598167296215#-66.5#1.2333205534600555#9
0000 0035 2000 0000 0000 0000#1626598167300041#-36.5#4.681709364626977#9
0000 0037 2000 0000 0000 0000#1626598167301091#-35.5#4.540583132141498#9
0000 003B 2000 0000 0000 0000#1626598167304266#-32.0#4.374913207049849#9
0000 003A 2000 0000 0000 0000#1626598167305344#-26.5#3.890175278077986#9
0000 0038 2000 0000 0000 0000#1626598167307135#-34.0#4.552854978444583#9
0000 0036 2000 0000 0000 0000#1626598167308457#-36.5#4.669437518323892#9
0000 0032 2000 0000 0000 0000#1626598167310303#-40.5#4.95168998329485#9
0000 0030 2000 0000 0000 0000#1626598167311882#-44.5#4.908738521234052#9
0000 0039 2000 0000 0000 0000#1626598167312909#-31.0#4.3074180523828804#9
0000 0034 2000 0000 0000 0000#1626598167313942#-38.0#4.8351074434155406#9
0000 002E 2000 0000 0000 0000#1626598167315026#-48.5#4.522175362686871#9
0000 0033 2000 0000 0000 0000#1626598167316232#-39.5#5.013049214810275#9
0000 002D 2000 0000 0000 0000#1626598167317810#-52.0#4.313553975534423#9
0000 0031 2000 0000 0000 0000#1626598167319132#-41.5#4.896466674930966#9
0C21 0537 8123 1003 2202 062F#1626598167320389#-67.0#1.5462526341887264#9
0000 002F 2000 0000 0000 0000#1626598167324130#-46.5#4.76147636559703#9
0000 0031 2000 0000 0000 0000#1626598167587709#-44.0#4.0128937411088375#9
0000 003A 2000 0000 0000 0000#1626598167588984#-26.0#3.693825737228624#9
0000 0033 2000 0000 0000 0000#1626598167590288#-41.0#4.221515128261284#9
0000 0037 2000 0000 0000 0000#1626598167592548#-35.5#4.06811704947272#9
0000 0039 2000 0000 0000 0000#1626598167593601#-31.5#3.9944859716542096#9
0000 002E 2000 0000 0000 0000#1626598167594895#-50.5#3.5158839658338894#9
0000 0034 2000 0000 0000 0000#1626598167595916#-38.5#4.123340357836604#9
0000 0036 2000 0000 0000 0000#1626598167597493#-36.5#4.0558452031696355#9
0000 0038 2000 0000 0000 0000#1626598167598815#-33.5#4.147884050442774#9
0000 003B 2000 0000 0000 0000#1626598167599912#-31.5#4.344233591292136#9
0C21 0537 8123 1003 2202 062F#1626598167601241#-67.0#0.5276893910326605#9
0000 002D 2000 0000 0000 0000#1626598167605340#-54.0#3.2581751934691017#9
0000 002F 2000 0000 0000 0000#1626598167606987#-48.5#3.7429131224409646#9
0000 0032 2000 0000 0000 0000#1626598167608456#-42.5#4.0558452031696355#9
0000 0035 2000 0000 0000 0000#1626598167609592#-36.5#4.0128937411088375#9
0000 0030 2000 0000 0000 0000#1626598167611235#-47.5#3.9576704327449543#9
0000 0036 2000 0000 0000 0000#1626598167615572#-36.5#4.049709280018092#9
0000 0039 2000 0000 0000 0000#1626598167617123#-31.5#3.9944859716542096#9
0000 0030 2000 0000 0000 0000#1626598167618805#-47.5#3.9269908169872414#9
0000 0031 2000 0000 0000 0000#1626598167620070#-44.5#3.9576704327449543#9
0000 0034 2000 0000 0000 0000#1626598167621119#-38.5#4.074252972624263#9
0000 0038 2000 0000 0000 0000#1626598167622442#-33.5#4.135612204139688#9
0000 0033 2000 0000 0000 0000#1626598167623518#-41.0#4.1601558967458585#9
0000 002D 2000 0000 0000 0000#1626598167624541#-55.0#3.215223731408304#9
0000 002F 2000 0000 0000 0000#1626598167625831#-48.5#3.718369429834794#9
0000 003A 2000 0000 0000 0000#1626598167626879#-26.0#3.7122335066832517#9
0000 0032 2000 0000 0000 0000#1626598167627954#-42.5#4.0128937411088375#9
0000 002E 2000 0000 0000 0000#1626598167630080#-50.5#3.436116964863836#9
0000 0035 2000 0000 0000 0000#1626598167632815#-36.5#3.9822141253511245#9
0000 0037 2000 0000 0000 0000#1626598167633894#-35.5#4.031301510563465#9
0000 003B 2000 0000 0000 0000#1626598167636364#-32.0#4.368777283898306#9
0C21 0537 8123 1003 2202 062F#1626598167637822#-68.0#0.34974761963792617#9
0000 003B 2000 0000 0000 0000#1626598167905604#-31.0#5.252350217720435#9
0000 002E 2000 0000 0000 0000#1626598167907213#-52.5#3.479068426924634#9
0000 0035 2000 0000 0000 0000#1626598167909139#-36.0#4.3933209765044765#9
0000 0037 2000 0000 0000 0000#1626598167910204#-34.5#4.571262747899211#9
0000 0034 2000 0000 0000 0000#1626598167911493#-38.5#4.387185053352934#9
0000 0039 2000 0000 0000 0000#1626598167912604#-30.5#4.706253057233147#9
0000 002F 2000 0000 0000 0000#1626598167915112#-50.5#3.773592738198677#9
0000 002D 2000 0000 0000 0000#1626598167916150#-57.0#3.147728576741336#9
0000 0038 2000 0000 0000 0000#1626598167917228#-33.5#4.724660826687775#9
0000 003A 2000 0000 0000 0000#1626598167918304#-25.5#4.601942363656923#9
0000 0036 2000 0000 0000 0000#1626598167919367#-36.0#4.448544284868359#9
0000 0030 2000 0000 0000 0000#1626598167920451#-49.0#3.9515345095934116#9
0000 0033 2000 0000 0000 0000#1626598167922746#-41.5#4.338097668140593#9
0000 0031 2000 0000 0000 0000#1626598167923839#-45.5#4.0128937411088375#9
0000 0032 2000 0000 0000 0000#1626598167924898#-43.5#4.123340357836604#9
0C21 0537 8123 1003 2202 062F#1626598167926630#-66.5#1.846912868614312#9
0000 0039 2000 0000 0000 0000#1626598167930560#-30.5#4.693981210930062#9
0000 002D 2000 0000 0000 0000#1626598167932113#-57.0#3.0127382674073995#9
0000 002F 2000 0000 0000 0000#1626598167934243#-50.5#3.6876898140770815#9
0000 0035 2000 0000 0000 0000#1626598167935307#-36.0#4.344233591292136#9
0000 0037 2000 0000 0000 0000#1626598167936598#-34.5#4.540583132141498#9
0000 003B 2000 0000 0000 0000#1626598167938585#-31.0#5.2768939103266055#9
0000 0030 2000 0000 0000 0000#1626598167939625#-49.5#3.8963112012295285#9
0000 0031 2000 0000 0000 0000#1626598167940946#-45.5#3.9576704327449543#9
0000 0032 2000 0000 0000 0000#1626598167941923#-44.0#4.09266074207889#9
0000 003A 2000 0000 0000 0000#1626598167942984#-25.5#4.595806440505381#9
0000 0038 2000 0000 0000 0000#1626598167943992#-33.5#4.706253057233147#9
0000 0036 2000 0000 0000 0000#1626598167945641#-36.0#4.405592822807561#9
0000 0034 2000 0000 0000 0000#1626598167946730#-38.5#4.319689898685965#9
0000 0033 2000 0000 0000 0000#1626598167947822#-42.0#4.28287435977671#9
0000 002E 2000 0000 0000 0000#1626598167950886#-53.5#3.313398501832985#9
0C21 0537 8123 1003 2202 062F#1626598167952601#-66.5#1.7978254834019713#9
0000 0034 2000 0000 0000 0000#1626598168220007#-40.5#3.018874190558942#9
0000 002D 2000 0000 0000 0000#1626598168221086#-60.0#1.0492428589137786#9
0C21 0537 8123 1003 2202 062F#1626598168222401#-67.0#0.5399612373357456#9
0000 003B 2000 0000 0000 0000#1626598168223678#-31.5#4.724660826687775#9
0000 002F 2000 0000 0000 0000#1626598168224757#-52.5#1.9757672547967058#9
0000 0038 2000 0000 0000 0000#1626598168226318#-34.0#3.736777199289422#9
0000 003A 2000 0000 0000 0000#1626598168227396#-26.0#3.8410878928656453#9
0000 0036 2000 0000 0000 0000#1626598168228690#-37.5#3.2336315008629315#9
0000 0032 2000 0000 0000 0000#1626598168231146#-46.0#2.5280003384355365#9
0000 0030 2000 0000 0000 0000#1626598168232739#-52.0#2.172116795646068#9
0000 0039 2000 0000 0000 0000#1626598168234580#-31.0#3.822680123411018#9
0000 0031 2000 0000 0000 0000#1626598168236115#-48.0#2.356194490192345#9
0000 002E 2000 0000 0000 0000#1626598168237169#-56.5#1.4358060174609601#9
0000 0037 2000 0000 0000 0000#1626598168239987#-35.5#3.479068426924634#9
0000 0035 2000 0000 0000 0000#1626598168242178#-38.0#3.0802334220743677#9
0000 0033 2000 0000 0000 0000#1626598168243866#-44.0#2.791845033951867#9
0000 0033 2000 0000 0000 0000#1626598168248068#-44.0#2.779573187648782#9
0000 0038 2000 0000 0000 0000#1626598168249333#-34.0#3.6999616603801666#9
0000 0032 2000 0000 0000 0000#1626598168250592#-46.5#2.4605051837685683#9
0000 0035 2000 0000 0000 0000#1626598168251613#-38.0#3.055689729468197#9
0000 002F 2000 0000 0000 0000#1626598168252904#-53.0#1.8530487917658545#9
0000 0036 2000 0000 0000 0000#1626598168255648#-38.0#3.172272269347506#9
0000 0037 2000 0000 0000 0000#1626598168257467#-35.5#3.436116964863836#9
0000 0039 2000 0000 0000 0000#1626598168259646#-31.5#3.767456815047135#9
0000 003B 2000 0000 0000 0000#1626598168260685#-31.5#4.718524903536232#9
0000 002D 2000 0000 0000 0000#1626598168262250#-61.0#0.7669903939428205#9
0000 002E 2000 0000 0000 0000#1626598168263593#-56.5#1.2885438618239387#9
0000 003A 2000 0000 0000 0000#1626598168264682#-26.0#3.816544200259475#9
0000 0030 2000 0000 0000 0000#1626598168265765#-51.5#2.030990563160589#9
0C21 0537 8123 1003 2202 062F#1626598168268550#-66.5#0.32520392703175593#9
0000 0031 2000 0000 0000 0000#1626598168270212#-48.0#2.1966604882522383#9
0000 0034 2000 0000 0000 0000#1626598168271275#-40.5#2.8716120349219203#9
0000 003B 2000 0000 0000 0000#1626598168536153#-32.0#4.724660826687775#9
0C21 0537 8123 1003 2202 062F#1626598168537255#-66.5#0.6565437772150544#9
0000 0035 2000 0000 0000 0000#1626598168538768#-39.0#2.4605051837685683#9
0000 0036 2000 0000 0000 0000#1626598168540104#-38.5#2.6384469551633027#9
0000 0038 2000 0000 0000 0000#1626598168541373#-35.0#3.3379421944391554#9
0000 0031 2000 0000 0000 0000#1626598168542480#-50.0#1.227184630308513#9
0000 003A 2000 0000 0000 0000#1626598168544267#-26.5#3.650874275167826#9
0000 0032 2000 0000 0000 0000#1626598168545310#-48.5#1.5155730184310134#9
0000 002E 2000 0000 0000 0000#1626598168546908#-49.0#5.332117218690489#9
0000 0037 2000 0000 0000 0000#1626598168547987#-37.5#2.9575149590435164#9
0000 0039 2000 0000 0000 0000#1626598168550280#-32.0#3.485204350076177#9
0000 002F 2000 0000 0000 0000#1626598168551626#-55.0#0.380427235395639#9
0000 0030 2000 0000 0000 0000#1626598168555679#-54.0#0.6135923151542565#9
0000 0034 2000 0000 0000 0000#1626598168559854#-42.0#2.1966604882522383#9
0000 002D 2000 0000 0000 0000#1626598168561286#-47.5#4.970097752749477#9
0000 0033 2000 0000 0000 0000#1626598168562562#-46.0#1.8960002538266525#9
0000 0032 2000 0000 0000 0000#1626598168567126#-48.5#1.423534171157875#9
0000 0038 2000 0000 0000 0000#1626598168568479#-35.5#3.2827188860752723#9
0000 0033 2000 0000 0000 0000#1626598168569513#-46.0#1.859184714917397#9
0000 0035 2000 0000 0000 0000#1626598168570600#-39.5#2.3746022596469727#9
0000 0037 2000 0000 0000 0000#1626598168572194#-37.5#2.8961557275280905#9
0000 0039 2000 0000 0000 0000#1626598168574017#-32.5#3.436116964863836#9
0000 0036 2000 0000 0000 0000#1626598168576934#-39.0#2.521864415283994#9
0000 002E 2000 0000 0000 0000#1626598168578230#-47.5#5.117359908386499#9
0000 002F 2000 0000 0000 0000#1626598168579749#-55.0#0.1349903093339364#9
0000 0030 2000 0000 0000 0000#1626598168581316#-53.5#0.42337869745643697#9
0000 003A 2000 0000 0000 0000#1626598168582349#-26.5#3.5711072741977725#9
0000 0034 2000 0000 0000 0000#1626598168583397#-42.5#2.141437179888355#9
0000 003B 2000 0000 0000 0000#1626598168584464#-32.5#4.6878452877785195#9
0C21 0537 8123 1003 2202 062F#1626598168585548#-66.0#0.7669903939428205#9
0000 002D 2000 0000 0000 0000#1626598168595344#-48.0#4.184699589352029#9
0000 0031 2000 0000 0000 0000#1626598168599846#-51.0#0.34974761963792617#9
0000 0036 2000 0000 0000 0000#1626598168864639#-42.0#1.3499030933393643#9
0000 002E 2000 0000 0000 0000#1626598168866991#-53.0#3.6570101983193686#9
0000 0038 2000 0000 0000 0000#1626598168868100#-37.5#2.1353012567368124#9
0000 002F 2000 0000 0000 0000#1626598168869148#-46.5#3.822680123411018#9
0000 0030 2000 0000 0000 0000#1626598168870217#-45.5#4.037437433715008#9
0000 0037 2000 0000 0000 0000#1626598168871283#-39.5#1.7732817907958012#9
0000 0033 2000 0000 0000 0000#1626598168872598#-49.5#0.18407769454627693#9
0000 0039 2000 0000 0000 0000#1626598168873969#-35.0#2.3623304133438876#9
0000 0032 2000 0000 0000 0000#1626598168875014#-50.5#5.565282298449106#9
0000 0034 2000 0000 0000 0000#1626598168876332#-45.5#0.803805932852076#9
0000 0031 2000 0000 0000 0000#1626598168877654#-49.0#4.841243366567084#9
0000 003B 2000 0000 0000 0000#1626598168878748#-34.5#3.8410878928656453#9
0000 003A 2000 0000 0000 0000#1626598168879814#-29.0#2.5280003384355365#9
0000 002D 2000 0000 0000 0000#1626598168881237#-61.5#3.3440781175906977#9
0000 0035 2000 0000 0000 0000#1626598168882285#-42.0#1.0921943209745766#9
0C21 0537 8123 1003 2202 062F#1626598168883884#-67.5#6.019340611663256#9
0000 0035 2000 0000 0000 0000#1626598168890927#-42.5#1.055378782065321#9
0000 0037 2000 0000 0000 0000#1626598168891992#-40.0#1.748738098189631#9
0000 0038 2000 0000 0000 0000#1626598168893312#-38.0#2.0800779483729293#9
0000 003A 2000 0000 0000 0000#1626598168894386#-29.0#2.4850488763747385#9
0000 0039 2000 0000 0000 0000#1626598168895984#-35.0#2.3009711818284617#9
FFFF FFFF FFFF FFFF FFFF FFFF#1626598168897077#-69.5#5.491651220630596#9
0000 0034 2000 0000 0000 0000#1626598168898419#-45.5#0.6933593161243098#9
0000 0031 2000 0000 0000 0000#1626598168899472#-48.0#4.657165672020807#9
0000 003B 2000 0000 0000 0000#1626598168900981#-35.0#3.785864584501762#9
0000 0030 2000 0000 0000 0000#1626598168902005#-46.0#3.9147189706841563#9
0000 0036 2000 0000 0000 0000#1626598168903442#-42.0#1.239456476611598#9
0000 002F 2000 0000 0000 0000#1626598168904449#-46.5#3.706097583531709#9
0000 0033 2000 0000 0000 0000#1626598168906520#-50.0#6.22182607566416#9
0000 0032 2000 0000 0000 0000#1626598168907708#-49.5#5.252350217720435#9
0000 002E 2000 0000 0000 0000#1626598168908791#-55.0#3.6079228131070282#9
0000 002D 2000 0000 0000 0000#1626598168910088#-64.0#2.816388726558037#9
0C21 0537 8123 1003 2202 062F#1626598168911371#-68.0#6.191146459906448#9
0000 0033 2000 0000 0000 0000#1626598169177465#-42.0#4.896466674930966#9
0000 0038 2000 0000 0000 0000#1626598169178588#-40.5#2.086213871524472#9
0000 002F 2000 0000 0000 0000#1626598169180148#-59.0#3.5833791205008576#9
0000 0035 2000 0000 0000 0000#1626598169181241#-45.5#0.5951845456996288#9
0000 0039 2000 0000 0000 0000#1626598169182566#-38.0#2.36846633649543#9
FFFF FFFF FFFF FFFF FFFF FFFF#1626598169185513#-68.5#0.6504078540635119#9
0000 0034 2000 0000 0000 0000#1626598169187335#-45.5#5.93343768754166#9
0000 0030 2000 0000 0000 0000#1626598169188662#-55.5#4.09266074207889#9
0000 0031 2000 0000 0000 0000#1626598169189712#-44.0#4.1417481272912315#9
0000 0037 2000 0000 0000 0000#1626598169191031#-43.5#1.5892040962495242#9
0000 003A 2000 0000 0000 0000#1626598169192126#-31.0#2.5402721847386216#9
0000 0036 2000 0000 0000 0000#1626598169193219#-45.5#0.8651651643675016#9
0000 002D 2000 0000 0000 0000#1626598169194284#-63.0#0.42337869745643697#9
0C21 0537 8123 1003 2202 062F#1626598169195571#-67.5#1.5278448647340985#9
0000 003B 2000 0000 0000 0000#1626598169196893#-36.5#3.933126740138784#9
0000 002E 2000 0000 0000 0000#1626598169198819#-63.0#1.6873788666742053#9
0000 0032 2000 0000 0000 0000#1626598169212061#-43.0#4.06811704947272#9
0000 0037 2000 0000 0000 0000#1626598169216802#-43.5#1.2885438618239387#9
0000 0031 2000 0000 0000 0000#1626598169218100#-46.0#3.859495662320273#9
0000 0034 2000 0000 0000 0000#1626598169219920#-45.0#5.43029198911517#9
0000 0039 2000 0000 0000 0000#1626598169221235#-38.0#2.061670178918302#9
0000 003B 2000 0000 0000 0000#1626598169223498#-36.5#3.650874275167826#9
0000 002E 2000 0000 0000 0000#1626598169224966#-62.5#1.1474176293384597#9
0000 003A 2000 0000 0000 0000#1626598169226260#-31.5#2.2641556429192065#9
0000 0035 2000 0000 0000 0000#1626598169227311#-46.5#0.09203884727313846#9
0000 0036 2000 0000 0000 0000#1626598169228922#-46.0#0.46019423636569234#9
0000 0030 2000 0000 0000 0000#1626598169229990#-58.5#3.6570101983193686#9
0000 0032 2000 0000 0000 0000#1626598169231806#-43.5#3.988350048502667#9
0000 002D 2000 0000 0000 0000#1626598169233728#-61.5#5.9518454569962875#9
FFFF FFFF FFFF FFFF FFFF FFFF#1626598169234807#-69.0#0.1718058482431918#9
0C21 0537 8123 1003 2202 062F#1626598169235863#-67.0#1.0369710126106935#9
0000 0038 2000 0000 0000 0000#1626598169236959#-42.5#1.7303303287350031#9
0000 0033 2000 0000 0000 0000#1626598169240171#-41.5#4.344233591292136#9
0000 002F 2000 0000 0000 0000#1626598169242669#-60.0#2.6323110320117604#9
0000 0036 2000 0000 0000 0000#1626598169507045#-43.0#4.344233591292136#9
FFFF FFFF FFFF FFFF FFFF FFFF#1626598169509760#-68.0#5.835262917116979#9
0000 0034 2000 0000 0000 0000#1626598169510806#-42.5#3.5833791205008576#9
0000 003A 2000 0000 0000 0000#1626598169512581#-35.5#1.2517283229146832#9
0000 0031 2000 0000 0000 0000#1626598169514137#-57.5#2.1230294104337273#9
0000 002D 2000 0000 0000 0000#1626598169515203#-57.0#2.748893571891069#9
0000 0039 2000 0000 0000 0000#1626598169516261#-44.0#0.8406214717613314#9
0000 0037 2000 0000 0000 0000#1626598169517508#-47.5#5.387340527054372#9
0000 002F 2000 0000 0000 0000#1626598169519075#-65.0#5.178719139901925#9
0000 0033 2000 0000 0000 0000#1626598169520135#-49.5#3.399301425954581#9
0000 0038 2000 0000 0000 0000#1626598169521199#-48.0#0.006135923151542565#9
0000 0030 2000 0000 0000 0000#1626598169523038#-66.5#1.1228739367322893#9
0000 002E 2000 0000 0000 0000#1626598169524136#-59.0#3.32567034813607#9
0000 003B 2000 0000 0000 0000#1626598169526295#-39.0#2.5832236467994196#9
0C21 0537 8123 1003 2202 062F#1626598169529190#-67.5#0.5767767762450011#9
0000 0032 2000 0000 0000 0000#1626598169530365#-56.5#2.742757648739526#9
0000 0035 2000 0000 0000 0000#1626598169531654#-42.0#3.902447124381071#9
0000 0037 2000 0000 0000 0000#1626598169536420#-46.5#5.2339424482658075#9
0000 002E 2000 0000 0000 0000#1626598169538604#-59.0#3.172272269347506#9
FFFF FFFF FFFF FFFF FFFF FFFF#1626598169539656#-67.5#5.706408530934585#9
0000 003B 2000 0000 0000 0000#1626598169540734#-39.0#2.564815877344792#9
0000 003A 2000 0000 0000 0000#1626598169541845#-36.0#1.1780972450961724#9
0000 002D 2000 0000 0000 0000#1626598169543167#-57.0#2.435961491162398#9
0000 0035 2000 0000 0000 0000#1626598169544514#-42.0#3.865631585471816#9
0000 002F 2000 0000 0000 0000#1626598169545593#-64.0#4.81056375080937#9
0000 0034 2000 0000 0000 0000#1626598169546640#-43.5#3.54042765844006#9
0000 0039 2000 0000 0000 0000#1626598169547677#-45.0#0.6565437772150544#9
0000 0032 2000 0000 0000 0000#1626598169548739#-56.5#2.6200391857086753#9
0000 0033 2000 0000 0000 0000#1626598169550070#-51.5#3.368621810196868#9
0000 0038 2000 0000 0000 0000#1626598169551091#-47.0#6.056156150572511#9
0000 0036 2000 0000 0000 0000#1626598169552985#-42.5#4.123340357836604#9
0C21 0537 8123 1003 2202 062F#1626598169554697#-68.0#0.48473792897186263#9
0000 0031 2000 0000 0000 0000#1626598169555789#-58.0#1.8530487917658545#9
0000 0030 2000 0000 0000 0000#1626598169556834#-69.0#0.6688156235181395#9
0000 002D 2000 0000 0000 0000#1626598169827933#-58.5#0.25770877236478773#9
0000 0036 2000 0000 0000 0000#1626598169830095#-48.5#3.0925052683774528#9
0000 002E 2000 0000 0000 0000#1626598169831193#-59.5#1.0676506283684062#9
0000 0039 2000 0000 0000 0000#1626598169832303#-46.0#4.816699673960914#9
0000 003A 2000 0000 0000 0000#1626598169833365#-42.5#5.737088146692298#9
0000 0037 2000 0000 0000 0000#1626598169834430#-46.0#3.693825737228624#9
0000 0031 2000 0000 0000 0000#1626598169836193#-60.0#5.148039524144211#9
0000 003B 2000 0000 0000 0000#1626598169837259#-45.0#1.5033011721279284#9
0000 0032 2000 0000 0000 0000#1626598169838606#-61.0#0.06135923151542565#9
0000 0034 2000 0000 0000 0000#1626598169839666#-55.0#2.386874105950058#9
0000 0038 2000 0000 0000 0000#1626598169841242#-45.5#4.2031073588066565#9
0000 0030 2000 0000 0000 0000#1626598169843597#-66.0#3.6447383520162835#9
0000 0035 2000 0000 0000 0000#1626598169844627#-50.5#2.8777479580734626#9
0000 002F 2000 0000 0000 0000#1626598169845692#-61.0#2.552544031041707#9
0000 0033 2000 0000 0000 0000#1626598169846795#-59.0#1.509437095279471#9
0C21 0537 8123 1003 2202 062F#1626598169848907#-69.0#6.086835766330224#9
FFFF FFFF FFFF FFFF FFFF FFFF#1626598169850356#-67.5#5.062136600022616#9
FFFF FFFF FFFF FFFF FFFF FFFF#1626598169855667#-67.5#5.00077736850719#9
0000 0035 2000 0000 0000 0000#1626598169857550#-51.0#2.8286605728611223#9
0000 002D 2000 0000 0000 0000#1626598169858919#-58.5#6.178874613603362#9
0000 003A 2000 0000 0000 0000#1626598169859968#-42.5#5.522330836388308#9
0000 0036 2000 0000 0000 0000#1626598169862255#-50.0#3.043417883165112#9
0000 0039 2000 0000 0000 0000#1626598169863337#-46.0#4.663301595172349#9
0000 0030 2000 0000 0000 0000#1626598169864420#-65.5#3.3195344249845276#9
0000 0038 2000 0000 0000 0000#1626598169865499#-45.5#4.129476280988146#9
0000 0034 2000 0000 0000 0000#1626598169866517#-55.5#2.2457478734645786#9
0000 0037 2000 0000 0000 0000#1626598169867596#-47.0#3.6324665057131984#9
0000 0031 2000 0000 0000 0000#1626598169870190#-60.5#4.9394181369917645#9
0000 003B 2000 0000 0000 0000#1626598169871257#-45.5#1.3069516312785663#9
0000 002F 2000 0000 0000 0000#1626598169872563#-61.5#2.2518837966161214#9
0000 0033 2000 0000 0000 0000#1626598169873864#-59.5#1.3130875544301088#9
0000 002E 2000 0000 0000 0000#1626598169874935#-60.0#0.6442719309119693#9
0000 0032 2000 0000 0000 0000#1626598169876595#-62.0#5.792311455056181#9
0000 0032 2000 0000 0000 0000#1626598170141038#-63.0#3.8533597391687304#9
0000 0034 2000 0000 0000 0000#1626598170142342#-59.0#0.18407769454627693#9
0000 0031 2000 0000 0000 0000#1626598170143651#-61.5#2.497320722677824#9
0000 0033 2000 0000 0000 0000#1626598170145223#-63.5#5.111223985234957#9
0000 0038 2000 0000 0000 0000#1626598170146770#-51.5#3.8410878928656453#9
0000 0036 2000 0000 0000 0000#1626598170148330#-58.0#2.2396119503130363#9
0000 002F 2000 0000 0000 0000#1626598170149664#-61.5#0.07363107781851078#9
0000 002E 2000 0000 0000 0000#1626598170151945#-59.0#5.006913291658733#9
0000 003A 2000 0000 0000 0000#1626598170153009#-41.0#4.23378697456437#9
0000 003B 2000 0000 0000 0000#1626598170154846#-48.0#6.117515382087937#9
0000 0035 2000 0000 0000 0000#1626598170156120#-58.5#1.4848934026733007#9
0000 0039 2000 0000 0000 0000#1626598170157174#-47.0#4.025165587411922#9
0000 002D 2000 0000 0000 0000#1626598170160210#-57.0#4.6448938257177215#9
0000 0037 2000 0000 0000 0000#1626598170161271#-56.0#3.32567034813607#9
0000 0030 2000 0000 0000 0000#1626598170162428#-68.5#0.8897088569736719#9
FFFF FFFF FFFF FFFF FFFF FFFF#1626598170164818#-67.5#5.626641529964532#9
0C21 0537 8123 1003 2202 062F#1626598170169585#-69.0#6.22182607566416#9
0000 002F 2000 0000 0000 0000#1626598170170916#-61.5#6.270913460876501#9
0000 003B 2000 0000 0000 0000#1626598170172055#-48.0#6.056156150572511#9
0000 0036 2000 0000 0000 0000#1626598170174102#-58.5#2.067806102069844#9
0000 0034 2000 0000 0000 0000#1626598170175390#-60.0#6.160466844148735#9
0000 0030 2000 0000 0000 0000#1626598170176434#-68.5#0.8897088569736719#9
0000 002E 2000 0000 0000 0000#1626598170177716#-59.0#4.9394181369917645#9
0000 0037 2000 0000 0000 0000#1626598170179033#-56.0#3.2704470397721868#9
0000 003A 2000 0000 0000 0000#1626598170181022#-41.0#4.154019973594316#9
0000 0031 2000 0000 0000 0000#1626598170182325#-61.5#2.435961491162398#9
0000 002D 2000 0000 0000 0000#1626598170184590#-57.5#4.571262747899211#9
FFFF FFFF FFFF FFFF FFFF FFFF#1626598170185641#-67.5#5.5714182216006485#9
0000 0035 2000 0000 0000 0000#1626598170186754#-59.0#1.214912784005428#9
0000 0038 2000 0000 0000 0000#1626598170188904#-52.5#3.718369429834794#9
0000 0039 2000 0000 0000 0000#1626598170191467#-48.0#3.9576704327449543#9
0000 0032 2000 0000 0000 0000#1626598170193735#-62.5#3.08636934522591#9
0000 0033 2000 0000 0000 0000#1626598170195019#-61.5#4.638757902566179#9
0000 0030 2000 0000 0000 0000#1626598170458421#-62.0#0.22089323345553233#9
0000 0033 2000 0000 0000 0000#1626598170460594#-57.5#3.2765829629237295#9
0000 0034 2000 0000 0000 0000#1626598170461655#-55.5#4.417864669110647#9
0000 002F 2000 0000 0000 0000#1626598170463213#-59.0#5.964117303299373#9
0000 002D 2000 0000 0000 0000#1626598170464277#-61.0#4.264466590322082#9
0000 003A 2000 0000 0000 0000#1626598170465338#-44.0#4.01902966426038#9
0000 003B 2000 0000 0000 0000#1626598170466463#-47.5#5.681864838328415#9
0000 0032 2000 0000 0000 0000#1626598170468701#-58.0#2.1966604882522383#9
0000 0031 2000 0000 0000 0000#1626598170469751#-57.0#1.4480778637640452#9
0000 002E 2000 0000 0000 0000#1626598170470865#-61.5#4.700117134081604#9
0000 0036 2000 0000 0000 0000#1626598170472550#-59.5#0.05522330836388308#9
0000 0039 2000 0000 0000 0000#1626598170473621#-51.0#3.5833791205008576#9
0000 0037 2000 0000 0000 0000#1626598170474911#-59.5#1.859184714917397#9
0000 0038 2000 0000 0000 0000#1626598170475990#-55.5#3.000466421104314#9
0C21 0537 8123 1003 2202 062F#1626598170477089#-68.5#1.4173982480063325#9
0000 0035 2000 0000 0000 0000#1626598170478133#-57.0#5.442563835418255#9
3008 33B2 DDD9 0140 2018 0626#1626598170479625#-62.0#4.9823695990525625#9
FFFF FFFF FFFF FFFF FFFF FFFF#1626598170480692#-68.0#0.0859029241215959#9
0000 003A 2000 0000 0000 0000#1626598170485194#-44.5#3.9638063558964967#9
0000 0036 2000 0000 0000 0000#1626598170486500#-59.5#6.258641614573416#9
0000 003B 2000 0000 0000 0000#1626598170487808#-48.0#5.620505606812989#9
0000 0038 2000 0000 0000 0000#1626598170489130#-56.0#2.945243112740431#9
0000 0033 2000 0000 0000 0000#1626598170490506#-58.0#3.117048960983623#9
0000 0032 2000 0000 0000 0000#1626598170491582#-58.0#2.098485717827557#9
0000 002E 2000 0000 0000 0000#1626598170493831#-62.5#4.614214209960009#9
0000 0034 2000 0000 0000 0000#1626598170494853#-55.5#4.178563666200486#9
0000 0035 2000 0000 0000 0000#1626598170496610#-56.5#5.283029833478148#9
3008 33B2 DDD9 0140 2018 0626#1626598170498455#-61.5#4.963961829597935#9
FFFF FFFF FFFF FFFF FFFF FFFF#1626598170499477#-68.5#6.209554229361076#9
0000 0039 2000 0000 0000 0000#1626598170500797#-52.0#3.485204350076177#9
0000 0037 2000 0000 0000 0000#1626598170502300#-60.0#1.6014759425526093#9
