0000 0034 2000 0000 0000 0000#1626598312812234#-47.5#5.743224069843841#9
0000 0038 2000 0000 0000 0000#1626598312813526#-44.5#4.344233591292136#9
0000 0036 2000 0000 0000 0000#1626598312815121#-44.5#4.859651136021712#9
0000 0039 2000 0000 0000 0000#1626598312816416#-45.5#3.877903431774901#9
0000 0033 2000 0000 0000 0000#1626598312817704#-48.5#0.30066023442558565#9
0000 0037 2000 0000 0000 0000#1626598312819287#-45.0#4.540583132141498#9
FFFF FFFF FFFF FFFF FFFF FFFF#1626598312821801#-68.0#0.25770877236478773#9
0000 003A 2000 0000 0000 0000#1626598312823094#-46.5#3.0495538063166547#9
0000 002E 2000 0000 0000 0000#1626598312824164#-49.5#3.32567034813607#9
0000 0035 2000 0000 0000 0000#1626598312825725#-44.5#5.049864753719531#9
0000 002F 2000 0000 0000 0000#1626598312827755#-50.5#2.748893571891069#9
0000 0030 2000 0000 0000 0000#1626598312828895#-50.0#2.429825568010856#9
0000 0001 0000 0000 0000 0000#1626598312831308#-65.0#6.117515382087937#9
0000 0032 2000 0000 0000 0000#1626598312832651#-49.5#1.030835089459151#9
0000 0031 2000 0000 0000 0000#1626598312834231#-50.0#1.4480778637640452#9
0000 002D 2000 0000 0000 0000#1626598312835311#-51.5#3.552699504743145#9
0C21 0537 8123 1003 2202 062F#1626598312837367#-68.0#1.7916895602504288#9
0000 0038 2000 0000 0000 0000#1626598312841171#-44.5#4.331961744989051#9
0000 0030 2000 0000 0000 0000#1626598312842452#-50.0#2.423689644859313#9
0000 0037 2000 0000 0000 0000#1626598312843530#-45.0#4.522175362686871#9
0000 0032 2000 0000 0000 0000#1626598312845587#-49.5#1.030835089459151#9
0000 0039 2000 0000 0000 0000#1626598312847124#-45.0#3.9085830475326135#9
0000 0035 2000 0000 0000 0000#1626598312848431#-45.0#5.037592907416445#9
0000 0036 2000 0000 0000 0000#1626598312849479#-45.0#4.859651136021712#9
0000 002E 2000 0000 0000 0000#1626598312850561#-49.5#3.3072625786814425#9
0000 002D 2000 0000 0000 0000#1626598312851883#-52.0#3.5833791205008576#9
0000 003A 2000 0000 0000 0000#1626598312852933#-46.5#3.06182565261974#9
0000 0031 2000 0000 0000 0000#1626598312855180#-50.0#1.4542137869155878#9
0C21 0537 8123 1003 2202 062F#1626598312856919#-67.5#1.7303303287350031#9
0000 002F 2000 0000 0000 0000#1626598312858265#-50.5#2.730485802436441#9
0000 0034 2000 0000 0000 0000#1626598312859384#-47.5#5.743224069843841#9
0000 0033 2000 0000 0000 0000#1626598312861527#-48.5#0.2945243112740431#9
0000 0001 0000 0000 0000 0000#1626598312864067#-64.5#6.056156150572511#9
FFFF FFFF FFFF FFFF FFFF FFFF#1626598312865374#-68.5#0.3190680038802134#9
0000 0035 2000 0000 0000 0000#1626598313128897#-45.5#4.884194828627882#9
0000 0036 2000 0000 0000 0000#1626598313130673#-45.5#4.681709364626977#9
FFFF FFFF FFFF FFFF FFFF FFFF#1626598313131695#-68.5#6.111379458936394#9
0000 0032 2000 0000 0000 0000#1626598313132954#-50.0#0.8344855486097889#9
0000 0038 2000 0000 0000 0000#1626598313134703#-45.0#4.147884050442774#9
0000 0031 2000 0000 0000 0000#1626598313136536#-50.0#1.227184630308513#9
0000 002E 2000 0000 0000 0000#1626598313137644#-50.0#3.0925052683774528#9
0000 0033 2000 0000 0000 0000#1626598313139218#-47.5#0.11044661672776616#9
0000 002D 2000 0000 0000 0000#1626598313140270#-52.0#3.3440781175906977#9
0000 0039 2000 0000 0000 0000#1626598313141621#-45.0#3.663146121470911#9
0000 0037 2000 0000 0000 0000#1626598313142730#-45.0#4.344233591292136#9
0000 002F 2000 0000 0000 0000#1626598313153100#-50.5#2.1782527187976104#9
0000 0034 2000 0000 0000 0000#1626598313155502#-47.5#5.197126909356553#9
0000 0030 2000 0000 0000 0000#1626598313156642#-49.5#1.846912868614312#9
0000 003A 2000 0000 0000 0000#1626598313162061#-47.0#2.466641106920111#9
0000 0032 2000 0000 0000 0000#1626598313166648#-49.5#0.48473792897186263#9
0000 0036 2000 0000 0000 0000#1626598313168437#-45.5#4.295146206079795#9
0000 002F 2000 0000 0000 0000#1626598313170603#-50.5#2.1230294104337273#9
0000 0033 2000 0000 0000 0000#1626598313171970#-48.5#5.982525072754001#9
FFFF FFFF FFFF FFFF FFFF FFFF#1626598313173251#-68.5#5.675728915176872#9
0000 0035 2000 0000 0000 0000#1626598313174313#-45.5#4.522175362686871#9
0000 0030 2000 0000 0000 0000#1626598313175355#-50.0#1.8407769454627694#9
0000 0037 2000 0000 0000 0000#1626598313176418#-46.0#3.9515345095934116#9
0000 0039 2000 0000 0000 0000#1626598313178245#-45.5#3.2643111166206444#9
0000 0034 2000 0000 0000 0000#1626598313180156#-48.0#5.184855063053467#9
0000 0038 2000 0000 0000 0000#1626598313181560#-45.5#3.724505352986337#9
0000 003A 2000 0000 0000 0000#1626598313182876#-47.0#2.478912953223196#9
0000 0031 2000 0000 0000 0000#1626598313183930#-50.5#0.8774370106705868#9
0000 002E 2000 0000 0000 0000#1626598313185195#-49.5#2.693670263527186#9
0000 002D 2000 0000 0000 0000#1626598313186336#-52.0#2.8777479580734626#9
0000 002D 2000 0000 0000 0000#1626598313452293#-52.5#3.172272269347506#9
0000 003A 2000 0000 0000 0000#1626598313453456#-46.5#2.6568547246179306#9
0000 0036 2000 0000 0000 0000#1626598313455024#-45.0#4.491495746929157#9
0000 0038 2000 0000 0000 0000#1626598313456281#-45.0#3.9944859716542096#9
0000 0034 2000 0000 0000 0000#1626598313457613#-48.0#5.393476450205914#9
0000 0033 2000 0000 0000 0000#1626598313458660#-49.0#6.19728238305799#9
0000 0037 2000 0000 0000 0000#1626598313459922#-45.0#4.172427743048944#9
0000 002E 2000 0000 0000 0000#1626598313461261#-49.5#2.9022916506796332#9
0000 0030 2000 0000 0000 0000#1626598313463643#-50.0#2.0371264863121317#9
0000 0035 2000 0000 0000 0000#1626598313465128#-45.5#4.693981210930062#9
0000 0031 2000 0000 0000 0000#1626598313466980#-49.5#1.0615147052168636#9
FFFF FFFF FFFF FFFF FFFF FFFF#1626598313468088#-67.5#5.737088146692298#9
0000 0032 2000 0000 0000 0000#1626598313469203#-50.0#0.6320000846088841#9
0000 002F 2000 0000 0000 0000#1626598313470495#-51.0#2.36846633649543#9
0000 0039 2000 0000 0000 0000#1626598313472516#-45.0#3.472932503773092#9
0000 002F 2000 0000 0000 0000#1626598313478480#-51.0#2.380738182798515#9
0000 0037 2000 0000 0000 0000#1626598313479558#-45.5#4.172427743048944#9
0000 0035 2000 0000 0000 0000#1626598313481360#-45.5#4.6878452877785195#9
0000 0039 2000 0000 0000 0000#1626598313482907#-45.0#3.5036121195308043#9
0000 002E 2000 0000 0000 0000#1626598313484221#-50.0#2.8961557275280905#9
0000 002D 2000 0000 0000 0000#1626598313485274#-52.5#3.141592653589793#9
0000 0036 2000 0000 0000 0000#1626598313486566#-45.0#4.516039439535327#9
0000 0032 2000 0000 0000 0000#1626598313488122#-49.5#0.662679700366597#9
0000 0030 2000 0000 0000 0000#1626598313489707#-49.5#2.055534255766759#9
0000 0038 2000 0000 0000 0000#1626598313491496#-45.0#3.9699422790480394#9
0000 0034 2000 0000 0000 0000#1626598313492587#-47.5#5.399612373357457#9
0000 003A 2000 0000 0000 0000#1626598313494133#-46.5#2.6813984172241008#9
0000 0031 2000 0000 0000 0000#1626598313497635#-49.5#1.0921943209745766#9
FFFF FFFF FFFF FFFF FFFF FFFF#1626598313498929#-68.0#5.957981380147831#9
0000 0033 2000 0000 0000 0000#1626598313500771#-49.5#6.209554229361076#9
0000 0032 2000 0000 0000 0000#1626598313766539#-46.5#1.4542137869155878#9
0000 0033 2000 0000 0000 0000#1626598313769644#-47.0#1.0062913968529805#9
0000 002F 2000 0000 0000 0000#1626598313770707#-47.0#2.675262494072558#9
0000 0034 2000 0000 0000 0000#1626598313772015#-48.5#0.21475731030398976#9
0000 0039 2000 0000 0000 0000#1626598313773914#-42.0#3.2090878082567613#9
0000 002D 2000 0000 0000 0000#1626598313775193#-49.5#3.3624858870453256#9
0000 003B 2000 0000 0000 0000#1626598313776233#-49.0#2.9329712664373457#9
FFFF FFFF FFFF FFFF FFFF FFFF#1626598313778236#-68.0#5.491651220630596#9
0000 003A 2000 0000 0000 0000#1626598313779265#-37.0#2.325514874434632#9
0000 0038 2000 0000 0000 0000#1626598313780705#-45.5#3.9269908169872414#9
0000 002E 2000 0000 0000 0000#1626598313782030#-47.5#3.153864499892878#9
0000 0031 2000 0000 0000 0000#1626598313783352#-45.5#1.8223691760081417#9
0000 0035 2000 0000 0000 0000#1626598313784415#-48.0#5.565282298449106#9
0000 0036 2000 0000 0000 0000#1626598313785490#-47.5#5.184855063053467#9
0000 0030 2000 0000 0000 0000#1626598313787174#-46.0#2.4727770300716534#9
0000 0037 2000 0000 0000 0000#1626598313788523#-46.5#4.405592822807561#9
0000 0038 2000 0000 0000 0000#1626598313792662#-45.0#3.9699422790480394#9
0000 0035 2000 0000 0000 0000#1626598313793700#-48.0#5.626641529964532#9
FFFF FFFF FFFF FFFF FFFF FFFF#1626598313795065#-67.5#5.540738605842936#9
0000 002F 2000 0000 0000 0000#1626598313796093#-47.0#2.761165418194154#9
0000 0039 2000 0000 0000 0000#1626598313797589#-42.0#3.2397674240144743#9
0000 0033 2000 0000 0000 0000#1626598313798651#-46.5#1.1474176293384597#9
0000 0034 2000 0000 0000 0000#1626598313799740#-48.0#0.380427235395639#9
0000 003B 2000 0000 0000 0000#1626598313800825#-48.0#2.8777479580734626#9
0000 0032 2000 0000 0000 0000#1626598313802141#-46.0#1.6321555583103222#9
0000 0030 2000 0000 0000 0000#1626598313803154#-46.0#2.5157284921324514#9
0000 002E 2000 0000 0000 0000#1626598313804679#-47.0#3.2397674240144743#9
0000 002D 2000 0000 0000 0000#1626598313807910#-49.0#3.4606606574700063#9
0000 003A 2000 0000 0000 0000#1626598313809258#-36.5#2.350058567040802#9
0000 0031 2000 0000 0000 0000#1626598313810565#-45.5#1.88986433067511#9
0000 0037 2000 0000 0000 0000#1626598313811613#-47.0#4.503767593232243#9
0000 0036 2000 0000 0000 0000#1626598313813062#-48.0#5.338253141842031#9
0C21 0537 8123 1003 2202 062F#1626598314079172#-68.0#1.6505633277649499#9
0000 002E 2000 0000 0000 0000#1626598314080271#-45.0#4.657165672020807#9
0000 0031 2000 0000 0000 0000#1626598314082276#-42.0#3.5342917352885173#9
0000 002F 2000 0000 0000 0000#1626598314083354#-44.0#4.313553975534423#9
0000 0033 2000 0000 0000 0000#1626598314086099#-42.5#3.031146036862027#9
0000 0035 2000 0000 0000 0000#1626598314087146#-45.0#1.7794177139473437#9
0000 0034 2000 0000 0000 0000#1626598314088651#-44.0#2.454369260617026#9
0000 0039 2000 0000 0000 0000#1626598314090004#-40.5#4.9823695990525625#9
0000 0036 2000 0000 0000 0000#1626598314091308#-46.5#1.4848934026733007#9
0000 0030 2000 0000 0000 0000#1626598314093063#-43.0#4.123340357836604#9
0000 002D 2000 0000 0000 0000#1626598314094855#-47.0#4.865787059173254#9
0000 0032 2000 0000 0000 0000#1626598314095928#-41.5#3.380893656499953#9
0000 0037 2000 0000 0000 0000#1626598314096966#-47.0#0.5031456984264903#9
0000 003A 2000 0000 0000 0000#1626598314098002#-33.0#3.9208548938356986#9
0000 0038 2000 0000 0000 0000#1626598314100531#-46.0#6.025476534814799#9
0000 003B 2000 0000 0000 0000#1626598314101870#-39.5#4.184699589352029#9
FFFF FFFF FFFF FFFF FFFF FFFF#1626598314103392#-68.5#0.3313398501832985#9
0000 003A 2000 0000 0000 0000#1626598314109519#-33.0#3.9453985864418692#9
0C21 0537 8123 1003 2202 062F#1626598314110833#-67.5#1.5953400194010667#9
0000 002F 2000 0000 0000 0000#1626598314111881#-43.5#4.3503695144436785#9
0000 003B 2000 0000 0000 0000#1626598314113434#-39.5#4.196971435655114#9
0000 0031 2000 0000 0000 0000#1626598314114501#-41.5#3.6079228131070282#9
0000 0033 2000 0000 0000 0000#1626598314115562#-43.0#3.0925052683774528#9
0000 0035 2000 0000 0000 0000#1626598314117408#-44.5#1.88986433067511#9
0000 002E 2000 0000 0000 0000#1626598314118904#-44.5#4.755340442445488#9
0000 0039 2000 0000 0000 0000#1626598314120443#-40.5#5.105088062083414#9
0000 0030 2000 0000 0000 0000#1626598314121486#-43.0#4.178563666200486#9
0000 0036 2000 0000 0000 0000#1626598314122803#-46.0#1.6137477888556946#9
0000 002D 2000 0000 0000 0000#1626598314124073#-47.0#4.914874444385594#9
0000 0032 2000 0000 0000 0000#1626598314125616#-41.0#3.454524734318464#9
FFFF FFFF FFFF FFFF FFFF FFFF#1626598314129149#-67.5#0.3374757733348411#9
0000 0038 2000 0000 0000 0000#1626598314130240#-46.5#6.209554229361076#9
0000 0034 2000 0000 0000 0000#1626598314131345#-43.0#2.5954954931025047#9
0000 0037 2000 0000 0000 0000#1626598314132834#-48.0#0.7547185476397354#9
FFFF FFFF FFFF FFFF FFFF FFFF#1626598314398486#-68.0#5.448699758569798#9
0000 003A 2000 0000 0000 0000#1626598314399576#-33.5#4.565126824747668#9
0000 0032 2000 0000 0000 0000#1626598314402712#-39.5#3.479068426924634#9
0000 002D 2000 0000 0000 0000#1626598314404348#-47.0#4.718524903536232#9
0000 0039 2000 0000 0000 0000#1626598314405671#-41.0#5.927301764390117#9
0000 002E 2000 0000 0000 0000#1626598314406988#-43.5#4.620350133111551#9
0000 003B 2000 0000 0000 0000#1626598314408087#-39.0#4.608078286808466#9
0000 0033 2000 0000 0000 0000#1626598314409804#-40.0#3.2459033471660166#9
0000 002F 2000 0000 0000 0000#1626598314411352#-42.5#4.325825821837508#9
0000 0031 2000 0000 0000 0000#1626598314412661#-40.0#3.663146121470911#9
0000 0038 2000 0000 0000 0000#1626598314413797#-45.0#0.8897088569736719#9
0000 0036 2000 0000 0000 0000#1626598314414862#-42.0#2.1046216409791#9
0000 0034 2000 0000 0000 0000#1626598314416436#-40.0#2.767301341345697#9
0000 0030 2000 0000 0000 0000#1626598314417948#-41.5#4.166291819897402#9
0000 0035 2000 0000 0000 0000#1626598314418998#-41.0#2.3193789512830896#9
0000 0037 2000 0000 0000 0000#1626598314420946#-44.5#1.509437095279471#9
0000 002F 2000 0000 0000 0000#1626598314427299#-42.5#4.3503695144436785#9
0000 0036 2000 0000 0000 0000#1626598314428594#-41.5#2.12916533358527#9
0000 0035 2000 0000 0000 0000#1626598314430170#-41.0#2.356194490192345#9
0000 0034 2000 0000 0000 0000#1626598314431233#-40.0#2.7979809571034093#9
0000 0032 2000 0000 0000 0000#1626598314432750#-39.0#3.56497135104623#9
0000 002D 2000 0000 0000 0000#1626598314433788#-46.5#4.7860200582032#9
0000 003A 2000 0000 0000 0000#1626598314435080#-33.5#4.724660826687775#9
0000 0038 2000 0000 0000 0000#1626598314436414#-44.0#0.9756117810952678#9
0000 0030 2000 0000 0000 0000#1626598314437686#-41.5#4.196971435655114#9
0000 002E 2000 0000 0000 0000#1626598314438713#-43.5#4.638757902566179#9
0000 0031 2000 0000 0000 0000#1626598314439724#-39.5#3.7122335066832517#9
0000 0039 2000 0000 0000 0000#1626598314441005#-41.0#6.074563920027139#9
0000 003B 2000 0000 0000 0000#1626598314442086#-39.0#4.743068596142402#9
0000 0033 2000 0000 0000 0000#1626598314443162#-39.5#3.32567034813607#9
FFFF FFFF FFFF FFFF FFFF FFFF#1626598314444412#-67.5#5.270757987175063#9
0000 0037 2000 0000 0000 0000#1626598314445744#-44.0#1.576932249946439#9
0000 003B 2000 0000 0000 0000#1626598314714055#-38.0#6.062292073724054#9
0000 0031 2000 0000 0000 0000#1626598314715147#-38.0#4.454680208019902#9
0000 0039 2000 0000 0000 0000#1626598314717073#-38.0#1.2210487071569704#9
0000 0037 2000 0000 0000 0000#1626598314718181#-40.5#2.521864415283994#9
0000 0036 2000 0000 0000 0000#1626598314719286#-39.5#3.0802334220743677#9
0000 002D 2000 0000 0000 0000#1626598314721054#-45.5#5.240078371417351#9
0000 003A 2000 0000 0000 0000#1626598314723316#-32.0#6.234097921967246#9
0000 0035 2000 0000 0000 0000#1626598314724462#-38.5#3.2643111166206444#9
0000 002F 2000 0000 0000 0000#1626598314725514#-41.5#4.994641445355648#9
FFFF FFFF FFFF FFFF FFFF FFFF#1626598314726580#-68.5#5.730952223540755#9
0000 0030 2000 0000 0000 0000#1626598314727635#-40.0#4.878058905476339#9
0000 0033 2000 0000 0000 0000#1626598314728895#-38.0#4.1417481272912315#9
0000 0032 2000 0000 0000 0000#1626598314730354#-36.5#4.362641360746763#9
0000 002E 2000 0000 0000 0000#1626598314732955#-42.5#5.166447293598839#9
0000 0034 2000 0000 0000 0000#1626598314734045#-38.0#3.724505352986337#9
0000 0038 2000 0000 0000 0000#1626598314735126#-40.0#2.1598449493429825#9
0000 003B 2000 0000 0000 0000#1626598314740042#-38.5#6.178874613603362#9
0000 0030 2000 0000 0000 0000#1626598314741358#-40.0#4.902602598082509#9
0000 0031 2000 0000 0000 0000#1626598314743299#-38.0#4.509903516383785#9
0000 003A 2000 0000 0000 0000#1626598314744832#-32.0#0.03681553890925539#9
0000 0035 2000 0000 0000 0000#1626598314746408#-38.0#3.3011266555298997#9
0000 0032 2000 0000 0000 0000#1626598314747484#-37.5#4.3933209765044765#9
0000 0033 2000 0000 0000 0000#1626598314748818#-37.5#4.172427743048944#9
0000 0036 2000 0000 0000 0000#1626598314750339#-39.5#3.1354567304382504#9
0000 0034 2000 0000 0000 0000#1626598314751403#-38.0#3.749049045592507#9
0000 002E 2000 0000 0000 0000#1626598314752429#-42.5#5.197126909356553#9
0000 0038 2000 0000 0000 0000#1626598314753622#-40.0#2.2089323345553233#9
0000 0037 2000 0000 0000 0000#1626598314754676#-40.0#2.60776733940559#9
FFFF FFFF FFFF FFFF FFFF FFFF#1626598314755754#-67.5#5.681864838328415#9
0000 002D 2000 0000 0000 0000#1626598314757100#-45.5#5.264622064023521#9
0000 0039 2000 0000 0000 0000#1626598314760148#-37.5#1.368310862793992#9
0000 002F 2000 0000 0000 0000#1626598314761313#-41.0#5.037592907416445#9
0000 003B 2000 0000 0000 0000#1626598315024723#-36.5#0.6504078540635119#9
0000 002E 2000 0000 0000 0000#1626598315027727#-41.5#4.994641445355648#9
0000 0033 2000 0000 0000 0000#1626598315029523#-36.5#4.246058820867455#9
0000 003A 2000 0000 0000 0000#1626598315030597#-29.5#0.6872233929727672#9
FFFF FFFF FFFF FFFF FFFF FFFF#1626598315031652#-68.0#4.847379289718626#9
0000 0031 2000 0000 0000 0000#1626598315032743#-37.0#4.528311285838413#9
0000 0039 2000 0000 0000 0000#1626598315033825#-34.5#1.761009944492716#9
0000 0036 2000 0000 0000 0000#1626598315035147#-37.0#3.2581751934691017#9
0000 0035 2000 0000 0000 0000#1626598315036240#-36.0#3.393165502803038#9
0000 0034 2000 0000 0000 0000#1626598315037258#-37.0#3.847223816017188#9
0000 0038 2000 0000 0000 0000#1626598315038608#-37.0#2.429825568010856#9
0000 0037 2000 0000 0000 0000#1626598315039688#-37.5#2.7550294950426117#9
0000 0032 2000 0000 0000 0000#1626598315040835#-36.5#4.4362724385652745#9
0000 002D 2000 0000 0000 0000#1626598315042400#-45.5#5.0253210611133605#9
0000 0030 2000 0000 0000 0000#1626598315043468#-39.5#4.859651136021712#9
0000 002F 2000 0000 0000 0000#1626598315044748#-40.5#4.95168998329485#9
0000 0032 2000 0000 0000 0000#1626598315050215#-36.5#4.442408361716817#9
0000 0034 2000 0000 0000 0000#1626598315051990#-37.0#3.8717675086233583#9
0000 0030 2000 0000 0000 0000#1626598315053076#-39.0#4.871922982324796#9
0000 0031 2000 0000 0000 0000#1626598315054610#-37.5#4.546719055293041#9
0000 002E 2000 0000 0000 0000#1626598315055938#-42.0#5.013049214810275#9
0000 0037 2000 0000 0000 0000#1626598315057700#-37.5#2.791845033951867#9
0000 003B 2000 0000 0000 0000#1626598315058755#-36.5#0.7976700097005334#9
0000 0033 2000 0000 0000 0000#1626598315060883#-35.0#4.270602513473625#9
0000 003A 2000 0000 0000 0000#1626598315062414#-29.5#0.7915340865489908#9
0000 0039 2000 0000 0000 0000#1626598315063740#-34.5#1.8223691760081417#9
0000 0036 2000 0000 0000 0000#1626598315064773#-37.0#3.3072625786814425#9
0000 0038 2000 0000 0000 0000#1626598315065871#-36.5#2.4911847995262812#9
0000 0035 2000 0000 0000 0000#1626598315067207#-36.0#3.454524734318464#9
0000 002F 2000 0000 0000 0000#1626598315068242#-40.5#4.945554060143307#9
0000 002D 2000 0000 0000 0000#1626598315070206#-45.5#5.037592907416445#9
FFFF FFFF FFFF FFFF FFFF FFFF#1626598315073821#-69.5#4.994641445355648#9
0000 0039 2000 0000 0000 0000#1626598315337831#-32.0#3.3440781175906977#9
0000 003A 2000 0000 0000 0000#1626598315339910#-26.5#2.5341362615870793#9
0000 0038 2000 0000 0000 0000#1626598315341022#-35.0#3.9269908169872414#9
0000 0033 2000 0000 0000 0000#1626598315342354#-36.5#5.485515297479052#9
0000 0032 2000 0000 0000 0000#1626598315343697#-36.5#5.608233760509904#9
0000 002D 2000 0000 0000 0000#1626598315344766#-46.0#5.8659425328746915#9
0000 0035 2000 0000 0000 0000#1626598315346042#-35.5#4.73693267299086#9
0000 002E 2000 0000 0000 0000#1626598315348117#-42.0#5.896622148632405#9
0000 002F 2000 0000 0000 0000#1626598315349664#-40.5#5.921165841238575#9
0000 0030 2000 0000 0000 0000#1626598315351958#-39.5#5.902758071783947#9
FFFF FFFF FFFF FFFF FFFF FFFF#1626598315352984#-68.5#0.1227184630308513#9
0000 0036 2000 0000 0000 0000#1626598315356419#-35.5#4.638757902566179#9
0000 003B 2000 0000 0000 0000#1626598315358725#-33.5#2.6813984172241008#9
0000 0037 2000 0000 0000 0000#1626598315360623#-35.5#4.215379205109742#9
0000 0034 2000 0000 0000 0000#1626598315362396#-35.5#5.148039524144211#9
0000 0031 2000 0000 0000 0000#1626598315363489#-37.0#5.66959299202533#9
0000 0037 2000 0000 0000 0000#1626598315367944#-35.5#4.23378697456437#9
0000 0034 2000 0000 0000 0000#1626598315369249#-35.5#5.148039524144211#9
0000 002F 2000 0000 0000 0000#1626598315370768#-40.5#5.939573610693203#9
0000 0038 2000 0000 0000 0000#1626598315372105#-35.0#3.988350048502667#9
0000 003A 2000 0000 0000 0000#1626598315373166#-26.0#2.6139032625571326#9
0000 0039 2000 0000 0000 0000#1626598315374277#-32.0#3.436116964863836#9
0000 0035 2000 0000 0000 0000#1626598315375325#-35.0#4.767612288748572#9
0000 002E 2000 0000 0000 0000#1626598315376867#-42.0#5.896622148632405#9
0000 0032 2000 0000 0000 0000#1626598315378389#-37.0#5.651185222570702#9
0000 0031 2000 0000 0000 0000#1626598315379455#-37.0#5.6941366846315#9
0000 0033 2000 0000 0000 0000#1626598315380546#-36.5#5.522330836388308#9
0000 002D 2000 0000 0000 0000#1626598315382325#-46.0#5.8475347634200645#9
0000 003B 2000 0000 0000 0000#1626598315383620#-33.5#2.7550294950426117#9
0000 0036 2000 0000 0000 0000#1626598315386107#-36.0#4.669437518323892#9
FFFF FFFF FFFF FFFF FFFF FFFF#1626598315388239#-69.0#6.240233845118788#9
0000 0030 2000 0000 0000 0000#1626598315391633#-39.5#5.915029918087033#9
0000 0037 2000 0000 0000 0000#1626598315654702#-35.5#4.06811704947272#9
0000 003A 2000 0000 0000 0000#1626598315656247#-25.5#2.718213956133356#9
0000 0031 2000 0000 0000 0000#1626598315657767#-38.0#5.252350217720435#9
0000 002D 2000 0000 0000 0000#1626598315659332#-47.5#5.086680292628786#9
0000 0033 2000 0000 0000 0000#1626598315661125#-37.0#5.203262832508095#9
0000 0039 2000 0000 0000 0000#1626598315663794#-31.5#3.3870295796514958#9
0000 002F 2000 0000 0000 0000#1626598315666654#-42.0#5.338253141842031#9
0000 0038 2000 0000 0000 0000#1626598315668588#-34.5#3.8840393549264434#9
0000 003B 2000 0000 0000 0000#1626598315669639#-32.5#3.000466421104314#9
0000 0032 2000 0000 0000 0000#1626598315670705#-37.5#5.246214294568893#9
0000 0030 2000 0000 0000 0000#1626598315672488#-41.0#5.381204603902829#9
0000 0035 2000 0000 0000 0000#1626598315673567#-35.5#4.534447208989955#9
0000 002E 2000 0000 0000 0000#1626598315675334#-44.0#5.197126909356553#9
0000 0034 2000 0000 0000 0000#1626598315676798#-36.5#4.902602598082509#9
FFFF FFFF FFFF FFFF FFFF FFFF#1626598315677892#-68.0#5.43029198911517#9
0000 0036 2000 0000 0000 0000#1626598315678955#-35.5#4.454680208019902#9
0000 003B 2000 0000 0000 0000#1626598315684214#-32.5#3.06182565261974#9
0000 002E 2000 0000 0000 0000#1626598315685268#-44.0#5.184855063053467#9
0000 002F 2000 0000 0000 0000#1626598315686288#-42.5#5.338253141842031#9
0000 0034 2000 0000 0000 0000#1626598315687564#-36.5#4.908738521234052#9
0000 002D 2000 0000 0000 0000#1626598315691240#-48.0#5.049864753719531#9
0000 0039 2000 0000 0000 0000#1626598315692615#-31.0#3.436116964863836#9
0000 0033 2000 0000 0000 0000#1626598315693662#-37.0#5.21553467881118#9
0000 003A 2000 0000 0000 0000#1626598315694708#-25.5#2.7979809571034093#9
0000 0037 2000 0000 0000 0000#1626598315696044#-35.5#4.0987966652304335#9
0000 0035 2000 0000 0000 0000#1626598315697361#-36.0#4.571262747899211#9
0000 0031 2000 0000 0000 0000#1626598315698956#-38.0#5.252350217720435#9
0000 0038 2000 0000 0000 0000#1626598315701347#-34.5#3.9392626632903265#9
0000 0030 2000 0000 0000 0000#1626598315702376#-41.0#5.344389064993574#9
FFFF FFFF FFFF FFFF FFFF FFFF#1626598315703669#-69.0#5.338253141842031#9
0000 0036 2000 0000 0000 0000#1626598315705185#-36.0#4.473087977474529#9
0000 0032 2000 0000 0000 0000#1626598315706689#-36.5#5.240078371417351#9
0000 0033 2000 0000 0000 0000#1626598315973610#-37.5#5.313709449235861#9
0000 002F 2000 0000 0000 0000#1626598315974687#-44.0#5.184855063053467#9
0000 0039 2000 0000 0000 0000#1626598315975769#-31.5#4.1172044346850605#9
0000 0034 2000 0000 0000 0000#1626598315977071#-37.0#5.092816215780329#9
0000 003B 2000 0000 0000 0000#1626598315979132#-32.0#4.000621894805752#9
0000 0031 2000 0000 0000 0000#1626598315980419#-39.5#5.227806525114265#9
0000 0030 2000 0000 0000 0000#1626598315981519#-42.5#5.252350217720435#9
0C21 0537 8123 1003 2202 062F#1626598315982592#-67.0#1.4358060174609601#9
0000 002E 2000 0000 0000 0000#1626598315984101#-45.5#4.963961829597935#9
0000 002D 2000 0000 0000 0000#1626598315985596#-50.0#4.76147636559703#9
FFFF FFFF FFFF FFFF FFFF FFFF#1626598315986662#-68.0#5.780039608753096#9
0000 0035 2000 0000 0000 0000#1626598315989203#-36.0#4.853515212870168#9
0000 003A 2000 0000 0000 0000#1626598315990521#-25.5#3.6201946594101133#9
0000 0038 2000 0000 0000 0000#1626598315992955#-34.0#4.485359823777615#9
0000 0037 2000 0000 0000 0000#1626598315994661#-35.5#4.589670517353839#9
0000 0032 2000 0000 0000 0000#1626598315997128#-38.0#5.240078371417351#9
0000 0036 2000 0000 0000 0000#1626598315998405#-36.5#4.81056375080937#9
0000 002D 2000 0000 0000 0000#1626598316002926#-50.5#4.724660826687775#9
0000 0038 2000 0000 0000 0000#1626598316004244#-34.0#4.491495746929157#9
0000 0032 2000 0000 0000 0000#1626598316005550#-39.0#5.2339424482658075#9
0C21 0537 8123 1003 2202 062F#1626598316006850#-68.5#1.5155730184310134#9
0000 0031 2000 0000 0000 0000#1626598316008430#-39.5#5.203262832508095#9
0000 0036 2000 0000 0000 0000#1626598316009681#-36.5#4.804427827657828#9
0000 003B 2000 0000 0000 0000#1626598316011461#-32.0#4.0558452031696355#9
0000 0035 2000 0000 0000 0000#1626598316012539#-36.0#4.847379289718626#9
0000 003A 2000 0000 0000 0000#1626598316014069#-26.0#3.650874275167826#9
0000 002F 2000 0000 0000 0000#1626598316015105#-44.0#5.123495831538041#9
0000 0034 2000 0000 0000 0000#1626598316016717#-36.0#5.056000676871073#9
0000 002E 2000 0000 0000 0000#1626598316018741#-46.0#4.890330751779424#9
0000 0037 2000 0000 0000 0000#1626598316021130#-35.5#4.595806440505381#9
FFFF FFFF FFFF FFFF FFFF FFFF#1626598316022510#-69.0#5.66959299202533#9
0000 0039 2000 0000 0000 0000#1626598316023790#-31.5#4.184699589352029#9
0000 0030 2000 0000 0000 0000#1626598316033986#-43.5#4.663301595172349#9
0000 0033 2000 0000 0000 0000#1626598316035887#-39.0#4.743068596142402#9
0000 0039 2000 0000 0000 0000#1626598316299281#-31.5#4.025165587411922#9
0000 002D 2000 0000 0000 0000#1626598316300290#-52.5#3.6386024288647407#9
0000 003B 2000 0000 0000 0000#1626598316301599#-32.0#4.184699589352029#9
0000 003A 2000 0000 0000 0000#1626598316302702#-25.5#3.6140587362585705#9
0000 002E 2000 0000 0000 0000#1626598316303985#-48.5#3.9085830475326135#9
0000 002F 2000 0000 0000 0000#1626598316305006#-46.5#4.2031073588066565#9
FFFF FFFF FFFF FFFF FFFF FFFF#1626598316306059#-68.0#5.037592907416445#9
0000 0034 2000 0000 0000 0000#1626598316307458#-36.5#4.411728745959104#9
0C21 0537 8123 1003 2202 062F#1626598316308544#-67.5#0.8897088569736719#9
0000 0035 2000 0000 0000 0000#1626598316309578#-36.0#4.276738436625168#9
0000 0033 2000 0000 0000 0000#1626598316311578#-39.5#4.522175362686871#9
0000 0037 2000 0000 0000 0000#1626598316312643#-35.0#4.227651051412827#9
0000 0038 2000 0000 0000 0000#1626598316313923#-33.5#4.23378697456437#9
0000 0031 2000 0000 0000 0000#1626598316315017#-41.5#4.3074180523828804#9
0000 0036 2000 0000 0000 0000#1626598316318844#-36.0#4.270602513473625#9
0000 0030 2000 0000 0000 0000#1626598316319885#-44.5#4.295146206079795#9
0000 0032 2000 0000 0000 0000#1626598316321455#-39.5#4.387185053352934#9
0C21 0537 8123 1003 2202 062F#1626598316329488#-67.0#0.9142525495798421#9
0000 0039 2000 0000 0000 0000#1626598316331594#-31.5#4.04357335686655#9
0000 0035 2000 0000 0000 0000#1626598316332615#-36.0#4.25833066717054#9
0000 0038 2000 0000 0000 0000#1626598316333708#-33.5#4.239922897715912#9
0000 0033 2000 0000 0000 0000#1626598316334785#-40.0#4.479223900626073#9
0000 0037 2000 0000 0000 0000#1626598316336064#-35.0#4.2031073588066565#9
0000 0032 2000 0000 0000 0000#1626598316337881#-40.5#4.3503695144436785#9
0000 0030 2000 0000 0000 0000#1626598316338937#-44.5#4.252194744018997#9
0000 003A 2000 0000 0000 0000#1626598316339998#-26.0#3.650874275167826#9
0000 003B 2000 0000 0000 0000#1626598316342075#-32.0#4.227651051412827#9
0000 0036 2000 0000 0000 0000#1626598316343140#-36.0#4.264466590322082#9
0000 0031 2000 0000 0000 0000#1626598316344604#-42.0#4.246058820867455#9
0000 002E 2000 0000 0000 0000#1626598316345687#-48.5#3.847223816017188#9
0000 0034 2000 0000 0000 0000#1626598316347659#-37.5#4.338097668140593#9
0000 002D 2000 0000 0000 0000#1626598316349098#-52.5#3.552699504743145#9
0000 002F 2000 0000 0000 0000#1626598316350133#-47.0#4.104932588381976#9
0C21 0537 8123 1003 2202 062F#1626598316614361#-67.0#2.497320722677824#9
0000 0035 2000 0000 0000 0000#1626598316615665#-35.5#4.6448938257177215#9
0000 0039 2000 0000 0000 0000#1626598316617500#-30.5#4.798291904506286#9
0000 0034 2000 0000 0000 0000#1626598316619908#-38.5#4.675573441475434#9
0000 0033 2000 0000 0000 0000#1626598316621212#-40.5#4.693981210930062#9
0000 0037 2000 0000 0000 0000#1626598316622262#-34.5#4.749204519293945#9
0000 0030 2000 0000 0000 0000#1626598316623391#-46.0#4.368777283898306#9
0000 0032 2000 0000 0000 0000#1626598316624738#-42.0#4.522175362686871#9
0000 0036 2000 0000 0000 0000#1626598316625774#-36.0#4.693981210930062#9
0000 003A 2000 0000 0000 0000#1626598316626849#-25.5#4.638757902566179#9
0000 003B 2000 0000 0000 0000#1626598316629133#-31.5#5.264622064023521#9
0000 0031 2000 0000 0000 0000#1626598316630199#-43.0#4.387185053352934#9
0000 0038 2000 0000 0000 0000#1626598316631633#-32.5#4.871922982324796#9
0000 002F 2000 0000 0000 0000#1626598316643467#-49.0#3.9638063558964967#9
0000 002E 2000 0000 0000 0000#1626598316644792#-51.0#3.6079228131070282#9
0000 002D 2000 0000 0000 0000#1626598316646861#-55.5#3.2888548092268146#9
0000 0035 2000 0000 0000 0000#1626598316649860#-35.5#4.368777283898306#9
0000 003A 2000 0000 0000 0000#1626598316651190#-25.0#4.424000592262189#9
0000 0030 2000 0000 0000 0000#1626598316652288#-46.5#4.06811704947272#9
0000 0033 2000 0000 0000 0000#1626598316655644#-40.5#4.387185053352934#9
0000 002F 2000 0000 0000 0000#1626598316656749#-49.5#3.9147189706841563#9
0000 002E 2000 0000 0000 0000#1626598316659538#-51.0#3.5772431973493153#9
0000 0037 2000 0000 0000 0000#1626598316660816#-34.0#4.503767593232243#9
0000 003B 2000 0000 0000 0000#1626598316662352#-31.5#5.105088062083414#9
0000 0031 2000 0000 0000 0000#1626598316663915#-43.5#4.086524818927348#9
0000 0038 2000 0000 0000 0000#1626598316665123#-33.0#4.651029748869264#9
0000 0034 2000 0000 0000 0000#1626598316666184#-37.5#4.3503695144436785#9
0000 0036 2000 0000 0000 0000#1626598316667720#-35.5#4.411728745959104#9
0000 0039 2000 0000 0000 0000#1626598316668745#-30.5#4.589670517353839#9
0C21 0537 8123 1003 2202 062F#1626598316669860#-67.0#1.932815792735908#9
0000 0032 2000 0000 0000 0000#1626598316671206#-42.5#4.184699589352029#9
0000 002D 2000 0000 0000 0000#1626598316672471#-55.5#3.2336315008629315#9
0000 0035 2000 0000 0000 0000#1626598316938754#-36.5#3.3624858870453256#9
0000 0038 2000 0000 0000 0000#1626598316939805#-33.5#3.933126740138784#9
0000 0031 2000 0000 0000 0000#1626598316941140#-46.0#2.82252464970958#9
0000 002E 2000 0000 0000 0000#1626598316942222#-54.0#2.043262409463674#9
0000 0036 2000 0000 0000 0000#1626598316944012#-36.0#3.466796580621549#9
0000 0039 2000 0000 0000 0000#1626598316945322#-30.5#3.9822141253511245#9
0000 0034 2000 0000 0000 0000#1626598316946625#-39.0#3.2949907323783574#9
0000 0037 2000 0000 0000 0000#1626598316947662#-34.5#3.6815538909255388#9
0000 003B 2000 0000 0000 0000#1626598316948970#-31.0#4.822835597112456#9
0000 003A 2000 0000 0000 0000#1626598316950217#-25.5#3.9576704327449543#9
0000 0030 2000 0000 0000 0000#1626598316952011#-50.0#2.662990647769473#9
0C21 0537 8123 1003 2202 062F#1626598316953813#-68.0#0.7117670855789375#9
0000 0032 2000 0000 0000 0000#1626598316955085#-44.5#2.8961557275280905#9
0000 002D 2000 0000 0000 0000#1626598316956849#-59.0#1.564660403643354#9
0000 002F 2000 0000 0000 0000#1626598316960579#-52.0#2.423689644859313#9
0000 0033 2000 0000 0000 0000#1626598316962295#-43.0#3.129320807286708#9
0000 002F 2000 0000 0000 0000#1626598316967742#-52.0#2.399145952253143#9
0000 003B 2000 0000 0000 0000#1626598316968994#-31.0#4.822835597112456#9
0000 0037 2000 0000 0000 0000#1626598316971308#-34.5#3.6263305825616556#9
0000 0030 2000 0000 0000 0000#1626598316972334#-49.5#2.5954954931025047#9
0000 0035 2000 0000 0000 0000#1626598316973381#-36.5#3.2765829629237295#9
0000 002E 2000 0000 0000 0000#1626598316974424#-54.0#1.8714565612204823#9
0C21 0537 8123 1003 2202 062F#1626598316975536#-68.0#1.0676506283684062#9
0000 0039 2000 0000 0000 0000#1626598316976646#-31.0#3.9392626632903265#9
0000 0031 2000 0000 0000 0000#1626598316977942#-45.5#2.675262494072558#9
0000 002D 2000 0000 0000 0000#1626598316978994#-59.0#1.4664856332186729#9
0000 0033 2000 0000 0000 0000#1626598316980800#-43.5#3.074097498922825#9
0000 003A 2000 0000 0000 0000#1626598316981844#-25.5#3.9392626632903265#9
0000 0038 2000 0000 0000 0000#1626598316982883#-33.5#3.865631585471816#9
0000 0034 2000 0000 0000 0000#1626598316983974#-39.5#3.2090878082567613#9
0000 0032 2000 0000 0000 0000#1626598316985135#-44.5#2.7857091108003242#9
0000 0036 2000 0000 0000 0000#1626598316988151#-36.0#3.3747577333484107#9
0000 003B 2000 0000 0000 0000#1626598317257666#-31.5#4.270602513473625#9
0000 0034 2000 0000 0000 0000#1626598317261695#-40.5#2.0064468705544187#9
0000 0038 2000 0000 0000 0000#1626598317262772#-34.0#2.9145634969827183#9
0000 0036 2000 0000 0000 0000#1626598317264668#-38.0#2.282563412373834#9
0000 0037 2000 0000 0000 0000#1626598317265704#-35.5#2.6016314162540475#9
0000 0035 2000 0000 0000 0000#1626598317266771#-37.5#2.1230294104337273#9
0000 0030 2000 0000 0000 0000#1626598317268275#-53.5#0.7853981633974483#9
0000 003A 2000 0000 0000 0000#1626598317269610#-26.0#3.184544115650591#9
0000 002D 2000 0000 0000 0000#1626598317271162#-50.0#5.221670601962723#9
0000 002E 2000 0000 0000 0000#1626598317272213#-52.5#5.681864838328415#9
0C21 0537 8123 1003 2202 062F#1626598317273316#-68.0#0.09203884727313846#9
0000 002F 2000 0000 0000 0000#1626598317274378#-54.5#0.5338253141842031#9
0000 0039 2000 0000 0000 0000#1626598317275490#-31.5#3.043417883165112#9
0000 0033 2000 0000 0000 0000#1626598317276993#-45.0#1.718058482431918#9
0000 0032 2000 0000 0000 0000#1626598317278294#-47.0#1.3560390164909069#9
0000 0031 2000 0000 0000 0000#1626598317279375#-49.0#1.1044661672776617#9
0000 0037 2000 0000 0000 0000#1626598317285825#-36.0#2.552544031041707#9
0000 002D 2000 0000 0000 0000#1626598317286879#-49.0#5.141903600992669#9
0000 0035 2000 0000 0000 0000#1626598317288881#-38.0#2.067806102069844#9
0000 0039 2000 0000 0000 0000#1626598317290188#-31.5#3.000466421104314#9
0000 0036 2000 0000 0000 0000#1626598317291255#-37.5#2.2089323345553233#9
0000 003A 2000 0000 0000 0000#1626598317292331#-26.5#3.141592653589793#9
0000 0034 2000 0000 0000 0000#1626598317294618#-40.5#1.9144080232812801#9
0000 003B 2000 0000 0000 0000#1626598317296411#-31.5#4.252194744018997#9
0000 002E 2000 0000 0000 0000#1626598317297479#-51.0#5.424156065963627#9
0000 0038 2000 0000 0000 0000#1626598317299318#-34.0#2.82252464970958#9
0000 0033 2000 0000 0000 0000#1626598317301106#-45.0#1.6321555583103222#9
0000 0032 2000 0000 0000 0000#1626598317303822#-47.5#1.239456476611598#9
0000 002F 2000 0000 0000 0000#1626598317305410#-55.0#0.37429131224409645#9
0C21 0537 8123 1003 2202 062F#1626598317306499#-68.0#0.04908738521234052#9
0000 0031 2000 0000 0000 0000#1626598317307587#-49.5#0.9817477042468103#9
0000 0030 2000 0000 0000 0000#1626598317308917#-53.0#0.5031456984264903#9
0000 0039 2000 0000 0000 0000#1626598317574958#-32.5#2.5586799541932495#9
0000 003A 2000 0000 0000 0000#1626598317576306#-26.5#2.779573187648782#9
0000 003B 2000 0000 0000 0000#1626598317577359#-33.0#4.061981126321178#9
0000 0031 2000 0000 0000 0000#1626598317579124#-50.5#5.792311455056181#9
0000 0036 2000 0000 0000 0000#1626598317581170#-39.5#1.6321555583103222#9
0000 0033 2000 0000 0000 0000#1626598317582489#-48.0#0.6504078540635119#9
0000 0032 2000 0000 0000 0000#1626598317584117#-49.0#6.234097921967246#9
0000 0038 2000 0000 0000 0000#1626598317585169#-36.0#2.3746022596469727#9
0000 0030 2000 0000 0000 0000#1626598317586482#-45.5#4.479223900626073#9
0000 002E 2000 0000 0000 0000#1626598317587538#-49.5#4.061981126321178#9
0000 002F 2000 0000 0000 0000#1626598317589071#-45.5#4.313553975534423#9
0000 002D 2000 0000 0000 0000#1626598317590421#-57.0#4.0128937411088375#9
0000 0035 2000 0000 0000 0000#1626598317591726#-40.0#1.4051264017032472#9
0000 0037 2000 0000 0000 0000#1626598317592778#-37.5#1.9941750242513334#9
0000 0034 2000 0000 0000 0000#1626598317594936#-43.0#1.1290098598838318#9
0000 0036 2000 0000 0000 0000#1626598317603464#-40.0#1.564660403643354#9
0000 0037 2000 0000 0000 0000#1626598317605144#-37.5#1.9512235621905356#9
0000 0039 2000 0000 0000 0000#1626598317606395#-32.5#2.478912953223196#9
0000 0035 2000 0000 0000 0000#1626598317607460#-40.0#1.3499030933393643#9
0000 003B 2000 0000 0000 0000#1626598317608526#-33.5#3.9944859716542096#9
0000 0031 2000 0000 0000 0000#1626598317610518#-50.0#5.473243451175968#9
0000 002F 2000 0000 0000 0000#1626598317611553#-45.0#4.2031073588066565#9
0000 002D 2000 0000 0000 0000#1626598317612905#-59.0#3.792000507653305#9
0000 003A 2000 0000 0000 0000#1626598317613981#-27.0#2.6875343403756435#9
0000 0038 2000 0000 0000 0000#1626598317615034#-36.0#2.3193789512830896#9
0000 0033 2000 0000 0000 0000#1626598317616207#-48.5#0.4479223900626072#9
0000 002E 2000 0000 0000 0000#1626598317617303#-51.5#4.006757817957295#9
0000 0032 2000 0000 0000 0000#1626598317618363#-50.0#5.939573610693203#9
0000 0030 2000 0000 0000 0000#1626598317620818#-44.5#4.289010282928253#9
0000 0034 2000 0000 0000 0000#1626598317621882#-43.5#1.012427320004523#9
FFFF FFFF FFFF FFFF FFFF FFFF#1626598317623789#-69.0#5.45483568172134#9
0000 0033 2000 0000 0000 0000#1626598317889140#-43.0#5.049864753719531#9
0000 003B 2000 0000 0000 0000#1626598317890454#-34.5#4.031301510563465#9
0000 0034 2000 0000 0000 0000#1626598317891548#-45.5#0.0674951546669682#9
0000 0036 2000 0000 0000 0000#1626598317892597#-43.5#1.0799224746714913#9
0000 0031 2000 0000 0000 0000#1626598317893649#-42.0#4.184699589352029#9
0000 002E 2000 0000 0000 0000#1626598317896657#-59.5#2.448233337465483#9
0000 0032 2000 0000 0000 0000#1626598317898717#-41.5#4.381049130201391#9
0000 0030 2000 0000 0000 0000#1626598317900084#-51.5#4.0987966652304335#9
0000 002F 2000 0000 0000 0000#1626598317901432#-55.5#3.663146121470911#9
0000 003A 2000 0000 0000 0000#1626598317902965#-29.0#2.6016314162540475#9
0000 0035 2000 0000 0000 0000#1626598317904256#-44.5#0.7117670855789375#9
0000 0039 2000 0000 0000 0000#1626598317905566#-35.5#2.3746022596469727#9
0000 0037 2000 0000 0000 0000#1626598317909346#-41.5#1.6751070203711202#9
FFFF FFFF FFFF FFFF FFFF FFFF#1626598317910768#-69.0#0.12885438618239387#9
0000 002D 2000 0000 0000 0000#1626598317911806#-62.5#1.380582709097077#9
0000 0038 2000 0000 0000 0000#1626598317912868#-39.0#2.110757564130642#9
0000 003B 2000 0000 0000 0000#1626598317917355#-35.0#3.9699422790480394#9
0000 0036 2000 0000 0000 0000#1626598317918617#-44.0#0.9510680884890975#9
0000 0035 2000 0000 0000 0000#1626598317920963#-44.5#0.6135923151542565#9
0000 002D 2000 0000 0000 0000#1626598317922058#-61.5#1.2333205534600555#9
0000 0038 2000 0000 0000 0000#1626598317923123#-39.0#2.073942025221387#9
0000 0032 2000 0000 0000 0000#1626598317924213#-41.5#4.289010282928253#9
0000 003A 2000 0000 0000 0000#1626598317926014#-29.0#2.552544031041707#9
0000 0037 2000 0000 0000 0000#1626598317927291#-42.0#1.6137477888556946#9
0000 0030 2000 0000 0000 0000#1626598317928379#-54.0#3.9392626632903265#9
0000 0031 2000 0000 0000 0000#1626598317929443#-43.0#4.061981126321178#9
FFFF FFFF FFFF FFFF FFFF FFFF#1626598317930769#-68.5#0.0#9
0000 0039 2000 0000 0000 0000#1626598317932035#-36.0#2.313243028131547#9
0000 002E 2000 0000 0000 0000#1626598317933459#-59.0#2.0493983326152168#9
0000 0034 2000 0000 0000 0000#1626598317934734#-45.0#5.93343768754166#9
0000 002F 2000 0000 0000 0000#1626598317935769#-57.5#3.3624858870453256#9
0000 0033 2000 0000 0000 0000#1626598317936917#-42.0#4.73693267299086#9
0000 002D 2000 0000 0000 0000#1626598318201872#-55.5#3.663146121470911#9
0000 0039 2000 0000 0000 0000#1626598318202969#-40.5#1.239456476611598#9
0000 0031 2000 0000 0000 0000#1626598318204544#-54.0#2.6200391857086753#9
0000 003A 2000 0000 0000 0000#1626598318205880#-33.0#1.564660403643354#9
0000 0036 2000 0000 0000 0000#1626598318207215#-43.5#4.749204519293945#9
FFFF FFFF FFFF FFFF FFFF FFFF#1626598318208573#-67.5#5.700272607783043#9
0000 0030 2000 0000 0000 0000#1626598318210337#-60.5#1.6014759425526093#9
0000 0037 2000 0000 0000 0000#1626598318212440#-46.0#5.939573610693203#9
0000 002E 2000 0000 0000 0000#1626598318214581#-56.5#4.301282129231338#9
0000 0038 2000 0000 0000 0000#1626598318216385#-45.5#0.607456392002714#9
0000 0035 2000 0000 0000 0000#1626598318218203#-41.0#4.276738436625168#9
0000 003B 2000 0000 0000 0000#1626598318222447#-37.0#2.8838838812250054#9
0000 0032 2000 0000 0000 0000#1626598318223624#-53.5#3.184544115650591#9
0000 0034 2000 0000 0000 0000#1626598318224716#-40.0#3.736777199289422#9
0000 0033 2000 0000 0000 0000#1626598318225807#-45.0#3.5158839658338894#9
0000 002F 2000 0000 0000 0000#1626598318227199#-62.5#0.06135923151542565#9
0000 0031 2000 0000 0000 0000#1626598318231519#-55.0#2.4850488763747385#9
0000 0038 2000 0000 0000 0000#1626598318232826#-45.5#0.5154175447295755#9
0000 002E 2000 0000 0000 0000#1626598318233839#-56.5#4.1417481272912315#9
0000 0036 2000 0000 0000 0000#1626598318234875#-42.5#4.577398671050753#9
0000 0034 2000 0000 0000 0000#1626598318236208#-40.5#3.706097583531709#9
0000 003B 2000 0000 0000 0000#1626598318237290#-37.0#2.8654761117703775#9
0000 002F 2000 0000 0000 0000#1626598318238824#-62.5#6.050020227420969#9
0000 003A 2000 0000 0000 0000#1626598318239871#-33.5#1.4848934026733007#9
0000 0032 2000 0000 0000 0000#1626598318241172#-54.0#3.11091303783208#9
0000 0035 2000 0000 0000 0000#1626598318243459#-40.5#4.1601558967458585#9
0000 0039 2000 0000 0000 0000#1626598318244997#-41.5#1.1044661672776617#9
0000 002D 2000 0000 0000 0000#1626598318246277#-55.5#3.356349963893783#9
0000 0033 2000 0000 0000 0000#1626598318247382#-46.5#3.5158839658338894#9
0000 0030 2000 0000 0000 0000#1626598318248908#-61.5#1.3008157081270237#9
0000 0037 2000 0000 0000 0000#1626598318250627#-46.0#5.6573211457222445#9
FFFF FFFF FFFF FFFF FFFF FFFF#1626598318253020#-67.5#5.8475347634200645#9
0000 0030 2000 0000 0000 0000#1626598318517482#-61.5#4.411728745959104#9
0000 0035 2000 0000 0000 0000#1626598318519285#-46.0#3.141592653589793#9
0000 0032 2000 0000 0000 0000#1626598318520345#-57.5#0.8713010875190442#9
FFFF FFFF FFFF FFFF FFFF FFFF#1626598318521712#-68.0#4.933282213840222#9
0000 0034 2000 0000 0000 0000#1626598318523680#-50.5#2.779573187648782#9
0000 002D 2000 0000 0000 0000#1626598318525460#-56.0#1.0799224746714913#9
0000 002F 2000 0000 0000 0000#1626598318526794#-58.5#3.448388811166921#9
0000 003B 2000 0000 0000 0000#1626598318527874#-41.5#1.932815792735908#9
0000 0037 2000 0000 0000 0000#1626598318529195#-44.0#3.9453985864418692#9
0000 0031 2000 0000 0000 0000#1626598318530501#-58.0#5.93343768754166#9
0000 003A 2000 0000 0000 0000#1626598318531841#-40.0#0.09203884727313846#9
0000 0036 2000 0000 0000 0000#1626598318534026#-44.0#3.2827188860752723#9
0000 002E 2000 0000 0000 0000#1626598318535328#-57.0#1.8837284075235674#9
0000 0038 2000 0000 0000 0000#1626598318538496#-44.5#4.577398671050753#9
0000 0039 2000 0000 0000 0000#1626598318539535#-45.5#5.295301679781233#9
0000 0033 2000 0000 0000 0000#1626598318540611#-55.0#1.8530487917658545#9
0000 003B 2000 0000 0000 0000#1626598318548554#-41.5#1.8714565612204823#9
0000 0039 2000 0000 0000 0000#1626598318549652#-45.0#5.246214294568893#9
0000 0033 2000 0000 0000 0000#1626598318550714#-55.0#1.7794177139473437#9
0000 0032 2000 0000 0000 0000#1626598318551984#-57.5#0.521553467881118#9
0000 0035 2000 0000 0000 0000#1626598318553050#-46.5#3.043417883165112#9
0000 002D 2000 0000 0000 0000#1626598318554187#-57.0#0.859029241215959#9
0000 0038 2000 0000 0000 0000#1626598318555253#-44.5#4.491495746929157#9
0000 002E 2000 0000 0000 0000#1626598318556323#-57.0#1.6935147898257479#9
0000 003A 2000 0000 0000 0000#1626598318557355#-40.5#6.234097921967246#9
0000 0036 2000 0000 0000 0000#1626598318558448#-45.0#3.2520392703175593#9
FFFF FFFF FFFF FFFF FFFF FFFF#1626598318559544#-67.5#5.006913291658733#9
0000 0037 2000 0000 0000 0000#1626598318560634#-44.5#3.877903431774901#9
0000 0030 2000 0000 0000 0000#1626598318561691#-61.0#3.9944859716542096#9
0000 0034 2000 0000 0000 0000#1626598318563850#-51.5#2.5586799541932495#9
0000 0031 2000 0000 0000 0000#1626598318565272#-58.0#5.5714182216006485#9
0000 002F 2000 0000 0000 0000#1626598318566593#-58.0#3.1968159619536762#9
0000 0038 2000 0000 0000 0000#1626598318831282#-48.5#3.9699422790480394#9
0000 003B 2000 0000 0000 0000#1626598318832390#-48.0#0.7117670855789375#9
0000 0031 2000 0000 0000 0000#1626598318833686#-56.0#3.466796580621549#9
0000 0039 2000 0000 0000 0000#1626598318835210#-45.0#4.221515128261284#9
0000 002E 2000 0000 0000 0000#1626598318836311#-59.0#6.050020227420969#9
0000 0037 2000 0000 0000 0000#1626598318839821#-52.5#3.454524734318464#9
FFFF FFFF FFFF FFFF FFFF FFFF#1626598318843006#-67.5#5.184855063053467#9
0000 0035 2000 0000 0000 0000#1626598318844409#-54.5#1.7732817907958012#9
0000 003A 2000 0000 0000 0000#1626598318845485#-41.0#4.614214209960009#9
0000 0030 2000 0000 0000 0000#1626598318846599#-61.0#2.4850488763747385#9
0000 002D 2000 0000 0000 0000#1626598318848156#-59.0#5.203262832508095#9
0000 0033 2000 0000 0000 0000#1626598318851453#-57.5#5.1725832167503825#9
0000 0036 2000 0000 0000 0000#1626598318852971#-55.0#2.2212041808584084#9
0000 0034 2000 0000 0000 0000#1626598318855584#-57.0#0.34974761963792617#9
0000 0032 2000 0000 0000 0000#1626598318857310#-55.5#3.9638063558964967#9
0000 002F 2000 0000 0000 0000#1626598318858347#-58.5#1.4051264017032472#9
0000 003B 2000 0000 0000 0000#1626598318862603#-48.0#0.521553467881118#9
0000 0038 2000 0000 0000 0000#1626598318863667#-49.5#3.890175278077986#9
0000 0033 2000 0000 0000 0000#1626598318867250#-57.5#5.019185137961818#9
0000 0036 2000 0000 0000 0000#1626598318868429#-55.0#2.098485717827557#9
0000 0035 2000 0000 0000 0000#1626598318869490#-55.5#1.5892040962495242#9
0000 003A 2000 0000 0000 0000#1626598318870767#-40.5#4.491495746929157#9
0000 0039 2000 0000 0000 0000#1626598318871850#-45.5#4.104932588381976#9
0000 0037 2000 0000 0000 0000#1626598318873194#-53.5#3.2520392703175593#9
0000 0031 2000 0000 0000 0000#1626598318874588#-56.0#3.1231848841351653#9
0000 002F 2000 0000 0000 0000#1626598318876536#-59.5#1.282407938672396#9
0000 0030 2000 0000 0000 0000#1626598318877635#-61.5#2.282563412373834#9
0000 002E 2000 0000 0000 0000#1626598318887315#-60.0#6.277049384028044#9
0000 0034 2000 0000 0000 0000#1626598318888586#-56.5#0.8713010875190442#9
0000 0032 2000 0000 0000 0000#1626598318889665#-56.0#4.632621979414636#9
0000 002D 2000 0000 0000 0000#1626598318891616#-58.5#5.540738605842936#9
FFFF FFFF FFFF FFFF FFFF FFFF#1626598318893167#-68.5#0.37429131224409645#9
0000 0039 2000 0000 0000 0000#1626598319155908#-49.5#3.497476196379262#9
0000 002D 2000 0000 0000 0000#1626598319156962#-60.0#3.865631585471816#9
0000 0037 2000 0000 0000 0000#1626598319159550#-56.0#1.7548740213411735#9
0000 0032 2000 0000 0000 0000#1626598319161294#-56.0#2.5157284921324514#9
0000 0031 2000 0000 0000 0000#1626598319162871#-56.5#1.6505633277649499#9
0000 002E 2000 0000 0000 0000#1626598319163971#-60.0#4.215379205109742#9
0000 0034 2000 0000 0000 0000#1626598319165018#-53.0#4.442408361716817#9
0000 0038 2000 0000 0000 0000#1626598319166084#-53.0#2.816388726558037#9
0000 0036 2000 0000 0000 0000#1626598319167161#-56.5#0.018407769454627694#9
0000 003A 2000 0000 0000 0000#1626598319168494#-42.5#3.9576704327449543#9
0000 003B 2000 0000 0000 0000#1626598319169547#-47.5#5.743224069843841#9
0000 0033 2000 0000 0000 0000#1626598319170597#-55.0#3.380893656499953#9
0000 0001 0000 0000 0000 0000#1626598319171812#-65.5#5.890486225480862#9
FFFF FFFF FFFF FFFF FFFF FFFF#1626598319174737#-67.5#0.0859029241215959#9
0000 0030 2000 0000 0000 0000#1626598319175792#-63.0#0.018407769454627694#9
0000 002F 2000 0000 0000 0000#1626598319177273#-58.5#5.4671075280244255#9
0000 0035 2000 0000 0000 0000#1626598319178333#-54.5#5.5100589900852235#9
0000 003A 2000 0000 0000 0000#1626598319182139#-43.0#3.9208548938356986#9
0000 0037 2000 0000 0000 0000#1626598319184256#-56.5#1.4787574795217582#9
0000 0036 2000 0000 0000 0000#1626598319185514#-56.0#6.135923151542564#9
0000 0032 2000 0000 0000 0000#1626598319186806#-56.5#2.2457478734645786#9
0000 0034 2000 0000 0000 0000#1626598319189313#-53.0#4.295146206079795#9
0000 0035 2000 0000 0000 0000#1626598319190347#-54.5#5.442563835418255#9
0000 0030 2000 0000 0000 0000#1626598319191644#-62.5#6.056156150572511#9
