0000 0035 2000 0000 0000 0000#1626598285186596#-46.5#4.669437518323892#9
0000 0036 2000 0000 0000 0000#1626598285187674#-46.0#4.528311285838413#9
0000 0037 2000 0000 0000 0000#1626598285188966#-47.0#4.2092432819582#9
0000 0001 0000 0000 0000 0000#1626598285190845#-64.5#5.418020142812084#9
0000 0034 2000 0000 0000 0000#1626598285192146#-47.5#5.289165756629691#9
FFFF FFFF FFFF FFFF FFFF FFFF#1626598285193228#-67.5#6.191146459906448#9
0000 003B 2000 0000 0000 0000#1626598285194749#-65.5#4.816699673960914#9
0000 002F 2000 0000 0000 0000#1626598285195796#-51.5#2.172116795646068#9
0000 0033 2000 0000 0000 0000#1626598285197114#-48.5#5.927301764390117#9
0000 0038 2000 0000 0000 0000#1626598285198449#-48.0#3.9944859716542096#9
0000 002D 2000 0000 0000 0000#1626598285199744#-53.5#3.0495538063166547#9
0000 0039 2000 0000 0000 0000#1626598285200769#-49.0#3.3011266555298997#9
0000 0032 2000 0000 0000 0000#1626598285202878#-48.0#0.3190680038802134#9
0000 002E 2000 0000 0000 0000#1626598285204204#-50.5#2.718213956133356#9
0000 0031 2000 0000 0000 0000#1626598285205766#-51.0#0.705631162427395#9
0000 0030 2000 0000 0000 0000#1626598285209045#-50.5#1.7732817907958012#9
0000 003A 2000 0000 0000 0000#1626598285210206#-53.0#1.6566992509164924#9
0000 0038 2000 0000 0000 0000#1626598285216672#-48.0#3.988350048502667#9
0000 002F 2000 0000 0000 0000#1626598285218874#-51.5#2.172116795646068#9
0000 003A 2000 0000 0000 0000#1626598285219950#-53.0#1.6751070203711202#9
0000 0032 2000 0000 0000 0000#1626598285220968#-49.5#0.3374757733348411#9
0000 0031 2000 0000 0000 0000#1626598285222032#-51.0#0.7179030087304801#9
0000 0034 2000 0000 0000 0000#1626598285223097#-47.5#5.246214294568893#9
0000 0039 2000 0000 0000 0000#1626598285224159#-48.5#3.3011266555298997#9
0000 0036 2000 0000 0000 0000#1626598285225240#-46.0#4.522175362686871#9
0000 0035 2000 0000 0000 0000#1626598285226333#-46.0#4.700117134081604#9
0000 0037 2000 0000 0000 0000#1626598285227453#-47.5#4.190835512503572#9
FFFF FFFF FFFF FFFF FFFF FFFF#1626598285228518#-67.5#5.9518454569962875#9
0000 0030 2000 0000 0000 0000#1626598285229848#-50.5#1.7855536370988863#9
0000 003B 2000 0000 0000 0000#1626598285231715#-64.5#4.7860200582032#9
0000 0033 2000 0000 0000 0000#1626598285233015#-48.5#5.93343768754166#9
0000 002E 2000 0000 0000 0000#1626598285234583#-50.5#2.7979809571034093#9
0000 002D 2000 0000 0000 0000#1626598285235622#-53.5#3.055689729468197#9
0000 0001 0000 0000 0000 0000#1626598285237080#-64.0#5.338253141842031#9
0000 003A 2000 0000 0000 0000#1626598285501280#-53.5#1.214912784005428#9
0000 002E 2000 0000 0000 0000#1626598285502835#-51.0#2.1659808724945253#9
0000 002D 2000 0000 0000 0000#1626598285504368#-53.5#2.4605051837685683#9
0000 002F 2000 0000 0000 0000#1626598285505493#-52.0#1.5830681730979816#9
0000 0034 2000 0000 0000 0000#1626598285506811#-48.0#4.749204519293945#9
0000 0038 2000 0000 0000 0000#1626598285508328#-48.0#3.454524734318464#9
0000 0032 2000 0000 0000 0000#1626598285509745#-48.0#6.037748381117884#9
0000 0030 2000 0000 0000 0000#1626598285511998#-51.0#1.227184630308513#9
0000 0035 2000 0000 0000 0000#1626598285513033#-46.0#4.129476280988146#9
0000 0039 2000 0000 0000 0000#1626598285514128#-49.0#2.736621725587984#9
0000 0031 2000 0000 0000 0000#1626598285515508#-51.0#0.09203884727313846#9
0000 0037 2000 0000 0000 0000#1626598285517567#-47.5#3.6324665057131984#9
0000 0036 2000 0000 0000 0000#1626598285518854#-46.5#3.9699422790480394#9
0000 0033 2000 0000 0000 0000#1626598285530753#-48.5#5.559146375297564#9
FFFF FFFF FFFF FFFF FFFF FFFF#1626598285533686#-68.5#5.602097837358362#9
0000 003B 2000 0000 0000 0000#1626598285535896#-66.0#4.344233591292136#9
0000 0033 2000 0000 0000 0000#1626598285542096#-48.5#5.589825991055276#9
0000 0031 2000 0000 0000 0000#1626598285543147#-51.0#0.3190680038802134#9
0000 0036 2000 0000 0000 0000#1626598285544503#-46.0#4.166291819897402#9
0000 0034 2000 0000 0000 0000#1626598285545820#-47.0#4.921010367537137#9
0000 003A 2000 0000 0000 0000#1626598285546883#-53.5#1.423534171157875#9
0000 002E 2000 0000 0000 0000#1626598285548479#-51.5#2.3623304133438876#9
0000 0037 2000 0000 0000 0000#1626598285550268#-48.0#3.8533597391687304#9
0000 0030 2000 0000 0000 0000#1626598285551566#-51.5#1.4296700943094176#9
0000 002D 2000 0000 0000 0000#1626598285552574#-53.0#2.675262494072558#9
0000 003B 2000 0000 0000 0000#1626598285553688#-66.0#4.3074180523828804#9
0000 002F 2000 0000 0000 0000#1626598285555218#-51.5#1.8223691760081417#9
0000 0032 2000 0000 0000 0000#1626598285556548#-50.0#6.1850105367549055#9
0000 0035 2000 0000 0000 0000#1626598285558110#-46.0#4.3074180523828804#9
FFFF FFFF FFFF FFFF FFFF FFFF#1626598285559160#-67.5#5.50392306693368#9
0000 0038 2000 0000 0000 0000#1626598285564452#-47.5#3.6263305825616556#9
0000 0039 2000 0000 0000 0000#1626598285565504#-49.0#2.9636508821950587#9
0000 0030 2000 0000 0000 0000#1626598285829465#-51.0#2.116893487282185#9
0000 0036 2000 0000 0000 0000#1626598285830742#-45.5#4.921010367537137#9
0000 002F 2000 0000 0000 0000#1626598285831819#-51.5#2.5157284921324514#9
0000 0032 2000 0000 0000 0000#1626598285833106#-49.5#0.6810874698212247#9
0000 0034 2000 0000 0000 0000#1626598285834638#-46.5#5.663457068873787#9
0000 003A 2000 0000 0000 0000#1626598285835929#-52.5#2.024854640009046#9
0000 0037 2000 0000 0000 0000#1626598285837462#-47.0#4.620350133111551#9
0000 0039 2000 0000 0000 0000#1626598285838516#-48.5#3.718369429834794#9
0000 0031 2000 0000 0000 0000#1626598285839595#-50.0#1.0185632431560658#9
0000 0035 2000 0000 0000 0000#1626598285841365#-45.0#5.0682725231741586#9
FFFF FFFF FFFF FFFF FFFF FFFF#1626598285843931#-68.5#0.4970097752749477#9
0000 003B 2000 0000 0000 0000#1626598285844955#-63.5#5.160311370447297#9
0000 002D 2000 0000 0000 0000#1626598285846690#-53.0#3.479068426924634#9
0000 0038 2000 0000 0000 0000#1626598285847969#-46.5#4.411728745959104#9
0000 002E 2000 0000 0000 0000#1626598285850608#-51.0#3.2090878082567613#9
0000 0033 2000 0000 0000 0000#1626598285851655#-48.5#0.02454369260617026#9
0000 0001 0000 0000 0000 0000#1626598285855277#-64.5#5.9518454569962875#9
0000 002D 2000 0000 0000 0000#1626598285859777#-53.0#3.485204350076177#9
0000 0030 2000 0000 0000 0000#1626598285861118#-51.0#2.12916533358527#9
0000 0034 2000 0000 0000 0000#1626598285862165#-47.0#5.663457068873787#9
0000 0035 2000 0000 0000 0000#1626598285864210#-45.0#5.037592907416445#9
FFFF FFFF FFFF FFFF FFFF FFFF#1626598285865490#-68.5#0.4479223900626072#9
0000 0037 2000 0000 0000 0000#1626598285866567#-47.0#4.608078286808466#9
0000 003B 2000 0000 0000 0000#1626598285867849#-64.0#5.264622064023521#9
0000 0032 2000 0000 0000 0000#1626598285868894#-49.5#0.6749515466696822#9
0000 0036 2000 0000 0000 0000#1626598285870652#-45.5#4.902602598082509#9
0000 0038 2000 0000 0000 0000#1626598285871703#-46.5#4.405592822807561#9
0000 003A 2000 0000 0000 0000#1626598285873508#-52.5#2.043262409463674#9
0000 002E 2000 0000 0000 0000#1626598285875273#-51.5#3.1661363461959633#9
0000 0039 2000 0000 0000 0000#1626598285876325#-48.5#3.7429131224409646#9
0000 0033 2000 0000 0000 0000#1626598285877385#-48.5#0.03681553890925539#9
0000 002F 2000 0000 0000 0000#1626598285878448#-52.0#2.5341362615870793#9
0000 0001 0000 0000 0000 0000#1626598285880176#-64.0#5.988660995905543#9
0000 0031 2000 0000 0000 0000#1626598285881438#-50.0#1.043106935762236#9
0000 0032 2000 0000 0000 0000#1626598286147520#-49.5#0.1349903093339364#9
0000 002E 2000 0000 0000 0000#1626598286148601#-51.0#2.5586799541932495#9
0000 0034 2000 0000 0000 0000#1626598286150642#-47.0#5.098952138931871#9
0000 0035 2000 0000 0000 0000#1626598286152178#-45.5#4.473087977474529#9
0000 0039 2000 0000 0000 0000#1626598286153286#-49.5#3.2029518851052186#9
0000 0038 2000 0000 0000 0000#1626598286154895#-48.0#3.859495662320273#9
0000 0031 2000 0000 0000 0000#1626598286156428#-50.5#0.4908738521234052#9
0000 0001 0000 0000 0000 0000#1626598286157516#-65.0#5.154175447295755#9
0000 0033 2000 0000 0000 0000#1626598286160017#-48.5#5.737088146692298#9
0000 0030 2000 0000 0000 0000#1626598286161356#-51.5#1.607611865704152#9
0000 0037 2000 0000 0000 0000#1626598286162389#-47.5#4.061981126321178#9
0000 003B 2000 0000 0000 0000#1626598286163489#-65.0#4.381049130201391#9
0000 0036 2000 0000 0000 0000#1626598286164535#-46.0#4.356505437595221#9
0000 002D 2000 0000 0000 0000#1626598286167074#-53.0#2.84706834231575#9
0000 002F 2000 0000 0000 0000#1626598286168365#-51.5#1.9757672547967058#9
0000 003A 2000 0000 0000 0000#1626598286170751#-54.5#1.564660403643354#9
FFFF FFFF FFFF FFFF FFFF FFFF#1626598286172343#-68.0#5.712544454086128#9
0000 0032 2000 0000 0000 0000#1626598286179212#-49.5#0.11658253987930872#9
0000 002E 2000 0000 0000 0000#1626598286180324#-51.0#2.5586799541932495#9
0000 003A 2000 0000 0000 0000#1626598286181429#-54.5#1.5401167110371838#9
0000 0036 2000 0000 0000 0000#1626598286182521#-46.0#4.368777283898306#9
0000 0038 2000 0000 0000 0000#1626598286183629#-48.0#3.847223816017188#9
0000 0035 2000 0000 0000 0000#1626598286185375#-45.5#4.491495746929157#9
0000 002D 2000 0000 0000 0000#1626598286186471#-53.0#2.804116880254952#9
0000 0039 2000 0000 0000 0000#1626598286187764#-49.5#3.2029518851052186#9
0000 0030 2000 0000 0000 0000#1626598286190049#-51.5#1.607611865704152#9
0000 003B 2000 0000 0000 0000#1626598286191087#-64.5#4.411728745959104#9
0000 0037 2000 0000 0000 0000#1626598286192405#-47.5#4.074252972624263#9
0000 002F 2000 0000 0000 0000#1626598286193456#-51.5#1.9696313316451632#9
0000 0031 2000 0000 0000 0000#1626598286195175#-50.5#0.5031456984264903#9
0000 0034 2000 0000 0000 0000#1626598286198873#-47.0#5.092816215780329#9
0000 0033 2000 0000 0000 0000#1626598286200562#-48.0#5.749359992995383#9
0000 0001 0000 0000 0000 0000#1626598286201921#-64.5#5.135767677841127#9
FFFF FFFF FFFF FFFF FFFF FFFF#1626598286203099#-67.5#5.688000761479957#9
0000 002D 2000 0000 0000 0000#1626598286466211#-54.0#3.0372819600135696#9
0000 0035 2000 0000 0000 0000#1626598286467502#-46.5#4.7860200582032#9
0000 0032 2000 0000 0000 0000#1626598286468563#-49.5#0.3313398501832985#9
0000 002E 2000 0000 0000 0000#1626598286469674#-50.5#2.7120780329818137#9
0000 0038 2000 0000 0000 0000#1626598286470738#-48.5#4.135612204139688#9
0000 0033 2000 0000 0000 0000#1626598286471756#-48.5#6.000932842208628#9
FFFF FFFF FFFF FFFF FFFF FFFF#1626598286473051#-67.0#6.129787228391022#9
0000 002F 2000 0000 0000 0000#1626598286474595#-51.5#2.12916533358527#9
0000 0037 2000 0000 0000 0000#1626598286475686#-48.0#4.331961744989051#9
0000 0001 0000 0000 0000 0000#1626598286478481#-64.0#5.411884219660542#9
0000 0039 2000 0000 0000 0000#1626598286479804#-50.0#3.4177091954092087#9
0000 0036 2000 0000 0000 0000#1626598286481607#-46.5#4.6448938257177215#9
0000 0034 2000 0000 0000 0000#1626598286482882#-47.5#5.375068680751287#9
0000 0031 2000 0000 0000 0000#1626598286484160#-50.5#0.7424467013366504#9
0000 0030 2000 0000 0000 0000#1626598286485202#-51.0#1.7732817907958012#9
0000 003B 2000 0000 0000 0000#1626598286489139#-63.0#4.908738521234052#9
0000 003A 2000 0000 0000 0000#1626598286490527#-54.5#1.4173982480063325#9
FFFF FFFF FFFF FFFF FFFF FFFF#1626598286495584#-68.5#5.988660995905543#9
0000 0031 2000 0000 0000 0000#1626598286496906#-50.5#0.7547185476397354#9
0000 0030 2000 0000 0000 0000#1626598286498202#-51.0#1.7855536370988863#9
0000 0001 0000 0000 0000 0000#1626598286499473#-63.5#5.522330836388308#9
0000 0039 2000 0000 0000 0000#1626598286500809#-50.0#3.356349963893783#9
0000 003B 2000 0000 0000 0000#1626598286501863#-63.0#4.755340442445488#9
0000 0037 2000 0000 0000 0000#1626598286503198#-48.0#4.331961744989051#9
0000 0034 2000 0000 0000 0000#1626598286505226#-47.5#5.350524988145116#9
0000 003A 2000 0000 0000 0000#1626598286507534#-54.5#1.4419419406125027#9
0000 0033 2000 0000 0000 0000#1626598286508865#-48.5#6.000932842208628#9
0000 002F 2000 0000 0000 0000#1626598286510653#-51.5#2.1537090261914402#9
0000 0036 2000 0000 0000 0000#1626598286511730#-46.5#4.632621979414636#9
0000 0035 2000 0000 0000 0000#1626598286512821#-46.5#4.76147636559703#9
0000 002E 2000 0000 0000 0000#1626598286513849#-50.5#2.767301341345697#9
0000 002D 2000 0000 0000 0000#1626598286515285#-53.5#3.074097498922825#9
0000 0038 2000 0000 0000 0000#1626598286516278#-48.5#4.135612204139688#9
0000 0032 2000 0000 0000 0000#1626598286519418#-49.5#0.34974761963792617#9
0000 0031 2000 0000 0000 0000#1626598286785282#-50.5#0.4049709280018093#9
0000 003B 2000 0000 0000 0000#1626598286786354#-63.5#4.215379205109742#9
0000 003A 2000 0000 0000 0000#1626598286788210#-55.0#1.1596894756415448#9
0000 002D 2000 0000 0000 0000#1626598286789778#-52.5#2.6016314162540475#9
0000 002F 2000 0000 0000 0000#1626598286791111#-51.0#1.8039614065535141#9
0000 0001 0000 0000 0000 0000#1626598286792241#-65.0#4.773748211900116#9
0000 0035 2000 0000 0000 0000#1626598286794543#-46.5#4.381049130201391#9
0000 0033 2000 0000 0000 0000#1626598286796693#-48.5#5.651185222570702#9
0000 0034 2000 0000 0000 0000#1626598286797855#-47.5#5.013049214810275#9
FFFF FFFF FFFF FFFF FFFF FFFF#1626598286799178#-67.5#5.197126909356553#9
0000 0036 2000 0000 0000 0000#1626598286800534#-46.5#4.239922897715912#9
0000 0032 2000 0000 0000 0000#1626598286801591#-50.0#0.04295146206079795#9
0000 0038 2000 0000 0000 0000#1626598286802688#-48.5#3.693825737228624#9
0000 0039 2000 0000 0000 0000#1626598286804841#-50.5#2.945243112740431#9
0000 0030 2000 0000 0000 0000#1626598286806955#-51.0#1.4358060174609601#9
0000 002E 2000 0000 0000 0000#1626598286808119#-51.0#2.356194490192345#9
0000 0037 2000 0000 0000 0000#1626598286809669#-49.0#3.9147189706841563#9
0000 0035 2000 0000 0000 0000#1626598286815395#-46.5#4.368777283898306#9
0000 002E 2000 0000 0000 0000#1626598286816464#-51.0#2.350058567040802#9
0000 002F 2000 0000 0000 0000#1626598286817483#-51.0#1.8039614065535141#9
FFFF FFFF FFFF FFFF FFFF FFFF#1626598286819262#-67.0#5.5284667595398505#9
0000 0037 2000 0000 0000 0000#1626598286820351#-49.0#3.9147189706841563#9
0000 0036 2000 0000 0000 0000#1626598286821442#-47.0#4.221515128261284#9
0000 0033 2000 0000 0000 0000#1626598286822460#-48.5#5.700272607783043#9
0000 0031 2000 0000 0000 0000#1626598286823540#-50.5#0.3865631585471816#9
0000 003B 2000 0000 0000 0000#1626598286824596#-63.5#4.172427743048944#9
0000 0034 2000 0000 0000 0000#1626598286825867#-48.0#4.994641445355648#9
0000 0039 2000 0000 0000 0000#1626598286827915#-50.5#2.9391071895888885#9
0000 0038 2000 0000 0000 0000#1626598286828966#-48.5#3.6570101983193686#9
0000 0032 2000 0000 0000 0000#1626598286830496#-50.0#0.04295146206079795#9
0000 0030 2000 0000 0000 0000#1626598286832160#-51.0#1.4480778637640452#9
0000 002D 2000 0000 0000 0000#1626598286833441#-52.5#2.60776733940559#9
0000 003A 2000 0000 0000 0000#1626598286836942#-55.0#1.1719613219446299#9
0000 0001 0000 0000 0000 0000#1626598286838657#-65.0#4.859651136021712#9
0000 0030 2000 0000 0000 0000#1626598287102781#-51.0#2.1598449493429825#9
0000 0032 2000 0000 0000 0000#1626598287104311#-50.0#0.7976700097005334#9
0000 0035 2000 0000 0000 0000#1626598287105388#-46.0#5.080544369477243#9
FFFF FFFF FFFF FFFF FFFF FFFF#1626598287106452#-68.0#0.1043106935762236#9
0000 0039 2000 0000 0000 0000#1626598287108014#-49.5#3.6570101983193686#9
0000 0036 2000 0000 0000 0000#1626598287109363#-46.5#4.933282213840222#9
0000 0001 0000 0000 0000 0000#1626598287110707#-64.5#6.080699843178682#9
0000 002F 2000 0000 0000 0000#1626598287112266#-51.5#2.5341362615870793#9
0000 003A 2000 0000 0000 0000#1626598287114061#-53.0#1.6444274046134073#9
0000 002E 2000 0000 0000 0000#1626598287115372#-51.5#3.184544115650591#9
0000 002D 2000 0000 0000 0000#1626598287117194#-53.0#3.4054373491061236#9
0000 0038 2000 0000 0000 0000#1626598287118214#-47.5#4.374913207049849#9
0000 003B 2000 0000 0000 0000#1626598287119254#-62.5#5.2768939103266055#9
0000 0031 2000 0000 0000 0000#1626598287120304#-50.0#1.1290098598838318#9
0000 0034 2000 0000 0000 0000#1626598287121381#-47.5#5.724816300389213#9
0000 0037 2000 0000 0000 0000#1626598287123541#-48.0#4.638757902566179#9
0000 0033 2000 0000 0000 0000#1626598287129051#-48.5#0.12885438618239387#9
0000 0033 2000 0000 0000 0000#1626598287133044#-47.0#0.1349903093339364#9
0000 0039 2000 0000 0000 0000#1626598287134340#-49.5#3.6692820446224537#9
0000 0030 2000 0000 0000 0000#1626598287135893#-51.0#2.141437179888355#9
0000 0031 2000 0000 0000 0000#1626598287137201#-50.0#1.1535535524900022#9
0000 002E 2000 0000 0000 0000#1626598287138242#-51.5#3.141592653589793#9
0000 002F 2000 0000 0000 0000#1626598287139519#-51.5#2.5402721847386216#9
0000 002D 2000 0000 0000 0000#1626598287141299#-53.0#3.429981041712294#9
0000 0035 2000 0000 0000 0000#1626598287142859#-46.0#5.098952138931871#9
0000 003A 2000 0000 0000 0000#1626598287144242#-53.0#1.6566992509164924#9
0000 0001 0000 0000 0000 0000#1626598287145313#-64.5#6.22182607566416#9
0000 0032 2000 0000 0000 0000#1626598287146387#-50.0#0.7853981633974483#9
0000 0034 2000 0000 0000 0000#1626598287147961#-47.5#5.706408530934585#9
0000 0038 2000 0000 0000 0000#1626598287149993#-47.5#4.3933209765044765#9
0000 003B 2000 0000 0000 0000#1626598287151018#-62.0#5.264622064023521#9
0000 0036 2000 0000 0000 0000#1626598287152890#-46.5#4.933282213840222#9
0000 0037 2000 0000 0000 0000#1626598287154613#-47.5#4.632621979414636#9
FFFF FFFF FFFF FFFF FFFF FFFF#1626598287155620#-68.5#0.28225246497095796#9
0000 0030 2000 0000 0000 0000#1626598287421131#-51.0#1.6321555583103222#9
0000 0035 2000 0000 0000 0000#1626598287422706#-46.5#4.534447208989955#9
0000 0037 2000 0000 0000 0000#1626598287424900#-48.0#4.06811704947272#9
0000 0033 2000 0000 0000 0000#1626598287426229#-48.5#5.872078456026235#9
0000 0032 2000 0000 0000 0000#1626598287428029#-50.0#0.23316507975861744#9
0000 0036 2000 0000 0000 0000#1626598287429796#-47.0#4.3933209765044765#9
0000 0031 2000 0000 0000 0000#1626598287431102#-50.5#0.5951845456996288#9
0000 0039 2000 0000 0000 0000#1626598287432681#-51.0#3.1231848841351653#9
0000 002D 2000 0000 0000 0000#1626598287433876#-53.0#2.791845033951867#9
FFFF FFFF FFFF FFFF FFFF FFFF#1626598287434986#-69.0#5.792311455056181#9
0000 003A 2000 0000 0000 0000#1626598287436245#-54.5#1.227184630308513#9
0000 0001 0000 0000 0000 0000#1626598287437651#-64.5#5.209398755659637#9
0000 002E 2000 0000 0000 0000#1626598287439321#-50.5#2.5402721847386216#9
0000 0034 2000 0000 0000 0000#1626598287440382#-48.0#5.197126909356553#9
0000 0038 2000 0000 0000 0000#1626598287441435#-49.0#3.834951969714103#9
0000 002F 2000 0000 0000 0000#1626598287442456#-51.0#1.9880391010997909#9
0000 003B 2000 0000 0000 0000#1626598287444750#-63.5#4.424000592262189#9
0000 002E 2000 0000 0000 0000#1626598287450442#-50.5#2.5402721847386216#9
0000 003B 2000 0000 0000 0000#1626598287451499#-63.5#4.479223900626073#9
0000 0036 2000 0000 0000 0000#1626598287453027#-47.0#4.381049130201391#9
0000 0039 2000 0000 0000 0000#1626598287454366#-51.0#3.0925052683774528#9
0000 0033 2000 0000 0000 0000#1626598287455495#-47.0#5.878214379177777#9
0000 0031 2000 0000 0000 0000#1626598287456533#-51.0#0.607456392002714#9
0000 002D 2000 0000 0000 0000#1626598287459992#-53.0#2.767301341345697#9
0000 0034 2000 0000 0000 0000#1626598287461574#-47.5#5.178719139901925#9
0000 0030 2000 0000 0000 0000#1626598287462799#-50.5#1.662835174068035#9
0000 002F 2000 0000 0000 0000#1626598287464604#-51.0#1.9819031779482483#9
0000 0035 2000 0000 0000 0000#1626598287465680#-47.0#4.552854978444583#9
FFFF FFFF FFFF FFFF FFFF FFFF#1626598287467372#-67.5#5.6941366846315#9
0000 0037 2000 0000 0000 0000#1626598287469303#-49.0#4.049709280018092#9
0000 0038 2000 0000 0000 0000#1626598287470338#-49.0#3.8410878928656453#9
0000 0032 2000 0000 0000 0000#1626598287471385#-50.0#0.25770877236478773#9
0000 003A 2000 0000 0000 0000#1626598287472675#-54.5#1.1780972450961724#9
0000 0001 0000 0000 0000 0000#1626598287474604#-64.5#5.00077736850719#9
0000 0036 2000 0000 0000 0000#1626598287739574#-47.0#4.485359823777615#9
0000 0001 0000 0000 0000 0000#1626598287742195#-65.0#5.448699758569798#9
0000 0034 2000 0000 0000 0000#1626598287743569#-48.5#5.3198453723874035#9
0000 003B 2000 0000 0000 0000#1626598287744652#-64.5#4.822835597112456#9
0000 0037 2000 0000 0000 0000#1626598287747703#-48.5#4.135612204139688#9
0000 0039 2000 0000 0000 0000#1626598287748770#-50.0#3.11091303783208#9
0000 0035 2000 0000 0000 0000#1626598287749818#-47.0#4.657165672020807#9
FFFF FFFF FFFF FFFF FFFF FFFF#1626598287751415#-67.5#5.780039608753096#9
0000 002D 2000 0000 0000 0000#1626598287753337#-53.0#2.988194574801229#9
0000 002E 2000 0000 0000 0000#1626598287755509#-50.0#2.7550294950426117#9
0000 0033 2000 0000 0000 0000#1626598287758564#-49.5#6.062292073724054#9
0000 002F 2000 0000 0000 0000#1626598287759569#-51.0#2.2150682577068657#9
0000 003A 2000 0000 0000 0000#1626598287760674#-53.0#1.3314953238847365#9
0000 0031 2000 0000 0000 0000#1626598287761882#-51.0#0.8528933180644165#9
0000 0032 2000 0000 0000 0000#1626598287763169#-50.0#0.47860200582032003#9
0000 0038 2000 0000 0000 0000#1626598287764247#-48.5#3.902447124381071#9
0000 0030 2000 0000 0000 0000#1626598287765801#-50.5#1.8775924843720249#9
0000 002F 2000 0000 0000 0000#1626598287772397#-51.5#2.1905245651006955#9
0000 0031 2000 0000 0000 0000#1626598287774364#-51.0#0.8774370106705868#9
0000 002D 2000 0000 0000 0000#1626598287775745#-53.0#2.9943304979527716#9
0000 0033 2000 0000 0000 0000#1626598287786107#-50.0#5.6143696836614465#9
0000 0037 2000 0000 0000 0000#1626598287788852#-49.0#3.54042765844006#9
0000 003A 2000 0000 0000 0000#1626598287789855#-54.5#0.8528933180644165#9
0000 0030 2000 0000 0000 0000#1626598287791216#-50.5#1.3008157081270237#9
0000 0035 2000 0000 0000 0000#1626598287792527#-47.5#4.1417481272912315#9
0000 0036 2000 0000 0000 0000#1626598287793576#-48.0#3.9822141253511245#9
0000 0034 2000 0000 0000 0000#1626598287794705#-49.0#4.81056375080937#9
FFFF FFFF FFFF FFFF FFFF FFFF#1626598287796821#-67.5#5.197126909356553#9
0000 0032 2000 0000 0000 0000#1626598287798091#-51.0#6.209554229361076#9
0000 0001 0000 0000 0000 0000#1626598287799167#-65.0#4.528311285838413#9
0000 0038 2000 0000 0000 0000#1626598287800736#-49.5#3.3195344249845276#9
0000 0039 2000 0000 0000 0000#1626598287802174#-50.5#2.5770877236478773#9
0000 002E 2000 0000 0000 0000#1626598287803227#-50.5#2.12916533358527#9
0000 003B 2000 0000 0000 0000#1626598287805166#-65.5#4.086524818927348#9
0000 0036 2000 0000 0000 0000#1626598288068986#-47.5#4.184699589352029#9
0000 0035 2000 0000 0000 0000#1626598288070276#-47.0#4.331961744989051#9
0000 002F 2000 0000 0000 0000#1626598288071339#-51.0#1.8407769454627694#9
0000 0030 2000 0000 0000 0000#1626598288073077#-51.5#1.509437095279471#9
0000 0031 2000 0000 0000 0000#1626598288077320#-51.0#0.5031456984264903#9
0000 0034 2000 0000 0000 0000#1626598288078879#-48.5#5.00077736850719#9
0000 0033 2000 0000 0000 0000#1626598288080881#-49.5#5.712544454086128#9
0000 002D 2000 0000 0000 0000#1626598288082132#-52.5#2.5832236467994196#9
0000 003A 2000 0000 0000 0000#1626598288083392#-54.0#0.9572040116406401#9
0000 0038 2000 0000 0000 0000#1626598288084927#-49.0#3.5588354278946874#9
FFFF FFFF FFFF FFFF FFFF FFFF#1626598288085994#-68.0#5.424156065963627#9
0000 0032 2000 0000 0000 0000#1626598288087708#-50.5#0.11658253987930872#9
0000 0037 2000 0000 0000 0000#1626598288090441#-49.0#3.834951969714103#9
0000 002E 2000 0000 0000 0000#1626598288091520#-51.0#2.36846633649543#9
0000 0039 2000 0000 0000 0000#1626598288092647#-50.0#2.791845033951867#9
0000 003B 2000 0000 0000 0000#1626598288094088#-64.5#4.417864669110647#9
0000 0031 2000 0000 0000 0000#1626598288098402#-51.0#0.47860200582032003#9
0000 002E 2000 0000 0000 0000#1626598288099470#-50.5#2.36846633649543#9
0000 0033 2000 0000 0000 0000#1626598288101885#-49.0#5.730952223540755#9
0000 002D 2000 0000 0000 0000#1626598288103240#-52.5#2.60776733940559#9
0000 0035 2000 0000 0000 0000#1626598288104319#-47.0#4.319689898685965#9
0000 0039 2000 0000 0000 0000#1626598288105913#-50.5#2.804116880254952#9
0000 003B 2000 0000 0000 0000#1626598288106939#-65.0#4.356505437595221#9
0000 0030 2000 0000 0000 0000#1626598288107953#-51.5#1.5033011721279284#9
0000 0036 2000 0000 0000 0000#1626598288109775#-48.0#4.1601558967458585#9
0000 0038 2000 0000 0000 0000#1626598288110797#-49.0#3.5833791205008576#9
0000 003A 2000 0000 0000 0000#1626598288112213#-54.0#0.9817477042468103#9
0000 0034 2000 0000 0000 0000#1626598288113534#-48.5#5.0253210611133605#9
0000 0037 2000 0000 0000 0000#1626598288115080#-49.0#3.792000507653305#9
0000 0032 2000 0000 0000 0000#1626598288116181#-50.5#0.0859029241215959#9
0000 002F 2000 0000 0000 0000#1626598288117261#-51.0#1.8653206380689396#9
FFFF FFFF FFFF FFFF FFFF FFFF#1626598288118398#-67.5#5.203262832508095#9
0000 0001 0000 0000 0000 0000#1626598288382770#-65.0#0.17794177139473438#9
0000 0036 2000 0000 0000 0000#1626598288391488#-47.0#4.6448938257177215#9
0000 002E 2000 0000 0000 0000#1626598288392626#-50.5#2.9697868053466014#9
0000 0037 2000 0000 0000 0000#1626598288394685#-47.5#4.331961744989051#9
0000 0031 2000 0000 0000 0000#1626598288395965#-50.5#1.0369710126106935#9
0000 0030 2000 0000 0000 0000#1626598288397533#-50.5#2.073942025221387#9
0000 003A 2000 0000 0000 0000#1626598288398566#-53.0#1.423534171157875#9
0000 0032 2000 0000 0000 0000#1626598288399854#-50.0#0.619728238305799#9
0000 002F 2000 0000 0000 0000#1626598288401401#-51.5#2.429825568010856#9
0000 0035 2000 0000 0000 0000#1626598288403446#-46.5#4.859651136021712#9
0000 0033 2000 0000 0000 0000#1626598288404448#-49.5#6.240233845118788#9
0000 0038 2000 0000 0000 0000#1626598288405525#-48.5#4.09266074207889#9
0000 0034 2000 0000 0000 0000#1626598288406804#-48.5#5.516194913236766#9
0000 0039 2000 0000 0000 0000#1626598288408070#-49.5#3.3318062712876126#9
0000 002D 2000 0000 0000 0000#1626598288410957#-53.0#3.1784081924990484#9
0000 003B 2000 0000 0000 0000#1626598288412853#-63.0#5.013049214810275#9
FFFF FFFF FFFF FFFF FFFF FFFF#1626598288415027#-68.5#0.07976700097005335#9
0000 0035 2000 0000 0000 0000#1626598288420166#-47.0#4.828971520263998#9
0000 0030 2000 0000 0000 0000#1626598288422075#-50.5#2.061670178918302#9
0000 002D 2000 0000 0000 0000#1626598288423112#-53.0#3.227495577711389#9
0000 0036 2000 0000 0000 0000#1626598288424432#-47.5#4.700117134081604#9
0000 003A 2000 0000 0000 0000#1626598288425476#-53.0#1.4603497100671303#9
0000 0033 2000 0000 0000 0000#1626598288426823#-48.0#6.264777537724958#9
0000 0001 0000 0000 0000 0000#1626598288428410#-65.0#5.8659425328746915#9
0000 0039 2000 0000 0000 0000#1626598288429462#-49.5#3.3318062712876126#9
0000 0032 2000 0000 0000 0000#1626598288430926#-48.5#0.6320000846088841#9
0000 0037 2000 0000 0000 0000#1626598288431960#-48.0#4.344233591292136#9
0000 0038 2000 0000 0000 0000#1626598288433254#-48.5#4.0987966652304335#9
0000 002E 2000 0000 0000 0000#1626598288434929#-50.5#2.9329712664373457#9
FFFF FFFF FFFF FFFF FFFF FFFF#1626598288436590#-68.5#6.166602767300278#9
0000 0034 2000 0000 0000 0000#1626598288437636#-48.5#5.522330836388308#9
0000 002F 2000 0000 0000 0000#1626598288438703#-51.5#2.4175537217077703#9
0000 0031 2000 0000 0000 0000#1626598288439881#-50.5#1.030835089459151#9
0000 003B 2000 0000 0000 0000#1626598288441321#-62.5#5.056000676871073#9
0000 002D 2000 0000 0000 0000#1626598288706657#-51.0#3.393165502803038#9
0000 0038 2000 0000 0000 0000#1626598288708118#-45.5#4.129476280988146#9
0000 002E 2000 0000 0000 0000#1626598288710403#-49.0#3.153864499892878#9
0000 0030 2000 0000 0000 0000#1626598288711501#-48.5#2.380738182798515#9
0000 0031 2000 0000 0000 0000#1626598288713326#-49.0#1.5462526341887264#9
0000 003B 2000 0000 0000 0000#1626598288714368#-61.5#3.2459033471660166#9
0000 0032 2000 0000 0000 0000#1626598288715441#-48.0#1.227184630308513#9
0000 003A 2000 0000 0000 0000#1626598288716978#-42.5#2.4850488763747385#9
0000 0039 2000 0000 0000 0000#1626598288718003#-44.0#3.479068426924634#9
0000 0036 2000 0000 0000 0000#1626598288719226#-46.5#4.921010367537137#9
0000 002F 2000 0000 0000 0000#1626598288720517#-48.5#2.693670263527186#9
0000 0034 2000 0000 0000 0000#1626598288721593#-48.5#6.000932842208628#9
0000 0035 2000 0000 0000 0000#1626598288722641#-46.0#5.141903600992669#9
FFFF FFFF FFFF FFFF FFFF FFFF#1626598288723932#-67.0#5.767767762450011#9
0000 0037 2000 0000 0000 0000#1626598288725054#-46.0#4.448544284868359#9
0000 0033 2000 0000 0000 0000#1626598288726242#-49.0#0.6381360077604268#9
0000 0032 2000 0000 0000 0000#1626598288731248#-48.0#1.337631247036279#9
0000 002D 2000 0000 0000 0000#1626598288733043#-50.0#3.423845118560751#9
0000 002E 2000 0000 0000 0000#1626598288735422#-48.5#3.215223731408304#9
0000 003A 2000 0000 0000 0000#1626598288736783#-41.5#2.5034566458293663#9
0000 0034 2000 0000 0000 0000#1626598288737873#-48.5#6.092971689481767#9
0000 0033 2000 0000 0000 0000#1626598288739618#-49.0#0.7240389318820226#9
0000 003B 2000 0000 0000 0000#1626598288740673#-58.0#3.2336315008629315#9
0000 0038 2000 0000 0000 0000#1626598288741780#-45.0#4.129476280988146#9
0000 0035 2000 0000 0000 0000#1626598288742829#-46.0#5.221670601962723#9
0000 0037 2000 0000 0000 0000#1626598288744120#-46.0#4.460816131171445#9
0000 0031 2000 0000 0000 0000#1626598288745196#-48.0#1.7241944055834606#9
0000 0030 2000 0000 0000 0000#1626598288746309#-48.0#2.5341362615870793#9
0000 0036 2000 0000 0000 0000#1626598288747372#-46.5#5.0253210611133605#9
FFFF FFFF FFFF FFFF FFFF FFFF#1626598288748466#-67.5#5.534602682691394#9
0000 0039 2000 0000 0000 0000#1626598288749477#-43.0#3.479068426924634#9
0000 002F 2000 0000 0000 0000#1626598288750767#-48.0#2.7979809571034093#9
0000 0032 2000 0000 0000 0000#1626598289016229#-43.5#2.073942025221387#9
0000 003B 2000 0000 0000 0000#1626598289017270#-44.0#2.9697868053466014#9
0000 002F 2000 0000 0000 0000#1626598289020263#-45.5#3.055689729468197#9
0000 0031 2000 0000 0000 0000#1626598289021557#-44.0#2.270291566070749#9
0000 0035 2000 0000 0000 0000#1626598289022575#-47.5#0.30066023442558565#9
0000 0038 2000 0000 0000 0000#1626598289023584#-47.0#4.657165672020807#9
0000 0039 2000 0000 0000 0000#1626598289025107#-42.5#3.693825737228624#9
0000 0034 2000 0000 0000 0000#1626598289026199#-45.5#1.1596894756415448#9
0000 003A 2000 0000 0000 0000#1626598289027263#-35.0#2.552544031041707#9
0000 0033 2000 0000 0000 0000#1626598289030040#-44.0#1.7794177139473437#9
0000 0030 2000 0000 0000 0000#1626598289031124#-44.0#2.8716120349219203#9
0000 0036 2000 0000 0000 0000#1626598289034843#-48.0#0.06135923151542565#9
0000 0037 2000 0000 0000 0000#1626598289036744#-48.5#5.368932757599744#9
0000 002D 2000 0000 0000 0000#1626598289038941#-48.0#3.6876898140770815#9
0000 002E 2000 0000 0000 0000#1626598289040010#-45.0#3.4913402732277192#9
FFFF FFFF FFFF FFFF FFFF FFFF#1626598289041117#-67.5#5.129631754689584#9
0000 0032 2000 0000 0000 0000#1626598289045302#-43.5#2.1659808724945253#9
0000 0033 2000 0000 0000 0000#1626598289047916#-43.5#1.8407769454627694#9
0000 003A 2000 0000 0000 0000#1626598289048949#-34.5#2.6261751088602177#9
0000 0031 2000 0000 0000 0000#1626598289049961#-43.5#2.356194490192345#9
0000 0035 2000 0000 0000 0000#1626598289051734#-47.0#0.4663301595172349#9
0000 003B 2000 0000 0000 0000#1626598289052773#-43.5#3.06182565261974#9
0000 0036 2000 0000 0000 0000#1626598289053835#-48.0#0.1718058482431918#9
0000 0030 2000 0000 0000 0000#1626598289054951#-44.0#2.9206994201342606#9
0000 002D 2000 0000 0000 0000#1626598289055988#-48.5#3.724505352986337#9
0000 002E 2000 0000 0000 0000#1626598289057030#-45.0#3.5281558121369745#9
0000 002F 2000 0000 0000 0000#1626598289058079#-45.0#3.1661363461959633#9
FFFF FFFF FFFF FFFF FFFF FFFF#1626598289059144#-68.0#5.129631754689584#9
0000 0039 2000 0000 0000 0000#1626598289060823#-42.5#3.834951969714103#9
0000 0034 2000 0000 0000 0000#1626598289061843#-45.5#1.2946797849754812#9
0000 0038 2000 0000 0000 0000#1626598289063150#-46.5#4.847379289718626#9
0000 0037 2000 0000 0000 0000#1626598289064698#-48.5#5.5714182216006485#9
0000 0038 2000 0000 0000 0000#1626598289330534#-46.0#0.30066023442558565#9
0000 0033 2000 0000 0000 0000#1626598289331581#-40.5#2.8961557275280905#9
FFFF FFFF FFFF FFFF FFFF FFFF#1626598289332901#-67.5#5.325981295538946#9
0000 002E 2000 0000 0000 0000#1626598289334012#-43.5#4.313553975534423#9
0000 0039 2000 0000 0000 0000#1626598289335349#-42.0#5.356660911296659#9
0000 0030 2000 0000 0000 0000#1626598289337118#-42.5#3.810408277107933#9
0000 0034 2000 0000 0000 0000#1626598289338634#-41.5#2.4727770300716534#9
0000 0037 2000 0000 0000 0000#1626598289339698#-46.0#1.030835089459151#9
0000 0031 2000 0000 0000 0000#1626598289341452#-40.5#3.3318062712876126#9
0000 0036 2000 0000 0000 0000#1626598289342786#-43.5#1.7978254834019713#9
0000 002F 2000 0000 0000 0000#1626598289345332#-43.0#4.006757817957295#9
0000 003B 2000 0000 0000 0000#1626598289346486#-39.5#4.227651051412827#9
0000 003A 2000 0000 0000 0000#1626598289347518#-33.5#4.04357335686655#9
0000 0032 2000 0000 0000 0000#1626598289348764#-40.5#3.2213596545598464#9
0000 0035 2000 0000 0000 0000#1626598289353806#-42.0#2.018718716857504#9
0000 002D 2000 0000 0000 0000#1626598289356058#-47.0#4.485359823777615#9
0000 0039 2000 0000 0000 0000#1626598289359987#-42.5#5.47937937432751#9
0000 003A 2000 0000 0000 0000#1626598289361747#-33.5#4.111068511533518#9
0000 0033 2000 0000 0000 0000#1626598289363237#-40.5#3.000466421104314#9
0000 0038 2000 0000 0000 0000#1626598289364514#-46.0#0.4724660826687775#9
0000 0030 2000 0000 0000 0000#1626598289365572#-42.5#3.902447124381071#9
0000 0035 2000 0000 0000 0000#1626598289366905#-42.0#2.055534255766759#9
0000 002D 2000 0000 0000 0000#1626598289368015#-47.0#4.522175362686871#9
0000 0036 2000 0000 0000 0000#1626598289369322#-43.0#1.8960002538266525#9
0000 002E 2000 0000 0000 0000#1626598289370434#-43.5#4.374913207049849#9
0000 0032 2000 0000 0000 0000#1626598289371979#-40.0#3.2765829629237295#9
0000 0034 2000 0000 0000 0000#1626598289373324#-40.5#2.5586799541932495#9
0000 002F 2000 0000 0000 0000#1626598289374576#-43.0#4.086524818927348#9
0000 0031 2000 0000 0000 0000#1626598289375657#-40.0#3.423845118560751#9
0000 003B 2000 0000 0000 0000#1626598289378149#-39.5#4.368777283898306#9
FFFF FFFF FFFF FFFF FFFF FFFF#1626598289380269#-67.5#5.203262832508095#9
0000 0037 2000 0000 0000 0000#1626598289381945#-45.5#1.227184630308513#9
0000 003A 2000 0000 0000 0000#1626598289651875#-32.5#6.068427996875596#9
0000 0034 2000 0000 0000 0000#1626598289653307#-37.5#3.792000507653305#9
0000 0035 2000 0000 0000 0000#1626598289654382#-38.5#3.3624858870453256#9
0000 002D 2000 0000 0000 0000#1626598289655449#-46.5#5.460971604872882#9
0000 002E 2000 0000 0000 0000#1626598289657918#-43.0#5.344389064993574#9
0000 003B 2000 0000 0000 0000#1626598289659243#-39.5#6.056156150572511#9
0000 0037 2000 0000 0000 0000#1626598289660263#-41.5#2.6813984172241008#9
0000 0031 2000 0000 0000 0000#1626598289661315#-39.0#4.583534594202296#9
0000 0036 2000 0000 0000 0000#1626598289662867#-40.0#3.2459033471660166#9
0000 0032 2000 0000 0000 0000#1626598289663958#-38.0#4.460816131171445#9
FFFF FFFF FFFF FFFF FFFF FFFF#1626598289664995#-67.5#6.264777537724958#9
0000 0039 2000 0000 0000 0000#1626598289666785#-39.5#1.3008157081270237#9
0000 0038 2000 0000 0000 0000#1626598289667879#-42.0#2.2886993355253766#9
0000 0030 2000 0000 0000 0000#1626598289669680#-40.0#5.0253210611133605#9
0000 0033 2000 0000 0000 0000#1626598289670824#-36.5#4.25833066717054#9
0000 002F 2000 0000 0000 0000#1626598289672084#-41.5#5.160311370447297#9
0000 0032 2000 0000 0000 0000#1626598289684232#-38.0#4.503767593232243#9
0000 0037 2000 0000 0000 0000#1626598289685282#-41.0#2.724349879284899#9
FFFF FFFF FFFF FFFF FFFF FFFF#1626598289686562#-67.5#6.240233845118788#9
0000 0033 2000 0000 0000 0000#1626598289687579#-37.5#4.289010282928253#9
0000 0039 2000 0000 0000 0000#1626598289689629#-39.5#1.3989904785517047#9
0000 0030 2000 0000 0000 0000#1626598289690713#-40.0#5.062136600022616#9
0000 0031 2000 0000 0000 0000#1626598289691765#-39.0#4.632621979414636#9
0000 003A 2000 0000 0000 0000#1626598289692886#-33.0#6.264777537724958#9
0000 003B 2000 0000 0000 0000#1626598289693956#-39.5#6.234097921967246#9
0000 0034 2000 0000 0000 0000#1626598289694959#-38.5#3.890175278077986#9
0000 0036 2000 0000 0000 0000#1626598289696750#-39.5#3.313398501832985#9
0000 002F 2000 0000 0000 0000#1626598289698553#-41.0#5.190990986205009#9
0000 0035 2000 0000 0000 0000#1626598289699647#-38.0#3.442252888015379#9
0000 002E 2000 0000 0000 0000#1626598289700718#-42.5#5.405748296509#9
0000 002D 2000 0000 0000 0000#1626598289703164#-46.0#5.522330836388308#9
0000 0038 2000 0000 0000 0000#1626598289706684#-41.0#2.3746022596469727#9
0000 0032 2000 0000 0000 0000#1626598289971351#-37.5#4.620350133111551#9
0000 0031 2000 0000 0000 0000#1626598289972928#-38.0#4.700117134081604#9
0000 0036 2000 0000 0000 0000#1626598289974207#-37.5#3.368621810196868#9
0000 0037 2000 0000 0000 0000#1626598289975501#-38.0#2.8777479580734626#9
0000 0039 2000 0000 0000 0000#1626598289977536#-35.5#1.8837284075235674#9
0000 002F 2000 0000 0000 0000#1626598289979341#-40.5#5.141903600992669#9
0000 002D 2000 0000 0000 0000#1626598289980436#-45.5#5.325981295538946#9
0000 0034 2000 0000 0000 0000#1626598289981761#-37.5#3.9822141253511245#9
0000 003B 2000 0000 0000 0000#1626598289982827#-38.0#0.8160777791551611#9
0000 003A 2000 0000 0000 0000#1626598289984828#-30.5#0.7853981633974483#9
0000 002E 2000 0000 0000 0000#1626598289986896#-41.5#5.295301679781233#9
0000 0030 2000 0000 0000 0000#1626598289990881#-39.0#5.086680292628786#9
FFFF FFFF FFFF FFFF FFFF FFFF#1626598289992275#-68.0#5.411884219660542#9
0000 0038 2000 0000 0000 0000#1626598289993527#-37.0#2.5954954931025047#9
0000 0035 2000 0000 0000 0000#1626598289995253#-37.0#3.5465635815916023#9
0000 0033 2000 0000 0000 0000#1626598289996458#-37.0#4.448544284868359#9
0000 0032 2000 0000 0000 0000#1626598290001626#-37.5#4.657165672020807#9
0000 0031 2000 0000 0000 0000#1626598290002722#-38.0#4.743068596142402#9
0000 003B 2000 0000 0000 0000#1626598290004343#-37.5#0.9019807032767571#9
0000 002E 2000 0000 0000 0000#1626598290005431#-41.5#5.301437602932776#9
0000 003A 2000 0000 0000 0000#1626598290006521#-29.5#0.859029241215959#9
0000 0036 2000 0000 0000 0000#1626598290007629#-37.0#3.436116964863836#9
0000 002D 2000 0000 0000 0000#1626598290008667#-45.5#5.350524988145116#9
0000 0037 2000 0000 0000 0000#1626598290009718#-38.0#2.9329712664373457#9
0000 0038 2000 0000 0000 0000#1626598290010996#-37.5#2.6323110320117604#9
0000 0039 2000 0000 0000 0000#1626598290012563#-35.0#1.9634954084936207#9
0000 0034 2000 0000 0000 0000#1626598290013669#-37.0#4.037437433715008#9
0000 002F 2000 0000 0000 0000#1626598290014833#-40.5#5.190990986205009#9
0000 0030 2000 0000 0000 0000#1626598290015901#-39.0#5.117359908386499#9
0000 0035 2000 0000 0000 0000#1626598290017465#-36.5#3.5833791205008576#9
0000 0033 2000 0000 0000 0000#1626598290019120#-36.0#4.479223900626073#9
FFFF FFFF FFFF FFFF FFFF FFFF#1626598290020583#-67.0#5.258486140871978#9
0000 002F 2000 0000 0000 0000#1626598290288730#-40.5#5.0682725231741586#9
0000 0037 2000 0000 0000 0000#1626598290289995#-37.0#3.043417883165112#9
0000 0033 2000 0000 0000 0000#1626598290291582#-37.0#4.558990901596125#9
FFFF FFFF FFFF FFFF FFFF FFFF#1626598290292647#-67.5#4.767612288748572#9
0000 0034 2000 0000 0000 0000#1626598290295762#-36.5#4.135612204139688#9
0000 0030 2000 0000 0000 0000#1626598290297089#-39.0#5.0253210611133605#9
0000 0032 2000 0000 0000 0000#1626598290298123#-37.5#4.718524903536232#9
0000 0039 2000 0000 0000 0000#1626598290299461#-32.5#2.2150682577068657#9
0000 0036 2000 0000 0000 0000#1626598290300469#-36.5#3.552699504743145#9
0000 003B 2000 0000 0000 0000#1626598290301823#-35.5#1.5830681730979816#9
0000 0038 2000 0000 0000 0000#1626598290302899#-35.0#2.7857091108003242#9
0000 003A 2000 0000 0000 0000#1626598290304203#-27.0#1.3989904785517047#9
0000 002E 2000 0000 0000 0000#1626598290305516#-41.5#5.092816215780329#9
0000 0031 2000 0000 0000 0000#1626598290306551#-37.5#4.779884135051658#9
0000 002D 2000 0000 0000 0000#1626598290308463#-45.5#5.092816215780329#9
0000 0035 2000 0000 0000 0000#1626598290309687#-36.0#3.6815538909255388#9
0000 003B 2000 0000 0000 0000#1626598290314992#-35.0#1.6260196351587797#9
0000 0038 2000 0000 0000 0000#1626598290316541#-35.0#2.816388726558037#9
0000 0035 2000 0000 0000 0000#1626598290317593#-36.0#3.6999616603801666#9
FFFF FFFF FFFF FFFF FFFF FFFF#1626598290319112#-67.0#4.871922982324796#9
0000 0036 2000 0000 0000 0000#1626598290320176#-36.5#3.5711072741977725#9
0000 0031 2000 0000 0000 0000#1626598290321982#-38.0#4.792155981354743#9
0000 0037 2000 0000 0000 0000#1626598290323559#-37.0#3.08636934522591#9
0000 0039 2000 0000 0000 0000#1626598290325945#-33.0#2.282563412373834#9
0000 002E 2000 0000 0000 0000#1626598290327014#-42.0#5.105088062083414#9
0000 0034 2000 0000 0000 0000#1626598290328077#-36.0#4.184699589352029#9
0000 002D 2000 0000 0000 0000#1626598290329158#-45.5#5.080544369477243#9
0000 003A 2000 0000 0000 0000#1626598290331025#-25.5#1.4910293258248433#9
0000 0033 2000 0000 0000 0000#1626598290332673#-37.0#4.626486056263094#9
0000 0032 2000 0000 0000 0000#1626598290334099#-36.0#4.76147636559703#9
0000 0030 2000 0000 0000 0000#1626598290335669#-39.0#5.062136600022616#9
0000 002F 2000 0000 0000 0000#1626598290338803#-40.0#5.092816215780329#9
FFFF FFFF FFFF FFFF FFFF FFFF#1626598290603983#-68.0#5.356660911296659#9
0000 0030 2000 0000 0000 0000#1626598290605080#-40.0#5.338253141842031#9
0000 0032 2000 0000 0000 0000#1626598290606482#-36.0#5.203262832508095#9
0000 0033 2000 0000 0000 0000#1626598290608095#-36.0#5.154175447295755#9
0000 003B 2000 0000 0000 0000#1626598290609415#-33.0#2.724349879284899#9
0000 0038 2000 0000 0000 0000#1626598290610740#-35.0#3.650874275167826#9
0000 002D 2000 0000 0000 0000#1626598290612063#-46.5#5.1725832167503825#9
0000 0036 2000 0000 0000 0000#1626598290613127#-36.0#4.3074180523828804#9
0000 002F 2000 0000 0000 0000#1626598290615144#-41.5#5.332117218690489#9
0000 002E 2000 0000 0000 0000#1626598290616199#-43.0#5.227806525114265#9
0000 003A 2000 0000 0000 0000#1626598290617771#-26.0#2.442097414313941#9
0000 0035 2000 0000 0000 0000#1626598290619333#-36.0#4.411728745959104#9
0000 0039 2000 0000 0000 0000#1626598290620599#-32.0#3.1354567304382504#9
0000 0031 2000 0000 0000 0000#1626598290624574#-38.0#5.2339424482658075#9
0000 0034 2000 0000 0000 0000#1626598290625707#-37.0#4.81056375080937#9
0000 0037 2000 0000 0000 0000#1626598290627043#-36.5#3.902447124381071#9
0000 0030 2000 0000 0000 0000#1626598290632580#-40.5#5.350524988145116#9
0000 0039 2000 0000 0000 0000#1626598290633647#-32.0#3.172272269347506#9
0000 002F 2000 0000 0000 0000#1626598290635936#-41.5#5.3198453723874035#9
0000 0034 2000 0000 0000 0000#1626598290636969#-36.5#4.828971520263998#9
0000 0036 2000 0000 0000 0000#1626598290638019#-36.5#4.325825821837508#9
0000 003B 2000 0000 0000 0000#1626598290647240#-32.5#3.6876898140770815#9
0000 0038 2000 0000 0000 0000#1626598290648280#-34.0#4.528311285838413#9
0000 002E 2000 0000 0000 0000#1626598290650060#-43.0#5.982525072754001#9
0000 0037 2000 0000 0000 0000#1626598290651594#-36.0#4.71238898038469#9
0000 0031 2000 0000 0000 0000#1626598290654212#-38.5#6.007068765360171#9
0000 0033 2000 0000 0000 0000#1626598290655218#-37.5#5.945709533844745#9
0000 0032 2000 0000 0000 0000#1626598290656588#-36.5#5.994796919057086#9
0000 002D 2000 0000 0000 0000#1626598290658610#-47.0#5.872078456026235#9
0000 003A 2000 0000 0000 0000#1626598290660410#-25.5#3.411573272257666#9
0000 0035 2000 0000 0000 0000#1626598290662387#-36.0#5.209398755659637#9
FFFF FFFF FFFF FFFF FFFF FFFF#1626598290664536#-68.0#0.30066023442558565#9
0000 003A 2000 0000 0000 0000#1626598290928949#-26.0#3.761320891895592#9
0000 0032 2000 0000 0000 0000#1626598290930415#-39.0#5.681864838328415#9
0000 0037 2000 0000 0000 0000#1626598290931454#-35.5#4.859651136021712#9
0000 0035 2000 0000 0000 0000#1626598290932504#-36.0#5.1725832167503825#9
0000 0036 2000 0000 0000 0000#1626598290933640#-36.0#5.129631754689584#9
0000 002F 2000 0000 0000 0000#1626598290934716#-43.5#5.608233760509904#9
0000 0031 2000 0000 0000 0000#1626598290936022#-39.5#5.64504929941916#9
FFFF FFFF FFFF FFFF FFFF FFFF#1626598290937062#-69.5#0.04908738521234052#9
0000 0039 2000 0000 0000 0000#1626598290938155#-31.5#4.356505437595221#9
0000 003B 2000 0000 0000 0000#1626598290939463#-33.0#4.2092432819582#9
0000 0030 2000 0000 0000 0000#1626598290940530#-42.0#5.681864838328415#9
0000 0038 2000 0000 0000 0000#1626598290941656#-34.5#4.773748211900116#9
0000 0033 2000 0000 0000 0000#1626598290942800#-37.0#5.712544454086128#9
0C21 0537 8123 1003 2202 062F#1626598290946172#-67.5#2.350058567040802#9
0000 0034 2000 0000 0000 0000#1626598290947818#-36.0#5.460971604872882#9
0000 002E 2000 0000 0000 0000#1626598290950725#-45.0#5.375068680751287#9
0000 002D 2000 0000 0000 0000#1626598290951908#-49.0#5.190990986205009#9
0000 0039 2000 0000 0000 0000#1626598290955585#-31.5#4.381049130201391#9
0000 0032 2000 0000 0000 0000#1626598290956902#-38.5#5.675728915176872#9
0000 003B 2000 0000 0000 0000#1626598290957943#-32.5#4.246058820867455#9
FFFF FFFF FFFF FFFF FFFF FFFF#1626598290958981#-69.5#0.006135923151542565#9
0000 003A 2000 0000 0000 0000#1626598290960105#-24.5#3.8288160465625602#9
0000 002D 2000 0000 0000 0000#1626598290961175#-49.0#5.190990986205009#9
0000 0035 2000 0000 0000 0000#1626598290963190#-35.5#5.184855063053467#9
0000 002E 2000 0000 0000 0000#1626598290964247#-45.0#5.356660911296659#9
0000 0038 2000 0000 0000 0000#1626598290966551#-34.5#4.7860200582032#9
0000 0037 2000 0000 0000 0000#1626598290968329#-35.5#4.890330751779424#9
0000 0036 2000 0000 0000 0000#1626598290969379#-36.0#5.148039524144211#9
0000 0034 2000 0000 0000 0000#1626598290970812#-36.5#5.436427912266712#9
0000 0031 2000 0000 0000 0000#1626598290972830#-40.0#5.595961914206819#9
0000 0030 2000 0000 0000 0000#1626598290975906#-42.0#5.626641529964532#9
0000 002F 2000 0000 0000 0000#1626598290976967#-43.5#5.559146375297564#9
0000 0033 2000 0000 0000 0000#1626598290978798#-38.5#5.675728915176872#9
0C21 0537 8123 1003 2202 062F#1626598290980260#-66.5#2.2580197197676637#9
0000 0030 2000 0000 0000 0000#1626598291246368#-43.5#4.896466674930966#9
0000 003B 2000 0000 0000 0000#1626598291255494#-33.0#4.552854978444583#9
0000 003A 2000 0000 0000 0000#1626598291256527#-26.5#4.025165587411922#9
0000 0039 2000 0000 0000 0000#1626598291257565#-31.5#4.503767593232243#9
0000 002F 2000 0000 0000 0000#1626598291258628#-45.0#4.921010367537137#9
0000 0033 2000 0000 0000 0000#1626598291259676#-39.5#5.209398755659637#9
0000 0036 2000 0000 0000 0000#1626598291260726#-36.5#4.92714629068868#9
0000 002E 2000 0000 0000 0000#1626598291261783#-47.0#4.706253057233147#9
0000 0034 2000 0000 0000 0000#1626598291263641#-36.0#5.049864753719531#9
0000 0032 2000 0000 0000 0000#1626598291264945#-40.0#5.111223985234957#9
0000 0037 2000 0000 0000 0000#1626598291265981#-35.5#4.779884135051658#9
0000 002D 2000 0000 0000 0000#1626598291268226#-51.0#4.454680208019902#9
0000 0031 2000 0000 0000 0000#1626598291269965#-41.0#5.0253210611133605#9
0C21 0537 8123 1003 2202 062F#1626598291271095#-68.0#2.067806102069844#9
0000 0035 2000 0000 0000 0000#1626598291274068#-36.0#4.902602598082509#9
0000 0038 2000 0000 0000 0000#1626598291275264#-34.5#4.798291904506286#9
FFFF FFFF FFFF FFFF FFFF FFFF#1626598291278427#-68.5#5.9088939949354895#9
0000 0033 2000 0000 0000 0000#1626598291281974#-39.5#5.197126909356553#9
0000 0037 2000 0000 0000 0000#1626598291283012#-35.5#4.7860200582032#9
0000 0031 2000 0000 0000 0000#1626598291284782#-41.0#5.013049214810275#9
0000 0039 2000 0000 0000 0000#1626598291286350#-32.0#4.522175362686871#9
0000 003A 2000 0000 0000 0000#1626598291287426#-26.0#4.080388895775806#9
0000 0032 2000 0000 0000 0000#1626598291288542#-38.5#5.0682725231741586#9
0000 002E 2000 0000 0000 0000#1626598291289880#-47.5#4.657165672020807#9
0000 0030 2000 0000 0000 0000#1626598291291459#-43.5#4.9823695990525625#9
0000 0038 2000 0000 0000 0000#1626598291293296#-34.5#4.81056375080937#9
0000 0034 2000 0000 0000 0000#1626598291295599#-37.5#5.0253210611133605#9
0000 003B 2000 0000 0000 0000#1626598291296667#-33.0#4.608078286808466#9
0000 002D 2000 0000 0000 0000#1626598291297705#-51.5#4.381049130201391#9
FFFF FFFF FFFF FFFF FFFF FFFF#1626598291298773#-69.0#5.780039608753096#9
0000 0035 2000 0000 0000 0000#1626598291302067#-36.0#4.902602598082509#9
0000 0036 2000 0000 0000 0000#1626598291303158#-36.0#4.902602598082509#9
0C21 0537 8123 1003 2202 062F#1626598291305231#-66.0#1.7794177139473437#9
0000 002F 2000 0000 0000 0000#1626598291306635#-45.5#4.847379289718626#9
0000 002E 2000 0000 0000 0000#1626598291570493#-50.0#3.429981041712294#9
0000 003B 2000 0000 0000 0000#1626598291571803#-32.5#4.3933209765044765#9
0000 002F 2000 0000 0000 0000#1626598291573094#-47.5#3.7122335066832517#9
0000 0034 2000 0000 0000 0000#1626598291574428#-38.0#4.061981126321178#9
0000 0031 2000 0000 0000 0000#1626598291577955#-43.5#3.877903431774901#9
0C21 0537 8123 1003 2202 062F#1626598291579784#-67.0#0.7915340865489908#9
0000 002D 2000 0000 0000 0000#1626598291581589#-54.5#3.098641191528995#9
0000 0039 2000 0000 0000 0000#1626598291583354#-31.0#4.04357335686655#9
0000 0037 2000 0000 0000 0000#1626598291584475#-35.0#4.0558452031696355#9
0000 0033 2000 0000 0000 0000#1626598291585552#-40.5#4.129476280988146#9
0000 0036 2000 0000 0000 0000#1626598291588290#-36.0#4.037437433715008#9
0000 003A 2000 0000 0000 0000#1626598291589338#-26.0#3.724505352986337#9
0000 0035 2000 0000 0000 0000#1626598291590429#-36.5#3.9699422790480394#9
0000 0032 2000 0000 0000 0000#1626598291591717#-42.0#3.9515345095934116#9
0000 0038 2000 0000 0000 0000#1626598291594207#-33.5#4.166291819897402#9
0000 0030 2000 0000 0000 0000#1626598291597859#-46.5#3.8288160465625602#9
0000 0039 2000 0000 0000 0000#1626598291603079#-31.0#4.037437433715008#9
0000 003A 2000 0000 0000 0000#1626598291604278#-24.5#3.706097583531709#9
0000 0037 2000 0000 0000 0000#1626598291605314#-35.0#4.037437433715008#9
0000 0035 2000 0000 0000 0000#1626598291606407#-36.5#3.9638063558964967#9
0000 0032 2000 0000 0000 0000#1626598291608269#-42.5#3.9208548938356986#9
0000 0030 2000 0000 0000 0000#1626598291609599#-46.5#3.785864584501762#9
0000 002D 2000 0000 0000 0000#1626598291610696#-54.5#3.043417883165112#9
0000 0034 2000 0000 0000 0000#1626598291612026#-38.5#4.006757817957295#9
0000 0033 2000 0000 0000 0000#1626598291613089#-41.0#4.06811704947272#9
0000 0036 2000 0000 0000 0000#1626598291614152#-36.5#4.000621894805752#9
0000 0031 2000 0000 0000 0000#1626598291615218#-44.0#3.77972866135022#9
0000 002E 2000 0000 0000 0000#1626598291616401#-50.5#3.3318062712876126#9
0C21 0537 8123 1003 2202 062F#1626598291617488#-67.5#0.8774370106705868#9
0000 003B 2000 0000 0000 0000#1626598291619564#-32.5#4.424000592262189#9
0000 0038 2000 0000 0000 0000#1626598291620630#-33.5#4.135612204139688#9
0000 002F 2000 0000 0000 0000#1626598291622934#-48.0#3.5956509668039427#9
0000 0038 2000 0000 0000 0000#1626598291885770#-33.0#4.896466674930966#9
0000 002F 2000 0000 0000 0000#1626598291887543#-50.0#3.8840393549264434#9
0000 0037 2000 0000 0000 0000#1626598291889480#-34.5#4.718524903536232#9
0000 0034 2000 0000 0000 0000#1626598291890639#-37.0#4.503767593232243#9
0000 002E 2000 0000 0000 0000#1626598291891925#-51.5#3.466796580621549#9
0000 0030 2000 0000 0000 0000#1626598291894669#-48.5#4.0558452031696355#9
0000 002D 2000 0000 0000 0000#1626598291895735#-56.5#3.031146036862027#9
0000 003B 2000 0000 0000 0000#1626598291896803#-32.0#5.473243451175968#9
0000 003A 2000 0000 0000 0000#1626598291898075#-25.0#4.73693267299086#9
0000 0039 2000 0000 0000 0000#1626598291899189#-30.0#4.847379289718626#9
0000 0032 2000 0000 0000 0000#1626598291900294#-42.5#4.25833066717054#9
0000 0031 2000 0000 0000 0000#1626598291902901#-44.5#4.1172044346850605#9
0C21 0537 8123 1003 2202 062F#1626598291905031#-67.0#2.405281875404685#9
0000 0036 2000 0000 0000 0000#1626598291907684#-35.5#4.577398671050753#9
0000 0035 2000 0000 0000 0000#1626598291909092#-35.5#4.479223900626073#9
0000 0033 2000 0000 0000 0000#1626598291910395#-41.5#4.424000592262189#9
0000 0036 2000 0000 0000 0000#1626598291915043#-35.5#4.546719055293041#9
0000 0033 2000 0000 0000 0000#1626598291916090#-41.5#4.417864669110647#9
0000 002D 2000 0000 0000 0000#1626598291917196#-56.0#2.988194574801229#9
0C21 0537 8123 1003 2202 062F#1626598291918527#-67.0#2.5341362615870793#9
0000 0032 2000 0000 0000 0000#1626598291920854#-43.0#4.2031073588066565#9
0000 0035 2000 0000 0000 0000#1626598291921917#-36.0#4.448544284868359#9
0000 0038 2000 0000 0000 0000#1626598291923687#-33.0#4.865787059173254#9
0000 003B 2000 0000 0000 0000#1626598291924982#-32.0#5.485515297479052#9
0000 0034 2000 0000 0000 0000#1626598291926827#-38.5#4.424000592262189#9
0000 0037 2000 0000 0000 0000#1626598291927892#-34.5#4.681709364626977#9
0000 0039 2000 0000 0000 0000#1626598291929712#-30.5#4.8351074434155406#9
0000 003A 2000 0000 0000 0000#1626598291930830#-25.0#4.73693267299086#9
0000 002F 2000 0000 0000 0000#1626598291933520#-50.0#3.7122335066832517#9
0000 0030 2000 0000 0000 0000#1626598291934589#-49.0#3.9208548938356986#9
0000 0031 2000 0000 0000 0000#1626598291936195#-45.0#3.9944859716542096#9
0000 002E 2000 0000 0000 0000#1626598291938217#-52.5#3.2336315008629315#9
0000 0037 2000 0000 0000 0000#1626598292206712#-34.5#4.04357335686655#9
0000 002E 2000 0000 0000 0000#1626598292207781#-53.0#1.8530487917658545#9
0000 0038 2000 0000 0000 0000#1626598292208875#-32.5#4.301282129231338#9
0000 0033 2000 0000 0000 0000#1626598292209937#-44.0#3.4054373491061236#9
0000 0039 2000 0000 0000 0000#1626598292211049#-30.0#4.374913207049849#9
0000 002D 2000 0000 0000 0000#1626598292212057#-57.0#1.4664856332186729#9
0000 0030 2000 0000 0000 0000#1626598292214310#-50.5#2.5341362615870793#9
0000 0034 2000 0000 0000 0000#1626598292215597#-39.5#3.5711072741977725#9
0000 0032 2000 0000 0000 0000#1626598292216927#-46.0#3.06182565261974#9
0000 003B 2000 0000 0000 0000#1626598292218297#-31.0#5.252350217720435#9
0000 0031 2000 0000 0000 0000#1626598292219604#-47.0#2.8102528034064944#9
0000 0036 2000 0000 0000 0000#1626598292221393#-36.5#3.77972866135022#9
0C21 0537 8123 1003 2202 062F#1626598292222936#-66.5#1.8407769454627694#9
0000 0035 2000 0000 0000 0000#1626598292224483#-37.0#3.650874275167826#9
0000 003A 2000 0000 0000 0000#1626598292225727#-24.5#4.381049130201391#9
0000 002F 2000 0000 0000 0000#1626598292227132#-52.0#2.270291566070749#9
0000 0036 2000 0000 0000 0000#1626598292235949#-37.0#3.749049045592507#9
0000 002F 2000 0000 0000 0000#1626598292236983#-52.0#2.172116795646068#9
0000 003A 2000 0000 0000 0000#1626598292239084#-24.5#4.374913207049849#9
0000 002E 2000 0000 0000 0000#1626598292240181#-53.5#1.6566992509164924#9
0000 0032 2000 0000 0000 0000#1626598292241499#-46.0#2.9268353432858034#9
0000 0038 2000 0000 0000 0000#1626598292243049#-33.0#4.246058820867455#9
0000 0037 2000 0000 0000 0000#1626598292244323#-35.0#3.9944859716542096#9
0000 0033 2000 0000 0000 0000#1626598292245724#-43.0#3.2827188860752723#9
0000 0035 2000 0000 0000 0000#1626598292246803#-37.0#3.5833791205008576#9
0000 003B 2000 0000 0000 0000#1626598292248099#-31.0#5.240078371417351#9
0000 0039 2000 0000 0000 0000#1626598292249436#-30.0#4.319689898685965#9
0000 0034 2000 0000 0000 0000#1626598292250912#-39.5#3.4606606574700063#9
0000 002D 2000 0000 0000 0000#1626598292251978#-57.0#1.282407938672396#9
0000 0031 2000 0000 0000 0000#1626598292253044#-47.0#2.650718801466388#9
0000 0030 2000 0000 0000 0000#1626598292254370#-51.0#2.3439226438892597#9
0C21 0537 8123 1003 2202 062F#1626598292256069#-66.5#1.8285050991596843#9
0000 0030 2000 0000 0000 0000#1626598292521364#-52.0#0.8958447801252144#9
0000 0036 2000 0000 0000 0000#1626598292522644#-38.0#2.816388726558037#9
0000 003B 2000 0000 0000 0000#1626598292523696#-32.0#4.902602598082509#9
0000 0038 2000 0000 0000 0000#1626598292525221#-34.0#3.5158839658338894#9
0000 0032 2000 0000 0000 0000#1626598292527736#-47.5#1.7119225592803755#9
0000 0039 2000 0000 0000 0000#1626598292529060#-31.5#3.663146121470911#9
0000 003A 2000 0000 0000 0000#1626598292530093#-26.0#3.822680123411018#9
0000 0031 2000 0000 0000 0000#1626598292531171#-49.0#1.3928545554001621#9
0C21 0537 8123 1003 2202 062F#1626598292533220#-68.5#1.4051264017032472#9
0000 0035 2000 0000 0000 0000#1626598292536055#-38.0#2.5954954931025047#9
0000 002D 2000 0000 0000 0000#1626598292538432#-47.5#5.50392306693368#9
0000 002F 2000 0000 0000 0000#1626598292539639#-52.5#0.6013204688511713#9
0000 0037 2000 0000 0000 0000#1626598292540661#-37.0#3.1354567304382504#9
FFFF FFFF FFFF FFFF FFFF FFFF#1626598292541714#-69.0#0.25157284921324513#9
0000 0033 2000 0000 0000 0000#1626598292543528#-45.5#2.067806102069844#9
0000 002E 2000 0000 0000 0000#1626598292544537#-46.5#5.651185222570702#9
0000 0034 2000 0000 0000 0000#1626598292545944#-41.5#2.386874105950058#9
0000 002D 2000 0000 0000 0000#1626598292550709#-47.5#5.436427912266712#9
0000 002E 2000 0000 0000 0000#1626598292551764#-46.5#5.6143696836614465#9
0000 0037 2000 0000 0000 0000#1626598292553102#-37.0#3.0802334220743677#9
0000 003A 2000 0000 0000 0000#1626598292554178#-26.0#3.773592738198677#9
0000 002F 2000 0000 0000 0000#1626598292555227#-52.0#0.4356505437595221#9
0000 0031 2000 0000 0000 0000#1626598292556247#-49.0#1.2762720155208536#9
0000 0034 2000 0000 0000 0000#1626598292558033#-41.5#2.350058567040802#9
0000 003B 2000 0000 0000 0000#1626598292559316#-32.0#4.890330751779424#9
0000 0035 2000 0000 0000 0000#1626598292561632#-38.5#2.5157284921324514#9
0000 0039 2000 0000 0000 0000#1626598292562755#-31.5#3.5895150436524004#9
0C21 0537 8123 1003 2202 062F#1626598292564072#-67.5#1.41126232485479#9
0000 0033 2000 0000 0000 0000#1626598292565103#-45.5#1.9941750242513334#9
0000 0038 2000 0000 0000 0000#1626598292566666#-34.5#3.423845118560751#9
0000 0036 2000 0000 0000 0000#1626598292568953#-38.0#2.6691265709210157#9
0000 0032 2000 0000 0000 0000#1626598292570469#-48.0#1.533980787885641#9
0000 0030 2000 0000 0000 0000#1626598292572168#-52.0#0.5645049299419159#9
0000 002E 2000 0000 0000 0000#1626598292841305#-51.5#3.730641276137879#9
0000 0038 2000 0000 0000 0000#1626598292842627#-36.0#2.1598449493429825#9
0000 0039 2000 0000 0000 0000#1626598292843994#-33.5#2.356194490192345#9
0000 003A 2000 0000 0000 0000#1626598292845524#-27.5#2.5402721847386216#9
0000 002D 2000 0000 0000 0000#1626598292846576#-59.0#3.32567034813607#9
0000 0037 2000 0000 0000 0000#1626598292848324#-38.0#1.8223691760081417#9
0000 0031 2000 0000 0000 0000#1626598292849389#-48.0#5.0682725231741586#9
0000 0030 2000 0000 0000 0000#1626598292850757#-44.5#4.080388895775806#9
0000 002F 2000 0000 0000 0000#1626598292853500#-46.0#3.9147189706841563#9
0000 0035 2000 0000 0000 0000#1626598292854774#-41.0#1.214912784005428#9
0000 003B 2000 0000 0000 0000#1626598292855845#-34.5#3.865631585471816#9
0000 0032 2000 0000 0000 0000#1626598292857617#-49.5#5.620505606812989#9
0000 0034 2000 0000 0000 0000#1626598292859290#-44.0#0.8958447801252144#9
0000 0033 2000 0000 0000 0000#1626598292861209#-49.5#0.20248546400090464#9
0000 0036 2000 0000 0000 0000#1626598292863345#-41.0#1.3989904785517047#9
0000 0032 2000 0000 0000 0000#1626598292868713#-49.5#5.50392306693368#9
0000 0036 2000 0000 0000 0000#1626598292869777#-41.0#1.3928545554001621#9
0000 0035 2000 0000 0000 0000#1626598292871424#-41.0#1.1719613219446299#9
0000 003A 2000 0000 0000 0000#1626598292872502#-27.5#2.4911847995262812#9
0000 002F 2000 0000 0000 0000#1626598292873751#-45.5#3.792000507653305#9
0000 0034 2000 0000 0000 0000#1626598292875590#-45.0#0.8406214717613314#9
0000 0039 2000 0000 0000 0000#1626598292876930#-34.0#2.3439226438892597#9
0000 0030 2000 0000 0000 0000#1626598292878229#-44.0#3.9269908169872414#9
0000 0033 2000 0000 0000 0000#1626598292879558#-50.0#0.0#9
0000 002E 2000 0000 0000 0000#1626598292880629#-53.0#3.6447383520162835#9
FFFF FFFF FFFF FFFF FFFF FFFF#1626598292882008#-68.0#5.264622064023521#9
0000 0037 2000 0000 0000 0000#1626598292883086#-38.5#1.7732817907958012#9
0000 0031 2000 0000 0000 0000#1626598292884921#-46.5#4.6448938257177215#9
0000 003B 2000 0000 0000 0000#1626598292885991#-34.5#3.816544200259475#9
0000 0038 2000 0000 0000 0000#1626598292887056#-37.0#2.1230294104337273#9
0000 002D 2000 0000 0000 0000#1626598292889352#-60.0#2.9206994201342606#9
0000 0031 2000 0000 0000 0000#1626598293160389#-40.5#4.344233591292136#9
0000 0037 2000 0000 0000 0000#1626598293161682#-41.5#1.9389517158874505#9
FFFF FFFF FFFF FFFF FFFF FFFF#1626598293162761#-68.5#0.39269908169872414#9
0000 003A 2000 0000 0000 0000#1626598293164260#-29.0#2.890019804376548#9
0000 0038 2000 0000 0000 0000#1626598293165327#-40.0#2.429825568010856#9
0000 0033 2000 0000 0000 0000#1626598293167854#-40.0#4.95168998329485#9
0000 002E 2000 0000 0000 0000#1626598293168879#-56.5#2.5402721847386216#9
0000 0035 2000 0000 0000 0000#1626598293170185#-44.5#0.7669903939428205#9
0000 0030 2000 0000 0000 0000#1626598293172543#-52.0#4.246058820867455#9
0000 0039 2000 0000 0000 0000#1626598293175391#-35.5#2.675262494072558#9
0000 003B 2000 0000 0000 0000#1626598293176487#-34.5#4.2092432819582#9
0000 002F 2000 0000 0000 0000#1626598293177781#-55.5#3.650874275167826#9
0000 002D 2000 0000 0000 0000#1626598293179116#-58.5#1.705786636128833#9
0000 0032 2000 0000 0000 0000#1626598293180549#-39.5#4.466952054322987#9
0000 0034 2000 0000 0000 0000#1626598293184284#-43.5#5.982525072754001#9
0000 0036 2000 0000 0000 0000#1626598293185319#-44.5#1.030835089459151#9
0C21 0537 8123 1003 2202 062F#1626598293186802#-68.5#1.5462526341887264#9
0000 0038 2000 0000 0000 0000#1626598293191018#-40.5#2.3746022596469727#9
0000 0034 2000 0000 0000 0000#1626598293192351#-43.0#5.896622148632405#9
0000 0039 2000 0000 0000 0000#1626598293193420#-36.0#2.6384469551633027#9
0000 003A 2000 0000 0000 0000#1626598293194709#-29.0#2.834796496012665#9
0000 0031 2000 0000 0000 0000#1626598293195776#-41.5#4.239922897715912#9
0000 0030 2000 0000 0000 0000#1626598293197131#-53.0#4.111068511533518#9
0000 0032 2000 0000 0000 0000#1626598293198191#-39.5#4.411728745959104#9
0000 0033 2000 0000 0000 0000#1626598293199541#-39.0#4.798291904506286#9
0000 002F 2000 0000 0000 0000#1626598293200603#-55.5#3.5158839658338894#9
0000 0036 2000 0000 0000 0000#1626598293202831#-45.0#0.9081166264282996#9
0000 003B 2000 0000 0000 0000#1626598293204415#-34.5#4.178563666200486#9
0000 0037 2000 0000 0000 0000#1626598293206961#-42.5#1.7671458676442586#9
0000 0035 2000 0000 0000 0000#1626598293209392#-44.5#0.47860200582032003#9
FFFF FFFF FFFF FFFF FFFF FFFF#1626598293211068#-69.0#0.35588354278946877#9
0C21 0537 8123 1003 2202 062F#1626598293212796#-68.0#1.5278448647340985#9
0000 002D 2000 0000 0000 0000#1626598293213834#-57.0#1.3192234775816514#9
0000 002E 2000 0000 0000 0000#1626598293214916#-56.0#2.043262409463674#9
0000 002F 2000 0000 0000 0000#1626598293480608#-58.5#0.9756117810952678#9
0000 0030 2000 0000 0000 0000#1626598293484161#-58.0#1.9757672547967058#9
0000 0035 2000 0000 0000 0000#1626598293485268#-39.0#4.638757902566179#9
FFFF FFFF FFFF FFFF FFFF FFFF#1626598293486391#-68.5#0.21475731030398976#9
0000 0037 2000 0000 0000 0000#1626598293487439#-45.5#6.062292073724054#9
0000 003A 2000 0000 0000 0000#1626598293488488#-33.0#2.061670178918302#9
0000 0039 2000 0000 0000 0000#1626598293490740#-42.5#1.6137477888556946#9
0000 0031 2000 0000 0000 0000#1626598293492201#-53.5#3.018874190558942#9
0000 0032 2000 0000 0000 0000#1626598293493502#-52.0#3.5895150436524004#9
0000 0034 2000 0000 0000 0000#1626598293495078#-38.5#4.166291819897402#9
0000 0038 2000 0000 0000 0000#1626598293496157#-46.5#0.760854470791278#9
0000 0033 2000 0000 0000 0000#1626598293497660#-45.0#3.9944859716542096#9
0000 002E 2000 0000 0000 0000#1626598293499457#-55.0#4.9394181369917645#9
0000 003B 2000 0000 0000 0000#1626598293500766#-37.5#3.448388811166921#9
0000 0036 2000 0000 0000 0000#1626598293512851#-40.5#4.442408361716817#9
0000 002D 2000 0000 0000 0000#1626598293515483#-54.5#3.5772431973493153#9
0000 0038 2000 0000 0000 0000#1626598293521297#-47.0#0.2086213871524472#9
0000 0035 2000 0000 0000 0000#1626598293522330#-39.5#4.086524818927348#9
0000 0036 2000 0000 0000 0000#1626598293523366#-40.5#4.3933209765044765#9
0000 003B 2000 0000 0000 0000#1626598293524615#-38.5#3.0250101137104846#9
0000 0034 2000 0000 0000 0000#1626598293525894#-40.0#3.7122335066832517#9
0000 0031 2000 0000 0000 0000#1626598293527955#-54.0#2.411417798556228#9
0000 002D 2000 0000 0000 0000#1626598293529976#-54.5#3.466796580621549#9
0000 0039 2000 0000 0000 0000#1626598293531996#-43.5#1.0615147052168636#9
0000 0032 2000 0000 0000 0000#1626598293533398#-52.0#2.945243112740431#9
0000 003A 2000 0000 0000 0000#1626598293534940#-35.0#1.5892040962495242#9
0000 0030 2000 0000 0000 0000#1626598293536512#-59.0#1.1351457830353744#9
0000 002E 2000 0000 0000 0000#1626598293538762#-55.5#4.264466590322082#9
0000 002F 2000 0000 0000 0000#1626598293540197#-59.5#6.240233845118788#9
0000 0037 2000 0000 0000 0000#1626598293541246#-45.0#5.313709449235861#9
0000 0033 2000 0000 0000 0000#1626598293542376#-46.0#3.509748042682347#9
FFFF FFFF FFFF FFFF FFFF FFFF#1626598293545435#-68.0#5.688000761479957#9
0000 0035 2000 0000 0000 0000#1626598293809128#-45.5#3.693825737228624#9
0000 0034 2000 0000 0000 0000#1626598293811820#-50.0#3.2888548092268146#9
0000 0032 2000 0000 0000 0000#1626598293812882#-54.0#1.1719613219446299#9
0000 0033 2000 0000 0000 0000#1626598293814407#-53.0#2.3071071049800045#9
0000 002F 2000 0000 0000 0000#1626598293815414#-55.0#4.374913207049849#9
0000 0038 2000 0000 0000 0000#1626598293816466#-43.5#4.988505522204105#9
0000 0039 2000 0000 0000 0000#1626598293817810#-44.5#5.608233760509904#9
0000 0036 2000 0000 0000 0000#1626598293819102#-44.5#3.890175278077986#9
0000 0037 2000 0000 0000 0000#1626598293820153#-42.5#4.448544284868359#9
0000 002D 2000 0000 0000 0000#1626598293822733#-57.5#1.6444274046134073#9
0000 002E 2000 0000 0000 0000#1626598293824297#-57.0#2.705942109830271#9
FFFF FFFF FFFF FFFF FFFF FFFF#1626598293825326#-68.0#5.994796919057086#9
0000 003A 2000 0000 0000 0000#1626598293826313#-41.5#0.42337869745643697#9
0000 0030 2000 0000 0000 0000#1626598293827357#-56.5#4.933282213840222#9
0000 003B 2000 0000 0000 0000#1626598293828394#-43.5#2.5586799541932495#9
0000 0031 2000 0000 0000 0000#1626598293833127#-54.0#0.12885438618239387#9
0000 0038 2000 0000 0000 0000#1626598293838621#-43.0#4.914874444385594#9
0000 0037 2000 0000 0000 0000#1626598293840497#-43.0#4.387185053352934#9
0000 0031 2000 0000 0000 0000#1626598293842632#-54.5#6.252505691421874#9
0000 003B 2000 0000 0000 0000#1626598293843713#-44.0#2.4911847995262812#9
0000 003A 2000 0000 0000 0000#1626598293844775#-41.5#0.28838838812250056#9
0000 0032 2000 0000 0000 0000#1626598293845919#-53.0#0.9387962421860124#9
0000 002D 2000 0000 0000 0000#1626598293847045#-58.0#1.423534171157875#9
0000 0039 2000 0000 0000 0000#1626598293848396#-44.5#5.43029198911517#9
0000 0036 2000 0000 0000 0000#1626598293849447#-45.5#3.865631585471816#9
0000 002F 2000 0000 0000 0000#1626598293850655#-55.0#4.172427743048944#9
0000 0035 2000 0000 0000 0000#1626598293851717#-47.0#3.6447383520162835#9
0000 0034 2000 0000 0000 0000#1626598293853469#-51.5#3.067961575771282#9
0000 0033 2000 0000 0000 0000#1626598293854474#-52.5#2.0371264863121317#9
0000 0030 2000 0000 0000 0000#1626598293855673#-57.0#4.755340442445488#9
0000 002E 2000 0000 0000 0000#1626598293856866#-58.0#2.448233337465483#9
FFFF FFFF FFFF FFFF FFFF FFFF#1626598293858047#-67.5#5.835262917116979#9
0000 0034 2000 0000 0000 0000#1626598294122652#-54.5#0.6565437772150544#9
0000 0037 2000 0000 0000 0000#1626598294123706#-52.0#3.356349963893783#9
0000 003B 2000 0000 0000 0000#1626598294124759#-48.5#0.2699806186678728#9
0000 0031 2000 0000 0000 0000#1626598294126820#-55.0#3.5956509668039427#9
0000 0032 2000 0000 0000 0000#1626598294128338#-55.5#4.25833066717054#9
0000 0036 2000 0000 0000 0000#1626598294130114#-53.5#2.227340104009951#9
0000 0030 2000 0000 0000 0000#1626598294131155#-61.0#2.411417798556228#9
0000 0039 2000 0000 0000 0000#1626598294132237#-44.5#4.0987966652304335#9
0000 002D 2000 0000 0000 0000#1626598294133306#-59.0#4.706253057233147#9
0000 003A 2000 0000 0000 0000#1626598294135094#-39.5#4.338097668140593#9
0000 0033 2000 0000 0000 0000#1626598294136169#-56.0#5.2768939103266055#9
0000 0038 2000 0000 0000 0000#1626598294137189#-49.0#3.859495662320273#9
0000 0035 2000 0000 0000 0000#1626598294138780#-52.5#1.6996507129772904#9
FFFF FFFF FFFF FFFF FFFF FFFF#1626598294141096#-68.0#5.258486140871978#9
0000 002F 2000 0000 0000 0000#1626598294142370#-60.0#1.2333205534600555#9
0000 002E 2000 0000 0000 0000#1626598294146290#-60.0#5.332117218690489#9
0000 003A 2000 0000 0000 0000#1626598294150980#-39.5#4.289010282928253#9
0000 0035 2000 0000 0000 0000#1626598294152781#-53.0#1.607611865704152#9
0000 0030 2000 0000 0000 0000#1626598294153828#-61.5#2.1905245651006955#9
0000 0031 2000 0000 0000 0000#1626598294155574#-55.5#3.3379421944391554#9
0000 003B 2000 0000 0000 0000#1626598294156626#-48.5#0.03681553890925539#9
0000 002F 2000 0000 0000 0000#1626598294157690#-60.0#1.086058397823034#9
0000 0032 2000 0000 0000 0000#1626598294159119#-55.0#4.0558452031696355#9
0000 0037 2000 0000 0000 0000#1626598294160439#-53.5#3.2090878082567613#9
FFFF FFFF FFFF FFFF FFFF FFFF#1626598294161729#-66.5#5.098952138931871#9
0000 0033 2000 0000 0000 0000#1626598294163313#-54.0#5.074408446325701#9
0000 0039 2000 0000 0000 0000#1626598294164629#-45.0#4.025165587411922#9
0000 0036 2000 0000 0000 0000#1626598294165707#-53.5#2.018718716857504#9
0000 002E 2000 0000 0000 0000#1626598294169336#-60.0#5.141903600992669#9
0000 0034 2000 0000 0000 0000#1626598294170343#-55.0#0.14726215563702155#9
0000 002D 2000 0000 0000 0000#1626598294173248#-58.5#4.448544284868359#9
0000 0038 2000 0000 0000 0000#1626598294174655#-49.5#3.730641276137879#9
0000 0036 2000 0000 0000 0000#1626598294438761#-54.5#0.6749515466696822#9
0000 0037 2000 0000 0000 0000#1626598294440053#-53.5#2.012582793705961#9
0000 002D 2000 0000 0000 0000#1626598294441091#-57.5#4.01902966426038#9
0000 002E 2000 0000 0000 0000#1626598294442430#-58.0#4.399456899656019#9
0000 0001 0000 0000 0000 0000#1626598294445396#-65.0#0.1718058482431918#9
0000 003A 2000 0000 0000 0000#1626598294447999#-41.0#4.123340357836604#9
0000 0031 2000 0000 0000 0000#1626598294449336#-55.5#1.7855536370988863#9
0000 0034 2000 0000 0000 0000#1626598294450638#-52.5#4.798291904506286#9
0000 003B 2000 0000 0000 0000#1626598294451747#-46.5#5.841398840268521#9
0000 0038 2000 0000 0000 0000#1626598294452799#-51.5#3.0250101137104846#9
0000 002F 2000 0000 0000 0000#1626598294454163#-57.5#5.6143696836614465#9
FFFF FFFF FFFF FFFF FFFF FFFF#1626598294456207#-67.5#0.39269908169872414#9
0000 0032 2000 0000 0000 0000#1626598294459033#-56.0#2.497320722677824#9
0000 0035 2000 0000 0000 0000#1626598294460351#-53.0#6.007068765360171#9
0000 0039 2000 0000 0000 0000#1626598294461418#-48.5#3.5772431973493153#9
0000 0033 2000 0000 0000 0000#1626598294463387#-54.0#3.5895150436524004#9
0000 0030 2000 0000 0000 0000#1626598294465900#-60.0#6.160466844148735#9
0000 0034 2000 0000 0000 0000#1626598294469772#-53.0#4.681709364626977#9
0000 0036 2000 0000 0000 0000#1626598294470834#-54.0#0.37429131224409645#9
0000 003A 2000 0000 0000 0000#1626598294471851#-42.0#4.031301510563465#9
0000 0031 2000 0000 0000 0000#1626598294473175#-56.5#1.552388557340269#9
0000 0038 2000 0000 0000 0000#1626598294474494#-51.5#2.8716120349219203#9
0000 0037 2000 0000 0000 0000#1626598294476282#-54.0#1.7916895602504288#9
0000 003B 2000 0000 0000 0000#1626598294477576#-46.5#5.743224069843841#9
0000 002D 2000 0000 0000 0000#1626598294478830#-58.0#3.9147189706841563#9
0000 0032 2000 0000 0000 0000#1626598294479876#-56.0#2.386874105950058#9
0000 0035 2000 0000 0000 0000#1626598294480938#-53.0#5.859806609723149#9
0000 002F 2000 0000 0000 0000#1626598294482228#-57.0#5.4671075280244255#9
0000 0039 2000 0000 0000 0000#1626598294484548#-48.5#3.436116964863836#9
FFFF FFFF FFFF FFFF FFFF FFFF#1626598294485612#-67.5#0.21475731030398976#9
0000 0033 2000 0000 0000 0000#1626598294486873#-54.5#3.423845118560751#9
0000 0030 2000 0000 0000 0000#1626598294489756#-60.0#5.988660995905543#9
0000 002E 2000 0000 0000 0000#1626598294491481#-58.0#4.252194744018997#9
0000 0001 0000 0000 0000 0000#1626598294492926#-65.5#0.12885438618239387#9
0000 0034 2000 0000 0000 0000#1626598294759633#-54.5#1.6751070203711202#9
0000 0035 2000 0000 0000 0000#1626598294762041#-55.5#3.1906800388021335#9
0000 003B 2000 0000 0000 0000#1626598294763356#-50.5#4.135612204139688#9
0000 0039 2000 0000 0000 0000#1626598294766450#-53.0#1.2026409377023426#9
0000 003A 2000 0000 0000 0000#1626598294768021#-46.5#2.030990563160589#9
FFFF FFFF FFFF FFFF FFFF FFFF#1626598294769334#-67.5#5.356660911296659#9
0000 0033 2000 0000 0000 0000#1626598294770392#-56.5#0.42337869745643697#9
0000 0037 2000 0000 0000 0000#1626598294771409#-55.5#5.178719139901925#9
0000 0036 2000 0000 0000 0000#1626598294773550#-56.5#3.8963112012295285#9
0000 002E 2000 0000 0000 0000#1626598294774594#-62.5#3.3195344249845276#9
0000 0031 2000 0000 0000 0000#1626598294775646#-56.0#5.031456984264903#9
0000 002D 2000 0000 0000 0000#1626598294776885#-62.0#2.8777479580734626#9
0000 0038 2000 0000 0000 0000#1626598294778209#-55.5#0.18407769454627693#9
0000 0032 2000 0000 0000 0000#1626598294779583#-56.0#5.6143696836614465#9
0000 002F 2000 0000 0000 0000#1626598294781587#-61.5#3.7122335066832517#9
0000 002F 2000 0000 0000 0000#1626598294789268#-61.5#3.730641276137879#9
0000 0036 2000 0000 0000 0000#1626598294790561#-56.5#3.77972866135022#9
0000 0031 2000 0000 0000 0000#1626598294791828#-56.5#4.95168998329485#9
0000 0032 2000 0000 0000 0000#1626598294792928#-56.0#5.583690067903734#9
0000 003A 2000 0000 0000 0000#1626598294794430#-47.0#1.945087639038993#9
0000 0033 2000 0000 0000 0000#1626598294797172#-57.0#0.25770877236478773#9
0000 0035 2000 0000 0000 0000#1626598294799237#-55.5#2.9575149590435164#9
0000 0037 2000 0000 0000 0000#1626598294800785#-55.5#5.105088062083414#9
0000 003B 2000 0000 0000 0000#1626598294802860#-51.0#4.049709280018092#9
FFFF FFFF FFFF FFFF FFFF FFFF#1626598294804027#-67.5#5.71868037723767#9
0000 002D 2000 0000 0000 0000#1626598294805304#-62.0#2.834796496012665#9
0000 0034 2000 0000 0000 0000#1626598294807305#-54.5#1.3560390164909069#9
0000 002E 2000 0000 0000 0000#1626598294808379#-62.5#3.356349963893783#9
0000 0038 2000 0000 0000 0000#1626598294810481#-56.0#0.0859029241215959#9
0000 0039 2000 0000 0000 0000#1626598294811743#-54.0#1.012427320004523#9
0000 0037 2000 0000 0000 0000#1626598295078673#-56.0#5.0682725231741586#9
FFFF FFFF FFFF FFFF FFFF FFFF#1626598295079739#-67.5#5.829126993965437#9
0000 002D 2000 0000 0000 0000#1626598295080820#-63.0#2.9513790358919736#9
0000 0032 2000 0000 0000 0000#1626598295082110#-58.0#5.608233760509904#9
0000 0031 2000 0000 0000 0000#1626598295083205#-58.0#5.019185137961818#9
0000 0035 2000 0000 0000 0000#1626598295084522#-56.0#2.7857091108003242#9
0000 0034 2000 0000 0000 0000#1626598295087756#-54.5#1.2455923997631406#9
0000 0039 2000 0000 0000 0000#1626598295088867#-54.0#1.0492428589137786#9
0000 003A 2000 0000 0000 0000#1626598295090464#-48.0#1.932815792735908#9
0000 003B 2000 0000 0000 0000#1626598295091502#-51.5#4.135612204139688#9
0000 002F 2000 0000 0000 0000#1626598295093038#-62.5#3.834951969714103#9
0000 0033 2000 0000 0000 0000#1626598295094311#-57.0#0.2086213871524472#9
0000 0036 2000 0000 0000 0000#1626598295097552#-56.5#3.6324665057131984#9
0000 0038 2000 0000 0000 0000#1626598295098846#-56.5#0.07363107781851078#9
0000 002E 2000 0000 0000 0000#1626598295099946#-62.5#3.3072625786814425#9
0000 0033 2000 0000 0000 0000#1626598295105909#-57.0#0.2454369260617026#9
0000 002E 2000 0000 0000 0000#1626598295107448#-63.0#3.3502140407422405#9
0000 002F 2000 0000 0000 0000#1626598295108756#-62.5#3.7981364308048478#9
0000 0034 2000 0000 0000 0000#1626598295110316#-54.5#1.2517283229146832#9
0000 003A 2000 0000 0000 0000#1626598295111835#-48.0#1.9266798695843652#9
0000 002D 2000 0000 0000 0000#1626598295112904#-63.0#2.9268353432858034#9
0000 0039 2000 0000 0000 0000#1626598295114452#-54.0#1.030835089459151#9
0000 0036 2000 0000 0000 0000#1626598295115489#-57.0#3.5833791205008576#9
0000 0038 2000 0000 0000 0000#1626598295117052#-56.0#0.09817477042468103#9
0000 0035 2000 0000 0000 0000#1626598295118881#-56.5#2.773437264497239#9
0000 0037 2000 0000 0000 0000#1626598295119930#-56.5#5.074408446325701#9
0000 003B 2000 0000 0000 0000#1626598295121720#-52.0#4.111068511533518#9
0000 0032 2000 0000 0000 0000#1626598295122767#-58.0#5.66959299202533#9
0000 0031 2000 0000 0000 0000#1626598295124047#-58.0#5.0682725231741586#9
FFFF FFFF FFFF FFFF FFFF FFFF#1626598295125970#-68.5#5.964117303299373#9
0000 0037 2000 0000 0000 0000#1626598295398892#-56.5#4.638757902566179#9
0000 0036 2000 0000 0000 0000#1626598295400009#-57.0#3.2029518851052186#9
0000 002E 2000 0000 0000 0000#1626598295402515#-63.5#2.9697868053466014#9
0000 0039 2000 0000 0000 0000#1626598295403837#-54.5#0.5276893910326605#9
0000 003A 2000 0000 0000 0000#1626598295406123#-49.0#1.4296700943094176#9
0000 002D 2000 0000 0000 0000#1626598295407449#-63.0#2.5157284921324514#9
0000 0034 2000 0000 0000 0000#1626598295410841#-55.0#0.8958447801252144#9
0000 0031 2000 0000 0000 0000#1626598295411907#-59.0#4.657165672020807#9
0000 003B 2000 0000 0000 0000#1626598295412958#-52.5#3.6017868899554855#9
0000 0038 2000 0000 0000 0000#1626598295414770#-55.5#5.841398840268521#9
0000 002F 2000 0000 0000 0000#1626598295416304#-63.0#3.423845118560751#9
0000 0035 2000 0000 0000 0000#1626598295418348#-56.0#2.36846633649543#9
0000 0032 2000 0000 0000 0000#1626598295420280#-58.0#5.2339424482658075#9
0000 0033 2000 0000 0000 0000#1626598295421713#-57.0#6.111379458936394#9
FFFF FFFF FFFF FFFF FFFF FFFF#1626598295422973#-68.0#5.258486140871978#9
0000 0037 2000 0000 0000 0000#1626598295427120#-56.5#4.632621979414636#9
0000 002E 2000 0000 0000 0000#1626598295429787#-63.5#2.8961557275280905#9
0000 0034 2000 0000 0000 0000#1626598295431060#-55.5#0.8467573949128739#9
0000 0038 2000 0000 0000 0000#1626598295432378#-55.5#5.822991070813893#9
0000 0039 2000 0000 0000 0000#1626598295433688#-54.5#0.5154175447295755#9
0000 003A 2000 0000 0000 0000#1626598295434950#-48.5#1.423534171157875#9
0000 0031 2000 0000 0000 0000#1626598295436046#-58.5#4.706253057233147#9
0000 002F 2000 0000 0000 0000#1626598295437340#-63.0#3.448388811166921#9
0000 0035 2000 0000 0000 0000#1626598295438386#-56.5#2.3623304133438876#9
FFFF FFFF FFFF FFFF FFFF FFFF#1626598295440012#-67.0#5.1725832167503825#9
0000 003B 2000 0000 0000 0000#1626598295441535#-52.0#3.5895150436524004#9
0000 0032 2000 0000 0000 0000#1626598295442919#-57.0#5.252350217720435#9
0000 0036 2000 0000 0000 0000#1626598295443988#-57.5#3.117048960983623#9
0000 0033 2000 0000 0000 0000#1626598295445103#-55.5#6.105243535784852#9
0000 002D 2000 0000 0000 0000#1626598295447128#-63.0#2.4911847995262812#9
0000 003A 2000 0000 0000 0000#1626598295710112#-47.5#2.1598449493429825#9
0000 003B 2000 0000 0000 0000#1626598295711265#-51.0#4.313553975534423#9
0000 0037 2000 0000 0000 0000#1626598295712578#-55.5#5.411884219660542#9
0000 0034 2000 0000 0000 0000#1626598295713682#-55.0#1.6321555583103222#9
0000 0036 2000 0000 0000 0000#1626598295714772#-56.0#4.01902966426038#9
0000 0035 2000 0000 0000 0000#1626598295716042#-55.5#3.215223731408304#9
0000 0032 2000 0000 0000 0000#1626598295718983#-58.0#5.884350302329319#9
0000 0033 2000 0000 0000 0000#1626598295720285#-56.5#0.5645049299419159#9
FFFF FFFF FFFF FFFF FFFF FFFF#1626598295723460#-67.5#0.25770877236478773#9
0000 0039 2000 0000 0000 0000#1626598295725976#-53.0#1.2578642460662257#9
0000 0031 2000 0000 0000 0000#1626598295728383#-58.0#5.301437602932776#9
0000 002D 2000 0000 0000 0000#1626598295730062#-63.0#3.3011266555298997#9
0000 0038 2000 0000 0000 0000#1626598295731113#-55.0#0.30679615757712825#9
0000 002F 2000 0000 0000 0000#1626598295732448#-61.5#4.190835512503572#9
0000 002E 2000 0000 0000 0000#1626598295744013#-62.5#3.6815538909255388#9
FFFF FFFF FFFF FFFF FFFF FFFF#1626598295749341#-67.5#6.160466844148735#9
0000 003B 2000 0000 0000 0000#1626598295750633#-51.5#4.184699589352029#9
0000 0032 2000 0000 0000 0000#1626598295752228#-58.5#5.730952223540755#9
0000 0037 2000 0000 0000 0000#1626598295753276#-55.5#5.1725832167503825#9
0000 0038 2000 0000 0000 0000#1626598295754354#-55.5#0.11044661672776616#9
0000 0036 2000 0000 0000 0000#1626598295755446#-56.0#3.859495662320273#9
0000 003A 2000 0000 0000 0000#1626598295756979#-47.5#1.9819031779482483#9
0000 0035 2000 0000 0000 0000#1626598295758291#-56.0#3.11091303783208#9
0000 002F 2000 0000 0000 0000#1626598295759968#-63.0#4.0558452031696355#9
0000 002D 2000 0000 0000 0000#1626598295762837#-63.5#3.08636934522591#9
0000 0039 2000 0000 0000 0000#1626598295764360#-53.5#1.0676506283684062#9
0000 0034 2000 0000 0000 0000#1626598295765393#-55.0#1.4603497100671303#9
0000 0031 2000 0000 0000 0000#1626598295766717#-58.5#5.141903600992669#9
0000 002E 2000 0000 0000 0000#1626598295768386#-63.0#3.6079228131070282#9
0000 0033 2000 0000 0000 0000#1626598295769474#-56.5#0.36815538909255385#9
0000 0034 2000 0000 0000 0000#1626598296032945#-54.5#1.1167380135807468#9
0000 0036 2000 0000 0000 0000#1626598296034496#-56.0#3.485204350076177#9
0000 003B 2000 0000 0000 0000#1626598296035838#-52.0#3.8410878928656453#9
0000 0037 2000 0000 0000 0000#1626598296039063#-56.0#4.853515212870168#9
0000 003A 2000 0000 0000 0000#1626598296040628#-48.0#1.6751070203711202#9
