0000 0030 2000 0000 0000 0000#1626598185768255#-42.0#3.9269908169872414#9
0000 0039 2000 0000 0000 0000#1626598185769294#-42.0#6.050020227420969#9
0000 0037 2000 0000 0000 0000#1626598185770629#-44.5#1.380582709097077#9
FFFF FFFF FFFF FFFF FFFF FFFF#1626598185771994#-69.0#4.798291904506286#9
0000 002F 2000 0000 0000 0000#1626598185774958#-43.0#4.037437433715008#9
0000 0034 2000 0000 0000 0000#1626598185776020#-40.5#2.6261751088602177#9
0000 0036 2000 0000 0000 0000#1626598185777042#-42.0#1.9819031779482483#9
0000 003B 2000 0000 0000 0000#1626598185778122#-40.0#4.706253057233147#9
0000 0038 2000 0000 0000 0000#1626598185779176#-44.5#0.9326603190344698#9
0000 0032 2000 0000 0000 0000#1626598185780846#-38.5#3.313398501832985#9
0000 003A 2000 0000 0000 0000#1626598185781925#-34.5#4.749204519293945#9
0000 002D 2000 0000 0000 0000#1626598185784480#-46.0#4.473087977474529#9
0000 002E 2000 0000 0000 0000#1626598185785509#-43.0#4.313553975534423#9
0000 0035 2000 0000 0000 0000#1626598185786585#-41.0#2.1782527187976104#9
0000 0033 2000 0000 0000 0000#1626598185793818#-40.0#3.104777114680538#9
0000 0031 2000 0000 0000 0000#1626598185794900#-40.0#3.497476196379262#9
0000 002F 2000 0000 0000 0000#1626598185799754#-42.5#4.09266074207889#9
0000 0032 2000 0000 0000 0000#1626598185801158#-39.5#3.3624858870453256#9
0000 003B 2000 0000 0000 0000#1626598185802213#-40.0#4.822835597112456#9
0000 002E 2000 0000 0000 0000#1626598185803255#-43.0#4.319689898685965#9
0000 0039 2000 0000 0000 0000#1626598185805057#-42.0#6.234097921967246#9
0000 0033 2000 0000 0000 0000#1626598185806132#-40.5#3.104777114680538#9
0000 0034 2000 0000 0000 0000#1626598185807137#-40.5#2.6875343403756435#9
0000 003A 2000 0000 0000 0000#1626598185809125#-34.0#4.865787059173254#9
0000 002D 2000 0000 0000 0000#1626598185810236#-46.5#4.491495746929157#9
0000 0030 2000 0000 0000 0000#1626598185811406#-42.0#3.9699422790480394#9
0000 0036 2000 0000 0000 0000#1626598185812456#-41.5#2.073942025221387#9
0000 0031 2000 0000 0000 0000#1626598185813550#-40.0#3.5158839658338894#9
0000 0035 2000 0000 0000 0000#1626598185814597#-41.0#2.2396119503130363#9
0000 0037 2000 0000 0000 0000#1626598185818226#-44.5#1.533980787885641#9
0000 0038 2000 0000 0000 0000#1626598185819548#-44.0#1.086058397823034#9
0000 0034 2000 0000 0000 0000#1626598186087792#-38.5#3.442252888015379#9
0000 0038 2000 0000 0000 0000#1626598186089118#-40.5#2.000310947402876#9
0000 003A 2000 0000 0000 0000#1626598186091487#-32.5#6.2034183062095325#9
0000 0030 2000 0000 0000 0000#1626598186093205#-40.0#4.595806440505381#9
0000 002F 2000 0000 0000 0000#1626598186094268#-41.5#4.681709364626977#9
0000 002D 2000 0000 0000 0000#1626598186095304#-45.5#4.97623367590102#9
0000 0037 2000 0000 0000 0000#1626598186096824#-41.0#2.356194490192345#9
0000 0031 2000 0000 0000 0000#1626598186098145#-38.0#4.196971435655114#9
0000 0033 2000 0000 0000 0000#1626598186100647#-38.5#3.847223816017188#9
0000 0036 2000 0000 0000 0000#1626598186101685#-39.0#2.8286605728611223#9
0000 002E 2000 0000 0000 0000#1626598186103243#-42.5#4.859651136021712#9
FFFF FFFF FFFF FFFF FFFF FFFF#1626598186104592#-68.5#5.283029833478148#9
0000 0032 2000 0000 0000 0000#1626598186106075#-38.0#4.06811704947272#9
0000 0035 2000 0000 0000 0000#1626598186108405#-38.5#3.018874190558942#9
0000 003B 2000 0000 0000 0000#1626598186110150#-39.5#6.240233845118788#9
0000 0039 2000 0000 0000 0000#1626598186111603#-38.0#1.2333205534600555#9
0000 0036 2000 0000 0000 0000#1626598186118151#-39.0#2.8532042654672924#9
FFFF FFFF FFFF FFFF FFFF FFFF#1626598186120141#-68.5#5.160311370447297#9
0000 0034 2000 0000 0000 0000#1626598186121460#-38.0#3.4913402732277192#9
0000 0038 2000 0000 0000 0000#1626598186122526#-40.0#2.067806102069844#9
0000 002D 2000 0000 0000 0000#1626598186123806#-45.5#5.00077736850719#9
0000 0037 2000 0000 0000 0000#1626598186126665#-40.5#2.3930100291016#9
0000 0031 2000 0000 0000 0000#1626598186128088#-38.0#4.239922897715912#9
0000 003A 2000 0000 0000 0000#1626598186129137#-32.0#0.04908738521234052#9
0000 0035 2000 0000 0000 0000#1626598186130743#-38.5#3.06182565261974#9
0000 0039 2000 0000 0000 0000#1626598186131781#-38.0#1.2946797849754812#9
0000 003B 2000 0000 0000 0000#1626598186132806#-39.0#0.02454369260617026#9
0000 002F 2000 0000 0000 0000#1626598186135310#-41.5#4.718524903536232#9
0000 0033 2000 0000 0000 0000#1626598186136657#-38.5#3.9269908169872414#9
0000 0030 2000 0000 0000 0000#1626598186137714#-40.5#4.6448938257177215#9
0000 002E 2000 0000 0000 0000#1626598186138812#-42.5#4.902602598082509#9
0000 0032 2000 0000 0000 0000#1626598186140087#-38.0#4.129476280988146#9
0000 0037 2000 0000 0000 0000#1626598186407963#-37.5#3.56497135104623#9
0000 0032 2000 0000 0000 0000#1626598186409325#-36.0#5.117359908386499#9
0000 003B 2000 0000 0000 0000#1626598186410622#-36.0#1.662835174068035#9
0000 003A 2000 0000 0000 0000#1626598186411683#-29.0#1.6444274046134073#9
0000 0030 2000 0000 0000 0000#1626598186412939#-39.5#5.522330836388308#9
0000 002D 2000 0000 0000 0000#1626598186414022#-45.0#5.737088146692298#9
0000 0035 2000 0000 0000 0000#1626598186415583#-36.0#4.154019973594316#9
0000 0038 2000 0000 0000 0000#1626598186416703#-37.0#3.3011266555298997#9
0000 0036 2000 0000 0000 0000#1626598186418531#-36.5#4.037437433715008#9
0000 0039 2000 0000 0000 0000#1626598186420307#-34.5#2.6200391857086753#9
0000 0033 2000 0000 0000 0000#1626598186423295#-36.0#4.95168998329485#9
FFFF FFFF FFFF FFFF FFFF FFFF#1626598186424387#-68.5#6.111379458936394#9
0000 002F 2000 0000 0000 0000#1626598186425948#-40.5#5.583690067903734#9
0000 0034 2000 0000 0000 0000#1626598186428121#-36.5#4.620350133111551#9
0000 002E 2000 0000 0000 0000#1626598186429547#-41.5#5.712544454086128#9
0000 0031 2000 0000 0000 0000#1626598186431482#-37.0#5.227806525114265#9
0000 0036 2000 0000 0000 0000#1626598186436428#-36.5#4.061981126321178#9
0000 0030 2000 0000 0000 0000#1626598186437487#-39.5#5.540738605842936#9
0000 003B 2000 0000 0000 0000#1626598186438527#-35.5#1.7732817907958012#9
0000 0039 2000 0000 0000 0000#1626598186439564#-34.0#2.6813984172241008#9
0000 0032 2000 0000 0000 0000#1626598186442565#-36.0#5.148039524144211#9
0000 0034 2000 0000 0000 0000#1626598186445695#-36.5#4.657165672020807#9
0000 002F 2000 0000 0000 0000#1626598186448087#-40.5#5.608233760509904#9
0000 003A 2000 0000 0000 0000#1626598186449979#-28.5#1.7671458676442586#9
0000 0038 2000 0000 0000 0000#1626598186451028#-36.5#3.3624858870453256#9
0000 0037 2000 0000 0000 0000#1626598186452608#-37.0#3.6386024288647407#9
0000 0035 2000 0000 0000 0000#1626598186454546#-35.5#4.2092432819582#9
0000 0033 2000 0000 0000 0000#1626598186455608#-36.0#4.994641445355648#9
0000 0031 2000 0000 0000 0000#1626598186457309#-37.0#5.258486140871978#9
0000 002E 2000 0000 0000 0000#1626598186458350#-41.5#5.712544454086128#9
0000 002D 2000 0000 0000 0000#1626598186459559#-45.0#5.786175531904639#9
FFFF FFFF FFFF FFFF FFFF FFFF#1626598186460766#-68.5#6.092971689481767#9
0000 002F 2000 0000 0000 0000#1626598186726207#-41.0#5.399612373357457#9
FFFF FFFF FFFF FFFF FFFF FFFF#1626598186727516#-68.0#5.424156065963627#9
0000 003B 2000 0000 0000 0000#1626598186729010#-34.0#2.356194490192345#9
0000 0039 2000 0000 0000 0000#1626598186730319#-32.5#2.9206994201342606#9
0000 003A 2000 0000 0000 0000#1626598186731380#-26.5#2.1905245651006955#9
0000 0034 2000 0000 0000 0000#1626598186732525#-35.5#4.669437518323892#9
0000 0031 2000 0000 0000 0000#1626598186733563#-37.0#5.1725832167503825#9
0000 002E 2000 0000 0000 0000#1626598186735072#-42.5#5.399612373357457#9
0000 0032 2000 0000 0000 0000#1626598186736135#-36.5#5.117359908386499#9
0000 0036 2000 0000 0000 0000#1626598186737714#-35.5#4.1172044346850605#9
0000 0033 2000 0000 0000 0000#1626598186738801#-36.5#5.00077736850719#9
0000 002D 2000 0000 0000 0000#1626598186740123#-46.0#5.381204603902829#9
0000 0037 2000 0000 0000 0000#1626598186741176#-36.0#3.693825737228624#9
0000 0035 2000 0000 0000 0000#1626598186743922#-35.5#4.246058820867455#9
0000 0030 2000 0000 0000 0000#1626598186747430#-40.0#5.387340527054372#9
0000 0038 2000 0000 0000 0000#1626598186749837#-34.5#3.497476196379262#9
0000 0037 2000 0000 0000 0000#1626598186756947#-35.5#3.724505352986337#9
0000 0035 2000 0000 0000 0000#1626598186759454#-35.0#4.252194744018997#9
0000 002E 2000 0000 0000 0000#1626598186760539#-43.0#5.387340527054372#9
0000 003A 2000 0000 0000 0000#1626598186761629#-27.0#2.270291566070749#9
0000 003B 2000 0000 0000 0000#1626598186762682#-33.5#2.448233337465483#9
0000 0039 2000 0000 0000 0000#1626598186764029#-32.5#3.000466421104314#9
0000 002D 2000 0000 0000 0000#1626598186765126#-46.5#5.381204603902829#9
0000 0034 2000 0000 0000 0000#1626598186767205#-36.5#4.6878452877785195#9
0000 0031 2000 0000 0000 0000#1626598186768558#-37.5#5.190990986205009#9
0000 0038 2000 0000 0000 0000#1626598186770379#-34.5#3.5281558121369745#9
0000 0030 2000 0000 0000 0000#1626598186771463#-39.5#5.405748296509#9
FFFF FFFF FFFF FFFF FFFF FFFF#1626598186773455#-68.5#5.313709449235861#9
0000 0036 2000 0000 0000 0000#1626598186774543#-36.0#4.1601558967458585#9
0000 0033 2000 0000 0000 0000#1626598186776799#-35.0#5.031456984264903#9
0000 002F 2000 0000 0000 0000#1626598186777994#-41.0#5.381204603902829#9
0000 0032 2000 0000 0000 0000#1626598186779355#-36.5#5.148039524144211#9
0000 0030 2000 0000 0000 0000#1626598187043026#-41.0#5.031456984264903#9
0000 0039 2000 0000 0000 0000#1626598187044067#-32.0#3.147728576741336#9
0000 003A 2000 0000 0000 0000#1626598187045183#-26.0#2.521864415283994#9
0000 002D 2000 0000 0000 0000#1626598187046309#-48.5#4.798291904506286#9
0000 0031 2000 0000 0000 0000#1626598187047630#-38.5#4.908738521234052#9
0000 0036 2000 0000 0000 0000#1626598187049676#-36.5#4.086524818927348#9
0000 0038 2000 0000 0000 0000#1626598187051013#-34.5#3.5895150436524004#9
0000 0032 2000 0000 0000 0000#1626598187052347#-38.0#4.896466674930966#9
FFFF FFFF FFFF FFFF FFFF FFFF#1626598187053398#-68.5#4.779884135051658#9
0000 003B 2000 0000 0000 0000#1626598187054691#-32.5#2.859340188618835#9
0000 002F 2000 0000 0000 0000#1626598187056225#-42.5#4.988505522204105#9
0000 0037 2000 0000 0000 0000#1626598187057789#-36.0#3.749049045592507#9
0000 0033 2000 0000 0000 0000#1626598187059591#-37.5#4.847379289718626#9
0000 0034 2000 0000 0000 0000#1626598187063815#-37.0#4.558990901596125#9
0000 0035 2000 0000 0000 0000#1626598187065008#-36.0#4.196971435655114#9
0000 002E 2000 0000 0000 0000#1626598187067203#-44.5#4.859651136021712#9
0000 0031 2000 0000 0000 0000#1626598187071080#-39.0#4.902602598082509#9
0000 0035 2000 0000 0000 0000#1626598187072358#-36.0#4.2031073588066565#9
0000 002E 2000 0000 0000 0000#1626598187074794#-44.5#4.847379289718626#9
0000 003B 2000 0000 0000 0000#1626598187076090#-32.5#2.9145634969827183#9
0000 0036 2000 0000 0000 0000#1626598187077412#-36.5#4.111068511533518#9
0000 002F 2000 0000 0000 0000#1626598187078458#-42.5#4.963961829597935#9
0000 0037 2000 0000 0000 0000#1626598187079555#-36.0#3.767456815047135#9
0000 003A 2000 0000 0000 0000#1626598187081060#-26.0#2.5954954931025047#9
0000 002D 2000 0000 0000 0000#1626598187082413#-48.5#4.743068596142402#9
0000 0038 2000 0000 0000 0000#1626598187083495#-34.5#3.6324665057131984#9
FFFF FFFF FFFF FFFF FFFF FFFF#1626598187085160#-69.5#4.792155981354743#9
0000 0032 2000 0000 0000 0000#1626598187086234#-38.0#4.896466674930966#9
0000 0033 2000 0000 0000 0000#1626598187087810#-38.0#4.847379289718626#9
0000 0030 2000 0000 0000 0000#1626598187088851#-41.0#5.006913291658733#9
0000 0039 2000 0000 0000 0000#1626598187089948#-32.0#3.215223731408304#9
0000 0034 2000 0000 0000 0000#1626598187091012#-37.5#4.583534594202296#9
0000 0035 2000 0000 0000 0000#1626598187355683#-36.0#4.448544284868359#9
0000 0033 2000 0000 0000 0000#1626598187356759#-38.5#4.9394181369917645#9
0000 002F 2000 0000 0000 0000#1626598187357833#-44.5#4.828971520263998#9
0000 002E 2000 0000 0000 0000#1626598187359134#-46.5#4.638757902566179#9
0000 0037 2000 0000 0000 0000#1626598187360439#-35.5#4.184699589352029#9
0000 003A 2000 0000 0000 0000#1626598187362214#-26.0#3.2827188860752723#9
0000 0030 2000 0000 0000 0000#1626598187364495#-43.0#4.908738521234052#9
0000 002D 2000 0000 0000 0000#1626598187366312#-50.5#4.430136515413731#9
FFFF FFFF FFFF FFFF FFFF FFFF#1626598187367366#-68.5#5.313709449235861#9
0000 0031 2000 0000 0000 0000#1626598187368665#-40.5#4.871922982324796#9
0000 0032 2000 0000 0000 0000#1626598187370522#-39.0#4.890330751779424#9
0000 0034 2000 0000 0000 0000#1626598187371587#-38.0#4.693981210930062#9
0000 0038 2000 0000 0000 0000#1626598187372895#-34.0#4.147884050442774#9
0000 0036 2000 0000 0000 0000#1626598187376587#-36.0#4.399456899656019#9
0000 0039 2000 0000 0000 0000#1626598187379177#-32.0#3.816544200259475#9
0000 003B 2000 0000 0000 0000#1626598187380255#-32.5#3.77972866135022#9
0000 0038 2000 0000 0000 0000#1626598187383910#-34.0#4.154019973594316#9
0000 0032 2000 0000 0000 0000#1626598187386340#-39.5#4.884194828627882#9
0000 0037 2000 0000 0000 0000#1626598187388633#-35.5#4.190835512503572#9
0000 002E 2000 0000 0000 0000#1626598187389700#-47.0#4.589670517353839#9
0000 003A 2000 0000 0000 0000#1626598187391335#-26.0#3.3195344249845276#9
0000 0033 2000 0000 0000 0000#1626598187392616#-39.0#4.902602598082509#9
0000 003B 2000 0000 0000 0000#1626598187393641#-32.5#3.810408277107933#9
0000 0035 2000 0000 0000 0000#1626598187395103#-36.0#4.442408361716817#9
0000 002F 2000 0000 0000 0000#1626598187396636#-44.5#4.7860200582032#9
FFFF FFFF FFFF FFFF FFFF FFFF#1626598187397728#-68.0#5.074408446325701#9
0000 0031 2000 0000 0000 0000#1626598187398808#-40.5#4.841243366567084#9
0000 0030 2000 0000 0000 0000#1626598187400887#-43.0#4.865787059173254#9
0000 0039 2000 0000 0000 0000#1626598187402185#-32.0#3.834951969714103#9
0000 0034 2000 0000 0000 0000#1626598187403867#-38.0#4.6878452877785195#9
0000 0036 2000 0000 0000 0000#1626598187406286#-36.0#4.411728745959104#9
0000 002D 2000 0000 0000 0000#1626598187407997#-50.5#4.344233591292136#9
0000 0037 2000 0000 0000 0000#1626598187673359#-35.0#4.767612288748572#9
0000 0036 2000 0000 0000 0000#1626598187675724#-36.0#4.847379289718626#9
0000 002E 2000 0000 0000 0000#1626598187676792#-48.5#4.491495746929157#9
0000 0033 2000 0000 0000 0000#1626598187677868#-39.5#5.080544369477243#9
0000 002F 2000 0000 0000 0000#1626598187679144#-47.0#4.755340442445488#9
0000 0039 2000 0000 0000 0000#1626598187680424#-31.0#4.626486056263094#9
0000 0038 2000 0000 0000 0000#1626598187683185#-33.5#4.81056375080937#9
0000 003A 2000 0000 0000 0000#1626598187684263#-25.5#4.28287435977671#9
FFFF FFFF FFFF FFFF FFFF FFFF#1626598187685564#-69.0#6.215690152512618#9
0000 0032 2000 0000 0000 0000#1626598187686623#-41.0#4.9823695990525625#9
0000 0031 2000 0000 0000 0000#1626598187687772#-42.5#4.902602598082509#9
0000 002D 2000 0000 0000 0000#1626598187689326#-52.5#4.23378697456437#9
0000 0030 2000 0000 0000 0000#1626598187690439#-45.5#4.878058905476339#9
0000 0034 2000 0000 0000 0000#1626598187691530#-37.5#4.963961829597935#9
0000 003B 2000 0000 0000 0000#1626598187692608#-32.0#4.822835597112456#9
0000 0035 2000 0000 0000 0000#1626598187694574#-35.5#4.816699673960914#9
0000 002F 2000 0000 0000 0000#1626598187698929#-47.0#4.706253057233147#9
0000 0033 2000 0000 0000 0000#1626598187701329#-40.0#5.056000676871073#9
0000 002E 2000 0000 0000 0000#1626598187702384#-49.0#4.424000592262189#9
0000 0036 2000 0000 0000 0000#1626598187704178#-36.0#4.816699673960914#9
0000 0031 2000 0000 0000 0000#1626598187705247#-42.5#4.847379289718626#9
0000 003A 2000 0000 0000 0000#1626598187706565#-25.5#4.289010282928253#9
0000 0037 2000 0000 0000 0000#1626598187708412#-35.0#4.749204519293945#9
FFFF FFFF FFFF FFFF FFFF FFFF#1626598187711166#-69.0#6.086835766330224#9
0000 003B 2000 0000 0000 0000#1626598187712342#-32.0#4.847379289718626#9
0000 0034 2000 0000 0000 0000#1626598187713420#-37.5#4.92714629068868#9
0000 0039 2000 0000 0000 0000#1626598187714548#-31.0#4.632621979414636#9
0000 002D 2000 0000 0000 0000#1626598187716568#-53.5#4.154019973594316#9
0000 0035 2000 0000 0000 0000#1626598187717873#-36.0#4.792155981354743#9
0000 0038 2000 0000 0000 0000#1626598187719225#-33.5#4.816699673960914#9
0000 0030 2000 0000 0000 0000#1626598187720534#-45.5#4.804427827657828#9
0000 0032 2000 0000 0000 0000#1626598187723763#-41.5#4.902602598082509#9
0000 003A 2000 0000 0000 0000#1626598187992524#-25.5#4.000621894805752#9
0000 0038 2000 0000 0000 0000#1626598187994088#-33.0#4.252194744018997#9
0000 0031 2000 0000 0000 0000#1626598187995620#-45.0#3.7551849687440497#9
0000 002F 2000 0000 0000 0000#1626598187997184#-50.0#3.485204350076177#9
0000 0039 2000 0000 0000 0000#1626598187998251#-30.5#4.184699589352029#9
0000 0037 2000 0000 0000 0000#1626598187999600#-34.5#4.1172044346850605#9
0000 0035 2000 0000 0000 0000#1626598188000706#-36.5#3.988350048502667#9
0000 0036 2000 0000 0000 0000#1626598188002042#-36.0#4.0558452031696355#9
0000 003B 2000 0000 0000 0000#1626598188004019#-32.0#4.693981210930062#9
0000 0033 2000 0000 0000 0000#1626598188005593#-42.0#4.049709280018092#9
FFFF FFFF FFFF FFFF FFFF FFFF#1626598188007170#-68.5#5.663457068873787#9
0000 0032 2000 0000 0000 0000#1626598188008257#-44.0#3.8533597391687304#9
0000 002E 2000 0000 0000 0000#1626598188009597#-53.0#3.1231848841351653#9
0000 002D 2000 0000 0000 0000#1626598188011474#-56.5#2.791845033951867#9
0000 0034 2000 0000 0000 0000#1626598188014730#-39.5#4.025165587411922#9
0000 0030 2000 0000 0000 0000#1626598188015787#-48.5#3.6447383520162835#9
0000 0031 2000 0000 0000 0000#1626598188019932#-45.0#3.693825737228624#9
0000 0039 2000 0000 0000 0000#1626598188021201#-30.5#4.190835512503572#9
0000 0038 2000 0000 0000 0000#1626598188023291#-33.0#4.23378697456437#9
0000 003B 2000 0000 0000 0000#1626598188032153#-31.0#4.896466674930966#9
0000 0032 2000 0000 0000 0000#1626598188033500#-43.5#3.988350048502667#9
0000 0033 2000 0000 0000 0000#1626598188034760#-42.0#4.154019973594316#9
0000 002F 2000 0000 0000 0000#1626598188036852#-50.5#3.5465635815916023#9
0000 0037 2000 0000 0000 0000#1626598188038928#-34.5#4.264466590322082#9
0000 003A 2000 0000 0000 0000#1626598188041114#-25.0#4.2031073588066565#9
0000 002D 2000 0000 0000 0000#1626598188042194#-57.0#2.8409324191642074#9
0000 0030 2000 0000 0000 0000#1626598188046157#-49.0#3.730641276137879#9
0000 0036 2000 0000 0000 0000#1626598188050765#-36.0#4.1601558967458585#9
0000 0035 2000 0000 0000 0000#1626598188051844#-36.5#4.09266074207889#9
0000 002E 2000 0000 0000 0000#1626598188052896#-53.5#3.1231848841351653#9
0000 0034 2000 0000 0000 0000#1626598188054400#-37.5#4.135612204139688#9
0000 0034 2000 0000 0000 0000#1626598188317835#-40.5#2.890019804376548#9
0000 0037 2000 0000 0000 0000#1626598188319939#-35.5#3.2459033471660166#9
0000 002E 2000 0000 0000 0000#1626598188321194#-56.0#1.282407938672396#9
0000 003B 2000 0000 0000 0000#1626598188322731#-31.0#4.356505437595221#9
0000 0036 2000 0000 0000 0000#1626598188323825#-37.5#3.0372819600135696#9
0000 003A 2000 0000 0000 0000#1626598188324875#-25.0#3.472932503773092#9
0000 0032 2000 0000 0000 0000#1626598188326242#-45.0#2.454369260617026#9
0000 0035 2000 0000 0000 0000#1626598188327536#-37.5#2.8961557275280905#9
0000 0039 2000 0000 0000 0000#1626598188328861#-30.5#3.5036121195308043#9
0000 0031 2000 0000 0000 0000#1626598188329912#-48.5#2.2396119503130363#9
0000 0038 2000 0000 0000 0000#1626598188331861#-33.5#3.448388811166921#9
0000 0033 2000 0000 0000 0000#1626598188333580#-44.5#2.693670263527186#9
0000 002D 2000 0000 0000 0000#1626598188334677#-61.0#0.6320000846088841#9
0000 002F 2000 0000 0000 0000#1626598188335666#-54.0#1.748738098189631#9
0000 0030 2000 0000 0000 0000#1626598188337106#-52.0#2.030990563160589#9
0000 0037 2000 0000 0000 0000#1626598188340560#-35.5#3.227495577711389#9
0000 0033 2000 0000 0000 0000#1626598188341959#-43.5#2.6691265709210157#9
0000 0030 2000 0000 0000 0000#1626598188343013#-52.0#1.9880391010997909#9
0000 002D 2000 0000 0000 0000#1626598188345517#-60.5#0.5338253141842031#9
0000 0031 2000 0000 0000 0000#1626598188346793#-48.5#2.1537090261914402#9
0000 0036 2000 0000 0000 0000#1626598188348083#-37.5#2.9636508821950587#9
0000 002E 2000 0000 0000 0000#1626598188349382#-56.0#1.0676506283684062#9
0000 0032 2000 0000 0000 0000#1626598188350414#-47.0#2.3439226438892597#9
0000 003A 2000 0000 0000 0000#1626598188351506#-25.0#3.454524734318464#9
0000 003B 2000 0000 0000 0000#1626598188352829#-31.0#4.356505437595221#9
0000 0034 2000 0000 0000 0000#1626598188354119#-41.0#2.767301341345697#9
0000 0035 2000 0000 0000 0000#1626598188355413#-37.5#2.82252464970958#9
0000 0039 2000 0000 0000 0000#1626598188356494#-30.5#3.479068426924634#9
0000 0038 2000 0000 0000 0000#1626598188359724#-33.5#3.411573272257666#9
0000 002F 2000 0000 0000 0000#1626598188363622#-54.5#1.5892040962495242#9
0000 0037 2000 0000 0000 0000#1626598188628905#-36.5#2.779573187648782#9
0000 0031 2000 0000 0000 0000#1626598188638173#-50.0#1.7241944055834606#9
0000 0038 2000 0000 0000 0000#1626598188639238#-34.5#3.9392626632903265#9
0000 0032 2000 0000 0000 0000#1626598188641297#-48.0#2.030990563160589#9
0000 0030 2000 0000 0000 0000#1626598188642819#-53.0#1.1290098598838318#9
0000 002E 2000 0000 0000 0000#1626598188644627#-46.5#5.890486225480862#9
0000 0034 2000 0000 0000 0000#1626598188646660#-42.0#2.8409324191642074#9
0000 002F 2000 0000 0000 0000#1626598188648661#-54.0#0.9081166264282996#9
0000 0035 2000 0000 0000 0000#1626598188649968#-39.0#3.000466421104314#9
0000 003A 2000 0000 0000 0000#1626598188651014#-25.5#4.196971435655114#9
0000 0039 2000 0000 0000 0000#1626598188653307#-31.5#4.0558452031696355#9
0000 0036 2000 0000 0000 0000#1626598188654371#-38.5#3.1906800388021335#9
0000 003B 2000 0000 0000 0000#1626598188655454#-30.5#5.166447293598839#9
0000 002D 2000 0000 0000 0000#1626598188657118#-45.5#5.577554144752192#9
0000 0033 2000 0000 0000 0000#1626598188660361#-46.5#2.4175537217077703#9
0000 002E 2000 0000 0000 0000#1626598188664741#-46.0#5.749359992995383#9
0000 0035 2000 0000 0000 0000#1626598188666060#-39.0#2.9636508821950587#9
0000 0030 2000 0000 0000 0000#1626598188667102#-52.5#0.9387962421860124#9
0000 0033 2000 0000 0000 0000#1626598188668846#-46.5#2.399145952253143#9
0000 0034 2000 0000 0000 0000#1626598188670408#-42.0#2.7550294950426117#9
0000 003B 2000 0000 0000 0000#1626598188671487#-30.5#5.154175447295755#9
0000 0036 2000 0000 0000 0000#1626598188672550#-39.0#3.153864499892878#9
0000 0038 2000 0000 0000 0000#1626598188673854#-34.5#3.8410878928656453#9
0000 002D 2000 0000 0000 0000#1626598188676843#-46.0#5.50392306693368#9
0000 0039 2000 0000 0000 0000#1626598188678366#-31.5#4.006757817957295#9
0000 0037 2000 0000 0000 0000#1626598188679673#-36.5#3.4913402732277192#9
0000 003A 2000 0000 0000 0000#1626598188680919#-25.5#4.1601558967458585#9
0000 0031 2000 0000 0000 0000#1626598188682324#-50.5#1.4971652489763858#9
0000 002F 2000 0000 0000 0000#1626598188685584#-53.0#0.5338253141842031#9
0000 0032 2000 0000 0000 0000#1626598188686671#-48.5#1.7978254834019713#9
FFFF FFFF FFFF FFFF FFFF FFFF#1626598188688732#-69.5#0.5951845456996288#9
0000 002F 2000 0000 0000 0000#1626598188959682#-43.5#4.565126824747668#9
0000 0037 2000 0000 0000 0000#1626598188961017#-39.0#2.454369260617026#9
0000 002D 2000 0000 0000 0000#1626598188962085#-59.5#4.129476280988146#9
0000 0038 2000 0000 0000 0000#1626598188963349#-37.0#2.834796496012665#9
0000 003A 2000 0000 0000 0000#1626598188964626#-27.5#3.3440781175906977#9
0000 0031 2000 0000 0000 0000#1626598188965691#-46.0#5.3627968344482015#9
0000 0035 2000 0000 0000 0000#1626598188966967#-41.5#1.748738098189631#9
0000 0033 2000 0000 0000 0000#1626598188968214#-48.5#0.5767767762450011#9
0000 0039 2000 0000 0000 0000#1626598188969767#-34.0#3.08636934522591#9
0000 0032 2000 0000 0000 0000#1626598188970814#-48.0#5.970253226450915#9
0000 003B 2000 0000 0000 0000#1626598188972864#-32.5#4.583534594202296#9
0000 0034 2000 0000 0000 0000#1626598188975094#-45.0#1.325359400733194#9
0000 0036 2000 0000 0000 0000#1626598188976616#-41.0#1.945087639038993#9
0000 002E 2000 0000 0000 0000#1626598188978382#-52.0#4.460816131171445#9
0000 0030 2000 0000 0000 0000#1626598188981419#-42.5#4.632621979414636#9
FFFF FFFF FFFF FFFF FFFF FFFF#1626598188982497#-68.5#0.21475731030398976#9
0000 0030 2000 0000 0000 0000#1626598188988874#-42.5#4.620350133111551#9
0000 002F 2000 0000 0000 0000#1626598188991513#-44.0#4.473087977474529#9
0000 0036 2000 0000 0000 0000#1626598188992620#-41.0#1.8775924843720249#9
0000 003A 2000 0000 0000 0000#1626598188993792#-26.5#3.2459033471660166#9
0000 0033 2000 0000 0000 0000#1626598188994856#-48.5#0.3988350048502667#9
0000 003B 2000 0000 0000 0000#1626598188995923#-33.0#4.522175362686871#9
0000 0039 2000 0000 0000 0000#1626598188997847#-34.0#2.9759227284981438#9
0000 0032 2000 0000 0000 0000#1626598188998869#-47.0#5.706408530934585#9
0000 0034 2000 0000 0000 0000#1626598189000950#-45.0#1.184233168247715#9
0000 0038 2000 0000 0000 0000#1626598189002472#-37.0#2.7120780329818137#9
0000 002E 2000 0000 0000 0000#1626598189003540#-54.0#4.4362724385652745#9
0000 0037 2000 0000 0000 0000#1626598189004748#-39.5#2.350058567040802#9
FFFF FFFF FFFF FFFF FFFF FFFF#1626598189005784#-68.0#0.35588354278946877#9
0000 0031 2000 0000 0000 0000#1626598189006861#-43.5#5.037592907416445#9
0000 0035 2000 0000 0000 0000#1626598189008421#-42.5#1.576932249946439#9
0000 002D 2000 0000 0000 0000#1626598189009534#-62.0#3.485204350076177#9
0000 003B 2000 0000 0000 0000#1626598189284258#-36.0#3.724505352986337#9
0000 0039 2000 0000 0000 0000#1626598189285313#-37.5#2.000310947402876#9
FFFF FFFF FFFF FFFF FFFF FFFF#1626598189286335#-67.0#5.915029918087033#9
0000 002D 2000 0000 0000 0000#1626598189288586#-68.5#0.7301748550335652#9
0000 0031 2000 0000 0000 0000#1626598189289591#-44.0#3.816544200259475#9
0000 003A 2000 0000 0000 0000#1626598189291823#-31.0#2.2334760271614935#9
0000 0033 2000 0000 0000 0000#1626598189293341#-40.0#4.338097668140593#9
0000 0034 2000 0000 0000 0000#1626598189295630#-43.0#5.240078371417351#9
0000 0038 2000 0000 0000 0000#1626598189296906#-42.0#1.662835174068035#9
0000 0036 2000 0000 0000 0000#1626598189299611#-45.5#0.19634954084936207#9
0000 002E 2000 0000 0000 0000#1626598189301012#-64.0#2.098485717827557#9
0000 002F 2000 0000 0000 0000#1626598189302891#-59.5#3.0066023442558567#9
0000 0032 2000 0000 0000 0000#1626598189304443#-42.0#3.933126740138784#9
0000 0035 2000 0000 0000 0000#1626598189305662#-45.0#6.050020227420969#9
0000 0037 2000 0000 0000 0000#1626598189306712#-44.0#1.030835089459151#9
0000 0030 2000 0000 0000 0000#1626598189307909#-56.5#3.6324665057131984#9
0000 002F 2000 0000 0000 0000#1626598189311740#-59.5#2.9268353432858034#9
0000 003A 2000 0000 0000 0000#1626598189313873#-31.0#2.172116795646068#9
0000 0031 2000 0000 0000 0000#1626598189314924#-45.0#3.7429131224409646#9
0000 0030 2000 0000 0000 0000#1626598189315995#-57.5#3.54042765844006#9
0000 0039 2000 0000 0000 0000#1626598189318322#-38.0#1.8960002538266525#9
0000 0033 2000 0000 0000 0000#1626598189319896#-39.5#4.227651051412827#9
0000 0032 2000 0000 0000 0000#1626598189320928#-42.5#3.9147189706841563#9
0000 0034 2000 0000 0000 0000#1626598189321976#-42.5#5.013049214810275#9
0000 003B 2000 0000 0000 0000#1626598189322988#-36.5#3.6079228131070282#9
0000 002E 2000 0000 0000 0000#1626598189324057#-65.0#1.41126232485479#9
0000 0037 2000 0000 0000 0000#1626598189325151#-44.0#0.9265243958829272#9
0000 002D 2000 0000 0000 0000#1626598189326206#-65.5#5.829126993965437#9
0000 0038 2000 0000 0000 0000#1626598189329429#-42.5#1.521708941582556#9
0000 0035 2000 0000 0000 0000#1626598189331075#-44.5#5.878214379177777#9
0000 0036 2000 0000 0000 0000#1626598189332153#-46.0#6.258641614573416#9
FFFF FFFF FFFF FFFF FFFF FFFF#1626598189333347#-68.0#6.000932842208628#9
0000 0032 2000 0000 0000 0000#1626598189597548#-56.0#2.6445828783148455#9
0000 002F 2000 0000 0000 0000#1626598189598598#-69.5#5.6143696836614465#9
0000 0035 2000 0000 0000 0000#1626598189599915#-40.5#3.6447383520162835#9
0000 0036 2000 0000 0000 0000#1626598189601406#-42.0#3.9576704327449543#9
0000 0039 2000 0000 0000 0000#1626598189602488#-44.0#0.2945243112740431#9
0000 0038 2000 0000 0000 0000#1626598189603539#-46.5#5.773903685601553#9
0000 003B 2000 0000 0000 0000#1626598189604864#-40.0#2.36846633649543#9
0000 0031 2000 0000 0000 0000#1626598189605973#-58.0#1.9573594853420782#9
0000 0030 2000 0000 0000 0000#1626598189607326#-66.5#1.227184630308513#9
0000 002D 2000 0000 0000 0000#1626598189608836#-59.5#1.6198837120072371#9
0000 0033 2000 0000 0000 0000#1626598189609883#-50.5#3.2090878082567613#9
0000 0034 2000 0000 0000 0000#1626598189611642#-42.5#3.32567034813607#9
FFFF FFFF FFFF FFFF FFFF FFFF#1626598189613205#-68.0#4.8351074434155406#9
0000 0037 2000 0000 0000 0000#1626598189614580#-45.5#4.8351074434155406#9
0000 003A 2000 0000 0000 0000#1626598189616069#-37.0#0.803805932852076#9
0000 002E 2000 0000 0000 0000#1626598189619319#-62.5#2.3071071049800045#9
0000 0032 2000 0000 0000 0000#1626598189624982#-56.5#2.5157284921324514#9
0000 0037 2000 0000 0000 0000#1626598189626063#-45.0#4.76147636559703#9
0000 002E 2000 0000 0000 0000#1626598189627357#-62.5#2.2027964114037806#9
0000 002D 2000 0000 0000 0000#1626598189628426#-59.0#1.4910293258248433#9
0000 0035 2000 0000 0000 0000#1626598189629489#-40.5#3.5588354278946874#9
0000 0036 2000 0000 0000 0000#1626598189630769#-41.5#3.816544200259475#9
0000 003B 2000 0000 0000 0000#1626598189632294#-40.0#2.3193789512830896#9
0000 0039 2000 0000 0000 0000#1626598189633403#-45.0#0.11044661672776616#9
0000 0033 2000 0000 0000 0000#1626598189634543#-50.5#3.2029518851052186#9
0000 0038 2000 0000 0000 0000#1626598189636608#-46.5#5.553010452146021#9
0000 0034 2000 0000 0000 0000#1626598189637655#-43.5#3.3072625786814425#9
0000 0031 2000 0000 0000 0000#1626598189638738#-58.5#1.7303303287350031#9
0000 003A 2000 0000 0000 0000#1626598189641812#-37.5#0.7179030087304801#9
0000 0030 2000 0000 0000 0000#1626598189642839#-68.0#0.9203884727313847#9
FFFF FFFF FFFF FFFF FFFF FFFF#1626598189643875#-68.5#5.031456984264903#9
0000 002F 2000 0000 0000 0000#1626598189648754#-68.5#4.81056375080937#9
0000 0037 2000 0000 0000 0000#1626598189916497#-44.0#4.693981210930062#9
0000 002D 2000 0000 0000 0000#1626598189918391#-58.0#1.0737865515199487#9
0000 0036 2000 0000 0000 0000#1626598189919412#-46.0#4.184699589352029#9
0000 003B 2000 0000 0000 0000#1626598189920708#-44.0#2.435961491162398#9
0000 0038 2000 0000 0000 0000#1626598189922196#-43.0#5.129631754689584#9
0000 0039 2000 0000 0000 0000#1626598189923235#-43.5#5.595961914206819#9
0000 002E 2000 0000 0000 0000#1626598189924280#-59.0#1.9573594853420782#9
0000 0035 2000 0000 0000 0000#1626598189925325#-49.5#3.988350048502667#9
0000 0034 2000 0000 0000 0000#1626598189926375#-53.5#3.472932503773092#9
0000 003A 2000 0000 0000 0000#1626598189927437#-40.5#0.16566992509164924#9
FFFF FFFF FFFF FFFF FFFF FFFF#1626598189928504#-67.0#0.36815538909255385#9
0000 0030 2000 0000 0000 0000#1626598189929560#-62.0#4.669437518323892#9
0000 0033 2000 0000 0000 0000#1626598189931676#-57.5#2.3746022596469727#9
0000 0031 2000 0000 0000 0000#1626598189933112#-58.5#6.031612457966341#9
0000 0032 2000 0000 0000 0000#1626598189936886#-60.0#0.7915340865489908#9
0000 002F 2000 0000 0000 0000#1626598189937920#-60.0#3.693825737228624#9
0000 0037 2000 0000 0000 0000#1626598189941482#-44.5#4.657165672020807#9
0000 0039 2000 0000 0000 0000#1626598189942620#-43.5#5.497787143782138#9
0000 003B 2000 0000 0000 0000#1626598189943717#-45.0#2.356194490192345#9
0000 003A 2000 0000 0000 0000#1626598189945038#-41.0#0.030679615757712823#9
0000 0034 2000 0000 0000 0000#1626598189949638#-54.0#3.2643111166206444#9
0000 0035 2000 0000 0000 0000#1626598189950699#-50.5#3.8963112012295285#9
0000 0038 2000 0000 0000 0000#1626598189952755#-43.0#5.049864753719531#9
0000 002D 2000 0000 0000 0000#1626598189953835#-59.5#0.803805932852076#9
0000 0036 2000 0000 0000 0000#1626598189954899#-48.0#4.086524818927348#9
FFFF FFFF FFFF FFFF FFFF FFFF#1626598189956206#-67.0#0.3190680038802134#9
0000 002E 2000 0000 0000 0000#1626598189957317#-59.0#1.7978254834019713#9
0000 0030 2000 0000 0000 0000#1626598189958404#-62.5#4.528311285838413#9
0000 0033 2000 0000 0000 0000#1626598189959922#-58.5#2.116893487282185#9
0000 0032 2000 0000 0000 0000#1626598189962477#-59.0#0.44178646691106466#9
0000 002F 2000 0000 0000 0000#1626598189963497#-60.0#3.552699504743145#9
0000 0031 2000 0000 0000 0000#1626598189964576#-58.0#5.706408530934585#9
0000 002E 2000 0000 0000 0000#1626598190227907#-59.5#5.743224069843841#9
0000 0031 2000 0000 0000 0000#1626598190229184#-59.5#3.2704470397721868#9
0000 002D 2000 0000 0000 0000#1626598190230452#-58.5#5.344389064993574#9
0000 0030 2000 0000 0000 0000#1626598190232032#-65.0#1.902136176978195#9
0000 002F 2000 0000 0000 0000#1626598190233850#-60.0#1.0185632431560658#9
FFFF FFFF FFFF FFFF FFFF FFFF#1626598190235705#-67.5#0.0859029241215959#9
0000 0036 2000 0000 0000 0000#1626598190236993#-57.5#2.705942109830271#9
0000 0032 2000 0000 0000 0000#1626598190238127#-60.0#4.000621894805752#9
0000 0037 2000 0000 0000 0000#1626598190239446#-55.0#3.8963112012295285#9
0000 0038 2000 0000 0000 0000#1626598190240553#-49.5#4.374913207049849#9
0000 003B 2000 0000 0000 0000#1626598190241890#-46.5#0.2270291566070749#9
0000 003A 2000 0000 0000 0000#1626598190243467#-39.5#4.651029748869264#9
0000 0034 2000 0000 0000 0000#1626598190244786#-59.5#0.3436116964863836#9
0000 0039 2000 0000 0000 0000#1626598190246051#-45.0#4.491495746929157#9
0000 0033 2000 0000 0000 0000#1626598190249998#-61.5#5.227806525114265#9
0000 0035 2000 0000 0000 0000#1626598190251299#-57.5#1.8162332528565992#9
0000 0033 2000 0000 0000 0000#1626598190256782#-61.5#5.086680292628786#9
0000 0030 2000 0000 0000 0000#1626598190257968#-64.5#1.6321555583103222#9
0000 003B 2000 0000 0000 0000#1626598190259047#-46.5#0.14112623248547898#9
0000 0037 2000 0000 0000 0000#1626598190260096#-55.5#3.761320891895592#9
0000 0001 0000 0000 0000 0000#1626598190261213#-64.5#5.976389149602458#9
0000 0039 2000 0000 0000 0000#1626598190262249#-45.5#4.460816131171445#9
0000 0034 2000 0000 0000 0000#1626598190264011#-59.5#0.14112623248547898#9
0000 003A 2000 0000 0000 0000#1626598190265357#-39.0#4.571262747899211#9
0000 0038 2000 0000 0000 0000#1626598190267154#-50.5#4.295146206079795#9
0000 0035 2000 0000 0000 0000#1626598190268203#-58.0#1.6873788666742053#9
0000 002D 2000 0000 0000 0000#1626598190269371#-59.0#5.148039524144211#9
0000 002F 2000 0000 0000 0000#1626598190270661#-59.5#0.803805932852076#9
FFFF FFFF FFFF FFFF FFFF FFFF#1626598190271954#-68.0#0.07363107781851078#9
0000 002E 2000 0000 0000 0000#1626598190272982#-59.5#5.516194913236766#9
0000 0031 2000 0000 0000 0000#1626598190282616#-59.5#2.380738182798515#9
0000 0032 2000 0000 0000 0000#1626598190283695#-61.5#3.160000423044421#9
0000 0036 2000 0000 0000 0000#1626598190285924#-58.0#1.9573594853420782#9
0000 0036 2000 0000 0000 0000#1626598190550159#-58.5#5.921165841238575#9
0000 002E 2000 0000 0000 0000#1626598190552297#-61.5#4.706253057233147#9
0000 002D 2000 0000 0000 0000#1626598190553381#-64.0#4.3074180523828804#9
0000 0031 2000 0000 0000 0000#1626598190554645#-55.5#0.3374757733348411#9
0000 003B 2000 0000 0000 0000#1626598190555967#-46.5#5.227806525114265#9
0000 003A 2000 0000 0000 0000#1626598190558543#-43.5#3.5588354278946874#9
0000 0038 2000 0000 0000 0000#1626598190559608#-56.0#2.4175537217077703#9
0000 0037 2000 0000 0000 0000#1626598190560713#-58.5#1.1290098598838318#9
0000 002F 2000 0000 0000 0000#1626598190562296#-56.5#5.270757987175063#9
0000 0035 2000 0000 0000 0000#1626598190563928#-57.0#4.933282213840222#9
0000 0039 2000 0000 0000 0000#1626598190565257#-52.5#3.06182565261974#9
0000 0033 2000 0000 0000 0000#1626598190567004#-59.0#2.141437179888355#9
0000 0032 2000 0000 0000 0000#1626598190568667#-58.0#0.9510680884890975#9
0000 0030 2000 0000 0000 0000#1626598190570125#-58.5#5.66959299202533#9
0000 0034 2000 0000 0000 0000#1626598190571200#-57.5#3.4913402732277192#9
FFFF FFFF FFFF FFFF FFFF FFFF#1626598190572420#-68.5#6.043884304269426#9
0000 0035 2000 0000 0000 0000#1626598190575921#-57.5#4.865787059173254#9
0000 003B 2000 0000 0000 0000#1626598190577213#-47.0#5.178719139901925#9
0000 0034 2000 0000 0000 0000#1626598190578303#-57.5#3.436116964863836#9
0000 003A 2000 0000 0000 0000#1626598190580363#-44.0#3.485204350076177#9
0000 0036 2000 0000 0000 0000#1626598190581925#-58.5#5.663457068873787#9
0000 0037 2000 0000 0000 0000#1626598190583240#-59.0#0.9387962421860124#9
0000 0033 2000 0000 0000 0000#1626598190584319#-58.5#1.9880391010997909#9
0000 0032 2000 0000 0000 0000#1626598190587474#-57.5#0.8283496254582462#9
0000 002E 2000 0000 0000 0000#1626598190589290#-62.5#4.583534594202296#9
0000 0038 2000 0000 0000 0000#1626598190591078#-56.5#2.2089323345553233#9
FFFF FFFF FFFF FFFF FFFF FFFF#1626598190592187#-69.0#6.007068765360171#9
0000 0030 2000 0000 0000 0000#1626598190593229#-59.0#5.4671075280244255#9
0000 002F 2000 0000 0000 0000#1626598190597403#-57.0#5.129631754689584#9
0000 0039 2000 0000 0000 0000#1626598190601048#-53.0#2.8286605728611223#9
0000 0031 2000 0000 0000 0000#1626598190602100#-55.5#6.270913460876501#9
0000 0038 2000 0000 0000 0000#1626598190865228#-63.5#5.5100589900852235#9
0000 0035 2000 0000 0000 0000#1626598190866273#-59.0#1.4848934026733007#9
0000 0032 2000 0000 0000 0000#1626598190868379#-59.0#5.338253141842031#9
0000 0031 2000 0000 0000 0000#1626598190870456#-60.0#5.056000676871073#9
0000 0039 2000 0000 0000 0000#1626598190872248#-62.0#0.6320000846088841#9
0000 003B 2000 0000 0000 0000#1626598190873755#-56.0#3.9269908169872414#9
0000 0037 2000 0000 0000 0000#1626598190877174#-64.5#3.785864584501762#9
FFFF FFFF FFFF FFFF FFFF FFFF#1626598190878608#-68.5#5.0253210611133605#9
0000 003A 2000 0000 0000 0000#1626598190879655#-55.0#1.718058482431918#9
0000 0034 2000 0000 0000 0000#1626598190881158#-56.5#0.4049709280018093#9
0000 0033 2000 0000 0000 0000#1626598190882221#-58.0#5.921165841238575#9
0000 0036 2000 0000 0000 0000#1626598190883299#-62.5#2.116893487282185#9
0000 003B 2000 0000 0000 0000#1626598190896328#-55.0#4.123340357836604#9
0000 003A 2000 0000 0000 0000#1626598190898377#-55.0#1.8100973297050567#9
0000 0034 2000 0000 0000 0000#1626598190899979#-56.5#0.5092816215780329#9
0000 0038 2000 0000 0000 0000#1626598190901017#-64.5#5.66959299202533#9
0000 0037 2000 0000 0000 0000#1626598190903042#-65.0#3.718369429834794#9
FFFF FFFF FFFF FFFF FFFF FFFF#1626598190904104#-68.0#5.50392306693368#9
0000 0039 2000 0000 0000 0000#1626598190905958#-62.5#0.5890486225480862#9
0000 0031 2000 0000 0000 0000#1626598190907305#-61.0#5.209398755659637#9
0000 0036 2000 0000 0000 0000#1626598190908327#-62.5#2.024854640009046#9
0000 0033 2000 0000 0000 0000#1626598190909417#-58.5#6.111379458936394#9
0000 0032 2000 0000 0000 0000#1626598190911092#-60.0#5.6143696836614465#9
0000 0035 2000 0000 0000 0000#1626598190913034#-59.0#1.4664856332186729#9
0000 0035 2000 0000 0000 0000#1626598191178887#-57.0#2.1966604882522383#9
0000 0034 2000 0000 0000 0000#1626598191180602#-55.0#1.3314953238847365#9
0000 0032 2000 0000 0000 0000#1626598191182252#-60.0#0.07976700097005335#9
0000 0031 2000 0000 0000 0000#1626598191184388#-60.5#5.945709533844745#9
0000 0039 2000 0000 0000 0000#1626598191185467#-61.5#1.3437671701878218#9
0000 0037 2000 0000 0000 0000#1626598191186587#-63.5#4.3503695144436785#9
0000 0036 2000 0000 0000 0000#1626598191187636#-60.5#2.7550294950426117#9
0000 003B 2000 0000 0000 0000#1626598191188757#-55.5#4.865787059173254#9
0000 003A 2000 0000 0000 0000#1626598191189849#-55.5#2.564815877344792#9
0000 0033 2000 0000 0000 0000#1626598191191183#-57.5#0.5767767762450011#9
0000 0038 2000 0000 0000 0000#1626598191193252#-64.0#6.166602767300278#9
0000 0001 0000 0000 0000 0000#1626598191196804#-65.5#6.227961998815704#9
FFFF FFFF FFFF FFFF FFFF FFFF#1626598191198517#-68.5#0.8099418560036186#9
0000 0036 2000 0000 0000 0000#1626598191203855#-60.0#2.7857091108003242#9
0000 0038 2000 0000 0000 0000#1626598191205903#-65.0#5.964117303299373#9
0000 003A 2000 0000 0000 0000#1626598191206991#-55.5#2.5709518004963345#9
0000 0035 2000 0000 0000 0000#1626598191208717#-56.5#2.2027964114037806#9
0000 0037 2000 0000 0000 0000#1626598191209770#-64.0#4.196971435655114#9
0000 003B 2000 0000 0000 0000#1626598191211019#-55.5#4.859651136021712#9
0000 0034 2000 0000 0000 0000#1626598191213092#-55.0#1.3008157081270237#9
0000 0001 0000 0000 0000 0000#1626598191214194#-66.0#0.03681553890925539#9
0000 0033 2000 0000 0000 0000#1626598191215242#-57.5#0.619728238305799#9
0000 0039 2000 0000 0000 0000#1626598191220749#-62.5#1.2946797849754812#9
FFFF FFFF FFFF FFFF FFFF FFFF#1626598191222949#-68.0#0.803805932852076#9
0000 0031 2000 0000 0000 0000#1626598191224329#-60.5#5.9518454569962875#9
