0000 0030 2000 0000 0000 0000#1626598243397972#-50.0#2.061670178918302#9
0000 0037 2000 0000 0000 0000#1626598243400578#-45.0#4.031301510563465#9
0000 0038 2000 0000 0000 0000#1626598243401670#-44.0#3.877903431774901#9
0000 0035 2000 0000 0000 0000#1626598243402678#-45.0#4.571262747899211#9
0000 0033 2000 0000 0000 0000#1626598243404180#-49.0#6.068427996875596#9
0000 0039 2000 0000 0000 0000#1626598243405235#-43.5#3.393165502803038#9
0000 0036 2000 0000 0000 0000#1626598243406281#-44.5#4.387185053352934#9
0000 003A 2000 0000 0000 0000#1626598243407348#-43.5#2.6261751088602177#9
0C21 0537 8123 1003 2202 062F#1626598243408975#-67.5#1.1351457830353744#9
FFFF FFFF FFFF FFFF FFFF FFFF#1626598243410107#-68.0#5.8045833013592665#9
0000 002F 2000 0000 0000 0000#1626598243411538#-50.5#2.386874105950058#9
0000 0034 2000 0000 0000 0000#1626598243413764#-48.0#5.313709449235861#9
0000 002D 2000 0000 0000 0000#1626598243415450#-52.0#3.141592653589793#9
0000 0032 2000 0000 0000 0000#1626598243417730#-48.0#0.607456392002714#9
0000 0031 2000 0000 0000 0000#1626598243418765#-50.0#1.043106935762236#9
0000 002E 2000 0000 0000 0000#1626598243419848#-50.0#2.8654761117703775#9
0000 0030 2000 0000 0000 0000#1626598243427226#-49.5#2.055534255766759#9
0000 0035 2000 0000 0000 0000#1626598243428387#-45.5#4.577398671050753#9
0000 003A 2000 0000 0000 0000#1626598243429721#-43.5#2.6200391857086753#9
0C21 0537 8123 1003 2202 062F#1626598243431071#-67.5#1.030835089459151#9
0000 002F 2000 0000 0000 0000#1626598243432359#-51.0#2.380738182798515#9
0000 002D 2000 0000 0000 0000#1626598243433426#-52.0#3.1354567304382504#9
0000 0037 2000 0000 0000 0000#1626598243434753#-45.0#4.049709280018092#9
FFFF FFFF FFFF FFFF FFFF FFFF#1626598243435805#-69.0#5.964117303299373#9
0000 0033 2000 0000 0000 0000#1626598243437332#-49.0#6.086835766330224#9
0000 0031 2000 0000 0000 0000#1626598243438380#-50.0#1.055378782065321#9
0000 0032 2000 0000 0000 0000#1626598243439785#-50.0#0.5767767762450011#9
0000 0038 2000 0000 0000 0000#1626598243441721#-44.0#3.8533597391687304#9
0000 0036 2000 0000 0000 0000#1626598243442742#-44.5#4.362641360746763#9
0000 002E 2000 0000 0000 0000#1626598243443811#-49.5#2.8777479580734626#9
0000 0039 2000 0000 0000 0000#1626598243444893#-43.5#3.399301425954581#9
0000 0034 2000 0000 0000 0000#1626598243446082#-48.0#5.3198453723874035#9
0000 0038 2000 0000 0000 0000#1626598243709180#-44.0#3.356349963893783#9
0000 003A 2000 0000 0000 0000#1626598243710759#-38.5#2.0493983326152168#9
0000 0037 2000 0000 0000 0000#1626598243711837#-45.5#3.650874275167826#9
0000 0033 2000 0000 0000 0000#1626598243713907#-49.5#0.0674951546669682#9
0000 0032 2000 0000 0000 0000#1626598243716188#-47.5#0.7976700097005334#9
0000 0031 2000 0000 0000 0000#1626598243717541#-48.0#1.1658253987930873#9
0000 0030 2000 0000 0000 0000#1626598243719081#-47.5#1.9573594853420782#9
0000 002E 2000 0000 0000 0000#1626598243720347#-47.5#2.6445828783148455#9
0000 0036 2000 0000 0000 0000#1626598243721426#-46.0#4.227651051412827#9
0000 003B 2000 0000 0000 0000#1626598243722692#-55.0#2.9206994201342606#9
0000 0039 2000 0000 0000 0000#1626598243725244#-41.5#2.82252464970958#9
FFFF FFFF FFFF FFFF FFFF FFFF#1626598243726794#-68.5#4.6878452877785195#9
0000 002F 2000 0000 0000 0000#1626598243728981#-48.5#2.2641556429192065#9
0000 002D 2000 0000 0000 0000#1626598243731432#-49.5#2.8777479580734626#9
0000 0035 2000 0000 0000 0000#1626598243732609#-47.0#4.522175362686871#9
0000 0034 2000 0000 0000 0000#1626598243734768#-49.5#5.608233760509904#9
0000 0039 2000 0000 0000 0000#1626598243738358#-41.5#2.8286605728611223#9
0000 0035 2000 0000 0000 0000#1626598243739393#-47.0#4.601942363656923#9
0000 002F 2000 0000 0000 0000#1626598243740728#-48.0#2.2886993355253766#9
0000 0037 2000 0000 0000 0000#1626598243742518#-46.0#3.7429131224409646#9
0000 0034 2000 0000 0000 0000#1626598243751643#-49.5#5.939573610693203#9
0000 002E 2000 0000 0000 0000#1626598243753210#-48.0#2.9268353432858034#9
FFFF FFFF FFFF FFFF FFFF FFFF#1626598243754759#-68.5#5.283029833478148#9
0000 003A 2000 0000 0000 0000#1626598243756117#-37.0#2.2150682577068657#9
0000 0038 2000 0000 0000 0000#1626598243757656#-43.5#3.6079228131070282#9
0000 002D 2000 0000 0000 0000#1626598243759006#-49.5#3.172272269347506#9
0000 003B 2000 0000 0000 0000#1626598243760114#-51.0#2.9575149590435164#9
0000 0031 2000 0000 0000 0000#1626598243762405#-47.5#1.5585244804918115#9
0000 0032 2000 0000 0000 0000#1626598243763793#-46.0#1.282407938672396#9
0000 0033 2000 0000 0000 0000#1626598243765435#-47.5#0.6320000846088841#9
0000 0030 2000 0000 0000 0000#1626598243767303#-47.5#2.3316507975861747#9
0000 0036 2000 0000 0000 0000#1626598243768381#-47.5#4.638757902566179#9
0000 003B 2000 0000 0000 0000#1626598244038002#-40.5#3.865631585471816#9
0000 0038 2000 0000 0000 0000#1626598244039610#-45.5#5.424156065963627#9
0000 003A 2000 0000 0000 0000#1626598244042014#-32.5#3.4913402732277192#9
0000 0037 2000 0000 0000 0000#1626598244043090#-49.0#6.117515382087937#9
0000 0033 2000 0000 0000 0000#1626598244044415#-43.0#2.730485802436441#9
0000 0030 2000 0000 0000 0000#1626598244045499#-44.0#3.877903431774901#9
0000 0031 2000 0000 0000 0000#1626598244047041#-42.5#3.313398501832985#9
0000 002D 2000 0000 0000 0000#1626598244048108#-47.5#4.614214209960009#9
0000 0032 2000 0000 0000 0000#1626598244049184#-43.0#3.11091303783208#9
0000 0036 2000 0000 0000 0000#1626598244050273#-48.0#1.043106935762236#9
0000 0034 2000 0000 0000 0000#1626598244052691#-45.5#2.2948352586769194#9
0000 0039 2000 0000 0000 0000#1626598244053758#-40.5#4.589670517353839#9
0000 002F 2000 0000 0000 0000#1626598244056885#-44.5#4.09266074207889#9
0000 0035 2000 0000 0000 0000#1626598244058654#-47.0#1.4542137869155878#9
0000 002E 2000 0000 0000 0000#1626598244059709#-44.5#4.448544284868359#9
0C21 0537 8123 1003 2202 062F#1626598244060940#-66.0#1.748738098189631#9
FFFF FFFF FFFF FFFF FFFF FFFF#1626598244062189#-68.5#0.5092816215780329#9
0000 0039 2000 0000 0000 0000#1626598244066076#-41.0#4.657165672020807#9
0000 0034 2000 0000 0000 0000#1626598244067393#-45.5#2.337786720737717#9
0000 003A 2000 0000 0000 0000#1626598244068390#-32.5#3.5772431973493153#9
0000 0035 2000 0000 0000 0000#1626598244069678#-47.0#1.5278448647340985#9
0C21 0537 8123 1003 2202 062F#1626598244070723#-66.0#1.6566992509164924#9
0000 002F 2000 0000 0000 0000#1626598244072026#-44.5#4.129476280988146#9
0000 0032 2000 0000 0000 0000#1626598244073316#-42.5#3.1906800388021335#9
0000 002D 2000 0000 0000 0000#1626598244075601#-47.5#4.663301595172349#9
0000 0033 2000 0000 0000 0000#1626598244077646#-42.5#2.8409324191642074#9
0000 0037 2000 0000 0000 0000#1626598244078709#-48.5#0.11044661672776616#9
0000 0031 2000 0000 0000 0000#1626598244080700#-42.0#3.3747577333484107#9
0000 0038 2000 0000 0000 0000#1626598244081779#-46.0#5.638913376267617#9
0000 0036 2000 0000 0000 0000#1626598244082839#-47.5#1.2578642460662257#9
0000 002E 2000 0000 0000 0000#1626598244085673#-44.5#4.503767593232243#9
0000 003B 2000 0000 0000 0000#1626598244089110#-39.0#3.9638063558964967#9
0000 0030 2000 0000 0000 0000#1626598244090254#-43.5#3.9576704327449543#9
FFFF FFFF FFFF FFFF FFFF FFFF#1626598244091490#-68.0#0.3436116964863836#9
0000 0031 2000 0000 0000 0000#1626598244354355#-41.0#3.9269908169872414#9
0000 003A 2000 0000 0000 0000#1626598244363400#-33.5#4.252194744018997#9
0000 0036 2000 0000 0000 0000#1626598244364404#-43.5#1.9144080232812801#9
0000 0038 2000 0000 0000 0000#1626598244365699#-46.0#0.5767767762450011#9
0000 003B 2000 0000 0000 0000#1626598244366754#-38.0#4.289010282928253#9
FFFF FFFF FFFF FFFF FFFF FFFF#1626598244368049#-68.5#5.3198453723874035#9
0000 002F 2000 0000 0000 0000#1626598244370814#-43.0#4.2031073588066565#9
0000 0034 2000 0000 0000 0000#1626598244373482#-41.0#2.662990647769473#9
0000 0035 2000 0000 0000 0000#1626598244374517#-42.0#2.12916533358527#9
0000 0030 2000 0000 0000 0000#1626598244376535#-42.0#4.037437433715008#9
0000 002E 2000 0000 0000 0000#1626598244378060#-44.0#4.491495746929157#9
0000 0039 2000 0000 0000 0000#1626598244379669#-41.5#5.706408530934585#9
0000 002D 2000 0000 0000 0000#1626598244382560#-47.0#4.693981210930062#9
0000 0032 2000 0000 0000 0000#1626598244383695#-40.0#3.3870295796514958#9
0000 0033 2000 0000 0000 0000#1626598244385237#-41.0#3.1354567304382504#9
0000 0037 2000 0000 0000 0000#1626598244386403#-46.0#1.2762720155208536#9
0C21 0537 8123 1003 2202 062F#1626598244387898#-67.5#0.7915340865489908#9
0000 0032 2000 0000 0000 0000#1626598244392797#-40.0#3.423845118560751#9
0000 0035 2000 0000 0000 0000#1626598244393900#-42.0#2.184388641949153#9
0000 002F 2000 0000 0000 0000#1626598244395138#-42.5#4.246058820867455#9
0000 0036 2000 0000 0000 0000#1626598244396444#-43.0#2.018718716857504#9
0000 0039 2000 0000 0000 0000#1626598244398052#-41.5#5.798447378207723#9
0000 0033 2000 0000 0000 0000#1626598244400069#-41.0#3.2029518851052186#9
0000 0034 2000 0000 0000 0000#1626598244402904#-41.0#2.736621725587984#9
0000 0037 2000 0000 0000 0000#1626598244403953#-45.0#1.3437671701878218#9
0000 002D 2000 0000 0000 0000#1626598244405983#-46.5#4.700117134081604#9
0000 003A 2000 0000 0000 0000#1626598244407287#-33.0#4.466952054322987#9
0000 0031 2000 0000 0000 0000#1626598244408982#-40.0#3.6140587362585705#9
0000 003B 2000 0000 0000 0000#1626598244410091#-38.5#4.479223900626073#9
0000 002E 2000 0000 0000 0000#1626598244411404#-44.0#4.558990901596125#9
0000 0030 2000 0000 0000 0000#1626598244412775#-41.5#4.1172044346850605#9
0000 0038 2000 0000 0000 0000#1626598244414819#-45.5#0.8406214717613314#9
0C21 0537 8123 1003 2202 062F#1626598244416877#-68.5#0.8467573949128739#9
0000 002D 2000 0000 0000 0000#1626598244683818#-45.5#5.190990986205009#9
0000 003B 2000 0000 0000 0000#1626598244686401#-38.0#5.773903685601553#9
0000 0032 2000 0000 0000 0000#1626598244687436#-38.0#4.221515128261284#9
0000 0037 2000 0000 0000 0000#1626598244688514#-42.0#2.4175537217077703#9
0000 0031 2000 0000 0000 0000#1626598244689537#-38.5#4.338097668140593#9
0000 0035 2000 0000 0000 0000#1626598244690614#-39.5#3.141592653589793#9
0000 0039 2000 0000 0000 0000#1626598244691939#-39.0#1.0615147052168636#9
0000 003A 2000 0000 0000 0000#1626598244694155#-32.0#5.93343768754166#9
0000 0034 2000 0000 0000 0000#1626598244695759#-39.0#3.6201946594101133#9
0000 0036 2000 0000 0000 0000#1626598244696796#-40.0#2.9697868053466014#9
0000 002E 2000 0000 0000 0000#1626598244698964#-42.5#5.092816215780329#9
0000 0030 2000 0000 0000 0000#1626598244700049#-40.5#4.798291904506286#9
0000 0033 2000 0000 0000 0000#1626598244702216#-38.5#4.031301510563465#9
0000 0038 2000 0000 0000 0000#1626598244706290#-41.5#2.061670178918302#9
0000 002F 2000 0000 0000 0000#1626598244707354#-41.5#4.914874444385594#9
0000 0031 2000 0000 0000 0000#1626598244711658#-38.5#4.3933209765044765#9
0000 0034 2000 0000 0000 0000#1626598244712679#-39.0#3.6447383520162835#9
0000 002E 2000 0000 0000 0000#1626598244714189#-42.5#5.111223985234957#9
0000 0032 2000 0000 0000 0000#1626598244716318#-38.0#4.264466590322082#9
0000 002D 2000 0000 0000 0000#1626598244717855#-45.0#5.221670601962723#9
0000 0030 2000 0000 0000 0000#1626598244719218#-40.5#4.822835597112456#9
0000 0036 2000 0000 0000 0000#1626598244720296#-40.0#3.043417883165112#9
0000 0033 2000 0000 0000 0000#1626598244722094#-38.0#4.061981126321178#9
0000 003A 2000 0000 0000 0000#1626598244723340#-32.0#6.068427996875596#9
0000 003B 2000 0000 0000 0000#1626598244725578#-37.5#5.945709533844745#9
0000 0038 2000 0000 0000 0000#1626598244726915#-41.0#2.12916533358527#9
0000 0039 2000 0000 0000 0000#1626598244727953#-39.0#1.1965050145508#9
0000 0035 2000 0000 0000 0000#1626598244729204#-39.0#3.215223731408304#9
0000 0037 2000 0000 0000 0000#1626598244730625#-41.5#2.5157284921324514#9
0000 002F 2000 0000 0000 0000#1626598244732544#-41.5#4.95168998329485#9
FFFF FFFF FFFF FFFF FFFF FFFF#1626598244733639#-69.0#5.8659425328746915#9
0000 0034 2000 0000 0000 0000#1626598244997211#-38.0#3.7429131224409646#9
FFFF FFFF FFFF FFFF FFFF FFFF#1626598244998704#-69.0#5.2768939103266055#9
0000 0031 2000 0000 0000 0000#1626598245000009#-37.5#4.448544284868359#9
0000 0033 2000 0000 0000 0000#1626598245001342#-37.5#4.154019973594316#9
0000 0035 2000 0000 0000 0000#1626598245002889#-37.0#3.3011266555298997#9
0000 003A 2000 0000 0000 0000#1626598245004421#-30.0#0.521553467881118#9
0000 0037 2000 0000 0000 0000#1626598245005486#-38.5#2.6568547246179306#9
0000 0038 2000 0000 0000 0000#1626598245007753#-38.0#2.3623304133438876#9
0000 002D 2000 0000 0000 0000#1626598245008877#-45.0#5.0253210611133605#9
0000 0032 2000 0000 0000 0000#1626598245009925#-37.0#4.368777283898306#9
0000 0036 2000 0000 0000 0000#1626598245011217#-38.0#3.2029518851052186#9
0000 0039 2000 0000 0000 0000#1626598245014099#-36.0#1.6873788666742053#9
0000 002E 2000 0000 0000 0000#1626598245015426#-42.0#5.00077736850719#9
0000 003B 2000 0000 0000 0000#1626598245017834#-36.5#0.4970097752749477#9
0000 0030 2000 0000 0000 0000#1626598245020255#-39.5#4.822835597112456#9
0000 002F 2000 0000 0000 0000#1626598245021309#-41.0#4.890330751779424#9
0000 0031 2000 0000 0000 0000#1626598245026943#-37.5#4.485359823777615#9
0000 0039 2000 0000 0000 0000#1626598245029198#-35.5#1.7119225592803755#9
0000 0032 2000 0000 0000 0000#1626598245030329#-36.0#4.381049130201391#9
0000 003A 2000 0000 0000 0000#1626598245031906#-29.5#0.6135923151542565#9
0000 002D 2000 0000 0000 0000#1626598245033202#-44.5#5.049864753719531#9
0000 0034 2000 0000 0000 0000#1626598245034251#-37.5#3.8410878928656453#9
0000 0035 2000 0000 0000 0000#1626598245035357#-37.0#3.356349963893783#9
0000 003B 2000 0000 0000 0000#1626598245036513#-36.0#0.5583690067903734#9
0000 0030 2000 0000 0000 0000#1626598245037585#-39.5#4.847379289718626#9
0000 0033 2000 0000 0000 0000#1626598245039167#-35.5#4.2092432819582#9
0000 0038 2000 0000 0000 0000#1626598245040659#-37.5#2.435961491162398#9
0000 002F 2000 0000 0000 0000#1626598245041766#-40.5#4.914874444385594#9
0000 002E 2000 0000 0000 0000#1626598245043591#-42.0#4.994641445355648#9
0000 0036 2000 0000 0000 0000#1626598245044669#-38.0#3.2459033471660166#9
FFFF FFFF FFFF FFFF FFFF FFFF#1626598245046120#-68.5#4.994641445355648#9
0000 0037 2000 0000 0000 0000#1626598245047255#-38.0#2.730485802436441#9
0000 0034 2000 0000 0000 0000#1626598245313406#-36.0#5.0682725231741586#9
0000 0033 2000 0000 0000 0000#1626598245314912#-37.0#5.411884219660542#9
0000 0038 2000 0000 0000 0000#1626598245317368#-35.5#3.8840393549264434#9
0000 0036 2000 0000 0000 0000#1626598245318445#-36.0#4.534447208989955#9
0000 0037 2000 0000 0000 0000#1626598245319764#-36.5#4.0987966652304335#9
0000 002E 2000 0000 0000 0000#1626598245320836#-42.0#5.93343768754166#9
0000 002D 2000 0000 0000 0000#1626598245321932#-45.5#5.921165841238575#9
0000 0032 2000 0000 0000 0000#1626598245323449#-37.0#5.583690067903734#9
0000 0039 2000 0000 0000 0000#1626598245325488#-32.5#3.3072625786814425#9
0000 003A 2000 0000 0000 0000#1626598245327068#-27.0#2.448233337465483#9
FFFF FFFF FFFF FFFF FFFF FFFF#1626598245328205#-68.0#0.2086213871524472#9
0000 0031 2000 0000 0000 0000#1626598245329283#-37.5#5.663457068873787#9
0000 0035 2000 0000 0000 0000#1626598245330547#-36.0#4.669437518323892#9
0000 0030 2000 0000 0000 0000#1626598245331575#-39.0#5.921165841238575#9
0000 003B 2000 0000 0000 0000#1626598245333109#-33.5#2.5034566458293663#9
0000 002F 2000 0000 0000 0000#1626598245334816#-40.5#5.93343768754166#9
0000 0036 2000 0000 0000 0000#1626598245339250#-36.0#4.577398671050753#9
0000 0031 2000 0000 0000 0000#1626598245340545#-37.5#5.663457068873787#9
0000 0035 2000 0000 0000 0000#1626598245341594#-36.0#4.6878452877785195#9
0000 0037 2000 0000 0000 0000#1626598245342658#-36.0#4.135612204139688#9
0000 002D 2000 0000 0000 0000#1626598245343798#-45.0#5.921165841238575#9
0000 002E 2000 0000 0000 0000#1626598245344864#-42.0#5.9518454569962875#9
0000 0030 2000 0000 0000 0000#1626598245345924#-39.0#5.9088939949354895#9
0000 003B 2000 0000 0000 0000#1626598245347418#-33.5#2.5402721847386216#9
0000 0039 2000 0000 0000 0000#1626598245348500#-32.5#3.3440781175906977#9
0000 003A 2000 0000 0000 0000#1626598245350287#-27.0#2.5157284921324514#9
0000 0038 2000 0000 0000 0000#1626598245351397#-35.0#3.9392626632903265#9
0000 0032 2000 0000 0000 0000#1626598245353740#-36.5#5.620505606812989#9
0000 0033 2000 0000 0000 0000#1626598245355068#-37.0#5.485515297479052#9
0000 0034 2000 0000 0000 0000#1626598245356134#-36.0#5.129631754689584#9
0000 002F 2000 0000 0000 0000#1626598245360103#-41.0#5.9518454569962875#9
FFFF FFFF FFFF FFFF FFFF FFFF#1626598245361996#-68.5#6.234097921967246#9
0000 002F 2000 0000 0000 0000#1626598245627510#-42.5#5.448699758569798#9
0000 0032 2000 0000 0000 0000#1626598245629344#-37.5#5.2768939103266055#9
0000 002E 2000 0000 0000 0000#1626598245630972#-43.5#5.307573526084319#9
0000 0031 2000 0000 0000 0000#1626598245632006#-38.0#5.301437602932776#9
0000 0036 2000 0000 0000 0000#1626598245633059#-36.5#4.381049130201391#9
0000 003B 2000 0000 0000 0000#1626598245634638#-32.0#2.816388726558037#9
0000 0035 2000 0000 0000 0000#1626598245635715#-36.0#4.479223900626073#9
0000 003A 2000 0000 0000 0000#1626598245637280#-25.5#2.6384469551633027#9
0000 0039 2000 0000 0000 0000#1626598245640003#-32.0#3.3379421944391554#9
0000 0038 2000 0000 0000 0000#1626598245641960#-35.0#3.834951969714103#9
0000 0033 2000 0000 0000 0000#1626598245643006#-37.5#5.21553467881118#9
0000 0037 2000 0000 0000 0000#1626598245644314#-36.5#3.988350048502667#9
0000 0034 2000 0000 0000 0000#1626598245645518#-37.0#4.896466674930966#9
0000 002D 2000 0000 0000 0000#1626598245646603#-46.5#5.221670601962723#9
0000 0030 2000 0000 0000 0000#1626598245647788#-41.0#5.4671075280244255#9
FFFF FFFF FFFF FFFF FFFF FFFF#1626598245648968#-68.5#5.491651220630596#9
0000 002E 2000 0000 0000 0000#1626598245653031#-43.5#5.295301679781233#9
0000 0035 2000 0000 0000 0000#1626598245654066#-36.5#4.4976316700806995#9
0000 002F 2000 0000 0000 0000#1626598245655128#-42.5#5.442563835418255#9
0000 0036 2000 0000 0000 0000#1626598245656221#-36.5#4.411728745959104#9
0000 0034 2000 0000 0000 0000#1626598245657766#-37.0#4.896466674930966#9
0000 0030 2000 0000 0000 0000#1626598245658866#-41.0#5.4671075280244255#9
0000 0039 2000 0000 0000 0000#1626598245660401#-31.5#3.368621810196868#9
0000 0033 2000 0000 0000 0000#1626598245662190#-37.5#5.227806525114265#9
0000 0031 2000 0000 0000 0000#1626598245663982#-38.5#5.313709449235861#9
0000 0032 2000 0000 0000 0000#1626598245665531#-38.0#5.283029833478148#9
0000 0037 2000 0000 0000 0000#1626598245667549#-36.0#4.031301510563465#9
0000 002D 2000 0000 0000 0000#1626598245668618#-46.5#5.197126909356553#9
0000 003A 2000 0000 0000 0000#1626598245669746#-24.0#2.724349879284899#9
FFFF FFFF FFFF FFFF FFFF FFFF#1626598245672510#-69.0#5.460971604872882#9
0000 003B 2000 0000 0000 0000#1626598245673561#-32.0#2.9329712664373457#9
0000 0038 2000 0000 0000 0000#1626598245674628#-35.0#3.8840393549264434#9
0000 0038 2000 0000 0000 0000#1626598245940655#-34.5#4.448544284868359#9
0000 0035 2000 0000 0000 0000#1626598245943317#-36.5#4.902602598082509#9
0000 0032 2000 0000 0000 0000#1626598245944718#-39.5#5.448699758569798#9
0000 0030 2000 0000 0000 0000#1626598245945762#-42.5#5.473243451175968#9
0000 003A 2000 0000 0000 0000#1626598245947079#-25.5#3.5036121195308043#9
0000 0039 2000 0000 0000 0000#1626598245948395#-31.5#4.061981126321178#9
0000 0036 2000 0000 0000 0000#1626598245949487#-37.0#4.8351074434155406#9
0000 003B 2000 0000 0000 0000#1626598245950525#-32.5#3.822680123411018#9
0000 0033 2000 0000 0000 0000#1626598245951699#-39.0#5.442563835418255#9
0000 0031 2000 0000 0000 0000#1626598245952999#-40.0#5.411884219660542#9
0000 0037 2000 0000 0000 0000#1626598245954093#-36.5#4.528311285838413#9
0000 002D 2000 0000 0000 0000#1626598245955544#-48.0#5.037592907416445#9
FFFF FFFF FFFF FFFF FFFF FFFF#1626598245956566#-70.0#5.681864838328415#9
0000 002E 2000 0000 0000 0000#1626598245957663#-44.5#5.197126909356553#9
0000 0034 2000 0000 0000 0000#1626598245958683#-37.5#5.178719139901925#9
0000 002F 2000 0000 0000 0000#1626598245959944#-43.5#5.405748296509#9
0000 0039 2000 0000 0000 0000#1626598245966481#-31.5#4.086524818927348#9
0000 0031 2000 0000 0000 0000#1626598245968856#-40.5#5.393476450205914#9
0000 0032 2000 0000 0000 0000#1626598245969945#-39.5#5.424156065963627#9
0000 003B 2000 0000 0000 0000#1626598245971029#-32.5#3.8717675086233583#9
0000 0030 2000 0000 0000 0000#1626598245972114#-42.5#5.460971604872882#9
0000 002D 2000 0000 0000 0000#1626598245973964#-48.0#5.013049214810275#9
0000 0033 2000 0000 0000 0000#1626598245975027#-39.0#5.43029198911517#9
0000 003A 2000 0000 0000 0000#1626598245976855#-25.5#3.5342917352885173#9
0000 0037 2000 0000 0000 0000#1626598245978797#-36.0#4.565126824747668#9
0000 0034 2000 0000 0000 0000#1626598245980735#-37.5#5.178719139901925#9
0000 002E 2000 0000 0000 0000#1626598245982089#-45.0#5.154175447295755#9
0000 002F 2000 0000 0000 0000#1626598245983156#-43.5#5.350524988145116#9
FFFF FFFF FFFF FFFF FFFF FFFF#1626598245985147#-68.5#5.859806609723149#9
0000 0038 2000 0000 0000 0000#1626598245996516#-35.5#3.9147189706841563#9
0000 0035 2000 0000 0000 0000#1626598245998787#-36.5#4.338097668140593#9
0000 0036 2000 0000 0000 0000#1626598245999908#-37.0#4.289010282928253#9
0000 003A 2000 0000 0000 0000#1626598246262060#-26.0#3.5342917352885173#9
0000 0037 2000 0000 0000 0000#1626598246263182#-36.0#4.289010282928253#9
0000 0039 2000 0000 0000 0000#1626598246264222#-32.0#4.000621894805752#9
0000 002F 2000 0000 0000 0000#1626598246266600#-45.5#4.608078286808466#9
FFFF FFFF FFFF FFFF FFFF FFFF#1626598246269102#-69.0#5.086680292628786#9
0000 0036 2000 0000 0000 0000#1626598246270421#-36.5#4.454680208019902#9
0000 003B 2000 0000 0000 0000#1626598246271546#-32.0#3.9944859716542096#9
0000 0030 2000 0000 0000 0000#1626598246273099#-44.0#4.6878452877785195#9
0000 0033 2000 0000 0000 0000#1626598246274205#-39.5#4.816699673960914#9
0000 0035 2000 0000 0000 0000#1626598246275724#-36.5#4.448544284868359#9
0000 0034 2000 0000 0000 0000#1626598246276772#-38.5#4.657165672020807#9
0000 0031 2000 0000 0000 0000#1626598246279276#-41.5#4.6878452877785195#9
0000 0038 2000 0000 0000 0000#1626598246281795#-34.5#4.301282129231338#9
0000 002D 2000 0000 0000 0000#1626598246283389#-50.0#4.129476280988146#9
0000 0032 2000 0000 0000 0000#1626598246284408#-40.5#4.724660826687775#9
0000 002E 2000 0000 0000 0000#1626598246285448#-46.5#4.325825821837508#9
0000 0031 2000 0000 0000 0000#1626598246290951#-41.5#4.669437518323892#9
0000 002D 2000 0000 0000 0000#1626598246292288#-50.0#4.129476280988146#9
0000 0032 2000 0000 0000 0000#1626598246293549#-40.5#4.693981210930062#9
0000 002E 2000 0000 0000 0000#1626598246294860#-46.5#4.331961744989051#9
0000 0036 2000 0000 0000 0000#1626598246296694#-36.5#4.442408361716817#9
0000 0034 2000 0000 0000 0000#1626598246297984#-38.5#4.632621979414636#9
0000 0039 2000 0000 0000 0000#1626598246299094#-32.0#4.037437433715008#9
0000 0035 2000 0000 0000 0000#1626598246301567#-36.5#4.442408361716817#9
0000 003B 2000 0000 0000 0000#1626598246302633#-32.0#4.031301510563465#9
0000 0037 2000 0000 0000 0000#1626598246303714#-35.5#4.295146206079795#9
0000 003A 2000 0000 0000 0000#1626598246304989#-26.0#3.5711072741977725#9
0000 0033 2000 0000 0000 0000#1626598246306118#-38.5#4.779884135051658#9
0000 0038 2000 0000 0000 0000#1626598246307128#-34.5#4.3074180523828804#9
0000 002F 2000 0000 0000 0000#1626598246308698#-45.5#4.522175362686871#9
FFFF FFFF FFFF FFFF FFFF FFFF#1626598246310334#-69.0#5.0682725231741586#9
0000 0030 2000 0000 0000 0000#1626598246313869#-44.0#4.632621979414636#9
0000 0038 2000 0000 0000 0000#1626598246581439#-33.5#5.031456984264903#9
0000 003A 2000 0000 0000 0000#1626598246583107#-24.5#4.608078286808466#9
0000 0033 2000 0000 0000 0000#1626598246584656#-40.0#5.092816215780329#9
0000 0036 2000 0000 0000 0000#1626598246585949#-36.0#4.957825906446392#9
0000 0037 2000 0000 0000 0000#1626598246595818#-35.5#4.755340442445488#9
0000 0039 2000 0000 0000 0000#1626598246597714#-31.5#4.706253057233147#9
0000 003B 2000 0000 0000 0000#1626598246599808#-31.5#4.957825906446392#9
0000 002F 2000 0000 0000 0000#1626598246601368#-46.5#4.534447208989955#9
0000 0030 2000 0000 0000 0000#1626598246602455#-45.5#4.681709364626977#9
0000 0031 2000 0000 0000 0000#1626598246603522#-43.0#4.651029748869264#9
0000 0035 2000 0000 0000 0000#1626598246606085#-36.5#4.71238898038469#9
0000 002D 2000 0000 0000 0000#1626598246607122#-52.5#4.04357335686655#9
0000 002E 2000 0000 0000 0000#1626598246610510#-48.5#4.239922897715912#9
0000 0032 2000 0000 0000 0000#1626598246612535#-41.5#4.755340442445488#9
0000 0034 2000 0000 0000 0000#1626598246613925#-38.0#4.822835597112456#9
0000 0035 2000 0000 0000 0000#1626598246620417#-36.5#4.693981210930062#9
0000 0033 2000 0000 0000 0000#1626598246621519#-40.0#4.841243366567084#9
0000 002D 2000 0000 0000 0000#1626598246622560#-53.0#4.000621894805752#9
0000 0036 2000 0000 0000 0000#1626598246623921#-36.5#4.73693267299086#9
0000 003B 2000 0000 0000 0000#1626598246625003#-31.0#4.994641445355648#9
0000 0037 2000 0000 0000 0000#1626598246626082#-35.0#4.7307967498393175#9
0000 0034 2000 0000 0000 0000#1626598246627100#-38.0#4.773748211900116#9
0000 002E 2000 0000 0000 0000#1626598246628913#-48.5#4.2031073588066565#9
0000 0030 2000 0000 0000 0000#1626598246630223#-45.5#4.608078286808466#9
0000 0038 2000 0000 0000 0000#1626598246631773#-33.5#4.841243366567084#9
0000 0031 2000 0000 0000 0000#1626598246633593#-43.0#4.620350133111551#9
0000 0039 2000 0000 0000 0000#1626598246634647#-31.5#4.700117134081604#9
0000 003A 2000 0000 0000 0000#1626598246635936#-25.5#4.442408361716817#9
0000 0032 2000 0000 0000 0000#1626598246639531#-41.5#4.681709364626977#9
0000 002F 2000 0000 0000 0000#1626598246641791#-47.0#4.442408361716817#9
0000 0034 2000 0000 0000 0000#1626598246910053#-39.0#3.8963112012295285#9
0000 0030 2000 0000 0000 0000#1626598246911141#-47.5#3.54042765844006#9
0000 0036 2000 0000 0000 0000#1626598246913202#-37.0#3.9638063558964967#9
0000 0032 2000 0000 0000 0000#1626598246916912#-43.0#3.663146121470911#9
0000 0039 2000 0000 0000 0000#1626598246918914#-30.5#4.215379205109742#9
0000 003A 2000 0000 0000 0000#1626598246920189#-25.5#4.086524818927348#9
0000 002D 2000 0000 0000 0000#1626598246922192#-55.5#2.650718801466388#9
0000 002E 2000 0000 0000 0000#1626598246923250#-52.0#2.9513790358919736#9
0000 0035 2000 0000 0000 0000#1626598246925061#-37.0#3.834951969714103#9
0000 0037 2000 0000 0000 0000#1626598246926154#-35.0#4.0558452031696355#9
0000 0033 2000 0000 0000 0000#1626598246927487#-42.0#3.8533597391687304#9
0000 002F 2000 0000 0000 0000#1626598246930131#-50.0#3.2827188860752723#9
0000 003B 2000 0000 0000 0000#1626598246931526#-31.5#4.804427827657828#9
0000 0038 2000 0000 0000 0000#1626598246932607#-33.5#4.239922897715912#9
0000 0031 2000 0000 0000 0000#1626598246934625#-44.5#3.4913402732277192#9
0000 002E 2000 0000 0000 0000#1626598246940242#-52.0#2.8777479580734626#9
0000 0030 2000 0000 0000 0000#1626598246942023#-48.0#3.429981041712294#9
0000 0033 2000 0000 0000 0000#1626598246943423#-41.0#3.785864584501762#9
0000 0034 2000 0000 0000 0000#1626598246945188#-39.0#3.816544200259475#9
0000 0039 2000 0000 0000 0000#1626598246946256#-31.0#4.184699589352029#9
0000 0036 2000 0000 0000 0000#1626598246948547#-37.0#3.8840393549264434#9
0000 0032 2000 0000 0000 0000#1626598246949781#-43.0#3.56497135104623#9
0000 003A 2000 0000 0000 0000#1626598246950843#-25.5#4.086524818927348#9
0000 003B 2000 0000 0000 0000#1626598246951951#-31.0#4.822835597112456#9
0000 0031 2000 0000 0000 0000#1626598246954275#-44.5#3.436116964863836#9
0000 0038 2000 0000 0000 0000#1626598246955614#-33.5#4.196971435655114#9
0000 0035 2000 0000 0000 0000#1626598246958374#-36.5#3.7551849687440497#9
0000 0037 2000 0000 0000 0000#1626598246959436#-35.0#4.000621894805752#9
0000 002D 2000 0000 0000 0000#1626598246960562#-55.5#2.497320722677824#9
0000 002F 2000 0000 0000 0000#1626598246961867#-50.0#3.1968159619536762#9
0000 0039 2000 0000 0000 0000#1626598247232457#-31.0#3.4913402732277192#9
0000 003B 2000 0000 0000 0000#1626598247234772#-31.0#4.430136515413731#9
0000 0035 2000 0000 0000 0000#1626598247235808#-37.0#2.730485802436441#9
0000 002F 2000 0000 0000 0000#1626598247236913#-52.0#1.8285050991596843#9
0000 003A 2000 0000 0000 0000#1626598247238499#-26.0#3.4913402732277192#9
0000 0037 2000 0000 0000 0000#1626598247240190#-36.0#3.129320807286708#9
0000 0036 2000 0000 0000 0000#1626598247241198#-37.0#2.8532042654672924#9
0000 0038 2000 0000 0000 0000#1626598247242477#-34.5#3.4054373491061236#9
0000 0034 2000 0000 0000 0000#1626598247244279#-39.5#2.6568547246179306#9
0000 002D 2000 0000 0000 0000#1626598247246285#-59.0#0.8713010875190442#9
0000 0030 2000 0000 0000 0000#1626598247247369#-49.5#2.0064468705544187#9
0000 0031 2000 0000 0000 0000#1626598247249018#-46.0#2.0800779483729293#9
0000 0032 2000 0000 0000 0000#1626598247250962#-45.0#2.2518837966161214#9
0000 0033 2000 0000 0000 0000#1626598247252068#-43.0#2.478912953223196#9
0000 002E 2000 0000 0000 0000#1626598247253294#-54.5#1.2517283229146832#9
0000 0032 2000 0000 0000 0000#1626598247257715#-43.5#2.2027964114037806#9
0000 0037 2000 0000 0000 0000#1626598247259849#-36.5#3.074097498922825#9
0000 0035 2000 0000 0000 0000#1626598247260925#-37.0#2.6813984172241008#9
0000 002D 2000 0000 0000 0000#1626598247261994#-59.0#0.803805932852076#9
0000 0038 2000 0000 0000 0000#1626598247263259#-34.0#3.356349963893783#9
0000 003A 2000 0000 0000 0000#1626598247264347#-26.0#3.466796580621549#9
0000 0030 2000 0000 0000 0000#1626598247266173#-50.0#1.932815792735908#9
0000 0033 2000 0000 0000 0000#1626598247267236#-43.0#2.448233337465483#9
0000 0034 2000 0000 0000 0000#1626598247268554#-40.0#2.5954954931025047#9
0000 003B 2000 0000 0000 0000#1626598247269862#-31.0#4.411728745959104#9
0000 0039 2000 0000 0000 0000#1626598247271328#-31.5#3.436116964863836#9
0000 0031 2000 0000 0000 0000#1626598247272405#-46.0#2.030990563160589#9
0000 0036 2000 0000 0000 0000#1626598247274234#-37.0#2.773437264497239#9
0000 002F 2000 0000 0000 0000#1626598247275681#-52.5#1.6935147898257479#9
0000 002E 2000 0000 0000 0000#1626598247276735#-54.5#1.2026409377023426#9
0000 003B 2000 0000 0000 0000#1626598247541571#-31.5#4.430136515413731#9
0000 0037 2000 0000 0000 0000#1626598247542903#-36.0#2.724349879284899#9
0000 0034 2000 0000 0000 0000#1626598247543983#-40.5#2.1475731030398975#9
0000 002E 2000 0000 0000 0000#1626598247545750#-50.5#5.798447378207723#9
0000 0036 2000 0000 0000 0000#1626598247547082#-38.0#2.4175537217077703#9
0000 0030 2000 0000 0000 0000#1626598247548651#-52.5#0.944932165337555#9
0000 0031 2000 0000 0000 0000#1626598247550186#-48.0#1.325359400733194#9
0000 003A 2000 0000 0000 0000#1626598247552456#-26.5#3.3379421944391554#9
0000 002F 2000 0000 0000 0000#1626598247553517#-54.5#0.7731263170943632#9
0000 0039 2000 0000 0000 0000#1626598247554614#-32.5#3.184544115650591#9
0000 0033 2000 0000 0000 0000#1626598247557103#-44.5#1.8837284075235674#9
0000 0038 2000 0000 0000 0000#1626598247558411#-35.0#3.0250101137104846#9
0000 0035 2000 0000 0000 0000#1626598247559503#-38.0#2.2089323345553233#9
0000 0032 2000 0000 0000 0000#1626598247561192#-47.0#1.5155730184310134#9
0000 002D 2000 0000 0000 0000#1626598247565305#-47.5#5.227806525114265#9
0000 0039 2000 0000 0000 0000#1626598247570285#-32.5#3.147728576741336#9
0000 0037 2000 0000 0000 0000#1626598247571336#-36.0#2.662990647769473#9
0000 0035 2000 0000 0000 0000#1626598247572684#-38.0#2.184388641949153#9
0000 0031 2000 0000 0000 0000#1626598247573764#-48.5#1.239456476611598#9
0000 0036 2000 0000 0000 0000#1626598247575310#-38.0#2.337786720737717#9
0000 0034 2000 0000 0000 0000#1626598247576858#-40.5#2.067806102069844#9
0000 002F 2000 0000 0000 0000#1626598247579657#-54.5#0.6135923151542565#9
0000 0038 2000 0000 0000 0000#1626598247580965#-35.0#2.9329712664373457#9
0000 002E 2000 0000 0000 0000#1626598247582048#-49.0#5.47937937432751#9
0000 003B 2000 0000 0000 0000#1626598247583073#-32.0#4.374913207049849#9
0000 003A 2000 0000 0000 0000#1626598247584220#-27.0#3.2643111166206444#9
0000 0032 2000 0000 0000 0000#1626598247585993#-47.0#1.4603497100671303#9
0000 0033 2000 0000 0000 0000#1626598247587926#-44.5#1.7978254834019713#9
0000 002D 2000 0000 0000 0000#1626598247589465#-47.0#5.062136600022616#9
0000 0030 2000 0000 0000 0000#1626598247592071#-53.5#0.7117670855789375#9
FFFF FFFF FFFF FFFF FFFF FFFF#1626598247857665#-70.0#0.3129320807286708#9
0000 003B 2000 0000 0000 0000#1626598247859039#-33.0#4.614214209960009#9
0000 0039 2000 0000 0000 0000#1626598247860563#-33.5#3.129320807286708#9
0000 0035 2000 0000 0000 0000#1626598247861613#-39.0#2.061670178918302#9
0000 0033 2000 0000 0000 0000#1626598247865449#-45.5#1.3928545554001621#9
0000 0032 2000 0000 0000 0000#1626598247866508#-50.0#0.7547185476397354#9
0000 003A 2000 0000 0000 0000#1626598247867542#-27.5#3.3379421944391554#9
0000 002F 2000 0000 0000 0000#1626598247869092#-45.0#5.0253210611133605#9
0000 002E 2000 0000 0000 0000#1626598247870643#-48.5#4.663301595172349#9
0000 002D 2000 0000 0000 0000#1626598247871680#-53.5#4.485359823777615#9
0000 0037 2000 0000 0000 0000#1626598247872729#-37.0#2.5709518004963345#9
0000 0034 2000 0000 0000 0000#1626598247873767#-42.0#1.8223691760081417#9
0000 0036 2000 0000 0000 0000#1626598247874832#-39.0#2.1905245651006955#9
0000 0038 2000 0000 0000 0000#1626598247876381#-36.0#2.890019804376548#9
0000 0030 2000 0000 0000 0000#1626598247878661#-44.5#5.190990986205009#9
0000 0031 2000 0000 0000 0000#1626598247879726#-50.0#0.21475731030398976#9
0000 002E 2000 0000 0000 0000#1626598247885727#-48.5#4.632621979414636#9
0000 003A 2000 0000 0000 0000#1626598247887230#-27.5#3.2827188860752723#9
0000 003B 2000 0000 0000 0000#1626598247888282#-33.0#4.546719055293041#9
0000 0035 2000 0000 0000 0000#1626598247889547#-39.5#1.9880391010997909#9
0000 0033 2000 0000 0000 0000#1626598247890848#-47.5#1.282407938672396#9
0000 0038 2000 0000 0000 0000#1626598247891914#-35.5#2.84706834231575#9
0000 0039 2000 0000 0000 0000#1626598247893268#-33.5#3.06182565261974#9
0000 002F 2000 0000 0000 0000#1626598247895053#-44.5#4.92714629068868#9
0000 0037 2000 0000 0000 0000#1626598247897103#-37.5#2.509592568980909#9
0000 0034 2000 0000 0000 0000#1626598247898150#-42.5#1.748738098189631#9
FFFF FFFF FFFF FFFF FFFF FFFF#1626598247900640#-69.5#0.3129320807286708#9
0000 0032 2000 0000 0000 0000#1626598247901697#-49.0#0.521553467881118#9
0000 0030 2000 0000 0000 0000#1626598247903866#-44.0#5.056000676871073#9
0000 0036 2000 0000 0000 0000#1626598247905301#-39.5#2.1230294104337273#9
0000 0031 2000 0000 0000 0000#1626598247906394#-49.5#6.215690152512618#9
0000 002D 2000 0000 0000 0000#1626598247907964#-56.0#4.319689898685965#9
0000 0031 2000 0000 0000 0000#1626598248178381#-43.0#3.9822141253511245#9
FFFF FFFF FFFF FFFF FFFF FFFF#1626598248181286#-69.0#5.737088146692298#9
0000 003A 2000 0000 0000 0000#1626598248183280#-29.0#2.172116795646068#9
0000 0033 2000 0000 0000 0000#1626598248184357#-44.0#5.00077736850719#9
0000 0035 2000 0000 0000 0000#1626598248185663#-44.0#0.5154175447295755#9
0000 0032 2000 0000 0000 0000#1626598248186739#-42.0#4.227651051412827#9
0000 0037 2000 0000 0000 0000#1626598248188077#-41.5#1.3744467859455345#9
0000 0030 2000 0000 0000 0000#1626598248189557#-50.5#3.730641276137879#9
0000 003B 2000 0000 0000 0000#1626598248190611#-35.0#3.509748042682347#9
0000 0038 2000 0000 0000 0000#1626598248192034#-39.5#1.7794177139473437#9
0000 0039 2000 0000 0000 0000#1626598248193117#-35.5#1.9819031779482483#9
0000 0034 2000 0000 0000 0000#1626598248194715#-45.5#6.12365130523948#9
0000 0036 2000 0000 0000 0000#1626598248195780#-44.5#0.7731263170943632#9
0000 002F 2000 0000 0000 0000#1626598248196984#-55.5#3.2704470397721868#9
0000 002E 2000 0000 0000 0000#1626598248198603#-59.0#1.8775924843720249#9
0000 002D 2000 0000 0000 0000#1626598248199668#-60.5#1.1351457830353744#9
0000 0038 2000 0000 0000 0000#1626598248205024#-39.5#1.7426021750380885#9
0000 0030 2000 0000 0000 0000#1626598248206090#-51.5#3.6876898140770815#9
0000 0036 2000 0000 0000 0000#1626598248207356#-44.5#0.7424467013366504#9
0000 002E 2000 0000 0000 0000#1626598248208943#-59.0#1.7916895602504288#9
0000 0032 2000 0000 0000 0000#1626598248209977#-42.0#4.1417481272912315#9
0000 0039 2000 0000 0000 0000#1626598248211516#-36.0#1.9389517158874505#9
0000 0033 2000 0000 0000 0000#1626598248212578#-43.5#4.7860200582032#9
0000 0035 2000 0000 0000 0000#1626598248213911#-44.0#0.380427235395639#9
0000 003B 2000 0000 0000 0000#1626598248215478#-35.0#3.454524734318464#9
0000 003A 2000 0000 0000 0000#1626598248216782#-29.5#2.110757564130642#9
FFFF FFFF FFFF FFFF FFFF FFFF#1626598248219274#-68.5#5.9518454569962875#9
0000 0034 2000 0000 0000 0000#1626598248220265#-45.0#5.970253226450915#9
0000 002F 2000 0000 0000 0000#1626598248221266#-56.5#3.055689729468197#9
0000 002D 2000 0000 0000 0000#1626598248225068#-60.0#0.859029241215959#9
0000 0031 2000 0000 0000 0000#1626598248226690#-43.5#3.773592738198677#9
0000 0037 2000 0000 0000 0000#1626598248228024#-42.0#1.2517283229146832#9
0000 0038 2000 0000 0000 0000#1626598248493993#-45.5#0.44178646691106466#9
0000 002F 2000 0000 0000 0000#1626598248495766#-59.5#0.018407769454627694#9
0000 0030 2000 0000 0000 0000#1626598248496909#-59.5#1.2455923997631406#9
0000 002E 2000 0000 0000 0000#1626598248498221#-54.5#4.448544284868359#9
0000 003B 2000 0000 0000 0000#1626598248499541#-37.0#2.478912953223196#9
0000 0036 2000 0000 0000 0000#1626598248500592#-44.5#4.651029748869264#9
0000 0035 2000 0000 0000 0000#1626598248501629#-42.0#4.2092432819582#9
0000 0033 2000 0000 0000 0000#1626598248502972#-43.0#3.2213596545598464#9
FFFF FFFF FFFF FFFF FFFF FFFF#1626598248504566#-68.5#5.123495831538041#9
0000 0037 2000 0000 0000 0000#1626598248505571#-47.0#5.829126993965437#9
0000 003A 2000 0000 0000 0000#1626598248506888#-33.0#1.1780972450961724#9
0000 002D 2000 0000 0000 0000#1626598248509153#-54.5#3.792000507653305#9
0000 0039 2000 0000 0000 0000#1626598248510718#-42.0#0.9019807032767571#9
0000 0034 2000 0000 0000 0000#1626598248512447#-39.5#3.5342917352885173#9
0000 0032 2000 0000 0000 0000#1626598248517378#-52.0#2.84706834231575#9
0000 0031 2000 0000 0000 0000#1626598248518429#-54.5#2.184388641949153#9
0000 0032 2000 0000 0000 0000#1626598248522014#-52.0#2.834796496012665#9
FFFF FFFF FFFF FFFF FFFF FFFF#1626598248523349#-68.0#4.963961829597935#9
0000 002F 2000 0000 0000 0000#1626598248525378#-60.0#5.964117303299373#9
0000 003B 2000 0000 0000 0000#1626598248526716#-37.5#2.442097414313941#9
0000 002D 2000 0000 0000 0000#1626598248527742#-54.0#3.5833791205008576#9
0000 003A 2000 0000 0000 0000#1626598248528801#-33.0#1.1228739367322893#9
0000 0038 2000 0000 0000 0000#1626598248530609#-46.0#0.23316507975861744#9
0000 002E 2000 0000 0000 0000#1626598248531708#-55.5#4.1417481272912315#9
0000 0034 2000 0000 0000 0000#1626598248532772#-40.5#3.479068426924634#9
0000 0031 2000 0000 0000 0000#1626598248533807#-55.0#2.067806102069844#9
0000 0030 2000 0000 0000 0000#1626598248535617#-60.5#0.9326603190344698#9
0000 0039 2000 0000 0000 0000#1626598248536898#-43.0#0.8160777791551611#9
0000 0036 2000 0000 0000 0000#1626598248538218#-43.0#4.374913207049849#9
0000 0035 2000 0000 0000 0000#1626598248539294#-42.0#3.9760782021995817#9
0000 0037 2000 0000 0000 0000#1626598248540329#-47.0#5.583690067903734#9
0000 0033 2000 0000 0000 0000#1626598248544940#-46.0#3.172272269347506#9
0000 0033 2000 0000 0000 0000#1626598248816188#-54.5#2.2089323345553233#9
0000 0034 2000 0000 0000 0000#1626598248817774#-50.5#3.031146036862027#9
0000 002E 2000 0000 0000 0000#1626598248818877#-56.5#2.6384469551633027#9
0000 0039 2000 0000 0000 0000#1626598248821876#-46.0#5.608233760509904#9
0000 002D 2000 0000 0000 0000#1626598248822987#-57.0#1.7548740213411735#9
0000 003A 2000 0000 0000 0000#1626598248823993#-39.5#0.3129320807286708#9
0000 002F 2000 0000 0000 0000#1626598248825029#-56.0#4.166291819897402#9
0000 0038 2000 0000 0000 0000#1626598248826136#-44.5#4.871922982324796#9
0000 0037 2000 0000 0000 0000#1626598248827199#-44.0#4.221515128261284#9
0000 003B 2000 0000 0000 0000#1626598248829021#-41.0#2.0493983326152168#9
0000 0030 2000 0000 0000 0000#1626598248831652#-58.0#4.743068596142402#9
0000 0036 2000 0000 0000 0000#1626598248832717#-44.0#3.5711072741977725#9
0000 0031 2000 0000 0000 0000#1626598248833738#-55.5#6.14819499784565#9
0000 0035 2000 0000 0000 0000#1626598248835287#-45.5#3.356349963893783#9
0000 0032 2000 0000 0000 0000#1626598248837033#-56.0#0.8467573949128739#9
FFFF FFFF FFFF FFFF FFFF FFFF#1626598248839266#-68.0#5.246214294568893#9
0000 002D 2000 0000 0000 0000#1626598248842840#-58.0#1.533980787885641#9
0000 0030 2000 0000 0000 0000#1626598248844660#-58.0#4.669437518323892#9
0000 0038 2000 0000 0000 0000#1626598248853475#-44.0#5.491651220630596#9
0000 0033 2000 0000 0000 0000#1626598248854837#-54.0#2.791845033951867#9
0000 0036 2000 0000 0000 0000#1626598248857195#-44.0#4.313553975534423#9
0000 0031 2000 0000 0000 0000#1626598248858533#-54.5#0.4908738521234052#9
0000 0037 2000 0000 0000 0000#1626598248859611#-43.0#4.896466674930966#9
0000 0035 2000 0000 0000 0000#1626598248861156#-45.5#4.123340357836604#9
FFFF FFFF FFFF FFFF FFFF FFFF#1626598248862151#-68.0#0.35588354278946877#9
0000 0032 2000 0000 0000 0000#1626598248863182#-55.5#1.41126232485479#9
0000 003A 2000 0000 0000 0000#1626598248864232#-40.0#0.8283496254582462#9
0000 003B 2000 0000 0000 0000#1626598248865570#-41.5#2.705942109830271#9
0000 0039 2000 0000 0000 0000#1626598248867305#-44.5#6.068427996875596#9
0000 002E 2000 0000 0000 0000#1626598248869588#-57.0#3.2397674240144743#9
0000 002F 2000 0000 0000 0000#1626598248870637#-55.5#4.71238898038469#9
0000 0034 2000 0000 0000 0000#1626598248871941#-51.0#3.6263305825616556#9
0000 0032 2000 0000 0000 0000#1626598249136600#-54.5#5.190990986205009#9
0000 0039 2000 0000 0000 0000#1626598249137766#-44.5#4.853515212870168#9
0000 003A 2000 0000 0000 0000#1626598249140272#-40.0#5.270757987175063#9
0000 0038 2000 0000 0000 0000#1626598249141593#-47.5#4.595806440505381#9
0000 002F 2000 0000 0000 0000#1626598249142657#-59.5#2.6384469551633027#9
0000 0037 2000 0000 0000 0000#1626598249143746#-51.5#4.0987966652304335#9
0000 0031 2000 0000 0000 0000#1626598249145054#-54.0#4.577398671050753#9
0000 003B 2000 0000 0000 0000#1626598249146334#-47.0#1.282407938672396#9
0000 0034 2000 0000 0000 0000#1626598249147906#-54.0#1.2517283229146832#9
0000 0030 2000 0000 0000 0000#1626598249149880#-60.0#3.693825737228624#9
FFFF FFFF FFFF FFFF FFFF FFFF#1626598249152672#-69.0#6.252505691421874#9
0000 0035 2000 0000 0000 0000#1626598249154199#-53.5#2.423689644859313#9
0000 0036 2000 0000 0000 0000#1626598249155251#-53.5#2.9636508821950587#9
0000 002E 2000 0000 0000 0000#1626598249156629#-59.5#6.154330920997192#9
0000 0033 2000 0000 0000 0000#1626598249158017#-54.5#6.080699843178682#9
0000 002D 2000 0000 0000 0000#1626598249159553#-58.0#5.399612373357457#9
0000 0038 2000 0000 0000 0000#1626598249164090#-48.0#4.528311285838413#9
0000 002F 2000 0000 0000 0000#1626598249165638#-60.5#2.466641106920111#9
0000 0034 2000 0000 0000 0000#1626598249167590#-54.0#1.0492428589137786#9
0000 002D 2000 0000 0000 0000#1626598249168612#-57.5#5.338253141842031#9
0000 0039 2000 0000 0000 0000#1626598249169948#-45.0#4.773748211900116#9
0000 0033 2000 0000 0000 0000#1626598249171237#-54.5#5.964117303299373#9
0000 003B 2000 0000 0000 0000#1626598249172585#-47.0#1.1351457830353744#9
0000 0030 2000 0000 0000 0000#1626598249174398#-60.5#3.6079228131070282#9
0000 003A 2000 0000 0000 0000#1626598249175434#-40.0#5.123495831538041#9
FFFF FFFF FFFF FFFF FFFF FFFF#1626598249176453#-68.5#6.209554229361076#9
0000 0035 2000 0000 0000 0000#1626598249178357#-54.0#2.227340104009951#9
0000 0031 2000 0000 0000 0000#1626598249180588#-53.5#4.374913207049849#9
0000 0032 2000 0000 0000 0000#1626598249181745#-52.5#4.933282213840222#9
0000 0037 2000 0000 0000 0000#1626598249183149#-53.0#3.9638063558964967#9
0000 0036 2000 0000 0000 0000#1626598249184311#-54.0#2.7857091108003242#9
0000 002E 2000 0000 0000 0000#1626598249185469#-59.0#5.945709533844745#9
FFFF FFFF FFFF FFFF FFFF FFFF#1626598249448860#-68.0#5.767767762450011#9
0000 0038 2000 0000 0000 0000#1626598249458153#-53.0#2.84706834231575#9
0000 002F 2000 0000 0000 0000#1626598249459461#-58.5#5.71868037723767#9
0000 0031 2000 0000 0000 0000#1626598249461045#-58.0#2.024854640009046#9
0000 0039 2000 0000 0000 0000#1626598249463279#-50.0#3.399301425954581#9
0000 003B 2000 0000 0000 0000#1626598249464613#-48.0#5.743224069843841#9
0000 003A 2000 0000 0000 0000#1626598249465932#-43.5#3.847223816017188#9
0000 0035 2000 0000 0000 0000#1626598249467210#-53.5#5.780039608753096#9
0000 002E 2000 0000 0000 0000#1626598249468252#-58.5#4.313553975534423#9
0000 0036 2000 0000 0000 0000#1626598249469328#-55.5#0.16566992509164924#9
0000 0037 2000 0000 0000 0000#1626598249470377#-56.5#1.705786636128833#9
0000 0032 2000 0000 0000 0000#1626598249471424#-57.0#2.84706834231575#9
0000 002D 2000 0000 0000 0000#1626598249472719#-58.5#3.9392626632903265#9
0000 0033 2000 0000 0000 0000#1626598249473766#-55.5#3.8288160465625602#9
0000 0034 2000 0000 0000 0000#1626598249474784#-53.0#4.71238898038469#9
0000 0030 2000 0000 0000 0000#1626598249477810#-62.5#6.2034183062095325#9
0000 003A 2000 0000 0000 0000#1626598249482691#-43.5#3.77972866135022#9
0000 0036 2000 0000 0000 0000#1626598249485580#-55.5#0.030679615757712823#9
0000 0032 2000 0000 0000 0000#1626598249486788#-57.0#2.6691265709210157#9
0000 0031 2000 0000 0000 0000#1626598249487897#-58.0#1.7426021750380885#9
0000 0033 2000 0000 0000 0000#1626598249489229#-55.0#3.706097583531709#9
0000 0039 2000 0000 0000 0000#1626598249490281#-50.5#3.2213596545598464#9
0000 002F 2000 0000 0000 0000#1626598249491632#-58.0#5.4671075280244255#9
FFFF FFFF FFFF FFFF FFFF FFFF#1626598249493107#-67.5#6.037748381117884#9
0000 002D 2000 0000 0000 0000#1626598249494670#-59.0#3.8533597391687304#9
0000 003B 2000 0000 0000 0000#1626598249495693#-48.5#5.583690067903734#9
0000 002E 2000 0000 0000 0000#1626598249496952#-59.0#4.178563666200486#9
0000 0034 2000 0000 0000 0000#1626598249498241#-52.5#4.565126824747668#9
0000 0037 2000 0000 0000 0000#1626598249500231#-56.5#1.4173982480063325#9
0000 0035 2000 0000 0000 0000#1626598249501293#-53.5#5.5284667595398505#9
0000 0038 2000 0000 0000 0000#1626598249504937#-53.5#2.4727770300716534#9
0000 0030 2000 0000 0000 0000#1626598249506183#-60.5#5.994796919057086#9
0000 003A 2000 0000 0000 0000#1626598249771989#-48.5#1.564660403643354#9
0000 0036 2000 0000 0000 0000#1626598249773053#-56.5#3.7429131224409646#9
0000 0033 2000 0000 0000 0000#1626598249774128#-60.0#0.44178646691106466#9
0000 002D 2000 0000 0000 0000#1626598249775437#-65.5#2.2396119503130363#9
0000 0034 2000 0000 0000 0000#1626598249776738#-56.0#1.7916895602504288#9
0000 002F 2000 0000 0000 0000#1626598249777735#-61.5#3.6263305825616556#9
0000 0038 2000 0000 0000 0000#1626598249778756#-56.0#5.93343768754166#9
0000 0031 2000 0000 0000 0000#1626598249780533#-57.0#4.743068596142402#9
0000 0032 2000 0000 0000 0000#1626598249781596#-58.0#5.283029833478148#9
0000 003B 2000 0000 0000 0000#1626598249782632#-52.0#3.6692820446224537#9
0000 0035 2000 0000 0000 0000#1626598249783809#-56.0#3.0495538063166547#9
0000 0037 2000 0000 0000 0000#1626598249784856#-56.0#4.8351074434155406#9
0000 0039 2000 0000 0000 0000#1626598249786606#-54.5#0.6320000846088841#9
0000 0030 2000 0000 0000 0000#1626598249788799#-63.0#4.006757817957295#9
FFFF FFFF FFFF FFFF FFFF FFFF#1626598249789848#-68.0#5.049864753719531#9
0000 002F 2000 0000 0000 0000#1626598249795042#-62.0#3.5772431973493153#9
0000 0038 2000 0000 0000 0000#1626598249796447#-56.0#5.8475347634200645#9
FFFF FFFF FFFF FFFF FFFF FFFF#1626598249797470#-69.0#4.822835597112456#9
0000 002D 2000 0000 0000 0000#1626598249798493#-65.0#2.2457478734645786#9
0000 0034 2000 0000 0000 0000#1626598249799849#-55.5#1.5830681730979816#9
0000 0035 2000 0000 0000 0000#1626598249800908#-56.0#2.9145634969827183#9
0000 0032 2000 0000 0000 0000#1626598249802737#-58.0#5.221670601962723#9
0000 003A 2000 0000 0000 0000#1626598249804017#-49.0#1.3621749396424494#9
0000 003B 2000 0000 0000 0000#1626598249805096#-52.5#3.552699504743145#9
0000 0033 2000 0000 0000 0000#1626598249806232#-59.5#0.04295146206079795#9
0000 0039 2000 0000 0000 0000#1626598249807299#-54.5#0.4295146206079795#9
0000 0031 2000 0000 0000 0000#1626598249808395#-57.0#4.657165672020807#9
0000 0037 2000 0000 0000 0000#1626598249809545#-56.5#4.675573441475434#9
0000 0036 2000 0000 0000 0000#1626598249810608#-56.5#3.5711072741977725#9
0000 0033 2000 0000 0000 0000#1626598250077365#-58.0#0.2699806186678728#9
0000 0034 2000 0000 0000 0000#1626598250080492#-56.0#1.2455923997631406#9
0000 002D 2000 0000 0000 0000#1626598250081504#-66.0#3.0372819600135696#9
0000 003B 2000 0000 0000 0000#1626598250082540#-54.0#4.000621894805752#9
