0000 0033 2000 0000 0000 0000#1626598400705200#-50.0#5.620505606812989#9
0000 002F 2000 0000 0000 0000#1626598400706278#-51.0#1.6505633277649499#9
0000 003A 2000 0000 0000 0000#1626598400708565#-48.0#2.12916533358527#9
0000 0036 2000 0000 0000 0000#1626598400709610#-48.0#3.9453985864418692#9
0000 0030 2000 0000 0000 0000#1626598400711619#-50.5#1.3560390164909069#9
0000 0035 2000 0000 0000 0000#1626598400714022#-47.5#4.1172044346850605#9
0000 0031 2000 0000 0000 0000#1626598400715812#-50.5#0.4295146206079795#9
0000 0038 2000 0000 0000 0000#1626598400717860#-47.0#3.32567034813607#9
0000 0034 2000 0000 0000 0000#1626598400719393#-49.5#4.865787059173254#9
0000 0039 2000 0000 0000 0000#1626598400720685#-46.5#2.84706834231575#9
0000 0037 2000 0000 0000 0000#1626598400721765#-47.5#3.5588354278946874#9
0000 003B 2000 0000 0000 0000#1626598400723415#-68.0#3.141592653589793#9
0000 0032 2000 0000 0000 0000#1626598400725355#-51.0#0.04908738521234052#9
0000 002E 2000 0000 0000 0000#1626598400726427#-49.5#2.110757564130642#9
0000 002D 2000 0000 0000 0000#1626598400727549#-52.0#2.313243028131547#9
0000 0031 2000 0000 0000 0000#1626598400733474#-50.5#0.4295146206079795#9
0000 0037 2000 0000 0000 0000#1626598400734496#-47.5#3.5588354278946874#9
0000 0038 2000 0000 0000 0000#1626598400736470#-46.5#3.3318062712876126#9
0000 003B 2000 0000 0000 0000#1626598400739151#-66.5#3.172272269347506#9
0000 0030 2000 0000 0000 0000#1626598400740207#-50.5#1.380582709097077#9
0000 002F 2000 0000 0000 0000#1626598400741298#-51.0#1.6689710972195777#9
0000 0036 2000 0000 0000 0000#1626598400742816#-48.0#3.9392626632903265#9
0000 003A 2000 0000 0000 0000#1626598400743865#-48.0#2.1353012567368124#9
0000 002D 2000 0000 0000 0000#1626598400745187#-52.0#2.3071071049800045#9
0000 002E 2000 0000 0000 0000#1626598400746285#-50.0#2.0923497946760143#9
0000 0033 2000 0000 0000 0000#1626598400748284#-49.5#5.602097837358362#9
0000 0032 2000 0000 0000 0000#1626598400749460#-49.0#0.006135923151542565#9
0000 0035 2000 0000 0000 0000#1626598400750507#-47.0#4.1172044346850605#9
0000 0034 2000 0000 0000 0000#1626598400752237#-49.5#4.865787059173254#9
0000 0039 2000 0000 0000 0000#1626598400753505#-46.5#2.8409324191642074#9
0000 002F 2000 0000 0000 0000#1626598401018591#-50.5#1.8285050991596843#9
0000 0034 2000 0000 0000 0000#1626598401019670#-49.0#5.013049214810275#9
0000 002E 2000 0000 0000 0000#1626598401020709#-50.0#2.3193789512830896#9
0000 0038 2000 0000 0000 0000#1626598401022044#-46.0#3.5158839658338894#9
0000 003B 2000 0000 0000 0000#1626598401023369#-67.5#3.0802334220743677#9
0000 0031 2000 0000 0000 0000#1626598401026132#-51.0#0.619728238305799#9
FFFF FFFF FFFF FFFF FFFF FFFF#1626598401027696#-68.0#5.473243451175968#9
0000 0037 2000 0000 0000 0000#1626598401028714#-47.0#3.761320891895592#9
0000 003A 2000 0000 0000 0000#1626598401030282#-48.0#2.3193789512830896#9
0000 0030 2000 0000 0000 0000#1626598401031335#-50.5#1.5830681730979816#9
0000 0032 2000 0000 0000 0000#1626598401032627#-50.0#0.25157284921324513#9
0000 0036 2000 0000 0000 0000#1626598401033720#-47.0#4.129476280988146#9
0000 002D 2000 0000 0000 0000#1626598401035881#-52.0#2.4911847995262812#9
0000 0035 2000 0000 0000 0000#1626598401036957#-47.0#4.295146206079795#9
0000 0039 2000 0000 0000 0000#1626598401040431#-47.0#3.0127382674073995#9
0000 0033 2000 0000 0000 0000#1626598401041986#-49.5#5.792311455056181#9
0000 003A 2000 0000 0000 0000#1626598401046376#-48.0#2.3071071049800045#9
0000 0037 2000 0000 0000 0000#1626598401047709#-47.5#3.7122335066832517#9
0000 0035 2000 0000 0000 0000#1626598401048771#-47.0#4.313553975534423#9
0000 002F 2000 0000 0000 0000#1626598401050076#-50.5#1.8530487917658545#9
0000 003B 2000 0000 0000 0000#1626598401051385#-67.5#3.2643111166206444#9
0000 0039 2000 0000 0000 0000#1626598401052465#-46.5#3.0250101137104846#9
0000 0036 2000 0000 0000 0000#1626598401053543#-47.0#4.111068511533518#9
0000 0033 2000 0000 0000 0000#1626598401054633#-49.5#5.810719224510809#9
0000 002D 2000 0000 0000 0000#1626598401055927#-51.5#2.4850488763747385#9
0000 002E 2000 0000 0000 0000#1626598401057977#-50.0#2.3009711818284617#9
0000 0032 2000 0000 0000 0000#1626598401059148#-48.5#0.2270291566070749#9
0000 0038 2000 0000 0000 0000#1626598401061394#-46.0#3.509748042682347#9
FFFF FFFF FFFF FFFF FFFF FFFF#1626598401062987#-68.0#5.338253141842031#9
0000 0034 2000 0000 0000 0000#1626598401066223#-49.0#5.031456984264903#9
0000 0030 2000 0000 0000 0000#1626598401067310#-51.0#1.5707963267948966#9
0000 0031 2000 0000 0000 0000#1626598401069328#-50.5#0.6320000846088841#9
0000 002F 2000 0000 0000 0000#1626598401334240#-50.0#2.6384469551633027#9
0000 002E 2000 0000 0000 0000#1626598401335556#-50.0#3.0925052683774528#9
0000 0035 2000 0000 0000 0000#1626598401337176#-46.5#5.037592907416445#9
0000 0034 2000 0000 0000 0000#1626598401338267#-49.5#5.859806609723149#9
0000 0039 2000 0000 0000 0000#1626598401339363#-44.5#3.6263305825616556#9
0000 0032 2000 0000 0000 0000#1626598401340424#-49.0#1.1535535524900022#9
0000 002D 2000 0000 0000 0000#1626598401341474#-51.0#3.3318062712876126#9
0000 0031 2000 0000 0000 0000#1626598401342511#-50.0#1.533980787885641#9
0000 0033 2000 0000 0000 0000#1626598401343573#-49.5#0.4356505437595221#9
0000 0036 2000 0000 0000 0000#1626598401344883#-47.0#4.859651136021712#9
FFFF FFFF FFFF FFFF FFFF FFFF#1626598401349091#-69.0#0.1349903093339364#9
0000 003A 2000 0000 0000 0000#1626598401350153#-43.5#2.8777479580734626#9
0000 0037 2000 0000 0000 0000#1626598401351639#-46.0#4.4362724385652745#9
0000 0038 2000 0000 0000 0000#1626598401352661#-44.5#4.166291819897402#9
0000 0030 2000 0000 0000 0000#1626598401353874#-49.5#2.399145952253143#9
0000 003B 2000 0000 0000 0000#1626598401355084#-66.5#4.479223900626073#9
0000 002D 2000 0000 0000 0000#1626598401359367#-50.5#3.356349963893783#9
0000 0033 2000 0000 0000 0000#1626598401361268#-49.5#0.5645049299419159#9
0000 0037 2000 0000 0000 0000#1626598401362573#-46.0#4.430136515413731#9
0000 002F 2000 0000 0000 0000#1626598401364131#-49.5#2.7120780329818137#9
0000 0034 2000 0000 0000 0000#1626598401365167#-49.5#6.013204688511713#9
FFFF FFFF FFFF FFFF FFFF FFFF#1626598401366257#-68.5#0.03681553890925539#9
0000 0032 2000 0000 0000 0000#1626598401367417#-47.5#1.2701360923693108#9
0000 003A 2000 0000 0000 0000#1626598401368495#-42.5#2.859340188618835#9
0000 0030 2000 0000 0000 0000#1626598401369830#-49.5#2.442097414313941#9
0000 0038 2000 0000 0000 0000#1626598401370907#-44.5#4.178563666200486#9
0000 0039 2000 0000 0000 0000#1626598401372191#-43.5#3.6570101983193686#9
0000 0035 2000 0000 0000 0000#1626598401373368#-47.0#5.154175447295755#9
0000 0036 2000 0000 0000 0000#1626598401374431#-47.0#4.9394181369917645#9
0000 003B 2000 0000 0000 0000#1626598401375727#-64.0#4.374913207049849#9
0000 0031 2000 0000 0000 0000#1626598401377501#-49.0#1.6751070203711202#9
0000 002E 2000 0000 0000 0000#1626598401379511#-49.0#3.184544115650591#9
0000 002D 2000 0000 0000 0000#1626598401644556#-48.5#3.6324665057131984#9
0000 0037 2000 0000 0000 0000#1626598401645831#-47.5#5.019185137961818#9
0000 0039 2000 0000 0000 0000#1626598401648232#-41.5#3.5956509668039427#9
0000 0035 2000 0000 0000 0000#1626598401649293#-48.5#0.05522330836388308#9
0000 0034 2000 0000 0000 0000#1626598401650569#-47.5#1.0615147052168636#9
0000 003A 2000 0000 0000 0000#1626598401651858#-35.0#2.60776733940559#9
0000 0031 2000 0000 0000 0000#1626598401652941#-45.0#2.270291566070749#9
0000 0038 2000 0000 0000 0000#1626598401654277#-45.5#4.405592822807561#9
0000 003B 2000 0000 0000 0000#1626598401655615#-45.0#3.153864499892878#9
0000 002F 2000 0000 0000 0000#1626598401657689#-46.5#3.074097498922825#9
0000 0032 2000 0000 0000 0000#1626598401658880#-44.5#2.086213871524472#9
0000 0033 2000 0000 0000 0000#1626598401659938#-45.5#1.6996507129772904#9
0000 0036 2000 0000 0000 0000#1626598401661218#-49.5#6.074563920027139#9
0000 0030 2000 0000 0000 0000#1626598401664725#-45.0#2.8716120349219203#9
0000 002E 2000 0000 0000 0000#1626598401665767#-46.0#3.472932503773092#9
0000 0030 2000 0000 0000 0000#1626598401669921#-45.5#2.890019804376548#9
0000 0039 2000 0000 0000 0000#1626598401671729#-41.5#3.6570101983193686#9
0000 0037 2000 0000 0000 0000#1626598401673612#-48.0#5.154175447295755#9
0000 0036 2000 0000 0000 0000#1626598401674646#-49.5#6.17273869045182#9
0000 0033 2000 0000 0000 0000#1626598401675718#-45.0#1.7671458676442586#9
0000 0034 2000 0000 0000 0000#1626598401676780#-47.0#1.2026409377023426#9
0000 0038 2000 0000 0000 0000#1626598401678089#-46.0#4.534447208989955#9
0000 003A 2000 0000 0000 0000#1626598401679382#-34.5#2.650718801466388#9
0000 0031 2000 0000 0000 0000#1626598401680476#-44.5#2.356194490192345#9
0000 003B 2000 0000 0000 0000#1626598401681768#-44.5#3.153864499892878#9
0000 002D 2000 0000 0000 0000#1626598401683093#-48.0#3.6999616603801666#9
0000 0032 2000 0000 0000 0000#1626598401685765#-44.0#2.1598449493429825#9
0000 002E 2000 0000 0000 0000#1626598401687262#-46.0#3.5281558121369745#9
0000 002F 2000 0000 0000 0000#1626598401689019#-46.0#3.1661363461959633#9
0000 0035 2000 0000 0000 0000#1626598401690123#-48.5#0.3436116964863836#9
0000 0033 2000 0000 0000 0000#1626598401954365#-41.5#2.227340104009951#9
0000 0031 2000 0000 0000 0000#1626598401955630#-41.5#2.6691265709210157#9
0000 0030 2000 0000 0000 0000#1626598401957530#-43.5#3.1784081924990484#9
0000 0032 2000 0000 0000 0000#1626598401959902#-41.0#2.521864415283994#9
0000 002F 2000 0000 0000 0000#1626598401960967#-44.0#3.399301425954581#9
0000 0037 2000 0000 0000 0000#1626598401962300#-48.5#0.2270291566070749#9
0000 0034 2000 0000 0000 0000#1626598401963845#-43.0#1.8530487917658545#9
0000 0036 2000 0000 0000 0000#1626598401965400#-46.0#1.0983302441261191#9
0000 003B 2000 0000 0000 0000#1626598401966469#-40.5#3.4054373491061236#9
0000 003A 2000 0000 0000 0000#1626598401967531#-35.0#3.1906800388021335#9
0000 0039 2000 0000 0000 0000#1626598401968586#-43.0#4.491495746929157#9
0000 0035 2000 0000 0000 0000#1626598401969705#-44.5#1.3008157081270237#9
0000 002E 2000 0000 0000 0000#1626598401970987#-45.0#3.7429131224409646#9
0000 002D 2000 0000 0000 0000#1626598401972751#-47.0#3.933126740138784#9
0000 0038 2000 0000 0000 0000#1626598401974685#-47.5#5.786175531904639#9
0000 0038 2000 0000 0000 0000#1626598401979540#-47.5#5.822991070813893#9
0000 0035 2000 0000 0000 0000#1626598401980803#-44.5#1.368310862793992#9
0000 0037 2000 0000 0000 0000#1626598401982364#-48.0#0.34974761963792617#9
0000 002E 2000 0000 0000 0000#1626598401984216#-44.5#3.7551849687440497#9
0000 0030 2000 0000 0000 0000#1626598401985500#-43.0#3.2459033471660166#9
0000 003A 2000 0000 0000 0000#1626598401986803#-34.5#3.2888548092268146#9
0000 0034 2000 0000 0000 0000#1626598401988126#-42.0#1.9205439464328227#9
0000 0039 2000 0000 0000 0000#1626598401989918#-43.0#4.657165672020807#9
0000 002F 2000 0000 0000 0000#1626598401990969#-43.5#3.466796580621549#9
0000 003B 2000 0000 0000 0000#1626598401992007#-40.5#3.497476196379262#9
0000 0031 2000 0000 0000 0000#1626598401993587#-41.0#2.761165418194154#9
0000 0032 2000 0000 0000 0000#1626598401994678#-40.5#2.60776733940559#9
0000 0036 2000 0000 0000 0000#1626598401996027#-45.0#1.2517283229146832#9
0000 0033 2000 0000 0000 0000#1626598402000168#-41.5#2.3746022596469727#9
0000 002D 2000 0000 0000 0000#1626598402001705#-47.0#3.988350048502667#9
0000 0035 2000 0000 0000 0000#1626598402265854#-40.5#2.356194490192345#9
0000 003A 2000 0000 0000 0000#1626598402267155#-33.5#4.81056375080937#9
0000 003B 2000 0000 0000 0000#1626598402268523#-39.5#4.773748211900116#9
0000 002D 2000 0000 0000 0000#1626598402269788#-46.0#4.608078286808466#9
0000 0031 2000 0000 0000 0000#1626598402270827#-39.5#3.5833791205008576#9
0000 0037 2000 0000 0000 0000#1626598402273356#-43.5#1.662835174068035#9
0000 0036 2000 0000 0000 0000#1626598402277488#-41.5#2.2150682577068657#9
0000 002F 2000 0000 0000 0000#1626598402278580#-42.5#4.2092432819582#9
0000 0030 2000 0000 0000 0000#1626598402279678#-41.5#4.080388895775806#9
0000 0034 2000 0000 0000 0000#1626598402281182#-39.5#2.779573187648782#9
0000 0039 2000 0000 0000 0000#1626598402282250#-41.5#0.04908738521234052#9
0000 0033 2000 0000 0000 0000#1626598402283406#-38.0#3.215223731408304#9
0000 0032 2000 0000 0000 0000#1626598402284667#-39.0#3.466796580621549#9
FFFF FFFF FFFF FFFF FFFF FFFF#1626598402289141#-68.0#5.387340527054372#9
0000 0038 2000 0000 0000 0000#1626598402290871#-43.5#1.227184630308513#9
0000 002E 2000 0000 0000 0000#1626598402291985#-43.5#4.485359823777615#9
0000 0038 2000 0000 0000 0000#1626598402296713#-43.5#1.2517283229146832#9
0000 0036 2000 0000 0000 0000#1626598402298250#-41.5#2.2641556429192065#9
0000 0039 2000 0000 0000 0000#1626598402300230#-41.0#0.15339807878856412#9
0000 002D 2000 0000 0000 0000#1626598402302395#-46.0#4.651029748869264#9
0000 003A 2000 0000 0000 0000#1626598402303442#-33.0#4.988505522204105#9
0000 0035 2000 0000 0000 0000#1626598402305232#-40.0#2.405281875404685#9
0000 0033 2000 0000 0000 0000#1626598402306322#-39.0#3.2520392703175593#9
0000 0030 2000 0000 0000 0000#1626598402308029#-41.5#4.104932588381976#9
0000 002E 2000 0000 0000 0000#1626598402309084#-43.5#4.516039439535327#9
0000 0034 2000 0000 0000 0000#1626598402310133#-39.5#2.84706834231575#9
0000 0032 2000 0000 0000 0000#1626598402312071#-38.5#3.54042765844006#9
0000 003B 2000 0000 0000 0000#1626598402313252#-39.0#4.9394181369917645#9
0000 002F 2000 0000 0000 0000#1626598402314301#-42.5#4.295146206079795#9
FFFF FFFF FFFF FFFF FFFF FFFF#1626598402315365#-68.0#5.283029833478148#9
0000 0031 2000 0000 0000 0000#1626598402316415#-39.5#3.6570101983193686#9
0000 0037 2000 0000 0000 0000#1626598402317621#-42.5#1.7794177139473437#9
0000 0039 2000 0000 0000 0000#1626598402580837#-37.0#1.7732817907958012#9
0000 0036 2000 0000 0000 0000#1626598402582144#-38.5#3.479068426924634#9
0000 0035 2000 0000 0000 0000#1626598402583887#-38.0#3.5833791205008576#9
0000 003A 2000 0000 0000 0000#1626598402586078#-31.0#0.5706408530934585#9
0000 0033 2000 0000 0000 0000#1626598402587379#-37.5#4.442408361716817#9
0000 0032 2000 0000 0000 0000#1626598402588945#-38.0#4.663301595172349#9
0000 002D 2000 0000 0000 0000#1626598402590041#-45.5#5.50392306693368#9
FFFF FFFF FFFF FFFF FFFF FFFF#1626598402591164#-67.5#0.16566992509164924#9
0000 0037 2000 0000 0000 0000#1626598402593037#-39.5#2.9575149590435164#9
0000 003B 2000 0000 0000 0000#1626598402594149#-38.0#0.4970097752749477#9
0000 0030 2000 0000 0000 0000#1626598402595206#-40.0#5.166447293598839#9
0000 002F 2000 0000 0000 0000#1626598402597301#-41.0#5.270757987175063#9
0000 002E 2000 0000 0000 0000#1626598402598797#-42.5#5.442563835418255#9
0000 0038 2000 0000 0000 0000#1626598402599877#-39.0#2.60776733940559#9
0000 0031 2000 0000 0000 0000#1626598402601241#-38.5#4.81056375080937#9
0000 0034 2000 0000 0000 0000#1626598402604301#-38.0#4.06811704947272#9
0000 0031 2000 0000 0000 0000#1626598402607863#-38.0#4.822835597112456#9
0000 0038 2000 0000 0000 0000#1626598402609458#-38.5#2.6261751088602177#9
0000 0033 2000 0000 0000 0000#1626598402610615#-36.0#4.466952054322987#9
0000 003A 2000 0000 0000 0000#1626598402613714#-31.0#0.6810874698212247#9
0000 0035 2000 0000 0000 0000#1626598402614767#-37.5#3.6386024288647407#9
0000 0032 2000 0000 0000 0000#1626598402615811#-37.5#4.718524903536232#9
FFFF FFFF FFFF FFFF FFFF FFFF#1626598402617840#-67.5#6.2034183062095325#9
0000 003B 2000 0000 0000 0000#1626598402618948#-38.0#0.607456392002714#9
0000 0039 2000 0000 0000 0000#1626598402620016#-36.5#1.88986433067511#9
0000 0034 2000 0000 0000 0000#1626598402621150#-37.5#4.104932588381976#9
0000 002F 2000 0000 0000 0000#1626598402622710#-41.0#5.307573526084319#9
0000 002D 2000 0000 0000 0000#1626598402623780#-45.5#5.522330836388308#9
0000 0030 2000 0000 0000 0000#1626598402624961#-39.5#5.209398755659637#9
0000 0036 2000 0000 0000 0000#1626598402627397#-38.0#3.5588354278946874#9
0000 0037 2000 0000 0000 0000#1626598402628490#-39.5#3.0495538063166547#9
0000 002E 2000 0000 0000 0000#1626598402629676#-42.5#5.460971604872882#9
0000 003A 2000 0000 0000 0000#1626598402893583#-28.0#1.227184630308513#9
0000 0037 2000 0000 0000 0000#1626598402896015#-37.5#3.1784081924990484#9
0000 0038 2000 0000 0000 0000#1626598402897068#-36.0#2.816388726558037#9
0000 002D 2000 0000 0000 0000#1626598402898399#-44.5#5.2339424482658075#9
0000 0036 2000 0000 0000 0000#1626598402900204#-37.0#3.6692820446224537#9
FFFF FFFF FFFF FFFF FFFF FFFF#1626598402901285#-68.0#5.307573526084319#9
0000 0030 2000 0000 0000 0000#1626598402902340#-39.0#5.129631754689584#9
0000 003B 2000 0000 0000 0000#1626598402903364#-35.0#1.3192234775816514#9
0000 0032 2000 0000 0000 0000#1626598402904413#-36.5#4.779884135051658#9
0000 0039 2000 0000 0000 0000#1626598402905495#-33.5#2.2027964114037806#9
0000 0033 2000 0000 0000 0000#1626598402906500#-36.5#4.620350133111551#9
0000 002F 2000 0000 0000 0000#1626598402907632#-40.0#5.184855063053467#9
0000 0035 2000 0000 0000 0000#1626598402908728#-36.5#3.77972866135022#9
0000 0031 2000 0000 0000 0000#1626598402909790#-37.0#4.847379289718626#9
0000 002E 2000 0000 0000 0000#1626598402911119#-41.5#5.221670601962723#9
0000 0034 2000 0000 0000 0000#1626598402913221#-36.5#4.239922897715912#9
0000 0036 2000 0000 0000 0000#1626598402917837#-37.0#3.693825737228624#9
0000 002E 2000 0000 0000 0000#1626598402919190#-41.5#5.2339424482658075#9
0000 0038 2000 0000 0000 0000#1626598402920256#-36.0#2.8777479580734626#9
0000 0034 2000 0000 0000 0000#1626598402921927#-35.0#4.25833066717054#9
0000 0033 2000 0000 0000 0000#1626598402923005#-36.5#4.6448938257177215#9
0000 002D 2000 0000 0000 0000#1626598402924074#-44.0#5.240078371417351#9
0000 0039 2000 0000 0000 0000#1626598402925383#-33.5#2.2641556429192065#9
0000 002F 2000 0000 0000 0000#1626598402927731#-40.0#5.197126909356553#9
0000 0037 2000 0000 0000 0000#1626598402928737#-37.0#3.227495577711389#9
0000 0035 2000 0000 0000 0000#1626598402930343#-36.5#3.834951969714103#9
0000 003A 2000 0000 0000 0000#1626598402931920#-27.5#1.3560390164909069#9
0000 003B 2000 0000 0000 0000#1626598402933016#-35.0#1.4419419406125027#9
0000 0031 2000 0000 0000 0000#1626598402936662#-37.0#4.890330751779424#9
FFFF FFFF FFFF FFFF FFFF FFFF#1626598402940341#-69.0#5.332117218690489#9
0000 0032 2000 0000 0000 0000#1626598402942474#-35.5#4.822835597112456#9
0000 0030 2000 0000 0000 0000#1626598402943576#-39.0#5.160311370447297#9
0000 002F 2000 0000 0000 0000#1626598403209593#-40.5#4.9823695990525625#9
FFFF FFFF FFFF FFFF FFFF FFFF#1626598403210690#-68.5#4.878058905476339#9
0000 003B 2000 0000 0000 0000#1626598403211785#-32.5#2.018718716857504#9
0000 002E 2000 0000 0000 0000#1626598403212840#-42.0#4.945554060143307#9
0000 002D 2000 0000 0000 0000#1626598403213921#-45.5#4.878058905476339#9
0000 0034 2000 0000 0000 0000#1626598403215282#-36.5#4.301282129231338#9
0000 0031 2000 0000 0000 0000#1626598403216361#-37.5#4.798291904506286#9
0000 0030 2000 0000 0000 0000#1626598403217473#-39.0#4.9823695990525625#9
0000 003A 2000 0000 0000 0000#1626598403219051#-26.0#1.859184714917397#9
0000 0038 2000 0000 0000 0000#1626598403220117#-35.5#3.117048960983623#9
0000 0036 2000 0000 0000 0000#1626598403221210#-37.0#3.792000507653305#9
0000 0033 2000 0000 0000 0000#1626598403222616#-36.0#4.669437518323892#9
0000 0039 2000 0000 0000 0000#1626598403223711#-31.5#2.5770877236478773#9
0000 0037 2000 0000 0000 0000#1626598403226444#-36.0#3.3747577333484107#9
0000 0032 2000 0000 0000 0000#1626598403230481#-37.0#4.76147636559703#9
0000 0035 2000 0000 0000 0000#1626598403232373#-36.5#3.9269908169872414#9
0000 003B 2000 0000 0000 0000#1626598403236845#-33.0#2.086213871524472#9
0000 002E 2000 0000 0000 0000#1626598403237940#-42.0#4.921010367537137#9
0000 0035 2000 0000 0000 0000#1626598403239975#-36.5#3.933126740138784#9
0000 0038 2000 0000 0000 0000#1626598403241766#-35.0#3.153864499892878#9
0000 0036 2000 0000 0000 0000#1626598403242889#-37.0#3.847223816017188#9
0000 0032 2000 0000 0000 0000#1626598403244241#-37.5#4.773748211900116#9
0000 0039 2000 0000 0000 0000#1626598403245351#-31.5#2.60776733940559#9
0000 002F 2000 0000 0000 0000#1626598403246660#-40.5#4.988505522204105#9
0000 0033 2000 0000 0000 0000#1626598403248073#-36.0#4.6878452877785195#9
0000 0034 2000 0000 0000 0000#1626598403249067#-36.5#4.331961744989051#9
0000 0031 2000 0000 0000 0000#1626598403250331#-37.5#4.81056375080937#9
0000 003A 2000 0000 0000 0000#1626598403251972#-24.0#1.9389517158874505#9
0000 002D 2000 0000 0000 0000#1626598403253297#-45.5#4.853515212870168#9
0000 0037 2000 0000 0000 0000#1626598403254831#-36.0#3.423845118560751#9
FFFF FFFF FFFF FFFF FFFF FFFF#1626598403257263#-68.5#4.589670517353839#9
0000 0030 2000 0000 0000 0000#1626598403259417#-39.5#4.988505522204105#9
0000 0038 2000 0000 0000 0000#1626598403523993#-34.5#3.8717675086233583#9
0000 0034 2000 0000 0000 0000#1626598403525295#-37.0#4.743068596142402#9
0000 0030 2000 0000 0000 0000#1626598403526568#-40.5#5.105088062083414#9
0000 003B 2000 0000 0000 0000#1626598403528147#-33.0#3.129320807286708#9
0000 002E 2000 0000 0000 0000#1626598403530143#-44.0#4.921010367537137#9
0000 0036 2000 0000 0000 0000#1626598403531208#-36.5#4.381049130201391#9
0000 003A 2000 0000 0000 0000#1626598403532482#-25.5#2.804116880254952#9
0000 002D 2000 0000 0000 0000#1626598403533803#-47.5#4.76147636559703#9
0000 0032 2000 0000 0000 0000#1626598403534795#-38.0#5.0253210611133605#9
0000 0035 2000 0000 0000 0000#1626598403536813#-36.0#4.430136515413731#9
0000 0039 2000 0000 0000 0000#1626598403538160#-31.5#3.436116964863836#9
0000 002F 2000 0000 0000 0000#1626598403542610#-42.0#5.037592907416445#9
0000 0033 2000 0000 0000 0000#1626598403544510#-37.5#4.994641445355648#9
0000 0037 2000 0000 0000 0000#1626598403546270#-36.0#4.06811704947272#9
0000 0031 2000 0000 0000 0000#1626598403547464#-38.5#4.994641445355648#9
FFFF FFFF FFFF FFFF FFFF FFFF#1626598403548659#-68.5#5.062136600022616#9
0000 0033 2000 0000 0000 0000#1626598403552842#-36.0#5.006913291658733#9
0000 003A 2000 0000 0000 0000#1626598403554344#-25.5#2.84706834231575#9
0000 0034 2000 0000 0000 0000#1626598403555981#-37.0#4.743068596142402#9
0000 002E 2000 0000 0000 0000#1626598403557516#-44.0#4.890330751779424#9
0000 0035 2000 0000 0000 0000#1626598403558554#-36.0#4.442408361716817#9
0000 0037 2000 0000 0000 0000#1626598403559635#-35.5#4.074252972624263#9
0000 002F 2000 0000 0000 0000#1626598403560953#-42.5#5.031456984264903#9
0000 003B 2000 0000 0000 0000#1626598403561992#-32.5#3.2029518851052186#9
0000 0038 2000 0000 0000 0000#1626598403563302#-35.0#3.9392626632903265#9
0000 0036 2000 0000 0000 0000#1626598403573701#-36.0#5.148039524144211#9
0000 0032 2000 0000 0000 0000#1626598403574873#-38.0#5.7616318392984684#9
0000 0030 2000 0000 0000 0000#1626598403575932#-41.0#5.829126993965437#9
0000 0039 2000 0000 0000 0000#1626598403577244#-31.0#4.319689898685965#9
FFFF FFFF FFFF FFFF FFFF FFFF#1626598403578722#-68.0#0.1227184630308513#9
0000 002D 2000 0000 0000 0000#1626598403580642#-47.5#5.497787143782138#9
0000 0031 2000 0000 0000 0000#1626598403581707#-38.5#5.749359992995383#9
FFFF FFFF FFFF FFFF FFFF FFFF#1626598403845531#-69.5#5.9518454569962875#9
0000 003A 2000 0000 0000 0000#1626598403846562#-26.0#3.9944859716542096#9
0000 0034 2000 0000 0000 0000#1626598403847894#-37.0#5.184855063053467#9
0000 003B 2000 0000 0000 0000#1626598403848977#-32.0#4.424000592262189#9
0000 002E 2000 0000 0000 0000#1626598403849987#-45.5#5.031456984264903#9
0000 0038 2000 0000 0000 0000#1626598403852009#-34.0#4.76147636559703#9
0000 0037 2000 0000 0000 0000#1626598403853799#-35.0#4.81056375080937#9
0000 0033 2000 0000 0000 0000#1626598403854844#-38.5#5.344389064993574#9
0000 0036 2000 0000 0000 0000#1626598403855910#-36.0#4.9823695990525625#9
0000 0039 2000 0000 0000 0000#1626598403857520#-31.0#4.479223900626073#9
0000 002D 2000 0000 0000 0000#1626598403860080#-49.0#4.847379289718626#9
0000 0032 2000 0000 0000 0000#1626598403861596#-39.0#5.289165756629691#9
0000 002F 2000 0000 0000 0000#1626598403864569#-44.0#5.197126909356553#9
0000 0031 2000 0000 0000 0000#1626598403865678#-40.0#5.240078371417351#9
0000 0035 2000 0000 0000 0000#1626598403867924#-35.5#5.00077736850719#9
0000 0030 2000 0000 0000 0000#1626598403869147#-42.5#5.295301679781233#9
0000 0034 2000 0000 0000 0000#1626598403874854#-37.0#5.154175447295755#9
0000 003A 2000 0000 0000 0000#1626598403875981#-24.0#4.031301510563465#9
0000 002D 2000 0000 0000 0000#1626598403877048#-49.5#4.804427827657828#9
0000 0035 2000 0000 0000 0000#1626598403878084#-35.5#4.9823695990525625#9
0000 0031 2000 0000 0000 0000#1626598403879660#-40.0#5.2339424482658075#9
0000 0037 2000 0000 0000 0000#1626598403880954#-35.0#4.822835597112456#9
0000 003B 2000 0000 0000 0000#1626598403881980#-32.0#4.491495746929157#9
0000 0038 2000 0000 0000 0000#1626598403883971#-34.0#4.792155981354743#9
0000 002F 2000 0000 0000 0000#1626598403886236#-44.0#5.178719139901925#9
FFFF FFFF FFFF FFFF FFFF FFFF#1626598403887232#-68.0#5.970253226450915#9
0000 0036 2000 0000 0000 0000#1626598403889249#-36.0#4.963961829597935#9
0000 0039 2000 0000 0000 0000#1626598403890359#-31.0#4.491495746929157#9
0000 0030 2000 0000 0000 0000#1626598403891869#-42.5#5.246214294568893#9
0000 002E 2000 0000 0000 0000#1626598403892964#-46.0#4.963961829597935#9
0000 0033 2000 0000 0000 0000#1626598403896208#-38.5#5.313709449235861#9
0000 0032 2000 0000 0000 0000#1626598403897369#-39.5#5.246214294568893#9
0000 0031 2000 0000 0000 0000#1626598404163117#-41.5#4.387185053352934#9
0000 0036 2000 0000 0000 0000#1626598404164680#-36.0#4.387185053352934#9
0000 0034 2000 0000 0000 0000#1626598404165771#-37.5#4.448544284868359#9
0000 0039 2000 0000 0000 0000#1626598404167857#-30.5#4.227651051412827#9
0000 0038 2000 0000 0000 0000#1626598404168966#-33.0#4.405592822807561#9
0000 003B 2000 0000 0000 0000#1626598404181390#-32.0#4.71238898038469#9
0000 0035 2000 0000 0000 0000#1626598404182413#-35.5#4.522175362686871#9
FFFF FFFF FFFF FFFF FFFF FFFF#1626598404184729#-68.0#5.651185222570702#9
0000 002D 2000 0000 0000 0000#1626598404185825#-52.5#3.9208548938356986#9
0000 002F 2000 0000 0000 0000#1626598404187143#-46.5#4.417864669110647#9
0000 002E 2000 0000 0000 0000#1626598404188484#-48.5#4.172427743048944#9
0000 0033 2000 0000 0000 0000#1626598404189574#-40.0#4.700117134081604#9
0000 0030 2000 0000 0000 0000#1626598404191116#-44.5#4.528311285838413#9
0000 003A 2000 0000 0000 0000#1626598404192675#-25.5#4.129476280988146#9
0000 0037 2000 0000 0000 0000#1626598404195945#-34.5#4.503767593232243#9
0000 0032 2000 0000 0000 0000#1626598404198077#-41.0#4.595806440505381#9
0000 0031 2000 0000 0000 0000#1626598404204485#-42.0#4.503767593232243#9
0000 0036 2000 0000 0000 0000#1626598404205594#-35.5#4.540583132141498#9
0000 002D 2000 0000 0000 0000#1626598404206889#-52.5#3.890175278077986#9
0000 0037 2000 0000 0000 0000#1626598404208707#-34.5#4.4976316700806995#9
0000 0039 2000 0000 0000 0000#1626598404209988#-30.5#4.430136515413731#9
0000 0034 2000 0000 0000 0000#1626598404211263#-37.5#4.577398671050753#9
0000 003B 2000 0000 0000 0000#1626598404213813#-32.0#4.755340442445488#9
0000 0038 2000 0000 0000 0000#1626598404215362#-33.0#4.577398671050753#9
0000 002E 2000 0000 0000 0000#1626598404216459#-49.0#4.0987966652304335#9
FFFF FFFF FFFF FFFF FFFF FFFF#1626598404217539#-69.5#5.651185222570702#9
0000 0035 2000 0000 0000 0000#1626598404218628#-35.5#4.479223900626073#9
0000 0030 2000 0000 0000 0000#1626598404219939#-45.0#4.454680208019902#9
0000 003A 2000 0000 0000 0000#1626598404221015#-25.5#4.147884050442774#9
0000 0033 2000 0000 0000 0000#1626598404222817#-40.0#4.669437518323892#9
0000 0032 2000 0000 0000 0000#1626598404226087#-41.0#4.540583132141498#9
0000 002F 2000 0000 0000 0000#1626598404227507#-47.0#4.331961744989051#9
0000 003A 2000 0000 0000 0000#1626598404491330#-25.0#3.6017868899554855#9
0000 0039 2000 0000 0000 0000#1626598404494003#-30.5#3.724505352986337#9
0000 002D 2000 0000 0000 0000#1626598404495029#-55.5#2.2150682577068657#9
0000 002F 2000 0000 0000 0000#1626598404496305#-50.0#2.9145634969827183#9
0000 0038 2000 0000 0000 0000#1626598404497384#-33.0#3.761320891895592#9
0000 0035 2000 0000 0000 0000#1626598404498686#-36.5#3.4177091954092087#9
0000 003B 2000 0000 0000 0000#1626598404499757#-31.0#4.387185053352934#9
0000 0034 2000 0000 0000 0000#1626598404501318#-38.5#3.423845118560751#9
0000 0032 2000 0000 0000 0000#1626598404503113#-43.5#3.215223731408304#9
0000 0036 2000 0000 0000 0000#1626598404504349#-36.5#3.497476196379262#9
0000 0030 2000 0000 0000 0000#1626598404505432#-48.0#3.031146036862027#9
0000 0037 2000 0000 0000 0000#1626598404506755#-34.5#3.5833791205008576#9
0000 0033 2000 0000 0000 0000#1626598404508059#-42.0#3.399301425954581#9
0000 002E 2000 0000 0000 0000#1626598404509410#-52.0#2.5341362615870793#9
0000 0031 2000 0000 0000 0000#1626598404510864#-45.5#3.074097498922825#9
0000 0035 2000 0000 0000 0000#1626598404518430#-36.5#3.3747577333484107#9
0000 0036 2000 0000 0000 0000#1626598404519523#-36.5#3.472932503773092#9
0000 0038 2000 0000 0000 0000#1626598404520756#-33.0#3.736777199289422#9
0000 0032 2000 0000 0000 0000#1626598404521846#-44.0#3.153864499892878#9
0000 0039 2000 0000 0000 0000#1626598404522899#-30.5#3.706097583531709#9
0000 002E 2000 0000 0000 0000#1626598404524666#-52.0#2.478912953223196#9
0000 003B 2000 0000 0000 0000#1626598404525776#-31.0#4.399456899656019#9
0000 002F 2000 0000 0000 0000#1626598404526796#-49.5#2.7857091108003242#9
0000 0037 2000 0000 0000 0000#1626598404528138#-34.5#3.552699504743145#9
0000 003A 2000 0000 0000 0000#1626598404529469#-25.0#3.5956509668039427#9
0000 0034 2000 0000 0000 0000#1626598404531779#-39.0#3.3502140407422405#9
0000 0033 2000 0000 0000 0000#1626598404533072#-41.5#3.313398501832985#9
0000 002D 2000 0000 0000 0000#1626598404534196#-55.5#2.073942025221387#9
0000 0031 2000 0000 0000 0000#1626598404535361#-45.5#2.9697868053466014#9
0000 0030 2000 0000 0000 0000#1626598404537300#-48.5#2.9084275738311756#9
0000 0039 2000 0000 0000 0000#1626598404802851#-29.5#4.454680208019902#9
0000 003A 2000 0000 0000 0000#1626598404803898#-24.5#4.491495746929157#9
0000 0036 2000 0000 0000 0000#1626598404805477#-37.0#3.9208548938356986#9
0000 0037 2000 0000 0000 0000#1626598404807335#-34.5#4.111068511533518#9
0000 0038 2000 0000 0000 0000#1626598404808615#-32.5#4.356505437595221#9
0000 0030 2000 0000 0000 0000#1626598404809941#-50.0#2.8961557275280905#9
0000 0031 2000 0000 0000 0000#1626598404811261#-46.5#3.0925052683774528#9
0000 0032 2000 0000 0000 0000#1626598404812837#-45.0#3.2520392703175593#9
0000 002E 2000 0000 0000 0000#1626598404813921#-54.5#2.2027964114037806#9
0000 0034 2000 0000 0000 0000#1626598404814966#-39.0#3.6754179677739964#9
0000 003B 2000 0000 0000 0000#1626598404816335#-30.5#5.344389064993574#9
0000 0035 2000 0000 0000 0000#1626598404818891#-36.5#3.730641276137879#9
0000 002F 2000 0000 0000 0000#1626598404820263#-52.0#2.662990647769473#9
0000 002D 2000 0000 0000 0000#1626598404821333#-57.5#1.6505633277649499#9
0000 0033 2000 0000 0000 0000#1626598404822608#-42.5#3.485204350076177#9
0C21 0537 8123 1003 2202 062F#1626598404825189#-68.0#1.6935147898257479#9
0000 0032 2000 0000 0000 0000#1626598404834588#-45.0#3.1784081924990484#9
0000 0038 2000 0000 0000 0000#1626598404836481#-32.5#4.3074180523828804#9
0000 002D 2000 0000 0000 0000#1626598404837974#-58.0#1.6137477888556946#9
0C21 0537 8123 1003 2202 062F#1626598404839044#-67.0#1.6812429435226628#9
0000 0037 2000 0000 0000 0000#1626598404840090#-34.5#4.049709280018092#9
0000 003A 2000 0000 0000 0000#1626598404841167#-24.5#4.460816131171445#9
0000 002F 2000 0000 0000 0000#1626598404842215#-52.0#2.5709518004963345#9
0000 0034 2000 0000 0000 0000#1626598404843292#-39.0#3.5956509668039427#9
0000 0039 2000 0000 0000 0000#1626598404844332#-30.0#4.399456899656019#9
0000 0030 2000 0000 0000 0000#1626598404845389#-50.5#2.767301341345697#9
0000 003B 2000 0000 0000 0000#1626598404846694#-30.5#5.332117218690489#9
0000 0031 2000 0000 0000 0000#1626598404847748#-46.5#2.9268353432858034#9
0000 0033 2000 0000 0000 0000#1626598404848849#-42.5#3.4177091954092087#9
0000 002E 2000 0000 0000 0000#1626598404850557#-54.5#2.0064468705544187#9
0000 0036 2000 0000 0000 0000#1626598404854250#-37.0#3.77972866135022#9
0000 0035 2000 0000 0000 0000#1626598404855298#-36.5#3.650874275167826#9
0000 003A 2000 0000 0000 0000#1626598405123026#-24.5#3.8410878928656453#9
0000 003B 2000 0000 0000 0000#1626598405124082#-31.0#4.921010367537137#9
0000 0039 2000 0000 0000 0000#1626598405125422#-31.0#3.6754179677739964#9
0000 0030 2000 0000 0000 0000#1626598405127487#-53.0#0.9387962421860124#9
0000 0038 2000 0000 0000 0000#1626598405128523#-33.5#3.509748042682347#9
0000 002E 2000 0000 0000 0000#1626598405130830#-48.0#5.583690067903734#9
0000 0034 2000 0000 0000 0000#1626598405131895#-41.0#2.564815877344792#9
0000 0032 2000 0000 0000 0000#1626598405133411#-47.5#1.846912868614312#9
0000 0031 2000 0000 0000 0000#1626598405135463#-50.0#1.5707963267948966#9
0000 0037 2000 0000 0000 0000#1626598405136770#-36.0#3.1906800388021335#9
0000 002D 2000 0000 0000 0000#1626598405138788#-45.5#5.240078371417351#9
0000 002F 2000 0000 0000 0000#1626598405139821#-54.5#0.6749515466696822#9
0000 0036 2000 0000 0000 0000#1626598405141985#-38.0#2.8409324191642074#9
0000 0035 2000 0000 0000 0000#1626598405143161#-38.0#2.6813984172241008#9
0C21 0537 8123 1003 2202 062F#1626598405144749#-68.5#1.1658253987930873#9
0000 0033 2000 0000 0000 0000#1626598405145738#-46.0#2.2089323345553233#9
0000 0031 2000 0000 0000 0000#1626598405152089#-50.0#1.4419419406125027#9
0000 0036 2000 0000 0000 0000#1626598405153196#-38.0#2.8102528034064944#9
0000 003A 2000 0000 0000 0000#1626598405155054#-24.0#3.767456815047135#9
0000 003B 2000 0000 0000 0000#1626598405156334#-31.5#4.878058905476339#9
0000 0033 2000 0000 0000 0000#1626598405158106#-45.5#2.172116795646068#9
0000 002D 2000 0000 0000 0000#1626598405159430#-45.5#5.148039524144211#9
0000 0034 2000 0000 0000 0000#1626598405160504#-41.5#2.4850488763747385#9
0000 0038 2000 0000 0000 0000#1626598405161616#-34.0#3.436116964863836#9
0000 0035 2000 0000 0000 0000#1626598405162678#-38.0#2.6323110320117604#9
0000 002F 2000 0000 0000 0000#1626598405164724#-53.0#0.32520392703175593#9
0000 0037 2000 0000 0000 0000#1626598405166532#-36.5#3.0802334220743677#9
0000 0032 2000 0000 0000 0000#1626598405167874#-47.0#1.6751070203711202#9
0000 0039 2000 0000 0000 0000#1626598405169002#-31.0#3.5833791205008576#9
0000 002E 2000 0000 0000 0000#1626598405169982#-46.0#5.289165756629691#9
0C21 0537 8123 1003 2202 062F#1626598405171227#-68.5#1.2640001692177683#9
0000 0030 2000 0000 0000 0000#1626598405172795#-53.0#0.5399612373357456#9
0000 0033 2000 0000 0000 0000#1626598405442981#-49.0#0.380427235395639#9
0000 0037 2000 0000 0000 0000#1626598405445113#-38.5#2.184388641949153#9
0000 003A 2000 0000 0000 0000#1626598405446159#-27.0#2.9145634969827183#9
0000 0031 2000 0000 0000 0000#1626598405447669#-45.5#4.957825906446392#9
0000 003B 2000 0000 0000 0000#1626598405448749#-33.0#4.196971435655114#9
0000 002D 2000 0000 0000 0000#1626598405449817#-60.0#3.5956509668039427#9
0000 0035 2000 0000 0000 0000#1626598405451656#-42.5#1.5585244804918115#9
0000 0034 2000 0000 0000 0000#1626598405452663#-44.5#1.1474176293384597#9
0000 0036 2000 0000 0000 0000#1626598405453741#-41.5#1.7671458676442586#9
0000 0030 2000 0000 0000 0000#1626598405455065#-43.5#4.301282129231338#9
0000 0032 2000 0000 0000 0000#1626598405457752#-48.0#5.491651220630596#9
0000 0039 2000 0000 0000 0000#1626598405458805#-33.0#2.705942109830271#9
0000 002F 2000 0000 0000 0000#1626598405460389#-44.5#4.2031073588066565#9
0000 0038 2000 0000 0000 0000#1626598405461400#-36.5#2.5034566458293663#9
FFFF FFFF FFFF FFFF FFFF FFFF#1626598405462566#-69.0#5.9518454569962875#9
0000 002E 2000 0000 0000 0000#1626598405464100#-53.5#4.1172044346850605#9
0000 0032 2000 0000 0000 0000#1626598405469113#-47.5#5.332117218690489#9
0000 003A 2000 0000 0000 0000#1626598405470395#-27.0#2.859340188618835#9
0000 002F 2000 0000 0000 0000#1626598405472044#-45.0#4.172427743048944#9
0000 0030 2000 0000 0000 0000#1626598405473598#-43.5#4.239922897715912#9
0000 0034 2000 0000 0000 0000#1626598405474662#-45.5#1.043106935762236#9
0000 0033 2000 0000 0000 0000#1626598405476164#-49.5#0.09817477042468103#9
0000 003B 2000 0000 0000 0000#1626598405477232#-33.0#4.154019973594316#9
0000 0037 2000 0000 0000 0000#1626598405478269#-39.0#2.098485717827557#9
0000 0038 2000 0000 0000 0000#1626598405479306#-36.5#2.454369260617026#9
0000 0039 2000 0000 0000 0000#1626598405480389#-33.0#2.662990647769473#9
0000 002E 2000 0000 0000 0000#1626598405481698#-55.5#4.0987966652304335#9
0000 0031 2000 0000 0000 0000#1626598405482976#-44.5#4.693981210930062#9
0000 002D 2000 0000 0000 0000#1626598405485505#-61.5#3.2581751934691017#9
FFFF FFFF FFFF FFFF FFFF FFFF#1626598405486551#-68.5#6.14819499784565#9
0000 0035 2000 0000 0000 0000#1626598405489018#-43.0#1.3867186322486196#9
0000 0036 2000 0000 0000 0000#1626598405490095#-42.5#1.6444274046134073#9
0000 0039 2000 0000 0000 0000#1626598405763989#-38.5#1.4848934026733007#9
0000 0036 2000 0000 0000 0000#1626598405766006#-46.5#5.767767762450011#9
0000 0034 2000 0000 0000 0000#1626598405769242#-43.0#4.3074180523828804#9
0000 0038 2000 0000 0000 0000#1626598405770293#-42.5#1.0983302441261191#9
0000 003A 2000 0000 0000 0000#1626598405771341#-30.5#1.6751070203711202#9
0000 0032 2000 0000 0000 0000#1626598405772372#-43.5#3.2029518851052186#9
0000 0033 2000 0000 0000 0000#1626598405773520#-39.0#3.479068426924634#9
0000 003B 2000 0000 0000 0000#1626598405774589#-35.5#2.945243112740431#9
0000 0031 2000 0000 0000 0000#1626598405775625#-46.5#3.0495538063166547#9
0000 002F 2000 0000 0000 0000#1626598405776775#-59.0#2.1598449493429825#9
0000 0030 2000 0000 0000 0000#1626598405777831#-57.0#2.742757648739526#9
0000 0035 2000 0000 0000 0000#1626598405778863#-45.5#5.270757987175063#9
0000 0037 2000 0000 0000 0000#1626598405779942#-45.0#0.380427235395639#9
0000 002E 2000 0000 0000 0000#1626598405781112#-62.0#0.5767767762450011#9
0000 002D 2000 0000 0000 0000#1626598405782180#-62.5#5.890486225480862#9
FFFF FFFF FFFF FFFF FFFF FFFF#1626598405784910#-68.5#5.221670601962723#9
0000 0034 2000 0000 0000 0000#1626598405791133#-42.0#4.154019973594316#9
0000 0033 2000 0000 0000 0000#1626598405792710#-40.0#3.442252888015379#9
0000 003B 2000 0000 0000 0000#1626598405793749#-35.5#2.9084275738311756#9
0000 002F 2000 0000 0000 0000#1626598405794798#-59.0#2.0064468705544187#9
0000 003A 2000 0000 0000 0000#1626598405796599#-31.0#1.607611865704152#9
0000 002D 2000 0000 0000 0000#1626598405797899#-62.5#5.50392306693368#9
0000 0032 2000 0000 0000 0000#1626598405800398#-44.0#3.1784081924990484#9
0000 0039 2000 0000 0000 0000#1626598405801984#-39.0#1.3744467859455345#9
FFFF FFFF FFFF FFFF FFFF FFFF#1626598405803736#-68.5#5.141903600992669#9
0000 0030 2000 0000 0000 0000#1626598405805074#-58.0#2.5280003384355365#9
0000 0031 2000 0000 0000 0000#1626598405807449#-48.0#2.9820586516496865#9
0000 0035 2000 0000 0000 0000#1626598405808740#-45.0#4.988505522204105#9
0000 0036 2000 0000 0000 0000#1626598405819672#-46.5#5.5284667595398505#9
0000 002E 2000 0000 0000 0000#1626598405820673#-62.0#0.06135923151542565#9
0000 0038 2000 0000 0000 0000#1626598405823971#-43.5#1.0492428589137786#9
0000 0037 2000 0000 0000 0000#1626598405825123#-45.5#0.30679615757712825#9
0000 0035 2000 0000 0000 0000#1626598406088151#-39.5#4.460816131171445#9
0000 0036 2000 0000 0000 0000#1626598406089259#-40.5#4.693981210930062#9
0000 0037 2000 0000 0000 0000#1626598406092075#-43.0#5.436427912266712#9
0000 0039 2000 0000 0000 0000#1626598406093154#-44.0#1.0615147052168636#9
0000 002E 2000 0000 0000 0000#1626598406094255#-58.5#3.877903431774901#9
0000 002F 2000 0000 0000 0000#1626598406096287#-62.5#5.743224069843841#9
0000 0034 2000 0000 0000 0000#1626598406097661#-42.5#4.246058820867455#9
0000 0031 2000 0000 0000 0000#1626598406098741#-56.0#2.552544031041707#9
0000 002D 2000 0000 0000 0000#1626598406100020#-57.0#2.9636508821950587#9
0000 003A 2000 0000 0000 0000#1626598406101056#-36.0#1.7548740213411735#9
0000 0032 2000 0000 0000 0000#1626598406102729#-55.5#3.227495577711389#9
0000 003B 2000 0000 0000 0000#1626598406103794#-38.5#3.3379421944391554#9
FFFF FFFF FFFF FFFF FFFF FFFF#1626598406104837#-67.0#0.17794177139473438#9
0000 0033 2000 0000 0000 0000#1626598406106606#-51.5#4.025165587411922#9
0000 0038 2000 0000 0000 0000#1626598406108087#-45.5#6.240233845118788#9
0000 0030 2000 0000 0000 0000#1626598406109670#-64.0#1.2701360923693108#9
0000 002D 2000 0000 0000 0000#1626598406114813#-56.0#2.791845033951867#9
0000 0031 2000 0000 0000 0000#1626598406115835#-56.5#2.429825568010856#9
FFFF FFFF FFFF FFFF FFFF FFFF#1626598406119263#-67.5#0.4724660826687775#9
0000 003A 2000 0000 0000 0000#1626598406120411#-36.5#1.6689710972195777#9
0000 0037 2000 0000 0000 0000#1626598406121461#-42.0#5.283029833478148#9
0000 0034 2000 0000 0000 0000#1626598406122524#-43.5#4.23378697456437#9
0000 0038 2000 0000 0000 0000#1626598406124108#-44.5#6.117515382087937#9
0000 0036 2000 0000 0000 0000#1626598406125132#-40.0#4.638757902566179#9
0000 002F 2000 0000 0000 0000#1626598406126194#-62.0#5.553010452146021#9
0000 0033 2000 0000 0000 0000#1626598406127354#-52.5#3.9269908169872414#9
0000 0039 2000 0000 0000 0000#1626598406128378#-45.0#0.8222137023067037#9
0000 0030 2000 0000 0000 0000#1626598406129714#-64.0#0.9817477042468103#9
0000 0032 2000 0000 0000 0000#1626598406131208#-56.0#3.0802334220743677#9
0000 003B 2000 0000 0000 0000#1626598406132276#-39.0#3.2643111166206444#9
0000 002E 2000 0000 0000 0000#1626598406134044#-58.0#3.5772431973493153#9
0000 0035 2000 0000 0000 0000#1626598406135092#-40.0#4.3933209765044765#9
0000 0036 2000 0000 0000 0000#1626598406399554#-49.5#3.9638063558964967#9
0000 0037 2000 0000 0000 0000#1626598406400617#-45.0#4.442408361716817#9
0000 0032 2000 0000 0000 0000#1626598406404030#-58.5#0.2945243112740431#9
FFFF FFFF FFFF FFFF FFFF FFFF#1626598406405366#-69.0#0.14726215563702155#9
0000 0035 2000 0000 0000 0000#1626598406406425#-51.0#3.650874275167826#9
0000 0034 2000 0000 0000 0000#1626598406408725#-53.5#2.8409324191642074#9
0000 002D 2000 0000 0000 0000#1626598406410504#-56.0#0.5031456984264903#9
0000 002E 2000 0000 0000 0000#1626598406411558#-57.5#1.4296700943094176#9
0000 0039 2000 0000 0000 0000#1626598406413624#-42.5#5.21553467881118#9
0000 0038 2000 0000 0000 0000#1626598406415188#-43.5#4.847379289718626#9
0000 003A 2000 0000 0000 0000#1626598406416181#-40.0#5.927301764390117#9
0000 003B 2000 0000 0000 0000#1626598406417518#-45.0#2.024854640009046#9
0000 002F 2000 0000 0000 0000#1626598406418681#-59.0#3.117048960983623#9
0000 0033 2000 0000 0000 0000#1626598406419970#-57.0#1.6014759425526093#9
0000 0031 2000 0000 0000 0000#1626598406421505#-57.5#5.424156065963627#9
0000 0030 2000 0000 0000 0000#1626598406423800#-61.5#3.9576704327449543#9
0000 0030 2000 0000 0000 0000#1626598406440021#-62.5#3.6386024288647407#9
0000 002F 2000 0000 0000 0000#1626598406441295#-59.5#2.448233337465483#9
0000 003B 2000 0000 0000 0000#1626598406442588#-46.5#1.533980787885641#9
0000 0034 2000 0000 0000 0000#1626598406443651#-54.5#2.1782527187976104#9
0000 0036 2000 0000 0000 0000#1626598406446387#-51.5#3.3624858870453256#9
0000 002E 2000 0000 0000 0000#1626598406447371#-58.0#0.7117670855789375#9
0000 0032 2000 0000 0000 0000#1626598406449910#-59.5#5.651185222570702#9
0000 003A 2000 0000 0000 0000#1626598406451444#-40.5#5.338253141842031#9
0000 0037 2000 0000 0000 0000#1626598406452778#-48.0#4.006757817957295#9
0000 0033 2000 0000 0000 0000#1626598406455234#-58.5#0.9081166264282996#9
0000 0031 2000 0000 0000 0000#1626598406456884#-58.0#4.693981210930062#9
0000 0039 2000 0000 0000 0000#1626598406459028#-43.5#4.73693267299086#9
0000 002D 2000 0000 0000 0000#1626598406460109#-56.0#6.092971689481767#9
0000 0038 2000 0000 0000 0000#1626598406461159#-44.5#4.3933209765044765#9
0000 0035 2000 0000 0000 0000#1626598406462364#-53.0#2.9268353432858034#9
FFFF FFFF FFFF FFFF FFFF FFFF#1626598406463785#-68.0#5.859806609723149#9
0000 003A 2000 0000 0000 0000#1626598406729241#-39.5#4.4362724385652745#9
0000 003B 2000 0000 0000 0000#1626598406730278#-47.5#0.006135923151542565#9
0000 0030 2000 0000 0000 0000#1626598406733628#-61.5#1.2333205534600555#9
0000 0033 2000 0000 0000 0000#1626598406734935#-58.0#4.479223900626073#9
0000 002F 2000 0000 0000 0000#1626598406736256#-57.5#0.4970097752749477#9
0000 0038 2000 0000 0000 0000#1626598406737291#-52.0#3.859495662320273#9
0000 002D 2000 0000 0000 0000#1626598406738357#-57.0#4.908738521234052#9
0000 0039 2000 0000 0000 0000#1626598406739640#-47.0#4.1601558967458585#9
0000 0037 2000 0000 0000 0000#1626598406740717#-56.0#3.043417883165112#9
0000 0034 2000 0000 0000 0000#1626598406742461#-56.5#5.595961914206819#9
0000 002E 2000 0000 0000 0000#1626598406743616#-58.0#5.381204603902829#9
FFFF FFFF FFFF FFFF FFFF FFFF#1626598406744695#-67.5#5.939573610693203#9
0000 0031 2000 0000 0000 0000#1626598406745733#-57.0#2.5402721847386216#9
0000 0036 2000 0000 0000 0000#1626598406747528#-57.5#1.662835174068035#9
0000 0035 2000 0000 0000 0000#1626598406750572#-57.0#0.7669903939428205#9
0000 0032 2000 0000 0000 0000#1626598406751773#-57.5#3.227495577711389#9
0000 003A 2000 0000 0000 0000#1626598406755347#-39.5#4.368777283898306#9
0000 0038 2000 0000 0000 0000#1626598406756870#-52.5#3.749049045592507#9
0000 003B 2000 0000 0000 0000#1626598406758407#-46.5#6.178874613603362#9
0000 0037 2000 0000 0000 0000#1626598406760766#-56.0#2.9022916506796332#9
0000 0031 2000 0000 0000 0000#1626598406762088#-57.0#2.454369260617026#9
0000 0032 2000 0000 0000 0000#1626598406763163#-58.0#3.098641191528995#9
0000 0033 2000 0000 0000 0000#1626598406764562#-56.0#4.289010282928253#9
0000 0039 2000 0000 0000 0000#1626598406765897#-47.5#4.1172044346850605#9
0000 0035 2000 0000 0000 0000#1626598406767716#-57.0#0.5767767762450011#9
0000 002F 2000 0000 0000 0000#1626598406769285#-57.0#0.2638446955163303#9
FFFF FFFF FFFF FFFF FFFF FFFF#1626598406770949#-67.5#5.902758071783947#9
0000 002D 2000 0000 0000 0000#1626598406773215#-57.5#4.792155981354743#9
0000 0036 2000 0000 0000 0000#1626598406774925#-58.0#1.4296700943094176#9
0000 002E 2000 0000 0000 0000#1626598406776646#-58.0#5.246214294568893#9
0000 0034 2000 0000 0000 0000#1626598406777698#-56.0#5.203262832508095#9
0000 0030 2000 0000 0000 0000#1626598406779107#-61.0#0.9142525495798421#9
0000 0033 2000 0000 0000 0000#1626598407042918#-57.5#1.6321555583103222#9
0000 003B 2000 0000 0000 0000#1626598407044515#-48.0#4.859651136021712#9
0000 0036 2000 0000 0000 0000#1626598407046447#-58.5#4.73693267299086#9
0000 0035 2000 0000 0000 0000#1626598407048702#-56.5#4.000621894805752#9
0000 003A 2000 0000 0000 0000#1626598407050282#-45.5#2.9391071895888885#9
0000 0038 2000 0000 0000 0000#1626598407051334#-56.5#1.4296700943094176#9
0000 0039 2000 0000 0000 0000#1626598407052400#-53.0#2.3316507975861747#9
0000 0031 2000 0000 0000 0000#1626598407053477#-55.5#6.050020227420969#9
0000 0037 2000 0000 0000 0000#1626598407054514#-59.0#6.17273869045182#9
0000 002F 2000 0000 0000 0000#1626598407057196#-58.0#4.6878452877785195#9
0000 0030 2000 0000 0000 0000#1626598407058838#-60.0#5.111223985234957#9
0000 0034 2000 0000 0000 0000#1626598407059900#-55.5#2.718213956133356#9
0000 0032 2000 0000 0000 0000#1626598407060944#-56.5#0.4172427743048944#9
FFFF FFFF FFFF FFFF FFFF FFFF#1626598407062263#-68.0#5.105088062083414#9
0000 002D 2000 0000 0000 0000#1626598407064372#-65.0#3.2704470397721868#9
0000 0034 2000 0000 0000 0000#1626598407069522#-56.0#2.5709518004963345#9
0000 0032 2000 0000 0000 0000#1626598407070569#-56.0#0.30066023442558565#9
0000 0030 2000 0000 0000 0000#1626598407073264#-60.0#5.123495831538041#9
0000 0033 2000 0000 0000 0000#1626598407074309#-57.0#1.368310862793992#9
0000 003A 2000 0000 0000 0000#1626598407075880#-45.5#2.82252464970958#9
0000 0038 2000 0000 0000 0000#1626598407076921#-56.5#1.2701360923693108#9
0000 0036 2000 0000 0000 0000#1626598407078213#-58.0#4.485359823777615#9
0000 002D 2000 0000 0000 0000#1626598407079285#-64.5#3.454524734318464#9
0000 003B 2000 0000 0000 0000#1626598407080562#-49.5#4.7307967498393175#9
0000 0039 2000 0000 0000 0000#1626598407081615#-53.0#2.1659808724945253#9
0000 0031 2000 0000 0000 0000#1626598407082666#-55.0#5.8659425328746915#9
0000 002F 2000 0000 0000 0000#1626598407083817#-58.5#4.638757902566179#9
0000 0037 2000 0000 0000 0000#1626598407085351#-58.5#5.921165841238575#9
0000 0035 2000 0000 0000 0000#1626598407086937#-56.5#3.650874275167826#9
FFFF FFFF FFFF FFFF FFFF FFFF#1626598407087974#-68.5#5.283029833478148#9
FFFF FFFF FFFF FFFF FFFF FFFF#1626598407353832#-67.5#0.44178646691106466#9
0000 0034 2000 0000 0000 0000#1626598407355206#-55.0#1.368310862793992#9
0000 0036 2000 0000 0000 0000#1626598407358060#-60.5#3.429981041712294#9
0000 0037 2000 0000 0000 0000#1626598407359137#-60.5#4.945554060143307#9
0000 002D 2000 0000 0000 0000#1626598407360164#-65.0#3.2520392703175593#9
0000 0031 2000 0000 0000 0000#1626598407361244#-59.5#5.724816300389213#9
0000 0033 2000 0000 0000 0000#1626598407363087#-57.5#0.5399612373357456#9
0000 002F 2000 0000 0000 0000#1626598407364551#-66.0#4.503767593232243#9
0000 0032 2000 0000 0000 0000#1626598407365812#-59.0#6.178874613603362#9
0000 003A 2000 0000 0000 0000#1626598407367149#-53.0#2.3193789512830896#9
0000 003B 2000 0000 0000 0000#1626598407368727#-55.0#4.6448938257177215#9
0000 0038 2000 0000 0000 0000#1626598407369762#-60.5#0.05522330836388308#9
0000 0039 2000 0000 0000 0000#1626598407371543#-58.0#1.214912784005428#9
0000 0035 2000 0000 0000 0000#1626598407376168#-57.5#2.466641106920111#9
