0000 0001 0000 0000 0000 0000#1626598203292723#-65.5#5.123495831538041#9
FFFF FFFF FFFF FFFF FFFF FFFF#1626598203294284#-68.0#5.184855063053467#9
0000 002D 2000 0000 0000 0000#1626598203295621#-51.5#2.791845033951867#9
0000 0035 2000 0000 0000 0000#1626598203296669#-46.0#4.338097668140593#9
0000 0032 2000 0000 0000 0000#1626598203298172#-50.0#0.28225246497095796#9
0000 003B 2000 0000 0000 0000#1626598203299935#-66.5#3.6079228131070282#9
0000 0036 2000 0000 0000 0000#1626598203301958#-46.5#4.1601558967458585#9
0000 002F 2000 0000 0000 0000#1626598203303505#-50.5#1.9880391010997909#9
0000 0030 2000 0000 0000 0000#1626598203305272#-50.5#1.705786636128833#9
0000 0038 2000 0000 0000 0000#1626598203307299#-46.0#3.5711072741977725#9
0000 002E 2000 0000 0000 0000#1626598203308423#-50.0#2.497320722677824#9
0000 003A 2000 0000 0000 0000#1626598203310586#-46.0#2.386874105950058#9
0000 0034 2000 0000 0000 0000#1626598203311776#-49.0#5.098952138931871#9
0000 0033 2000 0000 0000 0000#1626598203312822#-49.5#5.841398840268521#9
0000 0039 2000 0000 0000 0000#1626598203315492#-46.0#3.11091303783208#9
0000 0031 2000 0000 0000 0000#1626598203316539#-51.0#0.760854470791278#9
0000 0037 2000 0000 0000 0000#1626598203317634#-46.5#3.767456815047135#9
0000 003A 2000 0000 0000 0000#1626598203322677#-46.0#2.3746022596469727#9
0000 0036 2000 0000 0000 0000#1626598203323979#-46.5#4.154019973594316#9
0000 0001 0000 0000 0000 0000#1626598203325114#-65.0#4.92714629068868#9
0000 0030 2000 0000 0000 0000#1626598203326124#-50.0#1.7119225592803755#9
0000 003B 2000 0000 0000 0000#1626598203327149#-65.5#3.6201946594101133#9
0000 0037 2000 0000 0000 0000#1626598203328240#-46.5#3.773592738198677#9
0000 0039 2000 0000 0000 0000#1626598203329523#-46.0#3.0802334220743677#9
0000 0034 2000 0000 0000 0000#1626598203330513#-49.0#5.098952138931871#9
0000 0035 2000 0000 0000 0000#1626598203331788#-46.0#4.338097668140593#9
0000 002D 2000 0000 0000 0000#1626598203333338#-52.0#2.7857091108003242#9
0000 0032 2000 0000 0000 0000#1626598203334892#-50.0#0.28838838812250056#9
0000 0038 2000 0000 0000 0000#1626598203337395#-45.5#3.5895150436524004#9
0000 0031 2000 0000 0000 0000#1626598203339242#-51.0#0.7547185476397354#9
0000 0033 2000 0000 0000 0000#1626598203341212#-49.5#5.8475347634200645#9
FFFF FFFF FFFF FFFF FFFF FFFF#1626598203342552#-67.0#5.098952138931871#9
0000 002E 2000 0000 0000 0000#1626598203344943#-50.5#2.5034566458293663#9
0000 002F 2000 0000 0000 0000#1626598203346633#-50.5#1.9880391010997909#9
0000 003A 2000 0000 0000 0000#1626598203610548#-45.5#3.147728576741336#9
0000 0036 2000 0000 0000 0000#1626598203612108#-46.0#4.908738521234052#9
0000 003B 2000 0000 0000 0000#1626598203613390#-65.5#4.374913207049849#9
0000 0038 2000 0000 0000 0000#1626598203614424#-44.5#4.368777283898306#9
0000 0031 2000 0000 0000 0000#1626598203616230#-50.5#1.509437095279471#9
0000 0034 2000 0000 0000 0000#1626598203617322#-48.5#5.835262917116979#9
0000 0001 0000 0000 0000 0000#1626598203619112#-64.5#0.15339807878856412#9
0000 002D 2000 0000 0000 0000#1626598203620236#-52.0#3.650874275167826#9
0000 0037 2000 0000 0000 0000#1626598203621311#-46.0#4.552854978444583#9
0000 0033 2000 0000 0000 0000#1626598203622875#-49.0#0.32520392703175593#9
0000 002F 2000 0000 0000 0000#1626598203632819#-51.0#2.5893595699509624#9
FFFF FFFF FFFF FFFF FFFF FFFF#1626598203634713#-68.5#6.068427996875596#9
0000 0030 2000 0000 0000 0000#1626598203637324#-50.5#2.2580197197676637#9
0000 0035 2000 0000 0000 0000#1626598203638483#-45.5#4.896466674930966#9
0000 0039 2000 0000 0000 0000#1626598203639526#-45.0#3.7122335066832517#9
0000 002E 2000 0000 0000 0000#1626598203640836#-51.0#3.1354567304382504#9
0000 0032 2000 0000 0000 0000#1626598203642364#-48.5#0.8651651643675016#9
0000 0039 2000 0000 0000 0000#1626598203645680#-45.0#3.706097583531709#9
FFFF FFFF FFFF FFFF FFFF FFFF#1626598203646717#-68.5#6.17273869045182#9
0000 0034 2000 0000 0000 0000#1626598203648503#-48.5#5.651185222570702#9
0000 0036 2000 0000 0000 0000#1626598203649523#-46.5#4.749204519293945#9
0000 0035 2000 0000 0000 0000#1626598203650599#-45.5#4.902602598082509#9
0000 0033 2000 0000 0000 0000#1626598203651931#-49.5#0.14112623248547898#9
0000 0038 2000 0000 0000 0000#1626598203653050#-45.0#4.178563666200486#9
0000 002F 2000 0000 0000 0000#1626598203654612#-50.5#2.5832236467994196#9
0000 0030 2000 0000 0000 0000#1626598203655754#-50.5#2.2641556429192065#9
0000 003B 2000 0000 0000 0000#1626598203657124#-65.5#3.9576704327449543#9
0000 003A 2000 0000 0000 0000#1626598203658669#-45.0#2.9575149590435164#9
0000 0031 2000 0000 0000 0000#1626598203660205#-50.0#1.3560390164909069#9
0000 0032 2000 0000 0000 0000#1626598203662005#-50.0#0.859029241215959#9
0000 0037 2000 0000 0000 0000#1626598203663554#-45.5#4.362641360746763#9
0000 002D 2000 0000 0000 0000#1626598203664576#-52.0#3.436116964863836#9
0000 0001 0000 0000 0000 0000#1626598203668273#-64.5#6.043884304269426#9
0000 002E 2000 0000 0000 0000#1626598203669553#-51.0#3.06182565261974#9
0000 0036 2000 0000 0000 0000#1626598203933593#-46.0#4.374913207049849#9
0000 002D 2000 0000 0000 0000#1626598203935129#-52.5#3.000466421104314#9
FFFF FFFF FFFF FFFF FFFF FFFF#1626598203936223#-68.0#5.700272607783043#9
0000 002F 2000 0000 0000 0000#1626598203937512#-50.5#2.172116795646068#9
0000 0033 2000 0000 0000 0000#1626598203938558#-49.5#6.037748381117884#9
0000 003A 2000 0000 0000 0000#1626598203940575#-46.0#2.564815877344792#9
0000 0032 2000 0000 0000 0000#1626598203941878#-50.0#0.4724660826687775#9
0000 002E 2000 0000 0000 0000#1626598203943906#-50.5#2.662990647769473#9
0000 0035 2000 0000 0000 0000#1626598203945950#-46.5#4.552854978444583#9
0000 0030 2000 0000 0000 0000#1626598203947474#-50.5#1.8714565612204823#9
0000 003B 2000 0000 0000 0000#1626598203949640#-65.5#3.6999616603801666#9
0000 0034 2000 0000 0000 0000#1626598203951323#-49.0#5.313709449235861#9
0000 0031 2000 0000 0000 0000#1626598203952628#-50.5#0.9265243958829272#9
0000 0001 0000 0000 0000 0000#1626598203954237#-65.5#5.4671075280244255#9
0000 0038 2000 0000 0000 0000#1626598203955315#-46.0#3.785864584501762#9
0000 0037 2000 0000 0000 0000#1626598203958758#-46.5#3.9699422790480394#9
0000 0039 2000 0000 0000 0000#1626598203959840#-45.5#3.3379421944391554#9
0000 003B 2000 0000 0000 0000#1626598203963773#-66.0#3.736777199289422#9
0000 0039 2000 0000 0000 0000#1626598203964855#-45.5#3.313398501832985#9
0000 0038 2000 0000 0000 0000#1626598203967215#-46.0#3.810408277107933#9
0000 0034 2000 0000 0000 0000#1626598203969683#-49.0#5.301437602932776#9
0000 0001 0000 0000 0000 0000#1626598203970725#-65.0#5.399612373357457#9
0000 0032 2000 0000 0000 0000#1626598203971786#-50.0#0.47860200582032003#9
0000 0033 2000 0000 0000 0000#1626598203973303#-49.5#6.068427996875596#9
0000 0036 2000 0000 0000 0000#1626598203974352#-46.0#4.374913207049849#9
0000 0035 2000 0000 0000 0000#1626598203977336#-46.5#4.540583132141498#9
FFFF FFFF FFFF FFFF FFFF FFFF#1626598203978657#-69.0#5.688000761479957#9
0000 002F 2000 0000 0000 0000#1626598203980229#-50.5#2.1598449493429825#9
0000 003A 2000 0000 0000 0000#1626598203981577#-45.5#2.5586799541932495#9
0000 002D 2000 0000 0000 0000#1626598203983113#-52.5#3.0127382674073995#9
0000 0031 2000 0000 0000 0000#1626598203985753#-50.5#0.9326603190344698#9
0000 002E 2000 0000 0000 0000#1626598203989638#-50.5#2.675262494072558#9
0000 0037 2000 0000 0000 0000#1626598203990699#-47.0#4.000621894805752#9
0000 0030 2000 0000 0000 0000#1626598203991887#-50.0#1.8714565612204823#9
0000 0032 2000 0000 0000 0000#1626598204256581#-47.5#1.141281706186917#9
0000 0036 2000 0000 0000 0000#1626598204257989#-48.5#4.669437518323892#9
0000 003A 2000 0000 0000 0000#1626598204259307#-38.0#2.1598449493429825#9
0000 0031 2000 0000 0000 0000#1626598204260386#-47.5#1.4542137869155878#9
0000 0035 2000 0000 0000 0000#1626598204262488#-48.0#4.9394181369917645#9
0000 002E 2000 0000 0000 0000#1626598204263573#-48.0#2.8102528034064944#9
0000 0033 2000 0000 0000 0000#1626598204265485#-47.5#0.5890486225480862#9
0000 0038 2000 0000 0000 0000#1626598204266822#-45.0#3.6447383520162835#9
0000 0039 2000 0000 0000 0000#1626598204267877#-42.5#3.031146036862027#9
0000 0034 2000 0000 0000 0000#1626598204268923#-50.5#6.080699843178682#9
0000 002D 2000 0000 0000 0000#1626598204270362#-50.5#3.11091303783208#9
0000 0037 2000 0000 0000 0000#1626598204271426#-47.0#4.031301510563465#9
0000 003B 2000 0000 0000 0000#1626598204272507#-51.0#2.9820586516496865#9
0000 002F 2000 0000 0000 0000#1626598204274053#-48.0#2.411417798556228#9
0000 0030 2000 0000 0000 0000#1626598204275137#-47.0#2.184388641949153#9
FFFF FFFF FFFF FFFF FFFF FFFF#1626598204276802#-68.0#5.117359908386499#9
0000 003B 2000 0000 0000 0000#1626598204281430#-50.5#2.9513790358919736#9
0000 003A 2000 0000 0000 0000#1626598204282493#-37.5#2.172116795646068#9
0000 0030 2000 0000 0000 0000#1626598204283578#-47.5#2.1966604882522383#9
0000 002D 2000 0000 0000 0000#1626598204285114#-50.0#3.160000423044421#9
0000 0033 2000 0000 0000 0000#1626598204287399#-49.0#0.7424467013366504#9
0000 0032 2000 0000 0000 0000#1626598204288715#-47.0#1.2762720155208536#9
0000 0039 2000 0000 0000 0000#1626598204289813#-42.5#3.043417883165112#9
0000 0036 2000 0000 0000 0000#1626598204291117#-48.5#4.804427827657828#9
0000 0031 2000 0000 0000 0000#1626598204292168#-47.5#1.5892040962495242#9
0000 002F 2000 0000 0000 0000#1626598204293245#-48.0#2.4911847995262812#9
0000 0038 2000 0000 0000 0000#1626598204294554#-45.0#3.7122335066832517#9
0000 0037 2000 0000 0000 0000#1626598204295916#-47.0#4.1417481272912315#9
FFFF FFFF FFFF FFFF FFFF FFFF#1626598204297439#-67.0#4.638757902566179#9
0000 0034 2000 0000 0000 0000#1626598204298526#-50.5#6.252505691421874#9
0000 0035 2000 0000 0000 0000#1626598204299816#-48.5#5.178719139901925#9
0000 002E 2000 0000 0000 0000#1626598204303093#-48.0#2.9084275738311756#9
0000 0030 2000 0000 0000 0000#1626598204569005#-44.5#3.1661363461959633#9
0000 0032 2000 0000 0000 0000#1626598204571457#-43.0#2.423689644859313#9
0000 003A 2000 0000 0000 0000#1626598204573687#-34.5#2.9206994201342606#9
0000 0039 2000 0000 0000 0000#1626598204574771#-42.5#4.111068511533518#9
0000 0031 2000 0000 0000 0000#1626598204576359#-43.0#2.6323110320117604#9
0000 0033 2000 0000 0000 0000#1626598204577422#-43.5#2.1230294104337273#9
0000 0037 2000 0000 0000 0000#1626598204578511#-48.5#5.890486225480862#9
FFFF FFFF FFFF FFFF FFFF FFFF#1626598204579679#-67.5#4.896466674930966#9
0000 003B 2000 0000 0000 0000#1626598204582371#-41.5#3.2888548092268146#9
0000 0036 2000 0000 0000 0000#1626598204583460#-47.5#0.6258641614573416#9
0000 0038 2000 0000 0000 0000#1626598204584499#-47.0#5.190990986205009#9
0000 002E 2000 0000 0000 0000#1626598204585598#-46.0#3.77972866135022#9
0000 002D 2000 0000 0000 0000#1626598204586921#-48.0#4.01902966426038#9
0000 0034 2000 0000 0000 0000#1626598204588641#-45.0#1.6935147898257479#9
0000 002F 2000 0000 0000 0000#1626598204590080#-45.0#3.436116964863836#9
0000 0035 2000 0000 0000 0000#1626598204591155#-46.5#0.9572040116406401#9
0000 002D 2000 0000 0000 0000#1626598204596404#-48.0#4.025165587411922#9
0000 0032 2000 0000 0000 0000#1626598204597918#-42.5#2.4850488763747385#9
0000 0039 2000 0000 0000 0000#1626598204599217#-42.0#4.23378697456437#9
0000 0038 2000 0000 0000 0000#1626598204602368#-47.0#5.289165756629691#9
0000 0030 2000 0000 0000 0000#1626598204603524#-44.0#3.2520392703175593#9
0000 003A 2000 0000 0000 0000#1626598204604829#-34.5#3.043417883165112#9
0000 002F 2000 0000 0000 0000#1626598204605850#-44.5#3.472932503773092#9
0000 0031 2000 0000 0000 0000#1626598204607414#-42.5#2.7120780329818137#9
0000 0037 2000 0000 0000 0000#1626598204608503#-48.5#6.062292073724054#9
0000 003B 2000 0000 0000 0000#1626598204609574#-41.0#3.3440781175906977#9
0000 0036 2000 0000 0000 0000#1626598204612252#-47.5#0.7853981633974483#9
0000 002E 2000 0000 0000 0000#1626598204614580#-46.0#3.834951969714103#9
0000 0035 2000 0000 0000 0000#1626598204615641#-46.0#1.0492428589137786#9
FFFF FFFF FFFF FFFF FFFF FFFF#1626598204616948#-67.0#4.988505522204105#9
0000 0034 2000 0000 0000 0000#1626598204619367#-44.0#1.7855536370988863#9
0000 0033 2000 0000 0000 0000#1626598204620514#-42.0#2.2089323345553233#9
0000 0039 2000 0000 0000 0000#1626598204886102#-42.5#0.030679615757712823#9
0000 003B 2000 0000 0000 0000#1626598204887630#-39.0#4.92714629068868#9
0000 0037 2000 0000 0000 0000#1626598204889733#-45.0#1.8223691760081417#9
0000 003A 2000 0000 0000 0000#1626598204891061#-33.5#4.933282213840222#9
0000 0030 2000 0000 0000 0000#1626598204892600#-42.0#4.595806440505381#9
0000 0036 2000 0000 0000 0000#1626598204893894#-43.5#2.521864415283994#9
FFFF FFFF FFFF FFFF FFFF FFFF#1626598204894946#-67.5#6.000932842208628#9
0000 0033 2000 0000 0000 0000#1626598204896240#-41.0#3.6999616603801666#9
0000 002F 2000 0000 0000 0000#1626598204897318#-43.0#4.76147636559703#9
0000 0031 2000 0000 0000 0000#1626598204899351#-40.5#4.154019973594316#9
0000 0034 2000 0000 0000 0000#1626598204900855#-41.5#3.2765829629237295#9
0000 002D 2000 0000 0000 0000#1626598204903630#-46.5#5.154175447295755#9
0000 0035 2000 0000 0000 0000#1626598204906018#-42.0#2.724349879284899#9
0000 0032 2000 0000 0000 0000#1626598204908160#-40.0#3.9944859716542096#9
0000 002E 2000 0000 0000 0000#1626598204909326#-43.5#5.0253210611133605#9
0000 0038 2000 0000 0000 0000#1626598204910408#-45.5#1.337631247036279#9
0000 0038 2000 0000 0000 0000#1626598204915173#-45.5#1.3560390164909069#9
0000 0036 2000 0000 0000 0000#1626598204916535#-43.5#2.5893595699509624#9
0000 0031 2000 0000 0000 0000#1626598204918870#-40.0#4.184699589352029#9
0000 002E 2000 0000 0000 0000#1626598204919953#-43.5#5.043728830567988#9
0000 0034 2000 0000 0000 0000#1626598204920987#-41.5#3.3318062712876126#9
0000 0035 2000 0000 0000 0000#1626598204923041#-42.0#2.773437264497239#9
0000 003A 2000 0000 0000 0000#1626598204924824#-33.5#5.086680292628786#9
0000 0033 2000 0000 0000 0000#1626598204926399#-40.5#3.77972866135022#9
0000 002D 2000 0000 0000 0000#1626598204927508#-46.0#5.197126909356553#9
0000 0032 2000 0000 0000 0000#1626598204929051#-38.5#4.04357335686655#9
0000 003B 2000 0000 0000 0000#1626598204930749#-39.0#5.123495831538041#9
0000 002F 2000 0000 0000 0000#1626598204931798#-42.5#4.816699673960914#9
0000 0039 2000 0000 0000 0000#1626598204933560#-42.0#0.2699806186678728#9
0000 0030 2000 0000 0000 0000#1626598204934587#-42.0#4.663301595172349#9
0000 0037 2000 0000 0000 0000#1626598204935752#-45.0#1.9941750242513334#9
FFFF FFFF FFFF FFFF FFFF FFFF#1626598204936932#-67.5#6.160466844148735#9
0000 0036 2000 0000 0000 0000#1626598205200587#-40.5#2.84706834231575#9
0000 003A 2000 0000 0000 0000#1626598205201621#-32.5#5.970253226450915#9
0000 0039 2000 0000 0000 0000#1626598205202732#-39.0#1.0492428589137786#9
0000 002F 2000 0000 0000 0000#1626598205204251#-42.0#4.81056375080937#9
0000 0034 2000 0000 0000 0000#1626598205205356#-39.0#3.5158839658338894#9
0000 0030 2000 0000 0000 0000#1626598205206412#-41.0#4.669437518323892#9
0000 002D 2000 0000 0000 0000#1626598205207490#-46.0#5.092816215780329#9
0000 0038 2000 0000 0000 0000#1626598205208558#-41.0#1.9634954084936207#9
0000 0033 2000 0000 0000 0000#1626598205209848#-39.0#3.9392626632903265#9
0000 0035 2000 0000 0000 0000#1626598205210897#-39.5#3.0372819600135696#9
0000 002E 2000 0000 0000 0000#1626598205212224#-42.5#5.006913291658733#9
0000 0032 2000 0000 0000 0000#1626598205214012#-38.5#4.1601558967458585#9
0000 003B 2000 0000 0000 0000#1626598205215520#-39.0#5.9518454569962875#9
0000 0037 2000 0000 0000 0000#1626598205217521#-41.5#2.3623304133438876#9
FFFF FFFF FFFF FFFF FFFF FFFF#1626598205219418#-67.0#5.589825991055276#9
0000 0031 2000 0000 0000 0000#1626598205222062#-38.5#4.301282129231338#9
0000 003A 2000 0000 0000 0000#1626598205228878#-32.0#6.074563920027139#9
0000 0032 2000 0000 0000 0000#1626598205230155#-38.0#4.184699589352029#9
0000 0039 2000 0000 0000 0000#1626598205231224#-39.0#1.1474176293384597#9
0000 0038 2000 0000 0000 0000#1626598205232532#-41.0#2.030990563160589#9
0000 002D 2000 0000 0000 0000#1626598205234794#-45.5#5.117359908386499#9
0000 003B 2000 0000 0000 0000#1626598205236118#-38.5#6.031612457966341#9
0000 0037 2000 0000 0000 0000#1626598205237169#-41.5#2.4175537217077703#9
0000 0031 2000 0000 0000 0000#1626598205238492#-38.5#4.319689898685965#9
0000 002F 2000 0000 0000 0000#1626598205240700#-42.0#4.847379289718626#9
0000 0034 2000 0000 0000 0000#1626598205241779#-39.0#3.5772431973493153#9
0000 0030 2000 0000 0000 0000#1626598205242863#-41.0#4.7307967498393175#9
0000 002E 2000 0000 0000 0000#1626598205243904#-42.5#5.006913291658733#9
0000 0033 2000 0000 0000 0000#1626598205245265#-38.5#3.988350048502667#9
FFFF FFFF FFFF FFFF FFFF FFFF#1626598205246342#-67.5#5.424156065963627#9
0000 0036 2000 0000 0000 0000#1626598205247793#-40.0#2.9697868053466014#9
0000 0035 2000 0000 0000 0000#1626598205250211#-39.5#3.11091303783208#9
0000 0039 2000 0000 0000 0000#1626598205515055#-36.0#1.5707963267948966#9
0000 002E 2000 0000 0000 0000#1626598205516607#-42.5#4.8351074434155406#9
0000 0035 2000 0000 0000 0000#1626598205517671#-38.0#3.1661363461959633#9
0000 0033 2000 0000 0000 0000#1626598205518963#-37.5#4.01902966426038#9
0000 0034 2000 0000 0000 0000#1626598205520538#-38.0#3.6201946594101133#9
0000 0032 2000 0000 0000 0000#1626598205521939#-36.5#4.227651051412827#9
0000 002F 2000 0000 0000 0000#1626598205523741#-41.5#4.73693267299086#9
0000 0036 2000 0000 0000 0000#1626598205524821#-38.5#3.0066023442558567#9
0000 002D 2000 0000 0000 0000#1626598205525902#-45.5#4.914874444385594#9
0000 003B 2000 0000 0000 0000#1626598205526998#-37.0#0.48473792897186263#9
FFFF FFFF FFFF FFFF FFFF FFFF#1626598205528065#-67.5#4.878058905476339#9
0000 003A 2000 0000 0000 0000#1626598205529625#-30.0#0.4970097752749477#9
0000 0038 2000 0000 0000 0000#1626598205531174#-38.5#2.270291566070749#9
0000 0037 2000 0000 0000 0000#1626598205533022#-38.5#2.5709518004963345#9
0000 0031 2000 0000 0000 0000#1626598205534117#-38.0#4.344233591292136#9
0000 0030 2000 0000 0000 0000#1626598205537753#-40.5#4.6878452877785195#9
0000 003A 2000 0000 0000 0000#1626598205544233#-29.5#0.5399612373357456#9
0000 002E 2000 0000 0000 0000#1626598205545570#-42.5#4.847379289718626#9
0000 002F 2000 0000 0000 0000#1626598205546619#-41.5#4.749204519293945#9
0000 0039 2000 0000 0000 0000#1626598205548193#-36.0#1.6566992509164924#9
0000 0034 2000 0000 0000 0000#1626598205549313#-38.0#3.6692820446224537#9
0000 0036 2000 0000 0000 0000#1626598205551388#-38.5#3.043417883165112#9
0000 0035 2000 0000 0000 0000#1626598205552508#-37.5#3.2029518851052186#9
0000 0032 2000 0000 0000 0000#1626598205553841#-37.0#4.270602513473625#9
0000 0038 2000 0000 0000 0000#1626598205555021#-38.0#2.3439226438892597#9
0000 002D 2000 0000 0000 0000#1626598205556964#-45.5#4.914874444385594#9
0000 0031 2000 0000 0000 0000#1626598205558294#-38.0#4.368777283898306#9
0000 0033 2000 0000 0000 0000#1626598205559371#-37.5#4.074252972624263#9
0000 003B 2000 0000 0000 0000#1626598205561595#-37.0#0.607456392002714#9
0000 0030 2000 0000 0000 0000#1626598205562665#-40.5#4.706253057233147#9
0000 0037 2000 0000 0000 0000#1626598205563744#-38.0#2.6200391857086753#9
FFFF FFFF FFFF FFFF FFFF FFFF#1626598205565138#-68.0#4.798291904506286#9
0000 0031 2000 0000 0000 0000#1626598205831248#-37.5#4.92714629068868#9
0000 0038 2000 0000 0000 0000#1626598205832399#-36.0#3.074097498922825#9
0000 0033 2000 0000 0000 0000#1626598205833491#-37.0#4.71238898038469#9
0000 0037 2000 0000 0000 0000#1626598205834782#-37.0#3.3318062712876126#9
0000 0034 2000 0000 0000 0000#1626598205835770#-36.5#4.344233591292136#9
0000 003A 2000 0000 0000 0000#1626598205836877#-27.5#1.6935147898257479#9
0000 0036 2000 0000 0000 0000#1626598205838788#-37.0#3.761320891895592#9
0000 0039 2000 0000 0000 0000#1626598205839871#-33.0#2.497320722677824#9
0000 002E 2000 0000 0000 0000#1626598205840999#-42.5#5.209398755659637#9
FFFF FFFF FFFF FFFF FFFF FFFF#1626598205841989#-67.5#5.080544369477243#9
0000 002F 2000 0000 0000 0000#1626598205843054#-41.0#5.203262832508095#9
0000 003B 2000 0000 0000 0000#1626598205844151#-34.0#1.8162332528565992#9
0000 0035 2000 0000 0000 0000#1626598205845726#-36.5#3.9208548938356986#9
0000 0030 2000 0000 0000 0000#1626598205846795#-39.5#5.178719139901925#9
0000 0032 2000 0000 0000 0000#1626598205848886#-37.0#4.865787059173254#9
0000 002D 2000 0000 0000 0000#1626598205850595#-45.0#5.2339424482658075#9
0000 0039 2000 0000 0000 0000#1626598205855882#-32.5#2.5464081078901644#9
0000 0032 2000 0000 0000 0000#1626598205857131#-37.0#4.890330751779424#9
0000 003B 2000 0000 0000 0000#1626598205858170#-33.5#1.8837284075235674#9
0000 003A 2000 0000 0000 0000#1626598205859475#-27.0#1.7426021750380885#9
0000 0038 2000 0000 0000 0000#1626598205860782#-36.0#3.1231848841351653#9
0000 0030 2000 0000 0000 0000#1626598205862278#-39.0#5.184855063053467#9
0000 0031 2000 0000 0000 0000#1626598205863589#-37.5#4.957825906446392#9
0000 0034 2000 0000 0000 0000#1626598205864893#-37.0#4.399456899656019#9
0000 0033 2000 0000 0000 0000#1626598205866407#-37.5#4.755340442445488#9
FFFF FFFF FFFF FFFF FFFF FFFF#1626598205868485#-67.0#5.0682725231741586#9
0000 0035 2000 0000 0000 0000#1626598205869545#-36.5#3.9453985864418692#9
0000 0037 2000 0000 0000 0000#1626598205870869#-36.5#3.380893656499953#9
0000 0036 2000 0000 0000 0000#1626598205872416#-37.0#3.834951969714103#9
0000 002F 2000 0000 0000 0000#1626598205884659#-40.5#6.019340611663256#9
0000 002E 2000 0000 0000 0000#1626598205886554#-42.0#6.013204688511713#9
0000 002D 2000 0000 0000 0000#1626598205889060#-45.5#6.025476534814799#9
0000 0033 2000 0000 0000 0000#1626598206153023#-37.5#5.620505606812989#9
FFFF FFFF FFFF FFFF FFFF FFFF#1626598206154186#-67.5#6.056156150572511#9
0000 0034 2000 0000 0000 0000#1626598206155274#-37.0#5.301437602932776#9
0000 0038 2000 0000 0000 0000#1626598206156656#-34.0#4.289010282928253#9
0000 003B 2000 0000 0000 0000#1626598206158221#-32.5#3.4054373491061236#9
0000 0036 2000 0000 0000 0000#1626598206159768#-36.0#4.816699673960914#9
0000 0035 2000 0000 0000 0000#1626598206161144#-35.5#4.914874444385594#9
0000 0039 2000 0000 0000 0000#1626598206162181#-32.0#3.834951969714103#9
0000 002F 2000 0000 0000 0000#1626598206163189#-42.0#5.859806609723149#9
0000 0037 2000 0000 0000 0000#1626598206164298#-35.5#4.460816131171445#9
0000 003A 2000 0000 0000 0000#1626598206165331#-26.5#3.1968159619536762#9
0000 002E 2000 0000 0000 0000#1626598206167329#-43.5#5.755495916146925#9
0000 0030 2000 0000 0000 0000#1626598206168741#-40.5#5.884350302329319#9
0000 0031 2000 0000 0000 0000#1626598206171530#-38.5#5.730952223540755#9
0000 0032 2000 0000 0000 0000#1626598206172550#-37.5#5.71868037723767#9
0000 002D 2000 0000 0000 0000#1626598206173760#-47.0#5.66959299202533#9
0000 0039 2000 0000 0000 0000#1626598206177304#-32.0#3.8840393549264434#9
0000 0033 2000 0000 0000 0000#1626598206178849#-37.5#5.651185222570702#9
0000 002F 2000 0000 0000 0000#1626598206179940#-41.5#5.853670686571607#9
0000 0030 2000 0000 0000 0000#1626598206181466#-40.5#5.878214379177777#9
0000 0036 2000 0000 0000 0000#1626598206182572#-36.0#4.853515212870168#9
0000 0035 2000 0000 0000 0000#1626598206183906#-35.5#4.933282213840222#9
0000 0038 2000 0000 0000 0000#1626598206185274#-34.0#4.344233591292136#9
FFFF FFFF FFFF FFFF FFFF FFFF#1626598206187294#-67.5#5.896622148632405#9
0000 003B 2000 0000 0000 0000#1626598206188390#-32.0#3.4913402732277192#9
0000 003A 2000 0000 0000 0000#1626598206189436#-26.0#3.2459033471660166#9
0000 0032 2000 0000 0000 0000#1626598206191179#-38.0#5.712544454086128#9
0000 0037 2000 0000 0000 0000#1626598206192455#-35.5#4.503767593232243#9
0000 002D 2000 0000 0000 0000#1626598206194494#-47.0#5.675728915176872#9
0000 0034 2000 0000 0000 0000#1626598206196385#-37.0#5.332117218690489#9
0000 0031 2000 0000 0000 0000#1626598206197424#-38.5#5.737088146692298#9
0000 002E 2000 0000 0000 0000#1626598206201183#-43.5#5.743224069843841#9
0000 0033 2000 0000 0000 0000#1626598206466117#-38.5#5.264622064023521#9
0000 0031 2000 0000 0000 0000#1626598206468623#-40.0#5.252350217720435#9
0000 002D 2000 0000 0000 0000#1626598206470557#-49.5#4.92714629068868#9
0000 002F 2000 0000 0000 0000#1626598206473347#-44.0#5.240078371417351#9
0000 0039 2000 0000 0000 0000#1626598206474387#-32.0#3.9392626632903265#9
0000 003A 2000 0000 0000 0000#1626598206475462#-26.0#3.368621810196868#9
0000 0037 2000 0000 0000 0000#1626598206476481#-35.5#4.405592822807561#9
0000 0034 2000 0000 0000 0000#1626598206477515#-37.5#5.0253210611133605#9
0000 0035 2000 0000 0000 0000#1626598206478579#-36.5#4.724660826687775#9
0000 0038 2000 0000 0000 0000#1626598206479775#-34.5#4.3074180523828804#9
0000 002E 2000 0000 0000 0000#1626598206481088#-45.5#5.056000676871073#9
0000 003B 2000 0000 0000 0000#1626598206482141#-32.5#3.785864584501762#9
0000 0036 2000 0000 0000 0000#1626598206483363#-37.0#4.681709364626977#9
0000 0032 2000 0000 0000 0000#1626598206484790#-39.0#5.252350217720435#9
0000 0030 2000 0000 0000 0000#1626598206486060#-42.5#5.289165756629691#9
FFFF FFFF FFFF FFFF FFFF FFFF#1626598206495925#-69.0#5.890486225480862#9
0000 0030 2000 0000 0000 0000#1626598206499985#-43.0#5.485515297479052#9
0000 0033 2000 0000 0000 0000#1626598206501546#-39.5#5.45483568172134#9
0000 0037 2000 0000 0000 0000#1626598206502598#-36.0#4.632621979414636#9
0000 003B 2000 0000 0000 0000#1626598206503938#-32.0#4.037437433715008#9
0000 002E 2000 0000 0000 0000#1626598206505004#-46.0#5.209398755659637#9
0000 002F 2000 0000 0000 0000#1626598206506027#-44.5#5.387340527054372#9
0000 0032 2000 0000 0000 0000#1626598206508300#-39.5#5.436427912266712#9
0000 0036 2000 0000 0000 0000#1626598206509563#-36.5#4.890330751779424#9
0000 003A 2000 0000 0000 0000#1626598206512143#-24.5#3.6386024288647407#9
0000 0039 2000 0000 0000 0000#1626598206513923#-31.5#4.190835512503572#9
0000 0035 2000 0000 0000 0000#1626598206515199#-36.0#4.92714629068868#9
0000 0038 2000 0000 0000 0000#1626598206517663#-34.5#4.565126824747668#9
0000 002D 2000 0000 0000 0000#1626598206519360#-50.0#5.0253210611133605#9
0000 0034 2000 0000 0000 0000#1626598206520449#-37.5#5.197126909356553#9
0000 0031 2000 0000 0000 0000#1626598206521544#-40.5#5.387340527054372#9
FFFF FFFF FFFF FFFF FFFF FFFF#1626598206523693#-68.0#5.71868037723767#9
0000 003B 2000 0000 0000 0000#1626598206791038#-33.0#3.9269908169872414#9
0000 0032 2000 0000 0000 0000#1626598206792116#-40.5#4.558990901596125#9
0000 0034 2000 0000 0000 0000#1626598206793221#-38.0#4.460816131171445#9
0000 0038 2000 0000 0000 0000#1626598206794288#-34.5#4.135612204139688#9
0000 0030 2000 0000 0000 0000#1626598206795357#-44.5#4.503767593232243#9
0000 002F 2000 0000 0000 0000#1626598206796648#-46.5#4.3933209765044765#9
0000 0039 2000 0000 0000 0000#1626598206797957#-32.5#3.865631585471816#9
0000 003A 2000 0000 0000 0000#1626598206799825#-26.5#3.3747577333484107#9
0000 0036 2000 0000 0000 0000#1626598206800904#-36.5#4.270602513473625#9
0000 002E 2000 0000 0000 0000#1626598206802386#-48.5#4.123340357836604#9
0000 0033 2000 0000 0000 0000#1626598206803503#-39.0#4.632621979414636#9
0000 0037 2000 0000 0000 0000#1626598206804580#-35.5#4.0987966652304335#9
0000 0035 2000 0000 0000 0000#1626598206805690#-36.0#4.246058820867455#9
0000 0031 2000 0000 0000 0000#1626598206806797#-42.0#4.466952054322987#9
FFFF FFFF FFFF FFFF FFFF FFFF#1626598206808117#-68.5#4.945554060143307#9
0000 002D 2000 0000 0000 0000#1626598206809568#-52.5#3.8963112012295285#9
0000 0032 2000 0000 0000 0000#1626598206815111#-41.0#4.534447208989955#9
0000 0039 2000 0000 0000 0000#1626598206817547#-32.5#3.859495662320273#9
0000 0030 2000 0000 0000 0000#1626598206818995#-45.0#4.460816131171445#9
0000 003A 2000 0000 0000 0000#1626598206820350#-26.0#3.4054373491061236#9
0000 0036 2000 0000 0000 0000#1626598206821401#-36.5#4.264466590322082#9
0000 0034 2000 0000 0000 0000#1626598206822491#-38.0#4.448544284868359#9
0000 0033 2000 0000 0000 0000#1626598206823539#-40.0#4.601942363656923#9
0000 0031 2000 0000 0000 0000#1626598206824662#-42.0#4.442408361716817#9
0000 003B 2000 0000 0000 0000#1626598206825774#-33.0#3.9515345095934116#9
0000 0038 2000 0000 0000 0000#1626598206828279#-34.5#4.1417481272912315#9
FFFF FFFF FFFF FFFF FFFF FFFF#1626598206829371#-68.5#4.816699673960914#9
0000 002E 2000 0000 0000 0000#1626598206832076#-49.0#4.0558452031696355#9
0000 0035 2000 0000 0000 0000#1626598206833184#-36.0#4.23378697456437#9
0000 0037 2000 0000 0000 0000#1626598206834216#-35.5#4.111068511533518#9
0000 002F 2000 0000 0000 0000#1626598206835611#-46.5#4.301282129231338#9
0000 002D 2000 0000 0000 0000#1626598206837090#-53.0#3.77972866135022#9
0000 002F 2000 0000 0000 0000#1626598207107885#-48.5#4.638757902566179#9
0000 0031 2000 0000 0000 0000#1626598207108938#-43.0#4.847379289718626#9
0000 0036 2000 0000 0000 0000#1626598207110215#-35.5#4.945554060143307#9
0000 0035 2000 0000 0000 0000#1626598207111263#-36.0#4.902602598082509#9
0000 002D 2000 0000 0000 0000#1626598207112328#-54.0#4.111068511533518#9
0000 0037 2000 0000 0000 0000#1626598207114117#-34.5#4.945554060143307#9
0000 003B 2000 0000 0000 0000#1626598207115141#-32.0#5.203262832508095#9
0000 0034 2000 0000 0000 0000#1626598207116430#-38.0#4.994641445355648#9
0000 003A 2000 0000 0000 0000#1626598207118673#-25.5#4.638757902566179#9
0000 0038 2000 0000 0000 0000#1626598207121330#-33.5#5.0253210611133605#9
0000 0030 2000 0000 0000 0000#1626598207122441#-46.5#4.767612288748572#9
0000 0039 2000 0000 0000 0000#1626598207124022#-30.5#4.896466674930966#9
0000 002E 2000 0000 0000 0000#1626598207125462#-50.0#4.3074180523828804#9
0000 0032 2000 0000 0000 0000#1626598207126553#-41.5#4.896466674930966#9
FFFF FFFF FFFF FFFF FFFF FFFF#1626598207127874#-69.0#0.35588354278946877#9
0000 0033 2000 0000 0000 0000#1626598207131144#-39.0#5.013049214810275#9
0000 003B 2000 0000 0000 0000#1626598207138507#-31.5#5.21553467881118#9
0000 0032 2000 0000 0000 0000#1626598207139595#-42.0#4.865787059173254#9
0000 003A 2000 0000 0000 0000#1626598207140740#-24.0#4.657165672020807#9
0000 0031 2000 0000 0000 0000#1626598207141850#-43.5#4.779884135051658#9
0000 002D 2000 0000 0000 0000#1626598207142960#-54.5#4.0128937411088375#9
FFFF FFFF FFFF FFFF FFFF FFFF#1626598207144464#-68.5#0.28225246497095796#9
0000 0034 2000 0000 0000 0000#1626598207146226#-38.0#4.95168998329485#9
0000 002F 2000 0000 0000 0000#1626598207147287#-48.5#4.540583132141498#9
0000 0039 2000 0000 0000 0000#1626598207148368#-30.5#4.896466674930966#9
0000 0030 2000 0000 0000 0000#1626598207149954#-47.0#4.700117134081604#9
0000 0033 2000 0000 0000 0000#1626598207151982#-40.5#4.9823695990525625#9
0000 0037 2000 0000 0000 0000#1626598207153289#-35.0#4.914874444385594#9
0000 0036 2000 0000 0000 0000#1626598207154351#-36.0#4.902602598082509#9
0000 002E 2000 0000 0000 0000#1626598207155879#-50.5#4.221515128261284#9
0000 0038 2000 0000 0000 0000#1626598207157145#-33.0#5.0253210611133605#9
0000 0035 2000 0000 0000 0000#1626598207161498#-36.0#4.841243366567084#9
0000 003B 2000 0000 0000 0000#1626598207427628#-31.0#5.184855063053467#9
0000 003A 2000 0000 0000 0000#1626598207428945#-25.0#4.466952054322987#9
0000 0036 2000 0000 0000 0000#1626598207431909#-36.0#4.313553975534423#9
0000 0031 2000 0000 0000 0000#1626598207433105#-46.0#3.816544200259475#9
0000 0038 2000 0000 0000 0000#1626598207434414#-33.5#4.620350133111551#9
0000 002E 2000 0000 0000 0000#1626598207436009#-53.5#3.0250101137104846#9
0000 0032 2000 0000 0000 0000#1626598207437298#-44.5#3.9576704327449543#9
0000 0039 2000 0000 0000 0000#1626598207438437#-30.5#4.608078286808466#9
0000 0037 2000 0000 0000 0000#1626598207439512#-34.5#4.430136515413731#9
0000 0034 2000 0000 0000 0000#1626598207440661#-38.0#4.239922897715912#9
0000 0035 2000 0000 0000 0000#1626598207443099#-36.0#4.215379205109742#9
0000 0033 2000 0000 0000 0000#1626598207444242#-41.5#4.166291819897402#9
FFFF FFFF FFFF FFFF FFFF FFFF#1626598207445592#-69.0#6.17273869045182#9
0000 002F 2000 0000 0000 0000#1626598207447079#-51.0#3.442252888015379#9
0000 0030 2000 0000 0000 0000#1626598207449859#-49.5#3.663146121470911#9
0000 002D 2000 0000 0000 0000#1626598207450940#-57.0#2.5709518004963345#9
0000 003B 2000 0000 0000 0000#1626598207456656#-31.0#5.197126909356553#9
0000 003A 2000 0000 0000 0000#1626598207458334#-24.0#4.417864669110647#9
0000 0039 2000 0000 0000 0000#1626598207459678#-30.5#4.583534594202296#9
0000 0036 2000 0000 0000 0000#1626598207460940#-36.0#4.264466590322082#9
0000 0037 2000 0000 0000 0000#1626598207461976#-34.5#4.3933209765044765#9
0000 002F 2000 0000 0000 0000#1626598207463249#-51.5#3.356349963893783#9
0000 0032 2000 0000 0000 0000#1626598207464383#-45.0#3.859495662320273#9
0000 0038 2000 0000 0000 0000#1626598207465663#-33.5#4.571262747899211#9
0000 0035 2000 0000 0000 0000#1626598207466727#-36.5#4.166291819897402#9
0000 0034 2000 0000 0000 0000#1626598207467919#-39.5#4.166291819897402#9
0000 0031 2000 0000 0000 0000#1626598207468953#-46.0#3.7122335066832517#9
0000 0030 2000 0000 0000 0000#1626598207470562#-49.5#3.56497135104623#9
0000 002E 2000 0000 0000 0000#1626598207471617#-54.0#2.8532042654672924#9
0000 002D 2000 0000 0000 0000#1626598207472811#-57.5#2.4850488763747385#9
FFFF FFFF FFFF FFFF FFFF FFFF#1626598207473962#-70.0#0.03681553890925539#9
FFFF FFFF FFFF FFFF FFFF FFFF#1626598207739303#-66.5#6.178874613603362#9
0000 003B 2000 0000 0000 0000#1626598207740395#-30.5#5.006913291658733#9
0000 003A 2000 0000 0000 0000#1626598207742183#-25.0#4.129476280988146#9
0000 002F 2000 0000 0000 0000#1626598207743473#-53.0#1.9757672547967058#9
0000 0039 2000 0000 0000 0000#1626598207745470#-31.0#4.111068511533518#9
0000 002E 2000 0000 0000 0000#1626598207748204#-55.0#1.3560390164909069#9
0000 0035 2000 0000 0000 0000#1626598207749310#-38.0#3.3379421944391554#9
0000 0030 2000 0000 0000 0000#1626598207750607#-51.5#2.1537090261914402#9
0000 0034 2000 0000 0000 0000#1626598207751683#-41.0#3.2459033471660166#9
0000 0031 2000 0000 0000 0000#1626598207753018#-48.0#2.411417798556228#9
0000 0033 2000 0000 0000 0000#1626598207754107#-44.5#2.9759227284981438#9
0000 0036 2000 0000 0000 0000#1626598207755186#-37.5#3.454524734318464#9
0000 0038 2000 0000 0000 0000#1626598207756223#-34.0#4.000621894805752#9
0000 0037 2000 0000 0000 0000#1626598207758085#-35.5#3.718369429834794#9
0000 0032 2000 0000 0000 0000#1626598207760716#-46.5#2.60776733940559#9
0000 002D 2000 0000 0000 0000#1626598207763094#-58.0#0.7915340865489908#9
0000 0039 2000 0000 0000 0000#1626598207768908#-31.0#4.06811704947272#9
0000 0034 2000 0000 0000 0000#1626598207770638#-41.0#3.1906800388021335#9
0000 003A 2000 0000 0000 0000#1626598207771713#-25.5#4.09266074207889#9
0000 0035 2000 0000 0000 0000#1626598207773007#-38.0#3.2765829629237295#9
0000 0036 2000 0000 0000 0000#1626598207774282#-37.5#3.4177091954092087#9
0000 003B 2000 0000 0000 0000#1626598207776305#-31.0#4.988505522204105#9
0000 0038 2000 0000 0000 0000#1626598207778364#-34.0#3.9576704327449543#9
0000 0031 2000 0000 0000 0000#1626598207779928#-48.5#2.313243028131547#9
0000 0030 2000 0000 0000 0000#1626598207781026#-51.5#1.9941750242513334#9
0000 0032 2000 0000 0000 0000#1626598207782626#-45.0#2.5034566458293663#9
0000 0033 2000 0000 0000 0000#1626598207784186#-44.5#2.8532042654672924#9
FFFF FFFF FFFF FFFF FFFF FFFF#1626598207785808#-69.0#0.03681553890925539#9
0000 002E 2000 0000 0000 0000#1626598207788490#-55.0#1.1596894756415448#9
0000 0037 2000 0000 0000 0000#1626598207789665#-36.0#3.663146121470911#9
0000 002D 2000 0000 0000 0000#1626598207791246#-57.0#0.6933593161243098#9
0000 002F 2000 0000 0000 0000#1626598207792665#-53.0#1.7241944055834606#9
0000 002D 2000 0000 0000 0000#1626598208057441#-46.0#4.700117134081604#9
0000 0035 2000 0000 0000 0000#1626598208058747#-39.5#1.9266798695843652#9
0000 0031 2000 0000 0000 0000#1626598208060957#-50.5#0.5399612373357456#9
0000 003A 2000 0000 0000 0000#1626598208062017#-27.0#3.11091303783208#9
0000 0037 2000 0000 0000 0000#1626598208063380#-37.5#2.429825568010856#9
0000 0039 2000 0000 0000 0000#1626598208064691#-33.0#2.9268353432858034#9
0000 0033 2000 0000 0000 0000#1626598208065767#-47.0#1.3314953238847365#9
0000 002E 2000 0000 0000 0000#1626598208067564#-45.0#4.8351074434155406#9
0000 0032 2000 0000 0000 0000#1626598208068839#-49.0#0.8283496254582462#9
0000 0038 2000 0000 0000 0000#1626598208070132#-35.5#2.742757648739526#9
0000 003B 2000 0000 0000 0000#1626598208071171#-32.0#4.2031073588066565#9
0000 0034 2000 0000 0000 0000#1626598208072334#-42.5#1.705786636128833#9
FFFF FFFF FFFF FFFF FFFF FFFF#1626598208073683#-68.5#5.418020142812084#9
0000 0036 2000 0000 0000 0000#1626598208074718#-39.5#2.0493983326152168#9
0000 0030 2000 0000 0000 0000#1626598208077411#-52.0#6.050020227420969#9
0000 002F 2000 0000 0000 0000#1626598208078459#-52.0#5.878214379177777#9
0000 0030 2000 0000 0000 0000#1626598208082883#-52.0#6.025476534814799#9
0000 002F 2000 0000 0000 0000#1626598208083947#-51.5#5.841398840268521#9
0000 0036 2000 0000 0000 0000#1626598208086821#-39.5#2.030990563160589#9
0000 002D 2000 0000 0000 0000#1626598208088109#-46.0#4.577398671050753#9
0000 002E 2000 0000 0000 0000#1626598208089638#-45.5#4.718524903536232#9
FFFF FFFF FFFF FFFF FFFF FFFF#1626598208091197#-68.0#5.534602682691394#9
0000 003A 2000 0000 0000 0000#1626598208092269#-27.0#3.031146036862027#9
0000 0034 2000 0000 0000 0000#1626598208094072#-43.0#1.6689710972195777#9
0000 0035 2000 0000 0000 0000#1626598208095237#-39.5#1.8346410223112268#9
0000 0039 2000 0000 0000 0000#1626598208096277#-33.0#2.8654761117703775#9
0000 0037 2000 0000 0000 0000#1626598208097328#-38.0#2.386874105950058#9
0000 003B 2000 0000 0000 0000#1626598208098564#-32.5#4.190835512503572#9
0000 0038 2000 0000 0000 0000#1626598208099657#-36.0#2.693670263527186#9
0000 0032 2000 0000 0000 0000#1626598208100718#-49.5#0.705631162427395#9
0000 0031 2000 0000 0000 0000#1626598208102425#-50.5#0.3436116964863836#9
0000 0033 2000 0000 0000 0000#1626598208103682#-47.0#1.2210487071569704#9
0000 003A 2000 0000 0000 0000#1626598208367872#-27.5#3.497476196379262#9
0000 0033 2000 0000 0000 0000#1626598208369118#-47.0#1.1290098598838318#9
0000 0037 2000 0000 0000 0000#1626598208370396#-38.0#2.6568547246179306#9
0000 003B 2000 0000 0000 0000#1626598208371462#-33.5#4.792155981354743#9
0000 0030 2000 0000 0000 0000#1626598208372776#-41.5#5.1725832167503825#9
0000 0038 2000 0000 0000 0000#1626598208373856#-37.0#3.0372819600135696#9
0000 0039 2000 0000 0000 0000#1626598208375152#-34.0#3.2459033471660166#9
0000 0031 2000 0000 0000 0000#1626598208376955#-46.0#6.037748381117884#9
0000 0032 2000 0000 0000 0000#1626598208378582#-46.0#0.3129320807286708#9
0000 0035 2000 0000 0000 0000#1626598208381012#-40.0#2.000310947402876#9
FFFF FFFF FFFF FFFF FFFF FFFF#1626598208382376#-68.0#0.7731263170943632#9
0000 002D 2000 0000 0000 0000#1626598208383881#-58.5#4.620350133111551#9
0000 0034 2000 0000 0000 0000#1626598208385185#-43.5#1.6935147898257479#9
0000 002E 2000 0000 0000 0000#1626598208386496#-50.5#4.896466674930966#9
0000 0036 2000 0000 0000 0000#1626598208387873#-40.5#2.184388641949153#9
0000 002F 2000 0000 0000 0000#1626598208391047#-43.0#4.988505522204105#9
0000 0038 2000 0000 0000 0000#1626598208395971#-37.0#2.9697868053466014#9
0000 003B 2000 0000 0000 0000#1626598208397766#-34.0#4.73693267299086#9
0000 0036 2000 0000 0000 0000#1626598208399315#-40.5#2.1475731030398975#9
0000 003A 2000 0000 0000 0000#1626598208400379#-28.0#3.4054373491061236#9
0000 0035 2000 0000 0000 0000#1626598208402154#-40.5#1.9266798695843652#9
0000 002E 2000 0000 0000 0000#1626598208403237#-51.5#4.871922982324796#9
0000 0032 2000 0000 0000 0000#1626598208404783#-47.5#0.1349903093339364#9
0000 0033 2000 0000 0000 0000#1626598208405858#-47.5#0.9387962421860124#9
0000 002F 2000 0000 0000 0000#1626598208408161#-43.0#4.945554060143307#9
0000 0039 2000 0000 0000 0000#1626598208409215#-34.5#3.172272269347506#9
0000 0037 2000 0000 0000 0000#1626598208410792#-38.5#2.5464081078901644#9
0000 0030 2000 0000 0000 0000#1626598208412559#-41.5#5.056000676871073#9
0000 002D 2000 0000 0000 0000#1626598208414166#-60.0#4.264466590322082#9
0000 0031 2000 0000 0000 0000#1626598208416585#-44.0#5.706408530934585#9
0000 0034 2000 0000 0000 0000#1626598208417747#-44.0#1.564660403643354#9
FFFF FFFF FFFF FFFF FFFF FFFF#1626598208419668#-68.0#0.619728238305799#9
0000 003A 2000 0000 0000 0000#1626598208687699#-29.5#2.5402721847386216#9
0000 0037 2000 0000 0000 0000#1626598208689902#-42.0#1.6751070203711202#9
0000 0038 2000 0000 0000 0000#1626598208691326#-39.5#2.098485717827557#9
0000 0034 2000 0000 0000 0000#1626598208692374#-45.5#6.258641614573416#9
0000 002D 2000 0000 0000 0000#1626598208693459#-67.0#2.448233337465483#9
0000 0039 2000 0000 0000 0000#1626598208694541#-36.5#2.350058567040802#9
FFFF FFFF FFFF FFFF FFFF FFFF#1626598208695576#-67.5#0.22089323345553233#9
0000 0032 2000 0000 0000 0000#1626598208696651#-41.0#4.4976316700806995#9
0000 003B 2000 0000 0000 0000#1626598208697747#-35.5#3.9269908169872414#9
0000 002E 2000 0000 0000 0000#1626598208699764#-61.0#2.859340188618835#9
0000 0033 2000 0000 0000 0000#1626598208700852#-41.0#4.994641445355648#9
0000 0030 2000 0000 0000 0000#1626598208702988#-53.0#4.1601558967458585#9
0000 002F 2000 0000 0000 0000#1626598208704278#-57.0#3.6999616603801666#9
0000 0036 2000 0000 0000 0000#1626598208705385#-44.5#0.9326603190344698#9
0000 0031 2000 0000 0000 0000#1626598208706423#-42.0#4.227651051412827#9
0000 0035 2000 0000 0000 0000#1626598208707472#-44.5#0.607456392002714#9
0000 002D 2000 0000 0000 0000#1626598208715496#-67.0#1.9512235621905356#9
0000 0039 2000 0000 0000 0000#1626598208716869#-37.0#2.3009711818284617#9
0000 002E 2000 0000 0000 0000#1626598208717980#-61.5#2.6998061866787286#9
0000 002F 2000 0000 0000 0000#1626598208719305#-57.0#3.509748042682347#9
0000 0038 2000 0000 0000 0000#1626598208720555#-40.0#2.030990563160589#9
0000 003A 2000 0000 0000 0000#1626598208721643#-30.0#2.4605051837685683#9
0000 0032 2000 0000 0000 0000#1626598208722765#-41.0#4.381049130201391#9
0000 003B 2000 0000 0000 0000#1626598208724374#-35.5#3.890175278077986#9
0000 0030 2000 0000 0000 0000#1626598208726312#-54.5#4.04357335686655#9
0000 0033 2000 0000 0000 0000#1626598208727873#-41.0#4.847379289718626#9
0000 0031 2000 0000 0000 0000#1626598208729194#-43.0#4.147884050442774#9
0000 0036 2000 0000 0000 0000#1626598208730286#-45.0#0.8222137023067037#9
0000 0034 2000 0000 0000 0000#1626598208731375#-44.0#5.884350302329319#9
0000 0037 2000 0000 0000 0000#1626598208732585#-43.0#1.5462526341887264#9
0000 0035 2000 0000 0000 0000#1626598208734147#-44.5#0.4540583132141498#9
FFFF FFFF FFFF FFFF FFFF FFFF#1626598208735298#-68.0#0.22089323345553233#9
0000 0039 2000 0000 0000 0000#1626598208998869#-42.5#1.3499030933393643#9
0000 0034 2000 0000 0000 0000#1626598209002124#-38.5#4.0558452031696355#9
0000 0032 2000 0000 0000 0000#1626598209004827#-52.5#3.436116964863836#9
0000 003A 2000 0000 0000 0000#1626598209005918#-34.0#1.6812429435226628#9
0000 003B 2000 0000 0000 0000#1626598209006942#-38.0#3.074097498922825#9
0000 0031 2000 0000 0000 0000#1626598209008035#-55.0#2.8532042654672924#9
FFFF FFFF FFFF FFFF FFFF FFFF#1626598209009357#-68.5#5.8475347634200645#9
0000 002E 2000 0000 0000 0000#1626598209011107#-60.0#4.172427743048944#9
0000 0035 2000 0000 0000 0000#1626598209012140#-40.0#4.473087977474529#9
0000 0030 2000 0000 0000 0000#1626598209013612#-59.5#2.313243028131547#9
0000 0038 2000 0000 0000 0000#1626598209014976#-46.0#0.6013204688511713#9
0000 0036 2000 0000 0000 0000#1626598209016010#-42.0#4.816699673960914#9
0000 0037 2000 0000 0000 0000#1626598209018939#-46.0#5.939573610693203#9
0000 0033 2000 0000 0000 0000#1626598209020015#-45.0#3.749049045592507#9
0000 002D 2000 0000 0000 0000#1626598209021708#-57.5#3.184544115650591#9
0000 002F 2000 0000 0000 0000#1626598209023144#-65.0#0.8283496254582462#9
0000 0037 2000 0000 0000 0000#1626598209026700#-46.0#5.853670686571607#9
0000 0034 2000 0000 0000 0000#1626598209028329#-39.0#4.000621894805752#9
0000 0033 2000 0000 0000 0000#1626598209029687#-44.5#3.749049045592507#9
0000 0036 2000 0000 0000 0000#1626598209031286#-42.0#4.755340442445488#9
0000 002F 2000 0000 0000 0000#1626598209032876#-65.0#0.803805932852076#9
0000 0032 2000 0000 0000 0000#1626598209035659#-53.5#3.3440781175906977#9
0000 0038 2000 0000 0000 0000#1626598209037822#-46.5#0.46019423636569234#9
0000 0035 2000 0000 0000 0000#1626598209038856#-40.0#4.3503695144436785#9
0000 002D 2000 0000 0000 0000#1626598209039924#-57.0#2.9145634969827183#9
0000 003A 2000 0000 0000 0000#1626598209041501#-34.5#1.607611865704152#9
0000 0039 2000 0000 0000 0000#1626598209043007#-43.0#1.1903690913992575#9
0000 002E 2000 0000 0000 0000#1626598209044349#-59.5#3.785864584501762#9
0000 0031 2000 0000 0000 0000#1626598209045686#-55.0#2.724349879284899#9
0000 0030 2000 0000 0000 0000#1626598209046729#-61.0#2.024854640009046#9
0000 003B 2000 0000 0000 0000#1626598209048064#-38.0#2.9697868053466014#9
FFFF FFFF FFFF FFFF FFFF FFFF#1626598209049514#-68.0#5.957981380147831#9
0000 002E 2000 0000 0000 0000#1626598209319692#-56.0#1.4296700943094176#9
0000 003B 2000 0000 0000 0000#1626598209320759#-42.0#1.8346410223112268#9
0000 0033 2000 0000 0000 0000#1626598209322047#-55.0#2.0923497946760143#9
0000 0032 2000 0000 0000 0000#1626598209323093#-57.0#1.0799224746714913#9
0000 0039 2000 0000 0000 0000#1626598209324247#-45.5#5.258486140871978#9
0000 0035 2000 0000 0000 0000#1626598209325281#-47.0#3.160000423044421#9
0000 0037 2000 0000 0000 0000#1626598209326374#-44.5#3.9944859716542096#9
0000 0034 2000 0000 0000 0000#1626598209329174#-52.0#2.791845033951867#9
0000 003A 2000 0000 0000 0000#1626598209330253#-41.0#6.22182607566416#9
0000 0038 2000 0000 0000 0000#1626598209331546#-45.0#4.558990901596125#9
0000 0036 2000 0000 0000 0000#1626598209332638#-45.0#3.3502140407422405#9
0000 002D 2000 0000 0000 0000#1626598209333846#-55.0#0.6872233929727672#9
0000 002F 2000 0000 0000 0000#1626598209335080#-60.5#2.9820586516496865#9
0000 0031 2000 0000 0000 0000#1626598209336386#-59.5#6.215690152512618#9
FFFF FFFF FFFF FFFF FFFF FFFF#1626598209338792#-67.0#4.884194828627882#9
0000 0030 2000 0000 0000 0000#1626598209339847#-65.0#3.9085830475326135#9
0000 002F 2000 0000 0000 0000#1626598209344867#-60.0#2.8532042654672924#9
0000 0039 2000 0000 0000 0000#1626598209346132#-45.5#5.135767677841127#9
0000 002E 2000 0000 0000 0000#1626598209347142#-56.0#1.3069516312785663#9
0000 0034 2000 0000 0000 0000#1626598209348433#-52.5#2.736621725587984#9
0000 0030 2000 0000 0000 0000#1626598209349492#-65.0#4.123340357836604#9
0000 0038 2000 0000 0000 0000#1626598209351325#-44.5#4.485359823777615#9
0000 0036 2000 0000 0000 0000#1626598209361520#-45.5#3.4913402732277192#9
0000 003B 2000 0000 0000 0000#1626598209363384#-42.5#1.902136176978195#9
0000 002D 2000 0000 0000 0000#1626598209364397#-54.5#0.7301748550335652#9
0000 0031 2000 0000 0000 0000#1626598209366643#-59.5#6.068427996875596#9
FFFF FFFF FFFF FFFF FFFF FFFF#1626598209368775#-67.5#5.160311370447297#9
0000 003A 2000 0000 0000 0000#1626598209370327#-41.5#6.1420590746941075#9
0000 0033 2000 0000 0000 0000#1626598209371433#-55.0#1.9941750242513334#9
0000 0032 2000 0000 0000 0000#1626598209373348#-58.5#0.8160777791551611#9
0000 0035 2000 0000 0000 0000#1626598209374466#-48.5#3.2459033471660166#9
0000 0037 2000 0000 0000 0000#1626598209375487#-45.0#4.0558452031696355#9
0000 0032 2000 0000 0000 0000#1626598209638992#-58.0#4.853515212870168#9
0000 0036 2000 0000 0000 0000#1626598209640101#-54.5#3.32567034813607#9
0000 003A 2000 0000 0000 0000#1626598209641148#-40.0#5.332117218690489#9
0000 0038 2000 0000 0000 0000#1626598209643125#-48.5#4.779884135051658#9
0000 002F 2000 0000 0000 0000#1626598209645901#-56.5#2.0064468705544187#9
0000 003B 2000 0000 0000 0000#1626598209646924#-47.0#1.2701360923693108#9
0000 0034 2000 0000 0000 0000#1626598209649210#-56.5#1.5830681730979816#9
0000 0039 2000 0000 0000 0000#1626598209650265#-44.5#4.957825906446392#9
0000 0033 2000 0000 0000 0000#1626598209651823#-60.0#0.0674951546669682#9
0000 002D 2000 0000 0000 0000#1626598209654201#-55.5#6.14819499784565#9
0000 0030 2000 0000 0000 0000#1626598209655288#-60.0#2.8102528034064944#9
0000 0031 2000 0000 0000 0000#1626598209656605#-57.0#3.9822141253511245#9
0000 0035 2000 0000 0000 0000#1626598209658119#-54.0#2.6998061866787286#9
0000 0037 2000 0000 0000 0000#1626598209659144#-52.5#4.301282129231338#9
0000 002E 2000 0000 0000 0000#1626598209660683#-56.0#0.47860200582032003#9
0C21 0537 8123 1003 2202 062F#1626598209661725#-68.5#1.6873788666742053#9
FFFF FFFF FFFF FFFF FFFF FFFF#1626598209665777#-68.0#0.4479223900626072#9
0000 0033 2000 0000 0000 0000#1626598209671178#-59.5#6.0991076126333095#9
0000 0036 2000 0000 0000 0000#1626598209672663#-55.0#3.1784081924990484#9
0000 003B 2000 0000 0000 0000#1626598209675487#-47.0#1.1044661672776617#9
0000 003A 2000 0000 0000 0000#1626598209676507#-40.0#5.184855063053467#9
