0000 0034 2000 0000 0000 0000#1626598337675033#-48.5#5.577554144752192#9
0000 002F 2000 0000 0000 0000#1626598337677151#-51.0#2.5464081078901644#9
0000 0036 2000 0000 0000 0000#1626598337678214#-46.5#4.669437518323892#9
0000 002E 2000 0000 0000 0000#1626598337679311#-51.0#3.0925052683774528#9
0000 0038 2000 0000 0000 0000#1626598337680846#-46.0#4.135612204139688#9
0000 0035 2000 0000 0000 0000#1626598337681937#-46.5#4.865787059173254#9
0000 003A 2000 0000 0000 0000#1626598337683517#-47.0#2.767301341345697#9
0000 0033 2000 0000 0000 0000#1626598337684835#-50.0#0.11044661672776616#9
0000 0037 2000 0000 0000 0000#1626598337686130#-46.5#4.331961744989051#9
0000 0032 2000 0000 0000 0000#1626598337688077#-50.5#0.8344855486097889#9
0000 002D 2000 0000 0000 0000#1626598337689115#-52.5#3.313398501832985#9
FFFF FFFF FFFF FFFF FFFF FFFF#1626598337690378#-67.5#0.01227184630308513#9
0000 0031 2000 0000 0000 0000#1626598337691442#-50.5#1.239456476611598#9
0000 0039 2000 0000 0000 0000#1626598337692552#-46.0#3.6079228131070282#9
0000 0030 2000 0000 0000 0000#1626598337694995#-50.5#2.2334760271614935#9
0000 003A 2000 0000 0000 0000#1626598337707737#-48.0#2.411417798556228#9
0000 0030 2000 0000 0000 0000#1626598337709748#-50.5#1.8223691760081417#9
0000 0033 2000 0000 0000 0000#1626598337711036#-50.0#6.025476534814799#9
0000 0031 2000 0000 0000 0000#1626598337712070#-51.0#0.8713010875190442#9
0000 002F 2000 0000 0000 0000#1626598337713874#-51.0#2.1537090261914402#9
0000 002E 2000 0000 0000 0000#1626598337714927#-50.0#2.6691265709210157#9
0000 0037 2000 0000 0000 0000#1626598337716246#-47.5#3.9699422790480394#9
0000 002D 2000 0000 0000 0000#1626598337717793#-52.5#2.9022916506796332#9
0000 0034 2000 0000 0000 0000#1626598337718783#-48.5#5.21553467881118#9
0000 0036 2000 0000 0000 0000#1626598337720287#-46.5#4.301282129231338#9
0000 0038 2000 0000 0000 0000#1626598337721328#-46.5#3.7429131224409646#9
0000 0039 2000 0000 0000 0000#1626598337722878#-47.0#3.2336315008629315#9
0000 0035 2000 0000 0000 0000#1626598337724183#-47.0#4.473087977474529#9
0000 0032 2000 0000 0000 0000#1626598337728573#-49.0#0.44178646691106466#9
FFFF FFFF FFFF FFFF FFFF FFFF#1626598337730125#-69.0#5.749359992995383#9
0000 0038 2000 0000 0000 0000#1626598337993283#-46.5#3.9515345095934116#9
0000 002F 2000 0000 0000 0000#1626598337995370#-51.0#2.36846633649543#9
0000 0039 2000 0000 0000 0000#1626598337997065#-46.0#3.429981041712294#9
0000 0034 2000 0000 0000 0000#1626598337999108#-49.0#5.424156065963627#9
0000 002D 2000 0000 0000 0000#1626598338000189#-53.0#3.129320807286708#9
0000 0035 2000 0000 0000 0000#1626598338001512#-47.0#4.681709364626977#9
FFFF FFFF FFFF FFFF FFFF FFFF#1626598338003290#-69.0#5.872078456026235#9
0000 002E 2000 0000 0000 0000#1626598338004430#-50.0#2.8654761117703775#9
0000 0036 2000 0000 0000 0000#1626598338005506#-46.5#4.485359823777615#9
0000 0037 2000 0000 0000 0000#1626598338006555#-47.0#4.154019973594316#9
0000 003A 2000 0000 0000 0000#1626598338007677#-47.5#2.60776733940559#9
0000 0033 2000 0000 0000 0000#1626598338008724#-50.0#6.1850105367549055#9
0000 0031 2000 0000 0000 0000#1626598338011483#-51.0#1.0921943209745766#9
0000 0032 2000 0000 0000 0000#1626598338012572#-50.5#0.662679700366597#9
0000 0030 2000 0000 0000 0000#1626598338013630#-50.0#2.0493983326152168#9
0000 0038 2000 0000 0000 0000#1626598338018057#-46.5#3.9453985864418692#9
0000 002F 2000 0000 0000 0000#1626598338019160#-51.0#2.380738182798515#9
0000 002E 2000 0000 0000 0000#1626598338020956#-50.5#2.8716120349219203#9
0000 003A 2000 0000 0000 0000#1626598338024124#-47.5#2.5954954931025047#9
0000 0039 2000 0000 0000 0000#1626598338025181#-46.0#3.411573272257666#9
0000 0030 2000 0000 0000 0000#1626598338026740#-50.0#2.0493983326152168#9
0000 0036 2000 0000 0000 0000#1626598338028488#-47.0#4.479223900626073#9
0000 0037 2000 0000 0000 0000#1626598338029538#-47.0#4.135612204139688#9
0000 0034 2000 0000 0000 0000#1626598338030626#-48.5#5.387340527054372#9
FFFF FFFF FFFF FFFF FFFF FFFF#1626598338031673#-69.0#5.902758071783947#9
0000 0033 2000 0000 0000 0000#1626598338033123#-50.0#6.227961998815704#9
0000 0035 2000 0000 0000 0000#1626598338034201#-47.0#4.6878452877785195#9
0000 002D 2000 0000 0000 0000#1626598338035280#-53.0#3.104777114680538#9
0000 0032 2000 0000 0000 0000#1626598338036312#-50.5#0.6749515466696822#9
0000 0031 2000 0000 0000 0000#1626598338038702#-50.5#1.1044661672776617#9
0000 0030 2000 0000 0000 0000#1626598338302958#-50.5#1.4726215563702154#9
0000 0039 2000 0000 0000 0000#1626598338305066#-47.0#2.8654761117703775#9
0000 0036 2000 0000 0000 0000#1626598338306158#-47.0#4.025165587411922#9
0000 0037 2000 0000 0000 0000#1626598338307990#-47.5#3.663146121470911#9
0000 003A 2000 0000 0000 0000#1626598338309082#-47.5#2.061670178918302#9
0000 0035 2000 0000 0000 0000#1626598338310158#-47.0#4.270602513473625#9
0000 0033 2000 0000 0000 0000#1626598338320483#-49.5#6.007068765360171#9
0000 002D 2000 0000 0000 0000#1626598338321798#-52.0#2.7550294950426117#9
0000 0034 2000 0000 0000 0000#1626598338323891#-48.5#5.184855063053467#9
0000 0038 2000 0000 0000 0000#1626598338325350#-46.5#3.6201946594101133#9
0000 002F 2000 0000 0000 0000#1626598338326427#-50.0#2.0493983326152168#9
FFFF FFFF FFFF FFFF FFFF FFFF#1626598338328123#-68.5#5.283029833478148#9
0000 0032 2000 0000 0000 0000#1626598338329297#-50.0#0.4479223900626072#9
0000 002E 2000 0000 0000 0000#1626598338330409#-49.5#2.5402721847386216#9
0000 0031 2000 0000 0000 0000#1626598338331487#-50.5#0.8774370106705868#9
0000 0030 2000 0000 0000 0000#1626598338338083#-49.5#1.7794177139473437#9
0000 0031 2000 0000 0000 0000#1626598338339874#-50.0#0.8774370106705868#9
0000 003A 2000 0000 0000 0000#1626598338341751#-46.5#2.3193789512830896#9
0000 0033 2000 0000 0000 0000#1626598338342824#-49.5#6.105243535784852#9
0000 002D 2000 0000 0000 0000#1626598338344153#-51.5#2.7550294950426117#9
0000 002F 2000 0000 0000 0000#1626598338345186#-50.0#2.086213871524472#9
0000 0032 2000 0000 0000 0000#1626598338346461#-49.5#0.5276893910326605#9
0000 0038 2000 0000 0000 0000#1626598338347976#-46.0#3.663146121470911#9
0000 0035 2000 0000 0000 0000#1626598338349302#-47.0#4.528311285838413#9
FFFF FFFF FFFF FFFF FFFF FFFF#1626598338350366#-69.0#5.405748296509#9
0000 0034 2000 0000 0000 0000#1626598338352767#-49.0#5.3198453723874035#9
0000 0039 2000 0000 0000 0000#1626598338353807#-46.5#3.11091303783208#9
0000 0037 2000 0000 0000 0000#1626598338355069#-47.5#3.9085830475326135#9
0000 002E 2000 0000 0000 0000#1626598338356979#-49.0#2.5832236467994196#9
0000 0036 2000 0000 0000 0000#1626598338357999#-47.0#4.319689898685965#9
0000 0036 2000 0000 0000 0000#1626598338621745#-48.5#6.2034183062095325#9
0000 002F 2000 0000 0000 0000#1626598338622765#-46.5#3.706097583531709#9
0000 002D 2000 0000 0000 0000#1626598338624821#-49.0#4.356505437595221#9
0000 0031 2000 0000 0000 0000#1626598338625874#-45.5#2.742757648739526#9
0000 0033 2000 0000 0000 0000#1626598338627433#-46.5#2.061670178918302#9
0000 0034 2000 0000 0000 0000#1626598338628780#-48.0#1.3621749396424494#9
0000 003A 2000 0000 0000 0000#1626598338629845#-36.0#3.2643111166206444#9
0000 0032 2000 0000 0000 0000#1626598338631106#-45.5#2.5280003384355365#9
0000 0038 2000 0000 0000 0000#1626598338632142#-45.0#4.9394181369917645#9
0000 0037 2000 0000 0000 0000#1626598338633206#-47.5#5.405748296509#9
0000 003B 2000 0000 0000 0000#1626598338636139#-46.5#3.822680123411018#9
0000 0039 2000 0000 0000 0000#1626598338637167#-41.5#4.25833066717054#9
0000 002E 2000 0000 0000 0000#1626598338638976#-46.5#4.184699589352029#9
FFFF FFFF FFFF FFFF FFFF FFFF#1626598338640042#-68.5#0.607456392002714#9
0000 0035 2000 0000 0000 0000#1626598338646130#-48.0#0.4479223900626072#9
0000 0030 2000 0000 0000 0000#1626598338647188#-45.5#3.522019888985432#9
0000 0032 2000 0000 0000 0000#1626598338650806#-45.0#2.5893595699509624#9
0000 0031 2000 0000 0000 0000#1626598338651885#-45.5#2.8409324191642074#9
0000 003A 2000 0000 0000 0000#1626598338653432#-35.5#3.3011266555298997#9
0000 002F 2000 0000 0000 0000#1626598338654723#-46.5#3.792000507653305#9
0000 003B 2000 0000 0000 0000#1626598338655778#-45.5#3.834951969714103#9
0000 0033 2000 0000 0000 0000#1626598338658104#-46.0#2.1966604882522383#9
0000 0035 2000 0000 0000 0000#1626598338659182#-48.0#0.4908738521234052#9
0000 0037 2000 0000 0000 0000#1626598338660983#-48.0#5.553010452146021#9
0000 0030 2000 0000 0000 0000#1626598338662850#-45.5#3.552699504743145#9
0000 0038 2000 0000 0000 0000#1626598338663916#-45.0#5.037592907416445#9
0000 0036 2000 0000 0000 0000#1626598338665692#-48.5#0.1718058482431918#9
0000 002E 2000 0000 0000 0000#1626598338668134#-46.0#4.227651051412827#9
0000 0034 2000 0000 0000 0000#1626598338669651#-47.5#1.576932249946439#9
0000 002D 2000 0000 0000 0000#1626598338671874#-48.5#4.424000592262189#9
0000 0039 2000 0000 0000 0000#1626598338672968#-41.0#4.331961744989051#9
FFFF FFFF FFFF FFFF FFFF FFFF#1626598338674011#-69.5#0.7792622402459057#9
0000 0031 2000 0000 0000 0000#1626598338939911#-42.5#3.0802334220743677#9
0000 0039 2000 0000 0000 0000#1626598338940979#-42.5#4.755340442445488#9
0000 003A 2000 0000 0000 0000#1626598338942058#-34.5#3.54042765844006#9
0000 0034 2000 0000 0000 0000#1626598338943121#-43.5#2.061670178918302#9
0000 0032 2000 0000 0000 0000#1626598338944382#-42.0#2.859340188618835#9
0000 0038 2000 0000 0000 0000#1626598338945475#-47.0#5.853670686571607#9
0000 0035 2000 0000 0000 0000#1626598338946508#-45.5#1.423534171157875#9
0000 003B 2000 0000 0000 0000#1626598338948551#-41.0#3.785864584501762#9
0000 002F 2000 0000 0000 0000#1626598338949570#-44.5#3.865631585471816#9
0000 0037 2000 0000 0000 0000#1626598338951887#-47.5#0.3129320807286708#9
FFFF FFFF FFFF FFFF FFFF FFFF#1626598338952938#-67.5#5.5100589900852235#9
0000 0030 2000 0000 0000 0000#1626598338954748#-43.0#3.6386024288647407#9
0000 002D 2000 0000 0000 0000#1626598338957611#-47.0#4.368777283898306#9
0000 0033 2000 0000 0000 0000#1626598338959868#-41.0#2.6016314162540475#9
0000 002E 2000 0000 0000 0000#1626598338961024#-44.5#4.215379205109742#9
0000 0036 2000 0000 0000 0000#1626598338962542#-46.0#1.2517283229146832#9
0000 0034 2000 0000 0000 0000#1626598338966713#-43.5#2.1230294104337273#9
0000 0035 2000 0000 0000 0000#1626598338968054#-45.0#1.5155730184310134#9
0000 003A 2000 0000 0000 0000#1626598338970671#-34.5#3.6447383520162835#9
0000 0033 2000 0000 0000 0000#1626598338971717#-42.0#2.6384469551633027#9
FFFF FFFF FFFF FFFF FFFF FFFF#1626598338972785#-68.5#5.45483568172134#9
0000 0039 2000 0000 0000 0000#1626598338973836#-42.0#4.890330751779424#9
0000 0031 2000 0000 0000 0000#1626598338974920#-42.5#3.147728576741336#9
0000 0032 2000 0000 0000 0000#1626598338976010#-42.0#2.9329712664373457#9
0000 002E 2000 0000 0000 0000#1626598338977294#-44.5#4.239922897715912#9
0000 0038 2000 0000 0000 0000#1626598338978343#-47.0#6.013204688511713#9
0000 002F 2000 0000 0000 0000#1626598338979664#-44.0#3.902447124381071#9
0000 002D 2000 0000 0000 0000#1626598338980745#-47.0#4.3933209765044765#9
0000 0030 2000 0000 0000 0000#1626598338982300#-43.0#3.706097583531709#9
0000 0036 2000 0000 0000 0000#1626598338983946#-45.5#1.3314953238847365#9
0000 0037 2000 0000 0000 0000#1626598338984953#-47.5#0.47860200582032003#9
0000 003B 2000 0000 0000 0000#1626598338986046#-40.5#3.933126740138784#9
0000 0038 2000 0000 0000 0000#1626598339251345#-44.5#1.2762720155208536#9
0000 0039 2000 0000 0000 0000#1626598339253857#-42.0#0.11658253987930872#9
0000 0036 2000 0000 0000 0000#1626598339255520#-43.0#2.448233337465483#9
0000 003B 2000 0000 0000 0000#1626598339256802#-39.0#5.056000676871073#9
0000 0032 2000 0000 0000 0000#1626598339258158#-38.5#3.859495662320273#9
0000 002D 2000 0000 0000 0000#1626598339259283#-46.0#5.013049214810275#9
0000 003A 2000 0000 0000 0000#1626598339260844#-33.0#5.0682725231741586#9
0000 0037 2000 0000 0000 0000#1626598339261908#-44.0#1.8285050991596843#9
0000 0033 2000 0000 0000 0000#1626598339262986#-40.0#3.5956509668039427#9
0000 0035 2000 0000 0000 0000#1626598339264275#-41.0#2.6323110320117604#9
0000 0030 2000 0000 0000 0000#1626598339265573#-41.5#4.479223900626073#9
FFFF FFFF FFFF FFFF FFFF FFFF#1626598339267581#-68.5#5.8659425328746915#9
0000 0034 2000 0000 0000 0000#1626598339269120#-41.0#3.1661363461959633#9
0000 0031 2000 0000 0000 0000#1626598339270897#-40.0#4.025165587411922#9
0000 002F 2000 0000 0000 0000#1626598339274085#-42.5#4.669437518323892#9
0000 002E 2000 0000 0000 0000#1626598339275197#-43.0#4.933282213840222#9
0000 0032 2000 0000 0000 0000#1626598339280858#-40.0#3.902447124381071#9
0000 002E 2000 0000 0000 0000#1626598339283071#-43.0#4.933282213840222#9
0000 003A 2000 0000 0000 0000#1626598339284122#-33.0#5.160311370447297#9
0000 0039 2000 0000 0000 0000#1626598339285455#-41.5#0.25770877236478773#9
0000 0034 2000 0000 0000 0000#1626598339286793#-40.5#3.2029518851052186#9
0000 002D 2000 0000 0000 0000#1626598339288551#-46.5#5.043728830567988#9
0000 003B 2000 0000 0000 0000#1626598339290739#-39.0#5.160311370447297#9
0000 0033 2000 0000 0000 0000#1626598339291759#-40.0#3.6754179677739964#9
0000 0031 2000 0000 0000 0000#1626598339292839#-39.5#4.0558452031696355#9
0000 0035 2000 0000 0000 0000#1626598339293929#-41.0#2.705942109830271#9
0000 002F 2000 0000 0000 0000#1626598339295221#-42.5#4.675573441475434#9
0000 0030 2000 0000 0000 0000#1626598339296335#-41.0#4.534447208989955#9
0000 0036 2000 0000 0000 0000#1626598339297425#-42.0#2.5402721847386216#9
FFFF FFFF FFFF FFFF FFFF FFFF#1626598339298908#-68.5#6.025476534814799#9
0000 0038 2000 0000 0000 0000#1626598339300604#-44.5#1.4603497100671303#9
0000 0037 2000 0000 0000 0000#1626598339301670#-43.5#1.9512235621905356#9
0000 0038 2000 0000 0000 0000#1626598339566171#-40.5#1.8285050991596843#9
0000 002E 2000 0000 0000 0000#1626598339567515#-42.5#4.853515212870168#9
0000 002D 2000 0000 0000 0000#1626598339568553#-46.0#4.933282213840222#9
0000 0030 2000 0000 0000 0000#1626598339569930#-40.5#4.522175362686871#9
0000 0039 2000 0000 0000 0000#1626598339570984#-38.5#0.944932165337555#9
0000 003A 2000 0000 0000 0000#1626598339572018#-32.0#5.93343768754166#9
0000 0035 2000 0000 0000 0000#1626598339573330#-38.5#2.8532042654672924#9
0000 002F 2000 0000 0000 0000#1626598339574434#-41.5#4.669437518323892#9
0000 003B 2000 0000 0000 0000#1626598339575476#-38.5#5.896622148632405#9
0000 0032 2000 0000 0000 0000#1626598339576752#-38.5#3.9760782021995817#9
0000 0033 2000 0000 0000 0000#1626598339578085#-38.5#3.761320891895592#9
0000 0031 2000 0000 0000 0000#1626598339580577#-38.5#4.104932588381976#9
0000 0036 2000 0000 0000 0000#1626598339582618#-39.5#2.7120780329818137#9
0000 0034 2000 0000 0000 0000#1626598339584404#-38.5#3.3318062712876126#9
FFFF FFFF FFFF FFFF FFFF FFFF#1626598339585483#-68.5#5.013049214810275#9
0000 0037 2000 0000 0000 0000#1626598339587202#-41.0#2.2089323345553233#9
0000 0036 2000 0000 0000 0000#1626598339590802#-39.5#2.730485802436441#9
0000 003A 2000 0000 0000 0000#1626598339593447#-32.0#6.025476534814799#9
0000 0037 2000 0000 0000 0000#1626598339594768#-41.0#2.2518837966161214#9
0000 0030 2000 0000 0000 0000#1626598339595882#-40.5#4.546719055293041#9
0000 002E 2000 0000 0000 0000#1626598339597444#-42.5#4.871922982324796#9
0000 0031 2000 0000 0000 0000#1626598339598759#-38.5#4.147884050442774#9
0000 0034 2000 0000 0000 0000#1626598339600093#-38.0#3.356349963893783#9
0000 0039 2000 0000 0000 0000#1626598339601387#-38.5#1.0492428589137786#9
0000 002D 2000 0000 0000 0000#1626598339602750#-46.0#4.933282213840222#9
0000 003B 2000 0000 0000 0000#1626598339604417#-38.5#6.013204688511713#9
0000 0035 2000 0000 0000 0000#1626598339605494#-38.5#2.9084275738311756#9
0000 0038 2000 0000 0000 0000#1626598339606802#-40.0#1.9205439464328227#9
0000 0032 2000 0000 0000 0000#1626598339608529#-38.5#4.031301510563465#9
0000 0033 2000 0000 0000 0000#1626598339609818#-38.0#3.810408277107933#9
FFFF FFFF FFFF FFFF FFFF FFFF#1626598339611255#-68.5#4.963961829597935#9
0000 002F 2000 0000 0000 0000#1626598339612288#-42.0#4.6878452877785195#9
0000 0037 2000 0000 0000 0000#1626598339874871#-38.0#3.6017868899554855#9
0000 0031 2000 0000 0000 0000#1626598339875879#-37.0#5.3198453723874035#9
0000 0033 2000 0000 0000 0000#1626598339876910#-36.5#5.043728830567988#9
0000 0032 2000 0000 0000 0000#1626598339878002#-36.5#5.221670601962723#9
0000 0034 2000 0000 0000 0000#1626598339879067#-36.5#4.669437518323892#9
0000 0030 2000 0000 0000 0000#1626598339880108#-39.0#5.66959299202533#9
0000 0035 2000 0000 0000 0000#1626598339881217#-36.0#4.2092432819582#9
0000 0039 2000 0000 0000 0000#1626598339882954#-34.5#2.5832236467994196#9
0000 0038 2000 0000 0000 0000#1626598339886196#-37.5#3.32567034813607#9
0000 002F 2000 0000 0000 0000#1626598339887244#-40.5#5.749359992995383#9
0000 003A 2000 0000 0000 0000#1626598339889333#-29.0#1.5892040962495242#9
0000 003B 2000 0000 0000 0000#1626598339890429#-36.5#1.5953400194010667#9
0000 0036 2000 0000 0000 0000#1626598339891978#-37.0#4.086524818927348#9
0000 002D 2000 0000 0000 0000#1626598339893572#-45.0#5.884350302329319#9
0000 002E 2000 0000 0000 0000#1626598339896655#-42.0#5.878214379177777#9
FFFF FFFF FFFF FFFF FFFF FFFF#1626598339899159#-67.0#0.07976700097005335#9
0000 0036 2000 0000 0000 0000#1626598339902969#-37.0#4.111068511533518#9
0000 0039 2000 0000 0000 0000#1626598339904562#-34.5#2.6384469551633027#9
0000 0030 2000 0000 0000 0000#1626598339905862#-39.0#5.675728915176872#9
0000 002E 2000 0000 0000 0000#1626598339907145#-42.0#5.890486225480862#9
0000 003B 2000 0000 0000 0000#1626598339908416#-36.5#1.6444274046134073#9
0000 003A 2000 0000 0000 0000#1626598339909707#-29.0#1.662835174068035#9
0000 0032 2000 0000 0000 0000#1626598339911225#-36.5#5.270757987175063#9
0000 002F 2000 0000 0000 0000#1626598339912731#-40.0#5.780039608753096#9
0000 0037 2000 0000 0000 0000#1626598339914052#-37.5#3.6692820446224537#9
0000 0031 2000 0000 0000 0000#1626598339915162#-37.0#5.3627968344482015#9
0000 0038 2000 0000 0000 0000#1626598339916228#-37.0#3.3870295796514958#9
0000 0033 2000 0000 0000 0000#1626598339917531#-36.0#5.105088062083414#9
0000 0035 2000 0000 0000 0000#1626598339919080#-36.0#4.276738436625168#9
0000 0034 2000 0000 0000 0000#1626598339920884#-36.5#4.71238898038469#9
FFFF FFFF FFFF FFFF FFFF FFFF#1626598339923888#-67.0#0.1227184630308513#9
0000 002D 2000 0000 0000 0000#1626598339925207#-45.0#5.896622148632405#9
0000 0037 2000 0000 0000 0000#1626598340195931#-36.5#3.54042765844006#9
0000 0033 2000 0000 0000 0000#1626598340197304#-35.0#4.92714629068868#9
0000 0036 2000 0000 0000 0000#1626598340199399#-36.5#4.000621894805752#9
0000 0035 2000 0000 0000 0000#1626598340201844#-35.5#4.129476280988146#9
0000 0038 2000 0000 0000 0000#1626598340203126#-35.5#3.3072625786814425#9
0000 002D 2000 0000 0000 0000#1626598340204222#-46.5#5.356660911296659#9
0000 0034 2000 0000 0000 0000#1626598340205328#-36.0#4.565126824747668#9
0000 0030 2000 0000 0000 0000#1626598340206615#-39.5#5.356660911296659#9
0000 002E 2000 0000 0000 0000#1626598340207699#-42.5#5.418020142812084#9
0000 003A 2000 0000 0000 0000#1626598340210224#-26.5#1.9266798695843652#9
0000 0031 2000 0000 0000 0000#1626598340211418#-37.0#5.129631754689584#9
0000 0039 2000 0000 0000 0000#1626598340212743#-32.5#2.718213956133356#9
0000 003B 2000 0000 0000 0000#1626598340213821#-33.5#2.0371264863121317#9
0000 0032 2000 0000 0000 0000#1626598340215368#-36.5#5.080544369477243#9
0000 002F 2000 0000 0000 0000#1626598340217631#-41.0#5.418020142812084#9
FFFF FFFF FFFF FFFF FFFF FFFF#1626598340218697#-68.0#5.344389064993574#9
0000 0039 2000 0000 0000 0000#1626598340222509#-32.5#2.748893571891069#9
0000 0030 2000 0000 0000 0000#1626598340224363#-39.5#5.387340527054372#9
0000 0033 2000 0000 0000 0000#1626598340226283#-36.5#4.963961829597935#9
FFFF FFFF FFFF FFFF FFFF FFFF#1626598340227363#-69.0#5.387340527054372#9
0000 0032 2000 0000 0000 0000#1626598340228762#-35.5#5.092816215780329#9
0000 002D 2000 0000 0000 0000#1626598340230073#-46.0#5.356660911296659#9
0000 003A 2000 0000 0000 0000#1626598340232382#-26.5#1.9880391010997909#9
0000 0036 2000 0000 0000 0000#1626598340234386#-36.0#4.0558452031696355#9
0000 0031 2000 0000 0000 0000#1626598340235724#-37.0#5.160311370447297#9
0000 0038 2000 0000 0000 0000#1626598340236792#-35.0#3.368621810196868#9
0000 002E 2000 0000 0000 0000#1626598340238672#-42.5#5.418020142812084#9
0000 003B 2000 0000 0000 0000#1626598340239840#-34.0#2.110757564130642#9
0000 002F 2000 0000 0000 0000#1626598340241182#-41.0#5.418020142812084#9
0000 0034 2000 0000 0000 0000#1626598340242616#-36.0#4.638757902566179#9
0000 0037 2000 0000 0000 0000#1626598340245053#-36.0#3.6386024288647407#9
0000 0035 2000 0000 0000 0000#1626598340246086#-35.5#4.196971435655114#9
FFFF FFFF FFFF FFFF FFFF FFFF#1626598340508864#-69.5#5.700272607783043#9
0000 003A 2000 0000 0000 0000#1626598340509951#-26.0#2.9268353432858034#9
0000 0032 2000 0000 0000 0000#1626598340511309#-37.0#5.5100589900852235#9
0000 0038 2000 0000 0000 0000#1626598340512900#-34.5#4.104932588381976#9
0000 0031 2000 0000 0000 0000#1626598340514666#-38.5#5.5100589900852235#9
0000 003B 2000 0000 0000 0000#1626598340516028#-32.5#3.1906800388021335#9
0000 002F 2000 0000 0000 0000#1626598340517576#-42.0#5.626641529964532#9
0000 0036 2000 0000 0000 0000#1626598340519122#-36.5#4.675573441475434#9
0000 002D 2000 0000 0000 0000#1626598340520220#-47.5#5.344389064993574#9
0000 0035 2000 0000 0000 0000#1626598340521554#-36.0#4.76147636559703#9
0000 0037 2000 0000 0000 0000#1626598340522618#-35.5#4.301282129231338#9
0000 0033 2000 0000 0000 0000#1626598340523731#-36.5#5.45483568172134#9
0000 002E 2000 0000 0000 0000#1626598340527080#-44.5#5.491651220630596#9
0000 0039 2000 0000 0000 0000#1626598340529487#-31.5#3.6386024288647407#9
0000 0034 2000 0000 0000 0000#1626598340530533#-36.5#5.123495831538041#9
0000 0030 2000 0000 0000 0000#1626598340532687#-41.0#5.651185222570702#9
0000 0038 2000 0000 0000 0000#1626598340537603#-34.5#4.1417481272912315#9
0000 0031 2000 0000 0000 0000#1626598340539139#-38.5#5.534602682691394#9
0000 0035 2000 0000 0000 0000#1626598340540216#-36.0#4.773748211900116#9
0000 002F 2000 0000 0000 0000#1626598340541281#-42.0#5.608233760509904#9
0000 003A 2000 0000 0000 0000#1626598340543039#-26.5#3.0250101137104846#9
0000 0033 2000 0000 0000 0000#1626598340544058#-38.0#5.4671075280244255#9
0000 0032 2000 0000 0000 0000#1626598340545203#-37.0#5.516194913236766#9
0000 002E 2000 0000 0000 0000#1626598340546273#-44.5#5.485515297479052#9
0000 0037 2000 0000 0000 0000#1626598340548004#-35.5#4.325825821837508#9
0000 0034 2000 0000 0000 0000#1626598340549069#-36.5#5.123495831538041#9
0000 003B 2000 0000 0000 0000#1626598340550137#-32.5#3.2704470397721868#9
FFFF FFFF FFFF FFFF FFFF FFFF#1626598340552382#-68.5#5.64504929941916#9
0000 0039 2000 0000 0000 0000#1626598340553478#-31.5#3.693825737228624#9
0000 002D 2000 0000 0000 0000#1626598340556638#-48.0#5.3198453723874035#9
0000 0030 2000 0000 0000 0000#1626598340557681#-41.0#5.626641529964532#9
0000 0036 2000 0000 0000 0000#1626598340559524#-36.5#4.700117134081604#9
0000 0038 2000 0000 0000 0000#1626598340833530#-34.5#4.104932588381976#9
0000 0039 2000 0000 0000 0000#1626598340834616#-32.0#3.6999616603801666#9
0000 003B 2000 0000 0000 0000#1626598340835699#-32.0#3.497476196379262#9
0000 0035 2000 0000 0000 0000#1626598340839369#-36.5#4.546719055293041#9
0000 0031 2000 0000 0000 0000#1626598340840451#-40.0#5.019185137961818#9
0000 0032 2000 0000 0000 0000#1626598340843416#-37.5#5.056000676871073#9
0000 0037 2000 0000 0000 0000#1626598340845026#-36.0#4.221515128261284#9
0000 0033 2000 0000 0000 0000#1626598340846156#-37.5#5.0682725231741586#9
0000 003A 2000 0000 0000 0000#1626598340847230#-26.5#3.141592653589793#9
0000 002F 2000 0000 0000 0000#1626598340848325#-44.0#4.970097752749477#9
0000 0030 2000 0000 0000 0000#1626598340849748#-42.5#5.043728830567988#9
FFFF FFFF FFFF FFFF FFFF FFFF#1626598340851569#-69.0#5.056000676871073#9
0000 0036 2000 0000 0000 0000#1626598340853716#-36.5#4.4976316700806995#9
0000 0034 2000 0000 0000 0000#1626598340855337#-37.5#4.8351074434155406#9
0000 002E 2000 0000 0000 0000#1626598340856420#-46.5#4.755340442445488#9
0000 002D 2000 0000 0000 0000#1626598340857445#-50.0#4.534447208989955#9
0000 0037 2000 0000 0000 0000#1626598340862156#-36.0#4.23378697456437#9
0000 002F 2000 0000 0000 0000#1626598340863476#-44.0#4.945554060143307#9
0000 0039 2000 0000 0000 0000#1626598340864800#-32.0#3.730641276137879#9
0000 0038 2000 0000 0000 0000#1626598340865852#-35.0#4.147884050442774#9
0000 002E 2000 0000 0000 0000#1626598340867190#-46.5#4.724660826687775#9
0000 0034 2000 0000 0000 0000#1626598340868226#-37.5#4.8351074434155406#9
0000 0036 2000 0000 0000 0000#1626598340869789#-36.5#4.509903516383785#9
0000 002D 2000 0000 0000 0000#1626598340870857#-50.0#4.4976316700806995#9
0000 0030 2000 0000 0000 0000#1626598340871887#-42.0#5.00077736850719#9
0000 0033 2000 0000 0000 0000#1626598340872978#-39.0#5.062136600022616#9
0000 003A 2000 0000 0000 0000#1626598340874509#-26.5#3.215223731408304#9
0000 003B 2000 0000 0000 0000#1626598340877712#-32.0#3.5895150436524004#9
0000 0032 2000 0000 0000 0000#1626598340882154#-38.0#5.0253210611133605#9
0000 0031 2000 0000 0000 0000#1626598340884095#-40.0#4.9823695990525625#9
0000 0035 2000 0000 0000 0000#1626598340885204#-36.5#4.558990901596125#9
FFFF FFFF FFFF FFFF FFFF FFFF#1626598340886414#-69.0#5.190990986205009#9
0000 0039 2000 0000 0000 0000#1626598341150084#-31.5#4.7860200582032#9
0000 003B 2000 0000 0000 0000#1626598341151152#-32.0#4.8351074434155406#9
0000 0038 2000 0000 0000 0000#1626598341153593#-33.5#5.043728830567988#9
0000 0035 2000 0000 0000 0000#1626598341154671#-36.0#5.178719139901925#9
0000 0034 2000 0000 0000 0000#1626598341156501#-37.5#5.325981295538946#9
0000 003A 2000 0000 0000 0000#1626598341157763#-25.5#4.381049130201391#9
0000 0037 2000 0000 0000 0000#1626598341158857#-35.0#5.056000676871073#9
0000 0031 2000 0000 0000 0000#1626598341159950#-41.5#5.3198453723874035#9
0000 0036 2000 0000 0000 0000#1626598341161718#-36.0#5.166447293598839#9
0000 002E 2000 0000 0000 0000#1626598341163684#-47.0#4.970097752749477#9
0000 002D 2000 0000 0000 0000#1626598341164796#-51.0#4.693981210930062#9
0000 002F 2000 0000 0000 0000#1626598341166087#-45.0#5.178719139901925#9
0000 0030 2000 0000 0000 0000#1626598341167114#-43.5#5.301437602932776#9
0000 0033 2000 0000 0000 0000#1626598341169071#-40.0#5.485515297479052#9
0000 0032 2000 0000 0000 0000#1626598341170161#-39.5#5.3627968344482015#9
FFFF FFFF FFFF FFFF FFFF FFFF#1626598341185927#-69.5#6.154330920997192#9
0000 0032 2000 0000 0000 0000#1626598341192828#-40.0#5.154175447295755#9
0000 0035 2000 0000 0000 0000#1626598341193875#-36.0#4.95168998329485#9
0000 002D 2000 0000 0000 0000#1626598341195002#-51.5#4.485359823777615#9
FFFF FFFF FFFF FFFF FFFF FFFF#1626598341196053#-69.0#6.227961998815704#9
0000 0031 2000 0000 0000 0000#1626598341197858#-41.0#5.0682725231741586#9
0000 0034 2000 0000 0000 0000#1626598341199915#-37.5#5.092816215780329#9
0000 002E 2000 0000 0000 0000#1626598341201201#-47.5#4.693981210930062#9
0000 0033 2000 0000 0000 0000#1626598341203524#-38.5#5.252350217720435#9
0000 0037 2000 0000 0000 0000#1626598341204897#-35.5#4.865787059173254#9
0000 0036 2000 0000 0000 0000#1626598341205976#-36.0#4.95168998329485#9
0000 0030 2000 0000 0000 0000#1626598341207501#-43.5#5.043728830567988#9
0000 0039 2000 0000 0000 0000#1626598341208612#-31.5#4.6448938257177215#9
0000 003A 2000 0000 0000 0000#1626598341209900#-25.5#4.23378697456437#9
0000 003B 2000 0000 0000 0000#1626598341211805#-32.5#4.718524903536232#9
0000 0038 2000 0000 0000 0000#1626598341213216#-34.0#4.878058905476339#9
0000 002F 2000 0000 0000 0000#1626598341215148#-45.5#4.908738521234052#9
0000 0035 2000 0000 0000 0000#1626598341482644#-36.0#4.25833066717054#9
0000 0030 2000 0000 0000 0000#1626598341484181#-46.0#4.104932588381976#9
0000 0039 2000 0000 0000 0000#1626598341485251#-31.0#4.319689898685965#9
0000 003B 2000 0000 0000 0000#1626598341486306#-32.0#4.681709364626977#9
0000 0034 2000 0000 0000 0000#1626598341487980#-36.5#4.3074180523828804#9
0000 0036 2000 0000 0000 0000#1626598341489556#-36.0#4.3074180523828804#9
0000 0033 2000 0000 0000 0000#1626598341491380#-39.5#4.368777283898306#9
0000 0037 2000 0000 0000 0000#1626598341493397#-35.0#4.319689898685965#9
0000 0038 2000 0000 0000 0000#1626598341494494#-33.5#4.424000592262189#9
0000 0032 2000 0000 0000 0000#1626598341495557#-41.5#4.2031073588066565#9
0000 003A 2000 0000 0000 0000#1626598341496873#-26.0#4.04357335686655#9
0000 002E 2000 0000 0000 0000#1626598341500966#-50.0#3.6324665057131984#9
0000 002D 2000 0000 0000 0000#1626598341502075#-54.5#3.3747577333484107#9
0000 002F 2000 0000 0000 0000#1626598341504561#-48.0#3.9147189706841563#9
0000 0031 2000 0000 0000 0000#1626598341506353#-43.0#4.080388895775806#9
0C21 0537 8123 1003 2202 062F#1626598341510490#-67.5#1.0921943209745766#9
0000 002D 2000 0000 0000 0000#1626598341514544#-54.5#3.3195344249845276#9
0000 0039 2000 0000 0000 0000#1626598341515597#-31.0#4.313553975534423#9
0000 002F 2000 0000 0000 0000#1626598341516930#-48.0#3.890175278077986#9
0000 003A 2000 0000 0000 0000#1626598341519512#-24.5#4.06811704947272#9
0000 0036 2000 0000 0000 0000#1626598341521075#-36.0#4.252194744018997#9
0000 0034 2000 0000 0000 0000#1626598341522210#-38.0#4.246058820867455#9
0000 0031 2000 0000 0000 0000#1626598341523275#-43.0#4.049709280018092#9
0000 0035 2000 0000 0000 0000#1626598341525079#-36.0#4.196971435655114#9
0000 0033 2000 0000 0000 0000#1626598341526419#-39.5#4.289010282928253#9
0000 0032 2000 0000 0000 0000#1626598341528181#-41.5#4.1417481272912315#9
0000 0037 2000 0000 0000 0000#1626598341529246#-35.0#4.270602513473625#9
0000 0038 2000 0000 0000 0000#1626598341530256#-33.5#4.405592822807561#9
0000 003B 2000 0000 0000 0000#1626598341531817#-32.0#4.6878452877785195#9
0000 002E 2000 0000 0000 0000#1626598341532846#-50.5#3.5588354278946874#9
0000 0030 2000 0000 0000 0000#1626598341535855#-46.5#4.006757817957295#9
0C21 0537 8123 1003 2202 062F#1626598341537570#-67.5#1.3130875544301088#9
0000 0039 2000 0000 0000 0000#1626598341804482#-31.0#3.730641276137879#9
0000 002F 2000 0000 0000 0000#1626598341805816#-50.5#2.6016314162540475#9
0000 002D 2000 0000 0000 0000#1626598341806869#-57.0#1.8960002538266525#9
0000 003A 2000 0000 0000 0000#1626598341808385#-25.5#3.6570101983193686#9
0000 0036 2000 0000 0000 0000#1626598341811009#-36.5#3.3502140407422405#9
0000 0037 2000 0000 0000 0000#1626598341812129#-35.0#3.5158839658338894#9
0000 0031 2000 0000 0000 0000#1626598341813693#-45.0#2.8409324191642074#9
0000 0038 2000 0000 0000 0000#1626598341814972#-33.5#3.706097583531709#9
0000 0032 2000 0000 0000 0000#1626598341816531#-44.0#2.945243112740431#9
0000 0035 2000 0000 0000 0000#1626598341817654#-37.0#3.2336315008629315#9
0000 0033 2000 0000 0000 0000#1626598341818674#-43.0#3.1661363461959633#9
0000 003B 2000 0000 0000 0000#1626598341820893#-31.0#4.448544284868359#9
0000 0034 2000 0000 0000 0000#1626598341822654#-38.0#3.1906800388021335#9
0000 0030 2000 0000 0000 0000#1626598341823655#-49.0#2.6998061866787286#9
0000 002E 2000 0000 0000 0000#1626598341824950#-53.0#2.1598449493429825#9
0000 0033 2000 0000 0000 0000#1626598341832385#-43.0#3.141592653589793#9
0000 0031 2000 0000 0000 0000#1626598341833751#-45.5#2.761165418194154#9
0000 0034 2000 0000 0000 0000#1626598341835312#-39.5#3.172272269347506#9
0000 002D 2000 0000 0000 0000#1626598341836394#-57.5#1.736466251886546#9
0000 0030 2000 0000 0000 0000#1626598341837478#-49.0#2.675262494072558#9
0000 0035 2000 0000 0000 0000#1626598341838568#-37.0#3.1906800388021335#9
0000 0039 2000 0000 0000 0000#1626598341839881#-31.0#3.6999616603801666#9
0000 003A 2000 0000 0000 0000#1626598341840944#-25.5#3.6386024288647407#9
0000 0036 2000 0000 0000 0000#1626598341842494#-36.5#3.2888548092268146#9
0000 0038 2000 0000 0000 0000#1626598341843845#-33.5#3.6754179677739964#9
0000 003B 2000 0000 0000 0000#1626598341844896#-31.5#4.454680208019902#9
0000 002F 2000 0000 0000 0000#1626598341846074#-51.0#2.448233337465483#9
0000 0037 2000 0000 0000 0000#1626598341847994#-35.0#3.454524734318464#9
0000 0032 2000 0000 0000 0000#1626598341849069#-44.0#2.859340188618835#9
0000 002E 2000 0000 0000 0000#1626598341850408#-53.5#2.043262409463674#9
0000 0035 2000 0000 0000 0000#1626598342116769#-37.5#2.724349879284899#9
0000 0038 2000 0000 0000 0000#1626598342117808#-34.0#3.429981041712294#9
0000 0031 2000 0000 0000 0000#1626598342119129#-47.5#1.902136176978195#9
0000 0039 2000 0000 0000 0000#1626598342120183#-31.0#3.552699504743145#9
0000 0034 2000 0000 0000 0000#1626598342122200#-40.0#2.5893595699509624#9
0000 002D 2000 0000 0000 0000#1626598342123778#-58.5#0.4049709280018093#9
0000 002F 2000 0000 0000 0000#1626598342124857#-53.0#1.325359400733194#9
0000 0037 2000 0000 0000 0000#1626598342127140#-36.0#3.147728576741336#9
0000 002E 2000 0000 0000 0000#1626598342128732#-55.5#0.7792622402459057#9
0000 003B 2000 0000 0000 0000#1626598342130056#-31.5#4.589670517353839#9
0000 003A 2000 0000 0000 0000#1626598342131100#-25.5#3.6079228131070282#9
0000 0036 2000 0000 0000 0000#1626598342132636#-37.0#2.816388726558037#9
0000 0033 2000 0000 0000 0000#1626598342135077#-44.0#2.3746022596469727#9
0000 0030 2000 0000 0000 0000#1626598342136976#-52.0#1.5278448647340985#9
0000 0032 2000 0000 0000 0000#1626598342139974#-46.0#2.030990563160589#9
0000 003B 2000 0000 0000 0000#1626598342144874#-31.5#4.577398671050753#9
0000 0036 2000 0000 0000 0000#1626598342145995#-37.0#2.779573187648782#9
0000 0035 2000 0000 0000 0000#1626598342147998#-37.5#2.6384469551633027#9
0000 003A 2000 0000 0000 0000#1626598342149287#-26.0#3.5895150436524004#9
0000 0032 2000 0000 0000 0000#1626598342152712#-45.5#1.9512235621905356#9
0000 002D 2000 0000 0000 0000#1626598342153792#-56.0#0.1227184630308513#9
0000 0031 2000 0000 0000 0000#1626598342154914#-48.0#1.7426021750380885#9
0000 0030 2000 0000 0000 0000#1626598342156219#-52.0#1.3928545554001621#9
0000 0038 2000 0000 0000 0000#1626598342157526#-34.0#3.3624858870453256#9
0000 002E 2000 0000 0000 0000#1626598342159548#-55.0#0.5399612373357456#9
0000 002F 2000 0000 0000 0000#1626598342160597#-53.0#1.1780972450961724#9
0000 0033 2000 0000 0000 0000#1626598342161738#-43.5#2.2764274892222915#9
0000 0034 2000 0000 0000 0000#1626598342163202#-40.5#2.4605051837685683#9
0000 0037 2000 0000 0000 0000#1626598342164895#-36.0#3.0495538063166547#9
0000 0039 2000 0000 0000 0000#1626598342166435#-31.5#3.454524734318464#9
0000 002F 2000 0000 0000 0000#1626598342433119#-48.0#5.93343768754166#9
0000 0035 2000 0000 0000 0000#1626598342435447#-39.0#2.448233337465483#9
0000 0038 2000 0000 0000 0000#1626598342437028#-35.0#3.3440781175906977#9
0000 002E 2000 0000 0000 0000#1626598342438099#-45.0#5.197126909356553#9
0000 0036 2000 0000 0000 0000#1626598342439148#-38.5#2.6261751088602177#9
0000 0039 2000 0000 0000 0000#1626598342440246#-32.0#3.509748042682347#9
0000 0037 2000 0000 0000 0000#1626598342441311#-37.0#2.9697868053466014#9
0000 002D 2000 0000 0000 0000#1626598342442391#-48.0#5.105088062083414#9
0000 003A 2000 0000 0000 0000#1626598342443668#-26.5#3.6999616603801666#9
0000 003B 2000 0000 0000 0000#1626598342444721#-32.0#4.822835597112456#9
0000 0031 2000 0000 0000 0000#1626598342446283#-50.0#0.9387962421860124#9
0000 0034 2000 0000 0000 0000#1626598342448188#-42.0#2.1966604882522383#9
0000 0033 2000 0000 0000 0000#1626598342449906#-46.5#1.8407769454627694#9
0000 0032 2000 0000 0000 0000#1626598342452514#-48.5#1.2517283229146832#9
FFFF FFFF FFFF FFFF FFFF FFFF#1626598342453779#-69.5#0.5092816215780329#9
0000 0030 2000 0000 0000 0000#1626598342455076#-48.5#6.062292073724054#9
0000 0039 2000 0000 0000 0000#1626598342462320#-32.0#3.4606606574700063#9
0000 0036 2000 0000 0000 0000#1626598342463741#-38.5#2.5464081078901644#9
0000 003A 2000 0000 0000 0000#1626598342464763#-26.5#3.650874275167826#9
0000 0033 2000 0000 0000 0000#1626598342466660#-45.5#1.7548740213411735#9
0000 002E 2000 0000 0000 0000#1626598342467698#-45.5#5.098952138931871#9
0000 0038 2000 0000 0000 0000#1626598342469227#-35.0#3.2704470397721868#9
0000 0035 2000 0000 0000 0000#1626598342470562#-39.5#2.3623304133438876#9
0000 0037 2000 0000 0000 0000#1626598342471913#-37.0#2.890019804376548#9
0000 003B 2000 0000 0000 0000#1626598342472963#-32.5#4.779884135051658#9
0000 0034 2000 0000 0000 0000#1626598342474385#-42.0#2.116893487282185#9
0000 002F 2000 0000 0000 0000#1626598342475947#-46.0#5.5714182216006485#9
FFFF FFFF FFFF FFFF FFFF FFFF#1626598342477040#-69.0#0.3620194659410113#9
0000 0031 2000 0000 0000 0000#1626598342478131#-50.5#0.7547185476397354#9
0000 0030 2000 0000 0000 0000#1626598342479229#-47.5#5.810719224510809#9
0000 0032 2000 0000 0000 0000#1626598342480305#-48.5#1.1228739367322893#9
0000 002D 2000 0000 0000 0000#1626598342481758#-49.5#4.97623367590102#9
0000 0035 2000 0000 0000 0000#1626598342749209#-42.5#1.0921943209745766#9
0000 0038 2000 0000 0000 0000#1626598342750304#-38.0#2.172116795646068#9
0000 0030 2000 0000 0000 0000#1626598342751660#-45.0#4.104932588381976#9
0000 002D 2000 0000 0000 0000#1626598342752998#-64.0#2.141437179888355#9
0000 003B 2000 0000 0000 0000#1626598342755047#-34.5#3.877903431774901#9
0000 0034 2000 0000 0000 0000#1626598342756068#-45.5#0.5951845456996288#9
0000 0032 2000 0000 0000 0000#1626598342757328#-44.5#4.865787059173254#9
0000 0037 2000 0000 0000 0000#1626598342759134#-39.5#1.7916895602504288#9
0000 0039 2000 0000 0000 0000#1626598342760996#-35.0#2.3746022596469727#9
0000 002E 2000 0000 0000 0000#1626598342762250#-60.0#3.3624858870453256#9
0000 003A 2000 0000 0000 0000#1626598342763295#-28.0#2.5341362615870793#9
FFFF FFFF FFFF FFFF FFFF FFFF#1626598342765127#-68.5#5.8045833013592665#9
0000 0031 2000 0000 0000 0000#1626598342767046#-42.0#4.381049130201391#9
0000 0033 2000 0000 0000 0000#1626598342771113#-48.0#5.810719224510809#9
0000 0036 2000 0000 0000 0000#1626598342772204#-42.0#1.2455923997631406#9
0000 002F 2000 0000 0000 0000#1626598342773297#-49.5#3.9147189706841563#9
0000 0031 2000 0000 0000 0000#1626598342777512#-42.0#4.338097668140593#9
0000 0030 2000 0000 0000 0000#1626598342778596#-46.0#4.037437433715008#9
0000 0036 2000 0000 0000 0000#1626598342780343#-42.5#1.214912784005428#9
0000 002E 2000 0000 0000 0000#1626598342781470#-60.0#3.0495538063166547#9
0000 0038 2000 0000 0000 0000#1626598342783020#-37.5#2.086213871524472#9
0000 0035 2000 0000 0000 0000#1626598342784054#-43.5#0.9203884727313847#9
0000 002D 2000 0000 0000 0000#1626598342785575#-63.5#1.8653206380689396#9
0000 0033 2000 0000 0000 0000#1626598342787373#-47.0#5.64504929941916#9
0000 0039 2000 0000 0000 0000#1626598342788914#-35.0#2.2948352586769194#9
0000 003A 2000 0000 0000 0000#1626598342789948#-28.5#2.4911847995262812#9
0000 002F 2000 0000 0000 0000#1626598342791297#-50.0#3.8288160465625602#9
0000 0032 2000 0000 0000 0000#1626598342792843#-44.0#4.6448938257177215#9
0000 003B 2000 0000 0000 0000#1626598342793897#-34.5#3.792000507653305#9
0000 0034 2000 0000 0000 0000#1626598342796364#-45.5#0.3865631585471816#9
0000 0037 2000 0000 0000 0000#1626598342797672#-40.5#1.6935147898257479#9
FFFF FFFF FFFF FFFF FFFF FFFF#1626598342801784#-68.5#5.767767762450011#9
0000 002F 2000 0000 0000 0000#1626598343071139#-59.5#1.1228739367322893#9
0000 002D 2000 0000 0000 0000#1626598343072206#-55.5#4.620350133111551#9
0000 0035 2000 0000 0000 0000#1626598343073256#-44.5#5.013049214810275#9
0000 0033 2000 0000 0000 0000#1626598343075556#-41.0#3.448388811166921#9
0000 0031 2000 0000 0000 0000#1626598343077919#-50.0#2.8716120349219203#9
0000 0036 2000 0000 0000 0000#1626598343078967#-46.0#5.399612373357457#9
0000 003A 2000 0000 0000 0000#1626598343080271#-31.5#1.4787574795217582#9
0000 0037 2000 0000 0000 0000#1626598343081324#-46.0#0.1902136176978195#9
0000 0032 2000 0000 0000 0000#1626598343082620#-46.5#3.1661363461959633#9
0000 003B 2000 0000 0000 0000#1626598343083689#-36.5#2.761165418194154#9
0000 0030 2000 0000 0000 0000#1626598343084946#-58.5#1.8223691760081417#9
FFFF FFFF FFFF FFFF FFFF FFFF#1626598343086977#-68.0#5.160311370447297#9
0000 0039 2000 0000 0000 0000#1626598343088159#-39.5#1.239456476611598#9
0000 0034 2000 0000 0000 0000#1626598343089735#-41.5#3.9576704327449543#9
0000 002E 2000 0000 0000 0000#1626598343091060#-55.5#5.062136600022616#9
0000 0038 2000 0000 0000 0000#1626598343093855#-44.5#0.8344855486097889#9
0000 002E 2000 0000 0000 0000#1626598343098319#-55.5#5.019185137961818#9
0000 002D 2000 0000 0000 0000#1626598343099826#-55.0#4.399456899656019#9
0000 0035 2000 0000 0000 0000#1626598343100889#-44.5#4.773748211900116#9
0000 0031 2000 0000 0000 0000#1626598343101953#-51.5#2.773437264497239#9
0000 0030 2000 0000 0000 0000#1626598343104268#-59.0#1.7732817907958012#9
0000 003B 2000 0000 0000 0000#1626598343106505#-36.5#2.718213956133356#9
FFFF FFFF FFFF FFFF FFFF FFFF#1626598343108083#-68.0#5.393476450205914#9
0000 003A 2000 0000 0000 0000#1626598343109621#-32.0#1.41126232485479#9
0000 0039 2000 0000 0000 0000#1626598343111935#-40.0#1.1780972450961724#9
0000 0034 2000 0000 0000 0000#1626598343113856#-41.0#3.822680123411018#9
0000 002F 2000 0000 0000 0000#1626598343114861#-60.5#0.607456392002714#9
0000 0036 2000 0000 0000 0000#1626598343115925#-45.0#5.111223985234957#9
0000 0033 2000 0000 0000 0000#1626598343117712#-42.0#3.3747577333484107#9
0000 0038 2000 0000 0000 0000#1626598343119063#-45.0#0.7363107781851077#9
0000 0032 2000 0000 0000 0000#1626598343120151#-48.5#3.08636934522591#9
0000 0037 2000 0000 0000 0000#1626598343121717#-47.0#6.227961998815704#9
0000 0031 2000 0000 0000 0000#1626598343394858#-56.5#1.2701360923693108#9
0000 003A 2000 0000 0000 0000#1626598343395919#-37.5#0.944932165337555#9
0000 0030 2000 0000 0000 0000#1626598343397022#-62.0#5.338253141842031#9
0000 0036 2000 0000 0000 0000#1626598343398312#-41.5#3.8410878928656453#9
0000 0032 2000 0000 0000 0000#1626598343399402#-55.5#2.061670178918302#9
0000 0034 2000 0000 0000 0000#1626598343401146#-45.5#3.3502140407422405#9
0000 002F 2000 0000 0000 0000#1626598343402905#-57.5#4.503767593232243#9
0000 0033 2000 0000 0000 0000#1626598343403953#-53.5#2.9084275738311756#9
0000 002D 2000 0000 0000 0000#1626598343405032#-55.0#2.435961491162398#9
0000 0037 2000 0000 0000 0000#1626598343406294#-44.0#4.614214209960009#9
0000 003B 2000 0000 0000 0000#1626598343407589#-39.5#2.405281875404685#9
0000 0035 2000 0000 0000 0000#1626598343408939#-41.5#3.5711072741977725#9
0000 0039 2000 0000 0000 0000#1626598343410021#-46.0#0.1043106935762236#9
FFFF FFFF FFFF FFFF FFFF FFFF#1626598343412282#-66.0#5.5284667595398505#9
0000 0038 2000 0000 0000 0000#1626598343413328#-46.0#5.411884219660542#9
0000 002E 2000 0000 0000 0000#1626598343419037#-56.0#3.129320807286708#9
FFFF FFFF FFFF FFFF FFFF FFFF#1626598343430471#-69.0#0.48473792897186263#9
0000 0039 2000 0000 0000 0000#1626598343431536#-45.5#0.7301748550335652#9
0000 0030 2000 0000 0000 0000#1626598343432568#-60.5#6.080699843178682#9
0000 003A 2000 0000 0000 0000#1626598343433887#-37.5#1.5892040962495242#9
0000 0032 2000 0000 0000 0000#1626598343435204#-55.0#2.675262494072558#9
0000 002D 2000 0000 0000 0000#1626598343436227#-55.0#3.227495577711389#9
0000 002E 2000 0000 0000 0000#1626598343438536#-55.5#3.8963112012295285#9
0000 0035 2000 0000 0000 0000#1626598343440512#-41.0#4.325825821837508#9
0000 0036 2000 0000 0000 0000#1626598343442365#-40.5#4.509903516383785#9
0000 0033 2000 0000 0000 0000#1626598343444170#-53.0#3.54042765844006#9
0000 0034 2000 0000 0000 0000#1626598343445273#-46.0#4.111068511533518#9
0000 003B 2000 0000 0000 0000#1626598343446341#-40.0#3.153864499892878#9
0000 0031 2000 0000 0000 0000#1626598343448474#-56.5#1.6935147898257479#9
0000 0038 2000 0000 0000 0000#1626598343450607#-44.5#5.915029918087033#9
0000 0037 2000 0000 0000 0000#1626598343452899#-42.5#5.166447293598839#9
0000 002F 2000 0000 0000 0000#1626598343454345#-56.0#5.080544369477243#9
0000 002F 2000 0000 0000 0000#1626598343717892#-56.5#3.454524734318464#9
0000 0039 2000 0000 0000 0000#1626598343719501#-43.0#5.105088062083414#9
0000 002E 2000 0000 0000 0000#1626598343720800#-60.5#2.030990563160589#9
0000 0035 2000 0000 0000 0000#1626598343721847#-51.5#3.3318062712876126#9
0000 0034 2000 0000 0000 0000#1626598343723122#-54.0#2.435961491162398#9
0000 0038 2000 0000 0000 0000#1626598343724129#-45.0#4.773748211900116#9
0000 003B 2000 0000 0000 0000#1626598343725439#-46.0#1.9389517158874505#9
0000 0036 2000 0000 0000 0000#1626598343726773#-50.5#3.6754179677739964#9
0000 0037 2000 0000 0000 0000#1626598343727836#-47.0#4.3503695144436785#9
0000 003A 2000 0000 0000 0000#1626598343729681#-41.0#5.749359992995383#9
0000 0032 2000 0000 0000 0000#1626598343735193#-56.5#5.589825991055276#9
0000 0031 2000 0000 0000 0000#1626598343736852#-54.5#4.884194828627882#9
0000 0030 2000 0000 0000 0000#1626598343738237#-58.0#4.06811704947272#9
0000 0033 2000 0000 0000 0000#1626598343739634#-57.0#0.8774370106705868#9
0000 002D 2000 0000 0000 0000#1626598343741074#-63.5#0.23316507975861744#9
FFFF FFFF FFFF FFFF FFFF FFFF#1626598343742152#-68.0#0.03681553890925539#9
0000 0032 2000 0000 0000 0000#1626598343746037#-56.5#5.47937937432751#9
0000 0033 2000 0000 0000 0000#1626598343747553#-59.0#0.7363107781851077#9
0000 002E 2000 0000 0000 0000#1626598343748896#-62.0#1.6382914814618648#9
0000 0034 2000 0000 0000 0000#1626598343749911#-54.5#2.2334760271614935#9
FFFF FFFF FFFF FFFF FFFF FFFF#1626598343751249#-68.0#0.23930100291016002#9
0000 003A 2000 0000 0000 0000#1626598343752324#-41.0#5.608233760509904#9
0000 0035 2000 0000 0000 0000#1626598343753316#-53.0#3.104777114680538#9
0000 002D 2000 0000 0000 0000#1626598343754426#-64.0#6.270913460876501#9
0000 0039 2000 0000 0000 0000#1626598343756489#-43.5#4.9823695990525625#9
0000 0030 2000 0000 0000 0000#1626598343757545#-58.0#3.9453985864418692#9
0000 002F 2000 0000 0000 0000#1626598343759065#-57.5#3.215223731408304#9
0000 003B 2000 0000 0000 0000#1626598343760145#-47.0#1.6996507129772904#9
0000 0038 2000 0000 0000 0000#1626598343761922#-46.0#4.681709364626977#9
0000 0036 2000 0000 0000 0000#1626598343763940#-51.5#3.466796580621549#9
0000 0037 2000 0000 0000 0000#1626598343767168#-48.5#4.25833066717054#9
0000 0031 2000 0000 0000 0000#1626598343768617#-54.5#4.608078286808466#9
0000 002D 2000 0000 0000 0000#1626598344033160#-59.5#3.859495662320273#9
FFFF FFFF FFFF FFFF FFFF FFFF#1626598344042375#-69.0#6.17273869045182#9
0000 0030 2000 0000 0000 0000#1626598344043929#-63.5#1.7119225592803755#9
0000 0035 2000 0000 0000 0000#1626598344044988#-56.5#0.23930100291016002#9
0000 0032 2000 0000 0000 0000#1626598344047590#-55.5#3.2459033471660166#9
0000 0036 2000 0000 0000 0000#1626598344048666#-57.0#1.0737865515199487#9
0000 0034 2000 0000 0000 0000#1626598344049998#-54.5#4.988505522204105#9
0000 0033 2000 0000 0000 0000#1626598344051088#-55.0#3.9944859716542096#9
0000 0039 2000 0000 0000 0000#1626598344053065#-49.0#3.8717675086233583#9
0000 003B 2000 0000 0000 0000#1626598344054189#-47.5#5.970253226450915#9
0000 002E 2000 0000 0000 0000#1626598344055258#-60.5#4.295146206079795#9
0000 003A 2000 0000 0000 0000#1626598344056334#-41.0#4.166291819897402#9
0000 0038 2000 0000 0000 0000#1626598344057986#-52.5#3.3318062712876126#9
0000 0037 2000 0000 0000 0000#1626598344059233#-56.0#2.429825568010856#9
0000 0031 2000 0000 0000 0000#1626598344060342#-55.5#2.478912953223196#9
0000 002F 2000 0000 0000 0000#1626598344061434#-63.0#6.14819499784565#9
0000 0035 2000 0000 0000 0000#1626598344068118#-57.0#0.02454369260617026#9
0000 003A 2000 0000 0000 0000#1626598344069894#-41.5#4.123340357836604#9
0000 003B 2000 0000 0000 0000#1626598344072100#-47.5#5.890486225480862#9
0000 0030 2000 0000 0000 0000#1626598344073173#-66.0#1.2885438618239387#9
0000 0034 2000 0000 0000 0000#1626598344074475#-54.5#4.8351074434155406#9
0000 0036 2000 0000 0000 0000#1626598344075509#-57.5#0.8528933180644165#9
0000 0031 2000 0000 0000 0000#1626598344076633#-56.0#2.405281875404685#9
0000 0039 2000 0000 0000 0000#1626598344077700#-49.0#3.736777199289422#9
0000 002F 2000 0000 0000 0000#1626598344079981#-62.0#5.988660995905543#9
0000 0038 2000 0000 0000 0000#1626598344082141#-53.0#3.2336315008629315#9
0000 002E 2000 0000 0000 0000#1626598344083340#-60.5#4.111068511533518#9
0000 002D 2000 0000 0000 0000#1626598344084677#-59.0#3.792000507653305#9
FFFF FFFF FFFF FFFF FFFF FFFF#1626598344086178#-68.0#5.927301764390117#9
0000 0032 2000 0000 0000 0000#1626598344087645#-56.0#2.9575149590435164#9
0000 0037 2000 0000 0000 0000#1626598344088737#-56.5#2.2089323345553233#9
0000 0033 2000 0000 0000 0000#1626598344089894#-53.5#3.730641276137879#9
0000 002F 2000 0000 0000 0000#1626598344356499#-60.5#3.80427235395639#9
0000 0033 2000 0000 0000 0000#1626598344357934#-58.0#1.4910293258248433#9
0000 0039 2000 0000 0000 0000#1626598344359044#-54.0#1.5462526341887264#9
0000 003A 2000 0000 0000 0000#1626598344361086#-47.0#2.313243028131547#9
