0000 0030 2000 0000 0000 0000#1626598357977585#-51.0#1.4603497100671303#9
0000 002E 2000 0000 0000 0000#1626598357978879#-50.5#2.356194490192345#9
0000 0034 2000 0000 0000 0000#1626598357980936#-48.0#5.00077736850719#9
FFFF FFFF FFFF FFFF FFFF FFFF#1626598357982515#-67.5#5.411884219660542#9
0000 0037 2000 0000 0000 0000#1626598357984082#-47.5#3.8533597391687304#9
0000 0035 2000 0000 0000 0000#1626598357985630#-46.0#4.344233591292136#9
0000 002D 2000 0000 0000 0000#1626598357986653#-51.5#2.6261751088602177#9
0000 0036 2000 0000 0000 0000#1626598357988901#-46.5#4.166291819897402#9
0000 0032 2000 0000 0000 0000#1626598357990148#-50.5#0.1043106935762236#9
0000 0033 2000 0000 0000 0000#1626598357991192#-49.5#5.712544454086128#9
0000 003A 2000 0000 0000 0000#1626598357992299#-50.0#2.3009711818284617#9
0000 0031 2000 0000 0000 0000#1626598357994602#-50.5#0.4724660826687775#9
0000 002F 2000 0000 0000 0000#1626598357995622#-51.0#1.8530487917658545#9
0000 0038 2000 0000 0000 0000#1626598357997072#-46.5#3.6386024288647407#9
0000 0039 2000 0000 0000 0000#1626598357999720#-48.0#3.129320807286708#9
0000 0036 2000 0000 0000 0000#1626598358004923#-47.0#4.172427743048944#9
0000 0032 2000 0000 0000 0000#1626598358006967#-50.5#0.09817477042468103#9
0000 0037 2000 0000 0000 0000#1626598358008259#-47.5#3.822680123411018#9
0000 0038 2000 0000 0000 0000#1626598358009324#-46.5#3.6447383520162835#9
0000 003A 2000 0000 0000 0000#1626598358011156#-50.5#2.2641556429192065#9
0000 0034 2000 0000 0000 0000#1626598358012445#-48.0#4.994641445355648#9
0000 0035 2000 0000 0000 0000#1626598358013478#-46.5#4.338097668140593#9
0000 0039 2000 0000 0000 0000#1626598358015742#-48.0#3.147728576741336#9
0000 0031 2000 0000 0000 0000#1626598358016834#-50.5#0.5092816215780329#9
0000 002E 2000 0000 0000 0000#1626598358018414#-50.5#2.36846633649543#9
0000 0033 2000 0000 0000 0000#1626598358019446#-49.5#5.681864838328415#9
0000 0030 2000 0000 0000 0000#1626598358021014#-51.0#1.5033011721279284#9
0000 002F 2000 0000 0000 0000#1626598358022333#-51.0#1.8530487917658545#9
0000 002D 2000 0000 0000 0000#1626598358023755#-52.0#2.60776733940559#9
FFFF FFFF FFFF FFFF FFFF FFFF#1626598358027241#-68.0#5.540738605842936#9
0000 0038 2000 0000 0000 0000#1626598358292928#-45.5#4.411728745959104#9
0000 0032 2000 0000 0000 0000#1626598358294261#-48.0#0.859029241215959#9
0000 0033 2000 0000 0000 0000#1626598358295321#-49.0#0.21475731030398976#9
0000 002D 2000 0000 0000 0000#1626598358296389#-52.0#3.442252888015379#9
0000 002F 2000 0000 0000 0000#1626598358297964#-51.0#2.5893595699509624#9
0000 003A 2000 0000 0000 0000#1626598358299781#-49.5#3.018874190558942#9
0000 0037 2000 0000 0000 0000#1626598358301577#-46.5#4.626486056263094#9
0000 0030 2000 0000 0000 0000#1626598358303856#-50.5#2.2212041808584084#9
FFFF FFFF FFFF FFFF FFFF FFFF#1626598358305889#-67.5#0.4479223900626072#9
0000 002E 2000 0000 0000 0000#1626598358307922#-50.5#3.1661363461959633#9
0000 0039 2000 0000 0000 0000#1626598358310300#-47.0#3.9392626632903265#9
0000 0034 2000 0000 0000 0000#1626598358311686#-47.5#5.71868037723767#9
0000 0031 2000 0000 0000 0000#1626598358313366#-50.0#1.2333205534600555#9
0000 0036 2000 0000 0000 0000#1626598358314444#-46.0#4.921010367537137#9
0000 0035 2000 0000 0000 0000#1626598358315479#-45.5#5.080544369477243#9
0000 0038 2000 0000 0000 0000#1626598358321932#-45.5#4.4362724385652745#9
0000 0032 2000 0000 0000 0000#1626598358323008#-49.5#0.8713010875190442#9
0000 002D 2000 0000 0000 0000#1626598358324330#-52.0#3.466796580621549#9
0000 003A 2000 0000 0000 0000#1626598358325378#-49.5#3.0250101137104846#9
0000 0035 2000 0000 0000 0000#1626598358326668#-45.5#5.092816215780329#9
0000 0039 2000 0000 0000 0000#1626598358328006#-47.0#3.933126740138784#9
0000 0036 2000 0000 0000 0000#1626598358331489#-45.5#4.908738521234052#9
0000 0037 2000 0000 0000 0000#1626598358333982#-47.0#4.626486056263094#9
0000 002E 2000 0000 0000 0000#1626598358335065#-50.5#3.153864499892878#9
0000 0033 2000 0000 0000 0000#1626598358336178#-47.0#0.18407769454627693#9
0000 002F 2000 0000 0000 0000#1626598358339448#-51.0#2.5832236467994196#9
0000 0034 2000 0000 0000 0000#1626598358341661#-47.5#5.743224069843841#9
0000 0031 2000 0000 0000 0000#1626598358343126#-50.0#1.2455923997631406#9
0000 0030 2000 0000 0000 0000#1626598358344209#-50.5#2.2641556429192065#9
FFFF FFFF FFFF FFFF FFFF FFFF#1626598358345403#-68.5#0.39269908169872414#9
0000 002E 2000 0000 0000 0000#1626598358608756#-50.0#2.552544031041707#9
0000 0032 2000 0000 0000 0000#1626598358610556#-50.0#0.28838838812250056#9
0000 0036 2000 0000 0000 0000#1626598358611662#-46.5#4.356505437595221#9
0000 0033 2000 0000 0000 0000#1626598358614041#-49.0#5.902758071783947#9
0000 0030 2000 0000 0000 0000#1626598358615140#-50.5#1.705786636128833#9
0000 0031 2000 0000 0000 0000#1626598358616202#-50.5#0.7117670855789375#9
0000 0038 2000 0000 0000 0000#1626598358617754#-47.0#3.877903431774901#9
0000 003A 2000 0000 0000 0000#1626598358618816#-50.0#2.411417798556228#9
0000 0035 2000 0000 0000 0000#1626598358619877#-46.5#4.509903516383785#9
0000 0037 2000 0000 0000 0000#1626598358620942#-47.5#4.049709280018092#9
0000 0039 2000 0000 0000 0000#1626598358622023#-47.5#3.3318062712876126#9
0000 002F 2000 0000 0000 0000#1626598358623584#-50.5#2.0064468705544187#9
0000 0034 2000 0000 0000 0000#1626598358624617#-48.0#5.184855063053467#9
0000 002D 2000 0000 0000 0000#1626598358625713#-52.0#2.773437264497239#9
FFFF FFFF FFFF FFFF FFFF FFFF#1626598358627377#-68.5#5.872078456026235#9
0000 0038 2000 0000 0000 0000#1626598358633573#-47.0#3.865631585471816#9
0000 002D 2000 0000 0000 0000#1626598358635925#-52.0#2.773437264497239#9
0000 0039 2000 0000 0000 0000#1626598358637006#-47.5#3.3379421944391554#9
0000 0033 2000 0000 0000 0000#1626598358638592#-49.0#5.896622148632405#9
0000 0030 2000 0000 0000 0000#1626598358639663#-50.5#1.6873788666742053#9
FFFF FFFF FFFF FFFF FFFF FFFF#1626598358640967#-68.5#5.724816300389213#9
0000 0031 2000 0000 0000 0000#1626598358642057#-51.0#0.6994952392758523#9
0000 003A 2000 0000 0000 0000#1626598358643137#-50.0#2.411417798556228#9
0000 002E 2000 0000 0000 0000#1626598358644647#-50.0#2.5402721847386216#9
0000 0034 2000 0000 0000 0000#1626598358645951#-48.0#5.184855063053467#9
0000 0037 2000 0000 0000 0000#1626598358647863#-47.5#4.04357335686655#9
0000 0036 2000 0000 0000 0000#1626598358649525#-46.5#4.368777283898306#9
0000 0032 2000 0000 0000 0000#1626598358650601#-50.0#0.2945243112740431#9
0000 0035 2000 0000 0000 0000#1626598358651617#-46.0#4.516039439535327#9
0000 002F 2000 0000 0000 0000#1626598358653025#-50.5#2.030990563160589#9
0000 0035 2000 0000 0000 0000#1626598358917022#-46.5#4.663301595172349#9
0000 0039 2000 0000 0000 0000#1626598358918078#-47.0#3.393165502803038#9
0000 0032 2000 0000 0000 0000#1626598358920919#-50.0#0.4724660826687775#9
0000 0030 2000 0000 0000 0000#1626598358921988#-50.5#1.8837284075235674#9
0000 0036 2000 0000 0000 0000#1626598358923537#-46.5#4.460816131171445#9
0000 0038 2000 0000 0000 0000#1626598358924875#-46.5#3.9453985864418692#9
0000 0031 2000 0000 0000 0000#1626598358927452#-50.0#0.9142525495798421#9
0000 002F 2000 0000 0000 0000#1626598358928603#-51.0#2.2027964114037806#9
0000 0037 2000 0000 0000 0000#1626598358930177#-47.0#4.111068511533518#9
0000 002E 2000 0000 0000 0000#1626598358931504#-50.0#2.724349879284899#9
0000 002D 2000 0000 0000 0000#1626598358933198#-52.0#2.988194574801229#9
0000 0034 2000 0000 0000 0000#1626598358934246#-48.0#5.350524988145116#9
0000 0033 2000 0000 0000 0000#1626598358936048#-48.0#6.074563920027139#9
0000 003A 2000 0000 0000 0000#1626598358937127#-49.0#2.4850488763747385#9
FFFF FFFF FFFF FFFF FFFF FFFF#1626598358938785#-68.5#6.1850105367549055#9
0000 0035 2000 0000 0000 0000#1626598358945203#-47.0#4.675573441475434#9
0000 002D 2000 0000 0000 0000#1626598358947403#-52.0#2.9697868053466014#9
0000 0038 2000 0000 0000 0000#1626598358948467#-46.5#3.933126740138784#9
0000 0033 2000 0000 0000 0000#1626598358949542#-49.5#6.056156150572511#9
FFFF FFFF FFFF FFFF FFFF FFFF#1626598358950651#-68.0#6.14819499784565#9
0000 0036 2000 0000 0000 0000#1626598358951681#-46.5#4.454680208019902#9
0000 0032 2000 0000 0000 0000#1626598358953047#-48.5#0.47860200582032003#9
0000 0034 2000 0000 0000 0000#1626598358954643#-48.0#5.313709449235861#9
0000 0037 2000 0000 0000 0000#1626598358956740#-47.0#4.1417481272912315#9
0000 0039 2000 0000 0000 0000#1626598358960082#-46.5#3.399301425954581#9
0000 003A 2000 0000 0000 0000#1626598358962833#-49.0#2.4727770300716534#9
0000 002F 2000 0000 0000 0000#1626598358963867#-51.0#2.1966604882522383#9
0000 002E 2000 0000 0000 0000#1626598358964878#-50.0#2.718213956133356#9
0000 0031 2000 0000 0000 0000#1626598358967476#-50.5#0.9203884727313847#9
0000 0030 2000 0000 0000 0000#1626598358977361#-50.5#1.3130875544301088#9
0000 002D 2000 0000 0000 0000#1626598359240342#-51.5#2.5770877236478773#9
0000 002F 2000 0000 0000 0000#1626598359241406#-50.5#1.846912868614312#9
0000 0035 2000 0000 0000 0000#1626598359243418#-46.0#4.227651051412827#9
0000 0030 2000 0000 0000 0000#1626598359244478#-50.5#1.5278448647340985#9
0000 0036 2000 0000 0000 0000#1626598359246008#-46.5#4.049709280018092#9
FFFF FFFF FFFF FFFF FFFF FFFF#1626598359247104#-67.0#5.375068680751287#9
0000 0031 2000 0000 0000 0000#1626598359248209#-50.5#0.5031456984264903#9
0000 0032 2000 0000 0000 0000#1626598359249511#-50.5#0.0859029241215959#9
0000 0034 2000 0000 0000 0000#1626598359250785#-48.5#4.914874444385594#9
0000 0038 2000 0000 0000 0000#1626598359252093#-46.5#3.4913402732277192#9
0000 002E 2000 0000 0000 0000#1626598359254349#-50.0#2.337786720737717#9
0000 0037 2000 0000 0000 0000#1626598359256124#-47.0#3.6999616603801666#9
0000 003A 2000 0000 0000 0000#1626598359257442#-49.0#2.141437179888355#9
0000 0039 2000 0000 0000 0000#1626598359258511#-47.0#2.9391071895888885#9
0000 0033 2000 0000 0000 0000#1626598359260186#-49.5#5.6941366846315#9
0000 002E 2000 0000 0000 0000#1626598359267877#-50.0#2.337786720737717#9
0000 0037 2000 0000 0000 0000#1626598359269951#-47.0#3.663146121470911#9
0000 0038 2000 0000 0000 0000#1626598359271031#-46.0#3.4913402732277192#9
0000 0032 2000 0000 0000 0000#1626598359272548#-50.5#0.11044661672776616#9
0000 0031 2000 0000 0000 0000#1626598359273852#-51.0#0.5276893910326605#9
0000 002F 2000 0000 0000 0000#1626598359274901#-50.5#1.846912868614312#9
0000 0033 2000 0000 0000 0000#1626598359276981#-49.5#5.724816300389213#9
0000 0035 2000 0000 0000 0000#1626598359279251#-46.5#4.2092432819582#9
0000 0030 2000 0000 0000 0000#1626598359281581#-50.5#1.5155730184310134#9
0000 0034 2000 0000 0000 0000#1626598359282869#-48.0#4.921010367537137#9
FFFF FFFF FFFF FFFF FFFF FFFF#1626598359285390#-69.0#5.258486140871978#9
0000 0039 2000 0000 0000 0000#1626598359286669#-47.0#2.9513790358919736#9
0000 003A 2000 0000 0000 0000#1626598359287718#-49.0#2.1230294104337273#9
0000 002D 2000 0000 0000 0000#1626598359288727#-52.0#2.5586799541932495#9
0000 0036 2000 0000 0000 0000#1626598359290046#-46.5#4.031301510563465#9
0000 003A 2000 0000 0000 0000#1626598359554383#-48.5#2.8532042654672924#9
0000 0035 2000 0000 0000 0000#1626598359557079#-45.0#4.994641445355648#9
0000 0031 2000 0000 0000 0000#1626598359558128#-50.0#1.2762720155208536#9
0000 0036 2000 0000 0000 0000#1626598359559433#-46.0#4.822835597112456#9
0000 0030 2000 0000 0000 0000#1626598359561730#-50.5#2.270291566070749#9
0000 0037 2000 0000 0000 0000#1626598359562765#-46.5#4.473087977474529#9
0000 0038 2000 0000 0000 0000#1626598359563787#-45.0#4.289010282928253#9
0000 0032 2000 0000 0000 0000#1626598359565429#-48.5#0.8774370106705868#9
0000 0039 2000 0000 0000 0000#1626598359566497#-46.0#3.77972866135022#9
0000 0034 2000 0000 0000 0000#1626598359567516#-47.5#5.675728915176872#9
0000 002F 2000 0000 0000 0000#1626598359568779#-50.5#2.60776733940559#9
FFFF FFFF FFFF FFFF FFFF FFFF#1626598359572167#-69.0#0.5522330836388308#9
0000 002D 2000 0000 0000 0000#1626598359575052#-52.0#3.4177091954092087#9
0000 0033 2000 0000 0000 0000#1626598359576561#-47.5#0.1595340019401067#9
0000 002E 2000 0000 0000 0000#1626598359578143#-50.5#3.1661363461959633#9
0000 0030 2000 0000 0000 0000#1626598359582514#-50.5#2.2641556429192065#9
0000 002D 2000 0000 0000 0000#1626598359583624#-52.0#3.4054373491061236#9
0000 002F 2000 0000 0000 0000#1626598359584899#-50.5#2.6016314162540475#9
0000 0037 2000 0000 0000 0000#1626598359596441#-46.0#4.313553975534423#9
0000 0033 2000 0000 0000 0000#1626598359597642#-49.5#6.258641614573416#9
0000 0034 2000 0000 0000 0000#1626598359598706#-48.5#5.491651220630596#9
0000 002E 2000 0000 0000 0000#1626598359600286#-50.0#2.9513790358919736#9
0000 003A 2000 0000 0000 0000#1626598359602196#-48.5#2.662990647769473#9
0000 0031 2000 0000 0000 0000#1626598359603716#-50.5#1.0615147052168636#9
0000 0038 2000 0000 0000 0000#1626598359605521#-45.5#4.129476280988146#9
FFFF FFFF FFFF FFFF FFFF FFFF#1626598359606558#-68.5#0.23316507975861744#9
0000 0035 2000 0000 0000 0000#1626598359608345#-46.0#4.828971520263998#9
0000 0032 2000 0000 0000 0000#1626598359610311#-50.0#0.6442719309119693#9
0000 0036 2000 0000 0000 0000#1626598359611872#-46.0#4.6448938257177215#9
0000 0039 2000 0000 0000 0000#1626598359612942#-46.5#3.6017868899554855#9
0000 0031 2000 0000 0000 0000#1626598359878444#-49.0#1.4173982480063325#9
0000 002D 2000 0000 0000 0000#1626598359881047#-50.5#3.2213596545598464#9
0000 0036 2000 0000 0000 0000#1626598359882546#-47.5#4.693981210930062#9
0000 0037 2000 0000 0000 0000#1626598359883626#-46.0#4.178563666200486#9
0000 0032 2000 0000 0000 0000#1626598359884674#-48.5#1.1106020904292042#9
0000 0033 2000 0000 0000 0000#1626598359886286#-47.5#0.521553467881118#9
0000 0038 2000 0000 0000 0000#1626598359888671#-45.0#3.859495662320273#9
FFFF FFFF FFFF FFFF FFFF FFFF#1626598359890203#-68.0#5.835262917116979#9
0000 0035 2000 0000 0000 0000#1626598359891785#-47.0#5.013049214810275#9
0000 003A 2000 0000 0000 0000#1626598359893271#-41.0#2.448233337465483#9
0000 002E 2000 0000 0000 0000#1626598359894329#-48.5#2.9943304979527716#9
0000 0039 2000 0000 0000 0000#1626598359896151#-43.0#3.2888548092268146#9
0000 002F 2000 0000 0000 0000#1626598359897798#-48.5#2.5341362615870793#9
0000 003B 2000 0000 0000 0000#1626598359899465#-58.5#3.5895150436524004#9
0000 0034 2000 0000 0000 0000#1626598359900525#-49.5#6.000932842208628#9
0000 0030 2000 0000 0000 0000#1626598359901582#-48.0#2.313243028131547#9
0000 0039 2000 0000 0000 0000#1626598359907384#-43.0#3.3072625786814425#9
0000 002E 2000 0000 0000 0000#1626598359908370#-48.5#3.0127382674073995#9
FFFF FFFF FFFF FFFF FFFF FFFF#1626598359909406#-68.0#5.816855147662351#9
0000 0038 2000 0000 0000 0000#1626598359910751#-45.0#3.9208548938356986#9
0000 002F 2000 0000 0000 0000#1626598359912271#-48.0#2.5893595699509624#9
0000 0033 2000 0000 0000 0000#1626598359913383#-47.5#0.6994952392758523#9
0000 0030 2000 0000 0000 0000#1626598359914499#-48.5#2.3316507975861747#9
0000 003A 2000 0000 0000 0000#1626598359915804#-40.0#2.454369260617026#9
0000 002D 2000 0000 0000 0000#1626598359917398#-50.0#3.2888548092268146#9
0000 0034 2000 0000 0000 0000#1626598359918942#-49.5#6.111379458936394#9
0000 0037 2000 0000 0000 0000#1626598359920761#-46.5#4.270602513473625#9
0000 0032 2000 0000 0000 0000#1626598359923888#-48.0#1.3130875544301088#9
0000 003B 2000 0000 0000 0000#1626598359925484#-56.0#3.399301425954581#9
0000 0035 2000 0000 0000 0000#1626598359927465#-47.5#5.1725832167503825#9
0000 0031 2000 0000 0000 0000#1626598359929883#-48.0#1.662835174068035#9
0000 0036 2000 0000 0000 0000#1626598359930975#-47.0#4.921010367537137#9
0000 0035 2000 0000 0000 0000#1626598360194191#-48.0#0.7179030087304801#9
0000 0033 2000 0000 0000 0000#1626598360196577#-44.5#2.172116795646068#9
0000 003A 2000 0000 0000 0000#1626598360198157#-35.0#3.067961575771282#9
0000 002D 2000 0000 0000 0000#1626598360199226#-47.0#4.190835512503572#9
0000 0034 2000 0000 0000 0000#1626598360200258#-46.0#1.6321555583103222#9
FFFF FFFF FFFF FFFF FFFF FFFF#1626598360201281#-68.0#6.191146459906448#9
0000 002F 2000 0000 0000 0000#1626598360202341#-45.0#3.5956509668039427#9
0000 0031 2000 0000 0000 0000#1626598360211674#-43.5#2.141437179888355#9
0000 0039 2000 0000 0000 0000#1626598360213597#-42.0#3.6079228131070282#9
0000 0032 2000 0000 0000 0000#1626598360214659#-43.0#1.9573594853420782#9
0000 002E 2000 0000 0000 0000#1626598360215940#-45.5#3.368621810196868#9
0000 0037 2000 0000 0000 0000#1626598360216992#-48.5#5.240078371417351#9
0000 0030 2000 0000 0000 0000#1626598360218063#-44.0#2.736621725587984#9
0000 003B 2000 0000 0000 0000#1626598360219145#-43.5#2.9022916506796332#9
0000 0036 2000 0000 0000 0000#1626598360221266#-49.0#6.209554229361076#9
0000 0038 2000 0000 0000 0000#1626598360222317#-47.0#4.601942363656923#9
0000 002F 2000 0000 0000 0000#1626598360227669#-45.5#2.988194574801229#9
0000 002D 2000 0000 0000 0000#1626598360228964#-47.5#3.5895150436524004#9
0000 0033 2000 0000 0000 0000#1626598360229982#-44.5#1.6873788666742053#9
0000 0032 2000 0000 0000 0000#1626598360231086#-43.0#2.000310947402876#9
0000 0030 2000 0000 0000 0000#1626598360233183#-44.0#2.761165418194154#9
0000 0036 2000 0000 0000 0000#1626598360234488#-48.5#6.277049384028044#9
0000 0034 2000 0000 0000 0000#1626598360237003#-45.0#1.1596894756415448#9
0000 003B 2000 0000 0000 0000#1626598360238824#-43.0#2.9636508821950587#9
0000 003A 2000 0000 0000 0000#1626598360240355#-34.5#2.5464081078901644#9
0000 002E 2000 0000 0000 0000#1626598360241370#-45.0#3.4177091954092087#9
0000 0031 2000 0000 0000 0000#1626598360242432#-43.5#2.2334760271614935#9
0000 0039 2000 0000 0000 0000#1626598360243502#-42.5#3.706097583531709#9
0000 0038 2000 0000 0000 0000#1626598360244595#-47.5#4.718524903536232#9
0000 0035 2000 0000 0000 0000#1626598360246241#-46.5#0.4111068511533518#9
0000 0037 2000 0000 0000 0000#1626598360249322#-49.0#5.436427912266712#9
FFFF FFFF FFFF FFFF FFFF FFFF#1626598360250642#-67.5#5.013049214810275#9
0000 002D 2000 0000 0000 0000#1626598360515816#-46.5#4.399456899656019#9
0000 0031 2000 0000 0000 0000#1626598360516893#-41.0#3.2029518851052186#9
0000 0032 2000 0000 0000 0000#1626598360517972#-41.0#3.000466421104314#9
0000 002F 2000 0000 0000 0000#1626598360519035#-43.5#3.9453985864418692#9
0000 0033 2000 0000 0000 0000#1626598360520112#-41.0#2.748893571891069#9
0000 0035 2000 0000 0000 0000#1626598360521688#-43.0#1.748738098189631#9
0000 0034 2000 0000 0000 0000#1626598360522777#-42.0#2.2948352586769194#9
0000 0039 2000 0000 0000 0000#1626598360525285#-41.5#5.1725832167503825#9
0000 0036 2000 0000 0000 0000#1626598360526634#-44.5#1.564660403643354#9
FFFF FFFF FFFF FFFF FFFF FFFF#1626598360528154#-69.0#5.135767677841127#9
0000 003B 2000 0000 0000 0000#1626598360529235#-39.5#3.9822141253511245#9
0000 003A 2000 0000 0000 0000#1626598360530299#-34.0#3.847223816017188#9
0000 0030 2000 0000 0000 0000#1626598360531370#-42.5#3.736777199289422#9
0000 0037 2000 0000 0000 0000#1626598360532388#-47.0#0.8467573949128739#9
0000 0038 2000 0000 0000 0000#1626598360533698#-46.0#0.17794177139473438#9
0000 002E 2000 0000 0000 0000#1626598360536933#-43.5#4.264466590322082#9
0000 002E 2000 0000 0000 0000#1626598360542561#-43.5#4.276738436625168#9
0000 003A 2000 0000 0000 0000#1626598360544444#-34.0#3.9269908169872414#9
0000 0033 2000 0000 0000 0000#1626598360545508#-41.0#2.816388726558037#9
0000 003B 2000 0000 0000 0000#1626598360547046#-40.0#4.04357335686655#9
0000 0032 2000 0000 0000 0000#1626598360548849#-41.0#3.08636934522591#9
0000 0034 2000 0000 0000 0000#1626598360550610#-42.0#2.3746022596469727#9
0000 0038 2000 0000 0000 0000#1626598360552173#-46.0#0.23930100291016002#9
0000 002F 2000 0000 0000 0000#1626598360553194#-43.0#3.9760782021995817#9
0000 0039 2000 0000 0000 0000#1626598360554474#-41.5#5.313709449235861#9
0000 0031 2000 0000 0000 0000#1626598360556010#-40.5#3.2888548092268146#9
0000 0030 2000 0000 0000 0000#1626598360557308#-42.5#3.80427235395639#9
FFFF FFFF FFFF FFFF FFFF FFFF#1626598360559727#-68.5#5.043728830567988#9
0000 0037 2000 0000 0000 0000#1626598360561900#-45.5#0.9756117810952678#9
0000 002D 2000 0000 0000 0000#1626598360563552#-46.0#4.442408361716817#9
0000 0035 2000 0000 0000 0000#1626598360565263#-42.5#1.8960002538266525#9
0000 0036 2000 0000 0000 0000#1626598360566340#-44.0#1.705786636128833#9
0000 0037 2000 0000 0000 0000#1626598360829478#-42.5#2.4605051837685683#9
0000 002E 2000 0000 0000 0000#1626598360831018#-42.5#5.258486140871978#9
0000 003A 2000 0000 0000 0000#1626598360832067#-32.5#5.829126993965437#9
0000 0036 2000 0000 0000 0000#1626598360833886#-41.0#3.031146036862027#9
0000 0034 2000 0000 0000 0000#1626598360834935#-39.0#3.6692820446224537#9
0000 003B 2000 0000 0000 0000#1626598360836230#-38.5#5.780039608753096#9
0000 0031 2000 0000 0000 0000#1626598360837354#-38.5#4.473087977474529#9
0000 0032 2000 0000 0000 0000#1626598360838951#-37.0#4.3503695144436785#9
0000 0038 2000 0000 0000 0000#1626598360841286#-42.0#2.043262409463674#9
0000 0035 2000 0000 0000 0000#1626598360843718#-39.5#3.2336315008629315#9
FFFF FFFF FFFF FFFF FFFF FFFF#1626598360844784#-68.0#5.970253226450915#9
0000 0033 2000 0000 0000 0000#1626598360845887#-38.5#4.1417481272912315#9
0000 0039 2000 0000 0000 0000#1626598360847198#-39.5#1.030835089459151#9
0000 0030 2000 0000 0000 0000#1626598360849647#-40.0#4.914874444385594#9
0000 002D 2000 0000 0000 0000#1626598360852923#-45.5#5.405748296509#9
0000 002F 2000 0000 0000 0000#1626598360853990#-41.0#5.0682725231741586#9
FFFF FFFF FFFF FFFF FFFF FFFF#1626598360858441#-68.5#5.982525072754001#9
0000 0038 2000 0000 0000 0000#1626598360859775#-41.5#2.098485717827557#9
0000 0031 2000 0000 0000 0000#1626598360861804#-38.5#4.516039439535327#9
0000 0035 2000 0000 0000 0000#1626598360862898#-39.5#3.2888548092268146#9
0000 0032 2000 0000 0000 0000#1626598360864046#-37.0#4.387185053352934#9
0000 0033 2000 0000 0000 0000#1626598360866275#-38.0#4.178563666200486#9
0000 002D 2000 0000 0000 0000#1626598360867343#-45.5#5.405748296509#9
0000 0034 2000 0000 0000 0000#1626598360868604#-39.0#3.7551849687440497#9
0000 0039 2000 0000 0000 0000#1626598360871600#-39.0#1.1351457830353744#9
0000 003A 2000 0000 0000 0000#1626598360873176#-32.0#6.013204688511713#9
0000 003B 2000 0000 0000 0000#1626598360874820#-38.0#5.927301764390117#9
0000 002E 2000 0000 0000 0000#1626598360876103#-42.0#5.295301679781233#9
0000 0030 2000 0000 0000 0000#1626598360877170#-40.0#4.963961829597935#9
0000 0036 2000 0000 0000 0000#1626598360878962#-40.5#3.153864499892878#9
0000 002F 2000 0000 0000 0000#1626598360880282#-41.0#5.098952138931871#9
0000 0037 2000 0000 0000 0000#1626598360882329#-41.5#2.5832236467994196#9
0000 0035 2000 0000 0000 0000#1626598361148451#-37.0#3.4054373491061236#9
0000 0038 2000 0000 0000 0000#1626598361149502#-38.5#2.405281875404685#9
0000 002E 2000 0000 0000 0000#1626598361150799#-41.0#5.148039524144211#9
0000 0033 2000 0000 0000 0000#1626598361151961#-35.5#4.246058820867455#9
0000 0032 2000 0000 0000 0000#1626598361153361#-36.0#4.448544284868359#9
0000 0036 2000 0000 0000 0000#1626598361155158#-38.0#3.2459033471660166#9
0000 003A 2000 0000 0000 0000#1626598361156235#-30.0#0.46019423636569234#9
0000 0039 2000 0000 0000 0000#1626598361157290#-36.5#1.662835174068035#9
0000 002F 2000 0000 0000 0000#1626598361158636#-40.0#5.031456984264903#9
0000 0030 2000 0000 0000 0000#1626598361162135#-39.5#4.933282213840222#9
0000 0031 2000 0000 0000 0000#1626598361163472#-37.5#4.571262747899211#9
0000 0037 2000 0000 0000 0000#1626598361165382#-38.5#2.761165418194154#9
FFFF FFFF FFFF FFFF FFFF FFFF#1626598361166704#-68.0#5.448699758569798#9
0000 002D 2000 0000 0000 0000#1626598361169093#-44.5#5.246214294568893#9
0000 0034 2000 0000 0000 0000#1626598361171039#-37.5#3.8717675086233583#9
0000 003B 2000 0000 0000 0000#1626598361172121#-37.0#0.4970097752749477#9
0000 003A 2000 0000 0000 0000#1626598361176368#-30.0#0.5276893910326605#9
0000 0030 2000 0000 0000 0000#1626598361177394#-39.0#4.95168998329485#9
0000 0035 2000 0000 0000 0000#1626598361178446#-37.0#3.448388811166921#9
0000 002E 2000 0000 0000 0000#1626598361179783#-41.0#5.166447293598839#9
0000 0034 2000 0000 0000 0000#1626598361180821#-37.5#3.8840393549264434#9
0000 0033 2000 0000 0000 0000#1626598361182366#-37.0#4.28287435977671#9
0000 003B 2000 0000 0000 0000#1626598361184360#-37.5#0.5460971604872883#9
0000 0039 2000 0000 0000 0000#1626598361185472#-36.0#1.7303303287350031#9
0000 002F 2000 0000 0000 0000#1626598361187474#-40.0#5.049864753719531#9
0000 0038 2000 0000 0000 0000#1626598361188524#-38.5#2.4727770300716534#9
0000 0036 2000 0000 0000 0000#1626598361190309#-37.5#3.3195344249845276#9
0000 0032 2000 0000 0000 0000#1626598361191356#-37.0#4.503767593232243#9
0000 0031 2000 0000 0000 0000#1626598361193362#-37.5#4.595806440505381#9
0000 0037 2000 0000 0000 0000#1626598361194427#-38.5#2.82252464970958#9
0000 002D 2000 0000 0000 0000#1626598361196132#-45.0#5.264622064023521#9
0000 002E 2000 0000 0000 0000#1626598361468103#-41.5#4.95168998329485#9
0000 002F 2000 0000 0000 0000#1626598361469941#-40.0#4.921010367537137#9
0000 003B 2000 0000 0000 0000#1626598361471523#-35.0#1.227184630308513#9
0000 0034 2000 0000 0000 0000#1626598361472784#-36.5#3.988350048502667#9
0000 0033 2000 0000 0000 0000#1626598361474631#-36.5#4.362641360746763#9
0000 0030 2000 0000 0000 0000#1626598361475915#-39.0#4.859651136021712#9
0000 003A 2000 0000 0000 0000#1626598361477222#-27.0#1.1351457830353744#9
0000 0035 2000 0000 0000 0000#1626598361479742#-36.0#3.54042765844006#9
0000 0037 2000 0000 0000 0000#1626598361480989#-37.0#2.9329712664373457#9
0000 0038 2000 0000 0000 0000#1626598361482054#-35.5#2.662990647769473#9
0000 0039 2000 0000 0000 0000#1626598361483620#-33.0#2.061670178918302#9
0000 0036 2000 0000 0000 0000#1626598361484698#-36.5#3.423845118560751#9
0000 0031 2000 0000 0000 0000#1626598361487957#-37.5#4.620350133111551#9
0000 0032 2000 0000 0000 0000#1626598361489401#-36.5#4.534447208989955#9
0000 002D 2000 0000 0000 0000#1626598361490482#-45.0#5.00077736850719#9
0000 0030 2000 0000 0000 0000#1626598361495143#-38.5#4.878058905476339#9
0000 0031 2000 0000 0000 0000#1626598361496167#-37.0#4.626486056263094#9
0000 002E 2000 0000 0000 0000#1626598361497935#-41.5#4.957825906446392#9
0000 0036 2000 0000 0000 0000#1626598361499241#-36.0#3.442252888015379#9
FFFF FFFF FFFF FFFF FFFF FFFF#1626598361500350#-68.5#4.890330751779424#9
0000 0032 2000 0000 0000 0000#1626598361501764#-35.0#4.534447208989955#9
0000 003A 2000 0000 0000 0000#1626598361503836#-27.5#1.2026409377023426#9
0000 002F 2000 0000 0000 0000#1626598361504928#-40.0#4.921010367537137#9
0000 0039 2000 0000 0000 0000#1626598361506252#-33.0#2.1230294104337273#9
0000 0037 2000 0000 0000 0000#1626598361507769#-37.0#2.9943304979527716#9
0000 003B 2000 0000 0000 0000#1626598361508837#-34.5#1.368310862793992#9
0000 002D 2000 0000 0000 0000#1626598361510659#-45.0#4.994641445355648#9
0000 0034 2000 0000 0000 0000#1626598361511681#-36.5#4.037437433715008#9
0000 0033 2000 0000 0000 0000#1626598361513256#-36.5#4.424000592262189#9
0000 0035 2000 0000 0000 0000#1626598361515133#-36.0#3.6017868899554855#9
0000 0038 2000 0000 0000 0000#1626598361517651#-35.5#2.730485802436441#9
0000 0030 2000 0000 0000 0000#1626598361782806#-39.5#5.240078371417351#9
0000 0031 2000 0000 0000 0000#1626598361784571#-37.0#5.074408446325701#9
FFFF FFFF FFFF FFFF FFFF FFFF#1626598361786506#-69.5#5.037592907416445#9
0000 0033 2000 0000 0000 0000#1626598361787538#-36.5#4.994641445355648#9
0000 0039 2000 0000 0000 0000#1626598361788606#-31.5#2.945243112740431#9
0000 002F 2000 0000 0000 0000#1626598361789954#-41.0#5.227806525114265#9
0000 0035 2000 0000 0000 0000#1626598361791479#-35.5#4.264466590322082#9
0000 003B 2000 0000 0000 0000#1626598361792546#-32.5#2.5034566458293663#9
0000 0032 2000 0000 0000 0000#1626598361793606#-36.5#5.0682725231741586#9
0000 002E 2000 0000 0000 0000#1626598361794649#-42.5#5.141903600992669#9
0000 002D 2000 0000 0000 0000#1626598361795972#-46.0#5.105088062083414#9
0000 003A 2000 0000 0000 0000#1626598361797033#-26.0#2.3071071049800045#9
0000 0036 2000 0000 0000 0000#1626598361798711#-36.0#4.154019973594316#9
0000 0037 2000 0000 0000 0000#1626598361800901#-36.0#3.749049045592507#9
0000 0038 2000 0000 0000 0000#1626598361801994#-34.0#3.5158839658338894#9
0000 0034 2000 0000 0000 0000#1626598361803399#-36.5#4.663301595172349#9
0000 0038 2000 0000 0000 0000#1626598361807039#-34.5#3.5342917352885173#9
0000 002F 2000 0000 0000 0000#1626598361808088#-41.0#5.240078371417351#9
0000 0030 2000 0000 0000 0000#1626598361809645#-39.5#5.227806525114265#9
0000 0036 2000 0000 0000 0000#1626598361810710#-36.0#4.172427743048944#9
FFFF FFFF FFFF FFFF FFFF FFFF#1626598361811818#-70.0#5.141903600992669#9
0000 0039 2000 0000 0000 0000#1626598361813663#-31.5#3.000466421104314#9
0000 002E 2000 0000 0000 0000#1626598361814765#-42.5#5.123495831538041#9
0000 003B 2000 0000 0000 0000#1626598361815815#-32.5#2.564815877344792#9
0000 0035 2000 0000 0000 0000#1626598361816896#-35.5#4.28287435977671#9
0000 0031 2000 0000 0000 0000#1626598361817944#-37.5#5.086680292628786#9
0000 003A 2000 0000 0000 0000#1626598361818963#-26.0#2.356194490192345#9
0000 0034 2000 0000 0000 0000#1626598361821054#-36.5#4.706253057233147#9
0000 0032 2000 0000 0000 0000#1626598361823297#-37.0#5.074408446325701#9
0000 0033 2000 0000 0000 0000#1626598361824341#-37.0#5.019185137961818#9
0000 0037 2000 0000 0000 0000#1626598361825408#-36.0#3.77972866135022#9
0000 002D 2000 0000 0000 0000#1626598361826502#-46.5#5.086680292628786#9
0000 003B 2000 0000 0000 0000#1626598362093550#-32.0#3.9638063558964967#9
0000 0038 2000 0000 0000 0000#1626598362095740#-34.0#4.601942363656923#9
0000 0035 2000 0000 0000 0000#1626598362097845#-35.5#5.092816215780329#9
0000 0032 2000 0000 0000 0000#1626598362098907#-38.5#5.620505606812989#9
0000 0033 2000 0000 0000 0000#1626598362100052#-37.0#5.638913376267617#9
0000 0031 2000 0000 0000 0000#1626598362101075#-39.0#5.583690067903734#9
0000 0034 2000 0000 0000 0000#1626598362102189#-36.0#5.368932757599744#9
0000 003A 2000 0000 0000 0000#1626598362103225#-25.5#3.6263305825616556#9
0000 002F 2000 0000 0000 0000#1626598362104330#-43.5#5.589825991055276#9
0000 0039 2000 0000 0000 0000#1626598362105427#-31.0#4.190835512503572#9
0000 0036 2000 0000 0000 0000#1626598362106602#-36.0#5.019185137961818#9
0000 0037 2000 0000 0000 0000#1626598362107655#-36.0#4.73693267299086#9
0000 002D 2000 0000 0000 0000#1626598362108693#-48.0#5.227806525114265#9
0C21 0537 8123 1003 2202 062F#1626598362109766#-69.0#2.098485717827557#9
0000 0030 2000 0000 0000 0000#1626598362110990#-41.5#5.626641529964532#9
0000 002E 2000 0000 0000 0000#1626598362112004#-44.5#5.332117218690489#9
FFFF FFFF FFFF FFFF FFFF FFFF#1626598362113183#-69.0#6.092971689481767#9
0000 0034 2000 0000 0000 0000#1626598362116694#-37.0#5.350524988145116#9
0000 0030 2000 0000 0000 0000#1626598362118002#-41.5#5.620505606812989#9
0000 0033 2000 0000 0000 0000#1626598362121104#-38.0#5.632777453116074#9
0C21 0537 8123 1003 2202 062F#1626598362122403#-67.5#2.116893487282185#9
0000 0038 2000 0000 0000 0000#1626598362123454#-34.5#4.632621979414636#9
0000 0032 2000 0000 0000 0000#1626598362124500#-39.0#5.608233760509904#9
0000 003B 2000 0000 0000 0000#1626598362125569#-32.0#4.025165587411922#9
0000 0035 2000 0000 0000 0000#1626598362127350#-35.5#5.080544369477243#9
0000 0031 2000 0000 0000 0000#1626598362128687#-39.5#5.565282298449106#9
0000 0039 2000 0000 0000 0000#1626598362129741#-31.0#4.221515128261284#9
0000 003A 2000 0000 0000 0000#1626598362131073#-25.5#3.6692820446224537#9
0000 0037 2000 0000 0000 0000#1626598362132138#-35.5#4.755340442445488#9
0000 002F 2000 0000 0000 0000#1626598362133568#-43.0#5.534602682691394#9
0000 0036 2000 0000 0000 0000#1626598362134608#-36.0#5.0253210611133605#9
0000 002D 2000 0000 0000 0000#1626598362135688#-48.0#5.166447293598839#9
0000 002E 2000 0000 0000 0000#1626598362139013#-45.0#5.283029833478148#9
0000 003B 2000 0000 0000 0000#1626598362401787#-32.0#4.154019973594316#9
0000 003A 2000 0000 0000 0000#1626598362403105#-25.5#3.663146121470911#9
0000 0032 2000 0000 0000 0000#1626598362404436#-40.0#4.896466674930966#9
0000 0034 2000 0000 0000 0000#1626598362407294#-37.5#4.81056375080937#9
0000 0030 2000 0000 0000 0000#1626598362408905#-43.5#4.792155981354743#9
0000 0036 2000 0000 0000 0000#1626598362409942#-36.5#4.638757902566179#9
0000 0033 2000 0000 0000 0000#1626598362411245#-39.0#4.97623367590102#9
0000 002E 2000 0000 0000 0000#1626598362413318#-46.5#4.411728745959104#9
0000 0037 2000 0000 0000 0000#1626598362415845#-35.5#4.466952054322987#9
0000 0038 2000 0000 0000 0000#1626598362417284#-34.0#4.448544284868359#9
0000 0039 2000 0000 0000 0000#1626598362419193#-31.0#4.154019973594316#9
0000 0035 2000 0000 0000 0000#1626598362420257#-36.0#4.638757902566179#9
0000 0031 2000 0000 0000 0000#1626598362423033#-41.5#4.7860200582032#9
0000 002D 2000 0000 0000 0000#1626598362424117#-50.5#4.190835512503572#9
0000 002F 2000 0000 0000 0000#1626598362425311#-45.5#4.657165672020807#9
0C21 0537 8123 1003 2202 062F#1626598362426541#-66.5#1.552388557340269#9
0000 0030 2000 0000 0000 0000#1626598362430135#-44.0#4.755340442445488#9
0000 002D 2000 0000 0000 0000#1626598362431943#-50.5#4.178563666200486#9
0000 0033 2000 0000 0000 0000#1626598362433016#-39.0#4.945554060143307#9
0000 003B 2000 0000 0000 0000#1626598362434598#-32.0#4.196971435655114#9
0000 0035 2000 0000 0000 0000#1626598362437962#-36.0#4.638757902566179#9
0000 0031 2000 0000 0000 0000#1626598362439040#-41.5#4.749204519293945#9
0000 0036 2000 0000 0000 0000#1626598362440378#-36.5#4.626486056263094#9
0000 0034 2000 0000 0000 0000#1626598362441469#-38.0#4.792155981354743#9
0000 0037 2000 0000 0000 0000#1626598362442989#-35.0#4.460816131171445#9
0000 003A 2000 0000 0000 0000#1626598362444052#-25.5#3.706097583531709#9
0000 002E 2000 0000 0000 0000#1626598362445321#-47.0#4.338097668140593#9
0000 002F 2000 0000 0000 0000#1626598362446626#-45.5#4.620350133111551#9
0000 0039 2000 0000 0000 0000#1626598362448601#-31.0#4.172427743048944#9
0000 0038 2000 0000 0000 0000#1626598362451595#-33.5#4.448544284868359#9
0000 0032 2000 0000 0000 0000#1626598362452688#-40.5#4.8351074434155406#9
0C21 0537 8123 1003 2202 062F#1626598362453890#-66.5#1.736466251886546#9
0000 0030 2000 0000 0000 0000#1626598362717023#-46.0#3.730641276137879#9
0000 002F 2000 0000 0000 0000#1626598362718328#-47.5#3.5465635815916023#9
0000 003A 2000 0000 0000 0000#1626598362719914#-25.5#3.5465635815916023#9
0000 0032 2000 0000 0000 0000#1626598362721503#-42.5#3.8963112012295285#9
0C21 0537 8123 1003 2202 062F#1626598362722845#-65.5#0.6381360077604268#9
0000 0036 2000 0000 0000 0000#1626598362725060#-36.5#3.9576704327449543#9
0000 0039 2000 0000 0000 0000#1626598362726413#-31.0#3.865631585471816#9
0000 0038 2000 0000 0000 0000#1626598362728177#-33.5#4.031301510563465#9
0000 0037 2000 0000 0000 0000#1626598362729513#-35.5#3.9453985864418692#9
0000 002E 2000 0000 0000 0000#1626598362730793#-49.5#3.2336315008629315#9
0000 003B 2000 0000 0000 0000#1626598362731818#-31.5#4.2092432819582#9
0000 0034 2000 0000 0000 0000#1626598362733564#-38.5#3.9760782021995817#9
0000 0035 2000 0000 0000 0000#1626598362736869#-36.5#3.890175278077986#9
0000 0031 2000 0000 0000 0000#1626598362738048#-43.0#3.730641276137879#9
0000 0033 2000 0000 0000 0000#1626598362739677#-40.0#4.025165587411922#9
0000 002D 2000 0000 0000 0000#1626598362741086#-53.5#2.9391071895888885#9
0000 0039 2000 0000 0000 0000#1626598362744983#-31.0#3.865631585471816#9
0000 0038 2000 0000 0000 0000#1626598362747444#-33.5#4.0128937411088375#9
0000 003B 2000 0000 0000 0000#1626598362748540#-32.0#4.227651051412827#9
0000 003A 2000 0000 0000 0000#1626598362750312#-25.5#3.552699504743145#9
0C21 0537 8123 1003 2202 062F#1626598362752819#-66.0#0.7976700097005334#9
0000 002D 2000 0000 0000 0000#1626598362753930#-53.0#2.9759227284981438#9
0000 0032 2000 0000 0000 0000#1626598362755483#-42.0#3.773592738198677#9
0000 0036 2000 0000 0000 0000#1626598362756941#-37.0#3.9085830475326135#9
0000 0037 2000 0000 0000 0000#1626598362758234#-35.5#3.9208548938356986#9
0000 0034 2000 0000 0000 0000#1626598362759530#-39.0#3.9147189706841563#9
0000 0033 2000 0000 0000 0000#1626598362760605#-41.5#3.9760782021995817#9
0000 0030 2000 0000 0000 0000#1626598362761662#-46.0#3.5956509668039427#9
0000 002E 2000 0000 0000 0000#1626598362763932#-50.0#3.1231848841351653#9
0000 0035 2000 0000 0000 0000#1626598362766294#-36.5#3.8410878928656453#9
0000 0031 2000 0000 0000 0000#1626598362767347#-43.5#3.6447383520162835#9
0000 002F 2000 0000 0000 0000#1626598362768554#-47.5#3.436116964863836#9
0000 002D 2000 0000 0000 0000#1626598363032191#-55.5#2.1230294104337273#9
0000 0038 2000 0000 0000 0000#1626598363033200#-33.5#3.9392626632903265#9
0000 0035 2000 0000 0000 0000#1626598363034276#-36.5#3.509748042682347#9
0000 0034 2000 0000 0000 0000#1626598363036132#-38.0#3.472932503773092#9
0000 0031 2000 0000 0000 0000#1626598363037936#-45.0#3.0250101137104846#9
0000 0037 2000 0000 0000 0000#1626598363039302#-34.5#3.736777199289422#9
0000 003A 2000 0000 0000 0000#1626598363040336#-25.0#3.816544200259475#9
0000 003B 2000 0000 0000 0000#1626598363042855#-31.0#4.608078286808466#9
0000 0039 2000 0000 0000 0000#1626598363044192#-30.5#3.9269908169872414#9
0000 0030 2000 0000 0000 0000#1626598363045788#-48.0#2.859340188618835#9
0000 002F 2000 0000 0000 0000#1626598363047078#-49.5#2.693670263527186#9
0000 0036 2000 0000 0000 0000#1626598363048356#-36.0#3.5711072741977725#9
0000 0033 2000 0000 0000 0000#1626598363049501#-42.0#3.3747577333484107#9
0000 0032 2000 0000 0000 0000#1626598363051998#-43.0#3.1231848841351653#9
0000 002E 2000 0000 0000 0000#1626598363053326#-52.0#2.313243028131547#9
0C21 0537 8123 1003 2202 062F#1626598363055794#-67.0#0.9694758579437253#9
0000 0032 2000 0000 0000 0000#1626598363061764#-43.0#3.0925052683774528#9
0000 0033 2000 0000 0000 0000#1626598363062898#-42.5#3.3440781175906977#9
0000 002D 2000 0000 0000 0000#1626598363063980#-55.5#1.9573594853420782#9
0000 0038 2000 0000 0000 0000#1626598363065274#-33.0#3.9085830475326135#9
0000 0039 2000 0000 0000 0000#1626598363066583#-30.5#3.902447124381071#9
0000 003A 2000 0000 0000 0000#1626598363067716#-25.0#3.785864584501762#9
0000 0034 2000 0000 0000 0000#1626598363078744#-38.0#4.190835512503572#9
0000 003B 2000 0000 0000 0000#1626598363081452#-30.5#5.350524988145116#9
0000 002E 2000 0000 0000 0000#1626598363082632#-52.5#3.0127382674073995#9
0000 0035 2000 0000 0000 0000#1626598363083712#-36.0#4.227651051412827#9
0000 0036 2000 0000 0000 0000#1626598363084719#-35.5#4.325825821837508#9
0000 0037 2000 0000 0000 0000#1626598363085781#-34.0#4.466952054322987#9
0000 002F 2000 0000 0000 0000#1626598363087266#-50.0#3.3624858870453256#9
0000 0030 2000 0000 0000 0000#1626598363088450#-48.0#3.54042765844006#9
0C21 0537 8123 1003 2202 062F#1626598363089480#-67.0#2.4850488763747385#9
0000 0031 2000 0000 0000 0000#1626598363090542#-44.5#3.6692820446224537#9
0000 0036 2000 0000 0000 0000#1626598363361146#-36.5#3.4606606574700063#9
0000 0039 2000 0000 0000 0000#1626598363362243#-30.0#4.1601558967458585#9
0000 0030 2000 0000 0000 0000#1626598363363529#-50.5#2.2150682577068657#9
0000 003B 2000 0000 0000 0000#1626598363364594#-30.0#5.166447293598839#9
0000 002E 2000 0000 0000 0000#1626598363365918#-54.0#1.5462526341887264#9
0000 0032 2000 0000 0000 0000#1626598363366937#-44.5#2.6261751088602177#9
0000 002F 2000 0000 0000 0000#1626598363368030#-51.5#2.030990563160589#9
0000 0033 2000 0000 0000 0000#1626598363369603#-43.0#2.9145634969827183#9
0000 003A 2000 0000 0000 0000#1626598363373373#-24.5#4.239922897715912#9
0000 002D 2000 0000 0000 0000#1626598363374411#-55.0#1.0676506283684062#9
0000 0031 2000 0000 0000 0000#1626598363375763#-46.5#2.399145952253143#9
0000 0038 2000 0000 0000 0000#1626598363376868#-33.0#4.01902966426038#9
0000 0037 2000 0000 0000 0000#1626598363378676#-35.0#3.7122335066832517#9
0000 0034 2000 0000 0000 0000#1626598363380094#-40.0#3.104777114680538#9
0000 0035 2000 0000 0000 0000#1626598363382443#-37.0#3.2581751934691017#9
0C21 0537 8123 1003 2202 062F#1626598363385553#-67.5#1.9941750242513334#9
0000 003B 2000 0000 0000 0000#1626598363391066#-30.5#5.160311370447297#9
0000 0034 2000 0000 0000 0000#1626598363392993#-40.0#3.08636934522591#9
0000 003A 2000 0000 0000 0000#1626598363393997#-24.5#4.221515128261284#9
0000 0035 2000 0000 0000 0000#1626598363395497#-37.0#3.215223731408304#9
0000 0031 2000 0000 0000 0000#1626598363397287#-47.0#2.350058567040802#9
0000 0033 2000 0000 0000 0000#1626598363398393#-43.0#2.82252464970958#9
0000 0039 2000 0000 0000 0000#1626598363399489#-30.5#4.0987966652304335#9
0000 002F 2000 0000 0000 0000#1626598363401502#-52.0#1.88986433067511#9
0000 0038 2000 0000 0000 0000#1626598363402567#-33.5#3.9638063558964967#9
0000 0036 2000 0000 0000 0000#1626598363403648#-37.0#3.3440781175906977#9
0000 0037 2000 0000 0000 0000#1626598363404696#-35.0#3.650874275167826#9
0000 0030 2000 0000 0000 0000#1626598363405866#-50.5#2.055534255766759#9
0000 002D 2000 0000 0000 0000#1626598363407459#-53.0#0.7792622402459057#9
0000 0032 2000 0000 0000 0000#1626598363408492#-45.0#2.4850488763747385#9
0C21 0537 8123 1003 2202 062F#1626598363409879#-67.0#1.8653206380689396#9
0000 002E 2000 0000 0000 0000#1626598363412400#-53.5#1.282407938672396#9
0000 002F 2000 0000 0000 0000#1626598363688263#-49.0#5.841398840268521#9
0000 0037 2000 0000 0000 0000#1626598363689609#-36.0#2.730485802436441#9
0000 0035 2000 0000 0000 0000#1626598363690647#-38.0#2.2027964114037806#9
0000 0039 2000 0000 0000 0000#1626598363691670#-32.0#3.2765829629237295#9
0000 003A 2000 0000 0000 0000#1626598363692733#-26.0#3.509748042682347#9
0000 0031 2000 0000 0000 0000#1626598363694054#-49.5#0.9817477042468103#9
0000 0034 2000 0000 0000 0000#1626598363696879#-40.5#2.012582793705961#9
0000 0036 2000 0000 0000 0000#1626598363697957#-38.0#2.3746022596469727#9
0000 0030 2000 0000 0000 0000#1626598363699128#-50.5#6.12365130523948#9
0000 0032 2000 0000 0000 0000#1626598363700403#-47.5#1.2517283229146832#9
0000 0038 2000 0000 0000 0000#1626598363701483#-35.0#3.055689729468197#9
0000 003B 2000 0000 0000 0000#1626598363702609#-32.5#4.71238898038469#9
0000 0033 2000 0000 0000 0000#1626598363704574#-46.0#1.6996507129772904#9
0000 002E 2000 0000 0000 0000#1626598363706521#-46.0#4.890330751779424#9
0000 002D 2000 0000 0000 0000#1626598363707589#-49.0#4.767612288748572#9
0000 002D 2000 0000 0000 0000#1626598363711097#-49.5#4.755340442445488#9
0000 003B 2000 0000 0000 0000#1626598363713766#-32.5#4.6878452877785195#9
0000 0039 2000 0000 0000 0000#1626598363714802#-32.5#3.215223731408304#9
0000 0031 2000 0000 0000 0000#1626598363715896#-50.0#0.8222137023067037#9
0000 0032 2000 0000 0000 0000#1626598363717722#-48.0#1.1719613219446299#9
0000 002E 2000 0000 0000 0000#1626598363718819#-46.5#4.828971520263998#9
0000 002F 2000 0000 0000 0000#1626598363720153#-48.0#5.497787143782138#9
0000 0030 2000 0000 0000 0000#1626598363721252#-49.0#5.8045833013592665#9
0000 0038 2000 0000 0000 0000#1626598363722289#-35.0#2.9759227284981438#9
0000 0035 2000 0000 0000 0000#1626598363723354#-38.0#2.110757564130642#9
0000 003A 2000 0000 0000 0000#1626598363724426#-26.5#3.423845118560751#9
0000 0033 2000 0000 0000 0000#1626598363725872#-46.0#1.6260196351587797#9
0000 0037 2000 0000 0000 0000#1626598363726936#-36.5#2.6200391857086753#9
0000 0036 2000 0000 0000 0000#1626598363729955#-38.0#2.2580197197676637#9
0000 0034 2000 0000 0000 0000#1626598363731019#-41.0#1.9144080232812801#9
0000 0032 2000 0000 0000 0000#1626598363997861#-45.0#4.399456899656019#9
0000 003A 2000 0000 0000 0000#1626598363999423#-28.5#2.061670178918302#9
0000 0038 2000 0000 0000 0000#1626598364003048#-37.5#1.6505633277649499#9
0000 0036 2000 0000 0000 0000#1626598364004170#-42.0#0.8774370106705868#9
0000 0039 2000 0000 0000 0000#1626598364005252#-34.0#1.8346410223112268#9
0000 002F 2000 0000 0000 0000#1626598364006372#-50.5#3.2643111166206444#9
0000 0035 2000 0000 0000 0000#1626598364007406#-43.0#0.6320000846088841#9
0000 0037 2000 0000 0000 0000#1626598364008756#-39.5#1.2946797849754812#9
0000 003B 2000 0000 0000 0000#1626598364009809#-35.0#3.448388811166921#9
0000 0033 2000 0000 0000 0000#1626598364012605#-49.0#5.442563835418255#9
0000 002E 2000 0000 0000 0000#1626598364014166#-59.5#2.4911847995262812#9
0000 0034 2000 0000 0000 0000#1626598364015370#-46.0#0.1718058482431918#9
0000 0031 2000 0000 0000 0000#1626598364017128#-44.5#3.8288160465625602#9
0000 0030 2000 0000 0000 0000#1626598364019426#-47.5#3.442252888015379#9
0000 002D 2000 0000 0000 0000#1626598364020593#-62.5#1.8162332528565992#9
0000 003B 2000 0000 0000 0000#1626598364024983#-35.0#3.4054373491061236#9
0000 0030 2000 0000 0000 0000#1626598364027621#-48.0#3.399301425954581#9
0000 002F 2000 0000 0000 0000#1626598364028640#-52.0#3.1661363461959633#9
0000 0038 2000 0000 0000 0000#1626598364029735#-38.0#1.607611865704152#9
FFFF FFFF FFFF FFFF FFFF FFFF#1626598364030830#-68.5#5.332117218690489#9
0000 003A 2000 0000 0000 0000#1626598364031905#-28.5#1.9634954084936207#9
0000 0037 2000 0000 0000 0000#1626598364032997#-40.0#1.2210487071569704#9
0000 0035 2000 0000 0000 0000#1626598364034089#-43.0#0.5154175447295755#9
0000 0031 2000 0000 0000 0000#1626598364035111#-44.0#3.6999616603801666#9
0000 0039 2000 0000 0000 0000#1626598364036209#-34.5#1.7794177139473437#9
0000 0033 2000 0000 0000 0000#1626598364037269#-48.0#5.154175447295755#9
0000 002E 2000 0000 0000 0000#1626598364038352#-59.0#2.1659808724945253#9
0000 0034 2000 0000 0000 0000#1626598364040019#-46.5#0.006135923151542565#9
0000 0036 2000 0000 0000 0000#1626598364041296#-43.0#0.7424467013366504#9
0000 0032 2000 0000 0000 0000#1626598364042373#-44.5#4.0558452031696355#9
0000 002D 2000 0000 0000 0000#1626598364045422#-62.0#1.6566992509164924#9
0000 0039 2000 0000 0000 0000#1626598364310394#-37.0#2.110757564130642#9
FFFF FFFF FFFF FFFF FFFF FFFF#1626598364311473#-68.5#0.44178646691106466#9
0000 003B 2000 0000 0000 0000#1626598364313971#-35.0#3.6447383520162835#9
0000 003A 2000 0000 0000 0000#1626598364315275#-30.0#2.2886993355253766#9
0000 0034 2000 0000 0000 0000#1626598364316567#-40.5#4.798291904506286#9
0000 0035 2000 0000 0000 0000#1626598364317601#-44.0#5.7616318392984684#9
0000 0030 2000 0000 0000 0000#1626598364318657#-56.0#2.6445828783148455#9
0000 0033 2000 0000 0000 0000#1626598364320540#-40.0#4.239922897715912#9
0000 0037 2000 0000 0000 0000#1626598364322116#-44.5#1.1351457830353744#9
0000 002D 2000 0000 0000 0000#1626598364323212#-54.5#5.6941366846315#9
0000 0036 2000 0000 0000 0000#1626598364325257#-46.0#6.227961998815704#9
0000 0038 2000 0000 0000 0000#1626598364326594#-42.0#1.7241944055834606#9
0000 0032 2000 0000 0000 0000#1626598364327737#-45.5#3.9515345095934116#9
0000 0031 2000 0000 0000 0000#1626598364330115#-50.5#3.5833791205008576#9
0000 002F 2000 0000 0000 0000#1626598364331163#-56.5#1.8285050991596843#9
0000 002E 2000 0000 0000 0000#1626598364335841#-55.0#6.19728238305799#9
0000 0037 2000 0000 0000 0000#1626598364341059#-45.5#1.0062913968529805#9
0000 003B 2000 0000 0000 0000#1626598364342383#-35.0#3.5711072741977725#9
0000 0034 2000 0000 0000 0000#1626598364343475#-40.5#4.651029748869264#9
0000 002E 2000 0000 0000 0000#1626598364344784#-55.0#6.025476534814799#9
0000 0038 2000 0000 0000 0000#1626598364345822#-42.5#1.6812429435226628#9
0000 002D 2000 0000 0000 0000#1626598364347146#-54.5#5.43029198911517#9
0000 0036 2000 0000 0000 0000#1626598364348778#-45.0#5.964117303299373#9
0000 0039 2000 0000 0000 0000#1626598364349817#-38.0#2.012582793705961#9
0000 0033 2000 0000 0000 0000#1626598364351126#-41.5#4.172427743048944#9
0000 0031 2000 0000 0000 0000#1626598364352407#-51.0#3.448388811166921#9
0000 0035 2000 0000 0000 0000#1626598364354195#-43.0#5.405748296509#9
0000 003A 2000 0000 0000 0000#1626598364355256#-30.5#2.2027964114037806#9
0000 0032 2000 0000 0000 0000#1626598364357015#-48.5#3.890175278077986#9
0000 0030 2000 0000 0000 0000#1626598364358085#-57.0#2.4850488763747385#9
0000 002F 2000 0000 0000 0000#1626598364360971#-58.0#1.5401167110371838#9
FFFF FFFF FFFF FFFF FFFF FFFF#1626598364362647#-68.5#0.5583690067903734#9
0000 0036 2000 0000 0000 0000#1626598364627899#-41.0#4.25833066717054#9
0000 0001 0000 0000 0000 0000#1626598364628986#-65.0#6.154330920997192#9
0000 002E 2000 0000 0000 0000#1626598364630042#-54.5#3.2949907323783574#9
0000 0033 2000 0000 0000 0000#1626598364631426#-51.0#3.2949907323783574#9
FFFF FFFF FFFF FFFF FFFF FFFF#1626598364633224#-68.5#0.20248546400090464#9
0000 0035 2000 0000 0000 0000#1626598364634557#-41.5#4.01902966426038#9
0000 002D 2000 0000 0000 0000#1626598364635622#-53.0#2.60776733940559#9
0000 002F 2000 0000 0000 0000#1626598364637442#-57.0#4.865787059173254#9
0000 003B 2000 0000 0000 0000#1626598364638467#-38.0#2.8409324191642074#9
0000 0031 2000 0000 0000 0000#1626598364639487#-55.0#1.521708941582556#9
0000 0039 2000 0000 0000 0000#1626598364640569#-44.5#0.5706408530934585#9
0000 003A 2000 0000 0000 0000#1626598364641874#-36.0#1.3499030933393643#9
0000 0038 2000 0000 0000 0000#1626598364645775#-44.5#5.7616318392984684#9
0000 0037 2000 0000 0000 0000#1626598364646869#-43.0#4.957825906446392#9
0000 0034 2000 0000 0000 0000#1626598364650005#-46.5#3.693825737228624#9
0000 0030 2000 0000 0000 0000#1626598364651660#-61.0#5.773903685601553#9
0000 0032 2000 0000 0000 0000#1626598364652717#-54.0#2.2212041808584084#9
0000 0037 2000 0000 0000 0000#1626598364657495#-43.0#4.914874444385594#9
0000 003A 2000 0000 0000 0000#1626598364659313#-36.0#1.2946797849754812#9
0000 0038 2000 0000 0000 0000#1626598364660350#-44.5#5.675728915176872#9
0000 0036 2000 0000 0000 0000#1626598364661899#-41.0#4.196971435655114#9
0000 0030 2000 0000 0000 0000#1626598364662927#-60.5#5.626641529964532#9
0000 0034 2000 0000 0000 0000#1626598364664515#-47.0#3.6876898140770815#9
0000 0039 2000 0000 0000 0000#1626598364666096#-44.5#0.39269908169872414#9
0000 003B 2000 0000 0000 0000#1626598364667445#-39.0#2.7857091108003242#9
0000 0035 2000 0000 0000 0000#1626598364669235#-42.5#3.9760782021995817#9
0000 0031 2000 0000 0000 0000#1626598364671055#-55.0#1.214912784005428#9
0000 002E 2000 0000 0000 0000#1626598364672387#-54.5#3.067961575771282#9
0000 002F 2000 0000 0000 0000#1626598364673436#-56.5#4.528311285838413#9
FFFF FFFF FFFF FFFF FFFF FFFF#1626598364676422#-69.0#0.07363107781851078#9
0000 0033 2000 0000 0000 0000#1626598364678356#-53.0#3.0066023442558567#9
0000 002D 2000 0000 0000 0000#1626598364679654#-53.5#2.356194490192345#9
0000 0032 2000 0000 0000 0000#1626598364680672#-54.0#2.067806102069844#9
0000 0031 2000 0000 0000 0000#1626598364946227#-54.0#4.503767593232243#9
0000 002E 2000 0000 0000 0000#1626598364947340#-56.5#1.227184630308513#9
0000 0035 2000 0000 0000 0000#1626598364948413#-51.5#2.8286605728611223#9
0000 003B 2000 0000 0000 0000#1626598364949753#-45.0#1.7732817907958012#9
0000 002F 2000 0000 0000 0000#1626598364951797#-55.0#2.5770877236478773#9
0000 0032 2000 0000 0000 0000#1626598364953810#-56.0#5.190990986205009#9
0000 0039 2000 0000 0000 0000#1626598364954907#-44.0#4.8351074434155406#9
0000 0037 2000 0000 0000 0000#1626598364955938#-48.0#4.01902966426038#9
0000 0036 2000 0000 0000 0000#1626598364957537#-51.5#3.1784081924990484#9
0000 0034 2000 0000 0000 0000#1626598364959280#-53.0#1.8285050991596843#9
0000 002D 2000 0000 0000 0000#1626598364960363#-58.0#0.21475731030398976#9
0000 0033 2000 0000 0000 0000#1626598364961666#-57.0#0.4356505437595221#9
0000 003A 2000 0000 0000 0000#1626598364964880#-41.0#5.540738605842936#9
0000 0030 2000 0000 0000 0000#1626598364966808#-57.5#3.2336315008629315#9
0000 0038 2000 0000 0000 0000#1626598364968129#-45.5#4.430136515413731#9
FFFF FFFF FFFF FFFF FFFF FFFF#1626598364969551#-68.0#6.1850105367549055#9
0000 0030 2000 0000 0000 0000#1626598364973391#-57.5#3.153864499892878#9
0000 003B 2000 0000 0000 0000#1626598364974716#-45.5#1.6566992509164924#9
0000 0031 2000 0000 0000 0000#1626598364975806#-54.5#4.246058820867455#9
0000 0037 2000 0000 0000 0000#1626598364976899#-49.5#3.9638063558964967#9
0000 0036 2000 0000 0000 0000#1626598364979189#-52.0#3.0250101137104846#9
0000 0039 2000 0000 0000 0000#1626598364982204#-44.5#4.7307967498393175#9
0000 002E 2000 0000 0000 0000#1626598364983461#-57.5#1.012427320004523#9
0000 0032 2000 0000 0000 0000#1626598364984574#-54.5#4.921010367537137#9
0000 003A 2000 0000 0000 0000#1626598364986150#-41.0#5.405748296509#9
0000 002D 2000 0000 0000 0000#1626598364987460#-59.0#6.270913460876501#9
0000 0035 2000 0000 0000 0000#1626598364989260#-52.0#2.5770877236478773#9
0000 0038 2000 0000 0000 0000#1626598364990555#-46.0#4.356505437595221#9
0000 0034 2000 0000 0000 0000#1626598364991574#-54.5#1.521708941582556#9
0000 0033 2000 0000 0000 0000#1626598364993261#-57.5#0.01227184630308513#9
FFFF FFFF FFFF FFFF FFFF FFFF#1626598364995181#-68.5#6.234097921967246#9
0000 002F 2000 0000 0000 0000#1626598364996471#-55.5#2.313243028131547#9
0000 0030 2000 0000 0000 0000#1626598365262697#-60.5#0.7301748550335652#9
0000 002E 2000 0000 0000 0000#1626598365263809#-63.0#4.8351074434155406#9
0000 003A 2000 0000 0000 0000#1626598365265825#-42.0#3.5342917352885173#9
0000 0033 2000 0000 0000 0000#1626598365268491#-55.0#3.018874190558942#9
0000 0038 2000 0000 0000 0000#1626598365270219#-52.5#2.5832236467994196#9
0000 0031 2000 0000 0000 0000#1626598365271342#-54.5#1.533980787885641#9
0000 0034 2000 0000 0000 0000#1626598365272402#-55.0#4.104932588381976#9
0000 003B 2000 0000 0000 0000#1626598365273470#-49.0#5.553010452146021#9
0000 0039 2000 0000 0000 0000#1626598365275526#-49.5#3.043417883165112#9
0000 002F 2000 0000 0000 0000#1626598365276577#-58.0#6.050020227420969#9
FFFF FFFF FFFF FFFF FFFF FFFF#1626598365278532#-69.0#5.117359908386499#9
0000 0032 2000 0000 0000 0000#1626598365279905#-54.5#2.043262409463674#9
0000 0036 2000 0000 0000 0000#1626598365281418#-57.5#0.1718058482431918#9
0000 0035 2000 0000 0000 0000#1626598365282466#-56.5#5.553010452146021#9
0000 0037 2000 0000 0000 0000#1626598365283800#-56.0#1.6321555583103222#9
0000 002F 2000 0000 0000 0000#1626598365288195#-58.0#5.9518454569962875#9
0000 0035 2000 0000 0000 0000#1626598365289253#-56.0#5.405748296509#9
0000 0032 2000 0000 0000 0000#1626598365290317#-54.0#2.024854640009046#9
0000 0038 2000 0000 0000 0000#1626598365291639#-53.0#2.435961491162398#9
0000 0037 2000 0000 0000 0000#1626598365293397#-56.0#1.564660403643354#9
0000 0034 2000 0000 0000 0000#1626598365294429#-55.0#3.9147189706841563#9
0000 003B 2000 0000 0000 0000#1626598365295683#-49.0#5.45483568172134#9
0000 0031 2000 0000 0000 0000#1626598365297673#-54.0#1.3744467859455345#9
0000 0036 2000 0000 0000 0000#1626598365299220#-57.5#6.215690152512618#9
0000 0033 2000 0000 0000 0000#1626598365310149#-54.5#2.945243112740431#9
0000 003A 2000 0000 0000 0000#1626598365312239#-42.5#3.485204350076177#9
0000 0030 2000 0000 0000 0000#1626598365313282#-60.5#0.4908738521234052#9
0000 0039 2000 0000 0000 0000#1626598365315339#-49.5#2.9943304979527716#9
FFFF FFFF FFFF FFFF FFFF FFFF#1626598365318939#-68.0#5.338253141842031#9
0000 0036 2000 0000 0000 0000#1626598365584988#-54.5#4.767612288748572#9
0000 0035 2000 0000 0000 0000#1626598365586063#-52.0#4.06811704947272#9
0000 0039 2000 0000 0000 0000#1626598365587143#-52.0#2.325514874434632#9
0000 003B 2000 0000 0000 0000#1626598365591140#-48.5#4.933282213840222#9
0000 003A 2000 0000 0000 0000#1626598365592233#-45.0#2.988194574801229#9
0000 002D 2000 0000 0000 0000#1626598365593584#-62.0#3.3011266555298997#9
0000 0031 2000 0000 0000 0000#1626598365594665#-56.0#0.20248546400090464#9
0000 0033 2000 0000 0000 0000#1626598365595740#-53.5#2.000310947402876#9
0000 0030 2000 0000 0000 0000#1626598365597541#-63.5#5.184855063053467#9
0000 0037 2000 0000 0000 0000#1626598365598575#-56.0#6.043884304269426#9
0000 0032 2000 0000 0000 0000#1626598365599878#-55.5#1.012427320004523#9
0000 002F 2000 0000 0000 0000#1626598365601156#-60.5#4.608078286808466#9
0000 0034 2000 0000 0000 0000#1626598365602558#-52.0#2.9084275738311756#9
0000 0038 2000 0000 0000 0000#1626598365604230#-55.0#1.2455923997631406#9
FFFF FFFF FFFF FFFF FFFF FFFF#1626598365605482#-69.0#0.5092816215780329#9
0000 0031 2000 0000 0000 0000#1626598365610994#-56.0#0.07976700097005335#9
0000 0037 2000 0000 0000 0000#1626598365612653#-56.0#5.921165841238575#9
0000 003A 2000 0000 0000 0000#1626598365614002#-45.0#2.9084275738311756#9
0000 003B 2000 0000 0000 0000#1626598365615551#-48.5#4.871922982324796#9
FFFF FFFF FFFF FFFF FFFF FFFF#1626598365616677#-68.5#0.6381360077604268#9
0000 0039 2000 0000 0000 0000#1626598365617755#-52.0#2.12916533358527#9
0000 002D 2000 0000 0000 0000#1626598365619720#-62.5#3.2459033471660166#9
0000 0035 2000 0000 0000 0000#1626598365620839#-53.0#3.902447124381071#9
0000 0033 2000 0000 0000 0000#1626598365621854#-54.0#1.846912868614312#9
0000 0036 2000 0000 0000 0000#1626598365623761#-54.5#4.516039439535327#9
0000 0032 2000 0000 0000 0000#1626598365625292#-56.0#0.8222137023067037#9
0000 0038 2000 0000 0000 0000#1626598365627529#-55.5#0.9694758579437253#9
0000 0034 2000 0000 0000 0000#1626598365628846#-52.0#2.7120780329818137#9
