0000 0029 2000 0000 0000 0000#1625197126441651#-52.5#1.000155473701438#1
3008 33B2 DDD9 0140 2018 0626#1625197126444337#-56.0#4.466952054322987#1
0000 0024 2000 0000 0000 0000#1625197126445987#-46.0#0.006135923151542565#1
0000 0021 2000 0000 0000 0000#1625197126447541#-46.5#6.2034183062095325#1
0000 0025 2000 0000 0000 0000#1625197126448606#-46.0#0.22089323345553233#1
0000 0026 2000 0000 0000 0000#1625197126449951#-44.5#0.1043106935762236#1
0000 002B 2000 0000 0000 0000#1625197126451068#-60.5#2.4850488763747385#1
0000 0023 2000 0000 0000 0000#1625197126452523#-46.0#5.994796919057086#1
0000 002A 2000 0000 0000 0000#1625197126453839#-57.5#1.4971652489763858#1
0000 0020 2000 0000 0000 0000#1625197126455615#-45.0#5.902758071783947#1
FFFF FFFF FFFF FFFF FFFF FFFF#1625197126457133#-61.5#3.1906800388021335#1
0000 0028 2000 0000 0000 0000#1625197126458482#-49.0#0.8528933180644165#1
0000 0022 2000 0000 0000 0000#1625197126460495#-45.0#6.135923151542564#1
0000 001F 2000 0000 0000 0000#1625197126461539#-50.5#0.01227184630308513#1
0000 001E 2000 0000 0000 0000#1625197126462820#-50.0#0.20248546400090464#1
0000 0027 2000 0000 0000 0000#1625197126465361#-48.5#0.3865631585471816#1
0000 002C 2000 0000 0000 0000#1625197126467678#-54.5#4.06811704947272#1
0000 0020 2000 0000 0000 0000#1625197126472003#-45.0#5.921165841238575#1
0000 0026 2000 0000 0000 0000#1625197126473039#-44.5#0.11044661672776616#1
0000 0027 2000 0000 0000 0000#1625197126474116#-48.5#0.3988350048502667#1
0000 0021 2000 0000 0000 0000#1625197126475447#-46.5#6.22182607566416#1
0000 0028 2000 0000 0000 0000#1625197126476539#-49.0#0.8713010875190442#1
0000 001E 2000 0000 0000 0000#1625197126478091#-50.0#0.1718058482431918#1
0000 0022 2000 0000 0000 0000#1625197126479902#-45.0#6.178874613603362#1
0000 001F 2000 0000 0000 0000#1625197126480933#-50.5#0.04908738521234052#1
3008 33B2 DDD9 0140 2018 0626#1625197126482987#-56.0#4.509903516383785#1
0000 0024 2000 0000 0000 0000#1625197126484749#-46.0#0.03681553890925539#1
0000 0025 2000 0000 0000 0000#1625197126486002#-46.5#0.23316507975861744#1
0000 002C 2000 0000 0000 0000#1625197126487321#-54.5#4.06811704947272#1
0000 0023 2000 0000 0000 0000#1625197126488378#-46.0#6.019340611663256#1
0000 002A 2000 0000 0000 0000#1625197126489434#-57.5#1.5462526341887264#1
0000 0029 2000 0000 0000 0000#1625197126492452#-52.5#1.043106935762236#1
FFFF FFFF FFFF FFFF FFFF FFFF#1625197126493891#-61.5#3.1906800388021335#1
0000 002B 2000 0000 0000 0000#1625197126495195#-61.0#2.509592568980909#1
0000 0026 2000 0000 0000 0000#1625197126759048#-44.5#0.25157284921324513#1
0000 001F 2000 0000 0000 0000#1625197126760304#-50.0#0.20248546400090464#1
0000 0023 2000 0000 0000 0000#1625197126761289#-46.5#6.14819499784565#1
0000 0027 2000 0000 0000 0000#1625197126762337#-48.5#0.5460971604872883#1
0000 0022 2000 0000 0000 0000#1625197126763435#-45.5#0.03681553890925539#1
0000 0028 2000 0000 0000 0000#1625197126766191#-49.0#1.0185632431560658#1
FFFF FFFF FFFF FFFF FFFF FFFF#1625197126767726#-61.5#3.472932503773092#1
0000 0029 2000 0000 0000 0000#1625197126769530#-52.5#1.1596894756415448#1
0000 0021 2000 0000 0000 0000#1625197126771088#-46.5#0.0859029241215959#1
0000 001E 2000 0000 0000 0000#1625197126772113#-50.0#0.32520392703175593#1
0000 0024 2000 0000 0000 0000#1625197126773948#-45.5#0.19634954084936207#1
0000 0020 2000 0000 0000 0000#1625197126775055#-45.5#6.068427996875596#1
0000 0025 2000 0000 0000 0000#1625197126776183#-46.0#0.35588354278946877#1
0000 002C 2000 0000 0000 0000#1625197126777639#-54.5#4.2031073588066565#1
0000 002A 2000 0000 0000 0000#1625197126779166#-57.0#1.6873788666742053#1
3008 33B2 DDD9 0140 2018 0626#1625197126781150#-56.5#4.816699673960914#1
0000 002B 2000 0000 0000 0000#1625197126782440#-60.5#2.6813984172241008#1
0000 0021 2000 0000 0000 0000#1625197126789473#-47.0#0.09203884727313846#1
0000 001F 2000 0000 0000 0000#1625197126790570#-50.0#0.20248546400090464#1
0000 001E 2000 0000 0000 0000#1625197126792154#-50.0#0.32520392703175593#1
0000 0023 2000 0000 0000 0000#1625197126793193#-46.5#6.160466844148735#1
0000 002C 2000 0000 0000 0000#1625197126794257#-54.5#4.2031073588066565#1
0000 0026 2000 0000 0000 0000#1625197126795777#-44.5#0.28838838812250056#1
0000 0025 2000 0000 0000 0000#1625197126797300#-46.5#0.3988350048502667#1
0000 002A 2000 0000 0000 0000#1625197126800549#-57.0#1.6751070203711202#1
0000 0029 2000 0000 0000 0000#1625197126802111#-52.0#1.1719613219446299#1
0000 0020 2000 0000 0000 0000#1625197126803358#-45.5#6.068427996875596#1
FFFF FFFF FFFF FFFF FFFF FFFF#1625197126804467#-61.5#3.497476196379262#1
3008 33B2 DDD9 0140 2018 0626#1625197126805593#-56.5#4.798291904506286#1
0000 0028 2000 0000 0000 0000#1625197126807256#-49.0#1.0246991663076084#1
0000 002B 2000 0000 0000 0000#1625197126808829#-60.5#2.6384469551633027#1
0000 0024 2000 0000 0000 0000#1625197126809869#-45.5#0.1902136176978195#1
0000 0027 2000 0000 0000 0000#1625197126811641#-48.5#0.5767767762450011#1
0000 0022 2000 0000 0000 0000#1625197126812715#-45.5#0.03681553890925539#1
0000 002B 2000 0000 0000 0000#1625197127080296#-61.0#2.1475731030398975#1
0000 001F 2000 0000 0000 0000#1625197127081818#-50.0#6.000932842208628#1
0000 0021 2000 0000 0000 0000#1625197127083136#-46.0#5.872078456026235#1
FFFF FFFF FFFF FFFF FFFF FFFF#1625197127084465#-61.0#2.5464081078901644#1
0000 002C 2000 0000 0000 0000#1625197127085551#-55.0#3.8410878928656453#1
0000 0029 2000 0000 0000 0000#1625197127089437#-53.0#0.7240389318820226#1
0000 0027 2000 0000 0000 0000#1625197127090997#-49.0#0.04295146206079795#1
0000 0020 2000 0000 0000 0000#1625197127092059#-45.5#5.589825991055276#1
0000 0022 2000 0000 0000 0000#1625197127093161#-44.5#5.816855147662351#1
0000 0023 2000 0000 0000 0000#1625197127094144#-46.0#5.66959299202533#1
3008 33B2 DDD9 0140 2018 0626#1625197127096268#-56.5#4.06811704947272#1
0000 0028 2000 0000 0000 0000#1625197127097304#-49.0#0.5460971604872883#1
0000 002A 2000 0000 0000 0000#1625197127098863#-57.0#1.1719613219446299#1
0000 001E 2000 0000 0000 0000#1625197127101193#-50.5#6.14819499784565#1
0000 0025 2000 0000 0000 0000#1625197127102202#-46.5#6.1420590746941075#1
0000 0026 2000 0000 0000 0000#1625197127105991#-44.5#6.043884304269426#1
0000 0024 2000 0000 0000 0000#1625197127107046#-45.0#5.964117303299373#1
0000 002C 2000 0000 0000 0000#1625197127112516#-55.0#3.785864584501762#1
0000 001E 2000 0000 0000 0000#1625197127113584#-50.0#6.154330920997192#1
0000 0025 2000 0000 0000 0000#1625197127114849#-46.5#6.17273869045182#1
FFFF FFFF FFFF FFFF FFFF FFFF#1625197127116198#-61.0#2.5954954931025047#1
0000 002A 2000 0000 0000 0000#1625197127119498#-57.0#1.214912784005428#1
0000 0028 2000 0000 0000 0000#1625197127121046#-49.0#0.5399612373357456#1
0000 0021 2000 0000 0000 0000#1625197127122107#-46.5#5.878214379177777#1
0000 001F 2000 0000 0000 0000#1625197127123477#-50.0#5.982525072754001#1
0000 0024 2000 0000 0000 0000#1625197127124516#-45.0#5.976389149602458#1
0000 0027 2000 0000 0000 0000#1625197127125821#-49.0#0.04908738521234052#1
3008 33B2 DDD9 0140 2018 0626#1625197127127147#-56.0#4.0987966652304335#1
0000 0023 2000 0000 0000 0000#1625197127128955#-45.5#5.688000761479957#1
0000 0026 2000 0000 0000 0000#1625197127130075#-44.5#6.037748381117884#1
0000 0020 2000 0000 0000 0000#1625197127131982#-45.0#5.595961914206819#1
0000 0022 2000 0000 0000 0000#1625197127133867#-45.0#5.829126993965437#1
0000 0029 2000 0000 0000 0000#1625197127135381#-53.0#0.6994952392758523#1
0000 002B 2000 0000 0000 0000#1625197127136672#-61.0#2.172116795646068#1
0000 0029 2000 0000 0000 0000#1625197127400456#-53.0#0.8774370106705868#1
0000 001E 2000 0000 0000 0000#1625197127402257#-50.5#0.03681553890925539#1
0000 0022 2000 0000 0000 0000#1625197127405661#-45.0#5.988660995905543#1
0000 0026 2000 0000 0000 0000#1625197127406841#-45.0#6.252505691421874#1
0000 0021 2000 0000 0000 0000#1625197127407888#-46.5#6.037748381117884#1
0000 0024 2000 0000 0000 0000#1625197127408925#-46.0#6.135923151542564#1
FFFF FFFF FFFF FFFF FFFF FFFF#1625197127410004#-61.5#2.834796496012665#1
3008 33B2 DDD9 0140 2018 0626#1625197127411323#-56.0#4.338097668140593#1
0000 0027 2000 0000 0000 0000#1625197127412399#-48.5#0.2270291566070749#1
0000 002C 2000 0000 0000 0000#1625197127413434#-55.0#3.9699422790480394#1
0000 002A 2000 0000 0000 0000#1625197127415118#-57.5#1.3621749396424494#1
0000 0023 2000 0000 0000 0000#1625197127417314#-45.5#5.841398840268521#1
0000 002B 2000 0000 0000 0000#1625197127418407#-61.5#2.3746022596469727#1
0000 0028 2000 0000 0000 0000#1625197127419428#-49.5#0.7363107781851077#1
0000 001F 2000 0000 0000 0000#1625197127420515#-50.0#6.1420590746941075#1
0000 0025 2000 0000 0000 0000#1625197127423122#-47.0#0.03681553890925539#1
0000 0020 2000 0000 0000 0000#1625197127424156#-45.5#5.743224069843841#1
0000 0029 2000 0000 0000 0000#1625197127427690#-53.0#0.8713010875190442#1
0000 0023 2000 0000 0000 0000#1625197127430127#-46.0#5.8659425328746915#1
0000 0024 2000 0000 0000 0000#1625197127431456#-45.5#6.166602767300278#1
0000 0027 2000 0000 0000 0000#1625197127433030#-48.5#0.21475731030398976#1
0000 0020 2000 0000 0000 0000#1625197127434393#-45.5#5.755495916146925#1
0000 002B 2000 0000 0000 0000#1625197127435722#-61.5#2.3439226438892597#1
0000 0021 2000 0000 0000 0000#1625197127437031#-46.5#6.050020227420969#1
0000 002C 2000 0000 0000 0000#1625197127438309#-55.0#3.9944859716542096#1
0000 001E 2000 0000 0000 0000#1625197127439390#-50.5#0.006135923151542565#1
0000 0022 2000 0000 0000 0000#1625197127440817#-45.0#5.994796919057086#1
0000 0026 2000 0000 0000 0000#1625197127442715#-45.5#6.234097921967246#1
FFFF FFFF FFFF FFFF FFFF FFFF#1625197127443738#-61.5#2.9391071895888885#1
0000 0025 2000 0000 0000 0000#1625197127444775#-47.0#0.03681553890925539#1
0000 001F 2000 0000 0000 0000#1625197127445846#-50.5#6.117515382087937#1
0000 0028 2000 0000 0000 0000#1625197127447010#-49.5#0.7424467013366504#1
3008 33B2 DDD9 0140 2018 0626#1625197127448097#-56.0#4.356505437595221#1
0000 002A 2000 0000 0000 0000#1625197127449225#-57.5#1.3744467859455345#1
0000 0029 2000 0000 0000 0000#1625197127719799#-52.0#1.012427320004523#1
0000 001E 2000 0000 0000 0000#1625197127721141#-50.5#0.18407769454627693#1
0000 0027 2000 0000 0000 0000#1625197127722420#-48.5#0.3620194659410113#1
0000 0028 2000 0000 0000 0000#1625197127724207#-49.0#0.8467573949128739#1
0000 002C 2000 0000 0000 0000#1625197127725754#-54.5#4.129476280988146#1
FFFF FFFF FFFF FFFF FFFF FFFF#1625197127727031#-62.0#3.227495577711389#1
0000 0025 2000 0000 0000 0000#1625197127729548#-46.5#0.19634954084936207#1
0000 0023 2000 0000 0000 0000#1625197127732219#-46.0#6.000932842208628#1
0000 0020 2000 0000 0000 0000#1625197127733329#-45.5#5.884350302329319#1
0000 0022 2000 0000 0000 0000#1625197127734626#-45.5#6.1420590746941075#1
0000 002B 2000 0000 0000 0000#1625197127736928#-61.0#2.5280003384355365#1
0000 0026 2000 0000 0000 0000#1625197127737992#-45.0#0.09817477042468103#1
0000 001F 2000 0000 0000 0000#1625197127739293#-50.5#0.006135923151542565#1
0000 002A 2000 0000 0000 0000#1625197127740911#-57.5#1.4910293258248433#1
0000 0021 2000 0000 0000 0000#1625197127741957#-47.0#6.178874613603362#1
0000 0024 2000 0000 0000 0000#1625197127743549#-46.0#0.018407769454627694#1
3008 33B2 DDD9 0140 2018 0626#1625197127744648#-56.5#4.601942363656923#1
0000 002A 2000 0000 0000 0000#1625197127753502#-57.5#1.509437095279471#1
0000 002C 2000 0000 0000 0000#1625197127754821#-54.5#4.1417481272912315#1
0000 001F 2000 0000 0000 0000#1625197127755908#-50.5#0.006135923151542565#1
0000 0028 2000 0000 0000 0000#1625197127757220#-49.5#0.8651651643675016#1
0000 0020 2000 0000 0000 0000#1625197127758313#-45.5#5.872078456026235#1
0000 002B 2000 0000 0000 0000#1625197127760044#-61.0#2.5586799541932495#1
0000 0029 2000 0000 0000 0000#1625197127761579#-52.5#1.0062913968529805#1
0000 0025 2000 0000 0000 0000#1625197127763886#-46.5#0.19634954084936207#1
0000 0023 2000 0000 0000 0000#1625197127765182#-46.0#5.994796919057086#1
0000 0024 2000 0000 0000 0000#1625197127766263#-46.0#0.030679615757712823#1
0000 0022 2000 0000 0000 0000#1625197127767373#-45.0#6.154330920997192#1
0000 001E 2000 0000 0000 0000#1625197127768685#-50.5#0.14112623248547898#1
0000 0021 2000 0000 0000 0000#1625197127769959#-47.0#6.19728238305799#1
FFFF FFFF FFFF FFFF FFFF FFFF#1625197127771849#-61.5#3.2397674240144743#1
0000 0026 2000 0000 0000 0000#1625197127772972#-45.0#0.09817477042468103#1
3008 33B2 DDD9 0140 2018 0626#1625197127775105#-56.5#4.608078286808466#1
0000 0027 2000 0000 0000 0000#1625197127776184#-48.5#0.36815538909255385#1
0000 0029 2000 0000 0000 0000#1625197128043621#-52.5#1.5953400194010667#1
0000 0027 2000 0000 0000 0000#1625197128044981#-48.0#1.030835089459151#1
0000 002B 2000 0000 0000 0000#1625197128046271#-62.5#3.031146036862027#1
0000 0028 2000 0000 0000 0000#1625197128047336#-49.0#1.4848934026733007#1
0000 001E 2000 0000 0000 0000#1625197128049641#-49.0#1.0492428589137786#1
0000 002A 2000 0000 0000 0000#1625197128050960#-56.5#2.043262409463674#1
0000 0025 2000 0000 0000 0000#1625197128052055#-45.0#0.8528933180644165#1
0000 0023 2000 0000 0000 0000#1625197128053366#-44.0#0.42337869745643697#1
FFFF FFFF FFFF FFFF FFFF FFFF#1625197128054461#-62.0#3.4913402732277192#1
0000 0021 2000 0000 0000 0000#1625197128055747#-45.0#0.6504078540635119#1
0000 0026 2000 0000 0000 0000#1625197128058018#-43.5#0.7853981633974483#1
0000 0020 2000 0000 0000 0000#1625197128059356#-44.5#0.4111068511533518#1
0000 001F 2000 0000 0000 0000#1625197128060457#-50.0#0.8713010875190442#1
0000 002C 2000 0000 0000 0000#1625197128062391#-54.5#5.154175447295755#1
0000 0022 2000 0000 0000 0000#1625197128063960#-43.5#0.5890486225480862#1
0000 0024 2000 0000 0000 0000#1625197128065012#-44.5#0.6749515466696822#1
3008 33B2 DDD9 0140 2018 0626#1625197128078636#-56.5#4.957825906446392#1
0000 002B 2000 0000 0000 0000#1625197128081540#-62.0#3.2336315008629315#1
0000 0026 2000 0000 0000 0000#1625197128083148#-43.0#1.012427320004523#1
FFFF FFFF FFFF FFFF FFFF FFFF#1625197128085332#-61.5#3.792000507653305#1
3008 33B2 DDD9 0140 2018 0626#1625197128086457#-57.0#4.914874444385594#1
0000 0021 2000 0000 0000 0000#1625197128087504#-45.0#0.8835729338221293#1
0000 0027 2000 0000 0000 0000#1625197128088780#-47.5#1.2885438618239387#1
0000 001E 2000 0000 0000 0000#1625197128089847#-49.0#1.3069516312785663#1
0000 002C 2000 0000 0000 0000#1625197128090911#-55.0#5.43029198911517#1
0000 0022 2000 0000 0000 0000#1625197128091995#-43.5#0.8406214717613314#1
0000 0023 2000 0000 0000 0000#1625197128093322#-44.0#0.6688156235181395#1
0000 001F 2000 0000 0000 0000#1625197128094626#-49.5#1.1167380135807468#1
0000 0029 2000 0000 0000 0000#1625197128095694#-51.5#1.8346410223112268#1
0000 0025 2000 0000 0000 0000#1625197128097244#-44.5#1.1167380135807468#1
0000 002A 2000 0000 0000 0000#1625197128098647#-57.0#2.2641556429192065#1
0000 0028 2000 0000 0000 0000#1625197128099697#-48.0#1.761009944492716#1
0000 0024 2000 0000 0000 0000#1625197128100764#-44.0#0.9019807032767571#1
0000 0020 2000 0000 0000 0000#1625197128101869#-44.5#0.7301748550335652#1
0000 0021 2000 0000 0000 0000#1625197128369369#-42.5#0.9510680884890975#1
3008 33B2 DDD9 0140 2018 0626#1625197128371040#-57.5#3.877903431774901#1
0000 0020 2000 0000 0000 0000#1625197128372130#-42.5#0.8099418560036186#1
0000 002C 2000 0000 0000 0000#1625197128373458#-53.0#5.988660995905543#1
0000 0028 2000 0000 0000 0000#1625197128374808#-47.5#1.7916895602504288#1
0000 0029 2000 0000 0000 0000#1625197128376089#-50.5#1.8407769454627694#1
0000 001F 2000 0000 0000 0000#1625197128377146#-48.0#1.3499030933393643#1
0000 0022 2000 0000 0000 0000#1625197128378190#-40.5#0.9203884727313847#1
0000 0027 2000 0000 0000 0000#1625197128379196#-46.5#1.325359400733194#1
0000 002B 2000 0000 0000 0000#1625197128380271#-63.5#3.3072625786814425#1
0000 0026 2000 0000 0000 0000#1625197128381322#-40.5#1.055378782065321#1
0000 0024 2000 0000 0000 0000#1625197128382603#-42.5#0.8774370106705868#1
0000 001E 2000 0000 0000 0000#1625197128383684#-47.0#1.6260196351587797#1
0000 0023 2000 0000 0000 0000#1625197128386051#-41.0#0.7363107781851077#1
0000 0025 2000 0000 0000 0000#1625197128387179#-42.0#1.1167380135807468#1
FFFF FFFF FFFF FFFF FFFF FFFF#1625197128388999#-61.5#2.6016314162540475#1
0000 002A 2000 0000 0000 0000#1625197128390370#-56.5#2.3193789512830896#1
0000 0029 2000 0000 0000 0000#1625197128395583#-50.5#1.8837284075235674#1
3008 33B2 DDD9 0140 2018 0626#1625197128396653#-57.5#3.810408277107933#1
0000 002A 2000 0000 0000 0000#1625197128398224#-57.0#2.350058567040802#1
0000 0026 2000 0000 0000 0000#1625197128399561#-40.5#1.1106020904292042#1
0000 0024 2000 0000 0000 0000#1625197128401097#-42.0#0.9756117810952678#1
0000 0025 2000 0000 0000 0000#1625197128402207#-42.0#1.1780972450961724#1
0000 0028 2000 0000 0000 0000#1625197128403470#-47.5#1.8653206380689396#1
0000 001E 2000 0000 0000 0000#1625197128404807#-47.0#1.6873788666742053#1
0000 0023 2000 0000 0000 0000#1625197128406638#-41.0#0.7853981633974483#1
FFFF FFFF FFFF FFFF FFFF FFFF#1625197128408172#-61.5#2.5770877236478773#1
0000 0020 2000 0000 0000 0000#1625197128409719#-41.5#0.9019807032767571#1
0000 0027 2000 0000 0000 0000#1625197128410982#-46.5#1.4480778637640452#1
0000 002B 2000 0000 0000 0000#1625197128412513#-63.0#3.3318062712876126#1
0000 001F 2000 0000 0000 0000#1625197128413597#-48.5#1.4726215563702154#1
0000 0021 2000 0000 0000 0000#1625197128416112#-42.0#1.0615147052168636#1
0000 0022 2000 0000 0000 0000#1625197128417239#-40.0#1.030835089459151#1
0000 002C 2000 0000 0000 0000#1625197128419530#-53.0#6.12365130523948#1
0000 0026 2000 0000 0000 0000#1625197128690847#-38.5#2.552544031041707#1
0000 0028 2000 0000 0000 0000#1625197128692441#-45.5#3.356349963893783#1
0000 0024 2000 0000 0000 0000#1625197128693546#-40.0#2.399145952253143#1
0000 001E 2000 0000 0000 0000#1625197128695885#-45.0#3.2336315008629315#1
0000 0025 2000 0000 0000 0000#1625197128697717#-40.0#2.5832236467994196#1
0000 0023 2000 0000 0000 0000#1625197128698731#-38.0#2.184388641949153#1
0000 002A 2000 0000 0000 0000#1625197128699805#-54.5#3.9147189706841563#1
0000 0029 2000 0000 0000 0000#1625197128700856#-48.0#3.4177091954092087#1
0000 0027 2000 0000 0000 0000#1625197128702119#-44.0#2.8961557275280905#1
0000 002C 2000 0000 0000 0000#1625197128703625#-51.0#1.282407938672396#1
3008 33B2 DDD9 0140 2018 0626#1625197128705705#-54.0#4.963961829597935#1
0000 001F 2000 0000 0000 0000#1625197128707033#-47.5#3.1231848841351653#1
0000 0021 2000 0000 0000 0000#1625197128708067#-40.0#2.4850488763747385#1
0000 0022 2000 0000 0000 0000#1625197128709251#-37.5#2.4911847995262812#1
0000 002B 2000 0000 0000 0000#1625197128711626#-59.5#4.896466674930966#1
0000 0020 2000 0000 0000 0000#1625197128712675#-39.5#2.429825568010856#1
FFFF FFFF FFFF FFFF FFFF FFFF#1625197128714473#-64.5#4.06811704947272#1
0000 001E 2000 0000 0000 0000#1625197128723121#-45.0#3.3318062712876126#1
FFFF FFFF FFFF FFFF FFFF FFFF#1625197128724173#-64.0#4.129476280988146#1
0000 0023 2000 0000 0000 0000#1625197128725258#-38.0#2.2580197197676637#1
0000 0026 2000 0000 0000 0000#1625197128726479#-38.0#2.650718801466388#1
0000 0027 2000 0000 0000 0000#1625197128727557#-44.0#2.9759227284981438#1
0000 0022 2000 0000 0000 0000#1625197128729099#-37.5#2.521864415283994#1
0000 0025 2000 0000 0000 0000#1625197128730153#-40.0#2.675262494072558#1
0000 0029 2000 0000 0000 0000#1625197128731233#-48.0#3.5036121195308043#1
0000 0024 2000 0000 0000 0000#1625197128732343#-39.5#2.4850488763747385#1
0000 001F 2000 0000 0000 0000#1625197128733415#-47.0#3.2213596545598464#1
0000 002C 2000 0000 0000 0000#1625197128734966#-51.0#1.3437671701878218#1
0000 002B 2000 0000 0000 0000#1625197128736012#-59.5#4.92714629068868#1
0000 0020 2000 0000 0000 0000#1625197128737073#-39.5#2.509592568980909#1
0000 0021 2000 0000 0000 0000#1625197128739119#-39.5#2.5832236467994196#1
3008 33B2 DDD9 0140 2018 0626#1625197128742099#-56.5#4.0558452031696355#1
0000 0028 2000 0000 0000 0000#1625197128743565#-45.5#3.4913402732277192#1
0000 002A 2000 0000 0000 0000#1625197128745523#-52.5#4.111068511533518#1
3008 33B2 DDD9 0140 2018 0626#1625197128748558#-53.0#5.013049214810275#1
0000 0020 2000 0000 0000 0000#1625197129010630#-38.5#2.675262494072558#1
0000 0025 2000 0000 0000 0000#1625197129011701#-39.0#2.834796496012665#1
0000 0023 2000 0000 0000 0000#1625197129013764#-37.0#2.4605051837685683#1
0000 0024 2000 0000 0000 0000#1625197129014818#-38.5#2.675262494072558#1
0000 002C 2000 0000 0000 0000#1625197129015841#-50.0#1.5953400194010667#1
0000 0029 2000 0000 0000 0000#1625197129017362#-48.0#3.761320891895592#1
0000 0021 2000 0000 0000 0000#1625197129018911#-39.0#2.748893571891069#1
0000 002A 2000 0000 0000 0000#1625197129020893#-53.5#4.344233591292136#1
3008 33B2 DDD9 0140 2018 0626#1625197129022226#-57.0#3.693825737228624#1
0000 001E 2000 0000 0000 0000#1625197129023563#-44.5#3.6692820446224537#1
0000 0026 2000 0000 0000 0000#1625197129024870#-37.5#2.8654761117703775#1
0000 0027 2000 0000 0000 0000#1625197129026204#-44.0#3.2459033471660166#1
0000 0022 2000 0000 0000 0000#1625197129027971#-36.5#2.742757648739526#1
0000 0028 2000 0000 0000 0000#1625197129029635#-45.0#3.767456815047135#1
3008 33B2 DDD9 0140 2018 0626#1625197129030959#-54.5#4.76147636559703#1
FFFF FFFF FFFF FFFF FFFF FFFF#1625197129033335#-64.0#3.2336315008629315#1
0000 002B 2000 0000 0000 0000#1625197129034742#-59.5#5.325981295538946#1
0000 001F 2000 0000 0000 0000#1625197129035826#-46.0#3.5588354278946874#1
0000 0023 2000 0000 0000 0000#1625197129041414#-37.0#2.5341362615870793#1
0000 0024 2000 0000 0000 0000#1625197129042726#-39.0#2.742757648739526#1
0000 002C 2000 0000 0000 0000#1625197129044882#-49.5#1.6260196351587797#1
0000 001F 2000 0000 0000 0000#1625197129045911#-46.5#3.5956509668039427#1
0000 0020 2000 0000 0000 0000#1625197129046977#-38.5#2.779573187648782#1
3008 33B2 DDD9 0140 2018 0626#1625197129048075#-54.5#4.7860200582032#1
0000 0026 2000 0000 0000 0000#1625197129049139#-38.0#2.9329712664373457#1
0000 0025 2000 0000 0000 0000#1625197129050179#-39.5#2.9513790358919736#1
0000 001E 2000 0000 0000 0000#1625197129051714#-44.5#3.77972866135022#1
FFFF FFFF FFFF FFFF FFFF FFFF#1625197129052754#-63.5#3.2336315008629315#1
0000 0021 2000 0000 0000 0000#1625197129054071#-39.5#2.8532042654672924#1
0000 0022 2000 0000 0000 0000#1625197129055427#-36.5#2.8102528034064944#1
0000 0029 2000 0000 0000 0000#1625197129057727#-48.0#3.9147189706841563#1
0000 0027 2000 0000 0000 0000#1625197129059060#-44.0#3.368621810196868#1
3008 33B2 DDD9 0140 2018 0626#1625197129060149#-57.5#3.724505352986337#1
0000 002B 2000 0000 0000 0000#1625197129061381#-59.0#5.448699758569798#1
0000 0028 2000 0000 0000 0000#1625197129062459#-45.5#3.8717675086233583#1
0000 002A 2000 0000 0000 0000#1625197129063662#-53.0#4.479223900626073#1
0000 0023 2000 0000 0000 0000#1625197129326780#-37.5#3.6079228131070282#1
0000 0029 2000 0000 0000 0000#1625197129328581#-46.5#4.8351074434155406#1
0000 0021 2000 0000 0000 0000#1625197129329882#-40.0#3.933126740138784#1
0000 0026 2000 0000 0000 0000#1625197129332807#-37.5#4.000621894805752#1
FFFF FFFF FFFF FFFF FFFF FFFF#1625197129333862#-64.5#3.6140587362585705#1
0000 002B 2000 0000 0000 0000#1625197129334952#-55.5#6.234097921967246#1
0000 0025 2000 0000 0000 0000#1625197129336034#-39.5#4.01902966426038#1
0000 0020 2000 0000 0000 0000#1625197129338052#-40.0#3.902447124381071#1
0000 0024 2000 0000 0000 0000#1625197129339386#-39.0#3.834951969714103#1
0000 0028 2000 0000 0000 0000#1625197129340397#-44.0#4.828971520263998#1
0000 001F 2000 0000 0000 0000#1625197129341554#-47.5#4.7307967498393175#1
0000 002A 2000 0000 0000 0000#1625197129345062#-51.5#5.424156065963627#1
0000 001E 2000 0000 0000 0000#1625197129346420#-45.5#4.957825906446392#1
0000 0022 2000 0000 0000 0000#1625197129347877#-37.5#3.8840393549264434#1
0000 002C 2000 0000 0000 0000#1625197129348961#-50.0#2.1782527187976104#1
0000 0027 2000 0000 0000 0000#1625197129350167#-43.0#4.411728745959104#1
0000 0023 2000 0000 0000 0000#1625197129353910#-37.5#3.6815538909255388#1
0000 0029 2000 0000 0000 0000#1625197129355203#-46.0#4.896466674930966#1
0000 0020 2000 0000 0000 0000#1625197129356257#-40.0#3.9515345095934116#1
0000 001F 2000 0000 0000 0000#1625197129357799#-47.5#4.743068596142402#1
0000 002C 2000 0000 0000 0000#1625197129359605#-50.0#2.1659808724945253#1
0000 002B 2000 0000 0000 0000#1625197129360654#-55.0#6.209554229361076#1
0000 0022 2000 0000 0000 0000#1625197129361711#-37.5#3.9208548938356986#1
0000 0028 2000 0000 0000 0000#1625197129364294#-43.5#4.871922982324796#1
0000 0026 2000 0000 0000 0000#1625197129365331#-37.0#4.06811704947272#1
0000 002A 2000 0000 0000 0000#1625197129366634#-51.5#5.460971604872882#1
0000 0027 2000 0000 0000 0000#1625197129368366#-43.0#4.442408361716817#1
0000 0025 2000 0000 0000 0000#1625197129370982#-39.0#4.0987966652304335#1
0000 0021 2000 0000 0000 0000#1625197129373740#-39.5#4.0558452031696355#1
0000 0024 2000 0000 0000 0000#1625197129375645#-39.0#3.9269908169872414#1
0000 001E 2000 0000 0000 0000#1625197129376997#-45.5#5.031456984264903#1
0000 0026 2000 0000 0000 0000#1625197129642697#-38.0#3.8963112012295285#1
0000 0028 2000 0000 0000 0000#1625197129645102#-44.0#4.657165672020807#1
0000 0023 2000 0000 0000 0000#1625197129646435#-37.5#3.6570101983193686#1
0000 0021 2000 0000 0000 0000#1625197129647437#-40.5#3.9822141253511245#1
0000 0022 2000 0000 0000 0000#1625197129649037#-38.0#3.865631585471816#1
0000 0025 2000 0000 0000 0000#1625197129650061#-39.5#3.9392626632903265#1
0000 002B 2000 0000 0000 0000#1625197129651369#-52.5#5.553010452146021#1
0000 0024 2000 0000 0000 0000#1625197129652934#-38.5#3.724505352986337#1
0000 0020 2000 0000 0000 0000#1625197129654389#-41.5#3.9944859716542096#1
0000 001F 2000 0000 0000 0000#1625197129655507#-48.5#5.013049214810275#1
0000 002C 2000 0000 0000 0000#1625197129656869#-54.5#1.5953400194010667#1
0000 0027 2000 0000 0000 0000#1625197129658174#-43.0#4.239922897715912#1
0000 001E 2000 0000 0000 0000#1625197129659228#-47.5#5.307573526084319#1
0000 002A 2000 0000 0000 0000#1625197129660613#-49.5#5.037592907416445#1
FFFF FFFF FFFF FFFF FFFF FFFF#1625197129661667#-64.5#2.9329712664373457#1
0000 0029 2000 0000 0000 0000#1625197129662990#-45.5#4.651029748869264#1
0000 0025 2000 0000 0000 0000#1625197129667427#-39.5#3.9515345095934116#1
0000 0023 2000 0000 0000 0000#1625197129669240#-37.5#3.6754179677739964#1
0000 0026 2000 0000 0000 0000#1625197129670333#-38.0#3.8963112012295285#1
0000 002A 2000 0000 0000 0000#1625197129672135#-49.0#5.031456984264903#1
0000 0020 2000 0000 0000 0000#1625197129673966#-41.5#4.006757817957295#1
0000 002C 2000 0000 0000 0000#1625197129675018#-55.0#1.533980787885641#1
0000 0027 2000 0000 0000 0000#1625197129676306#-43.0#4.25833066717054#1
0000 002B 2000 0000 0000 0000#1625197129677359#-52.5#5.497787143782138#1
0000 0021 2000 0000 0000 0000#1625197129678589#-41.0#4.025165587411922#1
0000 001F 2000 0000 0000 0000#1625197129681412#-48.5#5.031456984264903#1
0000 0029 2000 0000 0000 0000#1625197129682479#-45.5#4.6878452877785195#1
0000 0024 2000 0000 0000 0000#1625197129683574#-38.5#3.724505352986337#1
0000 0022 2000 0000 0000 0000#1625197129684643#-38.0#3.890175278077986#1
0000 001E 2000 0000 0000 0000#1625197129687246#-48.0#5.325981295538946#1
FFFF FFFF FFFF FFFF FFFF FFFF#1625197129688795#-64.0#2.8286605728611223#1
0000 0028 2000 0000 0000 0000#1625197129690343#-43.5#4.638757902566179#1
0000 001E 2000 0000 0000 0000#1625197129959043#-48.0#0.25157284921324513#1
0000 002B 2000 0000 0000 0000#1625197129960181#-51.5#5.939573610693203#1
0000 0023 2000 0000 0000 0000#1625197129961236#-38.0#4.6878452877785195#1
FFFF FFFF FFFF FFFF FFFF FFFF#1625197129962274#-63.0#4.1601558967458585#1
0000 0021 2000 0000 0000 0000#1625197129963547#-40.0#4.994641445355648#1
0000 002C 2000 0000 0000 0000#1625197129964591#-59.0#1.7303303287350031#1
0000 0022 2000 0000 0000 0000#1625197129965921#-37.5#4.878058905476339#1
0000 0026 2000 0000 0000 0000#1625197129967042#-37.5#4.76147636559703#1
0000 0024 2000 0000 0000 0000#1625197129968352#-38.5#4.657165672020807#1
0000 0028 2000 0000 0000 0000#1625197129969419#-43.5#5.350524988145116#1
0000 0027 2000 0000 0000 0000#1625197129970763#-43.0#5.0682725231741586#1
0000 001F 2000 0000 0000 0000#1625197129972741#-49.0#6.17273869045182#1
0000 0029 2000 0000 0000 0000#1625197129974219#-45.0#5.344389064993574#1
0000 0020 2000 0000 0000 0000#1625197129975254#-41.0#5.062136600022616#1
0000 002A 2000 0000 0000 0000#1625197129976342#-49.0#5.602097837358362#1
0000 0025 2000 0000 0000 0000#1625197129977396#-39.0#4.859651136021712#1
0000 0021 2000 0000 0000 0000#1625197129982934#-40.5#5.019185137961818#1
0000 0026 2000 0000 0000 0000#1625197129984228#-37.5#4.767612288748572#1
0000 002B 2000 0000 0000 0000#1625197129985520#-51.5#5.9518454569962875#1
0000 0023 2000 0000 0000 0000#1625197129986578#-37.5#4.6878452877785195#1
0000 0024 2000 0000 0000 0000#1625197129987917#-38.5#4.681709364626977#1
0000 0022 2000 0000 0000 0000#1625197129989473#-38.0#4.890330751779424#1
0000 0020 2000 0000 0000 0000#1625197129991247#-41.5#5.098952138931871#1
0000 002A 2000 0000 0000 0000#1625197129992536#-49.5#5.602097837358362#1
0000 0025 2000 0000 0000 0000#1625197129993589#-39.0#4.859651136021712#1
0000 0028 2000 0000 0000 0000#1625197129995181#-43.5#5.356660911296659#1
0000 0027 2000 0000 0000 0000#1625197129996486#-43.0#5.056000676871073#1
FFFF FFFF FFFF FFFF FFFF FFFF#1625197129997564#-63.5#4.190835512503572#1
0000 002C 2000 0000 0000 0000#1625197129999595#-59.5#1.6873788666742053#1
0000 0029 2000 0000 0000 0000#1625197130001501#-45.0#5.332117218690489#1
0000 001E 2000 0000 0000 0000#1625197130002597#-48.5#0.30679615757712825#1
0000 001F 2000 0000 0000 0000#1625197130003896#-49.5#6.227961998815704#1
0000 001E 2000 0000 0000 0000#1625197130269900#-51.0#0.1902136176978195#1
0000 0026 2000 0000 0000 0000#1625197130270981#-38.0#4.368777283898306#1
0000 0023 2000 0000 0000 0000#1625197130272036#-38.5#4.295146206079795#1
0000 002C 2000 0000 0000 0000#1625197130273083#-60.0#0.705631162427395#1
0C21 0537 8123 1003 2202 062F#1625197130274428#-67.5#3.368621810196868#1
0000 0027 2000 0000 0000 0000#1625197130275503#-44.5#4.6448938257177215#1
0000 0020 2000 0000 0000 0000#1625197130277022#-43.5#4.798291904506286#1
0000 0021 2000 0000 0000 0000#1625197130278568#-42.0#4.626486056263094#1
0000 0028 2000 0000 0000 0000#1625197130280174#-44.0#4.884194828627882#1
FFFF FFFF FFFF FFFF FFFF FFFF#1625197130281540#-62.5#3.2520392703175593#1
0000 0022 2000 0000 0000 0000#1625197130283109#-39.0#4.522175362686871#1
0000 0024 2000 0000 0000 0000#1625197130284944#-39.0#4.184699589352029#1
0000 0025 2000 0000 0000 0000#1625197130286029#-39.5#4.417864669110647#1
0000 002A 2000 0000 0000 0000#1625197130287092#-49.5#4.988505522204105#1
0000 002B 2000 0000 0000 0000#1625197130288654#-51.5#5.289165756629691#1
0000 0029 2000 0000 0000 0000#1625197130290005#-45.5#4.841243366567084#1
0000 001F 2000 0000 0000 0000#1625197130292156#-50.5#5.921165841238575#1
0000 0028 2000 0000 0000 0000#1625197130298271#-44.0#4.884194828627882#1
0000 0020 2000 0000 0000 0000#1625197130299366#-43.5#4.779884135051658#1
0000 0025 2000 0000 0000 0000#1625197130300665#-40.0#4.534447208989955#1
0000 002B 2000 0000 0000 0000#1625197130302213#-52.0#5.270757987175063#1
0000 0026 2000 0000 0000 0000#1625197130304075#-38.0#4.338097668140593#1
0000 0029 2000 0000 0000 0000#1625197130306139#-45.5#4.853515212870168#1
0000 0023 2000 0000 0000 0000#1625197130307934#-38.5#4.252194744018997#1
0000 001E 2000 0000 0000 0000#1625197130309028#-51.0#0.19634954084936207#1
0000 0027 2000 0000 0000 0000#1625197130310346#-44.0#4.620350133111551#1
0000 0024 2000 0000 0000 0000#1625197130312153#-39.0#4.154019973594316#1
0000 0021 2000 0000 0000 0000#1625197130313270#-42.0#4.608078286808466#1
0000 0022 2000 0000 0000 0000#1625197130314598#-39.0#4.4976316700806995#1
0000 001F 2000 0000 0000 0000#1625197130315728#-50.5#5.9088939949354895#1
FFFF FFFF FFFF FFFF FFFF FFFF#1625197130317120#-62.5#3.184544115650591#1
0000 002A 2000 0000 0000 0000#1625197130318436#-49.0#4.9823695990525625#1
0C21 0537 8123 1003 2202 062F#1625197130319807#-67.5#3.472932503773092#1
0000 002C 2000 0000 0000 0000#1625197130323158#-59.0#0.6381360077604268#1
0000 0028 2000 0000 0000 0000#1625197130594960#-43.5#4.871922982324796#1
0000 001F 2000 0000 0000 0000#1625197130596130#-51.5#5.976389149602458#1
0000 002A 2000 0000 0000 0000#1625197130597666#-47.5#4.957825906446392#1
0000 0026 2000 0000 0000 0000#1625197130598959#-37.5#4.3503695144436785#1
0000 0023 2000 0000 0000 0000#1625197130600033#-38.5#4.264466590322082#1
0000 001E 2000 0000 0000 0000#1625197130601098#-53.0#0.2638446955163303#1
0000 0024 2000 0000 0000 0000#1625197130602207#-38.5#4.184699589352029#1
0000 0027 2000 0000 0000 0000#1625197130603499#-44.0#4.632621979414636#1
0000 0021 2000 0000 0000 0000#1625197130605256#-42.0#4.577398671050753#1
0000 002B 2000 0000 0000 0000#1625197130606939#-49.5#5.209398755659637#1
0000 0020 2000 0000 0000 0000#1625197130607985#-44.0#4.773748211900116#1
0000 0025 2000 0000 0000 0000#1625197130609304#-39.5#4.405592822807561#1
0000 0022 2000 0000 0000 0000#1625197130610433#-39.0#4.491495746929157#1
FFFF FFFF FFFF FFFF FFFF FFFF#1625197130612098#-62.0#3.6754179677739964#1
0000 002C 2000 0000 0000 0000#1625197130613176#-54.5#0.25770877236478773#1
0000 0029 2000 0000 0000 0000#1625197130614210#-44.0#4.7860200582032#1
0C21 0537 8123 1003 2202 062F#1625197130616845#-65.0#4.424000592262189#1
0000 0020 2000 0000 0000 0000#1625197130624213#-44.5#4.73693267299086#1
0000 0026 2000 0000 0000 0000#1625197130625665#-37.0#4.313553975534423#1
0000 0022 2000 0000 0000 0000#1625197130626749#-39.0#4.460816131171445#1
0C21 0537 8123 1003 2202 062F#1625197130627835#-65.5#4.344233591292136#1
0000 0023 2000 0000 0000 0000#1625197130628888#-38.5#4.196971435655114#1
0000 001E 2000 0000 0000 0000#1625197130630484#-53.0#0.23930100291016002#1
0000 0027 2000 0000 0000 0000#1625197130631814#-43.5#4.583534594202296#1
0000 0029 2000 0000 0000 0000#1625197130632913#-44.5#4.7860200582032#1
0000 001F 2000 0000 0000 0000#1625197130633985#-51.5#5.939573610693203#1
0000 0028 2000 0000 0000 0000#1625197130635345#-43.5#4.804427827657828#1
0000 0024 2000 0000 0000 0000#1625197130636440#-38.5#4.129476280988146#1
0000 0021 2000 0000 0000 0000#1625197130638724#-41.0#4.534447208989955#1
0000 002B 2000 0000 0000 0000#1625197130639789#-49.0#5.160311370447297#1
0000 002A 2000 0000 0000 0000#1625197130640891#-47.5#4.878058905476339#1
FFFF FFFF FFFF FFFF FFFF FFFF#1625197130641911#-61.5#3.6140587362585705#1
0000 0025 2000 0000 0000 0000#1625197130642940#-39.0#4.362641360746763#1
0000 002C 2000 0000 0000 0000#1625197130645484#-54.5#0.19634954084936207#1
0C21 0537 8123 1003 2202 062F#1625197130908689#-67.0#3.423845118560751#1
0000 0024 2000 0000 0000 0000#1625197130910735#-39.0#3.0066023442558567#1
0000 001F 2000 0000 0000 0000#1625197130911821#-52.5#4.9823695990525625#1
0000 0029 2000 0000 0000 0000#1625197130914456#-43.5#3.5833791205008576#1
0000 0021 2000 0000 0000 0000#1625197130915773#-42.5#3.442252888015379#1
0000 0022 2000 0000 0000 0000#1625197130916859#-39.5#3.3747577333484107#1
0000 0023 2000 0000 0000 0000#1625197130918228#-39.5#3.08636934522591#1
0000 0026 2000 0000 0000 0000#1625197130921170#-38.0#3.129320807286708#1
0000 002A 2000 0000 0000 0000#1625197130922758#-47.0#3.650874275167826#1
0000 0028 2000 0000 0000 0000#1625197130924152#-43.0#3.6201946594101133#1
0000 0020 2000 0000 0000 0000#1625197130925231#-45.0#3.6140587362585705#1
0000 002B 2000 0000 0000 0000#1625197130926510#-48.5#3.9822141253511245#1
0000 002C 2000 0000 0000 0000#1625197130927844#-51.5#4.921010367537137#1
FFFF FFFF FFFF FFFF FFFF FFFF#1625197130929154#-62.5#2.386874105950058#1
0000 0025 2000 0000 0000 0000#1625197130930378#-40.0#3.2459033471660166#1
0000 0027 2000 0000 0000 0000#1625197130931486#-43.5#3.3502140407422405#1
3008 33B2 DDD9 0140 2018 0626#1625197130941355#-58.0#4.01902966426038#1
0000 001E 2000 0000 0000 0000#1625197130942887#-56.5#5.553010452146021#1
3008 33B2 DDD9 0140 2018 0626#1625197130947219#-57.5#4.0128937411088375#1
0C21 0537 8123 1003 2202 062F#1625197130948288#-67.5#3.3195344249845276#1
0000 0024 2000 0000 0000 0000#1625197130949382#-39.5#3.0925052683774528#1
0000 002C 2000 0000 0000 0000#1625197130951178#-51.5#5.056000676871073#1
0000 0023 2000 0000 0000 0000#1625197130952289#-39.5#3.2029518851052186#1
FFFF FFFF FFFF FFFF FFFF FFFF#1625197130953656#-62.0#2.650718801466388#1
0000 001E 2000 0000 0000 0000#1625197130954746#-56.5#5.516194913236766#1
0000 0028 2000 0000 0000 0000#1625197130955837#-43.0#3.6815538909255388#1
0000 0026 2000 0000 0000 0000#1625197130957610#-38.0#3.215223731408304#1
0000 001F 2000 0000 0000 0000#1625197130958713#-52.5#5.080544369477243#1
0000 0020 2000 0000 0000 0000#1625197130960029#-45.5#3.7122335066832517#1
0000 002B 2000 0000 0000 0000#1625197130961567#-48.5#4.037437433715008#1
0000 0027 2000 0000 0000 0000#1625197130962871#-43.0#3.442252888015379#1
0000 0022 2000 0000 0000 0000#1625197130964979#-39.5#3.454524734318464#1
0000 002A 2000 0000 0000 0000#1625197130967165#-45.5#3.724505352986337#1
0000 0025 2000 0000 0000 0000#1625197130968532#-39.5#3.313398501832985#1
0000 0021 2000 0000 0000 0000#1625197130969594#-43.0#3.5036121195308043#1
0000 0029 2000 0000 0000 0000#1625197130970903#-43.5#3.6324665057131984#1
0000 0027 2000 0000 0000 0000#1625197131235113#-43.5#3.5588354278946874#1
3008 33B2 DDD9 0140 2018 0626#1625197131236182#-55.0#4.92714629068868#1
0000 0022 2000 0000 0000 0000#1625197131237280#-40.5#3.6570101983193686#1
0000 0025 2000 0000 0000 0000#1625197131238606#-40.0#3.4913402732277192#1
0000 002C 2000 0000 0000 0000#1625197131239941#-49.5#4.816699673960914#1
FFFF FFFF FFFF FFFF FFFF FFFF#1625197131241034#-64.0#3.785864584501762#1
0000 0026 2000 0000 0000 0000#1625197131242113#-38.0#3.2888548092268146#1
0000 0021 2000 0000 0000 0000#1625197131243402#-43.5#3.7122335066832517#1
0000 002B 2000 0000 0000 0000#1625197131244454#-47.5#4.04357335686655#1
0000 0020 2000 0000 0000 0000#1625197131245517#-46.5#3.865631585471816#1
0000 001E 2000 0000 0000 0000#1625197131248066#-56.5#5.553010452146021#1
0000 0024 2000 0000 0000 0000#1625197131249061#-40.0#3.2397674240144743#1
0000 001F 2000 0000 0000 0000#1625197131251847#-53.0#5.117359908386499#1
0000 0028 2000 0000 0000 0000#1625197131253380#-43.0#3.724505352986337#1
0000 0023 2000 0000 0000 0000#1625197131254466#-40.0#3.3870295796514958#1
0000 0029 2000 0000 0000 0000#1625197131255832#-43.5#3.6815538909255388#1
0000 002A 2000 0000 0000 0000#1625197131261209#-46.5#3.7551849687440497#1
0000 002B 2000 0000 0000 0000#1625197131265466#-47.5#4.037437433715008#1
0000 0026 2000 0000 0000 0000#1625197131267016#-38.5#3.2459033471660166#1
FFFF FFFF FFFF FFFF FFFF FFFF#1625197131268082#-64.0#3.6754179677739964#1
0000 0022 2000 0000 0000 0000#1625197131269165#-40.5#3.5895150436524004#1
0000 001E 2000 0000 0000 0000#1625197131271960#-56.5#5.565282298449106#1
0000 001F 2000 0000 0000 0000#1625197131273056#-53.0#5.123495831538041#1
0000 0023 2000 0000 0000 0000#1625197131274835#-40.5#3.3502140407422405#1
0000 0028 2000 0000 0000 0000#1625197131275875#-43.0#3.6754179677739964#1
0000 002C 2000 0000 0000 0000#1625197131276939#-50.0#4.700117134081604#1
0000 0024 2000 0000 0000 0000#1625197131278191#-40.5#3.1906800388021335#1
0000 0029 2000 0000 0000 0000#1625197131279515#-43.5#3.6324665057131984#1
0000 0020 2000 0000 0000 0000#1625197131280862#-46.5#3.7981364308048478#1
0000 0021 2000 0000 0000 0000#1625197131282136#-44.0#3.6386024288647407#1
3008 33B2 DDD9 0140 2018 0626#1625197131283577#-54.5#4.914874444385594#1
0000 002A 2000 0000 0000 0000#1625197131284623#-46.5#3.706097583531709#1
0000 0025 2000 0000 0000 0000#1625197131285935#-40.5#3.399301425954581#1
0000 0027 2000 0000 0000 0000#1625197131288393#-43.5#3.436116964863836#1
0000 0020 2000 0000 0000 0000#1625197131554409#-48.5#2.9820586516496865#1
0000 002C 2000 0000 0000 0000#1625197131556558#-49.0#3.5281558121369745#1
3008 33B2 DDD9 0140 2018 0626#1625197131557655#-54.0#4.442408361716817#1
0000 001E 2000 0000 0000 0000#1625197131558732#-58.5#4.773748211900116#1
0000 0026 2000 0000 0000 0000#1625197131560346#-40.0#2.2396119503130363#1
0000 0021 2000 0000 0000 0000#1625197131561423#-45.5#2.791845033951867#1
0000 0025 2000 0000 0000 0000#1625197131562477#-42.5#2.448233337465483#1
0000 0029 2000 0000 0000 0000#1625197131563601#-44.5#2.5954954931025047#1
0000 0023 2000 0000 0000 0000#1625197131564655#-42.5#2.4605051837685683#1
0000 0028 2000 0000 0000 0000#1625197131565763#-44.0#2.6323110320117604#1
FFFF FFFF FFFF FFFF FFFF FFFF#1625197131568417#-61.5#3.227495577711389#1
0000 002A 2000 0000 0000 0000#1625197131570223#-45.5#2.662990647769473#1
0000 002B 2000 0000 0000 0000#1625197131572164#-47.5#2.8654761117703775#1
0000 0022 2000 0000 0000 0000#1625197131573656#-43.0#2.662990647769473#1
0000 0027 2000 0000 0000 0000#1625197131574705#-44.5#2.4605051837685683#1
0000 0024 2000 0000 0000 0000#1625197131575785#-42.0#2.2089323345553233#1
0000 001F 2000 0000 0000 0000#1625197131577485#-54.5#4.221515128261284#1
0000 0026 2000 0000 0000 0000#1625197131581662#-40.0#2.1905245651006955#1
FFFF FFFF FFFF FFFF FFFF FFFF#1625197131582971#-64.0#3.9822141253511245#1
0000 002B 2000 0000 0000 0000#1625197131584276#-47.5#2.890019804376548#1
0000 0023 2000 0000 0000 0000#1625197131585431#-43.0#2.411417798556228#1
0000 002C 2000 0000 0000 0000#1625197131586437#-49.0#3.3870295796514958#1
0000 001E 2000 0000 0000 0000#1625197131588229#-58.0#4.76147636559703#1
0000 002A 2000 0000 0000 0000#1625197131589613#-45.0#2.5893595699509624#1
0000 0028 2000 0000 0000 0000#1625197131590722#-44.0#2.5709518004963345#1
0000 0029 2000 0000 0000 0000#1625197131591760#-44.5#2.5341362615870793#1
0000 0025 2000 0000 0000 0000#1625197131593352#-42.5#2.3930100291016#1
0000 0024 2000 0000 0000 0000#1625197131595429#-42.5#2.1782527187976104#1
0000 0027 2000 0000 0000 0000#1625197131596762#-45.0#2.3930100291016#1
0000 0022 2000 0000 0000 0000#1625197131597847#-43.0#2.5954954931025047#1
0000 0021 2000 0000 0000 0000#1625197131598894#-45.5#2.705942109830271#1
0000 0020 2000 0000 0000 0000#1625197131602407#-48.5#2.859340188618835#1
3008 33B2 DDD9 0140 2018 0626#1625197131604348#-54.0#4.4976316700806995#1
0000 001F 2000 0000 0000 0000#1625197131605419#-55.0#4.166291819897402#1
0000 0023 2000 0000 0000 0000#1625197131868680#-44.5#1.859184714917397#1
FFFF FFFF FFFF FFFF FFFF FFFF#1625197131870720#-64.5#3.9638063558964967#1
0000 0024 2000 0000 0000 0000#1625197131872329#-44.5#1.5953400194010667#1
0000 0027 2000 0000 0000 0000#1625197131873449#-45.5#1.846912868614312#1
0000 0020 2000 0000 0000 0000#1625197131874484#-50.5#2.356194490192345#1
0000 0028 2000 0000 0000 0000#1625197131875506#-45.0#1.9634954084936207#1
0000 0025 2000 0000 0000 0000#1625197131877527#-44.0#1.8039614065535141#1
0000 0021 2000 0000 0000 0000#1625197131878601#-47.5#2.141437179888355#1
0000 001E 2000 0000 0000 0000#1625197131879877#-61.0#4.270602513473625#1
0000 002B 2000 0000 0000 0000#1625197131881178#-48.0#2.1659808724945253#1
0000 0029 2000 0000 0000 0000#1625197131882274#-45.5#1.9205439464328227#1
0000 002A 2000 0000 0000 0000#1625197131883307#-47.5#1.9389517158874505#1
0000 0026 2000 0000 0000 0000#1625197131884471#-42.5#1.5401167110371838#1
0000 002C 2000 0000 0000 0000#1625197131885493#-48.5#2.5709518004963345#1
0000 0022 2000 0000 0000 0000#1625197131886579#-45.0#2.0371264863121317#1
3008 33B2 DDD9 0140 2018 0626#1625197131888146#-55.0#4.706253057233147#1
0000 001F 2000 0000 0000 0000#1625197131890313#-57.0#3.54042765844006#1
0000 0025 2000 0000 0000 0000#1625197131895796#-44.0#1.7978254834019713#1
0000 001F 2000 0000 0000 0000#1625197131897735#-57.0#3.5588354278946874#1
0000 0024 2000 0000 0000 0000#1625197131898828#-44.5#1.5585244804918115#1
FFFF FFFF FFFF FFFF FFFF FFFF#1625197131899864#-64.5#3.933126740138784#1
0000 0020 2000 0000 0000 0000#1625197131900898#-51.0#2.3193789512830896#1
0000 002B 2000 0000 0000 0000#1625197131902234#-48.0#2.116893487282185#1
0000 0026 2000 0000 0000 0000#1625197131903371#-42.0#1.4971652489763858#1
0000 0023 2000 0000 0000 0000#1625197131904964#-44.5#1.748738098189631#1
0000 001E 2000 0000 0000 0000#1625197131906533#-61.5#4.221515128261284#1
0000 002C 2000 0000 0000 0000#1625197131908234#-49.0#2.552544031041707#1
3008 33B2 DDD9 0140 2018 0626#1625197131909328#-55.5#4.718524903536232#1
0000 0029 2000 0000 0000 0000#1625197131910369#-45.5#1.846912868614312#1
0000 0021 2000 0000 0000 0000#1625197131912520#-47.5#2.0923497946760143#1
0000 0028 2000 0000 0000 0000#1625197131913850#-45.0#1.8653206380689396#1
0000 0027 2000 0000 0000 0000#1625197131914899#-46.0#1.748738098189631#1
0000 0022 2000 0000 0000 0000#1625197131916283#-45.5#1.9573594853420782#1
0000 002A 2000 0000 0000 0000#1625197131918828#-47.5#1.8775924843720249#1
0000 002B 2000 0000 0000 0000#1625197132183055#-49.0#1.000155473701438#1
0000 0022 2000 0000 0000 0000#1625197132184155#-48.0#0.8528933180644165#1
0000 0023 2000 0000 0000 0000#1625197132185962#-47.0#0.5951845456996288#1
0000 0024 2000 0000 0000 0000#1625197132187054#-46.5#0.35588354278946877#1
0000 0028 2000 0000 0000 0000#1625197132189031#-47.5#0.7485826244881929#1
0000 002C 2000 0000 0000 0000#1625197132190324#-50.0#1.3314953238847365#1
FFFF FFFF FFFF FFFF FFFF FFFF#1625197132191375#-63.0#3.117048960983623#1
0000 0029 2000 0000 0000 0000#1625197132192400#-48.0#0.7179030087304801#1
0000 0026 2000 0000 0000 0000#1625197132193693#-44.5#0.28838838812250056#1
0000 001E 2000 0000 0000 0000#1625197132194770#-63.5#3.3379421944391554#1
0000 0027 2000 0000 0000 0000#1625197132195860#-48.0#0.619728238305799#1
0000 002A 2000 0000 0000 0000#1625197132198954#-48.0#0.7792622402459057#1
0000 0021 2000 0000 0000 0000#1625197132200095#-48.0#0.9694758579437253#1
0000 0025 2000 0000 0000 0000#1625197132201649#-46.5#0.5522330836388308#1
0000 0020 2000 0000 0000 0000#1625197132203566#-52.5#1.1780972450961724#1
0000 001F 2000 0000 0000 0000#1625197132206152#-58.0#2.073942025221387#1
3008 33B2 DDD9 0140 2018 0626#1625197132207477#-56.0#4.215379205109742#1
0000 0029 2000 0000 0000 0000#1625197132212284#-47.5#0.6565437772150544#1
0000 001E 2000 0000 0000 0000#1625197132214088#-64.0#3.356349963893783#1
0000 002C 2000 0000 0000 0000#1625197132215419#-49.5#1.3069516312785663#1
0000 002B 2000 0000 0000 0000#1625197132218430#-49.5#0.9081166264282996#1
0000 0027 2000 0000 0000 0000#1625197132219864#-48.0#0.5583690067903734#1
3008 33B2 DDD9 0140 2018 0626#1625197132221212#-56.0#4.2092432819582#1
0000 0025 2000 0000 0000 0000#1625197132222506#-46.5#0.48473792897186263#1
0000 0021 2000 0000 0000 0000#1625197132223582#-49.5#0.8835729338221293#1
0000 0022 2000 0000 0000 0000#1625197132224666#-48.5#0.7792622402459057#1
0000 0024 2000 0000 0000 0000#1625197132225774#-46.5#0.2454369260617026#1
0000 0023 2000 0000 0000 0000#1625197132226958#-47.5#0.4908738521234052#1
0000 0028 2000 0000 0000 0000#1625197132228268#-47.5#0.662679700366597#1
0000 0026 2000 0000 0000 0000#1625197132229737#-44.5#0.19634954084936207#1
0000 0020 2000 0000 0000 0000#1625197132231237#-52.0#1.1351457830353744#1
0000 002A 2000 0000 0000 0000#1625197132232241#-49.5#0.6688156235181395#1
0000 001F 2000 0000 0000 0000#1625197132233925#-58.0#2.073942025221387#1
FFFF FFFF FFFF FFFF FFFF FFFF#1625197132234958#-63.0#3.172272269347506#1
0000 001E 2000 0000 0000 0000#1625197132497638#-61.0#3.0495538063166547#1
0000 002C 2000 0000 0000 0000#1625197132498947#-50.0#1.1228739367322893#1
0000 0024 2000 0000 0000 0000#1625197132500495#-48.0#0.28225246497095796#1
0000 0026 2000 0000 0000 0000#1625197132501548#-45.5#0.20248546400090464#1
0000 0021 2000 0000 0000 0000#1625197132503346#-50.0#0.9572040116406401#1
0000 0028 2000 0000 0000 0000#1625197132504427#-48.0#0.607456392002714#1
0000 0025 2000 0000 0000 0000#1625197132505735#-47.5#0.521553467881118#1
0000 0020 2000 0000 0000 0000#1625197132506854#-52.5#1.1719613219446299#1
0000 0023 2000 0000 0000 0000#1625197132507937#-48.5#0.5645049299419159#1
0000 002A 2000 0000 0000 0000#1625197132508999#-50.0#0.7240389318820226#1
0000 001F 2000 0000 0000 0000#1625197132510052#-57.5#2.1353012567368124#1
0000 0022 2000 0000 0000 0000#1625197132511875#-49.5#0.7853981633974483#1
0000 0027 2000 0000 0000 0000#1625197132514148#-48.5#0.5276893910326605#1
3008 33B2 DDD9 0140 2018 0626#1625197132517115#-55.5#5.098952138931871#1
0000 002B 2000 0000 0000 0000#1625197132518667#-50.5#0.7792622402459057#1
0000 0029 2000 0000 0000 0000#1625197132521728#-49.0#0.5276893910326605#1
FFFF FFFF FFFF FFFF FFFF FFFF#1625197132523078#-62.5#4.123340357836604#1
0000 002C 2000 0000 0000 0000#1625197132528076#-50.0#1.043106935762236#1
FFFF FFFF FFFF FFFF FFFF FFFF#1625197132529625#-62.0#4.196971435655114#1
0000 0023 2000 0000 0000 0000#1625197132530706#-48.5#0.5154175447295755#1
0000 0029 2000 0000 0000 0000#1625197132532014#-49.0#0.5092816215780329#1
0000 0028 2000 0000 0000 0000#1625197132533797#-48.5#0.5522330836388308#1
0000 002B 2000 0000 0000 0000#1625197132534821#-50.5#0.7363107781851077#1
0000 0025 2000 0000 0000 0000#1625197132535902#-47.5#0.4479223900626072#1
0000 0020 2000 0000 0000 0000#1625197132538401#-52.5#1.1474176293384597#1
0000 0022 2000 0000 0000 0000#1625197132539442#-50.0#0.7424467013366504#1
0000 0021 2000 0000 0000 0000#1625197132541493#-50.5#0.8897088569736719#1
3008 33B2 DDD9 0140 2018 0626#1625197132542805#-55.0#5.074408446325701#1
0000 001E 2000 0000 0000 0000#1625197132544711#-61.0#2.9268353432858034#1
0000 0026 2000 0000 0000 0000#1625197132546876#-46.5#0.09817477042468103#1
0000 0024 2000 0000 0000 0000#1625197132549704#-48.5#0.17794177139473438#1
0000 002A 2000 0000 0000 0000#1625197132551245#-48.5#0.47860200582032003#1
0000 001F 2000 0000 0000 0000#1625197132552302#-57.5#2.055534255766759#1
0000 0027 2000 0000 0000 0000#1625197132553391#-48.5#0.4540583132141498#1
