0000 0025 2000 0000 0000 0000#1625389146501291#-64.0#5.589825991055276#1
0000 001A 2000 0000 0000 0000#1625389146502352#-55.0#2.8532042654672924#1
0000 0013 2000 0000 0000 0000#1625389146504402#-58.5#2.8654761117703775#1
0000 0015 2000 0000 0000 0000#1625389146505453#-56.0#5.295301679781233#1
0000 001B 2000 0000 0000 0000#1625389146506476#-59.0#3.160000423044421#1
0000 001D 2000 0000 0000 0000#1625389146507806#-57.5#4.779884135051658#1
0000 0022 2000 0000 0000 0000#1625389146509148#-48.5#1.043106935762236#1
0000 0011 2000 0000 0000 0000#1625389146510407#-59.5#3.356349963893783#1
0000 0014 2000 0000 0000 0000#1625389146511957#-60.5#6.227961998815704#1
0000 000F 2000 0000 0000 0000#1625389146513050#-65.0#5.878214379177777#1
0000 0028 2000 0000 0000 0000#1625389146514861#-69.5#3.4177091954092087#1
0000 0027 2000 0000 0000 0000#1625389146516436#-65.5#1.2333205534600555#1
0000 0012 2000 0000 0000 0000#1625389146517498#-53.5#2.9084275738311756#1
0000 002B 2000 0000 0000 0000#1625389146519311#-50.0#4.23378697456437#1
0000 002C 2000 0000 0000 0000#1625389146520800#-47.5#4.0128937411088375#1
0000 0024 2000 0000 0000 0000#1625389146522066#-61.5#0.7915340865489908#1
0000 0026 2000 0000 0000 0000#1625389146523359#-62.0#5.829126993965437#1
0C21 0537 8123 1003 2202 062F#1625389146524686#-68.0#4.516039439535327#1
0000 001E 2000 0000 0000 0000#1625389146527184#-51.5#3.5281558121369745#1
0000 0017 2000 0000 0000 0000#1625389146528264#-60.0#3.792000507653305#1
0000 0029 2000 0000 0000 0000#1625389146530720#-66.5#3.767456815047135#1
0000 0020 2000 0000 0000 0000#1625389146531783#-60.5#3.785864584501762#1
0000 002A 2000 0000 0000 0000#1625389146534426#-59.5#4.104932588381976#1
0000 0016 2000 0000 0000 0000#1625389146535777#-62.5#1.1474176293384597#1
0000 002C 2000 0000 0000 0000#1625389146541513#-47.5#4.031301510563465#1
0000 0028 2000 0000 0000 0000#1625389146542597#-70.0#3.184544115650591#1
0000 002A 2000 0000 0000 0000#1625389146543585#-59.5#4.0987966652304335#1
0000 001E 2000 0000 0000 0000#1625389146544664#-51.5#3.5158839658338894#1
0000 0025 2000 0000 0000 0000#1625389146545764#-64.0#5.595961914206819#1
0000 002B 2000 0000 0000 0000#1625389146546845#-49.5#4.25833066717054#1
0000 0022 2000 0000 0000 0000#1625389146547932#-48.5#1.0676506283684062#1
0000 0015 2000 0000 0000 0000#1625389146549709#-56.0#5.2768939103266055#1
0000 0014 2000 0000 0000 0000#1625389146551287#-60.5#6.252505691421874#1
0000 0011 2000 0000 0000 0000#1625389146552362#-59.5#3.3379421944391554#1
0000 0017 2000 0000 0000 0000#1625389146553413#-60.0#3.7981364308048478#1
0000 001A 2000 0000 0000 0000#1625389146555230#-55.0#2.859340188618835#1
0000 0012 2000 0000 0000 0000#1625389146556538#-53.5#2.9268353432858034#1
0000 001D 2000 0000 0000 0000#1625389146557569#-57.5#4.7860200582032#1
0000 0026 2000 0000 0000 0000#1625389146559360#-61.5#5.859806609723149#1
0000 0029 2000 0000 0000 0000#1625389146561584#-66.5#4.06811704947272#1
0000 001B 2000 0000 0000 0000#1625389146562704#-59.5#3.2029518851052186#1
0000 0024 2000 0000 0000 0000#1625389146563771#-61.5#0.803805932852076#1
0000 0013 2000 0000 0000 0000#1625389146564851#-58.5#2.8654761117703775#1
0000 0020 2000 0000 0000 0000#1625389146567091#-61.0#3.773592738198677#1
0C21 0537 8123 1003 2202 062F#1625389146568187#-68.0#4.571262747899211#1
0000 000F 2000 0000 0000 0000#1625389146569809#-65.0#5.939573610693203#1
0000 0016 2000 0000 0000 0000#1625389146571131#-62.5#1.1596894756415448#1
0000 0027 2000 0000 0000 0000#1625389146572403#-66.0#1.214912784005428#1
0000 002A 2000 0000 0000 0000#1625389146838046#-59.5#4.049709280018092#1
0C21 0537 8123 1003 2202 062F#1625389146840606#-67.0#4.289010282928253#1
0000 0023 2000 0000 0000 0000#1625389146841678#-58.5#0.9326603190344698#1
0000 0011 2000 0000 0000 0000#1625389146842751#-59.0#3.0372819600135696#1
0000 001E 2000 0000 0000 0000#1625389146844303#-52.0#3.3440781175906977#1
0000 002B 2000 0000 0000 0000#1625389146845395#-50.0#4.135612204139688#1
0000 0015 2000 0000 0000 0000#1625389146846733#-55.0#5.0682725231741586#1
0000 0020 2000 0000 0000 0000#1625389146847814#-61.5#3.6324665057131984#1
0000 002C 2000 0000 0000 0000#1625389146848865#-48.0#3.865631585471816#1
0000 001D 2000 0000 0000 0000#1625389146850439#-57.5#4.589670517353839#1
0000 0026 2000 0000 0000 0000#1625389146853119#-61.5#5.688000761479957#1
0000 0016 2000 0000 0000 0000#1625389146854438#-63.5#0.5706408530934585#1
0000 0012 2000 0000 0000 0000#1625389146855484#-53.0#2.6384469551633027#1
0000 0013 2000 0000 0000 0000#1625389146856496#-58.5#2.5709518004963345#1
0000 0017 2000 0000 0000 0000#1625389146857578#-58.5#3.3624858870453256#1
0000 001A 2000 0000 0000 0000#1625389146859404#-55.0#2.5157284921324514#1
0000 0022 2000 0000 0000 0000#1625389146860764#-49.5#0.8713010875190442#1
0000 0027 2000 0000 0000 0000#1625389146861853#-67.0#1.012427320004523#1
0000 001B 2000 0000 0000 0000#1625389146863002#-59.0#2.82252464970958#1
0000 0028 2000 0000 0000 0000#1625389146864838#-68.5#3.184544115650591#1
0000 0029 2000 0000 0000 0000#1625389146866388#-67.0#3.9269908169872414#1
0000 0014 2000 0000 0000 0000#1625389146867451#-60.0#5.939573610693203#1
0000 0025 2000 0000 0000 0000#1625389146871488#-64.0#5.436427912266712#1
0000 000F 2000 0000 0000 0000#1625389146872536#-66.0#5.546874528994478#1
0000 0024 2000 0000 0000 0000#1625389146873646#-61.0#0.5338253141842031#1
0000 002C 2000 0000 0000 0000#1625389146878723#-48.0#3.859495662320273#1
0000 0029 2000 0000 0000 0000#1625389146880509#-67.0#3.9085830475326135#1
0000 001A 2000 0000 0000 0000#1625389146881893#-54.5#2.5464081078901644#1
0000 0017 2000 0000 0000 0000#1625389146883193#-59.0#3.454524734318464#1
0000 000F 2000 0000 0000 0000#1625389146884955#-66.5#5.620505606812989#1
0000 0028 2000 0000 0000 0000#1625389146887045#-69.0#3.1231848841351653#1
0000 0022 2000 0000 0000 0000#1625389146888116#-49.5#0.8835729338221293#1
0000 0012 2000 0000 0000 0000#1625389146889250#-53.0#2.6139032625571326#1
0000 0015 2000 0000 0000 0000#1625389146890329#-55.0#5.0682725231741586#1
0000 0020 2000 0000 0000 0000#1625389146891392#-61.5#3.5895150436524004#1
0000 001B 2000 0000 0000 0000#1625389146893212#-59.0#2.9268353432858034#1
0000 002A 2000 0000 0000 0000#1625389146894305#-59.5#4.01902966426038#1
0000 0026 2000 0000 0000 0000#1625389146895367#-61.5#5.724816300389213#1
0C21 0537 8123 1003 2202 062F#1625389146896456#-68.5#4.3503695144436785#1
0000 0016 2000 0000 0000 0000#1625389146897548#-63.5#0.5399612373357456#1
0000 0027 2000 0000 0000 0000#1625389146899180#-66.5#1.012427320004523#1
0000 0011 2000 0000 0000 0000#1625389146900451#-59.0#3.0372819600135696#1
0000 001D 2000 0000 0000 0000#1625389146901527#-57.5#4.577398671050753#1
0000 0013 2000 0000 0000 0000#1625389146911816#-58.5#2.9084275738311756#1
0000 0014 2000 0000 0000 0000#1625389146912897#-60.5#0.02454369260617026#1
0000 0023 2000 0000 0000 0000#1625389146913968#-58.5#1.1596894756415448#1
0000 002B 2000 0000 0000 0000#1625389146915315#-49.5#4.454680208019902#1
0000 001E 2000 0000 0000 0000#1625389146916401#-51.5#3.6324665057131984#1
0000 0024 2000 0000 0000 0000#1625389146920609#-61.5#0.7853981633974483#1
0000 0025 2000 0000 0000 0000#1625389146922190#-64.0#5.780039608753096#1
0000 0023 2000 0000 0000 0000#1625389147183717#-59.0#0.6688156235181395#1
0000 002C 2000 0000 0000 0000#1625389147184797#-48.0#3.448388811166921#1
0000 0028 2000 0000 0000 0000#1625389147186801#-67.5#2.6568547246179306#1
0000 002B 2000 0000 0000 0000#1625389147188321#-50.0#3.6263305825616556#1
0000 002A 2000 0000 0000 0000#1625389147189638#-58.5#3.485204350076177#1
0C21 0537 8123 1003 2202 062F#1625389147190923#-67.5#3.2765829629237295#1
0000 0015 2000 0000 0000 0000#1625389147192000#-55.5#4.387185053352934#1
0000 0012 2000 0000 0000 0000#1625389147193794#-53.0#2.043262409463674#1
0000 0024 2000 0000 0000 0000#1625389147194859#-61.5#0.2699806186678728#1
0000 0014 2000 0000 0000 0000#1625389147196225#-60.5#5.283029833478148#1
0000 000F 2000 0000 0000 0000#1625389147197744#-64.5#4.792155981354743#1
0000 001D 2000 0000 0000 0000#1625389147198805#-58.0#3.9760782021995817#1
0000 0013 2000 0000 0000 0000#1625389147199858#-58.5#1.945087639038993#1
0000 001B 2000 0000 0000 0000#1625389147202160#-59.0#2.2457478734645786#1
0000 0022 2000 0000 0000 0000#1625389147203190#-49.5#0.5338253141842031#1
0000 0011 2000 0000 0000 0000#1625389147204643#-59.0#2.521864415283994#1
0000 0016 2000 0000 0000 0000#1625389147205649#-63.0#6.037748381117884#1
0000 001A 2000 0000 0000 0000#1625389147206711#-55.0#2.000310947402876#1
0000 0026 2000 0000 0000 0000#1625389147208567#-62.5#5.399612373357457#1
0000 0025 2000 0000 0000 0000#1625389147211037#-64.0#5.123495831538041#1
0000 0017 2000 0000 0000 0000#1625389147212145#-57.5#2.9513790358919736#1
0000 0027 2000 0000 0000 0000#1625389147213208#-66.5#0.6749515466696822#1
0000 001E 2000 0000 0000 0000#1625389147214745#-53.0#2.9636508821950587#1
0000 0029 2000 0000 0000 0000#1625389147216458#-66.0#3.2029518851052186#1
0000 002B 2000 0000 0000 0000#1625389147222265#-49.5#3.6263305825616556#1
0000 001D 2000 0000 0000 0000#1625389147223341#-58.0#3.933126740138784#1
0000 0024 2000 0000 0000 0000#1625389147225387#-61.5#0.3129320807286708#1
0000 0026 2000 0000 0000 0000#1625389147226469#-62.5#5.368932757599744#1
0000 000F 2000 0000 0000 0000#1625389147227516#-64.5#4.865787059173254#1
0C21 0537 8123 1003 2202 062F#1625389147228571#-67.0#3.3870295796514958#1
0000 001B 2000 0000 0000 0000#1625389147229666#-59.0#2.2150682577068657#1
0000 0015 2000 0000 0000 0000#1625389147232180#-56.0#4.411728745959104#1
0000 0014 2000 0000 0000 0000#1625389147233703#-60.0#5.332117218690489#1
0000 001A 2000 0000 0000 0000#1625389147234778#-55.0#2.0064468705544187#1
0000 002A 2000 0000 0000 0000#1625389147235836#-58.5#3.442252888015379#1
0000 0012 2000 0000 0000 0000#1625389147237598#-53.0#2.067806102069844#1
0000 001E 2000 0000 0000 0000#1625389147238694#-52.5#2.9759227284981438#1
0000 0022 2000 0000 0000 0000#1625389147239997#-49.5#0.5645049299419159#1
0000 002C 2000 0000 0000 0000#1625389147241048#-48.0#3.4606606574700063#1
0000 0025 2000 0000 0000 0000#1625389147242969#-64.5#5.178719139901925#1
0000 0011 2000 0000 0000 0000#1625389147243987#-59.0#2.5709518004963345#1
0000 0029 2000 0000 0000 0000#1625389147246142#-66.0#3.2643111166206444#1
0000 0027 2000 0000 0000 0000#1625389147247475#-66.0#0.9694758579437253#1
0000 0028 2000 0000 0000 0000#1625389147248823#-67.0#2.6813984172241008#1
0000 0016 2000 0000 0000 0000#1625389147250375#-63.5#6.086835766330224#1
0000 0013 2000 0000 0000 0000#1625389147253482#-58.5#1.9389517158874505#1
0000 0017 2000 0000 0000 0000#1625389147254517#-57.5#2.9636508821950587#1
0000 002C 2000 0000 0000 0000#1625389147523628#-48.0#3.6386024288647407#1
0000 002B 2000 0000 0000 0000#1625389147524930#-50.0#3.792000507653305#1
0000 0022 2000 0000 0000 0000#1625389147526760#-49.5#0.7240389318820226#1
0000 001A 2000 0000 0000 0000#1625389147527836#-56.0#2.2212041808584084#1
0000 001B 2000 0000 0000 0000#1625389147530024#-59.5#2.478912953223196#1
0000 0024 2000 0000 0000 0000#1625389147531375#-61.0#0.4049709280018093#1
0000 001E 2000 0000 0000 0000#1625389147532457#-52.5#3.1661363461959633#1
0000 0020 2000 0000 0000 0000#1625389147534506#-62.0#3.4606606574700063#1
0C21 0537 8123 1003 2202 062F#1625389147535875#-67.5#3.8288160465625602#1
0000 0025 2000 0000 0000 0000#1625389147537675#-64.5#5.344389064993574#1
0000 0011 2000 0000 0000 0000#1625389147538751#-59.5#2.834796496012665#1
0000 0013 2000 0000 0000 0000#1625389147540033#-59.0#2.1475731030398975#1
0000 0027 2000 0000 0000 0000#1625389147541317#-65.5#0.9817477042468103#1
0000 000F 2000 0000 0000 0000#1625389147542370#-64.0#5.092816215780329#1
0000 0029 2000 0000 0000 0000#1625389147544357#-66.0#3.2765829629237295#1
0000 002A 2000 0000 0000 0000#1625389147545944#-58.0#3.6017868899554855#1
0000 0017 2000 0000 0000 0000#1625389147546979#-58.0#3.2459033471660166#1
0000 0015 2000 0000 0000 0000#1625389147549061#-57.0#4.663301595172349#1
0000 001D 2000 0000 0000 0000#1625389147550137#-58.0#4.239922897715912#1
0000 0012 2000 0000 0000 0000#1625389147551453#-54.0#2.3193789512830896#1
0000 0016 2000 0000 0000 0000#1625389147552777#-64.0#6.22182607566416#1
0000 0026 2000 0000 0000 0000#1625389147553954#-62.0#5.565282298449106#1
0000 0014 2000 0000 0000 0000#1625389147555023#-61.0#5.565282298449106#1
0000 0028 2000 0000 0000 0000#1625389147557312#-67.5#3.0802334220743677#1
0000 0013 2000 0000 0000 0000#1625389147562892#-59.5#2.2027964114037806#1
0000 0012 2000 0000 0000 0000#1625389147565302#-54.5#2.3071071049800045#1
0000 0024 2000 0000 0000 0000#1625389147566354#-61.5#0.380427235395639#1
0000 0022 2000 0000 0000 0000#1625389147567369#-49.5#0.7179030087304801#1
0000 002C 2000 0000 0000 0000#1625389147569167#-48.0#3.6324665057131984#1
0000 0015 2000 0000 0000 0000#1625389147570260#-57.5#4.675573441475434#1
0000 001E 2000 0000 0000 0000#1625389147571359#-52.5#3.184544115650591#1
0000 002A 2000 0000 0000 0000#1625389147572649#-58.5#3.5956509668039427#1
0000 002B 2000 0000 0000 0000#1625389147573715#-50.0#3.77972866135022#1
0000 001A 2000 0000 0000 0000#1625389147574805#-56.0#2.2764274892222915#1
0000 0025 2000 0000 0000 0000#1625389147576146#-64.5#5.344389064993574#1
0000 000F 2000 0000 0000 0000#1625389147577839#-63.5#5.086680292628786#1
0000 0014 2000 0000 0000 0000#1625389147580057#-61.0#5.589825991055276#1
0000 0011 2000 0000 0000 0000#1625389147581609#-58.0#2.8102528034064944#1
0000 0020 2000 0000 0000 0000#1625389147582936#-61.5#3.479068426924634#1
0000 001B 2000 0000 0000 0000#1625389147584027#-60.0#2.478912953223196#1
0000 001D 2000 0000 0000 0000#1625389147585089#-58.5#4.23378697456437#1
0000 0028 2000 0000 0000 0000#1625389147586140#-66.5#2.791845033951867#1
0C21 0537 8123 1003 2202 062F#1625389147588389#-66.5#3.6815538909255388#1
0000 0029 2000 0000 0000 0000#1625389147590097#-65.5#3.3440781175906977#1
0000 0027 2000 0000 0000 0000#1625389147591399#-65.5#0.9940195505498954#1
0000 0016 2000 0000 0000 0000#1625389147592647#-64.5#6.2463697682703305#1
0000 0026 2000 0000 0000 0000#1625389147593798#-62.5#5.589825991055276#1
0000 0017 2000 0000 0000 0000#1625389147594861#-58.0#3.2090878082567613#1
0000 001E 2000 0000 0000 0000#1625389147859243#-51.5#3.6447383520162835#1
0000 0029 2000 0000 0000 0000#1625389147860337#-66.0#3.80427235395639#1
0000 0025 2000 0000 0000 0000#1625389147862162#-64.5#5.7616318392984684#1
0000 002B 2000 0000 0000 0000#1625389147864166#-50.0#4.246058820867455#1
0000 0026 2000 0000 0000 0000#1625389147865961#-61.5#5.957981380147831#1
0000 0022 2000 0000 0000 0000#1625389147867063#-48.5#1.1167380135807468#1
0000 0015 2000 0000 0000 0000#1625389147868400#-57.0#5.178719139901925#1
0000 002A 2000 0000 0000 0000#1625389147869972#-58.5#4.104932588381976#1
0000 0017 2000 0000 0000 0000#1625389147871036#-58.5#3.724505352986337#1
0000 0016 2000 0000 0000 0000#1625389147872099#-65.0#0.662679700366597#1
0000 002C 2000 0000 0000 0000#1625389147873393#-47.5#4.086524818927348#1
0000 0020 2000 0000 0000 0000#1625389147874474#-61.0#3.865631585471816#1
0000 0012 2000 0000 0000 0000#1625389147875992#-54.5#2.8532042654672924#1
0000 0027 2000 0000 0000 0000#1625389147877025#-65.5#1.3437671701878218#1
0000 0028 2000 0000 0000 0000#1625389147878414#-69.0#3.313398501832985#1
0000 001A 2000 0000 0000 0000#1625389147881057#-56.0#2.8286605728611223#1
0000 0013 2000 0000 0000 0000#1625389147882094#-59.0#2.791845033951867#1
0000 0011 2000 0000 0000 0000#1625389147883172#-60.5#3.3870295796514958#1
0000 0014 2000 0000 0000 0000#1625389147884240#-62.0#6.17273869045182#1
0000 0024 2000 0000 0000 0000#1625389147885306#-61.5#0.8160777791551611#1
0000 001D 2000 0000 0000 0000#1625389147886595#-59.5#4.804427827657828#1
0C21 0537 8123 1003 2202 062F#1625389147888709#-66.5#4.651029748869264#1
0000 001B 2000 0000 0000 0000#1625389147889774#-60.5#3.129320807286708#1
0000 000F 2000 0000 0000 0000#1625389147890853#-64.5#5.780039608753096#1
0000 0029 2000 0000 0000 0000#1625389147897521#-66.5#3.706097583531709#1
0000 0016 2000 0000 0000 0000#1625389147899316#-65.0#0.6810874698212247#1
0000 0026 2000 0000 0000 0000#1625389147900395#-61.5#5.9518454569962875#1
0000 002C 2000 0000 0000 0000#1625389147901690#-47.5#4.086524818927348#1
0000 0024 2000 0000 0000 0000#1625389147902755#-61.5#0.8160777791551611#1
0C21 0537 8123 1003 2202 062F#1625389147904084#-67.0#4.663301595172349#1
0000 0022 2000 0000 0000 0000#1625389147905183#-48.5#1.086058397823034#1
0000 0017 2000 0000 0000 0000#1625389147906959#-58.5#3.77972866135022#1
0000 000F 2000 0000 0000 0000#1625389147909488#-64.5#5.780039608753096#1
0000 001A 2000 0000 0000 0000#1625389147910521#-56.0#2.8409324191642074#1
0000 002B 2000 0000 0000 0000#1625389147911799#-49.5#4.25833066717054#1
0000 0028 2000 0000 0000 0000#1625389147912853#-68.5#3.32567034813607#1
0000 0011 2000 0000 0000 0000#1625389147914141#-60.0#3.393165502803038#1
0000 0014 2000 0000 0000 0000#1625389147916369#-62.0#6.191146459906448#1
0000 0015 2000 0000 0000 0000#1625389147917405#-57.0#5.197126909356553#1
0000 002A 2000 0000 0000 0000#1625389147918466#-59.0#4.111068511533518#1
0000 001D 2000 0000 0000 0000#1625389147919526#-59.5#4.767612288748572#1
0000 001B 2000 0000 0000 0000#1625389147920590#-60.0#3.104777114680538#1
0000 0013 2000 0000 0000 0000#1625389147922898#-59.0#2.791845033951867#1
0000 001E 2000 0000 0000 0000#1625389147933030#-51.5#3.497476196379262#1
0000 0012 2000 0000 0000 0000#1625389147935236#-54.5#2.6813984172241008#1
0000 0023 2000 0000 0000 0000#1625389147936567#-58.5#1.0492428589137786#1
0000 0027 2000 0000 0000 0000#1625389147937699#-65.0#1.1965050145508#1
0000 0020 2000 0000 0000 0000#1625389147939530#-60.5#3.736777199289422#1
0000 0025 2000 0000 0000 0000#1625389147941072#-64.5#5.663457068873787#1
0000 002C 2000 0000 0000 0000#1625389148202823#-47.5#4.252194744018997#1
0000 001E 2000 0000 0000 0000#1625389148204558#-51.5#3.792000507653305#1
0000 0026 2000 0000 0000 0000#1625389148205614#-62.0#6.111379458936394#1
0000 0025 2000 0000 0000 0000#1625389148209370#-64.5#5.890486225480862#1
0000 0012 2000 0000 0000 0000#1625389148210448#-55.0#3.0802334220743677#1
0000 002B 2000 0000 0000 0000#1625389148211515#-49.5#4.417864669110647#1
0000 0016 2000 0000 0000 0000#1625389148213293#-64.5#0.944932165337555#1
0000 001D 2000 0000 0000 0000#1625389148214642#-59.5#4.945554060143307#1
0000 0011 2000 0000 0000 0000#1625389148215689#-60.5#3.6447383520162835#1
0000 0023 2000 0000 0000 0000#1625389148216734#-58.5#1.2578642460662257#1
0000 0015 2000 0000 0000 0000#1625389148217755#-58.0#5.436427912266712#1
0000 0022 2000 0000 0000 0000#1625389148218799#-48.5#1.214912784005428#1
0000 0024 2000 0000 0000 0000#1625389148220300#-61.0#0.9203884727313847#1
0000 001A 2000 0000 0000 0000#1625389148221333#-57.0#3.06182565261974#1
0000 002A 2000 0000 0000 0000#1625389148222394#-59.0#4.25833066717054#1
0000 0013 2000 0000 0000 0000#1625389148223745#-60.0#3.0250101137104846#1
0000 0020 2000 0000 0000 0000#1625389148224796#-60.0#4.037437433715008#1
0000 001B 2000 0000 0000 0000#1625389148226137#-59.5#3.313398501832985#1
0000 0014 2000 0000 0000 0000#1625389148227585#-62.0#0.22089323345553233#1
0000 0017 2000 0000 0000 0000#1625389148228693#-58.5#4.0558452031696355#1
0000 000F 2000 0000 0000 0000#1625389148230465#-64.0#6.025476534814799#1
0000 0027 2000 0000 0000 0000#1625389148231652#-65.5#1.4358060174609601#1
0000 0018 2000 0000 0000 0000#1625389148232744#-66.0#5.608233760509904#1
0C21 0537 8123 1003 2202 062F#1625389148235608#-66.5#4.963961829597935#1
0000 0029 2000 0000 0000 0000#1625389148236691#-66.0#4.09266074207889#1
0000 0025 2000 0000 0000 0000#1625389148241025#-64.5#5.957981380147831#1
0000 0024 2000 0000 0000 0000#1625389148242076#-61.5#0.9265243958829272#1
0000 0014 2000 0000 0000 0000#1625389148243176#-62.0#0.1595340019401067#1
0000 0015 2000 0000 0000 0000#1625389148244255#-58.0#5.405748296509#1
0000 000F 2000 0000 0000 0000#1625389148245564#-64.0#5.939573610693203#1
0000 0016 2000 0000 0000 0000#1625389148246823#-64.0#0.8897088569736719#1
0000 002B 2000 0000 0000 0000#1625389148247864#-50.0#4.424000592262189#1
0000 001A 2000 0000 0000 0000#1625389148249865#-57.0#3.0802334220743677#1
0000 0020 2000 0000 0000 0000#1625389148251143#-60.0#4.031301510563465#1
0000 0012 2000 0000 0000 0000#1625389148252206#-55.5#3.074097498922825#1
0C21 0537 8123 1003 2202 062F#1625389148253506#-66.5#4.97623367590102#1
0000 001D 2000 0000 0000 0000#1625389148254806#-59.5#4.988505522204105#1
0000 002A 2000 0000 0000 0000#1625389148256094#-59.0#4.190835512503572#1
0000 0018 2000 0000 0000 0000#1625389148257903#-66.5#5.595961914206819#1
0000 0022 2000 0000 0000 0000#1625389148259008#-48.5#1.2087768608538851#1
0000 002C 2000 0000 0000 0000#1625389148260328#-47.5#4.239922897715912#1
0000 0027 2000 0000 0000 0000#1625389148261403#-65.5#1.4664856332186729#1
0000 0028 2000 0000 0000 0000#1625389148262556#-69.0#3.3440781175906977#1
0000 0026 2000 0000 0000 0000#1625389148263590#-62.0#6.166602767300278#1
0000 001E 2000 0000 0000 0000#1625389148264871#-52.0#3.7981364308048478#1
0000 0013 2000 0000 0000 0000#1625389148265924#-59.5#3.067961575771282#1
0000 001B 2000 0000 0000 0000#1625389148267517#-59.5#3.3440781175906977#1
0000 0029 2000 0000 0000 0000#1625389148269833#-66.0#4.031301510563465#1
0000 0017 2000 0000 0000 0000#1625389148271549#-58.5#4.04357335686655#1
0000 0011 2000 0000 0000 0000#1625389148273694#-60.5#3.6754179677739964#1
0000 002A 2000 0000 0000 0000#1625389148544859#-58.5#3.9944859716542096#1
0000 0028 2000 0000 0000 0000#1625389148546180#-66.0#3.4606606574700063#1
0000 0026 2000 0000 0000 0000#1625389148547992#-62.0#5.9518454569962875#1
0000 0020 2000 0000 0000 0000#1625389148549847#-60.5#3.749049045592507#1
0000 0018 2000 0000 0000 0000#1625389148551152#-65.5#5.019185137961818#1
0000 0014 2000 0000 0000 0000#1625389148552246#-61.5#5.780039608753096#1
0000 001B 2000 0000 0000 0000#1625389148554023#-60.5#2.816388726558037#1
0000 0027 2000 0000 0000 0000#1625389148555598#-66.5#1.4971652489763858#1
0000 0016 2000 0000 0000 0000#1625389148556888#-64.5#0.3436116964863836#1
0000 0029 2000 0000 0000 0000#1625389148557940#-64.5#3.77972866135022#1
0000 001E 2000 0000 0000 0000#1625389148559235#-51.5#3.485204350076177#1
0000 0012 2000 0000 0000 0000#1625389148560270#-55.0#2.5832236467994196#1
0000 0017 2000 0000 0000 0000#1625389148561574#-58.0#3.454524734318464#1
0000 0015 2000 0000 0000 0000#1625389148562612#-57.5#4.963961829597935#1
0000 002C 2000 0000 0000 0000#1625389148563920#-48.0#4.006757817957295#1
0000 002B 2000 0000 0000 0000#1625389148565073#-49.5#4.190835512503572#1
0000 001A 2000 0000 0000 0000#1625389148566090#-56.5#2.552544031041707#1
0000 0024 2000 0000 0000 0000#1625389148567172#-60.5#0.7915340865489908#1
0000 001D 2000 0000 0000 0000#1625389148568713#-59.0#4.516039439535327#1
0000 0022 2000 0000 0000 0000#1625389148570072#-48.5#0.9756117810952678#1
0000 0011 2000 0000 0000 0000#1625389148571136#-61.5#3.1784081924990484#1
0000 0013 2000 0000 0000 0000#1625389148572186#-60.0#2.521864415283994#1
0000 0025 2000 0000 0000 0000#1625389148573954#-65.0#5.841398840268521#1
0C21 0537 8123 1003 2202 062F#1625389148575881#-66.5#3.9760782021995817#1
0000 000F 2000 0000 0000 0000#1625389148577158#-63.5#5.307573526084319#1
0000 0012 2000 0000 0000 0000#1625389148583890#-55.0#2.6445828783148455#1
0000 0013 2000 0000 0000 0000#1625389148584916#-60.0#2.552544031041707#1
0C21 0537 8123 1003 2202 062F#1625389148586032#-66.5#4.184699589352029#1
0000 0015 2000 0000 0000 0000#1625389148588036#-57.5#4.95168998329485#1
0000 002C 2000 0000 0000 0000#1625389148589132#-47.5#4.0987966652304335#1
0000 001A 2000 0000 0000 0000#1625389148590535#-55.0#2.5893595699509624#1
0000 0018 2000 0000 0000 0000#1625389148592099#-65.5#5.105088062083414#1
0000 0022 2000 0000 0000 0000#1625389148594685#-48.5#1.0676506283684062#1
0000 002B 2000 0000 0000 0000#1625389148595964#-49.0#4.264466590322082#1
0000 0024 2000 0000 0000 0000#1625389148597749#-60.5#0.9265243958829272#1
0000 0017 2000 0000 0000 0000#1625389148598826#-58.0#3.454524734318464#1
0000 0027 2000 0000 0000 0000#1625389148600119#-66.5#1.8530487917658545#1
0000 001E 2000 0000 0000 0000#1625389148601197#-51.5#3.6570101983193686#1
0000 001D 2000 0000 0000 0000#1625389148602715#-59.0#4.503767593232243#1
0000 0011 2000 0000 0000 0000#1625389148603890#-61.5#3.117048960983623#1
0000 0029 2000 0000 0000 0000#1625389148605171#-64.0#3.9453985864418692#1
0000 0016 2000 0000 0000 0000#1625389148606250#-64.5#0.25770877236478773#1
0000 002A 2000 0000 0000 0000#1625389148607822#-57.0#4.1417481272912315#1
0000 001B 2000 0000 0000 0000#1625389148608888#-60.5#2.9268353432858034#1
0000 0026 2000 0000 0000 0000#1625389148609939#-62.5#6.264777537724958#1
0000 0014 2000 0000 0000 0000#1625389148611003#-61.5#5.829126993965437#1
0000 0028 2000 0000 0000 0000#1625389148612099#-65.5#3.6263305825616556#1
0000 0020 2000 0000 0000 0000#1625389148613413#-60.0#4.01902966426038#1
0000 0025 2000 0000 0000 0000#1625389148615294#-65.0#5.927301764390117#1
0000 000F 2000 0000 0000 0000#1625389148616868#-63.5#5.332117218690489#1
0000 0015 2000 0000 0000 0000#1625389148883192#-57.5#4.878058905476339#1
0000 0013 2000 0000 0000 0000#1625389148884514#-60.5#2.435961491162398#1
0000 0029 2000 0000 0000 0000#1625389148885802#-60.5#4.0987966652304335#1
0000 0022 2000 0000 0000 0000#1625389148887601#-48.5#2.1046216409791#1
0000 0018 2000 0000 0000 0000#1625389148888646#-64.5#5.019185137961818#1
0000 0028 2000 0000 0000 0000#1625389148889642#-61.5#4.09266074207889#1
0C21 0537 8123 1003 2202 062F#1625389148891246#-65.0#3.5281558121369745#1
0000 0016 2000 0000 0000 0000#1625389148892267#-64.5#6.2463697682703305#1
0000 002C 2000 0000 0000 0000#1625389148893374#-46.5#4.884194828627882#1
0000 002B 2000 0000 0000 0000#1625389148894670#-47.0#4.853515212870168#1
0000 000F 2000 0000 0000 0000#1625389148896207#-62.5#5.148039524144211#1
0000 001E 2000 0000 0000 0000#1625389148897516#-51.5#4.571262747899211#1
0000 002A 2000 0000 0000 0000#1625389148899007#-54.5#4.442408361716817#1
0000 0026 2000 0000 0000 0000#1625389148900329#-60.5#1.1719613219446299#1
0000 001B 2000 0000 0000 0000#1625389148901859#-60.5#2.8409324191642074#1
0000 001A 2000 0000 0000 0000#1625389148903594#-56.5#2.509592568980909#1
0000 0027 2000 0000 0000 0000#1625389148904857#-60.5#3.184544115650591#1
0000 001D 2000 0000 0000 0000#1625389148905929#-58.5#4.466952054322987#1
0000 0012 2000 0000 0000 0000#1625389148907006#-55.0#2.5341362615870793#1
0000 0017 2000 0000 0000 0000#1625389148908085#-59.0#3.1784081924990484#1
0000 0011 2000 0000 0000 0000#1625389148909188#-61.5#2.8532042654672924#1
0000 0020 2000 0000 0000 0000#1625389148911009#-61.5#4.718524903536232#1
0000 0014 2000 0000 0000 0000#1625389148912574#-61.0#5.638913376267617#1
0000 0024 2000 0000 0000 0000#1625389148913598#-59.0#2.098485717827557#1
0000 0025 2000 0000 0000 0000#1625389148914995#-65.0#0.8651651643675016#1
0000 0017 2000 0000 0000 0000#1625389148921253#-59.0#3.184544115650591#1
0000 001D 2000 0000 0000 0000#1625389148922605#-58.5#4.546719055293041#1
0000 0011 2000 0000 0000 0000#1625389148923894#-61.5#2.8838838812250054#1
0000 0012 2000 0000 0000 0000#1625389148925224#-55.5#2.5341362615870793#1
0000 0014 2000 0000 0000 0000#1625389148927082#-61.0#5.595961914206819#1
0000 0022 2000 0000 0000 0000#1625389148929621#-48.5#2.227340104009951#1
0000 0026 2000 0000 0000 0000#1625389148930630#-60.5#1.2640001692177683#1
0000 0029 2000 0000 0000 0000#1625389148931654#-60.0#4.1172044346850605#1
0000 002A 2000 0000 0000 0000#1625389148934482#-54.5#4.473087977474529#1
0000 002C 2000 0000 0000 0000#1625389148935548#-46.5#4.970097752749477#1
0000 0016 2000 0000 0000 0000#1625389148936626#-64.0#0.09203884727313846#1
0000 0015 2000 0000 0000 0000#1625389148937719#-57.5#4.921010367537137#1
0000 001A 2000 0000 0000 0000#1625389148947979#-57.5#3.172272269347506#1
0000 001E 2000 0000 0000 0000#1625389148949291#-51.0#5.080544369477243#1
0000 0018 2000 0000 0000 0000#1625389148950382#-66.0#5.583690067903734#1
0000 0025 2000 0000 0000 0000#1625389148951437#-64.5#1.423534171157875#1
0000 0027 2000 0000 0000 0000#1625389148952981#-60.0#3.6263305825616556#1
0000 0024 2000 0000 0000 0000#1625389148954018#-59.5#2.564815877344792#1
0000 0020 2000 0000 0000 0000#1625389148955284#-61.5#5.190990986205009#1
0C21 0537 8123 1003 2202 062F#1625389148956627#-64.5#4.424000592262189#1
0000 0013 2000 0000 0000 0000#1625389148957696#-61.0#3.000466421104314#1
0000 002B 2000 0000 0000 0000#1625389148958807#-47.0#5.405748296509#1
0000 0028 2000 0000 0000 0000#1625389148960683#-61.5#4.522175362686871#1
0000 000F 2000 0000 0000 0000#1625389148961707#-63.5#5.982525072754001#1
0000 001B 2000 0000 0000 0000#1625389148962998#-61.0#3.5465635815916023#1
0000 0023 2000 0000 0000 0000#1625389148964327#-58.5#2.816388726558037#1
0000 0013 2000 0000 0000 0000#1625389149228237#-60.5#2.7550294950426117#1
0000 001B 2000 0000 0000 0000#1625389149229813#-61.0#3.2459033471660166#1
0000 002C 2000 0000 0000 0000#1625389149230818#-47.5#5.976389149602458#1
0000 0028 2000 0000 0000 0000#1625389149232099#-59.0#4.362641360746763#1
0000 0015 2000 0000 0000 0000#1625389149233193#-58.0#5.3198453723874035#1
0000 0012 2000 0000 0000 0000#1625389149234251#-55.0#2.8654761117703775#1
0000 002A 2000 0000 0000 0000#1625389149235556#-54.0#4.7860200582032#1
0000 0023 2000 0000 0000 0000#1625389149236603#-56.5#3.6201946594101133#1
0000 0017 2000 0000 0000 0000#1625389149238656#-60.0#3.3624858870453256#1
0000 0022 2000 0000 0000 0000#1625389149239985#-47.5#3.5342917352885173#1
0000 0025 2000 0000 0000 0000#1625389149241055#-62.0#2.1046216409791#1
0000 0026 2000 0000 0000 0000#1625389149242149#-58.0#2.3316507975861747#1
0000 002B 2000 0000 0000 0000#1625389149243474#-47.0#5.638913376267617#1
0000 001E 2000 0000 0000 0000#1625389149244556#-52.5#5.675728915176872#1
0000 0011 2000 0000 0000 0000#1625389149245682#-59.5#3.2090878082567613#1
0000 0027 2000 0000 0000 0000#1625389149247002#-56.0#3.8963112012295285#1
0000 000F 2000 0000 0000 0000#1625389149248068#-64.5#5.737088146692298#1
0000 0029 2000 0000 0000 0000#1625389149249149#-58.0#4.276738436625168#1
0000 001D 2000 0000 0000 0000#1625389149251098#-59.0#4.988505522204105#1
0000 001A 2000 0000 0000 0000#1625389149252103#-57.0#2.9022916506796332#1
0000 0018 2000 0000 0000 0000#1625389149253846#-66.0#5.497787143782138#1
0000 0024 2000 0000 0000 0000#1625389149254913#-58.0#3.2397674240144743#1
0000 0016 2000 0000 0000 0000#1625389149258084#-64.5#0.5276893910326605#1
0000 0014 2000 0000 0000 0000#1625389149259421#-61.0#6.1850105367549055#1
0C21 0537 8123 1003 2202 062F#1625389149261478#-63.5#4.411728745959104#1
0000 002B 2000 0000 0000 0000#1625389149267346#-47.0#5.681864838328415#1
0000 0015 2000 0000 0000 0000#1625389149269510#-58.0#5.375068680751287#1
0000 0025 2000 0000 0000 0000#1625389149270509#-61.5#2.184388641949153#1
0000 002C 2000 0000 0000 0000#1625389149271560#-48.0#6.105243535784852#1
0000 0014 2000 0000 0000 0000#1625389149272557#-61.0#6.1850105367549055#1
0000 0027 2000 0000 0000 0000#1625389149273633#-56.0#4.01902966426038#1
0000 0016 2000 0000 0000 0000#1625389149274680#-64.5#0.5767767762450011#1
0000 0024 2000 0000 0000 0000#1625389149275704#-58.0#3.32567034813607#1
0000 0028 2000 0000 0000 0000#1625389149277585#-58.0#4.3933209765044765#1
0000 002A 2000 0000 0000 0000#1625389149278861#-54.0#4.853515212870168#1
0000 0022 2000 0000 0000 0000#1625389149279876#-47.5#3.6570101983193686#1
0000 0026 2000 0000 0000 0000#1625389149281164#-58.0#2.423689644859313#1
0000 0029 2000 0000 0000 0000#1625389149283057#-57.5#4.295146206079795#1
0000 001E 2000 0000 0000 0000#1625389149285223#-53.0#5.8475347634200645#1
0C21 0537 8123 1003 2202 062F#1625389149286296#-63.5#4.528311285838413#1
0000 000F 2000 0000 0000 0000#1625389149287359#-64.5#5.626641529964532#1
0000 001A 2000 0000 0000 0000#1625389149288420#-56.5#2.8716120349219203#1
0000 0017 2000 0000 0000 0000#1625389149289711#-60.0#3.1968159619536762#1
0000 0013 2000 0000 0000 0000#1625389149290739#-60.5#2.7550294950426117#1
0000 001D 2000 0000 0000 0000#1625389149291782#-59.0#5.074408446325701#1
0000 0012 2000 0000 0000 0000#1625389149293329#-55.0#2.834796496012665#1
0000 0011 2000 0000 0000 0000#1625389149294645#-60.5#3.104777114680538#1
0000 001B 2000 0000 0000 0000#1625389149295652#-61.0#3.3379421944391554#1
0000 0018 2000 0000 0000 0000#1625389149298425#-66.0#5.381204603902829#1
0000 0015 2000 0000 0000 0000#1625389149562462#-58.0#4.902602598082509#1
0000 0025 2000 0000 0000 0000#1625389149565576#-58.5#2.386874105950058#1
0000 0012 2000 0000 0000 0000#1625389149566682#-55.0#2.380738182798515#1
0000 0022 2000 0000 0000 0000#1625389149568826#-45.0#4.135612204139688#1
0000 002B 2000 0000 0000 0000#1625389149569878#-49.0#6.270913460876501#1
0000 002A 2000 0000 0000 0000#1625389149571908#-57.5#4.908738521234052#1
0000 002C 2000 0000 0000 0000#1625389149572959#-47.5#1.043106935762236#1
0000 0027 2000 0000 0000 0000#1625389149574064#-56.5#3.77972866135022#1
0000 0026 2000 0000 0000 0000#1625389149575114#-56.0#2.429825568010856#1
0000 001D 2000 0000 0000 0000#1625389149576626#-60.0#4.503767593232243#1
0000 0011 2000 0000 0000 0000#1625389149577946#-59.0#2.6691265709210157#1
0000 001A 2000 0000 0000 0000#1625389149579279#-56.0#2.3930100291016#1
0000 0024 2000 0000 0000 0000#1625389149580345#-58.0#3.3624858870453256#1
0000 0016 2000 0000 0000 0000#1625389149581908#-64.5#6.080699843178682#1
0C21 0537 8123 1003 2202 062F#1625389149583265#-65.0#3.3870295796514958#1
0000 0013 2000 0000 0000 0000#1625389149584346#-60.0#2.4605051837685683#1
0000 001E 2000 0000 0000 0000#1625389149586353#-52.5#0.7853981633974483#1
0000 0029 2000 0000 0000 0000#1625389149587421#-60.5#4.037437433715008#1
0000 000F 2000 0000 0000 0000#1625389149588500#-64.0#5.006913291658733#1
0000 0018 2000 0000 0000 0000#1625389149591260#-66.5#4.921010367537137#1
0000 0014 2000 0000 0000 0000#1625389149594062#-61.5#5.681864838328415#1
0000 001B 2000 0000 0000 0000#1625389149595387#-60.5#2.773437264497239#1
0000 0017 2000 0000 0000 0000#1625389149597176#-57.5#2.5034566458293663#1
0000 0028 2000 0000 0000 0000#1625389149598566#-60.0#4.2092432819582#1
0000 0012 2000 0000 0000 0000#1625389149604185#-55.0#2.442097414313941#1
0000 001A 2000 0000 0000 0000#1625389149605995#-56.5#2.386874105950058#1
0000 001D 2000 0000 0000 0000#1625389149607041#-60.0#4.528311285838413#1
0000 0011 2000 0000 0000 0000#1625389149608359#-59.0#2.6875343403756435#1
0000 0028 2000 0000 0000 0000#1625389149609620#-60.0#4.25833066717054#1
0C21 0537 8123 1003 2202 062F#1625389149610965#-64.5#3.313398501832985#1
0000 0026 2000 0000 0000 0000#1625389149612267#-56.5#2.5341362615870793#1
0000 002B 2000 0000 0000 0000#1625389149615092#-48.5#0.14112623248547898#1
0000 001B 2000 0000 0000 0000#1625389149616130#-60.5#2.773437264497239#1
0000 000F 2000 0000 0000 0000#1625389149617164#-64.0#4.884194828627882#1
0000 0018 2000 0000 0000 0000#1625389149618908#-66.5#4.792155981354743#1
0000 0025 2000 0000 0000 0000#1625389149620218#-58.5#2.4850488763747385#1
0000 001E 2000 0000 0000 0000#1625389149621560#-52.5#0.8528933180644165#1
0000 0021 2000 0000 0000 0000#1625389149623574#-60.0#3.313398501832985#1
0000 0024 2000 0000 0000 0000#1625389149624698#-58.0#3.5036121195308043#1
0000 0027 2000 0000 0000 0000#1625389149626585#-57.0#3.9576704327449543#1
0000 0029 2000 0000 0000 0000#1625389149627624#-61.5#4.184699589352029#1
0000 002C 2000 0000 0000 0000#1625389149629404#-47.0#1.184233168247715#1
0000 0022 2000 0000 0000 0000#1625389149630462#-44.5#4.184699589352029#1
0000 0015 2000 0000 0000 0000#1625389149631963#-58.5#4.957825906446392#1
0000 0016 2000 0000 0000 0000#1625389149633055#-65.0#5.767767762450011#1
0000 0014 2000 0000 0000 0000#1625389149634399#-61.5#5.737088146692298#1
0000 002A 2000 0000 0000 0000#1625389149636287#-58.0#5.190990986205009#1
0000 0017 2000 0000 0000 0000#1625389149637738#-57.0#2.5157284921324514#1
0000 0013 2000 0000 0000 0000#1625389149639005#-60.5#2.448233337465483#1
0000 002C 2000 0000 0000 0000#1625389149902161#-46.5#2.1353012567368124#1
0000 002A 2000 0000 0000 0000#1625389149903267#-60.5#0.0674951546669682#1
0000 001E 2000 0000 0000 0000#1625389149904348#-52.5#1.7241944055834606#1
0000 0029 2000 0000 0000 0000#1625389149905441#-65.0#5.197126909356553#1
0000 000F 2000 0000 0000 0000#1625389149907005#-62.5#5.197126909356553#1
0000 0020 2000 0000 0000 0000#1625389149908329#-60.5#2.5893595699509624#1
0000 0013 2000 0000 0000 0000#1625389149910110#-64.0#2.988194574801229#1
0000 0015 2000 0000 0000 0000#1625389149911229#-60.0#5.356660911296659#1
0000 0014 2000 0000 0000 0000#1625389149912285#-63.5#6.12365130523948#1
0000 001B 2000 0000 0000 0000#1625389149914092#-62.0#3.6079228131070282#1
0000 0018 2000 0000 0000 0000#1625389149915659#-65.0#5.056000676871073#1
0000 0027 2000 0000 0000 0000#1625389149916991#-58.5#4.871922982324796#1
0000 002B 2000 0000 0000 0000#1625389149918058#-47.5#1.1903690913992575#1
0000 001A 2000 0000 0000 0000#1625389149919460#-57.5#3.104777114680538#1
0000 0022 2000 0000 0000 0000#1625389149921024#-44.5#4.994641445355648#1
0000 001D 2000 0000 0000 0000#1625389149922085#-61.5#4.945554060143307#1
0000 0026 2000 0000 0000 0000#1625389149925138#-57.5#3.436116964863836#1
0000 0024 2000 0000 0000 0000#1625389149926219#-58.5#4.344233591292136#1
0000 0017 2000 0000 0000 0000#1625389149928047#-56.5#3.1231848841351653#1
0000 0012 2000 0000 0000 0000#1625389149930135#-57.5#3.031146036862027#1
0000 0025 2000 0000 0000 0000#1625389149931459#-59.5#3.313398501832985#1
0000 0011 2000 0000 0000 0000#1625389149932536#-60.5#3.3502140407422405#1
0000 0016 2000 0000 0000 0000#1625389149933799#-63.0#6.0991076126333095#1
0C21 0537 8123 1003 2202 062F#1625389149934870#-66.5#4.061981126321178#1
0000 0028 2000 0000 0000 0000#1625389149936320#-64.0#5.418020142812084#1
0000 002B 2000 0000 0000 0000#1625389149941847#-47.5#1.2333205534600555#1
0000 002C 2000 0000 0000 0000#1625389149943398#-46.5#2.1966604882522383#1
0000 0026 2000 0000 0000 0000#1625389149944448#-57.5#3.466796580621549#1
0000 0017 2000 0000 0000 0000#1625389149946237#-56.5#3.1661363461959633#1
0000 0027 2000 0000 0000 0000#1625389149947284#-58.5#4.92714629068868#1
0000 0016 2000 0000 0000 0000#1625389149948362#-63.0#6.111379458936394#1
0000 0014 2000 0000 0000 0000#1625389149949473#-64.0#6.12365130523948#1
0000 0022 2000 0000 0000 0000#1625389149950530#-44.5#5.037592907416445#1
0000 002A 2000 0000 0000 0000#1625389149951636#-60.0#0.20248546400090464#1
0000 0028 2000 0000 0000 0000#1625389149952684#-63.5#5.442563835418255#1
0000 0029 2000 0000 0000 0000#1625389149953795#-66.0#5.3198453723874035#1
0000 0011 2000 0000 0000 0000#1625389149955413#-60.0#3.3624858870453256#1
0000 001A 2000 0000 0000 0000#1625389149956531#-59.5#3.160000423044421#1
0000 0024 2000 0000 0000 0000#1625389149957584#-58.5#4.411728745959104#1
0000 0018 2000 0000 0000 0000#1625389149959406#-65.5#5.105088062083414#1
0C21 0537 8123 1003 2202 062F#1625389149969050#-66.0#3.5833791205008576#1
0000 001E 2000 0000 0000 0000#1625389149970133#-52.5#1.6505633277649499#1
0000 000F 2000 0000 0000 0000#1625389149971197#-62.0#5.0682725231741586#1
0000 0013 2000 0000 0000 0000#1625389149972792#-64.0#2.8838838812250054#1
0000 001B 2000 0000 0000 0000#1625389149974568#-62.5#3.497476196379262#1
0000 0023 2000 0000 0000 0000#1625389149975636#-55.0#4.945554060143307#1
0000 0012 2000 0000 0000 0000#1625389149979967#-57.5#2.8654761117703775#1
0000 0021 2000 0000 0000 0000#1625389149981368#-59.5#4.04357335686655#1
0000 0020 2000 0000 0000 0000#1625389149983788#-60.5#2.5709518004963345#1
0000 0015 2000 0000 0000 0000#1625389149984895#-59.5#5.203262832508095#1
0000 001D 2000 0000 0000 0000#1625389149986199#-62.0#4.651029748869264#1
0000 0025 2000 0000 0000 0000#1625389149987293#-59.5#3.2213596545598464#1
0000 0028 2000 0000 0000 0000#1625389150250460#-64.5#6.074563920027139#1
0000 002B 2000 0000 0000 0000#1625389150252498#-47.5#1.846912868614312#1
0000 0026 2000 0000 0000 0000#1625389150253561#-57.5#4.166291819897402#1
0000 0015 2000 0000 0000 0000#1625389150254856#-61.5#5.700272607783043#1
0000 002C 2000 0000 0000 0000#1625389150255937#-46.5#2.9145634969827183#1
0000 0012 2000 0000 0000 0000#1625389150256996#-60.5#3.429981041712294#1
0000 0027 2000 0000 0000 0000#1625389150258529#-59.0#5.681864838328415#1
0000 0014 2000 0000 0000 0000#1625389150259825#-66.0#6.191146459906448#1
0000 001B 2000 0000 0000 0000#1625389150260905#-66.0#4.295146206079795#1
0000 001A 2000 0000 0000 0000#1625389150263390#-63.0#3.5833791205008576#1
0000 0022 2000 0000 0000 0000#1625389150264475#-46.0#5.884350302329319#1
0000 001E 2000 0000 0000 0000#1625389150265516#-54.0#2.442097414313941#1
0000 002A 2000 0000 0000 0000#1625389150266563#-61.0#0.7731263170943632#1
0000 0011 2000 0000 0000 0000#1625389150268626#-62.5#3.8840393549264434#1
0000 0024 2000 0000 0000 0000#1625389150269720#-60.5#4.92714629068868#1
0000 0018 2000 0000 0000 0000#1625389150272379#-64.5#5.491651220630596#1
0000 0029 2000 0000 0000 0000#1625389150273574#-66.0#5.859806609723149#1
0000 000F 2000 0000 0000 0000#1625389150274625#-62.0#5.602097837358362#1
0000 0025 2000 0000 0000 0000#1625389150275692#-60.0#4.04357335686655#1
0000 001C 2000 0000 0000 0000#1625389150276735#-70.0#2.110757564130642#1
0000 0016 2000 0000 0000 0000#1625389150277828#-60.0#0.11044661672776616#1
0000 0017 2000 0000 0000 0000#1625389150278918#-55.0#3.736777199289422#1
0000 001D 2000 0000 0000 0000#1625389150280930#-64.0#5.086680292628786#1
0C21 0537 8123 1003 2202 062F#1625389150282259#-67.0#4.669437518323892#1
0000 0022 2000 0000 0000 0000#1625389150286886#-46.0#5.890486225480862#1
0000 0026 2000 0000 0000 0000#1625389150287964#-57.0#4.227651051412827#1
0C21 0537 8123 1003 2202 062F#1625389150289263#-67.0#4.638757902566179#1
0000 0024 2000 0000 0000 0000#1625389150290843#-60.0#4.97623367590102#1
0000 0012 2000 0000 0000 0000#1625389150292147#-61.0#3.423845118560751#1
0000 0028 2000 0000 0000 0000#1625389150293681#-64.5#6.160466844148735#1
0000 0015 2000 0000 0000 0000#1625389150294731#-62.0#5.66959299202533#1
0000 001A 2000 0000 0000 0000#1625389150296289#-63.5#3.5833791205008576#1
0000 0029 2000 0000 0000 0000#1625389150297345#-65.5#5.890486225480862#1
0000 001E 2000 0000 0000 0000#1625389150298656#-54.0#2.4850488763747385#1
0000 0016 2000 0000 0000 0000#1625389150299906#-60.0#0.15339807878856412#1
0000 002B 2000 0000 0000 0000#1625389150301029#-47.0#1.8714565612204823#1
0000 002C 2000 0000 0000 0000#1625389150303568#-47.0#3.0250101137104846#1
0000 0011 2000 0000 0000 0000#1625389150305128#-63.5#3.7429131224409646#1
0000 000F 2000 0000 0000 0000#1625389150306801#-62.0#5.663457068873787#1
0000 0027 2000 0000 0000 0000#1625389150307891#-59.0#5.706408530934585#1
0000 0017 2000 0000 0000 0000#1625389150312190#-55.0#3.7429131224409646#1
0000 002A 2000 0000 0000 0000#1625389150313556#-61.5#0.7301748550335652#1
0000 0025 2000 0000 0000 0000#1625389150314638#-59.5#4.080388895775806#1
0000 001D 2000 0000 0000 0000#1625389150316056#-64.5#5.098952138931871#1
0000 0014 2000 0000 0000 0000#1625389150317141#-65.5#6.258641614573416#1
0000 001C 2000 0000 0000 0000#1625389150318138#-69.0#2.2212041808584084#1
0000 0018 2000 0000 0000 0000#1625389150319971#-65.5#5.553010452146021#1
0000 0012 2000 0000 0000 0000#1625389150583627#-62.5#3.2949907323783574#1
0000 002B 2000 0000 0000 0000#1625389150586090#-49.0#2.012582793705961#1
0000 0024 2000 0000 0000 0000#1625389150587156#-61.0#4.92714629068868#1
0000 0026 2000 0000 0000 0000#1625389150588179#-57.5#4.583534594202296#1
0000 001E 2000 0000 0000 0000#1625389150589263#-59.0#3.3440781175906977#1
0000 002C 2000 0000 0000 0000#1625389150590865#-49.0#3.7122335066832517#1
0000 0022 2000 0000 0000 0000#1625389150591970#-49.0#0.5031456984264903#1
0000 0016 2000 0000 0000 0000#1625389150593305#-58.5#0.28225246497095796#1
0000 000F 2000 0000 0000 0000#1625389150594581#-61.5#5.730952223540755#1
0000 0027 2000 0000 0000 0000#1625389150597682#-57.5#5.810719224510809#1
0000 0025 2000 0000 0000 0000#1625389150598704#-59.5#4.442408361716817#1
0000 001F 2000 0000 0000 0000#1625389150599736#-61.0#0.7669903939428205#1
0000 0017 2000 0000 0000 0000#1625389150601284#-55.0#3.9760782021995817#1
0000 001D 2000 0000 0000 0000#1625389150602751#-66.0#4.534447208989955#1
0000 0028 2000 0000 0000 0000#1625389150603828#-62.0#5.921165841238575#1
0000 002A 2000 0000 0000 0000#1625389150605256#-61.5#0.030679615757712823#1
0C21 0537 8123 1003 2202 062F#1625389150606357#-66.0#5.00077736850719#1
0000 0011 2000 0000 0000 0000#1625389150607430#-65.0#3.773592738198677#1
0000 001C 2000 0000 0000 0000#1625389150608439#-69.0#2.380738182798515#1
0000 0029 2000 0000 0000 0000#1625389150609800#-63.5#5.399612373357457#1
0000 0018 2000 0000 0000 0000#1625389150610892#-64.0#5.66959299202533#1
0000 0015 2000 0000 0000 0000#1625389150612542#-64.0#5.595961914206819#1
0000 0014 2000 0000 0000 0000#1625389150613613#-67.5#6.160466844148735#1
0000 001E 2000 0000 0000 0000#1625389150618442#-60.0#3.479068426924634#1
0000 0022 2000 0000 0000 0000#1625389150619815#-50.0#0.5522330836388308#1
0000 001D 2000 0000 0000 0000#1625389150621345#-65.5#4.552854978444583#1
0000 0015 2000 0000 0000 0000#1625389150622722#-63.5#5.553010452146021#1
0000 002B 2000 0000 0000 0000#1625389150624002#-49.5#2.012582793705961#1
0000 002C 2000 0000 0000 0000#1625389150625310#-49.5#3.773592738198677#1
0000 0025 2000 0000 0000 0000#1625389150626649#-60.0#4.454680208019902#1
0000 0018 2000 0000 0000 0000#1625389150627698#-63.5#5.626641529964532#1
0000 0028 2000 0000 0000 0000#1625389150628988#-61.5#5.878214379177777#1
0000 0017 2000 0000 0000 0000#1625389150630308#-55.0#4.025165587411922#1
0000 0026 2000 0000 0000 0000#1625389150631631#-57.5#4.583534594202296#1
0000 0014 2000 0000 0000 0000#1625389150632671#-67.5#6.074563920027139#1
0000 000F 2000 0000 0000 0000#1625389150633692#-61.0#5.773903685601553#1
0000 0012 2000 0000 0000 0000#1625389150634766#-63.5#3.3440781175906977#1
0000 002A 2000 0000 0000 0000#1625389150635800#-61.0#6.1850105367549055#1
0000 0016 2000 0000 0000 0000#1625389150637961#-58.5#0.3436116964863836#1
0000 0027 2000 0000 0000 0000#1625389150639007#-57.0#5.786175531904639#1
0000 0029 2000 0000 0000 0000#1625389150640321#-62.5#5.295301679781233#1
0000 001F 2000 0000 0000 0000#1625389150641737#-60.5#0.859029241215959#1
0C21 0537 8123 1003 2202 062F#1625389150643492#-66.0#4.9823695990525625#1
0000 0024 2000 0000 0000 0000#1625389150644542#-61.5#4.871922982324796#1
0000 0011 2000 0000 0000 0000#1625389150645873#-66.0#3.822680123411018#1
0000 001C 2000 0000 0000 0000#1625389150650391#-69.5#2.3071071049800045#1
0000 0012 2000 0000 0000 0000#1625389150917312#-63.5#2.1475731030398975#1
0000 0029 2000 0000 0000 0000#1625389150918405#-58.0#4.0128937411088375#1
0000 0017 2000 0000 0000 0000#1625389150919711#-54.5#3.2459033471660166#1
0000 001F 2000 0000 0000 0000#1625389150922637#-57.0#0.705631162427395#1
0000 0025 2000 0000 0000 0000#1625389150923735#-57.5#3.736777199289422#1
0000 002C 2000 0000 0000 0000#1625389150925044#-52.5#3.9638063558964967#1
0000 0027 2000 0000 0000 0000#1625389150926162#-55.0#4.638757902566179#1
0000 0010 2000 0000 0000 0000#1625389150928434#-64.0#4.8351074434155406#1
0000 0026 2000 0000 0000 0000#1625389150929725#-54.5#3.80427235395639#1
0000 0028 2000 0000 0000 0000#1625389150931337#-58.0#4.405592822807561#1
0000 002B 2000 0000 0000 0000#1625389150933378#-55.0#0.8283496254582462#1
0000 0016 2000 0000 0000 0000#1625389150934443#-58.0#5.835262917116979#1
0000 0022 2000 0000 0000 0000#1625389150936029#-52.0#0.21475731030398976#1
0000 0014 2000 0000 0000 0000#1625389150937270#-68.5#5.66959299202533#1
0000 0024 2000 0000 0000 0000#1625389150938731#-60.0#3.9085830475326135#1
0C21 0537 8123 1003 2202 062F#1625389150939773#-66.0#3.5711072741977725#1
0000 001E 2000 0000 0000 0000#1625389150940882#-62.5#4.589670517353839#1
0000 001D 2000 0000 0000 0000#1625389150944348#-66.5#3.7122335066832517#1
0000 000F 2000 0000 0000 0000#1625389150945427#-59.5#5.0253210611133605#1
0000 002A 2000 0000 0000 0000#1625389150946744#-58.0#4.289010282928253#1
0000 0018 2000 0000 0000 0000#1625389150948148#-62.0#4.865787059173254#1
0000 0015 2000 0000 0000 0000#1625389150950923#-65.5#4.773748211900116#1
0000 0025 2000 0000 0000 0000#1625389150955348#-57.5#3.6999616603801666#1
0000 0010 2000 0000 0000 0000#1625389150956881#-64.0#4.884194828627882#1
0000 0018 2000 0000 0000 0000#1625389150957956#-62.0#4.908738521234052#1
0000 0012 2000 0000 0000 0000#1625389150959005#-63.5#2.0923497946760143#1
0000 0024 2000 0000 0000 0000#1625389150961272#-60.0#3.8840393549264434#1
0000 001E 2000 0000 0000 0000#1625389150962341#-62.5#4.669437518323892#1
0000 002B 2000 0000 0000 0000#1625389150963422#-55.5#0.803805932852076#1
0000 001F 2000 0000 0000 0000#1625389150964552#-56.5#0.8160777791551611#1
0000 0017 2000 0000 0000 0000#1625389150965645#-54.5#3.227495577711389#1
0000 0022 2000 0000 0000 0000#1625389150966705#-52.5#0.21475731030398976#1
0000 000F 2000 0000 0000 0000#1625389150968491#-59.5#4.970097752749477#1
0000 0027 2000 0000 0000 0000#1625389150969554#-55.0#4.509903516383785#1
0000 0015 2000 0000 0000 0000#1625389150970665#-65.5#4.76147636559703#1
0000 002C 2000 0000 0000 0000#1625389150971988#-52.5#4.025165587411922#1
0000 0029 2000 0000 0000 0000#1625389150972999#-57.0#3.822680123411018#1
0000 001D 2000 0000 0000 0000#1625389150974045#-66.5#3.6754179677739964#1
0C21 0537 8123 1003 2202 062F#1625389150975159#-66.5#3.5036121195308043#1
0000 0014 2000 0000 0000 0000#1625389150976481#-68.0#5.595961914206819#1
0000 002A 2000 0000 0000 0000#1625389150977756#-58.0#4.172427743048944#1
0000 0028 2000 0000 0000 0000#1625389150980275#-58.0#4.289010282928253#1
0000 0026 2000 0000 0000 0000#1625389150981385#-54.5#3.706097583531709#1
0000 0016 2000 0000 0000 0000#1625389150994449#-59.0#6.2463697682703305#1
0000 001F 2000 0000 0000 0000#1625389151255672#-54.0#0.5399612373357456#1
0000 0026 2000 0000 0000 0000#1625389151256738#-52.5#3.3624858870453256#1
0000 0015 2000 0000 0000 0000#1625389151258320#-62.0#4.626486056263094#1
0000 0024 2000 0000 0000 0000#1625389151260141#-57.5#3.522019888985432#1
0000 0029 2000 0000 0000 0000#1625389151261949#-54.5#3.129320807286708#1
0000 0017 2000 0000 0000 0000#1625389151263011#-58.5#2.9820586516496865#1
0000 002A 2000 0000 0000 0000#1625389151264048#-55.5#3.2888548092268146#1
0000 0027 2000 0000 0000 0000#1625389151265372#-54.5#3.9944859716542096#1
0000 0018 2000 0000 0000 0000#1625389151266393#-64.0#6.0991076126333095#1
0000 0022 2000 0000 0000 0000#1625389151267481#-50.5#0.01227184630308513#1
0000 0028 2000 0000 0000 0000#1625389151268985#-57.0#3.5895150436524004#1
0000 0021 2000 0000 0000 0000#1625389151270079#-61.5#0.2270291566070749#1
0000 0025 2000 0000 0000 0000#1625389151271602#-55.5#3.3624858870453256#1
0000 001A 2000 0000 0000 0000#1625389151272690#-62.0#1.521708941582556#1
0000 002C 2000 0000 0000 0000#1625389151273796#-53.0#4.270602513473625#1
0000 001D 2000 0000 0000 0000#1625389151274832#-63.5#3.8717675086233583#1
0000 0012 2000 0000 0000 0000#1625389151276978#-58.5#1.718058482431918#1
0000 000F 2000 0000 0000 0000#1625389151278297#-63.5#6.062292073724054#1
0000 0016 2000 0000 0000 0000#1625389151279374#-64.0#0.09203884727313846#1
0000 0011 2000 0000 0000 0000#1625389151280423#-63.0#1.662835174068035#1
0C21 0537 8123 1003 2202 062F#1625389151281552#-64.5#3.650874275167826#1
0000 001E 2000 0000 0000 0000#1625389151282618#-62.0#4.767612288748572#1
0000 002B 2000 0000 0000 0000#1625389151283940#-58.5#6.252505691421874#1
0000 0014 2000 0000 0000 0000#1625389151285747#-64.0#5.344389064993574#1
0000 0013 2000 0000 0000 0000#1625389151286774#-64.5#1.4971652489763858#1
0000 0020 2000 0000 0000 0000#1625389151287909#-65.5#0.1902136176978195#1
0000 0010 2000 0000 0000 0000#1625389151290489#-62.5#0.15339807878856412#1
0000 002C 2000 0000 0000 0000#1625389151296001#-52.5#4.239922897715912#1
0000 001F 2000 0000 0000 0000#1625389151297374#-53.5#0.46019423636569234#1
0000 0013 2000 0000 0000 0000#1625389151298472#-65.0#1.552388557340269#1
0000 000F 2000 0000 0000 0000#1625389151300012#-64.0#6.178874613603362#1
0000 0027 2000 0000 0000 0000#1625389151302099#-54.5#3.902447124381071#1
0000 0011 2000 0000 0000 0000#1625389151303416#-62.0#1.7119225592803755#1
0000 0021 2000 0000 0000 0000#1625389151304478#-61.5#0.21475731030398976#1
0000 0028 2000 0000 0000 0000#1625389151305527#-56.5#3.54042765844006#1
0000 002A 2000 0000 0000 0000#1625389151306604#-55.5#3.227495577711389#1
0000 002B 2000 0000 0000 0000#1625389151307629#-58.0#6.166602767300278#1
0000 001A 2000 0000 0000 0000#1625389151309458#-61.0#1.5953400194010667#1
0000 0024 2000 0000 0000 0000#1625389151310797#-58.0#3.436116964863836#1
0000 0022 2000 0000 0000 0000#1625389151311840#-50.5#6.252505691421874#1
0000 0025 2000 0000 0000 0000#1625389151313964#-56.5#3.3195344249845276#1
0000 0026 2000 0000 0000 0000#1625389151315031#-53.0#3.2520392703175593#1
0000 0012 2000 0000 0000 0000#1625389151316123#-57.5#1.761009944492716#1
0000 0014 2000 0000 0000 0000#1625389151317218#-63.5#5.301437602932776#1
0000 0029 2000 0000 0000 0000#1625389151318285#-55.0#3.031146036862027#1
0000 001E 2000 0000 0000 0000#1625389151319949#-61.5#4.509903516383785#1
0000 001D 2000 0000 0000 0000#1625389151321268#-62.0#3.9699422790480394#1
0000 0018 2000 0000 0000 0000#1625389151322529#-65.0#6.264777537724958#1
0000 0016 2000 0000 0000 0000#1625389151323878#-65.5#6.209554229361076#1
0000 0017 2000 0000 0000 0000#1625389151325414#-59.0#2.6139032625571326#1
0000 0015 2000 0000 0000 0000#1625389151326713#-60.5#4.681709364626977#1
0000 0020 2000 0000 0000 0000#1625389151329509#-65.5#0.2086213871524472#1
0C21 0537 8123 1003 2202 062F#1625389151334810#-67.5#3.6386024288647407#1
0000 0027 2000 0000 0000 0000#1625389151606414#-54.0#3.706097583531709#1
0000 001F 2000 0000 0000 0000#1625389151607516#-54.0#0.25770877236478773#1
0000 0012 2000 0000 0000 0000#1625389151608787#-59.0#2.662990647769473#1
0000 001D 2000 0000 0000 0000#1625389151609866#-63.0#4.675573441475434#1
0000 0029 2000 0000 0000 0000#1625389151611194#-54.5#2.779573187648782#1
0000 001E 2000 0000 0000 0000#1625389151612521#-58.5#4.147884050442774#1
0000 001A 2000 0000 0000 0000#1625389151615622#-62.0#2.7120780329818137#1
0000 0026 2000 0000 0000 0000#1625389151616928#-53.5#3.055689729468197#1
0000 0022 2000 0000 0000 0000#1625389151618016#-51.0#6.22182607566416#1
0000 0013 2000 0000 0000 0000#1625389151621544#-66.0#2.435961491162398#1
0000 0024 2000 0000 0000 0000#1625389151622595#-58.0#3.1661363461959633#1
0000 0015 2000 0000 0000 0000#1625389151624913#-60.0#5.368932757599744#1
0000 0011 2000 0000 0000 0000#1625389151626017#-64.5#2.791845033951867#1
0000 002A 2000 0000 0000 0000#1625389151627932#-56.5#2.84706834231575#1
0000 0025 2000 0000 0000 0000#1625389151629372#-56.0#3.117048960983623#1
0C21 0537 8123 1003 2202 062F#1625389151630442#-68.0#3.9085830475326135#1
0000 002C 2000 0000 0000 0000#1625389151632251#-51.5#3.9760782021995817#1
0000 0020 2000 0000 0000 0000#1625389151633315#-65.5#6.178874613603362#1
0000 0014 2000 0000 0000 0000#1625389151635037#-64.0#6.025476534814799#1
0000 002B 2000 0000 0000 0000#1625389151637012#-60.0#5.976389149602458#1
0000 0028 2000 0000 0000 0000#1625389151638434#-57.0#3.2520392703175593#1
0000 0021 2000 0000 0000 0000#1625389151640354#-61.0#0.14112623248547898#1
0000 0026 2000 0000 0000 0000#1625389151645486#-53.5#2.988194574801229#1
0000 0014 2000 0000 0000 0000#1625389151647866#-64.0#5.9518454569962875#1
0000 0029 2000 0000 0000 0000#1625389151649453#-54.5#2.736621725587984#1
0000 002B 2000 0000 0000 0000#1625389151650782#-60.0#5.988660995905543#1
0000 0015 2000 0000 0000 0000#1625389151652118#-60.5#5.411884219660542#1
0000 001D 2000 0000 0000 0000#1625389151653348#-62.5#4.663301595172349#1
0000 0024 2000 0000 0000 0000#1625389151654627#-58.5#3.104777114680538#1
0000 002A 2000 0000 0000 0000#1625389151655967#-57.5#2.767301341345697#1
0000 001E 2000 0000 0000 0000#1625389151657036#-59.0#4.0558452031696355#1
0000 002C 2000 0000 0000 0000#1625389151658494#-51.5#3.8288160465625602#1
0000 0025 2000 0000 0000 0000#1625389151660412#-56.5#3.0127382674073995#1
0000 0011 2000 0000 0000 0000#1625389151662440#-65.5#2.9206994201342606#1
0000 0028 2000 0000 0000 0000#1625389151663741#-57.5#3.1231848841351653#1
0000 0012 2000 0000 0000 0000#1625389151664775#-60.0#2.761165418194154#1
0000 0027 2000 0000 0000 0000#1625389151665836#-54.5#3.54042765844006#1
0000 0022 2000 0000 0000 0000#1625389151666968#-51.5#6.12365130523948#1
0000 001F 2000 0000 0000 0000#1625389151668968#-54.5#0.1227184630308513#1
0000 0013 2000 0000 0000 0000#1625389151670419#-66.0#2.4911847995262812#1
0000 0021 2000 0000 0000 0000#1625389151671511#-61.5#0.06135923151542565#1
0000 001B 2000 0000 0000 0000#1625389151674637#-67.5#3.706097583531709#1
0C21 0537 8123 1003 2202 062F#1625389151676722#-68.0#3.9453985864418692#1
0000 0028 2000 0000 0000 0000#1625389151939343#-57.0#2.60776733940559#1
0000 0027 2000 0000 0000 0000#1625389151940348#-55.0#3.074097498922825#1
0000 0022 2000 0000 0000 0000#1625389151942400#-49.5#5.810719224510809#1
0000 001E 2000 0000 0000 0000#1625389151943469#-58.0#3.865631585471816#1
0000 0014 2000 0000 0000 0000#1625389151944738#-64.0#0.39269908169872414#1
0000 0025 2000 0000 0000 0000#1625389151945804#-56.0#2.6384469551633027#1
0000 0026 2000 0000 0000 0000#1625389151947126#-53.0#2.5402721847386216#1
0000 0029 2000 0000 0000 0000#1625389151948877#-54.5#2.1230294104337273#1
0000 002C 2000 0000 0000 0000#1625389151950426#-51.0#3.816544200259475#1
0000 0021 2000 0000 0000 0000#1625389151951688#-61.0#5.939573610693203#1
0000 002A 2000 0000 0000 0000#1625389151952766#-57.0#2.073942025221387#1
0000 001D 2000 0000 0000 0000#1625389151954096#-63.0#5.405748296509#1
0000 0012 2000 0000 0000 0000#1625389151955161#-61.5#3.485204350076177#1
0000 0024 2000 0000 0000 0000#1625389151956496#-58.5#2.675262494072558#1
0C21 0537 8123 1003 2202 062F#1625389151957598#-68.5#4.0128937411088375#1
0000 0013 2000 0000 0000 0000#1625389151958695#-66.5#3.2397674240144743#1
0000 001F 2000 0000 0000 0000#1625389151960306#-53.5#5.988660995905543#1
0000 0015 2000 0000 0000 0000#1625389151962113#-60.5#6.19728238305799#1
0000 0016 2000 0000 0000 0000#1625389151966735#-68.0#1.6566992509164924#1
0000 002B 2000 0000 0000 0000#1625389151967829#-65.0#5.577554144752192#1
0000 001B 2000 0000 0000 0000#1625389151969158#-66.0#4.411728745959104#1
0000 000F 2000 0000 0000 0000#1625389151973320#-67.5#0.8958447801252144#1
0000 0022 2000 0000 0000 0000#1625389151978792#-50.0#5.724816300389213#1
0000 001B 2000 0000 0000 0000#1625389151980673#-66.5#4.473087977474529#1
0000 0026 2000 0000 0000 0000#1625389151981710#-53.0#2.4605051837685683#1
0000 001F 2000 0000 0000 0000#1625389151982783#-53.0#5.9088939949354895#1
0000 0015 2000 0000 0000 0000#1625389151983835#-60.5#6.17273869045182#1
0000 000F 2000 0000 0000 0000#1625389151984887#-67.0#1.012427320004523#1
0000 0014 2000 0000 0000 0000#1625389151988362#-64.0#0.5092816215780329#1
0000 0016 2000 0000 0000 0000#1625389151989387#-68.5#1.576932249946439#1
0000 0029 2000 0000 0000 0000#1625389151990738#-54.0#2.018718716857504#1
0000 0021 2000 0000 0000 0000#1625389151992284#-61.0#5.9088939949354895#1
0000 0024 2000 0000 0000 0000#1625389151994302#-58.0#2.5770877236478773#1
0000 001D 2000 0000 0000 0000#1625389151995378#-63.0#5.47937937432751#1
0000 002A 2000 0000 0000 0000#1625389151996440#-57.0#1.9634954084936207#1
0000 002C 2000 0000 0000 0000#1625389151997492#-51.0#3.718369429834794#1
0000 0027 2000 0000 0000 0000#1625389151998483#-55.0#2.8961557275280905#1
0000 001E 2000 0000 0000 0000#1625389152000647#-58.0#3.736777199289422#1
0000 0020 2000 0000 0000 0000#1625389152001782#-64.0#5.553010452146021#1
0000 002B 2000 0000 0000 0000#1625389152002804#-64.5#5.620505606812989#1
0000 0012 2000 0000 0000 0000#1625389152003838#-61.0#3.509748042682347#1
0000 0025 2000 0000 0000 0000#1625389152004904#-56.0#2.5464081078901644#1
0000 0028 2000 0000 0000 0000#1625389152006211#-57.5#2.435961491162398#1
0000 0013 2000 0000 0000 0000#1625389152018940#-66.0#2.36846633649543#1
0000 002B 2000 0000 0000 0000#1625389152282458#-68.5#4.061981126321178#1
0000 001E 2000 0000 0000 0000#1625389152283567#-57.5#2.6323110320117604#1
0000 0011 2000 0000 0000 0000#1625389152285110#-65.0#2.9697868053466014#1
0000 0027 2000 0000 0000 0000#1625389152286386#-55.0#1.88986433067511#1
0000 002C 2000 0000 0000 0000#1625389152287736#-50.5#2.742757648739526#1
0000 0025 2000 0000 0000 0000#1625389152288818#-57.0#1.564660403643354#1
0000 001D 2000 0000 0000 0000#1625389152289893#-62.0#4.614214209960009#1
0000 0015 2000 0000 0000 0000#1625389152290930#-59.5#5.141903600992669#1
0000 0014 2000 0000 0000 0000#1625389152292252#-64.0#6.154330920997192#1
0000 0029 2000 0000 0000 0000#1625389152293773#-55.5#0.8713010875190442#1
0000 0020 2000 0000 0000 0000#1625389152294870#-63.5#4.196971435655114#1
0000 0022 2000 0000 0000 0000#1625389152296167#-49.0#4.485359823777615#1
0000 0026 2000 0000 0000 0000#1625389152297731#-54.0#1.423534171157875#1
0000 0028 2000 0000 0000 0000#1625389152298798#-58.0#1.3437671701878218#1
0000 0021 2000 0000 0000 0000#1625389152299831#-61.5#4.430136515413731#1
0000 002A 2000 0000 0000 0000#1625389152301163#-58.5#0.7669903939428205#1
0000 001B 2000 0000 0000 0000#1625389152302228#-62.5#2.9943304979527716#1
0000 001F 2000 0000 0000 0000#1625389152303529#-54.0#4.509903516383785#1
0000 0024 2000 0000 0000 0000#1625389152306022#-59.0#1.6382914814618648#1
0000 0012 2000 0000 0000 0000#1625389152307998#-57.0#2.5709518004963345#1
0000 000F 2000 0000 0000 0000#1625389152309277#-67.0#6.086835766330224#1
0000 0016 2000 0000 0000 0000#1625389152310313#-66.0#1.0983302441261191#1
0000 0013 2000 0000 0000 0000#1625389152311381#-61.5#2.5402721847386216#1
0000 0026 2000 0000 0000 0000#1625389152317352#-54.0#1.3744467859455345#1
0000 0022 2000 0000 0000 0000#1625389152318427#-49.0#4.454680208019902#1
0000 002B 2000 0000 0000 0000#1625389152320027#-70.0#3.988350048502667#1
0000 0015 2000 0000 0000 0000#1625389152321090#-60.0#5.197126909356553#1
0000 0029 2000 0000 0000 0000#1625389152322127#-56.0#0.7363107781851077#1
0000 001B 2000 0000 0000 0000#1625389152323679#-62.0#2.859340188618835#1
0000 002C 2000 0000 0000 0000#1625389152324758#-50.0#2.6568547246179306#1
0000 0021 2000 0000 0000 0000#1625389152326119#-61.5#4.362641360746763#1
0000 0028 2000 0000 0000 0000#1625389152327429#-58.0#1.1965050145508#1
0000 0012 2000 0000 0000 0000#1625389152330248#-57.5#2.478912953223196#1
0000 001E 2000 0000 0000 0000#1625389152331771#-57.0#2.5709518004963345#1
0000 0016 2000 0000 0000 0000#1625389152334451#-66.5#1.1965050145508#1
0000 001F 2000 0000 0000 0000#1625389152336498#-54.0#4.448544284868359#1
0000 001D 2000 0000 0000 0000#1625389152337822#-62.0#4.6448938257177215#1
0000 0013 2000 0000 0000 0000#1625389152338932#-61.5#2.521864415283994#1
0000 0025 2000 0000 0000 0000#1625389152340015#-57.0#1.3928545554001621#1
0000 0020 2000 0000 0000 0000#1625389152341063#-63.0#3.9576704327449543#1
0000 002A 2000 0000 0000 0000#1625389152342166#-58.5#0.5031456984264903#1
0000 001A 2000 0000 0000 0000#1625389152343255#-59.5#2.435961491162398#1
0C21 0537 8123 1003 2202 062F#1625389152344913#-68.5#4.0987966652304335#1
0000 0014 2000 0000 0000 0000#1625389152346583#-64.5#0.04295146206079795#1
0000 0024 2000 0000 0000 0000#1625389152347690#-59.0#1.5278448647340985#1
0000 0027 2000 0000 0000 0000#1625389152349464#-55.5#1.6751070203711202#1
0000 0011 2000 0000 0000 0000#1625389152351625#-65.5#2.724349879284899#1
0000 000F 2000 0000 0000 0000#1625389152352658#-66.5#6.037748381117884#1
0000 001F 2000 0000 0000 0000#1625389152615641#-54.5#3.56497135104623#1
0000 0021 2000 0000 0000 0000#1625389152617464#-62.5#3.77972866135022#1
0000 001A 2000 0000 0000 0000#1625389152618767#-60.5#2.270291566070749#1
0C21 0537 8123 1003 2202 062F#1625389152619866#-67.0#3.749049045592507#1
0000 0029 2000 0000 0000 0000#1625389152620949#-57.0#5.638913376267617#1
0000 0016 2000 0000 0000 0000#1625389152630413#-61.0#0.8774370106705868#1
0000 001B 2000 0000 0000 0000#1625389152631493#-63.0#3.117048960983623#1
0000 0013 2000 0000 0000 0000#1625389152632816#-61.0#2.84706834231575#1
0000 002C 2000 0000 0000 0000#1625389152634160#-51.0#2.386874105950058#1
0000 0025 2000 0000 0000 0000#1625389152635671#-58.0#0.9940195505498954#1
0000 0020 2000 0000 0000 0000#1625389152636730#-61.5#3.792000507653305#1
0000 0015 2000 0000 0000 0000#1625389152638307#-59.5#5.252350217720435#1
0000 0012 2000 0000 0000 0000#1625389152639884#-58.0#2.9391071895888885#1
0000 0027 2000 0000 0000 0000#1625389152641174#-57.5#1.1780972450961724#1
0000 0026 2000 0000 0000 0000#1625389152643458#-55.5#0.7976700097005334#1
0000 0022 2000 0000 0000 0000#1625389152644774#-51.5#4.368777283898306#1
0000 0014 2000 0000 0000 0000#1625389152646353#-63.5#0.12885438618239387#1
0000 0024 2000 0000 0000 0000#1625389152647649#-63.0#0.8713010875190442#1
0000 000F 2000 0000 0000 0000#1625389152649755#-68.5#6.209554229361076#1
0000 0028 2000 0000 0000 0000#1625389152650791#-60.0#0.37429131224409645#1
0000 001E 2000 0000 0000 0000#1625389152653712#-56.5#2.442097414313941#1
0000 001D 2000 0000 0000 0000#1625389152654772#-62.0#4.871922982324796#1
0000 0011 2000 0000 0000 0000#1625389152656076#-63.5#3.706097583531709#1
0000 002A 2000 0000 0000 0000#1625389152657180#-58.0#5.663457068873787#1
0000 002B 2000 0000 0000 0000#1625389152659117#-71.5#0.7485826244881929#1
0000 0020 2000 0000 0000 0000#1625389152664608#-61.5#3.8533597391687304#1
0000 001E 2000 0000 0000 0000#1625389152665904#-57.0#2.5402721847386216#1
0000 0027 2000 0000 0000 0000#1625389152667178#-57.0#1.0369710126106935#1
0000 0012 2000 0000 0000 0000#1625389152669552#-57.5#2.9513790358919736#1
0000 0013 2000 0000 0000 0000#1625389152670648#-62.0#2.8654761117703775#1
0000 001B 2000 0000 0000 0000#1625389152671755#-64.0#3.172272269347506#1
0000 0026 2000 0000 0000 0000#1625389152672820#-55.0#0.7179030087304801#1
0000 001D 2000 0000 0000 0000#1625389152673838#-62.5#4.871922982324796#1
0000 0022 2000 0000 0000 0000#1625389152674913#-51.0#4.325825821837508#1
0000 0025 2000 0000 0000 0000#1625389152676008#-58.0#0.8467573949128739#1
0000 0016 2000 0000 0000 0000#1625389152677054#-61.0#1.0062913968529805#1
0000 001F 2000 0000 0000 0000#1625389152678392#-54.0#4.04357335686655#1
0000 0015 2000 0000 0000 0000#1625389152679445#-59.5#5.178719139901925#1
0000 002C 2000 0000 0000 0000#1625389152680539#-51.5#2.3623304133438876#1
0000 001A 2000 0000 0000 0000#1625389152682077#-60.5#2.9943304979527716#1
0000 0028 2000 0000 0000 0000#1625389152683500#-60.0#0.23316507975861744#1
0000 0011 2000 0000 0000 0000#1625389152684562#-64.0#3.6876898140770815#1
0000 0014 2000 0000 0000 0000#1625389152685615#-64.5#0.1227184630308513#1
0000 002B 2000 0000 0000 0000#1625389152686667#-70.0#0.7669903939428205#1
0000 0024 2000 0000 0000 0000#1625389152687716#-63.0#0.6688156235181395#1
0C21 0537 8123 1003 2202 062F#1625389152689449#-66.0#4.8351074434155406#1
0000 000F 2000 0000 0000 0000#1625389152691627#-70.0#0.17794177139473438#1
0000 0029 2000 0000 0000 0000#1625389152692820#-56.5#5.890486225480862#1
0000 002A 2000 0000 0000 0000#1625389152693928#-58.0#5.651185222570702#1
0000 0017 2000 0000 0000 0000#1625389152957598#-56.5#4.0987966652304335#1
0000 002A 2000 0000 0000 0000#1625389152958904#-56.0#4.23378697456437#1
0000 001A 2000 0000 0000 0000#1625389152961355#-59.5#2.9820586516496865#1
0000 0015 2000 0000 0000 0000#1625389152962727#-60.0#5.3198453723874035#1
0000 001D 2000 0000 0000 0000#1625389152964018#-60.0#5.049864753719531#1
0000 0029 2000 0000 0000 0000#1625389152965055#-56.0#4.473087977474529#1
0C21 0537 8123 1003 2202 062F#1625389152966154#-66.0#4.331961744989051#1
0000 0025 2000 0000 0000 0000#1625389152968148#-58.5#5.534602682691394#1
0000 0028 2000 0000 0000 0000#1625389152969259#-59.5#4.871922982324796#1
0000 002B 2000 0000 0000 0000#1625389152970569#-61.5#4.914874444385594#1
0000 002C 2000 0000 0000 0000#1625389152971663#-53.5#1.8100973297050567#1
0000 0011 2000 0000 0000 0000#1625389152972819#-57.5#3.497476196379262#1
0000 0027 2000 0000 0000 0000#1625389152974257#-57.5#5.45483568172134#1
0000 001F 2000 0000 0000 0000#1625389152975329#-55.0#2.9943304979527716#1
0000 0012 2000 0000 0000 0000#1625389152976419#-57.5#2.9145634969827183#1
0000 001E 2000 0000 0000 0000#1625389152977457#-59.0#2.2027964114037806#1
0000 0026 2000 0000 0000 0000#1625389152978538#-55.0#5.2768939103266055#1
0000 0014 2000 0000 0000 0000#1625389152980766#-62.0#6.043884304269426#1
0000 0024 2000 0000 0000 0000#1625389152982433#-64.0#4.896466674930966#1
0000 000F 2000 0000 0000 0000#1625389152983526#-66.0#6.154330920997192#1
0000 0013 2000 0000 0000 0000#1625389152985585#-64.0#2.448233337465483#1
0000 001B 2000 0000 0000 0000#1625389152986650#-66.0#3.067961575771282#1
0000 0020 2000 0000 0000 0000#1625389152988699#-60.0#2.9206994201342606#1
0000 0016 2000 0000 0000 0000#1625389152989718#-59.5#0.4356505437595221#1
0000 0017 2000 0000 0000 0000#1625389152995669#-56.5#4.172427743048944#1
0000 001D 2000 0000 0000 0000#1625389152996759#-61.0#5.0253210611133605#1
0000 002C 2000 0000 0000 0000#1625389152998407#-54.0#1.7794177139473437#1
0000 0025 2000 0000 0000 0000#1625389152999706#-58.0#5.338253141842031#1
0000 0029 2000 0000 0000 0000#1625389153000727#-55.5#4.325825821837508#1
0000 002A 2000 0000 0000 0000#1625389153001833#-56.5#4.0987966652304335#1
0000 0013 2000 0000 0000 0000#1625389153003434#-63.5#2.521864415283994#1
0000 0027 2000 0000 0000 0000#1625389153004512#-57.0#5.295301679781233#1
0C21 0537 8123 1003 2202 062F#1625389153005831#-65.5#4.3933209765044765#1
0000 0011 2000 0000 0000 0000#1625389153007359#-58.0#3.5281558121369745#1
0000 0028 2000 0000 0000 0000#1625389153008467#-59.5#4.724660826687775#1
0000 0015 2000 0000 0000 0000#1625389153009533#-60.0#5.313709449235861#1
0000 0024 2000 0000 0000 0000#1625389153010872#-64.5#4.755340442445488#1
0000 0020 2000 0000 0000 0000#1625389153012389#-59.5#2.9697868053466014#1
0000 0014 2000 0000 0000 0000#1625389153013968#-62.5#6.031612457966341#1
0000 001E 2000 0000 0000 0000#1625389153014995#-60.0#2.1966604882522383#1
0000 0026 2000 0000 0000 0000#1625389153016554#-54.5#5.148039524144211#1
0000 000F 2000 0000 0000 0000#1625389153018786#-66.0#6.117515382087937#1
0000 0012 2000 0000 0000 0000#1625389153020176#-57.5#2.859340188618835#1
0000 001F 2000 0000 0000 0000#1625389153021211#-55.0#2.859340188618835#1
0000 001A 2000 0000 0000 0000#1625389153022767#-59.0#2.945243112740431#1
0000 002B 2000 0000 0000 0000#1625389153024103#-61.0#4.7860200582032#1
0000 0016 2000 0000 0000 0000#1625389153028363#-59.5#0.4356505437595221#1
0000 001B 2000 0000 0000 0000#1625389153029472#-66.0#3.055689729468197#1
0000 0026 2000 0000 0000 0000#1625389153301643#-56.5#3.902447124381071#1
0000 0014 2000 0000 0000 0000#1625389153302969#-64.5#5.184855063053467#1
0000 001A 2000 0000 0000 0000#1625389153304016#-59.5#2.1598449493429825#1
0000 001D 2000 0000 0000 0000#1625389153305061#-61.0#4.111068511533518#1
0000 002A 2000 0000 0000 0000#1625389153306815#-58.0#2.8654761117703775#1
0000 0029 2000 0000 0000 0000#1625389153309063#-58.0#3.147728576741336#1
0000 001F 2000 0000 0000 0000#1625389153310365#-58.5#1.6996507129772904#1
0000 002B 2000 0000 0000 0000#1625389153311910#-60.5#4.000621894805752#1
0000 0024 2000 0000 0000 0000#1625389153314336#-65.5#3.436116964863836#1
0000 0012 2000 0000 0000 0000#1625389153316622#-58.0#2.3071071049800045#1
0000 0028 2000 0000 0000 0000#1625389153317930#-60.0#3.522019888985432#1
0C21 0537 8123 1003 2202 062F#1625389153319445#-69.0#3.074097498922825#1
0000 0015 2000 0000 0000 0000#1625389153320523#-60.0#4.387185053352934#1
0000 0016 2000 0000 0000 0000#1625389153321542#-60.5#5.749359992995383#1
0000 0020 2000 0000 0000 0000#1625389153323119#-62.0#1.8039614065535141#1
0000 001B 2000 0000 0000 0000#1625389153324155#-64.5#2.8102528034064944#1
0000 001E 2000 0000 0000 0000#1625389153325206#-63.0#1.521708941582556#1
0000 0011 2000 0000 0000 0000#1625389153326993#-61.0#2.6813984172241008#1
0000 0013 2000 0000 0000 0000#1625389153328088#-64.5#2.399145952253143#1
0000 002C 2000 0000 0000 0000#1625389153329171#-62.0#0.5338253141842031#1
0000 0017 2000 0000 0000 0000#1625389153330263#-57.5#3.1968159619536762#1
0000 0027 2000 0000 0000 0000#1625389153331741#-58.5#3.9515345095934116#1
0000 000F 2000 0000 0000 0000#1625389153333662#-68.0#5.583690067903734#1
0000 0025 2000 0000 0000 0000#1625389153334716#-61.0#4.025165587411922#1
0000 0014 2000 0000 0000 0000#1625389153339925#-65.0#5.049864753719531#1
0000 0026 2000 0000 0000 0000#1625389153341004#-57.5#3.8410878928656453#1
0000 0029 2000 0000 0000 0000#1625389153343641#-59.5#3.098641191528995#1
0000 0024 2000 0000 0000 0000#1625389153346251#-65.5#2.859340188618835#1
0000 0015 2000 0000 0000 0000#1625389153347600#-60.5#4.405592822807561#1
0000 0027 2000 0000 0000 0000#1625389153348648#-59.0#3.9453985864418692#1
0000 002A 2000 0000 0000 0000#1625389153351365#-60.5#2.6261751088602177#1
0000 002C 2000 0000 0000 0000#1625389153352675#-62.5#6.056156150572511#1
0000 0025 2000 0000 0000 0000#1625389153354939#-62.0#3.773592738198677#1
0000 002B 2000 0000 0000 0000#1625389153356275#-63.5#3.761320891895592#1
0000 0017 2000 0000 0000 0000#1625389153359093#-57.0#3.129320807286708#1
0000 0016 2000 0000 0000 0000#1625389153360824#-59.0#5.822991070813893#1
0000 0028 2000 0000 0000 0000#1625389153363108#-62.0#3.141592653589793#1
0000 000F 2000 0000 0000 0000#1625389153365914#-64.0#5.332117218690489#1
0000 0011 2000 0000 0000 0000#1625389153367056#-61.5#2.3439226438892597#1
0000 001D 2000 0000 0000 0000#1625389153369791#-62.0#4.037437433715008#1
0000 0012 2000 0000 0000 0000#1625389153370798#-58.5#1.9819031779482483#1
0000 0013 2000 0000 0000 0000#1625389153373098#-64.5#1.7855536370988863#1
