0000 0024 2000 0000 0000 0000#1625389176561810#-58.5#2.1353012567368124#1
0000 0022 2000 0000 0000 0000#1625389176563723#-45.5#2.1475731030398975#1
0000 002B 2000 0000 0000 0000#1625389176565060#-50.0#5.252350217720435#1
0000 0012 2000 0000 0000 0000#1625389176566149#-53.0#2.4175537217077703#1
0000 002A 2000 0000 0000 0000#1625389176567241#-58.0#4.792155981354743#1
0000 0014 2000 0000 0000 0000#1625389176568551#-60.0#5.301437602932776#1
0000 002C 2000 0000 0000 0000#1625389176569687#-46.0#5.589825991055276#1
0000 0025 2000 0000 0000 0000#1625389176570790#-65.0#1.4051264017032472#1
0000 0029 2000 0000 0000 0000#1625389176571843#-64.0#4.3074180523828804#1
0000 0017 2000 0000 0000 0000#1625389176574181#-53.0#3.3011266555298997#1
0000 0018 2000 0000 0000 0000#1625389176575372#-62.0#4.466952054322987#1
0000 0011 2000 0000 0000 0000#1625389176576432#-58.5#2.8654761117703775#1
0000 001F 2000 0000 0000 0000#1625389176577491#-58.5#0.018407769454627694#1
0000 001A 2000 0000 0000 0000#1625389176578552#-54.5#2.3623304133438876#1
0000 0013 2000 0000 0000 0000#1625389176579608#-59.5#2.356194490192345#1
0000 0015 2000 0000 0000 0000#1625389176580962#-56.5#4.669437518323892#1
0000 0027 2000 0000 0000 0000#1625389176582404#-60.5#2.6139032625571326#1
0000 001E 2000 0000 0000 0000#1625389176583499#-48.0#5.381204603902829#1
0000 0026 2000 0000 0000 0000#1625389176584808#-62.0#1.6812429435226628#1
0C21 0537 8123 1003 2202 062F#1625389176585839#-68.5#3.724505352986337#1
0000 0028 2000 0000 0000 0000#1625389176586874#-65.0#3.5158839658338894#1
0000 001B 2000 0000 0000 0000#1625389176589169#-58.5#2.736621725587984#1
0000 0020 2000 0000 0000 0000#1625389176590490#-53.5#5.5714182216006485#1
0000 0016 2000 0000 0000 0000#1625389176591825#-60.0#6.135923151542564#1
0000 000F 2000 0000 0000 0000#1625389176593230#-59.0#4.595806440505381#1
0000 001D 2000 0000 0000 0000#1625389176595401#-56.5#4.184699589352029#1
0000 0017 2000 0000 0000 0000#1625389176600620#-53.0#3.3379421944391554#1
0000 0013 2000 0000 0000 0000#1625389176601676#-59.5#2.411417798556228#1
0000 002C 2000 0000 0000 0000#1625389176602727#-46.0#5.602097837358362#1
0000 001E 2000 0000 0000 0000#1625389176604060#-48.5#5.393476450205914#1
0000 0016 2000 0000 0000 0000#1625389176605379#-60.0#6.080699843178682#1
0000 0011 2000 0000 0000 0000#1625389176607406#-58.5#2.8716120349219203#1
0000 002B 2000 0000 0000 0000#1625389176609222#-50.0#5.264622064023521#1
0000 0018 2000 0000 0000 0000#1625389176610841#-62.5#4.448544284868359#1
0000 002A 2000 0000 0000 0000#1625389176612103#-57.5#4.816699673960914#1
0000 0029 2000 0000 0000 0000#1625389176613640#-63.5#4.331961744989051#1
0000 0027 2000 0000 0000 0000#1625389176614730#-60.5#2.6813984172241008#1
0000 0014 2000 0000 0000 0000#1625389176615768#-60.5#5.301437602932776#1
0000 0022 2000 0000 0000 0000#1625389176616841#-46.0#2.184388641949153#1
0000 001B 2000 0000 0000 0000#1625389176618190#-59.0#2.773437264497239#1
0000 0023 2000 0000 0000 0000#1625389176619234#-54.0#2.5280003384355365#1
0000 0015 2000 0000 0000 0000#1625389176620284#-56.5#4.700117134081604#1
0000 0021 2000 0000 0000 0000#1625389176621762#-59.0#0.0674951546669682#1
0000 001A 2000 0000 0000 0000#1625389176623334#-54.5#2.350058567040802#1
0C21 0537 8123 1003 2202 062F#1625389176624436#-68.5#3.693825737228624#1
0000 0025 2000 0000 0000 0000#1625389176627347#-65.0#1.41126232485479#1
0000 001D 2000 0000 0000 0000#1625389176628680#-56.5#4.246058820867455#1
0000 0012 2000 0000 0000 0000#1625389176629770#-53.5#2.4175537217077703#1
0000 000F 2000 0000 0000 0000#1625389176630859#-59.5#4.638757902566179#1
0000 0020 2000 0000 0000 0000#1625389176632140#-54.0#5.5714182216006485#1
0000 0028 2000 0000 0000 0000#1625389176633592#-65.0#3.650874275167826#1
0000 0024 2000 0000 0000 0000#1625389176635276#-58.5#2.2396119503130363#1
0000 001F 2000 0000 0000 0000#1625389176636293#-58.5#6.264777537724958#1
0000 0026 2000 0000 0000 0000#1625389176637501#-62.0#1.7303303287350031#1
0000 0025 2000 0000 0000 0000#1625389176901392#-65.5#1.7732817907958012#1
0000 0013 2000 0000 0000 0000#1625389176903185#-60.5#2.8654761117703775#1
0000 0011 2000 0000 0000 0000#1625389176904246#-59.0#3.436116964863836#1
0000 000F 2000 0000 0000 0000#1625389176905280#-59.0#5.221670601962723#1
0000 002B 2000 0000 0000 0000#1625389176906813#-50.5#5.706408530934585#1
0000 0014 2000 0000 0000 0000#1625389176908099#-60.5#5.9518454569962875#1
0000 0022 2000 0000 0000 0000#1625389176909184#-45.5#2.650718801466388#1
0000 001D 2000 0000 0000 0000#1625389176910245#-57.0#4.792155981354743#1
0000 0029 2000 0000 0000 0000#1625389176911556#-64.0#4.804427827657828#1
0000 0012 2000 0000 0000 0000#1625389176912646#-54.0#2.9759227284981438#1
0000 002C 2000 0000 0000 0000#1625389176913708#-46.0#6.068427996875596#1
0000 0016 2000 0000 0000 0000#1625389176914774#-59.5#0.380427235395639#1
0000 0015 2000 0000 0000 0000#1625389176915835#-56.0#5.2768939103266055#1
0000 001F 2000 0000 0000 0000#1625389176917323#-58.0#0.5092816215780329#1
0000 0020 2000 0000 0000 0000#1625389176918398#-54.0#6.062292073724054#1
0000 001E 2000 0000 0000 0000#1625389176919484#-48.0#5.878214379177777#1
0000 002A 2000 0000 0000 0000#1625389176921012#-57.5#5.252350217720435#1
0000 0026 2000 0000 0000 0000#1625389176922053#-62.0#2.055534255766759#1
0000 0017 2000 0000 0000 0000#1625389176923073#-53.5#4.006757817957295#1
0000 0024 2000 0000 0000 0000#1625389176924139#-58.5#2.6016314162540475#1
0000 001B 2000 0000 0000 0000#1625389176926956#-59.5#3.380893656499953#1
0000 0027 2000 0000 0000 0000#1625389176928005#-61.0#3.117048960983623#1
0C21 0537 8123 1003 2202 062F#1625389176929290#-67.0#4.325825821837508#1
0000 001A 2000 0000 0000 0000#1625389176930861#-55.0#2.9697868053466014#1
0000 0028 2000 0000 0000 0000#1625389176931956#-65.5#4.123340357836604#1
0000 0018 2000 0000 0000 0000#1625389176934244#-62.0#5.049864753719531#1
0000 001D 2000 0000 0000 0000#1625389176939436#-57.0#4.804427827657828#1
0000 001F 2000 0000 0000 0000#1625389176940450#-58.0#0.5399612373357456#1
0000 0012 2000 0000 0000 0000#1625389176941570#-54.0#3.0127382674073995#1
0000 001E 2000 0000 0000 0000#1625389176942651#-48.0#5.8659425328746915#1
0000 0020 2000 0000 0000 0000#1625389176943731#-54.0#6.056156150572511#1
0000 002C 2000 0000 0000 0000#1625389176944825#-46.0#6.074563920027139#1
0000 0014 2000 0000 0000 0000#1625389176946407#-60.5#5.915029918087033#1
0000 002B 2000 0000 0000 0000#1625389176947715#-50.0#5.712544454086128#1
0C21 0537 8123 1003 2202 062F#1625389176949043#-67.0#4.485359823777615#1
0000 0029 2000 0000 0000 0000#1625389176950336#-64.0#4.73693267299086#1
0000 0015 2000 0000 0000 0000#1625389176951402#-56.5#5.2768939103266055#1
0000 0022 2000 0000 0000 0000#1625389176952490#-45.5#2.662990647769473#1
0000 0017 2000 0000 0000 0000#1625389176953524#-53.0#4.0128937411088375#1
0000 001B 2000 0000 0000 0000#1625389176955379#-59.5#3.3195344249845276#1
0000 0028 2000 0000 0000 0000#1625389176956386#-65.5#4.080388895775806#1
0000 001A 2000 0000 0000 0000#1625389176966190#-54.5#2.767301341345697#1
0000 0023 2000 0000 0000 0000#1625389176967220#-54.5#2.834796496012665#1
0000 0026 2000 0000 0000 0000#1625389176968486#-62.0#1.9573594853420782#1
0000 002A 2000 0000 0000 0000#1625389176969501#-57.0#5.0682725231741586#1
0000 0024 2000 0000 0000 0000#1625389176971041#-58.5#2.497320722677824#1
0000 000F 2000 0000 0000 0000#1625389176973312#-58.5#5.031456984264903#1
0000 0016 2000 0000 0000 0000#1625389176975102#-59.5#0.16566992509164924#1
0000 0013 2000 0000 0000 0000#1625389176976670#-60.0#2.7120780329818137#1
0000 0021 2000 0000 0000 0000#1625389176977748#-59.0#0.4295146206079795#1
0000 0011 2000 0000 0000 0000#1625389176982143#-59.0#3.3318062712876126#1
0000 0018 2000 0000 0000 0000#1625389176984816#-60.0#4.884194828627882#1
0000 0027 2000 0000 0000 0000#1625389176985836#-60.5#3.000466421104314#1
0000 0025 2000 0000 0000 0000#1625389176986862#-65.5#1.6751070203711202#1
0000 002A 2000 0000 0000 0000#1625389177250715#-57.5#5.436427912266712#1
0000 001A 2000 0000 0000 0000#1625389177251819#-55.5#3.3011266555298997#1
0000 0017 2000 0000 0000 0000#1625389177252867#-52.0#4.313553975534423#1
0000 0025 2000 0000 0000 0000#1625389177254932#-64.5#1.8775924843720249#1
0000 000F 2000 0000 0000 0000#1625389177256009#-58.5#5.45483568172134#1
0000 0026 2000 0000 0000 0000#1625389177257286#-62.5#2.313243028131547#1
0000 001E 2000 0000 0000 0000#1625389177258598#-48.0#6.031612457966341#1
0000 001F 2000 0000 0000 0000#1625389177259929#-58.5#0.6565437772150544#1
0000 002C 2000 0000 0000 0000#1625389177261023#-46.5#6.209554229361076#1
0000 0018 2000 0000 0000 0000#1625389177262083#-60.5#5.264622064023521#1
0000 0011 2000 0000 0000 0000#1625389177263888#-60.0#3.9085830475326135#1
0000 0022 2000 0000 0000 0000#1625389177266381#-46.0#2.9391071895888885#1
0000 0014 2000 0000 0000 0000#1625389177267707#-61.5#6.209554229361076#1
0000 002B 2000 0000 0000 0000#1625389177269028#-50.0#5.884350302329319#1
0000 0028 2000 0000 0000 0000#1625389177270421#-65.0#4.301282129231338#1
0000 0027 2000 0000 0000 0000#1625389177271440#-60.5#3.448388811166921#1
0000 0020 2000 0000 0000 0000#1625389177273271#-54.5#6.2463697682703305#1
0000 0015 2000 0000 0000 0000#1625389177274578#-58.0#5.534602682691394#1
0000 001D 2000 0000 0000 0000#1625389177276397#-58.0#5.062136600022616#1
0000 0012 2000 0000 0000 0000#1625389177277474#-54.5#3.3379421944391554#1
0000 0024 2000 0000 0000 0000#1625389177278568#-59.0#2.8654761117703775#1
0000 0016 2000 0000 0000 0000#1625389177279948#-59.5#0.5276893910326605#1
0000 001B 2000 0000 0000 0000#1625389177283016#-60.0#3.6876898140770815#1
0000 0013 2000 0000 0000 0000#1625389177284098#-61.0#3.1784081924990484#1
0C21 0537 8123 1003 2202 062F#1625389177285313#-66.5#4.779884135051658#1
0000 0029 2000 0000 0000 0000#1625389177286422#-63.0#4.963961829597935#1
0000 0013 2000 0000 0000 0000#1625389177290565#-61.0#3.1968159619536762#1
0000 000F 2000 0000 0000 0000#1625389177291871#-58.5#5.485515297479052#1
0000 001B 2000 0000 0000 0000#1625389177293136#-60.0#3.749049045592507#1
0000 0024 2000 0000 0000 0000#1625389177294201#-59.0#2.8409324191642074#1
0C21 0537 8123 1003 2202 062F#1625389177295255#-66.5#4.773748211900116#1
0000 0015 2000 0000 0000 0000#1625389177296546#-58.0#5.577554144752192#1
0000 002B 2000 0000 0000 0000#1625389177297870#-50.0#5.884350302329319#1
0000 001A 2000 0000 0000 0000#1625389177298945#-55.5#3.3440781175906977#1
0000 001D 2000 0000 0000 0000#1625389177300276#-58.0#5.049864753719531#1
0000 0017 2000 0000 0000 0000#1625389177301539#-52.0#4.319689898685965#1
0000 0018 2000 0000 0000 0000#1625389177302558#-61.0#5.325981295538946#1
0000 001E 2000 0000 0000 0000#1625389177303872#-48.5#6.007068765360171#1
0000 0016 2000 0000 0000 0000#1625389177305435#-59.5#0.5706408530934585#1
0000 0022 2000 0000 0000 0000#1625389177306506#-46.0#2.9391071895888885#1
0000 002C 2000 0000 0000 0000#1625389177308090#-46.5#6.240233845118788#1
0000 0011 2000 0000 0000 0000#1625389177309125#-60.0#3.8840393549264434#1
0000 001F 2000 0000 0000 0000#1625389177311479#-58.0#0.6688156235181395#1
0000 0027 2000 0000 0000 0000#1625389177312796#-60.5#3.429981041712294#1
0000 0026 2000 0000 0000 0000#1625389177314558#-63.0#2.3009711818284617#1
0000 0025 2000 0000 0000 0000#1625389177315859#-65.0#1.8346410223112268#1
0000 002A 2000 0000 0000 0000#1625389177317430#-57.5#5.45483568172134#1
0000 0014 2000 0000 0000 0000#1625389177319188#-61.5#6.22182607566416#1
0000 0029 2000 0000 0000 0000#1625389177320896#-63.0#5.0682725231741586#1
0000 0028 2000 0000 0000 0000#1625389177321933#-64.5#4.356505437595221#1
0000 0020 2000 0000 0000 0000#1625389177322996#-54.5#6.2463697682703305#1
0000 0012 2000 0000 0000 0000#1625389177324528#-54.5#3.3195344249845276#1
0000 0021 2000 0000 0000 0000#1625389177588756#-59.0#0.34974761963792617#1
0000 001A 2000 0000 0000 0000#1625389177590782#-55.0#2.662990647769473#1
0000 001B 2000 0000 0000 0000#1625389177591861#-60.0#3.067961575771282#1
0000 0025 2000 0000 0000 0000#1625389177592886#-65.0#1.6444274046134073#1
0000 0020 2000 0000 0000 0000#1625389177594238#-53.0#5.810719224510809#1
0000 002C 2000 0000 0000 0000#1625389177595791#-45.5#5.878214379177777#1
0000 000F 2000 0000 0000 0000#1625389177597096#-58.5#4.95168998329485#1
0000 001F 2000 0000 0000 0000#1625389177598170#-58.0#0.1902136176978195#1
0000 0014 2000 0000 0000 0000#1625389177599537#-61.5#5.681864838328415#1
0000 001E 2000 0000 0000 0000#1625389177600878#-47.5#5.577554144752192#1
0000 0024 2000 0000 0000 0000#1625389177601943#-58.5#2.5402721847386216#1
0000 0027 2000 0000 0000 0000#1625389177603526#-61.5#3.2765829629237295#1
0000 0018 2000 0000 0000 0000#1625389177604544#-60.5#4.853515212870168#1
0000 0023 2000 0000 0000 0000#1625389177605840#-54.0#2.8961557275280905#1
0000 0017 2000 0000 0000 0000#1625389177606949#-52.5#3.663146121470911#1
0000 002B 2000 0000 0000 0000#1625389177608060#-49.5#5.626641529964532#1
0000 0016 2000 0000 0000 0000#1625389177609352#-60.5#6.277049384028044#1
0000 0029 2000 0000 0000 0000#1625389177610433#-62.0#4.878058905476339#1
0000 0022 2000 0000 0000 0000#1625389177611733#-45.5#2.5402721847386216#1
0000 0012 2000 0000 0000 0000#1625389177613138#-54.0#2.6998061866787286#1
0000 0011 2000 0000 0000 0000#1625389177614684#-60.5#3.2459033471660166#1
0000 001D 2000 0000 0000 0000#1625389177616856#-58.0#4.558990901596125#1
0000 0026 2000 0000 0000 0000#1625389177617909#-62.5#2.1475731030398975#1
0000 0028 2000 0000 0000 0000#1625389177619485#-64.0#4.319689898685965#1
0000 002A 2000 0000 0000 0000#1625389177620474#-56.5#5.2768939103266055#1
0000 0015 2000 0000 0000 0000#1625389177621755#-57.5#5.006913291658733#1
0000 0013 2000 0000 0000 0000#1625389177623845#-60.0#2.6016314162540475#1
0C21 0537 8123 1003 2202 062F#1625389177625276#-65.5#3.724505352986337#1
0000 002B 2000 0000 0000 0000#1625389177630056#-49.5#5.6941366846315#1
0000 0021 2000 0000 0000 0000#1625389177631364#-58.5#0.4663301595172349#1
0000 001B 2000 0000 0000 0000#1625389177632657#-60.0#3.074097498922825#1
0000 0025 2000 0000 0000 0000#1625389177633728#-65.0#1.846912868614312#1
0000 0020 2000 0000 0000 0000#1625389177635258#-53.0#5.835262917116979#1
0000 0029 2000 0000 0000 0000#1625389177636328#-61.5#4.957825906446392#1
0000 001E 2000 0000 0000 0000#1625389177637441#-47.0#5.602097837358362#1
0000 0017 2000 0000 0000 0000#1625389177638520#-52.5#3.650874275167826#1
0000 0022 2000 0000 0000 0000#1625389177639549#-45.0#2.5709518004963345#1
0000 002C 2000 0000 0000 0000#1625389177641885#-45.5#5.982525072754001#1
0000 0012 2000 0000 0000 0000#1625389177642933#-54.0#2.705942109830271#1
0000 0014 2000 0000 0000 0000#1625389177645024#-61.5#5.64504929941916#1
0000 0018 2000 0000 0000 0000#1625389177646342#-60.5#4.8351074434155406#1
0000 0028 2000 0000 0000 0000#1625389177647932#-64.5#4.424000592262189#1
0000 0015 2000 0000 0000 0000#1625389177649111#-57.0#5.031456984264903#1
0000 001D 2000 0000 0000 0000#1625389177650216#-58.0#4.571262747899211#1
0000 001A 2000 0000 0000 0000#1625389177651263#-55.5#2.662990647769473#1
0000 001F 2000 0000 0000 0000#1625389177652549#-58.5#0.28838838812250056#1
0C21 0537 8123 1003 2202 062F#1625389177653907#-66.5#3.8533597391687304#1
0000 000F 2000 0000 0000 0000#1625389177654999#-58.0#4.97623367590102#1
0000 002A 2000 0000 0000 0000#1625389177656570#-56.0#5.405748296509#1
0000 0024 2000 0000 0000 0000#1625389177657923#-58.0#2.7550294950426117#1
0000 0013 2000 0000 0000 0000#1625389177659021#-60.0#2.5402721847386216#1
0000 0027 2000 0000 0000 0000#1625389177660092#-61.0#3.6140587362585705#1
0000 0026 2000 0000 0000 0000#1625389177661202#-62.5#2.405281875404685#1
0000 0016 2000 0000 0000 0000#1625389177663801#-61.0#0.01227184630308513#1
0000 0011 2000 0000 0000 0000#1625389177664892#-60.5#3.153864499892878#1
0000 001A 2000 0000 0000 0000#1625389177928893#-54.0#2.3623304133438876#1
0000 0017 2000 0000 0000 0000#1625389177930220#-55.5#3.3624858870453256#1
0000 001F 2000 0000 0000 0000#1625389177931265#-60.0#1.4664856332186729#1
0000 0024 2000 0000 0000 0000#1625389177932332#-57.0#4.190835512503572#1
0000 0026 2000 0000 0000 0000#1625389177933398#-59.5#3.736777199289422#1
0000 0020 2000 0000 0000 0000#1625389177934900#-52.5#0.9572040116406401#1
0000 0012 2000 0000 0000 0000#1625389177936450#-54.0#2.405281875404685#1
0000 0010 2000 0000 0000 0000#1625389177937592#-60.5#5.252350217720435#1
0000 002A 2000 0000 0000 0000#1625389177938668#-54.0#6.007068765360171#1
0000 001E 2000 0000 0000 0000#1625389177940236#-48.5#0.7424467013366504#1
0000 0016 2000 0000 0000 0000#1625389177941358#-62.0#0.1902136176978195#1
0000 001B 2000 0000 0000 0000#1625389177942664#-59.0#2.7120780329818137#1
0000 0013 2000 0000 0000 0000#1625389177943942#-60.0#2.3746022596469727#1
0000 0018 2000 0000 0000 0000#1625389177944965#-60.5#4.945554060143307#1
0000 001D 2000 0000 0000 0000#1625389177946024#-57.5#4.399456899656019#1
0000 002B 2000 0000 0000 0000#1625389177947816#-47.5#0.5583690067903734#1
0000 0014 2000 0000 0000 0000#1625389177949604#-60.5#5.565282298449106#1
0000 0028 2000 0000 0000 0000#1625389177951555#-60.0#5.436427912266712#1
0000 002C 2000 0000 0000 0000#1625389177952968#-44.5#0.9633399347921826#1
0000 0021 2000 0000 0000 0000#1625389177954017#-57.5#1.8530487917658545#1
0000 0029 2000 0000 0000 0000#1625389177955083#-58.5#5.577554144752192#1
0C21 0537 8123 1003 2202 062F#1625389177956398#-65.0#3.810408277107933#1
0000 0022 2000 0000 0000 0000#1625389177957483#-44.5#4.184699589352029#1
0000 0011 2000 0000 0000 0000#1625389177958543#-61.0#2.564815877344792#1
0000 0015 2000 0000 0000 0000#1625389177959649#-57.0#4.81056375080937#1
0000 0025 2000 0000 0000 0000#1625389177961092#-62.5#3.4913402732277192#1
0000 000F 2000 0000 0000 0000#1625389177962155#-59.5#5.0682725231741586#1
0000 0027 2000 0000 0000 0000#1625389177963230#-56.0#5.013049214810275#1
0000 0020 2000 0000 0000 0000#1625389177968090#-53.0#1.0676506283684062#1
0000 002C 2000 0000 0000 0000#1625389177970138#-44.5#1.030835089459151#1
0000 0022 2000 0000 0000 0000#1625389177971224#-44.5#4.23378697456437#1
0000 002B 2000 0000 0000 0000#1625389177972797#-48.0#0.6258641614573416#1
0000 0016 2000 0000 0000 0000#1625389177974317#-62.0#0.2454369260617026#1
0000 0026 2000 0000 0000 0000#1625389177976342#-59.0#3.877903431774901#1
0000 0012 2000 0000 0000 0000#1625389177977431#-54.0#2.3930100291016#1
0000 0027 2000 0000 0000 0000#1625389177978465#-56.5#5.080544369477243#1
0000 001E 2000 0000 0000 0000#1625389177979818#-48.0#0.8774370106705868#1
0000 0029 2000 0000 0000 0000#1625389177980870#-58.0#5.663457068873787#1
0000 0017 2000 0000 0000 0000#1625389177981950#-56.0#3.32567034813607#1
0000 0015 2000 0000 0000 0000#1625389177983286#-57.0#4.8351074434155406#1
0000 0010 2000 0000 0000 0000#1625389177984431#-61.0#5.2768939103266055#1
0000 0028 2000 0000 0000 0000#1625389177985723#-59.5#5.540738605842936#1
0000 001D 2000 0000 0000 0000#1625389177987253#-57.5#4.4362724385652745#1
0000 0011 2000 0000 0000 0000#1625389177988723#-61.5#2.521864415283994#1
0000 0024 2000 0000 0000 0000#1625389177998725#-57.0#4.859651136021712#1
0000 001B 2000 0000 0000 0000#1625389177999748#-59.5#3.3195344249845276#1
0000 000F 2000 0000 0000 0000#1625389178001054#-60.0#5.675728915176872#1
0000 0023 2000 0000 0000 0000#1625389178002109#-52.0#5.123495831538041#1
0000 001A 2000 0000 0000 0000#1625389178003854#-55.0#2.9206994201342606#1
0000 0018 2000 0000 0000 0000#1625389178004900#-61.5#5.638913376267617#1
0000 002A 2000 0000 0000 0000#1625389178006003#-54.0#0.4111068511533518#1
0000 0014 2000 0000 0000 0000#1625389178008029#-61.0#6.105243535784852#1
0000 0013 2000 0000 0000 0000#1625389178009051#-59.5#2.890019804376548#1
0000 0025 2000 0000 0000 0000#1625389178010134#-61.5#4.178563666200486#1
0C21 0537 8123 1003 2202 062F#1625389178012120#-65.0#4.767612288748572#1
0000 0021 2000 0000 0000 0000#1625389178013812#-58.0#2.5280003384355365#1
0000 002C 2000 0000 0000 0000#1625389178276005#-45.0#2.791845033951867#1
0000 0012 2000 0000 0000 0000#1625389178278047#-53.5#2.8838838812250054#1
0000 0026 2000 0000 0000 0000#1625389178279328#-56.0#4.657165672020807#1
0000 0015 2000 0000 0000 0000#1625389178280677#-57.0#5.301437602932776#1
0000 002A 2000 0000 0000 0000#1625389178281738#-56.0#0.7853981633974483#1
0000 0024 2000 0000 0000 0000#1625389178282776#-56.0#5.50392306693368#1
0000 001E 2000 0000 0000 0000#1625389178283859#-49.0#2.6691265709210157#1
0000 0011 2000 0000 0000 0000#1625389178284921#-60.0#2.8838838812250054#1
0000 0020 2000 0000 0000 0000#1625389178287179#-55.0#2.988194574801229#1
0000 002B 2000 0000 0000 0000#1625389178288290#-47.5#2.067806102069844#1
0000 001A 2000 0000 0000 0000#1625389178289408#-54.5#2.82252464970958#1
0000 0021 2000 0000 0000 0000#1625389178291012#-58.5#4.135612204139688#1
0000 0025 2000 0000 0000 0000#1625389178292094#-58.0#4.620350133111551#1
0000 0023 2000 0000 0000 0000#1625389178293206#-52.0#5.982525072754001#1
0000 0022 2000 0000 0000 0000#1625389178294766#-43.0#5.792311455056181#1
0000 0017 2000 0000 0000 0000#1625389178295830#-57.0#3.3747577333484107#1
0000 0027 2000 0000 0000 0000#1625389178296846#-55.5#5.9518454569962875#1
0000 0029 2000 0000 0000 0000#1625389178298792#-60.0#6.277049384028044#1
0000 0013 2000 0000 0000 0000#1625389178299847#-59.0#3.08636934522591#1
0000 001D 2000 0000 0000 0000#1625389178300936#-58.0#4.914874444385594#1
0000 0018 2000 0000 0000 0000#1625389178303116#-62.0#5.5100589900852235#1
0000 0014 2000 0000 0000 0000#1625389178304411#-62.0#6.215690152512618#1
0000 001B 2000 0000 0000 0000#1625389178306223#-58.5#3.448388811166921#1
0000 000F 2000 0000 0000 0000#1625389178307273#-62.0#5.602097837358362#1
0000 0028 2000 0000 0000 0000#1625389178308309#-59.5#0.006135923151542565#1
0000 0016 2000 0000 0000 0000#1625389178310327#-63.5#0.5460971604872883#1
0C21 0537 8123 1003 2202 062F#1625389178312009#-67.5#4.76147636559703#1
0000 0015 2000 0000 0000 0000#1625389178317047#-57.5#5.356660911296659#1
0000 002C 2000 0000 0000 0000#1625389178318127#-45.5#3.043417883165112#1
0000 0013 2000 0000 0000 0000#1625389178319423#-59.5#3.104777114680538#1
0000 0025 2000 0000 0000 0000#1625389178320762#-58.0#4.6448938257177215#1
0000 001E 2000 0000 0000 0000#1625389178321860#-49.0#2.82252464970958#1
0000 0029 2000 0000 0000 0000#1625389178322912#-60.5#0.018407769454627694#1
0000 002A 2000 0000 0000 0000#1625389178324002#-56.5#0.9633399347921826#1
0000 0018 2000 0000 0000 0000#1625389178325106#-63.0#5.4671075280244255#1
0000 0017 2000 0000 0000 0000#1625389178326654#-57.0#3.32567034813607#1
0000 0027 2000 0000 0000 0000#1625389178327758#-56.0#5.994796919057086#1
0000 0012 2000 0000 0000 0000#1625389178328820#-53.5#2.9329712664373457#1
0000 0020 2000 0000 0000 0000#1625389178330202#-55.5#3.2336315008629315#1
0000 001A 2000 0000 0000 0000#1625389178331679#-54.5#2.859340188618835#1
0000 0028 2000 0000 0000 0000#1625389178334343#-60.0#0.03681553890925539#1
0000 0016 2000 0000 0000 0000#1625389178335466#-64.0#0.48473792897186263#1
0000 0022 2000 0000 0000 0000#1625389178336748#-43.0#5.872078456026235#1
0000 002B 2000 0000 0000 0000#1625389178338083#-48.5#2.3009711818284617#1
0000 0011 2000 0000 0000 0000#1625389178340001#-59.5#3.000466421104314#1
0C21 0537 8123 1003 2202 062F#1625389178341073#-69.0#4.651029748869264#1
0000 0026 2000 0000 0000 0000#1625389178342660#-55.5#4.755340442445488#1
0000 0024 2000 0000 0000 0000#1625389178343971#-56.0#5.6143696836614465#1
0000 000F 2000 0000 0000 0000#1625389178345064#-62.0#5.522330836388308#1
0000 0023 2000 0000 0000 0000#1625389178346148#-52.0#6.074563920027139#1
0000 001D 2000 0000 0000 0000#1625389178348219#-58.0#4.9394181369917645#1
0000 001B 2000 0000 0000 0000#1625389178350398#-58.5#3.442252888015379#1
0000 0014 2000 0000 0000 0000#1625389178352661#-62.0#6.17273869045182#1
0000 0018 2000 0000 0000 0000#1625389178616089#-63.0#4.779884135051658#1
0000 0016 2000 0000 0000 0000#1625389178617395#-63.0#5.939573610693203#1
0000 002A 2000 0000 0000 0000#1625389178618428#-58.0#2.3193789512830896#1
0000 0017 2000 0000 0000 0000#1625389178619464#-55.0#2.791845033951867#1
0000 001D 2000 0000 0000 0000#1625389178620495#-59.0#4.546719055293041#1
0000 0012 2000 0000 0000 0000#1625389178621814#-54.5#2.6323110320117604#1
0000 0020 2000 0000 0000 0000#1625389178622892#-54.5#3.5711072741977725#1
0000 0027 2000 0000 0000 0000#1625389178624465#-61.0#6.22182607566416#1
0000 002B 2000 0000 0000 0000#1625389178626807#-47.0#3.055689729468197#1
0000 001E 2000 0000 0000 0000#1625389178629519#-48.0#3.1968159619536762#1
0000 0022 2000 0000 0000 0000#1625389178630606#-43.0#6.031612457966341#1
0000 001A 2000 0000 0000 0000#1625389178631653#-55.5#2.5832236467994196#1
0000 0029 2000 0000 0000 0000#1625389178633021#-67.5#1.368310862793992#1
0000 002C 2000 0000 0000 0000#1625389178634381#-43.0#3.6017868899554855#1
0000 0024 2000 0000 0000 0000#1625389178636607#-56.0#5.810719224510809#1
0000 0013 2000 0000 0000 0000#1625389178638560#-61.0#2.859340188618835#1
0000 001B 2000 0000 0000 0000#1625389178640025#-59.5#3.32567034813607#1
0000 0011 2000 0000 0000 0000#1625389178641155#-58.0#2.748893571891069#1
0000 0015 2000 0000 0000 0000#1625389178642481#-57.5#5.037592907416445#1
0000 0025 2000 0000 0000 0000#1625389178643666#-57.5#4.7307967498393175#1
0000 000F 2000 0000 0000 0000#1625389178645199#-60.5#4.792155981354743#1
0000 0026 2000 0000 0000 0000#1625389178646534#-56.5#4.828971520263998#1
0000 0014 2000 0000 0000 0000#1625389178648267#-63.0#5.577554144752192#1
0000 0028 2000 0000 0000 0000#1625389178651810#-66.5#1.1106020904292042#1
0C21 0537 8123 1003 2202 062F#1625389178652897#-67.5#3.11091303783208#1
0000 001E 2000 0000 0000 0000#1625389178657940#-48.0#3.2888548092268146#1
0000 0013 2000 0000 0000 0000#1625389178659265#-61.5#2.8777479580734626#1
0000 0018 2000 0000 0000 0000#1625389178660355#-62.5#4.816699673960914#1
0000 0011 2000 0000 0000 0000#1625389178661429#-59.5#2.8102528034064944#1
0000 0025 2000 0000 0000 0000#1625389178662763#-57.5#4.773748211900116#1
0000 001D 2000 0000 0000 0000#1625389178664064#-59.5#4.546719055293041#1
0000 002A 2000 0000 0000 0000#1625389178665097#-57.5#2.4175537217077703#1
0000 001B 2000 0000 0000 0000#1625389178666116#-60.0#3.380893656499953#1
0000 0027 2000 0000 0000 0000#1625389178667178#-61.0#0.09817477042468103#1
0000 0029 2000 0000 0000 0000#1625389178668216#-66.5#1.4358060174609601#1
0C21 0537 8123 1003 2202 062F#1625389178669288#-67.0#3.1231848841351653#1
0000 0017 2000 0000 0000 0000#1625389178670368#-55.0#2.8102528034064944#1
0000 0012 2000 0000 0000 0000#1625389178671671#-55.0#2.6691265709210157#1
0000 0015 2000 0000 0000 0000#1625389178672692#-57.5#5.062136600022616#1
0000 0022 2000 0000 0000 0000#1625389178673720#-43.5#6.178874613603362#1
0000 0024 2000 0000 0000 0000#1625389178675072#-56.5#5.896622148632405#1
0000 0028 2000 0000 0000 0000#1625389178676152#-66.0#1.1596894756415448#1
0000 002C 2000 0000 0000 0000#1625389178677733#-42.5#3.6815538909255388#1
0000 002B 2000 0000 0000 0000#1625389178679300#-46.5#3.153864499892878#1
0000 000F 2000 0000 0000 0000#1625389178680335#-60.0#4.822835597112456#1
0000 001A 2000 0000 0000 0000#1625389178681580#-56.5#2.6384469551633027#1
0000 0016 2000 0000 0000 0000#1625389178682999#-62.0#5.964117303299373#1
0000 0014 2000 0000 0000 0000#1625389178684323#-63.0#5.5714182216006485#1
0000 0026 2000 0000 0000 0000#1625389178685402#-56.0#4.908738521234052#1
0000 001F 2000 0000 0000 0000#1625389178686989#-59.5#5.00077736850719#1
0000 0020 2000 0000 0000 0000#1625389178689335#-54.5#3.6999616603801666#1
0000 0023 2000 0000 0000 0000#1625389178956027#-52.0#1.0246991663076084#1
0000 001D 2000 0000 0000 0000#1625389178957054#-61.0#4.95168998329485#1
0000 0027 2000 0000 0000 0000#1625389178958375#-56.0#1.337631247036279#1
0000 0016 2000 0000 0000 0000#1625389178959438#-60.5#0.1227184630308513#1
0000 0020 2000 0000 0000 0000#1625389178960573#-57.0#4.319689898685965#1
0000 001E 2000 0000 0000 0000#1625389178961926#-49.5#4.06811704947272#1
0000 0017 2000 0000 0000 0000#1625389178962974#-55.0#3.54042765844006#1
0000 0010 2000 0000 0000 0000#1625389178964023#-63.0#5.148039524144211#1
0000 0024 2000 0000 0000 0000#1625389178965285#-55.5#0.5767767762450011#1
0000 002C 2000 0000 0000 0000#1625389178966621#-42.5#4.479223900626073#1
0000 000F 2000 0000 0000 0000#1625389178967702#-59.5#5.21553467881118#1
0000 0022 2000 0000 0000 0000#1625389178968816#-43.0#0.9572040116406401#1
0000 0025 2000 0000 0000 0000#1625389178970156#-56.5#5.8659425328746915#1
0000 0011 2000 0000 0000 0000#1625389178971176#-62.5#3.4913402732277192#1
0000 0014 2000 0000 0000 0000#1625389178972256#-65.0#5.608233760509904#1
0000 0026 2000 0000 0000 0000#1625389178973308#-54.5#6.068427996875596#1
0000 001A 2000 0000 0000 0000#1625389178976912#-61.0#3.2827188860752723#1
0000 002B 2000 0000 0000 0000#1625389178979698#-44.5#3.650874275167826#1
0000 001C 2000 0000 0000 0000#1625389178980765#-67.0#2.227340104009951#1
0000 0012 2000 0000 0000 0000#1625389178982304#-60.0#3.227495577711389#1
0000 0018 2000 0000 0000 0000#1625389178983379#-61.0#5.135767677841127#1
0000 002A 2000 0000 0000 0000#1625389178984454#-54.0#2.3746022596469727#1
0000 001B 2000 0000 0000 0000#1625389178985518#-63.5#4.111068511533518#1
0000 0029 2000 0000 0000 0000#1625389178986668#-58.0#1.576932249946439#1
0000 0028 2000 0000 0000 0000#1625389178987676#-58.5#1.6812429435226628#1
0000 0015 2000 0000 0000 0000#1625389178988744#-60.5#5.45483568172134#1
0C21 0537 8123 1003 2202 062F#1625389178990189#-65.5#3.8410878928656453#1
0000 0025 2000 0000 0000 0000#1625389178994696#-56.5#5.8659425328746915#1
0000 0028 2000 0000 0000 0000#1625389178996014#-58.0#1.705786636128833#1
0000 0015 2000 0000 0000 0000#1625389178997049#-60.5#5.5284667595398505#1
0000 001E 2000 0000 0000 0000#1625389178998120#-50.0#4.215379205109742#1
0000 0010 2000 0000 0000 0000#1625389178999307#-62.0#5.221670601962723#1
0000 0011 2000 0000 0000 0000#1625389179000596#-63.0#3.442252888015379#1
0000 002B 2000 0000 0000 0000#1625389179001690#-44.5#3.6754179677739964#1
0000 0024 2000 0000 0000 0000#1625389179002730#-55.5#0.607456392002714#1
0000 000F 2000 0000 0000 0000#1625389179003778#-59.5#5.258486140871978#1
0000 0020 2000 0000 0000 0000#1625389179005825#-57.5#4.466952054322987#1
0000 0014 2000 0000 0000 0000#1625389179006838#-64.5#5.583690067903734#1
0000 002C 2000 0000 0000 0000#1625389179007889#-43.0#4.571262747899211#1
0000 002A 2000 0000 0000 0000#1625389179009236#-54.0#2.3439226438892597#1
0000 0017 2000 0000 0000 0000#1625389179010342#-54.5#3.5711072741977725#1
0000 001A 2000 0000 0000 0000#1625389179021328#-61.5#3.117048960983623#1
0000 0026 2000 0000 0000 0000#1625389179022756#-54.0#6.007068765360171#1
0000 0021 2000 0000 0000 0000#1625389179023915#-59.5#5.681864838328415#1
0000 0022 2000 0000 0000 0000#1625389179024986#-42.5#0.9878836273983529#1
0000 0029 2000 0000 0000 0000#1625389179026296#-56.5#1.2946797849754812#1
0000 0027 2000 0000 0000 0000#1625389179029070#-55.0#1.2210487071569704#1
0000 0018 2000 0000 0000 0000#1625389179030688#-60.5#4.963961829597935#1
0000 001B 2000 0000 0000 0000#1625389179031725#-65.0#4.000621894805752#1
0000 0016 2000 0000 0000 0000#1625389179033031#-60.0#6.191146459906448#1
0000 0012 2000 0000 0000 0000#1625389179034360#-60.0#3.018874190558942#1
0C21 0537 8123 1003 2202 062F#1625389179036343#-65.5#3.792000507653305#1
0000 001D 2000 0000 0000 0000#1625389179037722#-62.0#4.724660826687775#1
0000 001C 2000 0000 0000 0000#1625389179039162#-67.5#2.172116795646068#1
0000 002B 2000 0000 0000 0000#1625389179300472#-47.0#4.037437433715008#1
0000 0016 2000 0000 0000 0000#1625389179301521#-58.0#0.4908738521234052#1
0000 0017 2000 0000 0000 0000#1625389179302854#-54.0#4.111068511533518#1
0C21 0537 8123 1003 2202 062F#1625389179303973#-66.5#4.871922982324796#1
0000 0010 2000 0000 0000 0000#1625389179305112#-61.5#5.620505606812989#1
0000 001A 2000 0000 0000 0000#1625389179306495#-65.0#3.3379421944391554#1
0000 000F 2000 0000 0000 0000#1625389179307542#-59.0#5.663457068873787#1
0000 0026 2000 0000 0000 0000#1625389179309092#-52.0#0.4479223900626072#1
0000 0029 2000 0000 0000 0000#1625389179310188#-55.0#1.2455923997631406#1
0000 0011 2000 0000 0000 0000#1625389179312239#-65.5#3.792000507653305#1
0000 001F 2000 0000 0000 0000#1625389179313811#-60.0#2.3316507975861747#1
0000 002A 2000 0000 0000 0000#1625389179314858#-53.5#1.932815792735908#1
0000 0022 2000 0000 0000 0000#1625389179315958#-42.0#2.043262409463674#1
0000 0027 2000 0000 0000 0000#1625389179316977#-53.0#1.5155730184310134#1
0000 0021 2000 0000 0000 0000#1625389179318069#-59.5#1.5462526341887264#1
0000 001E 2000 0000 0000 0000#1625389179319407#-53.0#5.5714182216006485#1
0000 002C 2000 0000 0000 0000#1625389179320444#-44.5#5.712544454086128#1
0000 0015 2000 0000 0000 0000#1625389179322864#-63.0#5.724816300389213#1
0000 0024 2000 0000 0000 0000#1625389179324799#-54.5#1.0369710126106935#1
0000 0014 2000 0000 0000 0000#1625389179326195#-65.5#5.835262917116979#1
0000 0028 2000 0000 0000 0000#1625389179327716#-56.5#1.509437095279471#1
0000 0025 2000 0000 0000 0000#1625389179329040#-54.5#0.3436116964863836#1
0000 001D 2000 0000 0000 0000#1625389179330058#-64.0#4.97623367590102#1
0000 0012 2000 0000 0000 0000#1625389179331135#-63.0#3.141592653589793#1
0000 001C 2000 0000 0000 0000#1625389179332774#-69.5#2.1782527187976104#1
0000 0018 2000 0000 0000 0000#1625389179333847#-61.0#5.589825991055276#1
0000 0026 2000 0000 0000 0000#1625389179338844#-52.0#0.47860200582032003#1
0000 002C 2000 0000 0000 0000#1625389179341287#-45.0#5.8045833013592665#1
0000 0025 2000 0000 0000 0000#1625389179342370#-54.5#0.35588354278946877#1
0000 0016 2000 0000 0000 0000#1625389179343476#-58.0#0.47860200582032003#1
0000 000F 2000 0000 0000 0000#1625389179344810#-59.0#5.71868037723767#1
0000 0029 2000 0000 0000 0000#1625389179345876#-55.0#1.1719613219446299#1
0000 0012 2000 0000 0000 0000#1625389179346938#-63.0#3.2029518851052186#1
0000 002B 2000 0000 0000 0000#1625389179348957#-47.5#4.074252972624263#1
0000 001F 2000 0000 0000 0000#1625389179350061#-59.0#2.4911847995262812#1
0000 001E 2000 0000 0000 0000#1625389179351087#-53.5#5.6941366846315#1
0000 0024 2000 0000 0000 0000#1625389179352170#-54.5#1.0369710126106935#1
0000 0010 2000 0000 0000 0000#1625389179353244#-62.5#5.602097837358362#1
0000 0022 2000 0000 0000 0000#1625389179354594#-42.5#2.1046216409791#1
0000 002A 2000 0000 0000 0000#1625389179356027#-54.0#1.8530487917658545#1
0000 001D 2000 0000 0000 0000#1625389179357087#-63.5#4.8351074434155406#1
0000 0011 2000 0000 0000 0000#1625389179358174#-65.5#3.7122335066832517#1
0000 0028 2000 0000 0000 0000#1625389179359239#-56.0#1.4787574795217582#1
0000 0018 2000 0000 0000 0000#1625389179361055#-60.5#5.540738605842936#1
0000 0027 2000 0000 0000 0000#1625389179362546#-53.0#1.4910293258248433#1
0000 0015 2000 0000 0000 0000#1625389179363810#-63.0#5.66959299202533#1
0C21 0537 8123 1003 2202 062F#1625389179366574#-66.5#4.7860200582032#1
0000 0017 2000 0000 0000 0000#1625389179368816#-53.5#4.123340357836604#1
0000 0014 2000 0000 0000 0000#1625389179370086#-65.5#5.773903685601553#1
0000 001C 2000 0000 0000 0000#1625389179373848#-69.0#2.2027964114037806#1
0000 0016 2000 0000 0000 0000#1625389179639553#-57.0#0.6872233929727672#1
0000 002A 2000 0000 0000 0000#1625389179640612#-56.0#1.3867186322486196#1
0C21 0537 8123 1003 2202 062F#1625389179641941#-67.5#4.95168998329485#1
0000 0018 2000 0000 0000 0000#1625389179642988#-60.0#5.798447378207723#1
0000 001C 2000 0000 0000 0000#1625389179645041#-70.5#2.435961491162398#1
0000 0015 2000 0000 0000 0000#1625389179646826#-63.0#5.651185222570702#1
0000 0022 2000 0000 0000 0000#1625389179647911#-45.0#2.718213956133356#1
0000 0029 2000 0000 0000 0000#1625389179650901#-55.5#0.8835729338221293#1
0000 0028 2000 0000 0000 0000#1625389179652887#-56.0#1.227184630308513#1
0000 0027 2000 0000 0000 0000#1625389179653891#-53.0#1.3744467859455345#1
0000 002C 2000 0000 0000 0000#1625389179654928#-47.0#0.44178646691106466#1
0000 0024 2000 0000 0000 0000#1625389179656257#-55.5#0.9817477042468103#1
0000 0025 2000 0000 0000 0000#1625389179658015#-54.5#0.47860200582032003#1
0000 0010 2000 0000 0000 0000#1625389179659018#-62.5#5.829126993965437#1
0000 0017 2000 0000 0000 0000#1625389179660338#-53.5#4.460816131171445#1
0000 000F 2000 0000 0000 0000#1625389179661672#-58.0#5.927301764390117#1
0000 002B 2000 0000 0000 0000#1625389179662711#-51.5#4.111068511533518#1
0000 0012 2000 0000 0000 0000#1625389179664028#-63.0#3.018874190558942#1
0000 001E 2000 0000 0000 0000#1625389179665124#-56.5#0.803805932852076#1
0000 0011 2000 0000 0000 0000#1625389179666414#-66.5#3.9085830475326135#1
0000 001D 2000 0000 0000 0000#1625389179667715#-63.5#4.718524903536232#1
0000 0026 2000 0000 0000 0000#1625389179668838#-51.5#0.5767767762450011#1
0000 0014 2000 0000 0000 0000#1625389179671747#-65.0#5.921165841238575#1
0000 001F 2000 0000 0000 0000#1625389179672848#-55.5#3.3379421944391554#1
0000 002C 2000 0000 0000 0000#1625389179678052#-47.0#0.46019423636569234#1
0000 0029 2000 0000 0000 0000#1625389179679391#-55.5#0.8344855486097889#1
0000 0022 2000 0000 0000 0000#1625389179680447#-45.5#2.767301341345697#1
0000 0024 2000 0000 0000 0000#1625389179682002#-55.5#0.9572040116406401#1
0000 0027 2000 0000 0000 0000#1625389179683065#-53.0#1.3560390164909069#1
0000 0018 2000 0000 0000 0000#1625389179684837#-60.0#5.884350302329319#1
0000 0016 2000 0000 0000 0000#1625389179685915#-57.0#0.7117670855789375#1
0000 0011 2000 0000 0000 0000#1625389179686931#-66.5#3.9085830475326135#1
0000 001E 2000 0000 0000 0000#1625389179688471#-56.5#0.8160777791551611#1
0000 0028 2000 0000 0000 0000#1625389179691463#-55.5#1.1965050145508#1
0000 002B 2000 0000 0000 0000#1625389179692515#-51.5#4.06811704947272#1
0000 001D 2000 0000 0000 0000#1625389179693702#-61.5#4.749204519293945#1
0000 0014 2000 0000 0000 0000#1625389179695012#-65.0#5.853670686571607#1
0000 0017 2000 0000 0000 0000#1625389179696821#-53.0#4.473087977474529#1
0000 0025 2000 0000 0000 0000#1625389179699719#-54.5#0.4908738521234052#1
0000 0026 2000 0000 0000 0000#1625389179701142#-51.5#0.5460971604872883#1
0000 001F 2000 0000 0000 0000#1625389179702200#-55.5#3.4177091954092087#1
0000 002A 2000 0000 0000 0000#1625389179703292#-55.5#1.2333205534600555#1
0C21 0537 8123 1003 2202 062F#1625389179705117#-67.5#4.9394181369917645#1
0000 0010 2000 0000 0000 0000#1625389179706164#-62.5#5.798447378207723#1
0000 000F 2000 0000 0000 0000#1625389179707341#-58.0#5.957981380147831#1
0000 0012 2000 0000 0000 0000#1625389179708630#-62.5#3.0250101137104846#1
0000 0015 2000 0000 0000 0000#1625389179710082#-63.5#5.565282298449106#1
0000 000F 2000 0000 0000 0000#1625389179972950#-57.5#5.043728830567988#1
0000 002A 2000 0000 0000 0000#1625389179974015#-57.5#5.577554144752192#1
0000 0029 2000 0000 0000 0000#1625389179975096#-54.0#5.399612373357457#1
0000 0022 2000 0000 0000 0000#1625389179976111#-46.0#1.9696313316451632#1
0000 0015 2000 0000 0000 0000#1625389179977405#-62.5#4.663301595172349#1
0000 0011 2000 0000 0000 0000#1625389179978951#-65.5#2.8961557275280905#1
0000 0025 2000 0000 0000 0000#1625389179980003#-54.0#5.608233760509904#1
0000 001D 2000 0000 0000 0000#1625389179981276#-62.5#3.877903431774901#1
0000 0026 2000 0000 0000 0000#1625389179983588#-51.5#5.5714182216006485#1
0000 001E 2000 0000 0000 0000#1625389179984670#-57.0#0.30066023442558565#1
0000 001F 2000 0000 0000 0000#1625389179985729#-53.0#2.5954954931025047#1
0000 0016 2000 0000 0000 0000#1625389179986790#-57.0#5.982525072754001#1
0C21 0537 8123 1003 2202 062F#1625389179988601#-67.0#3.160000423044421#1
0000 002B 2000 0000 0000 0000#1625389179990400#-55.5#2.8777479580734626#1
0000 0012 2000 0000 0000 0000#1625389179991660#-62.0#2.1353012567368124#1
0000 0018 2000 0000 0000 0000#1625389179992664#-59.5#4.9394181369917645#1
0000 0027 2000 0000 0000 0000#1625389179994082#-54.0#6.117515382087937#1
0000 0024 2000 0000 0000 0000#1625389179995675#-55.5#5.841398840268521#1
0000 0020 2000 0000 0000 0000#1625389179998751#-65.0#1.6751070203711202#1
0000 002C 2000 0000 0000 0000#1625389179999842#-48.0#6.135923151542564#1
0000 0010 2000 0000 0000 0000#1625389180001144#-62.0#4.933282213840222#1
0000 0028 2000 0000 0000 0000#1625389180002425#-56.0#5.730952223540755#1
0000 0014 2000 0000 0000 0000#1625389180003665#-64.0#4.9823695990525625#1
0000 0017 2000 0000 0000 0000#1625389180004976#-53.5#3.472932503773092#1
0000 0026 2000 0000 0000 0000#1625389180009748#-51.5#5.5100589900852235#1
0000 0024 2000 0000 0000 0000#1625389180010828#-56.0#5.822991070813893#1
0000 0027 2000 0000 0000 0000#1625389180012662#-54.0#6.037748381117884#1
0C21 0537 8123 1003 2202 062F#1625389180013730#-66.5#3.215223731408304#1
0000 0011 2000 0000 0000 0000#1625389180015049#-65.5#2.890019804376548#1
0000 001E 2000 0000 0000 0000#1625389180016104#-56.5#0.2454369260617026#1
0000 0022 2000 0000 0000 0000#1625389180017189#-46.0#1.8960002538266525#1
0000 0029 2000 0000 0000 0000#1625389180018257#-53.5#5.166447293598839#1
0000 000F 2000 0000 0000 0000#1625389180019307#-57.5#5.037592907416445#1
0000 001F 2000 0000 0000 0000#1625389180021503#-53.0#2.5341362615870793#1
0000 0015 2000 0000 0000 0000#1625389180023283#-62.5#4.595806440505381#1
0000 0028 2000 0000 0000 0000#1625389180024653#-56.0#5.6143696836614465#1
0000 002C 2000 0000 0000 0000#1625389180025735#-48.0#6.080699843178682#1
0000 0014 2000 0000 0000 0000#1625389180026804#-63.5#5.098952138931871#1
0000 0020 2000 0000 0000 0000#1625389180028626#-65.5#1.6382914814618648#1
0000 0016 2000 0000 0000 0000#1625389180038236#-58.0#0.07976700097005335#1
0000 0021 2000 0000 0000 0000#1625389180040308#-59.5#2.184388641949153#1
0000 002B 2000 0000 0000 0000#1625389180042442#-56.5#3.117048960983623#1
0000 0010 2000 0000 0000 0000#1625389180043518#-62.5#5.240078371417351#1
0000 0023 2000 0000 0000 0000#1625389180044605#-61.0#1.1044661672776617#1
0000 0012 2000 0000 0000 0000#1625389180046108#-62.0#2.4850488763747385#1
0000 002A 2000 0000 0000 0000#1625389180047167#-58.0#5.399612373357457#1
0000 0017 2000 0000 0000 0000#1625389180049377#-54.0#3.902447124381071#1
0000 0025 2000 0000 0000 0000#1625389180052069#-53.5#5.6941366846315#1
0000 0018 2000 0000 0000 0000#1625389180054358#-60.0#5.2768939103266055#1
0000 001D 2000 0000 0000 0000#1625389180055927#-62.5#4.295146206079795#1
0000 0022 2000 0000 0000 0000#1625389180318081#-48.5#1.5953400194010667#1
0000 0018 2000 0000 0000 0000#1625389180319143#-59.5#5.092816215780329#1
0000 002B 2000 0000 0000 0000#1625389180320933#-60.0#2.6691265709210157#1
0000 0024 2000 0000 0000 0000#1625389180322917#-57.5#4.896466674930966#1
0000 002C 2000 0000 0000 0000#1625389180323984#-48.5#5.638913376267617#1
0000 0011 2000 0000 0000 0000#1625389180325003#-66.5#3.1784081924990484#1
0000 000F 2000 0000 0000 0000#1625389180326279#-58.0#5.252350217720435#1
0000 0010 2000 0000 0000 0000#1625389180327632#-62.0#5.037592907416445#1
0000 0020 2000 0000 0000 0000#1625389180328681#-65.0#1.509437095279471#1
0000 0028 2000 0000 0000 0000#1625389180329759#-57.5#4.3503695144436785#1
0000 0026 2000 0000 0000 0000#1625389180331336#-52.5#4.577398671050753#1
0000 001D 2000 0000 0000 0000#1625389180332424#-62.5#4.399456899656019#1
0000 0027 2000 0000 0000 0000#1625389180333514#-55.5#4.896466674930966#1
0000 0025 2000 0000 0000 0000#1625389180335789#-55.5#4.675573441475434#1
0000 0015 2000 0000 0000 0000#1625389180337355#-62.0#5.258486140871978#1
0000 001E 2000 0000 0000 0000#1625389180339257#-60.5#5.780039608753096#1
0000 0016 2000 0000 0000 0000#1625389180340965#-59.0#0.0859029241215959#1
0000 0029 2000 0000 0000 0000#1625389180342059#-54.5#3.6692820446224537#1
0000 001F 2000 0000 0000 0000#1625389180343119#-54.0#1.8714565612204823#1
0000 002A 2000 0000 0000 0000#1625389180346475#-57.5#3.184544115650591#1
0000 0014 2000 0000 0000 0000#1625389180348178#-65.0#5.485515297479052#1
0000 0017 2000 0000 0000 0000#1625389180349211#-54.5#3.7429131224409646#1
0000 0012 2000 0000 0000 0000#1625389180350260#-61.5#2.718213956133356#1
0C21 0537 8123 1003 2202 062F#1625389180351687#-65.0#3.3011266555298997#1
0C21 0537 8123 1003 2202 062F#1625389180355773#-65.0#3.3195344249845276#1
0000 0026 2000 0000 0000 0000#1625389180357334#-52.5#4.466952054322987#1
0000 001F 2000 0000 0000 0000#1625389180359064#-54.0#1.8285050991596843#1
0000 0025 2000 0000 0000 0000#1625389180361499#-55.0#4.601942363656923#1
0000 0016 2000 0000 0000 0000#1625389180362533#-59.5#0.0674951546669682#1
0000 001E 2000 0000 0000 0000#1625389180365992#-61.0#5.7616318392984684#1
0000 0020 2000 0000 0000 0000#1625389180367069#-65.5#1.5278448647340985#1
0000 0022 2000 0000 0000 0000#1625389180368114#-49.5#1.5585244804918115#1
0000 0018 2000 0000 0000 0000#1625389180369217#-60.0#5.056000676871073#1
0000 002C 2000 0000 0000 0000#1625389180370538#-49.5#5.595961914206819#1
0000 0027 2000 0000 0000 0000#1625389180372146#-56.5#4.718524903536232#1
0000 0028 2000 0000 0000 0000#1625389180373760#-58.0#4.2031073588066565#1
0000 0010 2000 0000 0000 0000#1625389180375061#-62.5#5.037592907416445#1
0000 0017 2000 0000 0000 0000#1625389180376510#-54.5#3.749049045592507#1
0000 0029 2000 0000 0000 0000#1625389180378665#-54.5#3.472932503773092#1
0000 000F 2000 0000 0000 0000#1625389180383006#-58.0#5.2339424482658075#1
0000 0015 2000 0000 0000 0000#1625389180384728#-62.0#5.21553467881118#1
0000 002B 2000 0000 0000 0000#1625389180386351#-61.5#2.4175537217077703#1
0000 0024 2000 0000 0000 0000#1625389180387445#-58.0#4.620350133111551#1
0000 002A 2000 0000 0000 0000#1625389180389220#-57.5#2.988194574801229#1
0000 0012 2000 0000 0000 0000#1625389180390268#-61.5#2.7550294950426117#1
0000 001D 2000 0000 0000 0000#1625389180392241#-62.5#4.417864669110647#1
0000 0014 2000 0000 0000 0000#1625389180393340#-65.5#5.5100589900852235#1
0000 0014 2000 0000 0000 0000#1625389180656938#-64.5#6.160466844148735#1
0000 001F 2000 0000 0000 0000#1625389180658282#-56.5#1.4664856332186729#1
0000 0027 2000 0000 0000 0000#1625389180660199#-56.0#4.301282129231338#1
0000 0029 2000 0000 0000 0000#1625389180661535#-56.0#3.2459033471660166#1
0C21 0537 8123 1003 2202 062F#1625389180663405#-65.0#4.166291819897402#1
0000 0024 2000 0000 0000 0000#1625389180664497#-59.5#3.9453985864418692#1
0000 0015 2000 0000 0000 0000#1625389180665578#-61.0#5.6941366846315#1
0000 0016 2000 0000 0000 0000#1625389180667413#-59.0#0.6749515466696822#1
0000 0010 2000 0000 0000 0000#1625389180668702#-62.5#5.4671075280244255#1
0000 001B 2000 0000 0000 0000#1625389180669809#-65.5#4.123340357836604#1
0000 0026 2000 0000 0000 0000#1625389180671257#-54.0#3.988350048502667#1
0000 000F 2000 0000 0000 0000#1625389180672320#-58.0#5.608233760509904#1
0000 0028 2000 0000 0000 0000#1625389180673386#-58.0#3.7551849687440497#1
0000 002C 2000 0000 0000 0000#1625389180675530#-51.5#5.209398755659637#1
0000 0025 2000 0000 0000 0000#1625389180676600#-56.5#4.080388895775806#1
0000 0017 2000 0000 0000 0000#1625389180678247#-54.0#4.381049130201391#1
0000 001E 2000 0000 0000 0000#1625389180679584#-66.0#5.565282298449106#1
0000 002B 2000 0000 0000 0000#1625389180680650#-65.5#1.368310862793992#1
0000 0020 2000 0000 0000 0000#1625389180681939#-64.5#1.4664856332186729#1
0000 001D 2000 0000 0000 0000#1625389180683056#-62.0#4.9823695990525625#1
0000 0022 2000 0000 0000 0000#1625389180684386#-52.5#1.3008157081270237#1
0000 0013 2000 0000 0000 0000#1625389180685668#-66.5#2.705942109830271#1
0000 0018 2000 0000 0000 0000#1625389180686969#-60.0#5.411884219660542#1
0000 002A 2000 0000 0000 0000#1625389180688954#-58.5#2.742757648739526#1
0000 0012 2000 0000 0000 0000#1625389180691502#-59.5#3.3440781175906977#1
0000 001B 2000 0000 0000 0000#1625389180696455#-65.0#4.246058820867455#1
0000 002C 2000 0000 0000 0000#1625389180697547#-52.0#5.166447293598839#1
0000 0022 2000 0000 0000 0000#1625389180698623#-52.5#1.2517283229146832#1
0000 0013 2000 0000 0000 0000#1625389180699976#-66.5#2.718213956133356#1
0000 001F 2000 0000 0000 0000#1625389180701558#-57.0#1.3867186322486196#1
0000 0014 2000 0000 0000 0000#1625389180702868#-64.5#6.252505691421874#1
0000 0010 2000 0000 0000 0000#1625389180703941#-62.5#5.307573526084319#1
0000 000F 2000 0000 0000 0000#1625389180705233#-58.0#5.6143696836614465#1
0000 0027 2000 0000 0000 0000#1625389180706624#-56.0#4.178563666200486#1
0000 0011 2000 0000 0000 0000#1625389180708008#-63.0#3.9638063558964967#1
0000 0026 2000 0000 0000 0000#1625389180709284#-54.5#3.8717675086233583#1
0000 0025 2000 0000 0000 0000#1625389180711329#-56.5#3.9944859716542096#1
0C21 0537 8123 1003 2202 062F#1625389180712445#-65.5#4.25833066717054#1
0000 002A 2000 0000 0000 0000#1625389180713520#-58.5#2.705942109830271#1
0000 0017 2000 0000 0000 0000#1625389180714798#-53.5#4.374913207049849#1
0000 0016 2000 0000 0000 0000#1625389180715861#-59.0#0.6749515466696822#1
0000 0020 2000 0000 0000 0000#1625389180716884#-64.0#1.3192234775816514#1
0000 001D 2000 0000 0000 0000#1625389180718651#-61.5#5.056000676871073#1
0000 001A 2000 0000 0000 0000#1625389180719739#-62.0#3.472932503773092#1
0000 001E 2000 0000 0000 0000#1625389180721501#-66.5#5.473243451175968#1
0000 0024 2000 0000 0000 0000#1625389180722827#-59.5#3.9147189706841563#1
0000 002B 2000 0000 0000 0000#1625389180723932#-66.0#1.227184630308513#1
0000 0028 2000 0000 0000 0000#1625389180725518#-58.0#3.6815538909255388#1
0000 0029 2000 0000 0000 0000#1625389180727907#-56.0#3.0925052683774528#1
0000 0012 2000 0000 0000 0000#1625389180729326#-59.5#3.2888548092268146#1
0000 0018 2000 0000 0000 0000#1625389180730358#-59.5#5.338253141842031#1
0000 0015 2000 0000 0000 0000#1625389180733262#-61.0#5.675728915176872#1
0000 002A 2000 0000 0000 0000#1625389180996741#-60.5#2.270291566070749#1
0000 0026 2000 0000 0000 0000#1625389180998066#-55.5#3.472932503773092#1
0000 0016 2000 0000 0000 0000#1625389180999861#-57.5#1.0676506283684062#1
0000 002B 2000 0000 0000 0000#1625389181000946#-71.5#0.02454369260617026#1
0000 0013 2000 0000 0000 0000#1625389181002254#-64.0#3.2397674240144743#1
0000 0012 2000 0000 0000 0000#1625389181003601#-58.0#3.6386024288647407#1
0C21 0537 8123 1003 2202 062F#1625389181004686#-67.5#4.92714629068868#1
0000 0011 2000 0000 0000 0000#1625389181005788#-61.5#4.313553975534423#1
0000 0015 2000 0000 0000 0000#1625389181007356#-60.0#6.037748381117884#1
0000 001D 2000 0000 0000 0000#1625389181008422#-61.0#5.424156065963627#1
0000 0017 2000 0000 0000 0000#1625389181009528#-53.5#4.792155981354743#1
0000 0025 2000 0000 0000 0000#1625389181010881#-58.0#3.5036121195308043#1
0000 001E 2000 0000 0000 0000#1625389181012008#-64.5#4.749204519293945#1
0000 001A 2000 0000 0000 0000#1625389181013324#-59.5#3.847223816017188#1
0000 0029 2000 0000 0000 0000#1625389181014662#-56.5#2.521864415283994#1
0000 001B 2000 0000 0000 0000#1625389181015969#-63.5#4.23378697456437#1
0000 0020 2000 0000 0000 0000#1625389181017075#-65.5#0.30066023442558565#1
0000 0014 2000 0000 0000 0000#1625389181018440#-62.5#0.30679615757712825#1
0000 002C 2000 0000 0000 0000#1625389181019928#-53.0#4.71238898038469#1
0000 0027 2000 0000 0000 0000#1625389181025356#-57.0#3.663146121470911#1
0000 001F 2000 0000 0000 0000#1625389181027110#-58.5#0.4111068511533518#1
0000 0024 2000 0000 0000 0000#1625389181029647#-63.0#3.031146036862027#1
0000 0018 2000 0000 0000 0000#1625389181030934#-61.0#5.755495916146925#1
0000 000F 2000 0000 0000 0000#1625389181032300#-58.5#5.957981380147831#1
0000 0028 2000 0000 0000 0000#1625389181033875#-60.5#3.0495538063166547#1
0000 0028 2000 0000 0000 0000#1625389181040541#-60.5#3.043417883165112#1
0000 0027 2000 0000 0000 0000#1625389181041588#-57.5#3.663146121470911#1
0000 0029 2000 0000 0000 0000#1625389181050390#-57.0#1.6137477888556946#1
0000 001D 2000 0000 0000 0000#1625389181051912#-59.5#4.516039439535327#1
0000 001A 2000 0000 0000 0000#1625389181052902#-58.5#2.816388726558037#1
0000 001F 2000 0000 0000 0000#1625389181054458#-58.5#5.822991070813893#1
0000 002B 2000 0000 0000 0000#1625389181056749#-70.5#5.743224069843841#1
0000 000F 2000 0000 0000 0000#1625389181058294#-57.5#4.988505522204105#1
0000 002A 2000 0000 0000 0000#1625389181059314#-61.0#1.2640001692177683#1
0000 001E 2000 0000 0000 0000#1625389181060426#-65.0#3.8963112012295285#1
0000 0025 2000 0000 0000 0000#1625389181061721#-58.5#2.5341362615870793#1
0000 0017 2000 0000 0000 0000#1625389181062771#-52.5#3.792000507653305#1
0000 0012 2000 0000 0000 0000#1625389181064173#-55.5#2.718213956133356#1
0000 0011 2000 0000 0000 0000#1625389181065287#-59.0#3.313398501832985#1
0000 002C 2000 0000 0000 0000#1625389181066624#-53.0#3.706097583531709#1
0000 0018 2000 0000 0000 0000#1625389181068646#-60.0#4.822835597112456#1
0000 001B 2000 0000 0000 0000#1625389181069838#-63.5#3.2090878082567613#1
0000 0026 2000 0000 0000 0000#1625389181070904#-56.5#2.466641106920111#1
0000 0016 2000 0000 0000 0000#1625389181073923#-58.0#0.006135923151542565#1
0C21 0537 8123 1003 2202 062F#1625389181076591#-67.0#3.54042765844006#1
0000 0024 2000 0000 0000 0000#1625389181078013#-63.5#2.1537090261914402#1
0000 0015 2000 0000 0000 0000#1625389181080536#-58.5#5.043728830567988#1
0000 0013 2000 0000 0000 0000#1625389181081590#-63.5#2.282563412373834#1
0000 0014 2000 0000 0000 0000#1625389181082799#-62.5#5.47937937432751#1
0000 0018 2000 0000 0000 0000#1625389181345049#-61.0#5.485515297479052#1
0000 0012 2000 0000 0000 0000#1625389181346569#-56.5#2.988194574801229#1
0000 0025 2000 0000 0000 0000#1625389181347639#-61.5#1.902136176978195#1
0000 001D 2000 0000 0000 0000#1625389181348883#-58.5#4.773748211900116#1
0000 0027 2000 0000 0000 0000#1625389181350680#-60.0#2.073942025221387#1
0000 001B 2000 0000 0000 0000#1625389181351772#-62.5#3.509748042682347#1
0000 001A 2000 0000 0000 0000#1625389181353046#-57.5#3.0802334220743677#1
0000 002C 2000 0000 0000 0000#1625389181354383#-53.0#3.5036121195308043#1
0000 0016 2000 0000 0000 0000#1625389181355502#-57.0#0.2945243112740431#1
0000 0014 2000 0000 0000 0000#1625389181356613#-61.5#5.651185222570702#1
0000 0013 2000 0000 0000 0000#1625389181357697#-63.0#2.6139032625571326#1
0000 001F 2000 0000 0000 0000#1625389181358993#-58.0#4.743068596142402#1
0000 0026 2000 0000 0000 0000#1625389181360318#-59.5#1.846912868614312#1
0000 0015 2000 0000 0000 0000#1625389181361397#-57.5#5.209398755659637#1
0000 0028 2000 0000 0000 0000#1625389181364600#-64.5#1.1106020904292042#1
0000 000F 2000 0000 0000 0000#1625389181365634#-58.0#5.5284667595398505#1
0000 0017 2000 0000 0000 0000#1625389181366697#-52.0#4.080388895775806#1
0000 0011 2000 0000 0000 0000#1625389181367774#-59.0#3.429981041712294#1
0000 002A 2000 0000 0000 0000#1625389181369692#-63.0#6.092971689481767#1
0000 001E 2000 0000 0000 0000#1625389181372725#-60.5#3.7122335066832517#1
0C21 0537 8123 1003 2202 062F#1625389181373969#-67.5#4.184699589352029#1
0000 0029 2000 0000 0000 0000#1625389181375284#-61.0#0.18407769454627693#1
0000 000F 2000 0000 0000 0000#1625389181380832#-58.0#5.546874528994478#1
0000 001F 2000 0000 0000 0000#1625389181381921#-58.0#4.657165672020807#1
0000 0026 2000 0000 0000 0000#1625389181382991#-59.5#1.7303303287350031#1
0000 0028 2000 0000 0000 0000#1625389181384342#-65.0#0.859029241215959#1
0000 001A 2000 0000 0000 0000#1625389181386184#-57.0#3.055689729468197#1
0C21 0537 8123 1003 2202 062F#1625389181387288#-68.0#4.123340357836604#1
0000 0015 2000 0000 0000 0000#1625389181388366#-58.0#5.227806525114265#1
0000 0018 2000 0000 0000 0000#1625389181389466#-60.5#5.516194913236766#1
0000 001D 2000 0000 0000 0000#1625389181390486#-58.5#4.767612288748572#1
0000 0027 2000 0000 0000 0000#1625389181391522#-60.5#1.9082721001297376#1
0000 0017 2000 0000 0000 0000#1625389181393912#-52.0#4.04357335686655#1
0000 0029 2000 0000 0000 0000#1625389181395008#-61.0#0.1349903093339364#1
0000 0014 2000 0000 0000 0000#1625389181396073#-61.5#5.620505606812989#1
0000 0020 2000 0000 0000 0000#1625389181397434#-62.0#4.374913207049849#1
0000 002C 2000 0000 0000 0000#1625389181398741#-53.0#3.4177091954092087#1
0000 0011 2000 0000 0000 0000#1625389181400073#-59.5#3.3747577333484107#1
0000 0012 2000 0000 0000 0000#1625389181401620#-56.0#2.9636508821950587#1
0000 0016 2000 0000 0000 0000#1625389181402883#-57.0#0.2270291566070749#1
0000 002A 2000 0000 0000 0000#1625389181403988#-62.5#5.93343768754166#1
0000 001B 2000 0000 0000 0000#1625389181405972#-62.0#3.5895150436524004#1
0000 0025 2000 0000 0000 0000#1625389181407099#-62.5#1.662835174068035#1
0000 001E 2000 0000 0000 0000#1625389181411189#-59.5#3.6140587362585705#1
0000 0013 2000 0000 0000 0000#1625389181412258#-63.0#2.693670263527186#1
0000 000F 2000 0000 0000 0000#1625389181675092#-57.0#5.822991070813893#1
0000 0015 2000 0000 0000 0000#1625389181676130#-58.0#5.5714182216006485#1
0000 001E 2000 0000 0000 0000#1625389181677684#-58.0#3.54042765844006#1
0000 002C 2000 0000 0000 0000#1625389181679007#-55.5#3.1354567304382504#1
0C21 0537 8123 1003 2202 062F#1625389181680564#-68.0#4.681709364626977#1
0000 0011 2000 0000 0000 0000#1625389181681637#-60.5#3.5342917352885173#1
0000 0013 2000 0000 0000 0000#1625389181682677#-63.5#3.1784081924990484#1
0000 001A 2000 0000 0000 0000#1625389181683709#-57.0#3.2765829629237295#1
0000 0010 2000 0000 0000 0000#1625389181684740#-62.0#6.0991076126333095#1
0000 0029 2000 0000 0000 0000#1625389181686060#-61.5#5.203262832508095#1
0000 0027 2000 0000 0000 0000#1625389181687610#-60.5#0.23316507975861744#1
0000 0026 2000 0000 0000 0000#1625389181688961#-60.5#0.17794177139473438#1
0000 001D 2000 0000 0000 0000#1625389181691526#-57.5#5.056000676871073#1
0000 0017 2000 0000 0000 0000#1625389181693450#-51.5#4.25833066717054#1
0000 001F 2000 0000 0000 0000#1625389181695661#-58.0#3.859495662320273#1
0000 0025 2000 0000 0000 0000#1625389181696745#-63.5#0.1902136176978195#1
0000 0016 2000 0000 0000 0000#1625389181699015#-57.0#0.47860200582032003#1
0000 0020 2000 0000 0000 0000#1625389181700909#-60.5#3.736777199289422#1
0000 0012 2000 0000 0000 0000#1625389181703011#-56.5#3.2888548092268146#1
0000 002B 2000 0000 0000 0000#1625389181704061#-66.0#5.970253226450915#1
0000 001B 2000 0000 0000 0000#1625389181705902#-63.0#4.01902966426038#1
0000 0014 2000 0000 0000 0000#1625389181708180#-61.0#5.810719224510809#1
0000 0018 2000 0000 0000 0000#1625389181709213#-59.5#5.835262917116979#1
0000 002A 2000 0000 0000 0000#1625389181710531#-61.5#4.865787059173254#1
0000 0013 2000 0000 0000 0000#1625389181715605#-64.5#3.141592653589793#1
0000 001E 2000 0000 0000 0000#1625389181716875#-58.5#3.5465635815916023#1
0000 0020 2000 0000 0000 0000#1625389181717953#-60.5#3.6447383520162835#1
0000 0014 2000 0000 0000 0000#1625389181719033#-61.5#5.8475347634200645#1
0000 002A 2000 0000 0000 0000#1625389181720082#-61.5#4.8351074434155406#1
0000 0017 2000 0000 0000 0000#1625389181721404#-51.5#4.23378697456437#1
0000 0029 2000 0000 0000 0000#1625389181722531#-61.0#4.9823695990525625#1
0000 0010 2000 0000 0000 0000#1625389181723591#-61.5#6.129787228391022#1
0000 0012 2000 0000 0000 0000#1625389181725104#-56.5#3.3195344249845276#1
0000 0015 2000 0000 0000 0000#1625389181726157#-58.0#5.583690067903734#1
0000 0027 2000 0000 0000 0000#1625389181727206#-60.5#6.258641614573416#1
0000 0025 2000 0000 0000 0000#1625389181728321#-63.5#6.252505691421874#1
0000 001A 2000 0000 0000 0000#1625389181729365#-57.5#3.3440781175906977#1
0000 001D 2000 0000 0000 0000#1625389181730455#-57.5#5.080544369477243#1
0000 0026 2000 0000 0000 0000#1625389181731704#-60.5#6.1420590746941075#1
0000 001F 2000 0000 0000 0000#1625389181732977#-58.0#3.6754179677739964#1
0000 0018 2000 0000 0000 0000#1625389181734964#-59.0#5.786175531904639#1
0000 002B 2000 0000 0000 0000#1625389181736074#-65.5#5.872078456026235#1
0000 000F 2000 0000 0000 0000#1625389181738263#-57.0#5.767767762450011#1
0C21 0537 8123 1003 2202 062F#1625389181739364#-67.5#4.503767593232243#1
0000 0016 2000 0000 0000 0000#1625389181740439#-57.0#0.4540583132141498#1
0000 0011 2000 0000 0000 0000#1625389181741544#-61.5#3.497476196379262#1
0000 002C 2000 0000 0000 0000#1625389181743146#-56.0#2.9820586516496865#1
0000 001C 2000 0000 0000 0000#1625389181744188#-71.0#2.8286605728611223#1
0000 001B 2000 0000 0000 0000#1625389181747785#-63.0#4.031301510563465#1
0000 001F 2000 0000 0000 0000#1625389182012472#-60.5#2.2396119503130363#1
0000 0015 2000 0000 0000 0000#1625389182014851#-57.5#5.405748296509#1
0000 0016 2000 0000 0000 0000#1625389182016181#-58.0#0.14726215563702155#1
0000 000F 2000 0000 0000 0000#1625389182018248#-56.5#5.442563835418255#1
0000 001A 2000 0000 0000 0000#1625389182019338#-58.5#3.215223731408304#1
0000 0024 2000 0000 0000 0000#1625389182021201#-65.5#3.9638063558964967#1
0000 0029 2000 0000 0000 0000#1625389182022269#-60.0#3.454524734318464#1
0000 0026 2000 0000 0000 0000#1625389182023307#-58.5#4.270602513473625#1
0000 0027 2000 0000 0000 0000#1625389182024398#-58.5#4.331961744989051#1
0000 002A 2000 0000 0000 0000#1625389182026131#-61.5#3.129320807286708#1
0000 0014 2000 0000 0000 0000#1625389182027212#-62.5#5.700272607783043#1
0000 002C 2000 0000 0000 0000#1625389182028251#-61.0#1.736466251886546#1
0000 001D 2000 0000 0000 0000#1625389182029323#-58.0#4.914874444385594#1
0000 0018 2000 0000 0000 0000#1625389182030385#-58.5#5.43029198911517#1
0000 0028 2000 0000 0000 0000#1625389182031694#-62.0#3.8840393549264434#1
0000 0013 2000 0000 0000 0000#1625389182032960#-63.5#3.2888548092268146#1
0000 001B 2000 0000 0000 0000#1625389182034756#-62.0#4.025165587411922#1
0000 0012 2000 0000 0000 0000#1625389182036748#-57.0#3.2213596545598464#1
0000 0017 2000 0000 0000 0000#1625389182039655#-52.0#3.9392626632903265#1
0000 001E 2000 0000 0000 0000#1625389182040979#-62.5#2.2948352586769194#1
0000 0025 2000 0000 0000 0000#1625389182043617#-61.0#4.331961744989051#1
0000 002B 2000 0000 0000 0000#1625389182044653#-64.5#4.1601558967458585#1
0000 0011 2000 0000 0000 0000#1625389182047550#-63.0#3.368621810196868#1
0000 0010 2000 0000 0000 0000#1625389182048639#-59.5#5.64504929941916#1
0000 0027 2000 0000 0000 0000#1625389182056330#-58.5#4.080388895775806#1
0000 000F 2000 0000 0000 0000#1625389182058094#-56.5#5.405748296509#1
0000 0018 2000 0000 0000 0000#1625389182059116#-58.0#5.436427912266712#1
0000 0010 2000 0000 0000 0000#1625389182068191#-59.5#5.902758071783947#1
0000 001B 2000 0000 0000 0000#1625389182069254#-62.0#4.374913207049849#1
0000 0012 2000 0000 0000 0000#1625389182070559#-57.0#3.6570101983193686#1
0000 0025 2000 0000 0000 0000#1625389182072575#-60.5#4.301282129231338#1
0000 002B 2000 0000 0000 0000#1625389182073897#-65.5#4.0987966652304335#1
0000 0011 2000 0000 0000 0000#1625389182074901#-63.5#3.718369429834794#1
0000 002C 2000 0000 0000 0000#1625389182076693#-63.0#1.718058482431918#1
0000 0024 2000 0000 0000 0000#1625389182077803#-66.0#3.9147189706841563#1
0000 002A 2000 0000 0000 0000#1625389182079121#-61.0#3.184544115650591#1
0000 0026 2000 0000 0000 0000#1625389182080457#-58.5#4.111068511533518#1
0000 0029 2000 0000 0000 0000#1625389182082051#-60.5#3.3440781175906977#1
0000 001A 2000 0000 0000 0000#1625389182083339#-58.0#3.6017868899554855#1
0000 0017 2000 0000 0000 0000#1625389182084900#-51.5#4.289010282928253#1
0000 0015 2000 0000 0000 0000#1625389182085965#-57.5#5.749359992995383#1
0000 001D 2000 0000 0000 0000#1625389182087981#-58.0#5.258486140871978#1
0000 0028 2000 0000 0000 0000#1625389182090107#-62.5#3.730641276137879#1
0000 0016 2000 0000 0000 0000#1625389182091313#-58.0#0.5399612373357456#1
0000 0014 2000 0000 0000 0000#1625389182094138#-62.5#6.080699843178682#1
0000 0013 2000 0000 0000 0000#1625389182095190#-63.5#3.5833791205008576#1
0000 001C 2000 0000 0000 0000#1625389182096902#-69.0#3.172272269347506#1
