0000 0026 2000 0000 0000 0000#1625390530851834#-58.0#3.816544200259475#1
0000 001B 2000 0000 0000 0000#1625390530852888#-63.0#5.663457068873787#1
0000 0022 2000 0000 0000 0000#1625390530853960#-48.5#3.8963112012295285#1
0000 0025 2000 0000 0000 0000#1625390530855026#-61.0#3.8840393549264434#1
0000 0015 2000 0000 0000 0000#1625390530856135#-62.5#5.105088062083414#1
0000 002B 2000 0000 0000 0000#1625390530857857#-60.0#1.41126232485479#1
0000 0027 2000 0000 0000 0000#1625390530859886#-60.5#4.614214209960009#1
0000 0023 2000 0000 0000 0000#1625390530861228#-59.5#3.0250101137104846#1
0000 0021 2000 0000 0000 0000#1625390530863242#-55.0#2.9391071895888885#1
0C21 0537 8123 1003 2202 062F#1625390530865346#-67.0#5.767767762450011#1
0000 0013 2000 0000 0000 0000#1625390530866658#-66.0#0.47860200582032003#1
0000 002C 2000 0000 0000 0000#1625390530867722#-56.5#2.7857091108003242#1
0000 001E 2000 0000 0000 0000#1625390530868747#-50.0#1.8039614065535141#1
0000 001C 2000 0000 0000 0000#1625390530869847#-61.0#1.7548740213411735#1
0000 001F 2000 0000 0000 0000#1625390530872517#-53.0#1.9757672547967058#1
0000 0014 2000 0000 0000 0000#1625390530874211#-64.0#2.5832236467994196#1
0000 0024 2000 0000 0000 0000#1625390530875318#-57.5#4.172427743048944#1
0000 001D 2000 0000 0000 0000#1625390530876379#-61.0#3.730641276137879#1
0000 0020 2000 0000 0000 0000#1625390530877987#-56.0#2.270291566070749#1
0000 002C 2000 0000 0000 0000#1625390530886665#-56.5#2.7979809571034093#1
0000 001C 2000 0000 0000 0000#1625390530889574#-61.5#1.7916895602504288#1
0000 001B 2000 0000 0000 0000#1625390530890625#-63.0#5.737088146692298#1
0000 0024 2000 0000 0000 0000#1625390530892547#-58.0#4.1417481272912315#1
0000 0023 2000 0000 0000 0000#1625390530893591#-60.0#3.147728576741336#1
0000 0014 2000 0000 0000 0000#1625390530894628#-64.0#2.521864415283994#1
0000 0026 2000 0000 0000 0000#1625390530896540#-58.0#3.7981364308048478#1
0000 0022 2000 0000 0000 0000#1625390530897583#-48.5#3.9085830475326135#1
0000 0015 2000 0000 0000 0000#1625390530898648#-62.5#5.062136600022616#1
0000 0021 2000 0000 0000 0000#1625390530899714#-56.0#3.074097498922825#1
0000 0020 2000 0000 0000 0000#1625390530901918#-56.0#2.018718716857504#1
0C21 0537 8123 1003 2202 062F#1625390530903387#-67.0#5.786175531904639#1
0000 001D 2000 0000 0000 0000#1625390530904434#-61.0#3.6570101983193686#1
0000 001E 2000 0000 0000 0000#1625390530905811#-50.0#1.8162332528565992#1
0000 001F 2000 0000 0000 0000#1625390530907099#-53.5#1.9941750242513334#1
0000 002B 2000 0000 0000 0000#1625390530908152#-60.5#1.423534171157875#1
0000 0013 2000 0000 0000 0000#1625390530910530#-66.0#0.3988350048502667#1
0000 0025 2000 0000 0000 0000#1625390530911840#-60.5#3.9699422790480394#1
0000 0027 2000 0000 0000 0000#1625390530912917#-60.5#4.706253057233147#1
0000 0013 2000 0000 0000 0000#1625390531177959#-67.0#0.7117670855789375#1
0000 0024 2000 0000 0000 0000#1625390531179010#-58.0#4.313553975534423#1
0000 0022 2000 0000 0000 0000#1625390531180135#-48.0#4.264466590322082#1
0C21 0537 8123 1003 2202 062F#1625390531181209#-66.5#0.22089323345553233#1
0000 002B 2000 0000 0000 0000#1625390531182547#-60.0#1.8714565612204823#1
0000 002C 2000 0000 0000 0000#1625390531184131#-57.5#3.1231848841351653#1
0000 001F 2000 0000 0000 0000#1625390531185220#-54.0#2.3009711818284617#1
0000 0025 2000 0000 0000 0000#1625390531187424#-60.5#4.227651051412827#1
0000 0027 2000 0000 0000 0000#1625390531188713#-60.5#5.019185137961818#1
0000 001B 2000 0000 0000 0000#1625390531190307#-65.0#6.178874613603362#1
0000 001E 2000 0000 0000 0000#1625390531191390#-50.0#2.116893487282185#1
0000 0026 2000 0000 0000 0000#1625390531192455#-58.5#4.196971435655114#1
0000 001D 2000 0000 0000 0000#1625390531194050#-61.5#4.295146206079795#1
0000 0020 2000 0000 0000 0000#1625390531196054#-55.5#2.60776733940559#1
0000 0014 2000 0000 0000 0000#1625390531197080#-65.5#3.08636934522591#1
0000 0021 2000 0000 0000 0000#1625390531198127#-56.5#3.2888548092268146#1
0000 0023 2000 0000 0000 0000#1625390531201678#-59.0#3.552699504743145#1
0000 0015 2000 0000 0000 0000#1625390531204847#-64.0#5.638913376267617#1
0000 001C 2000 0000 0000 0000#1625390531211113#-62.5#2.3071071049800045#1
0000 001F 2000 0000 0000 0000#1625390531217578#-53.5#2.3439226438892597#1
0000 0026 2000 0000 0000 0000#1625390531218931#-58.0#4.184699589352029#1
0000 0020 2000 0000 0000 0000#1625390531219997#-55.5#2.60776733940559#1
0000 0015 2000 0000 0000 0000#1625390531221547#-64.0#5.540738605842936#1
0000 0024 2000 0000 0000 0000#1625390531225180#-58.0#4.485359823777615#1
0C21 0537 8123 1003 2202 062F#1625390531226910#-65.5#0.23930100291016002#1
0000 0022 2000 0000 0000 0000#1625390531228271#-48.5#4.276738436625168#1
0000 0023 2000 0000 0000 0000#1625390531229330#-59.5#3.466796580621549#1
0000 001E 2000 0000 0000 0000#1625390531230353#-50.0#2.12916533358527#1
0000 002B 2000 0000 0000 0000#1625390531231379#-60.0#1.8223691760081417#1
0000 0027 2000 0000 0000 0000#1625390531232480#-60.5#5.00077736850719#1
0000 002C 2000 0000 0000 0000#1625390531233560#-57.0#3.1354567304382504#1
0000 0013 2000 0000 0000 0000#1625390531234758#-67.5#0.6749515466696822#1
0000 0021 2000 0000 0000 0000#1625390531236107#-56.5#3.32567034813607#1
0000 001B 2000 0000 0000 0000#1625390531238846#-65.0#6.12365130523948#1
0000 0014 2000 0000 0000 0000#1625390531239942#-64.0#3.141592653589793#1
0000 001C 2000 0000 0000 0000#1625390531241014#-63.0#2.1659808724945253#1
0000 0025 2000 0000 0000 0000#1625390531242097#-59.5#4.178563666200486#1
0000 001D 2000 0000 0000 0000#1625390531244317#-60.5#4.239922897715912#1
0000 0022 2000 0000 0000 0000#1625390531508526#-49.0#3.785864584501762#1
0000 0015 2000 0000 0000 0000#1625390531509890#-63.0#4.896466674930966#1
0000 0013 2000 0000 0000 0000#1625390531512533#-65.0#6.270913460876501#1
0000 0014 2000 0000 0000 0000#1625390531514040#-65.0#2.350058567040802#1
0000 002C 2000 0000 0000 0000#1625390531515347#-56.0#2.6813984172241008#1
0000 0020 2000 0000 0000 0000#1625390531516400#-56.0#2.1782527187976104#1
0000 0026 2000 0000 0000 0000#1625390531517507#-59.0#3.6999616603801666#1
0000 001F 2000 0000 0000 0000#1625390531518836#-53.0#1.88986433067511#1
0C21 0537 8123 1003 2202 062F#1625390531520215#-67.5#5.5100589900852235#1
0000 001E 2000 0000 0000 0000#1625390531521338#-50.0#1.6996507129772904#1
0000 0023 2000 0000 0000 0000#1625390531522391#-59.5#3.074097498922825#1
0000 002B 2000 0000 0000 0000#1625390531523517#-60.0#1.4296700943094176#1
0000 0027 2000 0000 0000 0000#1625390531524976#-61.0#4.608078286808466#1
0000 0024 2000 0000 0000 0000#1625390531526071#-58.5#4.061981126321178#1
0000 0025 2000 0000 0000 0000#1625390531528736#-61.5#3.761320891895592#1
0000 0021 2000 0000 0000 0000#1625390531532191#-56.5#2.890019804376548#1
0000 001C 2000 0000 0000 0000#1625390531533730#-62.5#1.5707963267948966#1
0000 001B 2000 0000 0000 0000#1625390531535008#-65.0#5.50392306693368#1
0000 001D 2000 0000 0000 0000#1625390531537195#-61.5#3.522019888985432#1
0000 0013 2000 0000 0000 0000#1625390531542760#-67.5#0.18407769454627693#1
0C21 0537 8123 1003 2202 062F#1625390531544073#-66.5#5.651185222570702#1
0000 0026 2000 0000 0000 0000#1625390531545379#-58.5#3.6999616603801666#1
0000 002A 2000 0000 0000 0000#1625390531547182#-67.5#1.1044661672776617#1
0000 0024 2000 0000 0000 0000#1625390531549234#-58.5#4.031301510563465#1
0000 0015 2000 0000 0000 0000#1625390531550330#-62.5#4.871922982324796#1
0000 0021 2000 0000 0000 0000#1625390531551378#-56.5#2.779573187648782#1
0000 001B 2000 0000 0000 0000#1625390531552657#-65.0#5.5714182216006485#1
0000 001F 2000 0000 0000 0000#1625390531553711#-53.0#1.9144080232812801#1
0000 001E 2000 0000 0000 0000#1625390531554783#-49.5#1.705786636128833#1
0000 002B 2000 0000 0000 0000#1625390531556105#-60.0#1.4173982480063325#1
0000 002C 2000 0000 0000 0000#1625390531557643#-56.5#2.7857091108003242#1
0000 001D 2000 0000 0000 0000#1625390531558985#-61.5#3.4913402732277192#1
0000 0014 2000 0000 0000 0000#1625390531560081#-65.0#2.3623304133438876#1
0000 0025 2000 0000 0000 0000#1625390531561221#-61.0#3.724505352986337#1
0000 0022 2000 0000 0000 0000#1625390531563833#-49.0#3.77972866135022#1
0000 001C 2000 0000 0000 0000#1625390531565557#-62.5#1.576932249946439#1
0000 0027 2000 0000 0000 0000#1625390531566964#-61.5#4.626486056263094#1
0000 0020 2000 0000 0000 0000#1625390531568055#-56.0#2.2027964114037806#1
0000 0023 2000 0000 0000 0000#1625390531569984#-60.0#3.055689729468197#1
0000 001E 2000 0000 0000 0000#1625390531833504#-50.0#1.5892040962495242#1
0000 001F 2000 0000 0000 0000#1625390531834619#-53.0#1.748738098189631#1
0000 001B 2000 0000 0000 0000#1625390531836655#-64.5#5.178719139901925#1
0000 0022 2000 0000 0000 0000#1625390531837750#-48.5#3.5956509668039427#1
0000 001C 2000 0000 0000 0000#1625390531839122#-62.0#1.3560390164909069#1
0000 0020 2000 0000 0000 0000#1625390531840400#-55.5#2.061670178918302#1
0000 0025 2000 0000 0000 0000#1625390531841938#-61.0#3.5465635815916023#1
0000 001D 2000 0000 0000 0000#1625390531842971#-62.0#3.129320807286708#1
0000 002B 2000 0000 0000 0000#1625390531845018#-59.0#1.3437671701878218#1
0000 0024 2000 0000 0000 0000#1625390531846885#-58.5#3.859495662320273#1
0000 0027 2000 0000 0000 0000#1625390531847946#-61.0#4.331961744989051#1
0C21 0537 8123 1003 2202 062F#1625390531849527#-66.0#5.221670601962723#1
0000 0021 2000 0000 0000 0000#1625390531852440#-56.0#2.7120780329818137#1
0000 0023 2000 0000 0000 0000#1625390531853753#-59.5#2.9513790358919736#1
0000 0015 2000 0000 0000 0000#1625390531855655#-63.0#4.534447208989955#1
0000 002C 2000 0000 0000 0000#1625390531856946#-56.0#2.5464081078901644#1
0000 0026 2000 0000 0000 0000#1625390531858041#-58.5#3.552699504743145#1
0000 0013 2000 0000 0000 0000#1625390531859110#-66.0#5.982525072754001#1
0000 0014 2000 0000 0000 0000#1625390531860208#-64.0#2.1782527187976104#1
0000 002A 2000 0000 0000 0000#1625390531862841#-67.0#1.1965050145508#1
0000 0013 2000 0000 0000 0000#1625390531868068#-66.0#6.062292073724054#1
0000 001F 2000 0000 0000 0000#1625390531876737#-53.5#2.1537090261914402#1
0000 0022 2000 0000 0000 0000#1625390531878335#-48.5#4.135612204139688#1
0000 0027 2000 0000 0000 0000#1625390531879439#-61.0#4.8351074434155406#1
0000 001D 2000 0000 0000 0000#1625390531881726#-62.0#3.9392626632903265#1
0000 001C 2000 0000 0000 0000#1625390531882813#-62.5#1.88986433067511#1
0C21 0537 8123 1003 2202 062F#1625390531883898#-66.5#0.030679615757712823#1
0000 0023 2000 0000 0000 0000#1625390531884953#-59.5#3.1968159619536762#1
0000 0026 2000 0000 0000 0000#1625390531885930#-58.5#4.0128937411088375#1
0000 0025 2000 0000 0000 0000#1625390531886999#-61.5#4.000621894805752#1
0000 002C 2000 0000 0000 0000#1625390531888292#-56.5#3.031146036862027#1
0000 0021 2000 0000 0000 0000#1625390531889905#-56.5#3.1784081924990484#1
0000 001E 2000 0000 0000 0000#1625390531891927#-49.5#2.0064468705544187#1
0000 0024 2000 0000 0000 0000#1625390531893003#-57.5#4.344233591292136#1
0000 0015 2000 0000 0000 0000#1625390531898255#-63.5#5.3198453723874035#1
0000 002B 2000 0000 0000 0000#1625390531899307#-59.5#1.8100973297050567#1
0000 0020 2000 0000 0000 0000#1625390531900388#-56.0#2.4911847995262812#1
0000 001B 2000 0000 0000 0000#1625390531901584#-64.5#5.8475347634200645#1
0000 0014 2000 0000 0000 0000#1625390531902637#-65.0#2.804116880254952#1
0000 0021 2000 0000 0000 0000#1625390532169033#-53.5#3.5588354278946874#1
0000 0027 2000 0000 0000 0000#1625390532170166#-58.0#5.786175531904639#1
0000 001E 2000 0000 0000 0000#1625390532171280#-48.0#2.3746022596469727#1
0000 001C 2000 0000 0000 0000#1625390532172863#-62.5#2.086213871524472#1
0000 0022 2000 0000 0000 0000#1625390532173921#-47.5#4.6448938257177215#1
0000 002C 2000 0000 0000 0000#1625390532174944#-55.5#3.2090878082567613#1
0000 0026 2000 0000 0000 0000#1625390532176038#-57.5#4.81056375080937#1
0000 0025 2000 0000 0000 0000#1625390532177392#-60.0#4.853515212870168#1
0000 002B 2000 0000 0000 0000#1625390532178953#-58.0#1.6260196351587797#1
0000 0015 2000 0000 0000 0000#1625390532180009#-62.5#5.252350217720435#1
0000 0024 2000 0000 0000 0000#1625390532181566#-57.0#4.9823695990525625#1
0000 001B 2000 0000 0000 0000#1625390532182872#-64.5#5.976389149602458#1
0000 0023 2000 0000 0000 0000#1625390532184940#-59.0#3.988350048502667#1
0000 001F 2000 0000 0000 0000#1625390532186068#-51.5#2.5893595699509624#1
0000 0029 2000 0000 0000 0000#1625390532188442#-64.5#5.816855147662351#1
0000 0028 2000 0000 0000 0000#1625390532189505#-62.0#6.086835766330224#1
0C21 0537 8123 1003 2202 062F#1625390532190821#-67.0#5.546874528994478#1
0000 0013 2000 0000 0000 0000#1625390532192639#-68.0#0.6810874698212247#1
0000 0020 2000 0000 0000 0000#1625390532193931#-54.5#2.9759227284981438#1
0000 0014 2000 0000 0000 0000#1625390532195941#-66.0#3.184544115650591#1
0000 001D 2000 0000 0000 0000#1625390532197499#-61.5#4.09266074207889#1
0000 0021 2000 0000 0000 0000#1625390532204495#-53.5#3.724505352986337#1
0000 0020 2000 0000 0000 0000#1625390532205886#-54.0#3.018874190558942#1
0000 0025 2000 0000 0000 0000#1625390532206902#-59.5#4.908738521234052#1
0000 001E 2000 0000 0000 0000#1625390532208227#-47.5#2.5341362615870793#1
0000 0022 2000 0000 0000 0000#1625390532209312#-46.5#4.804427827657828#1
0000 0027 2000 0000 0000 0000#1625390532210587#-57.0#5.927301764390117#1
0000 002C 2000 0000 0000 0000#1625390532211945#-55.5#3.3502140407422405#1
0000 001C 2000 0000 0000 0000#1625390532213696#-63.0#2.2150682577068657#1
0000 0028 2000 0000 0000 0000#1625390532214964#-61.0#6.166602767300278#1
0000 0015 2000 0000 0000 0000#1625390532216061#-62.5#5.295301679781233#1
0000 001F 2000 0000 0000 0000#1625390532218354#-51.0#2.736621725587984#1
0000 002A 2000 0000 0000 0000#1625390532220584#-62.0#0.8099418560036186#1
0000 001B 2000 0000 0000 0000#1625390532222755#-65.5#5.7616318392984684#1
0000 001D 2000 0000 0000 0000#1625390532223785#-61.5#4.135612204139688#1
0000 0026 2000 0000 0000 0000#1625390532225378#-56.0#4.97623367590102#1
0000 002B 2000 0000 0000 0000#1625390532228111#-58.0#1.5892040962495242#1
0000 0024 2000 0000 0000 0000#1625390532229690#-56.5#5.160311370447297#1
0000 0029 2000 0000 0000 0000#1625390532230730#-62.0#5.724816300389213#1
0000 0023 2000 0000 0000 0000#1625390532231816#-58.5#4.239922897715912#1
0C21 0537 8123 1003 2202 062F#1625390532233275#-66.0#5.148039524144211#1
0000 0014 2000 0000 0000 0000#1625390532235211#-66.0#3.147728576741336#1
0000 002C 2000 0000 0000 0000#1625390532499862#-55.0#3.988350048502667#1
0000 002B 2000 0000 0000 0000#1625390532501274#-60.0#0.7485826244881929#1
0000 0028 2000 0000 0000 0000#1625390532502328#-56.5#5.553010452146021#1
0000 0026 2000 0000 0000 0000#1625390532503448#-51.5#5.019185137961818#1
0000 0022 2000 0000 0000 0000#1625390532505047#-42.0#5.086680292628786#1
0000 001F 2000 0000 0000 0000#1625390532506090#-50.5#3.2336315008629315#1
0000 002A 2000 0000 0000 0000#1625390532508126#-58.5#5.829126993965437#1
0000 0020 2000 0000 0000 0000#1625390532509191#-52.5#3.6079228131070282#1
0000 001E 2000 0000 0000 0000#1625390532510233#-47.0#3.104777114680538#1
0000 0025 2000 0000 0000 0000#1625390532511297#-53.5#5.105088062083414#1
0000 0021 2000 0000 0000 0000#1625390532512502#-51.0#4.356505437595221#1
0000 0027 2000 0000 0000 0000#1625390532513624#-53.5#5.6143696836614465#1
0C21 0537 8123 1003 2202 062F#1625390532514980#-66.5#4.632621979414636#1
0000 0029 2000 0000 0000 0000#1625390532516047#-55.0#5.105088062083414#1
0000 0023 2000 0000 0000 0000#1625390532517102#-55.0#4.657165672020807#1
0000 0024 2000 0000 0000 0000#1625390532518154#-53.0#5.221670601962723#1
0000 001D 2000 0000 0000 0000#1625390532519585#-63.0#3.7122335066832517#1
0000 001C 2000 0000 0000 0000#1625390532520671#-67.5#1.4664856332186729#1
0000 0014 2000 0000 0000 0000#1625390532522432#-68.5#2.5954954931025047#1
0000 0015 2000 0000 0000 0000#1625390532525668#-64.5#5.043728830567988#1
0000 0020 2000 0000 0000 0000#1625390532531249#-52.5#3.6999616603801666#1
0000 001D 2000 0000 0000 0000#1625390532532311#-65.0#3.724505352986337#1
0000 0025 2000 0000 0000 0000#1625390532533393#-53.5#5.123495831538041#1
0000 001E 2000 0000 0000 0000#1625390532534435#-46.5#3.147728576741336#1
0000 0014 2000 0000 0000 0000#1625390532535772#-68.5#2.509592568980909#1
0000 0026 2000 0000 0000 0000#1625390532538591#-51.0#5.062136600022616#1
0000 0027 2000 0000 0000 0000#1625390532540166#-53.5#5.626641529964532#1
0000 0022 2000 0000 0000 0000#1625390532541207#-41.5#5.117359908386499#1
0000 0029 2000 0000 0000 0000#1625390532542260#-54.5#5.117359908386499#1
0000 001C 2000 0000 0000 0000#1625390532543619#-68.0#1.4051264017032472#1
0000 002C 2000 0000 0000 0000#1625390532544668#-55.0#4.184699589352029#1
0000 0028 2000 0000 0000 0000#1625390532545730#-56.0#5.553010452146021#1
0000 0024 2000 0000 0000 0000#1625390532547010#-53.0#5.258486140871978#1
0000 001F 2000 0000 0000 0000#1625390532548085#-49.5#3.3747577333484107#1
0000 0021 2000 0000 0000 0000#1625390532550929#-50.5#4.424000592262189#1
0000 002A 2000 0000 0000 0000#1625390532552574#-58.0#5.816855147662351#1
0000 0023 2000 0000 0000 0000#1625390532554116#-54.0#4.749204519293945#1
0000 002B 2000 0000 0000 0000#1625390532555935#-60.5#0.6565437772150544#1
0000 0015 2000 0000 0000 0000#1625390532557972#-65.5#4.902602598082509#1
0C21 0537 8123 1003 2202 062F#1625390532559028#-68.0#4.706253057233147#1
0000 0020 2000 0000 0000 0000#1625390532824278#-52.0#5.006913291658733#1
0000 0029 2000 0000 0000 0000#1625390532826759#-54.5#5.473243451175968#1
0000 002A 2000 0000 0000 0000#1625390532828894#-58.0#6.12365130523948#1
0000 0025 2000 0000 0000 0000#1625390532829945#-52.0#5.878214379177777#1
0000 002B 2000 0000 0000 0000#1625390532831013#-64.0#0.6258641614573416#1
0000 0028 2000 0000 0000 0000#1625390532832049#-55.5#6.031612457966341#1
0000 001F 2000 0000 0000 0000#1625390532833926#-49.5#4.7307967498393175#1
0000 001E 2000 0000 0000 0000#1625390532834984#-45.5#4.583534594202296#1
0000 0026 2000 0000 0000 0000#1625390532836135#-50.5#5.792311455056181#1
0000 001D 2000 0000 0000 0000#1625390532837212#-67.5#3.472932503773092#1
0000 0022 2000 0000 0000 0000#1625390532838783#-41.0#6.092971689481767#1
0000 0024 2000 0000 0000 0000#1625390532840531#-52.0#6.105243535784852#1
0000 001C 2000 0000 0000 0000#1625390532842683#-69.0#1.043106935762236#1
0000 0021 2000 0000 0000 0000#1625390532843717#-50.0#5.595961914206819#1
0000 0023 2000 0000 0000 0000#1625390532846132#-52.0#5.724816300389213#1
0000 002C 2000 0000 0000 0000#1625390532847315#-53.0#5.724816300389213#1
0C21 0537 8123 1003 2202 062F#1625390532848415#-65.0#5.424156065963627#1
0000 0027 2000 0000 0000 0000#1625390532849490#-53.5#6.2463697682703305#1
0000 0020 2000 0000 0000 0000#1625390532856819#-51.5#5.062136600022616#1
0000 0021 2000 0000 0000 0000#1625390532857911#-50.0#5.626641529964532#1
0000 0026 2000 0000 0000 0000#1625390532859001#-50.0#5.859806609723149#1
0000 0024 2000 0000 0000 0000#1625390532860085#-52.5#6.166602767300278#1
0000 0022 2000 0000 0000 0000#1625390532861624#-41.5#6.135923151542564#1
0000 001E 2000 0000 0000 0000#1625390532863223#-45.5#4.6448938257177215#1
0000 002C 2000 0000 0000 0000#1625390532865998#-53.0#5.724816300389213#1
0000 0025 2000 0000 0000 0000#1625390532867094#-52.0#5.9518454569962875#1
0000 001F 2000 0000 0000 0000#1625390532868165#-49.0#4.828971520263998#1
0C21 0537 8123 1003 2202 062F#1625390532869225#-65.5#5.473243451175968#1
0000 0028 2000 0000 0000 0000#1625390532871755#-56.0#6.166602767300278#1
0000 0029 2000 0000 0000 0000#1625390532873377#-55.0#5.50392306693368#1
0000 0027 2000 0000 0000 0000#1625390532875317#-54.0#0.0#1
0000 001C 2000 0000 0000 0000#1625390532876345#-68.5#0.9142525495798421#1
0000 001D 2000 0000 0000 0000#1625390532877392#-67.0#3.5036121195308043#1
0000 0023 2000 0000 0000 0000#1625390532879800#-52.0#5.810719224510809#1
0000 002B 2000 0000 0000 0000#1625390532881350#-66.5#0.6135923151542565#1
0000 002A 2000 0000 0000 0000#1625390532882541#-59.0#6.105243535784852#1
0000 0021 2000 0000 0000 0000#1625390533144804#-51.5#0.4908738521234052#1
0C21 0537 8123 1003 2202 062F#1625390533146402#-64.5#6.258641614573416#1
0000 0020 2000 0000 0000 0000#1625390533147410#-53.5#6.258641614573416#1
0000 001D 2000 0000 0000 0000#1625390533148514#-66.0#3.552699504743145#1
0000 002B 2000 0000 0000 0000#1625390533151054#-73.5#4.215379205109742#1
0000 001F 2000 0000 0000 0000#1625390533153512#-49.5#6.007068765360171#1
0000 0029 2000 0000 0000 0000#1625390533155036#-59.0#0.14112623248547898#1
0000 0022 2000 0000 0000 0000#1625390533156107#-43.0#1.0615147052168636#1
0000 0028 2000 0000 0000 0000#1625390533157158#-59.5#0.8774370106705868#1
0000 001E 2000 0000 0000 0000#1625390533158270#-46.5#5.8659425328746915#1
0000 001C 2000 0000 0000 0000#1625390533159640#-66.0#1.1658253987930873#1
0000 002C 2000 0000 0000 0000#1625390533160734#-52.5#0.6504078540635119#1
0000 0025 2000 0000 0000 0000#1625390533162257#-54.5#0.8160777791551611#1
0000 0023 2000 0000 0000 0000#1625390533163588#-53.5#0.6258641614573416#1
0000 0027 2000 0000 0000 0000#1625390533164881#-55.5#1.2333205534600555#1
0000 0024 2000 0000 0000 0000#1625390533166257#-53.5#1.1290098598838318#1
0000 0014 2000 0000 0000 0000#1625390533167328#-69.5#2.0923497946760143#1
0000 0026 2000 0000 0000 0000#1625390533172888#-53.0#0.7792622402459057#1
0000 0024 2000 0000 0000 0000#1625390533178875#-53.5#1.141281706186917#1
0000 001F 2000 0000 0000 0000#1625390533180191#-50.0#6.068427996875596#1
0C21 0537 8123 1003 2202 062F#1625390533181519#-65.0#0.1595340019401067#1
0000 001D 2000 0000 0000 0000#1625390533182593#-66.0#3.497476196379262#1
0000 0020 2000 0000 0000 0000#1625390533184097#-53.5#0.0674951546669682#1
0000 002C 2000 0000 0000 0000#1625390533185134#-53.0#0.705631162427395#1
0000 0022 2000 0000 0000 0000#1625390533186292#-43.0#1.1351457830353744#1
0000 0025 2000 0000 0000 0000#1625390533187346#-54.5#0.8528933180644165#1
0000 0021 2000 0000 0000 0000#1625390533190291#-51.5#0.6013204688511713#1
0000 001C 2000 0000 0000 0000#1625390533191361#-65.5#1.2640001692177683#1
0000 0028 2000 0000 0000 0000#1625390533192896#-59.0#1.0369710126106935#1
0000 001E 2000 0000 0000 0000#1625390533194499#-46.5#5.970253226450915#1
0000 002B 2000 0000 0000 0000#1625390533198129#-69.0#4.325825821837508#1
0000 0027 2000 0000 0000 0000#1625390533199801#-55.5#1.325359400733194#1
0000 0014 2000 0000 0000 0000#1625390533200844#-69.0#2.2948352586769194#1
0000 0029 2000 0000 0000 0000#1625390533202404#-59.5#0.3374757733348411#1
0000 0026 2000 0000 0000 0000#1625390533204031#-53.5#0.8528933180644165#1
0000 0023 2000 0000 0000 0000#1625390533205089#-54.0#0.6994952392758523#1
0000 0025 2000 0000 0000 0000#1625390533469018#-55.0#1.3621749396424494#1
0000 0020 2000 0000 0000 0000#1625390533470353#-54.0#0.6381360077604268#1
0000 001E 2000 0000 0000 0000#1625390533471379#-47.5#0.2699806186678728#1
0000 002C 2000 0000 0000 0000#1625390533472959#-52.5#1.2578642460662257#1
0C21 0537 8123 1003 2202 062F#1625390533474300#-64.5#6.1420590746941075#1
0000 0029 2000 0000 0000 0000#1625390533475618#-59.0#0.8958447801252144#1
0000 001C 2000 0000 0000 0000#1625390533476675#-65.0#1.2517283229146832#1
0000 0026 2000 0000 0000 0000#1625390533477741#-53.0#1.3499030933393643#1
0000 0028 2000 0000 0000 0000#1625390533479072#-59.0#1.6014759425526093#1
0000 002B 2000 0000 0000 0000#1625390533482071#-69.0#2.9268353432858034#1
0000 0021 2000 0000 0000 0000#1625390533483189#-52.0#1.0676506283684062#1
0000 0027 2000 0000 0000 0000#1625390533484463#-55.0#1.8530487917658545#1
0000 001D 2000 0000 0000 0000#1625390533485541#-65.0#3.2459033471660166#1
0000 0015 2000 0000 0000 0000#1625390533487318#-66.0#4.871922982324796#1
0000 0022 2000 0000 0000 0000#1625390533488349#-43.5#1.6198837120072371#1
0000 0024 2000 0000 0000 0000#1625390533489958#-54.0#1.6137477888556946#1
0000 0014 2000 0000 0000 0000#1625390533491510#-67.5#2.0493983326152168#1
0000 0023 2000 0000 0000 0000#1625390533492564#-54.5#1.2087768608538851#1
0000 001F 2000 0000 0000 0000#1625390533495801#-51.0#0.3620194659410113#1
0000 0028 2000 0000 0000 0000#1625390533504368#-59.0#1.6444274046134073#1
0000 001F 2000 0000 0000 0000#1625390533505825#-51.0#0.4111068511533518#1
0000 0021 2000 0000 0000 0000#1625390533506926#-51.0#1.1290098598838318#1
0000 0022 2000 0000 0000 0000#1625390533515702#-43.0#1.9266798695843652#1
0000 002B 2000 0000 0000 0000#1625390533517028#-68.5#3.3870295796514958#1
0000 0020 2000 0000 0000 0000#1625390533518076#-54.0#0.9510680884890975#1
0000 0026 2000 0000 0000 0000#1625390533519199#-53.0#1.7119225592803755#1
0000 0014 2000 0000 0000 0000#1625390533520238#-67.5#2.564815877344792#1
0000 0027 2000 0000 0000 0000#1625390533522449#-55.0#2.172116795646068#1
0000 0029 2000 0000 0000 0000#1625390533523547#-58.5#1.2517283229146832#1
0000 002C 2000 0000 0000 0000#1625390533525055#-53.0#1.607611865704152#1
0000 0023 2000 0000 0000 0000#1625390533526403#-55.0#1.5033011721279284#1
0000 001E 2000 0000 0000 0000#1625390533527459#-48.0#0.5890486225480862#1
0000 0025 2000 0000 0000 0000#1625390533528627#-55.0#1.7671458676442586#1
0C21 0537 8123 1003 2202 062F#1625390533530555#-64.5#0.7485826244881929#1
0000 0015 2000 0000 0000 0000#1625390533531619#-66.5#5.2339424482658075#1
0000 001C 2000 0000 0000 0000#1625390533532661#-64.5#1.8223691760081417#1
0000 0024 2000 0000 0000 0000#1625390533533724#-54.0#1.945087639038993#1
0000 001D 2000 0000 0000 0000#1625390533535173#-64.5#3.761320891895592#1
0000 001C 2000 0000 0000 0000#1625390533796616#-67.0#1.2333205534600555#1
0000 0014 2000 0000 0000 0000#1625390533797686#-69.0#2.1905245651006955#1
0000 002B 2000 0000 0000 0000#1625390533798736#-64.5#2.4175537217077703#1
0000 0025 2000 0000 0000 0000#1625390533799792#-55.0#1.2946797849754812#1
0000 0023 2000 0000 0000 0000#1625390533801072#-54.5#1.1167380135807468#1
0000 002C 2000 0000 0000 0000#1625390533802142#-53.5#1.4051264017032472#1
0000 0024 2000 0000 0000 0000#1625390533803705#-54.0#1.4480778637640452#1
0000 0022 2000 0000 0000 0000#1625390533804748#-44.5#1.4910293258248433#1
0000 002A 2000 0000 0000 0000#1625390533806263#-60.0#1.5155730184310134#1
0000 0027 2000 0000 0000 0000#1625390533807283#-54.5#1.7548740213411735#1
0000 0020 2000 0000 0000 0000#1625390533808591#-55.5#0.6810874698212247#1
0000 0026 2000 0000 0000 0000#1625390533809884#-52.5#1.3744467859455345#1
0C21 0537 8123 1003 2202 062F#1625390533811439#-64.5#5.135767677841127#1
0000 001F 2000 0000 0000 0000#1625390533812439#-52.5#0.380427235395639#1
0000 0021 2000 0000 0000 0000#1625390533813501#-52.5#1.043106935762236#1
0000 001E 2000 0000 0000 0000#1625390533814556#-49.0#0.3988350048502667#1
0000 0028 2000 0000 0000 0000#1625390533816078#-58.5#1.5278448647340985#1
0000 0029 2000 0000 0000 0000#1625390533819597#-58.5#0.7976700097005334#1
0000 001D 2000 0000 0000 0000#1625390533820688#-65.5#2.9943304979527716#1
0000 0015 2000 0000 0000 0000#1625390533822036#-66.0#4.289010282928253#1
0000 001E 2000 0000 0000 0000#1625390533828833#-49.0#0.46019423636569234#1
0000 001C 2000 0000 0000 0000#1625390533830145#-68.0#1.368310862793992#1
0000 001D 2000 0000 0000 0000#1625390533832593#-66.0#3.098641191528995#1
0000 002B 2000 0000 0000 0000#1625390533833672#-64.0#2.380738182798515#1
0000 0025 2000 0000 0000 0000#1625390533835875#-55.0#1.337631247036279#1
0000 0022 2000 0000 0000 0000#1625390533837464#-44.5#1.5155730184310134#1
0000 0027 2000 0000 0000 0000#1625390533838846#-54.5#1.7855536370988863#1
0000 0021 2000 0000 0000 0000#1625390533839895#-52.5#1.0921943209745766#1
0000 0029 2000 0000 0000 0000#1625390533840992#-59.0#0.859029241215959#1
0000 0020 2000 0000 0000 0000#1625390533842713#-55.5#0.7915340865489908#1
0C21 0537 8123 1003 2202 062F#1625390533844384#-64.5#5.00077736850719#1
0000 001F 2000 0000 0000 0000#1625390533845671#-53.0#0.46019423636569234#1
0000 0026 2000 0000 0000 0000#1625390533846993#-52.5#1.3499030933393643#1
0000 002C 2000 0000 0000 0000#1625390533848045#-54.0#1.5155730184310134#1
0000 0023 2000 0000 0000 0000#1625390533849100#-55.0#1.1965050145508#1
0000 002A 2000 0000 0000 0000#1625390533850162#-60.0#1.5401167110371838#1
0000 0028 2000 0000 0000 0000#1625390533852351#-58.5#1.564660403643354#1
0000 0024 2000 0000 0000 0000#1625390533853687#-54.5#1.4480778637640452#1
0000 0015 2000 0000 0000 0000#1625390533855138#-66.5#4.301282129231338#1
0000 002B 2000 0000 0000 0000#1625390534118240#-58.0#2.442097414313941#1
0000 0023 2000 0000 0000 0000#1625390534119721#-55.5#1.6321555583103222#1
0000 0020 2000 0000 0000 0000#1625390534120772#-56.5#1.3069516312785663#1
0000 002A 2000 0000 0000 0000#1625390534122063#-57.0#1.846912868614312#1
0000 0027 2000 0000 0000 0000#1625390534123109#-53.5#2.1475731030398975#1
0000 0029 2000 0000 0000 0000#1625390534124119#-56.5#1.227184630308513#1
0000 0026 2000 0000 0000 0000#1625390534125185#-51.5#1.7794177139473437#1
0000 001D 2000 0000 0000 0000#1625390534136243#-66.5#3.773592738198677#1
0000 0028 2000 0000 0000 0000#1625390534137263#-57.0#1.7855536370988863#1
0000 002C 2000 0000 0000 0000#1625390534138793#-55.5#2.3193789512830896#1
0000 0025 2000 0000 0000 0000#1625390534140341#-54.5#1.6505633277649499#1
0000 0022 2000 0000 0000 0000#1625390534141513#-44.0#1.8530487917658545#1
0000 001F 2000 0000 0000 0000#1625390534142558#-55.0#1.0676506283684062#1
0000 0024 2000 0000 0000 0000#1625390534143639#-54.0#1.7303303287350031#1
0C21 0537 8123 1003 2202 062F#1625390534144725#-64.5#4.902602598082509#1
0000 001E 2000 0000 0000 0000#1625390534146849#-51.5#1.2455923997631406#1
0000 0021 2000 0000 0000 0000#1625390534147940#-54.0#1.5155730184310134#1
0000 0015 2000 0000 0000 0000#1625390534149407#-66.5#4.76147636559703#1
0000 0022 2000 0000 0000 0000#1625390534153193#-44.0#1.8223691760081417#1
0000 0015 2000 0000 0000 0000#1625390534156341#-66.0#4.700117134081604#1
0000 002C 2000 0000 0000 0000#1625390534157974#-55.0#2.386874105950058#1
0000 002B 2000 0000 0000 0000#1625390534159039#-57.5#2.2518837966161214#1
0000 0025 2000 0000 0000 0000#1625390534160134#-54.5#1.6812429435226628#1
0000 0028 2000 0000 0000 0000#1625390534161730#-56.5#1.7671458676442586#1
0000 001E 2000 0000 0000 0000#1625390534162885#-51.5#1.2333205534600555#1
0000 0026 2000 0000 0000 0000#1625390534165288#-51.5#1.6382914814618648#1
0C21 0537 8123 1003 2202 062F#1625390534166626#-65.0#4.841243366567084#1
0000 0027 2000 0000 0000 0000#1625390534168192#-53.5#2.0371264863121317#1
0000 0024 2000 0000 0000 0000#1625390534169245#-54.0#1.736466251886546#1
0000 0029 2000 0000 0000 0000#1625390534170984#-56.0#1.1106020904292042#1
0000 0021 2000 0000 0000 0000#1625390534172667#-54.0#1.509437095279471#1
0000 0023 2000 0000 0000 0000#1625390534173736#-55.5#1.576932249946439#1
0000 0020 2000 0000 0000 0000#1625390534175042#-56.5#1.2701360923693108#1
0000 001D 2000 0000 0000 0000#1625390534176306#-67.0#3.816544200259475#1
0000 002A 2000 0000 0000 0000#1625390534177679#-57.0#1.7671458676442586#1
0000 001F 2000 0000 0000 0000#1625390534179280#-55.0#1.086058397823034#1
0000 0029 2000 0000 0000 0000#1625390534441942#-53.0#1.0676506283684062#1
0000 002A 2000 0000 0000 0000#1625390534443005#-55.0#1.6260196351587797#1
0000 0028 2000 0000 0000 0000#1625390534445161#-55.5#1.6321555583103222#1
0000 0020 2000 0000 0000 0000#1625390534446985#-56.5#1.5401167110371838#1
0000 002C 2000 0000 0000 0000#1625390534448519#-56.0#3.031146036862027#1
0000 0022 2000 0000 0000 0000#1625390534449820#-42.5#2.030990563160589#1
0000 0026 2000 0000 0000 0000#1625390534450899#-50.0#1.6935147898257479#1
0000 0021 2000 0000 0000 0000#1625390534452710#-52.5#1.7426021750380885#1
0000 002B 2000 0000 0000 0000#1625390534454120#-54.0#2.0371264863121317#1
0000 001E 2000 0000 0000 0000#1625390534455437#-50.0#1.705786636128833#1
0000 0015 2000 0000 0000 0000#1625390534457241#-66.5#5.792311455056181#1
0000 0024 2000 0000 0000 0000#1625390534458699#-53.0#1.7855536370988863#1
0000 001D 2000 0000 0000 0000#1625390534459790#-67.5#4.743068596142402#1
0000 0025 2000 0000 0000 0000#1625390534460841#-52.5#1.736466251886546#1
0C21 0537 8123 1003 2202 062F#1625390534462153#-63.0#5.681864838328415#1
0000 0023 2000 0000 0000 0000#1625390534463197#-54.0#1.6996507129772904#1
0000 0027 2000 0000 0000 0000#1625390534465727#-52.0#1.945087639038993#1
0000 001F 2000 0000 0000 0000#1625390534467015#-54.5#1.4664856332186729#1
0000 0015 2000 0000 0000 0000#1625390534474458#-66.0#5.66959299202533#1
0000 0024 2000 0000 0000 0000#1625390534476526#-52.5#1.7426021750380885#1
0000 0022 2000 0000 0000 0000#1625390534478945#-42.0#1.9941750242513334#1
0000 002C 2000 0000 0000 0000#1625390534480040#-56.0#3.06182565261974#1
0000 0021 2000 0000 0000 0000#1625390534481214#-51.5#1.6873788666742053#1
0C21 0537 8123 1003 2202 062F#1625390534482257#-63.5#5.66959299202533#1
0000 002B 2000 0000 0000 0000#1625390534483550#-53.5#1.9634954084936207#1
0000 001F 2000 0000 0000 0000#1625390534484887#-54.0#1.4480778637640452#1
0000 0025 2000 0000 0000 0000#1625390534486243#-52.5#1.6812429435226628#1
0000 0020 2000 0000 0000 0000#1625390534487351#-56.0#1.509437095279471#1
0000 0029 2000 0000 0000 0000#1625390534488434#-52.5#0.944932165337555#1
0000 002A 2000 0000 0000 0000#1625390534489891#-55.0#1.4971652489763858#1
0000 0026 2000 0000 0000 0000#1625390534492707#-49.5#1.6444274046134073#1
0000 0028 2000 0000 0000 0000#1625390534495780#-55.0#1.533980787885641#1
0000 001E 2000 0000 0000 0000#1625390534497132#-50.5#1.705786636128833#1
0000 001D 2000 0000 0000 0000#1625390534498149#-67.0#4.516039439535327#1
0000 0027 2000 0000 0000 0000#1625390534499439#-52.0#1.8775924843720249#1
0000 0023 2000 0000 0000 0000#1625390534500552#-53.5#1.662835174068035#1
0000 002C 2000 0000 0000 0000#1625390534763390#-55.5#3.141592653589793#1
0000 0015 2000 0000 0000 0000#1625390534765770#-65.5#5.755495916146925#1
0000 0029 2000 0000 0000 0000#1625390534767078#-52.0#0.5276893910326605#1
0000 0025 2000 0000 0000 0000#1625390534768316#-52.0#1.41126232485479#1
0000 0020 2000 0000 0000 0000#1625390534769610#-55.0#1.4296700943094176#1
0000 001F 2000 0000 0000 0000#1625390534770639#-52.0#1.4173982480063325#1
0000 001E 2000 0000 0000 0000#1625390534771707#-49.0#1.6321555583103222#1
0000 0021 2000 0000 0000 0000#1625390534773035#-52.0#1.552388557340269#1
0C21 0537 8123 1003 2202 062F#1625390534774119#-64.5#6.043884304269426#1
0000 0022 2000 0000 0000 0000#1625390534775207#-42.0#1.846912868614312#1
0000 0023 2000 0000 0000 0000#1625390534776599#-52.5#1.4848934026733007#1
0000 002B 2000 0000 0000 0000#1625390534777654#-54.5#1.3437671701878218#1
0000 001D 2000 0000 0000 0000#1625390534778859#-65.5#4.73693267299086#1
0000 0027 2000 0000 0000 0000#1625390534779976#-53.0#1.5278448647340985#1
0000 001C 2000 0000 0000 0000#1625390534781304#-68.0#2.067806102069844#1
0000 0026 2000 0000 0000 0000#1625390534782355#-49.0#1.3499030933393643#1
0000 0024 2000 0000 0000 0000#1625390534783883#-52.5#1.4542137869155878#1
0000 002A 2000 0000 0000 0000#1625390534785345#-54.5#0.9387962421860124#1
0000 0028 2000 0000 0000 0000#1625390534786425#-55.0#1.0983302441261191#1
0000 002B 2000 0000 0000 0000#1625390534792184#-55.0#1.325359400733194#1
0000 0029 2000 0000 0000 0000#1625390534796309#-51.5#0.47860200582032003#1
0000 0022 2000 0000 0000 0000#1625390534797409#-41.5#1.8346410223112268#1
0000 001C 2000 0000 0000 0000#1625390534798481#-68.0#2.1598449493429825#1
0000 0026 2000 0000 0000 0000#1625390534800101#-49.0#1.3192234775816514#1
0000 0023 2000 0000 0000 0000#1625390534801608#-53.0#1.423534171157875#1
0000 001E 2000 0000 0000 0000#1625390534802690#-49.0#1.6321555583103222#1
0000 002C 2000 0000 0000 0000#1625390534803811#-55.5#3.1968159619536762#1
0000 0025 2000 0000 0000 0000#1625390534804880#-52.0#1.380582709097077#1
0000 0021 2000 0000 0000 0000#1625390534806186#-52.0#1.5462526341887264#1
0000 0024 2000 0000 0000 0000#1625390534807492#-52.5#1.423534171157875#1
0000 002A 2000 0000 0000 0000#1625390534808540#-54.5#0.8528933180644165#1
0000 0020 2000 0000 0000 0000#1625390534809620#-55.0#1.4296700943094176#1
0000 001F 2000 0000 0000 0000#1625390534810652#-52.0#1.41126232485479#1
0000 0027 2000 0000 0000 0000#1625390534811671#-53.0#1.4910293258248433#1
0C21 0537 8123 1003 2202 062F#1625390534813013#-63.5#6.117515382087937#1
0000 001D 2000 0000 0000 0000#1625390534815764#-65.0#4.675573441475434#1
0000 0028 2000 0000 0000 0000#1625390534816830#-55.0#0.9878836273983529#1
0000 0015 2000 0000 0000 0000#1625390534817912#-65.5#5.902758071783947#1
0000 0021 2000 0000 0000 0000#1625390535082582#-53.0#0.6504078540635119#1
0000 001D 2000 0000 0000 0000#1625390535084392#-65.0#3.2704470397721868#1
0000 0027 2000 0000 0000 0000#1625390535085709#-53.5#0.4049709280018093#1
0000 002C 2000 0000 0000 0000#1625390535087200#-55.0#2.36846633649543#1
0000 0025 2000 0000 0000 0000#1625390535088283#-52.5#0.32520392703175593#1
0000 0022 2000 0000 0000 0000#1625390535089855#-44.0#0.8651651643675016#1
0C21 0537 8123 1003 2202 062F#1625390535090926#-65.5#4.4976316700806995#1
0000 002B 2000 0000 0000 0000#1625390535092434#-57.0#6.234097921967246#1
0000 0023 2000 0000 0000 0000#1625390535093762#-53.0#0.521553467881118#1
0000 0028 2000 0000 0000 0000#1625390535096037#-57.0#6.17273869045182#1
0000 001F 2000 0000 0000 0000#1625390535097369#-52.0#0.521553467881118#1
0000 0026 2000 0000 0000 0000#1625390535098449#-50.5#0.23930100291016002#1
0000 0029 2000 0000 0000 0000#1625390535099561#-53.0#5.5100589900852235#1
0000 0020 2000 0000 0000 0000#1625390535102193#-55.0#0.5706408530934585#1
0000 001E 2000 0000 0000 0000#1625390535104359#-49.0#0.8160777791551611#1
0000 0015 2000 0000 0000 0000#1625390535106067#-64.5#4.81056375080937#1
0000 001C 2000 0000 0000 0000#1625390535107387#-66.5#1.0185632431560658#1
0000 002A 2000 0000 0000 0000#1625390535109619#-55.5#5.890486225480862#1
0000 0024 2000 0000 0000 0000#1625390535110671#-53.5#0.44178646691106466#1
0000 002C 2000 0000 0000 0000#1625390535114563#-55.0#2.350058567040802#1
0000 0024 2000 0000 0000 0000#1625390535117191#-54.0#0.3865631585471816#1
0000 0022 2000 0000 0000 0000#1625390535118512#-44.0#0.8528933180644165#1
0000 0029 2000 0000 0000 0000#1625390535120065#-53.0#5.497787143782138#1
0000 0014 2000 0000 0000 0000#1625390535121909#-69.0#2.1782527187976104#1
0000 002A 2000 0000 0000 0000#1625390535122956#-55.5#5.8659425328746915#1
0000 002B 2000 0000 0000 0000#1625390535124021#-57.5#6.178874613603362#1
0000 0023 2000 0000 0000 0000#1625390535125109#-53.0#0.4540583132141498#1
0000 001E 2000 0000 0000 0000#1625390535126192#-49.0#0.7853981633974483#1
0000 0021 2000 0000 0000 0000#1625390535127268#-53.0#0.5890486225480862#1
0000 001D 2000 0000 0000 0000#1625390535128442#-65.0#3.411573272257666#1
0000 001C 2000 0000 0000 0000#1625390535129769#-67.0#1.1658253987930873#1
0000 0027 2000 0000 0000 0000#1625390535130846#-54.0#0.3620194659410113#1
0000 0026 2000 0000 0000 0000#1625390535132169#-51.0#0.2270291566070749#1
0000 0028 2000 0000 0000 0000#1625390535133913#-57.0#6.086835766330224#1
0000 0020 2000 0000 0000 0000#1625390535134964#-55.5#0.5767767762450011#1
0000 0025 2000 0000 0000 0000#1625390535136033#-53.0#0.3374757733348411#1
0000 001F 2000 0000 0000 0000#1625390535137080#-52.0#0.5338253141842031#1
0000 0015 2000 0000 0000 0000#1625390535147997#-64.5#5.166447293598839#1
0C21 0537 8123 1003 2202 062F#1625390535149069#-65.5#5.117359908386499#1
0000 001C 2000 0000 0000 0000#1625390535412487#-67.0#1.368310862793992#1
0000 001F 2000 0000 0000 0000#1625390535413574#-54.0#0.7485826244881929#1
0000 0022 2000 0000 0000 0000#1625390535414645#-47.5#1.000155473701438#1
0000 0024 2000 0000 0000 0000#1625390535415696#-57.0#0.3129320807286708#1
0000 0023 2000 0000 0000 0000#1625390535416751#-55.5#0.44178646691106466#1
0000 002A 2000 0000 0000 0000#1625390535418064#-56.5#5.3627968344482015#1
0000 0029 2000 0000 0000 0000#1625390535419118#-53.0#5.105088062083414#1
0000 002C 2000 0000 0000 0000#1625390535420181#-55.0#2.552544031041707#1
0000 002B 2000 0000 0000 0000#1625390535422951#-58.0#5.688000761479957#1
0000 0026 2000 0000 0000 0000#1625390535424005#-53.5#6.277049384028044#1
0000 001E 2000 0000 0000 0000#1625390535425853#-51.0#1.0185632431560658#1
0000 0027 2000 0000 0000 0000#1625390535428076#-56.0#0.14726215563702155#1
0000 0028 2000 0000 0000 0000#1625390535429498#-58.5#5.749359992995383#1
0000 001D 2000 0000 0000 0000#1625390535431002#-65.5#3.761320891895592#1
0C21 0537 8123 1003 2202 062F#1625390535432070#-65.0#4.963961829597935#1
0000 0015 2000 0000 0000 0000#1625390535433430#-65.0#5.184855063053467#1
0000 0021 2000 0000 0000 0000#1625390535434477#-57.0#0.7792622402459057#1
0000 0025 2000 0000 0000 0000#1625390535435688#-55.0#0.14112623248547898#1
0000 0020 2000 0000 0000 0000#1625390535436710#-57.5#0.7915340865489908#1
0000 0014 2000 0000 0000 0000#1625390535439372#-69.5#2.4605051837685683#1
0000 0015 2000 0000 0000 0000#1625390535444916#-64.5#5.129631754689584#1
0000 0022 2000 0000 0000 0000#1625390535445988#-48.0#1.0062913968529805#1
0000 002B 2000 0000 0000 0000#1625390535447312#-57.5#5.608233760509904#1
0000 0026 2000 0000 0000 0000#1625390535448605#-54.0#6.252505691421874#1
0000 001E 2000 0000 0000 0000#1625390535449889#-51.5#1.0062913968529805#1
0000 0029 2000 0000 0000 0000#1625390535451413#-53.5#5.037592907416445#1
0000 0025 2000 0000 0000 0000#1625390535452708#-54.5#0.11658253987930872#1
0000 001F 2000 0000 0000 0000#1625390535453825#-54.5#0.7915340865489908#1
0000 001C 2000 0000 0000 0000#1625390535456465#-67.0#1.1719613219446299#1
0000 0014 2000 0000 0000 0000#1625390535457577#-69.5#2.5464081078901644#1
0000 0023 2000 0000 0000 0000#1625390535458633#-56.0#0.3988350048502667#1
0000 002C 2000 0000 0000 0000#1625390535460584#-55.0#2.5280003384355365#1
0000 0021 2000 0000 0000 0000#1625390535461636#-57.5#0.7301748550335652#1
0000 0024 2000 0000 0000 0000#1625390535463689#-57.5#0.30679615757712825#1
0000 0027 2000 0000 0000 0000#1625390535465009#-56.5#0.0674951546669682#1
0000 0020 2000 0000 0000 0000#1625390535466914#-58.0#0.7915340865489908#1
0C21 0537 8123 1003 2202 062F#1625390535468852#-65.0#4.994641445355648#1
0000 001D 2000 0000 0000 0000#1625390535470837#-65.0#3.749049045592507#1
0000 002A 2000 0000 0000 0000#1625390535472152#-57.0#5.3198453723874035#1
0000 0028 2000 0000 0000 0000#1625390535473207#-58.5#5.706408530934585#1
0000 001B 2000 0000 0000 0000#1625390535737982#-67.5#5.884350302329319#1
0000 001F 2000 0000 0000 0000#1625390535739053#-60.0#1.0921943209745766#1
0000 0026 2000 0000 0000 0000#1625390535740786#-55.0#6.007068765360171#1
0000 0015 2000 0000 0000 0000#1625390535741885#-67.0#0.09203884727313846#1
0C21 0537 8123 1003 2202 062F#1625390535742953#-64.0#6.258641614573416#1
0000 002C 2000 0000 0000 0000#1625390535744758#-56.0#2.9329712664373457#1
0000 0028 2000 0000 0000 0000#1625390535746763#-59.5#5.5284667595398505#1
0000 0014 2000 0000 0000 0000#1625390535748543#-70.5#2.82252464970958#1
0000 0029 2000 0000 0000 0000#1625390535750104#-54.0#4.945554060143307#1
0000 002A 2000 0000 0000 0000#1625390535751180#-56.5#5.246214294568893#1
0000 002B 2000 0000 0000 0000#1625390535761557#-57.0#5.246214294568893#1
0000 001E 2000 0000 0000 0000#1625390535762942#-57.5#1.4848934026733007#1
0000 001C 2000 0000 0000 0000#1625390535764282#-67.0#1.662835174068035#1
0000 0024 2000 0000 0000 0000#1625390535765378#-60.5#6.12365130523948#1
0000 0025 2000 0000 0000 0000#1625390535766702#-57.0#6.025476534814799#1
0000 0022 2000 0000 0000 0000#1625390535768287#-55.0#1.043106935762236#1
0000 0027 2000 0000 0000 0000#1625390535770319#-57.5#5.921165841238575#1
0000 0023 2000 0000 0000 0000#1625390535772008#-60.5#0.07976700097005335#1
0000 001D 2000 0000 0000 0000#1625390535774781#-65.5#4.049709280018092#1
0000 0025 2000 0000 0000 0000#1625390535778178#-57.0#5.957981380147831#1
0000 002A 2000 0000 0000 0000#1625390535779525#-56.5#5.056000676871073#1
0000 001D 2000 0000 0000 0000#1625390535780586#-64.5#4.006757817957295#1
0000 0023 2000 0000 0000 0000#1625390535781942#-60.5#6.270913460876501#1
0000 002B 2000 0000 0000 0000#1625390535783520#-56.5#5.221670601962723#1
0000 001B 2000 0000 0000 0000#1625390535784589#-68.0#5.436427912266712#1
0000 0026 2000 0000 0000 0000#1625390535786393#-55.0#5.743224069843841#1
0000 0024 2000 0000 0000 0000#1625390535787456#-60.5#6.037748381117884#1
0000 0029 2000 0000 0000 0000#1625390535789290#-55.0#4.718524903536232#1
0C21 0537 8123 1003 2202 062F#1625390535790917#-63.5#5.816855147662351#1
0000 002C 2000 0000 0000 0000#1625390535792883#-55.5#2.791845033951867#1
0000 001E 2000 0000 0000 0000#1625390535794209#-58.5#1.5462526341887264#1
0000 0028 2000 0000 0000 0000#1625390535796484#-59.0#5.313709449235861#1
0000 001C 2000 0000 0000 0000#1625390535799328#-66.0#1.5892040962495242#1
0000 0014 2000 0000 0000 0000#1625390535801954#-69.5#2.6445828783148455#1
0000 0015 2000 0000 0000 0000#1625390535803017#-67.0#5.675728915176872#1
0000 0027 2000 0000 0000 0000#1625390535804597#-57.5#5.835262917116979#1
0000 001F 2000 0000 0000 0000#1625390535809660#-61.0#0.9878836273983529#1
0000 0022 2000 0000 0000 0000#1625390535810745#-56.5#0.9817477042468103#1
0000 0027 2000 0000 0000 0000#1625390536073336#-57.5#5.5714182216006485#1
0000 002B 2000 0000 0000 0000#1625390536076232#-57.0#5.043728830567988#1
0000 002A 2000 0000 0000 0000#1625390536077622#-57.0#4.884194828627882#1
0000 001C 2000 0000 0000 0000#1625390536078665#-66.0#2.2948352586769194#1
0000 0028 2000 0000 0000 0000#1625390536080011#-59.0#5.0253210611133605#1
0000 0029 2000 0000 0000 0000#1625390536081576#-55.0#4.552854978444583#1
0000 0026 2000 0000 0000 0000#1625390536082642#-55.5#5.411884219660542#1
0C21 0537 8123 1003 2202 062F#1625390536084075#-65.0#0.21475731030398976#1
0000 0023 2000 0000 0000 0000#1625390536085144#-61.5#5.829126993965437#1
0000 001E 2000 0000 0000 0000#1625390536086200#-62.5#1.9082721001297376#1
0000 0024 2000 0000 0000 0000#1625390536088490#-61.0#5.546874528994478#1
0000 0025 2000 0000 0000 0000#1625390536089559#-58.0#5.559146375297564#1
0000 0015 2000 0000 0000 0000#1625390536091405#-65.0#6.062292073724054#1
0000 002C 2000 0000 0000 0000#1625390536092486#-56.0#2.7550294950426117#1
0000 001D 2000 0000 0000 0000#1625390536093717#-64.5#4.675573441475434#1
0000 001B 2000 0000 0000 0000#1625390536096692#-68.0#6.178874613603362#1
0000 0014 2000 0000 0000 0000#1625390536097761#-69.0#3.485204350076177#1
0000 001E 2000 0000 0000 0000#1625390536101628#-62.5#1.9941750242513334#1
0000 002B 2000 0000 0000 0000#1625390536103477#-57.0#5.006913291658733#1
0000 002C 2000 0000 0000 0000#1625390536105113#-56.5#2.767301341345697#1
0000 0029 2000 0000 0000 0000#1625390536106181#-55.0#4.503767593232243#1
0000 0024 2000 0000 0000 0000#1625390536107276#-61.0#5.540738605842936#1
0000 0025 2000 0000 0000 0000#1625390536108600#-58.0#5.516194913236766#1
0000 0014 2000 0000 0000 0000#1625390536109693#-68.0#3.3195344249845276#1
0C21 0537 8123 1003 2202 062F#1625390536110753#-65.0#0.2638446955163303#1
0000 0027 2000 0000 0000 0000#1625390536111831#-57.5#5.5284667595398505#1
0000 001D 2000 0000 0000 0000#1625390536113131#-64.5#4.657165672020807#1
0000 001C 2000 0000 0000 0000#1625390536114221#-66.0#2.2886993355253766#1
0000 0023 2000 0000 0000 0000#1625390536115277#-61.5#5.71868037723767#1
0000 001B 2000 0000 0000 0000#1625390536116272#-68.0#6.007068765360171#1
0000 0028 2000 0000 0000 0000#1625390536117308#-59.5#5.00077736850719#1
0000 0026 2000 0000 0000 0000#1625390536118343#-55.5#5.313709449235861#1
0000 002A 2000 0000 0000 0000#1625390536119377#-57.5#4.822835597112456#1
0000 0015 2000 0000 0000 0000#1625390536120836#-66.0#5.982525072754001#1
0000 001E 2000 0000 0000 0000#1625390536385958#-63.0#1.3744467859455345#1
0000 0028 2000 0000 0000 0000#1625390536387236#-61.5#4.006757817957295#1
0000 001C 2000 0000 0000 0000#1625390536388595#-64.5#2.024854640009046#1
0000 0027 2000 0000 0000 0000#1625390536390165#-58.5#4.651029748869264#1
0000 0029 2000 0000 0000 0000#1625390536391445#-56.5#3.3747577333484107#1
0000 0023 2000 0000 0000 0000#1625390536394474#-63.0#4.503767593232243#1
0000 002C 2000 0000 0000 0000#1625390536395581#-57.0#1.8100973297050567#1
0C21 0537 8123 1003 2202 062F#1625390536396651#-65.5#5.307573526084319#1
0000 0014 2000 0000 0000 0000#1625390536398461#-66.5#2.84706834231575#1
0000 002B 2000 0000 0000 0000#1625390536399541#-60.0#3.834951969714103#1
0000 0026 2000 0000 0000 0000#1625390536400849#-56.5#4.25833066717054#1
0000 001D 2000 0000 0000 0000#1625390536403272#-63.5#4.129476280988146#1
0000 0024 2000 0000 0000 0000#1625390536404936#-61.5#4.270602513473625#1
0000 002A 2000 0000 0000 0000#1625390536406226#-59.0#3.6815538909255388#1
0000 0025 2000 0000 0000 0000#1625390536408242#-59.0#4.331961744989051#1
0000 001B 2000 0000 0000 0000#1625390536410329#-67.0#6.0991076126333095#1
0000 0015 2000 0000 0000 0000#1625390536412229#-63.5#5.3627968344482015#1
0000 0026 2000 0000 0000 0000#1625390536415972#-56.5#4.221515128261284#1
0C21 0537 8123 1003 2202 062F#1625390536417530#-65.0#5.0682725231741586#1
0000 0027 2000 0000 0000 0000#1625390536418820#-58.5#4.3933209765044765#1
0000 0029 2000 0000 0000 0000#1625390536420116#-57.0#3.32567034813607#1
0000 0024 2000 0000 0000 0000#1625390536421182#-62.0#4.184699589352029#1
0000 002A 2000 0000 0000 0000#1625390536422999#-59.5#3.6324665057131984#1
0000 002C 2000 0000 0000 0000#1625390536425574#-57.0#1.662835174068035#1
0000 0025 2000 0000 0000 0000#1625390536427096#-59.0#4.3503695144436785#1
0000 001D 2000 0000 0000 0000#1625390536428370#-63.5#4.154019973594316#1
0000 001B 2000 0000 0000 0000#1625390536429492#-67.0#5.939573610693203#1
0000 0028 2000 0000 0000 0000#1625390536432703#-61.5#3.933126740138784#1
0000 0015 2000 0000 0000 0000#1625390536433798#-64.0#5.387340527054372#1
0000 0014 2000 0000 0000 0000#1625390536434849#-67.5#2.859340188618835#1
0000 002B 2000 0000 0000 0000#1625390536437378#-60.0#3.6263305825616556#1
0000 0023 2000 0000 0000 0000#1625390536438630#-64.0#4.417864669110647#1
0000 001C 2000 0000 0000 0000#1625390536440812#-63.5#2.098485717827557#1
0000 001E 2000 0000 0000 0000#1625390536442209#-62.5#1.282407938672396#1
0000 002A 2000 0000 0000 0000#1625390536708309#-59.0#2.380738182798515#1
0000 0026 2000 0000 0000 0000#1625390536709390#-57.5#3.08636934522591#1
0000 001C 2000 0000 0000 0000#1625390536710708#-63.5#1.8285050991596843#1
0000 002B 2000 0000 0000 0000#1625390536711788#-59.5#2.4605051837685683#1
0000 002C 2000 0000 0000 0000#1625390536712852#-57.5#0.9940195505498954#1
0000 0015 2000 0000 0000 0000#1625390536713917#-64.0#5.3198453723874035#1
0000 0029 2000 0000 0000 0000#1625390536715199#-56.0#2.12916533358527#1
0000 0024 2000 0000 0000 0000#1625390536716463#-62.5#3.074097498922825#1
0000 0025 2000 0000 0000 0000#1625390536717816#-59.5#3.215223731408304#1
0000 0027 2000 0000 0000 0000#1625390536718909#-59.0#3.1661363461959633#1
0000 001E 2000 0000 0000 0000#1625390536719978#-61.5#0.6872233929727672#1
0000 0028 2000 0000 0000 0000#1625390536721059#-61.0#2.7120780329818137#1
0C21 0537 8123 1003 2202 062F#1625390536722273#-64.5#4.970097752749477#1
0000 001D 2000 0000 0000 0000#1625390536725527#-64.5#3.9269908169872414#1
0000 001B 2000 0000 0000 0000#1625390536727251#-66.5#5.872078456026235#1
0000 0029 2000 0000 0000 0000#1625390536731282#-56.0#2.1046216409791#1
0000 0024 2000 0000 0000 0000#1625390536733478#-62.5#3.018874190558942#1
0000 0026 2000 0000 0000 0000#1625390536736187#-57.5#2.9575149590435164#1
0000 001C 2000 0000 0000 0000#1625390536737344#-63.5#1.9512235621905356#1
0000 002B 2000 0000 0000 0000#1625390536739477#-60.0#2.337786720737717#1
0000 0027 2000 0000 0000 0000#1625390536740975#-58.5#3.0925052683774528#1
0000 002A 2000 0000 0000 0000#1625390536741968#-59.5#2.2212041808584084#1
0000 002C 2000 0000 0000 0000#1625390536745998#-58.0#0.944932165337555#1
0000 0028 2000 0000 0000 0000#1625390536747520#-61.5#2.6016314162540475#1
0000 001B 2000 0000 0000 0000#1625390536749087#-65.5#6.12365130523948#1
0000 0025 2000 0000 0000 0000#1625390536750158#-59.0#3.117048960983623#1
0000 001E 2000 0000 0000 0000#1625390536751355#-61.5#0.5460971604872883#1
0000 0014 2000 0000 0000 0000#1625390536752378#-65.5#2.650718801466388#1
0000 0015 2000 0000 0000 0000#1625390536753459#-64.5#5.325981295538946#1
0000 001D 2000 0000 0000 0000#1625390536754490#-63.5#3.9944859716542096#1
0C21 0537 8123 1003 2202 062F#1625390536755915#-66.0#4.92714629068868#1
0000 0028 2000 0000 0000 0000#1625390537018519#-59.5#1.8653206380689396#1
0000 0014 2000 0000 0000 0000#1625390537019616#-67.5#3.3440781175906977#1
0000 002B 2000 0000 0000 0000#1625390537021494#-58.0#1.662835174068035#1
0000 0025 2000 0000 0000 0000#1625390537022521#-58.0#2.282563412373834#1
0000 0024 2000 0000 0000 0000#1625390537024334#-61.0#2.172116795646068#1
0000 0026 2000 0000 0000 0000#1625390537027000#-56.5#2.0800779483729293#1
0000 0015 2000 0000 0000 0000#1625390537028125#-65.5#5.7616318392984684#1
0000 002A 2000 0000 0000 0000#1625390537029477#-57.5#1.5462526341887264#1
0000 0029 2000 0000 0000 0000#1625390537030545#-55.0#1.4051264017032472#1
0000 0027 2000 0000 0000 0000#1625390537032111#-58.0#2.116893487282185#1
0000 002C 2000 0000 0000 0000#1625390537034286#-61.0#0.7363107781851077#1
0000 0023 2000 0000 0000 0000#1625390537036469#-63.0#2.270291566070749#1
0000 001D 2000 0000 0000 0000#1625390537038147#-63.5#4.473087977474529#1
0000 001B 2000 0000 0000 0000#1625390537039457#-65.5#6.277049384028044#1
0000 001E 2000 0000 0000 0000#1625390537040667#-62.5#0.6994952392758523#1
0C21 0537 8123 1003 2202 062F#1625390537044200#-66.0#5.651185222570702#1
0000 001C 2000 0000 0000 0000#1625390537045270#-63.5#2.313243028131547#1
0000 002B 2000 0000 0000 0000#1625390537049002#-58.0#1.552388557340269#1
0000 002A 2000 0000 0000 0000#1625390537050295#-58.0#1.4910293258248433#1
0000 0027 2000 0000 0000 0000#1625390537051330#-57.5#2.098485717827557#1
0000 002C 2000 0000 0000 0000#1625390537052878#-61.0#0.6688156235181395#1
0000 0026 2000 0000 0000 0000#1625390537056500#-56.0#1.9634954084936207#1
0000 0029 2000 0000 0000 0000#1625390537057581#-55.0#1.3314953238847365#1
0000 001B 2000 0000 0000 0000#1625390537058606#-66.5#0.02454369260617026#1
0000 0025 2000 0000 0000 0000#1625390537059672#-58.0#2.184388641949153#1
0000 001E 2000 0000 0000 0000#1625390537060757#-62.5#0.5829126993965437#1
0000 0015 2000 0000 0000 0000#1625390537061852#-65.0#5.780039608753096#1
0000 001D 2000 0000 0000 0000#1625390537063126#-63.5#4.442408361716817#1
0000 0028 2000 0000 0000 0000#1625390537064219#-59.5#1.6996507129772904#1
0C21 0537 8123 1003 2202 062F#1625390537065261#-65.5#5.724816300389213#1
0000 0024 2000 0000 0000 0000#1625390537067252#-60.0#2.0064468705544187#1
0000 0023 2000 0000 0000 0000#1625390537069161#-62.5#2.282563412373834#1
0000 001C 2000 0000 0000 0000#1625390537070680#-64.5#2.3439226438892597#1
0000 0014 2000 0000 0000 0000#1625390537072005#-67.0#3.2397674240144743#1
0000 0024 2000 0000 0000 0000#1625390537337958#-60.0#1.6444274046134073#1
0000 001C 2000 0000 0000 0000#1625390537339257#-64.0#2.9206994201342606#1
0000 0025 2000 0000 0000 0000#1625390537340313#-57.0#1.8285050991596843#1
0000 0028 2000 0000 0000 0000#1625390537341407#-58.5#1.3744467859455345#1
0000 0015 2000 0000 0000 0000#1625390537342945#-66.0#6.258641614573416#1
0000 001D 2000 0000 0000 0000#1625390537344261#-64.0#4.878058905476339#1
0000 001B 2000 0000 0000 0000#1625390537345882#-67.5#0.5460971604872883#1
0000 0026 2000 0000 0000 0000#1625390537348187#-55.5#1.564660403643354#1
0000 002C 2000 0000 0000 0000#1625390537349267#-67.0#5.927301764390117#1
0000 0029 2000 0000 0000 0000#1625390537350591#-55.0#1.0492428589137786#1
0000 002A 2000 0000 0000 0000#1625390537351680#-57.0#1.1535535524900022#1
0000 0014 2000 0000 0000 0000#1625390537353050#-68.5#3.724505352986337#1
0000 0023 2000 0000 0000 0000#1625390537355820#-61.5#1.8285050991596843#1
0000 002B 2000 0000 0000 0000#1625390537357784#-57.0#1.214912784005428#1
0000 0027 2000 0000 0000 0000#1625390537359447#-57.0#1.6996507129772904#1
0C21 0537 8123 1003 2202 062F#1625390537360521#-65.0#6.252505691421874#1
0000 0023 2000 0000 0000 0000#1625390537365235#-61.5#1.8530487917658545#1
0000 002B 2000 0000 0000 0000#1625390537367525#-57.0#1.1965050145508#1
0000 0026 2000 0000 0000 0000#1625390537369084#-56.0#1.576932249946439#1
0000 001D 2000 0000 0000 0000#1625390537370134#-64.5#4.871922982324796#1
0000 0024 2000 0000 0000 0000#1625390537373530#-60.0#1.6382914814618648#1
0000 0028 2000 0000 0000 0000#1625390537374610#-58.5#1.325359400733194#1
0000 0015 2000 0000 0000 0000#1625390537375704#-66.0#6.234097921967246#1
0000 0029 2000 0000 0000 0000#1625390537377029#-55.0#0.9940195505498954#1
0000 0014 2000 0000 0000 0000#1625390537378327#-68.0#3.650874275167826#1
0000 0027 2000 0000 0000 0000#1625390537380371#-57.0#1.6382914814618648#1
0000 0025 2000 0000 0000 0000#1625390537382801#-57.0#1.8039614065535141#1
0C21 0537 8123 1003 2202 062F#1625390537383871#-64.5#0.07976700097005335#1
0000 002A 2000 0000 0000 0000#1625390537386260#-57.0#1.1535535524900022#1
0000 001C 2000 0000 0000 0000#1625390537389900#-65.0#2.9329712664373457#1
